1 1 1 0 1 0 1 1 0 0 1 0 0 1 1 1 0 0 0 1 1 0 0 0 0 0 1 0 0 1 1 1 0 1 1 1 0 1 0 1 0 0 1 1 1 0 1 0 1 1 1 0 0 1 0 1 0 1 1 0 0 1 1 0 1 0 0 1 0 0 1 1 0 1 1 1 1 1 1 0 0 1 0 1 0 0 1 0 0 0 1 0 0 1 1 1 0 0 0 1 27572.0 24786.0 0 2000000000000000.0
1 1 1 0 1 0 1 1 0 0 1 0 0 1 1 1 0 0 0 1 1 0 0 0 0 0 1 0 0 1 1 1 0 1 1 1 0 1 0 1 0 0 1 1 0 1 1 1 0 1 0 0 0 0 0 0 0 0 1 1 1 0 1 0 0 0 1 1 1 1 1 0 0 1 1 0 1 1 1 0 1 0 1 1 0 0 1 0 0 0 0 0 1 1 1 0 0 1 1 1 28153.0 24343.0 0 1.9999999999998308
1 1 1 1 1 0 1 1 0 0 1 0 0 1 1 0 0 1 1 0 1 0 0 0 0 1 1 1 0 1 1 1 0 0 0 1 0 0 0 0 1 1 1 1 1 1 0 0 0 1 0 0 0 0 0 0 0 0 1 1 0 0 1 1 0 1 1 0 0 1 0 0 0 0 1 0 1 0 1 0 0 1 1 1 1 1 1 0 1 1 0 1 1 1 0 0 0 1 1 1 28422.0 22955.0 0 2000000000000000.0
1 1 1 0 1 0 1 1 0 0 1 0 0 1 1 1 0 0 0 1 1 0 0 0 0 0 1 0 0 1 1 1 0 1 1 1 0 1 0 1 0 0 1 1 0 1 0 1 0 1 0 1 0 0 0 0 0 1 1 0 0 1 1 0 1 0 0 1 0 0 1 1 0 1 1 1 1 1 1 0 0 1 0 1 0 0 1 0 0 0 1 0 0 1 1 1 0 0 0 1 25967.0 24193.0 1 2000000000000000.0
0 1 1 0 0 0 1 0 1 0 1 1 1 1 0 1 0 0 0 1 1 0 1 0 0 0 1 1 0 1 1 1 0 1 0 0 0 0 1 0 1 1 0 0 0 1 0 1 1 0 0 0 0 1 0 1 0 1 1 0 0 1 1 0 0 0 0 1 0 0 1 1 0 1 1 1 1 1 1 0 0 1 0 1 0 0 1 0 0 0 1 0 0 1 1 1 1 0 0 1 26160.0 24004.0 1 0.5619515072095441
0 1 0 0 1 0 0 1 0 0 0 0 1 1 0 1 0 1 0 1 0 0 1 0 1 0 0 1 1 1 0 1 1 0 1 0 0 0 0 1 0 1 0 0 0 0 0 0 1 1 0 0 0 0 0 0 0 0 1 1 1 0 1 0 0 0 1 1 1 1 1 0 0 1 1 0 1 1 1 0 1 0 1 1 0 0 1 0 0 0 0 0 1 1 1 0 0 1 1 1 26172.0 22657.0 1 0.6637373383371737
1 1 1 0 1 0 1 1 1 0 1 0 0 1 1 0 0 1 1 0 1 0 0 0 0 1 1 1 0 1 1 1 0 1 1 1 0 1 0 1 0 0 1 1 0 1 1 1 0 1 0 0 0 0 0 0 0 0 0 1 0 0 0 0 0 0 0 1 0 0 1 1 0 1 1 1 1 1 1 0 1 1 0 1 0 0 0 0 1 0 0 1 1 1 1 0 0 0 0 0 26639.0 22585.0 1 0.4095717584604361
1 0 1 0 1 0 1 1 0 0 1 0 0 1 1 1 0 0 0 1 1 0 0 0 1 0 0 0 1 1 1 1 1 1 1 1 0 0 0 0 0 1 1 1 0 1 0 1 0 1 0 0 0 0 0 0 0 0 0 0 1 1 0 0 0 1 1 1 1 1 0 0 1 0 1 1 1 0 1 0 1 1 0 0 0 0 0 0 0 0 0 1 1 1 0 1 0 1 1 0 26785.0 22311.0 1 1.0891804125050755
0 1 0 0 1 0 0 1 0 1 1 1 1 0 0 1 0 0 0 1 1 0 1 0 0 0 1 1 0 1 1 1 0 1 0 1 0 0 0 1 0 1 0 0 0 0 0 0 1 1 0 0 0 0 0 0 0 0 1 1 1 0 1 0 0 0 1 1 1 1 0 0 1 0 1 1 1 0 1 0 1 1 0 0 0 0 0 0 0 0 0 1 1 1 0 1 0 1 1 0 27936.0 21109.0 1 1.0284767343299412
1 1 1 0 1 0 1 1 0 0 1 0 0 1 1 1 0 1 0 1 1 0 1 0 1 0 1 0 0 0 0 1 0 1 0 1 0 0 0 1 0 1 0 0 0 0 0 0 1 1 0 0 0 0 0 0 0 0 1 1 1 0 1 0 0 0 1 1 1 0 0 0 1 0 1 1 1 0 1 0 1 1 0 0 0 0 0 0 0 0 0 1 1 1 0 1 0 1 1 0 27970.0 20851.0 1 2000000000000000.0
0 1 0 0 1 0 0 1 0 1 1 1 1 1 0 1 0 0 0 1 1 0 1 0 0 0 1 1 0 1 1 1 0 1 0 0 0 0 1 0 1 1 0 0 1 1 0 1 1 0 0 0 0 0 0 0 1 0 0 0 0 1 1 0 1 0 0 1 0 0 1 1 0 1 1 1 1 1 1 0 0 1 0 1 0 0 1 0 0 0 1 0 0 1 1 1 1 0 0 1 25644.0 24082.0 2 2000000000000000.0
1 1 1 0 1 0 1 1 1 0 1 0 0 1 1 0 0 1 0 1 1 0 0 0 0 0 1 0 0 1 1 1 0 1 1 1 0 1 0 1 0 0 1 1 0 1 0 1 0 1 0 1 0 0 0 0 0 0 0 1 0 0 0 0 0 0 0 1 0 0 1 1 0 1 1 1 1 1 1 0 1 1 0 1 0 0 0 0 1 0 0 1 1 1 1 0 0 0 0 0 25854.0 22664.0 2 0.9143871983999785
1 1 1 0 1 0 1 1 0 0 1 0 0 1 1 0 0 1 1 0 1 0 0 0 0 1 1 1 0 1 1 1 0 0 0 1 0 0 0 1 1 1 1 1 1 1 0 0 0 1 0 0 1 0 1 1 0 0 1 1 0 0 1 0 1 1 1 1 0 1 0 0 1 0 0 1 0 0 0 0 1 1 0 0 1 1 1 0 1 0 0 0 1 0 1 0 1 1 0 0 26386.0 22558.0 2 0.5677395137822345
1 1 1 0 1 0 1 1 0 0 1 0 0 1 1 1 0 0 0 1 1 0 0 0 0 0 1 0 0 1 1 1 0 1 1 1 0 1 0 1 0 0 1 1 0 1 1 1 0 1 0 0 0 0 0 0 0 0 0 1 0 0 0 0 0 0 0 1 0 0 1 1 0 1 1 1 1 1 1 0 1 1 0 1 0 0 0 0 1 0 0 1 1 1 0 0 0 1 1 1 26506.0 22153.0 2 0.7510667262528667
1 1 1 0 1 0 1 1 0 0 1 0 0 1 1 1 0 1 0 1 1 0 0 0 0 0 1 0 0 1 1 1 1 1 0 0 0 0 1 0 0 0 1 0 0 0 1 1 1 1 1 0 1 0 1 0 0 0 0 1 1 0 1 1 0 0 0 0 1 1 0 0 1 0 0 1 1 0 0 0 1 1 1 0 0 1 0 0 1 0 1 0 0 1 0 1 1 0 0 0 26762.0 20775.0 2 0.8926065140727814
0 1 0 0 1 0 0 1 0 1 1 1 1 1 0 1 0 0 0 1 1 0 1 0 0 0 1 1 0 1 1 1 0 1 0 0 0 0 1 0 1 1 0 0 0 1 0 1 1 0 0 0 0 0 0 0 1 0 0 0 0 1 1 1 0 0 0 1 0 1 1 0 0 0 1 1 1 0 0 0 1 0 1 0 0 1 0 1 1 0 1 1 1 1 0 1 0 1 1 0 27188.0 20569.0 2 2000000000000000.0
1 1 1 0 1 1 1 1 0 0 1 0 0 1 1 1 0 1 0 1 1 0 0 0 1 0 1 1 0 1 1 0 0 1 1 1 0 1 0 1 0 0 1 1 0 1 1 1 0 1 1 0 0 0 0 0 0 0 1 0 0 0 1 1 0 1 0 0 0 0 1 0 0 1 1 0 1 1 1 0 0 0 1 1 0 0 0 0 0 1 0 0 1 1 1 0 0 1 1 1 25319.0 24076.0 3 2000000000000000.0
1 0 0 0 0 0 1 0 0 0 1 1 1 1 0 1 0 0 0 1 1 0 1 0 0 0 1 1 0 1 1 1 0 1 0 0 0 0 1 0 1 1 0 0 0 1 0 1 1 0 0 0 0 1 0 1 0 1 1 0 0 1 1 0 1 0 0 1 0 0 1 1 0 1 1 1 1 1 1 0 0 1 0 1 0 0 1 0 0 0 1 0 0 1 1 1 1 0 0 1 25584.0 23804.0 3 0.5933783064824301
0 1 1 0 1 1 1 1 0 0 1 0 0 1 1 0 0 1 1 0 1 0 0 0 0 1 1 1 0 1 0 1 0 0 0 0 1 0 0 0 0 1 1 1 0 1 1 1 0 1 0 0 0 0 0 0 0 0 0 1 0 0 0 0 1 0 0 1 0 0 1 1 0 1 1 1 1 1 1 0 1 1 0 1 0 0 1 0 0 0 1 0 0 1 1 1 0 0 0 1 25737.0 22641.0 3 0.5098329925016863
0 1 0 0 1 0 0 1 0 0 0 0 1 1 0 1 0 1 0 1 0 0 1 0 1 0 0 1 1 1 0 1 1 0 1 0 0 0 0 1 0 1 0 0 0 0 0 0 1 1 0 0 0 0 0 0 0 0 1 1 1 0 1 0 0 0 1 1 1 1 1 0 0 1 1 0 1 1 1 0 1 0 1 1 0 0 1 0 0 0 0 0 1 1 0 1 0 0 1 0 25912.0 22505.0 3 0.3408166658353542
0 1 1 0 1 0 0 1 0 0 1 1 1 1 1 0 1 1 0 0 0 0 0 1 0 1 1 0 1 1 1 0 0 1 1 1 0 1 0 1 0 0 1 1 0 1 1 1 1 1 0 0 0 0 0 0 0 0 0 1 0 0 0 0 1 0 0 1 0 0 1 1 0 1 1 1 1 1 1 0 0 1 0 1 0 0 1 0 0 0 0 1 1 1 0 0 0 1 1 0 26213.0 22317.0 3 0.694793173391834
1 1 1 0 1 0 1 1 0 0 1 0 0 1 1 0 0 1 1 0 1 0 0 0 0 1 1 1 0 1 0 1 0 0 0 0 1 0 0 0 0 1 0 0 1 1 0 1 1 0 0 1 0 0 0 0 0 0 1 1 0 0 0 0 0 0 0 1 0 1 1 0 0 1 0 1 0 1 0 0 1 1 0 1 0 1 1 0 1 1 0 0 1 0 0 0 0 1 1 1 26253.0 20510.0 3 0.6610732871132189
1 1 1 0 1 0 1 1 0 0 0 0 0 1 1 0 0 1 1 0 1 0 0 0 0 1 1 1 0 1 1 1 0 1 0 0 0 1 1 0 1 1 0 0 0 1 0 1 1 0 0 0 0 0 0 0 0 0 0 1 1 0 1 1 0 1 0 0 0 0 1 0 0 1 1 0 1 1 1 0 0 0 1 1 0 0 1 0 0 0 0 1 1 1 0 1 0 1 1 0 26455.0 20244.0 3 0.5822127454403093
1 1 1 0 1 0 1 1 0 0 1 0 0 1 1 0 0 1 0 0 1 0 0 0 0 1 1 1 1 1 0 0 0 0 0 1 0 0 0 0 0 0 0 0 1 1 0 1 1 1 0 0 0 1 0 0 1 1 1 1 1 0 1 0 1 0 0 1 0 0 0 1 0 0 0 1 1 0 0 1 1 1 0 0 0 0 0 0 0 0 0 1 1 1 0 1 0 1 1 0 27164.0 20164.0 3 2000000000000000.0
0 0 0 0 0 0 1 1 0 0 1 1 1 1 0 1 0 0 0 1 1 0 1 0 0 0 1 1 0 1 1 1 0 1 0 0 0 0 1 0 1 1 0 0 0 1 0 1 1 0 0 0 0 1 0 1 0 1 1 0 0 1 1 0 1 0 0 0 0 0 1 1 0 1 1 1 1 1 1 0 0 1 0 1 0 0 1 0 0 0 1 0 0 1 1 1 1 0 0 1 25298.0 24068.0 4 2000000000000000.0
0 0 0 1 0 0 1 0 0 1 0 0 0 1 0 1 0 1 1 0 0 0 1 1 0 1 0 0 1 0 0 1 0 0 0 1 0 1 0 0 1 1 1 1 1 1 0 0 0 1 0 0 0 1 0 0 0 0 1 1 0 0 1 1 0 1 1 0 0 1 0 0 1 0 1 0 1 1 1 0 0 1 1 1 1 1 1 0 1 1 0 1 1 1 0 0 0 1 1 1 25316.0 22516.0 4 0.721725829951349
1 1 1 0 1 0 0 1 0 0 1 0 0 1 1 0 1 1 1 0 0 0 1 1 0 1 0 0 1 0 0 1 0 0 0 1 0 1 0 0 1 1 1 1 1 1 0 0 0 1 0 0 0 0 0 0 0 0 1 1 0 0 1 1 0 1 1 0 0 1 0 0 0 0 1 0 1 1 1 0 0 1 1 1 1 1 1 0 1 1 0 1 1 1 0 0 0 1 1 1 25850.0 22384.0 4 0.47839753931345996
0 1 1 0 1 0 0 1 0 0 1 1 1 1 1 0 1 1 0 0 0 0 0 1 0 0 1 0 0 1 1 0 0 1 1 1 0 0 1 0 1 1 0 0 1 1 0 1 0 1 1 0 0 0 0 0 0 0 1 1 0 0 1 1 0 1 1 0 0 1 0 0 0 0 1 0 1 1 1 0 0 1 1 1 1 1 1 0 1 1 0 0 1 0 0 0 0 1 1 1 25989.0 22228.0 4 1.0420214696014354
1 1 1 0 1 0 1 1 0 0 1 0 0 1 1 1 0 1 0 1 1 0 1 0 1 0 0 0 0 0 0 1 0 1 0 1 0 0 0 1 0 1 0 0 0 0 0 0 1 1 0 0 0 0 0 0 0 0 1 1 1 0 1 0 0 0 1 1 1 0 0 0 1 0 1 1 1 0 1 0 1 1 0 0 0 0 0 0 0 0 0 1 1 0 0 1 0 1 1 1 26689.0 20066.0 4 1.1575112902414992
0 0 0 0 0 0 1 0 0 0 1 1 1 1 0 1 0 0 0 1 1 0 0 0 0 0 1 0 0 1 1 1 0 1 1 1 0 0 0 1 0 1 0 0 0 0 0 0 1 1 0 0 1 0 0 0 0 0 1 1 1 0 1 0 0 0 1 1 1 1 0 0 1 0 1 1 1 0 1 0 1 1 0 0 0 0 0 0 0 0 0 1 1 1 0 1 0 1 1 0 26928.0 19672.0 4 2000000000000000.0
0 1 0 0 1 0 0 1 0 1 1 1 1 1 1 1 0 0 0 1 1 0 1 1 0 1 0 0 1 0 0 1 0 0 0 1 0 1 0 0 1 1 1 1 1 1 0 0 0 1 0 0 0 0 0 0 0 0 1 1 0 0 1 1 0 1 1 0 1 1 0 0 0 0 1 0 1 1 1 0 0 1 1 1 1 1 1 0 1 0 0 1 1 1 1 0 0 0 0 0 25039.0 23567.0 5 2000000000000000.0
1 0 0 0 0 0 1 0 0 0 1 1 1 1 0 1 0 0 1 1 1 0 1 0 0 0 1 1 0 1 1 1 0 1 0 0 0 0 1 0 0 1 0 0 1 1 0 1 1 0 0 1 0 0 0 0 0 0 1 0 0 0 1 0 0 0 0 1 0 1 0 0 0 1 0 1 0 1 0 0 1 1 0 1 0 1 0 0 0 1 0 0 1 1 1 0 1 1 1 1 25053.0 23328.0 5 0.3978297368553762
0 1 1 0 1 1 1 1 0 0 1 0 0 1 1 0 0 1 1 0 1 0 0 0 0 1 1 1 0 1 0 1 0 0 0 0 1 0 0 0 0 1 1 0 1 1 0 1 1 0 0 1 0 0 0 0 0 0 1 0 0 0 1 0 0 0 0 1 0 1 1 0 0 1 0 1 0 1 0 0 1 1 0 1 0 0 1 0 0 0 1 0 0 1 1 1 0 0 0 1 25133.0 22325.0 5 0.5709321204481907
1 1 1 0 0 0 1 0 0 0 1 0 0 0 1 1 0 0 0 1 1 1 1 0 0 0 1 1 0 1 1 1 0 1 0 0 0 0 1 0 1 1 0 0 0 1 0 1 1 0 0 0 0 1 0 1 0 1 1 0 0 1 1 0 1 0 0 1 0 0 1 1 0 1 1 1 1 1 1 0 0 1 0 1 0 0 1 0 0 0 1 0 0 1 1 1 0 0 0 1 25429.0 22264.0 5 0.43294038330944445
1 1 1 0 1 0 1 1 0 0 1 0 0 1 1 0 0 1 1 0 1 0 0 0 0 1 1 1 0 1 1 1 0 0 0 1 0 1 0 1 0 0 1 1 0 1 1 1 0 1 0 0 0 0 0 0 0 0 0 1 0 0 0 0 1 0 0 1 0 0 1 1 0 1 1 1 1 1 1 0 1 1 0 1 0 0 1 0 0 0 1 0 0 1 1 1 0 0 0 1 25655.0 22224.0 5 0.2130846006907826
1 1 1 0 1 0 1 1 0 0 1 0 0 1 1 1 0 0 1 0 1 0 0 0 0 1 1 1 0 1 1 1 0 1 1 1 0 1 0 1 0 0 1 1 0 1 1 1 0 1 0 0 0 0 0 0 0 0 0 1 0 0 0 0 0 0 0 1 0 0 1 1 0 1 1 1 1 1 1 0 1 1 0 1 0 0 0 0 1 0 0 1 1 1 1 0 0 0 0 0 25663.0 22146.0 5 0.5412430606784295
0 1 1 0 1 0 0 1 0 0 1 1 1 1 1 0 0 1 1 0 1 0 0 0 0 1 1 1 0 1 1 1 0 1 0 0 0 1 1 0 1 1 0 0 0 1 0 1 1 0 0 0 0 0 0 0 0 0 0 1 0 0 1 1 0 1 0 0 0 0 1 0 0 1 1 0 1 1 1 0 0 0 1 1 0 0 1 0 0 0 0 1 1 1 0 1 0 1 1 0 25912.0 20919.0 5 0.6342377046376954
1 1 1 0 0 0 1 0 0 0 1 1 1 1 0 1 0 0 0 1 1 0 1 0 0 0 1 1 0 1 1 1 0 1 0 0 0 0 1 0 1 1 0 0 0 1 0 1 1 0 0 0 0 0 0 0 1 0 0 0 0 1 1 1 0 0 0 1 1 1 0 0 0 1 0 1 1 0 0 0 1 1 0 0 0 0 1 0 0 0 0 1 1 1 0 1 0 1 1 0 25930.0 20515.0 5 0.6279868191566477
1 0 0 0 0 0 1 0 0 0 1 1 1 1 0 1 0 0 0 1 1 0 1 0 0 0 1 1 0 1 1 1 1 1 0 0 0 0 1 0 1 1 0 0 0 1 0 1 1 0 0 0 0 1 1 1 0 1 1 0 0 1 1 1 0 0 0 1 0 1 1 0 0 0 1 1 1 0 0 0 1 0 1 0 0 1 0 1 1 0 1 1 1 0 0 1 0 0 1 0 26323.0 19741.0 5 2000000000000000.0
1 1 1 0 1 0 1 1 0 0 1 0 0 1 1 1 0 0 0 1 1 0 0 0 0 0 1 0 0 1 1 1 0 1 1 1 0 1 0 1 0 0 1 1 0 1 1 1 0 1 1 0 0 0 0 0 0 0 1 1 0 0 1 0 0 1 1 0 0 1 0 0 1 0 0 0 1 1 1 0 0 1 1 1 1 1 1 0 1 0 0 0 1 0 0 0 0 1 1 1 24903.0 23254.0 6 2000000000000000.0
1 1 1 0 1 1 1 1 0 0 1 0 0 1 1 0 0 1 1 0 1 0 0 0 0 1 1 1 0 1 0 1 0 0 0 0 1 0 0 0 0 1 0 0 1 1 0 1 1 0 0 1 0 0 0 0 0 0 1 0 0 0 1 0 1 0 0 1 0 1 1 0 0 1 0 1 0 1 0 0 1 1 0 1 0 1 0 0 0 1 0 0 1 1 1 0 1 0 0 0 24920.0 22969.0 6 0.16821598133096297
1 1 1 0 0 0 1 0 0 0 1 1 1 1 0 1 0 0 0 1 1 0 1 0 0 0 1 0 0 1 0 1 0 0 0 1 0 0 0 0 1 1 1 1 1 1 0 0 0 1 0 0 1 1 1 1 0 0 1 1 0 0 1 1 0 1 1 0 0 1 0 0 0 0 1 0 1 1 1 0 0 1 1 1 1 1 1 0 1 1 0 0 1 0 0 0 0 1 1 1 25016.0 22951.0 6 0.5877742013357623
0 1 1 0 1 0 0 1 0 0 1 1 1 1 1 0 1 1 0 0 0 0 0 1 0 0 1 0 0 1 1 0 0 1 1 1 0 0 1 0 1 1 0 0 1 1 0 1 0 1 1 0 0 0 0 0 0 0 1 1 0 0 1 1 0 1 1 0 0 1 0 0 0 0 1 0 1 1 1 0 0 1 1 1 1 1 1 0 1 1 0 0 1 0 0 0 0 1 1 0 25393.0 22201.0 6 0.6231230385450638
0 1 1 0 1 0 0 1 0 0 1 1 1 1 1 0 1 1 0 0 0 0 0 1 0 0 1 0 0 1 1 0 0 0 0 1 0 1 0 0 1 1 1 1 1 1 0 0 0 1 0 0 0 0 0 0 0 0 1 1 0 0 1 1 0 1 1 0 0 1 0 0 0 0 1 0 1 1 1 0 0 1 1 1 1 1 1 0 1 1 0 1 1 1 0 0 0 1 1 1 25489.0 22031.0 6 0.6846761084734515
0 1 1 0 1 0 0 1 0 0 1 1 1 1 1 0 1 1 0 0 0 0 0 1 0 0 1 0 0 1 1 0 0 1 1 1 0 0 1 0 1 0 0 0 1 1 0 1 0 1 1 0 0 0 0 0 0 0 1 1 0 0 1 0 0 1 1 1 0 1 0 0 1 0 0 1 0 0 0 0 1 1 0 0 1 1 1 0 1 0 0 0 1 0 1 1 0 1 1 1 25728.0 20503.0 6 0.7407507845819239
1 1 1 1 1 0 1 1 0 0 1 0 0 1 1 0 0 1 1 0 1 0 0 0 0 1 1 1 0 1 1 1 1 0 1 0 0 0 0 0 0 0 0 0 0 1 0 1 0 1 0 1 1 0 1 0 1 1 0 0 1 0 0 0 0 0 0 1 1 1 0 0 0 1 0 1 1 0 1 0 1 1 0 0 0 0 0 0 0 0 0 1 1 1 0 1 0 1 1 0 25820.0 20077.0 6 0.6465647380702981
0 1 0 0 1 0 0 1 0 0 0 0 1 0 0 0 0 1 0 1 1 0 1 0 1 0 1 0 0 0 0 1 0 1 0 1 0 0 0 1 0 1 0 0 0 0 0 0 1 1 0 0 0 0 0 0 0 0 1 1 1 0 1 0 0 0 1 1 1 1 0 0 1 0 1 1 1 0 1 0 1 1 0 0 0 0 0 0 0 0 0 1 1 1 0 1 0 1 1 0 26059.0 18954.0 6 2000000000000000.0
0 1 1 0 1 0 0 1 0 0 1 1 1 1 1 1 1 1 0 0 0 0 0 1 0 0 1 0 0 1 1 0 0 1 1 1 0 1 0 1 0 0 1 1 0 1 1 1 0 1 0 0 0 0 0 1 0 1 0 0 0 1 1 1 0 1 0 0 0 0 1 0 0 1 1 0 1 1 1 0 1 0 1 1 0 0 1 0 0 0 0 0 1 1 1 0 0 1 1 1 24471.0 22888.0 7 2000000000000000.0
0 1 0 0 1 0 0 1 0 0 0 0 1 0 0 0 0 1 0 1 1 0 1 0 1 0 1 0 0 0 0 1 0 1 0 1 0 0 0 1 0 1 0 0 1 0 1 0 1 1 1 0 0 1 0 1 0 1 1 0 0 1 1 0 1 0 0 1 0 0 1 1 0 1 1 1 1 1 1 0 0 1 0 1 0 0 1 0 0 0 1 0 0 1 1 1 0 0 0 1 25006.0 22398.0 7 0.5877880184331454
1 1 1 0 1 0 1 1 0 0 1 0 0 1 1 0 0 1 1 0 1 0 0 0 0 1 1 1 0 1 1 1 0 0 0 1 0 1 0 1 0 0 1 1 0 1 1 1 0 1 0 0 0 0 0 0 0 0 0 1 0 0 0 0 1 0 0 1 0 0 1 1 0 1 1 1 1 1 1 0 1 1 0 1 0 0 1 0 0 0 1 0 0 1 1 1 0 0 0 0 25059.0 22197.0 7 0.1867770149534385
0 1 0 0 1 0 0 1 0 0 0 0 1 0 0 0 0 1 0 1 1 0 1 0 1 0 1 0 0 0 0 1 0 1 0 1 0 1 0 0 1 1 1 1 1 1 0 0 0 1 0 0 0 0 0 0 0 0 1 1 0 0 1 1 0 1 1 0 0 1 0 0 0 0 1 0 1 1 1 0 0 1 1 1 1 1 1 0 1 1 0 1 1 1 0 0 0 1 1 1 25120.0 21948.0 7 0.36437976112101506
1 1 1 0 1 0 1 1 1 0 1 0 0 1 1 0 0 1 1 0 1 0 0 0 0 1 1 1 0 1 1 1 0 1 1 1 0 1 0 1 0 0 1 1 0 1 0 1 0 1 0 0 0 0 0 0 1 0 0 0 0 1 0 0 0 1 1 1 0 1 0 1 0 1 0 1 0 1 0 0 0 0 0 1 1 0 1 0 0 0 0 1 1 1 0 1 0 1 1 0 25478.0 21941.0 7 0.7900592495062173
1 1 1 0 1 0 1 1 0 0 0 0 0 1 1 0 0 1 1 0 1 0 0 0 0 1 1 1 0 1 1 1 0 1 0 0 0 1 1 0 1 1 0 0 0 1 0 1 1 0 0 0 0 0 0 0 0 0 0 1 0 0 1 1 0 1 0 0 0 0 1 0 0 1 1 0 1 1 1 0 0 0 1 1 0 0 1 0 0 0 0 1 1 1 0 1 0 1 1 0 25652.0 20202.0 7 0.7976864478510025
0 1 0 0 1 0 0 1 0 1 1 1 1 1 0 1 0 0 0 1 1 0 1 0 0 0 1 1 0 1 1 1 0 1 0 0 0 0 1 0 1 1 0 0 0 1 0 1 1 0 0 0 0 0 0 0 1 0 0 0 0 1 1 1 0 0 0 1 0 1 1 0 0 0 1 1 1 0 0 0 1 0 1 0 0 1 0 1 1 0 1 1 1 0 0 1 0 0 1 0 25735.0 19292.0 7 0.5203188187717298
1 1 1 0 1 0 1 1 0 0 0 0 0 1 1 0 0 1 1 0 1 0 0 0 0 1 1 1 0 1 1 1 0 1 0 0 0 0 1 0 1 1 0 0 0 1 0 1 1 0 0 0 0 0 0 0 1 0 0 0 0 1 1 1 0 0 0 1 0 1 1 0 0 0 0 1 1 1 0 0 1 0 1 0 0 1 0 1 0 0 1 1 1 0 1 0 0 1 1 1 25843.0 18548.0 7 2000000000000000.0
0 0 0 1 0 0 1 0 0 1 0 0 0 1 0 1 0 1 1 0 0 0 1 1 0 1 0 0 1 0 0 1 0 1 1 1 0 0 1 0 1 1 0 0 1 1 0 1 0 1 1 0 0 0 0 0 0 0 1 1 0 0 1 1 0 1 1 0 0 1 0 0 0 0 1 0 1 1 1 0 0 1 1 1 1 1 0 0 0 1 0 0 1 1 1 0 1 0 0 0 23424.0 22817.0 8 2000000000000000.0
0 1 1 0 1 1 0 1 0 0 1 1 1 0 1 1 1 1 0 0 0 0 0 1 0 0 1 0 0 1 1 0 0 1 1 1 0 1 0 1 0 0 1 1 0 1 1 0 0 1 0 1 0 0 0 1 0 1 0 0 1 0 0 0 1 0 0 1 1 1 0 0 1 1 0 1 0 1 0 0 1 0 0 1 0 1 1 0 0 0 0 1 1 1 0 1 0 1 1 0 24244.0 22806.0 8 0.5160229218749502
0 0 0 1 0 0 1 0 0 1 0 0 0 1 0 1 0 1 1 0 0 0 1 1 1 1 0 0 1 0 0 1 0 0 0 1 0 0 0 0 1 1 1 1 1 1 0 0 0 1 0 0 1 0 1 1 0 0 1 1 1 0 0 0 0 0 1 0 1 1 0 1 0 1 1 1 1 1 1 0 0 1 0 1 0 0 1 0 0 0 1 0 0 1 1 1 1 0 0 1 24325.0 22511.0 8 0.4949773763958004
1 1 1 0 1 0 1 1 0 0 1 0 0 1 1 1 0 0 0 1 1 0 0 0 0 0 1 0 0 1 1 1 0 1 1 1 0 1 0 1 0 0 1 1 0 1 0 1 0 1 0 1 0 0 0 0 0 0 0 1 0 0 0 0 0 0 0 1 0 0 1 1 0 1 1 1 1 1 1 0 1 1 0 1 0 0 0 0 1 0 0 1 1 1 1 0 0 0 0 0 24878.0 22225.0 8 0.7013078614081306
1 1 1 0 1 0 1 1 0 0 1 0 0 1 1 1 0 0 0 1 1 0 0 0 0 0 1 0 0 1 1 1 0 1 1 1 0 1 0 1 0 0 1 1 0 1 1 1 0 1 0 0 0 0 0 0 0 0 0 1 0 0 1 1 0 1 1 0 0 1 0 0 0 0 1 0 1 1 1 0 0 1 1 1 1 1 1 0 1 1 0 0 1 0 0 0 0 1 1 1 25366.0 21866.0 8 0.5519807080334643
0 0 0 0 1 1 1 1 0 1 1 0 1 0 1 0 0 0 0 0 1 1 1 0 1 0 0 0 1 1 1 1 1 0 1 1 0 0 0 0 0 1 1 1 0 1 0 1 0 1 0 0 0 0 0 0 0 0 0 0 1 1 0 0 0 1 1 1 1 1 0 0 1 0 1 1 1 0 1 0 1 1 0 0 0 0 0 0 0 0 0 1 1 1 0 1 0 1 1 0 25464.0 21426.0 8 0.7826692167168394
0 1 0 0 1 0 0 1 0 0 0 0 1 0 0 0 0 1 0 1 1 0 1 0 1 0 1 0 0 0 0 1 0 1 0 1 0 0 0 1 0 1 0 0 0 0 0 0 1 1 0 0 0 0 0 0 0 0 1 1 1 0 1 0 0 0 1 1 1 1 0 0 0 0 0 1 1 0 1 0 1 1 1 1 1 0 1 0 0 0 0 1 1 1 0 1 0 1 1 0 25645.0 20044.0 8 2000000000000000.0
1 1 1 0 1 0 1 1 0 0 1 1 1 1 0 1 0 0 0 1 1 0 1 0 0 0 1 0 0 1 1 1 0 1 0 0 0 0 1 0 0 0 0 0 1 0 1 1 0 1 1 0 0 0 0 0 1 0 0 0 0 0 1 0 1 1 0 0 0 0 0 0 0 0 1 0 1 1 1 0 0 1 1 1 1 1 1 1 1 1 0 1 1 1 0 0 0 1 1 1 24166.0 22684.0 9 2000000000000000.0
0 1 1 0 1 0 0 1 0 0 1 1 1 0 1 1 1 1 0 0 0 0 0 1 0 0 1 0 0 1 1 0 0 1 1 1 0 1 0 1 0 0 1 1 0 1 1 0 0 1 0 1 0 0 0 1 0 1 0 0 1 0 0 0 1 0 0 1 1 1 0 0 1 1 0 1 0 1 0 0 1 0 0 1 0 1 1 0 0 0 0 1 1 1 0 1 0 1 1 0 24190.0 22650.0 9 0.5584882134844152
1 1 1 0 1 0 1 1 0 0 1 0 0 1 1 1 0 0 0 1 1 0 0 0 0 0 1 0 0 1 1 1 1 1 1 1 0 1 0 1 0 0 1 1 0 1 1 1 0 1 0 0 0 0 0 0 0 0 0 1 0 0 0 0 0 0 0 1 0 0 1 1 0 1 1 1 1 1 1 0 1 1 0 1 0 0 0 0 1 0 0 1 1 1 1 0 0 0 0 0 24771.0 22120.0 9 0.6407038335141148
0 0 0 1 0 0 1 0 0 1 0 0 0 1 0 1 0 1 1 0 0 0 1 1 0 1 0 0 1 0 1 1 1 0 0 1 0 0 1 0 1 1 0 0 0 1 0 1 0 1 1 0 0 0 0 0 0 0 1 1 0 0 1 1 0 1 1 0 0 1 1 1 0 1 1 1 1 1 1 0 0 1 0 1 0 0 1 0 0 0 1 0 0 1 1 1 0 0 0 1 24854.0 21912.0 9 0.18565753404816893
0 0 0 1 0 0 1 0 0 1 0 0 0 1 0 1 0 1 1 0 0 0 1 1 0 1 0 0 1 0 0 1 0 1 1 1 0 0 1 0 1 1 0 0 1 1 0 1 0 1 1 0 0 0 0 0 0 0 1 1 0 0 1 1 0 1 1 0 0 1 0 0 0 0 1 0 1 1 1 0 0 1 1 1 1 1 1 0 1 1 0 0 1 0 0 0 0 1 1 1 24928.0 21799.0 9 0.1332482238595236
1 1 1 0 1 0 1 1 0 0 1 0 0 1 1 0 0 1 1 0 1 0 0 0 0 1 1 1 0 1 1 1 0 0 0 1 0 1 0 1 0 0 1 1 0 1 1 1 0 1 0 0 0 0 0 0 0 0 0 1 0 0 1 0 1 1 0 0 0 1 1 0 0 0 0 1 1 1 1 0 0 1 1 1 1 1 1 0 1 1 0 0 1 0 0 0 0 1 1 1 24983.0 21731.0 9 0.5428070919221573
1 1 1 0 1 0 1 1 0 0 1 0 0 1 1 0 0 1 1 0 1 0 0 0 0 1 1 1 0 1 0 1 1 0 1 0 1 0 0 0 0 0 0 0 1 1 1 1 0 0 0 0 0 0 0 0 0 1 0 0 1 0 0 0 1 0 0 1 1 1 0 0 1 1 0 1 0 1 0 0 1 0 0 1 0 1 1 0 0 0 0 1 1 1 0 1 0 1 1 1 25294.0 20579.0 9 0.6284903990983404
1 0 0 0 0 0 1 0 0 0 1 1 1 1 0 1 0 0 1 1 1 0 1 0 0 0 1 1 0 1 0 1 0 1 0 0 0 0 1 0 0 0 1 0 0 0 1 1 1 1 1 0 1 0 0 0 0 1 0 1 1 0 1 1 0 0 0 0 1 1 0 0 1 0 0 1 1 0 0 0 1 1 1 0 0 1 0 0 1 1 1 0 0 1 0 1 1 0 0 1 25403.0 20307.0 9 0.5548559469764603
0 0 0 1 0 0 1 0 0 1 0 0 0 1 0 0 0 1 1 0 0 0 1 1 0 1 0 0 1 0 0 1 0 0 0 1 0 0 0 1 0 1 0 0 0 0 0 0 1 1 0 0 0 0 0 0 0 0 1 1 1 0 1 0 0 1 1 1 1 1 0 0 1 0 1 1 1 1 1 0 1 1 0 0 0 0 0 0 0 0 0 1 1 1 0 1 0 1 1 0 25494.0 18805.0 9 0.5726912478012007
1 1 1 0 1 0 1 1 0 0 0 0 0 1 1 0 0 1 1 0 1 0 0 0 0 1 1 1 0 1 1 1 0 1 0 0 0 0 1 0 1 1 0 0 0 1 0 1 1 0 0 0 0 0 0 0 1 0 0 0 0 1 1 1 0 0 0 1 0 1 1 0 0 0 0 1 1 1 0 0 1 0 1 0 0 1 0 1 0 0 1 1 1 0 0 1 0 0 1 0 25583.0 18396.0 9 2000000000000000.0
0 1 1 0 1 0 0 1 0 0 1 1 1 1 1 0 1 1 0 0 0 0 0 1 0 0 1 0 1 1 1 0 0 0 0 1 0 1 0 0 1 1 1 1 1 1 0 0 0 1 0 0 0 0 0 0 0 0 0 1 0 0 1 1 0 1 1 0 0 1 0 0 0 0 1 0 1 1 1 0 0 1 1 1 1 1 1 0 1 1 0 1 1 1 0 0 1 1 0 0 24007.0 22537.0 10 2000000000000000.0
0 1 1 0 0 1 0 1 0 0 1 0 1 0 0 1 0 0 0 1 1 1 1 1 0 0 1 0 0 1 0 0 1 0 0 1 0 0 1 0 1 1 0 0 1 1 0 1 0 1 1 0 0 0 0 0 0 0 1 1 0 0 0 0 1 1 0 1 1 1 0 0 1 1 0 1 0 1 0 0 1 0 0 1 0 1 1 0 0 0 0 1 1 1 0 1 0 1 1 0 24102.0 22164.0 10 0.16416318078803613
1 0 0 0 0 0 1 0 0 0 1 1 1 1 0 1 0 0 0 1 1 0 1 0 0 0 1 1 0 1 1 1 0 1 0 0 0 0 1 0 1 1 0 0 0 1 0 1 1 0 0 0 0 1 0 1 0 1 1 0 0 1 1 0 1 0 0 1 0 0 1 0 0 1 0 1 0 1 0 1 0 0 0 1 1 0 1 0 0 0 0 1 1 1 0 1 0 1 1 0 24130.0 22161.0 10 0.32917593597864286
0 1 1 0 1 0 1 0 0 0 1 1 1 1 0 1 0 0 0 0 1 0 0 0 0 0 1 0 0 1 1 1 0 1 1 1 0 1 0 1 1 0 1 1 0 1 1 0 0 1 0 0 0 0 0 0 1 0 0 0 0 1 1 1 0 1 1 0 0 1 0 0 0 0 1 0 1 1 1 0 0 1 1 1 1 1 1 0 1 1 0 1 1 1 0 0 0 1 1 1 24544.0 22115.0 10 0.4500773760882697
1 1 1 0 1 0 1 1 0 0 1 0 0 1 1 1 0 0 0 1 1 0 0 0 0 0 1 0 0 1 1 1 0 1 1 1 0 1 0 1 0 0 1 1 0 1 1 1 0 1 0 0 0 0 0 0 0 0 0 1 0 0 0 0 0 0 0 1 0 0 1 1 0 1 1 1 1 1 1 0 1 1 0 1 0 0 0 0 1 0 0 1 1 1 1 0 0 0 0 0 24713.0 22017.0 10 0.26107774416002827
1 1 1 0 1 0 1 1 0 0 1 0 0 1 1 1 0 1 0 1 1 0 0 0 0 0 1 0 1 1 1 1 0 1 1 1 0 1 0 1 0 0 1 1 0 1 1 0 0 1 0 0 0 0 0 0 0 0 0 1 0 0 0 0 0 0 0 1 0 1 1 1 0 1 1 1 1 1 1 0 0 1 0 1 0 0 1 0 0 0 1 0 0 0 0 1 0 0 0 1 24833.0 21854.0 10 0.17825697195014634
1 1 1 0 0 0 0 0 0 0 1 0 0 0 1 1 0 0 0 1 1 1 1 0 0 0 1 1 0 1 1 1 0 1 0 0 0 0 1 0 1 1 0 0 0 1 0 1 1 0 0 0 0 1 0 1 0 1 1 0 0 1 1 0 1 0 0 1 0 0 1 1 0 1 1 1 1 1 1 0 0 1 0 1 0 0 1 0 0 0 1 0 0 1 1 1 0 0 0 1 24858.0 21650.0 10 0.15647158092600802
0 1 0 0 0 0 0 1 0 1 0 1 0 1 0 1 0 1 1 0 0 0 1 1 0 1 0 0 1 0 0 1 0 0 0 1 0 0 0 0 1 1 1 1 1 1 0 0 0 1 0 0 1 0 1 1 0 0 1 1 0 0 1 0 0 0 1 1 1 1 0 0 0 0 0 1 1 0 0 0 1 1 1 1 1 0 1 0 0 0 0 1 1 1 0 1 0 1 1 0 24883.0 21253.0 10 0.46457656702492023
1 0 0 0 0 0 1 0 0 0 1 1 1 1 0 1 0 0 1 1 1 0 1 0 0 0 1 1 0 1 1 1 0 1 0 0 0 0 1 0 0 0 1 0 0 0 1 1 1 1 1 0 1 0 1 0 0 0 0 1 1 0 1 1 0 0 0 0 0 1 0 0 1 0 0 1 1 0 0 0 1 1 1 0 0 1 0 0 1 1 1 0 0 1 0 1 1 0 0 0 25108.0 20232.0 10 0.6120920248807022
0 1 0 0 1 0 0 1 0 0 0 0 1 0 0 0 0 1 0 1 1 0 1 0 1 0 1 0 0 0 0 1 0 1 0 1 0 0 0 1 0 1 0 0 0 0 0 0 1 1 0 0 0 0 0 0 0 0 1 1 1 0 1 0 0 0 1 1 1 1 0 0 0 0 0 1 1 0 0 0 1 1 1 1 1 0 1 0 0 0 0 1 1 1 0 1 0 1 1 0 25144.0 19138.0 10 0.40349922797529003
1 1 1 0 1 0 1 1 0 0 1 0 0 1 1 1 0 0 0 1 1 0 0 0 0 0 1 0 0 1 1 1 0 1 1 1 0 1 0 1 0 0 1 1 0 1 1 1 0 1 0 0 0 0 0 0 0 0 0 1 0 0 0 1 0 0 0 1 1 0 0 0 0 1 1 1 1 0 0 0 1 1 1 0 0 0 0 0 1 0 1 1 1 0 0 1 0 0 1 0 25284.0 18852.0 10 0.49785146800436086
0 1 1 0 0 1 0 0 0 0 1 0 0 0 1 1 0 0 0 1 1 1 1 0 0 1 1 1 0 1 1 1 0 1 0 0 0 0 1 0 1 1 0 0 0 1 0 1 1 0 0 0 0 0 0 0 1 0 0 0 1 1 1 1 0 0 0 1 0 1 1 0 0 0 0 1 1 0 0 0 1 0 1 0 0 1 0 1 1 0 1 0 1 1 0 1 0 0 1 0 25391.0 17543.0 10 2000000000000000.0
0 1 1 0 1 0 0 1 0 0 1 1 1 1 1 1 1 1 0 0 0 0 0 1 0 0 1 0 0 1 1 0 0 1 1 1 0 1 0 1 0 0 1 1 0 1 1 1 0 1 0 0 0 0 0 1 0 1 0 0 0 0 1 1 0 1 0 0 0 0 1 0 0 1 1 0 1 1 1 0 0 0 1 1 0 1 0 0 0 1 0 0 1 1 1 0 1 0 0 0 21814.0 22467.0 11 2000000000000000.0
0 0 0 1 0 0 1 0 0 1 0 0 0 1 0 1 0 1 1 0 0 0 1 1 0 1 0 0 1 0 1 1 1 0 0 1 0 0 1 0 1 1 0 0 0 1 0 1 0 1 1 1 0 0 0 0 0 0 1 0 0 0 1 0 0 0 0 1 0 1 0 0 0 1 0 1 0 1 0 0 1 1 0 1 0 1 0 0 0 1 0 0 1 1 1 0 1 1 1 1 23702.0 22298.0 11 0.7385054242521817
1 1 1 0 1 0 1 1 0 0 1 0 0 1 1 1 0 0 0 1 1 0 0 0 0 0 1 0 0 1 1 1 0 1 1 1 0 1 0 1 0 0 1 1 0 1 0 1 0 1 1 0 0 0 0 0 0 0 1 1 0 0 1 0 0 1 1 0 0 1 0 0 0 0 0 0 1 1 1 0 0 1 1 1 1 1 1 0 1 0 0 0 1 0 0 0 0 1 1 1 23947.0 21913.0 11 0.310046693670643
1 1 1 1 1 0 1 1 0 0 1 0 0 1 1 1 0 0 0 1 1 0 0 0 0 0 1 0 0 1 1 1 0 1 1 0 0 1 0 1 0 0 0 1 0 1 0 1 1 1 1 0 0 0 0 0 0 0 1 1 0 0 1 0 0 1 1 0 0 1 0 0 0 0 0 0 1 1 1 0 0 1 1 1 1 1 1 0 1 0 0 0 1 0 0 0 0 1 1 1 24483.0 21886.0 11 0.2653596326833558
1 1 1 0 1 0 1 1 0 0 1 0 0 1 1 0 0 1 1 0 1 0 0 0 0 1 1 1 0 1 1 1 0 0 0 1 0 1 1 1 0 0 1 0 1 1 0 1 1 0 0 1 0 0 0 0 0 0 1 0 0 0 1 0 0 0 0 1 0 1 1 0 0 1 0 1 0 0 0 0 1 1 0 1 0 0 1 0 0 0 1 0 0 1 1 1 0 0 0 0 24612.0 21555.0 11 0.17147624008882106
1 1 1 0 1 0 1 1 0 0 1 0 0 1 1 0 0 1 1 0 1 0 0 0 0 1 1 1 0 1 0 1 1 0 1 0 1 0 1 0 0 0 0 0 1 1 1 1 0 0 0 0 0 0 0 0 0 0 0 1 0 0 1 1 0 0 0 0 0 0 1 0 0 1 1 0 1 1 1 0 0 1 1 1 1 1 1 1 1 1 0 1 1 1 0 0 1 0 0 0 24837.0 21536.0 11 0.9961349430644147
1 0 0 0 0 1 0 0 0 0 1 0 0 0 1 1 0 0 0 1 1 1 1 0 0 1 1 1 0 1 1 1 0 1 0 0 0 0 1 0 1 1 0 0 0 1 0 1 1 0 0 0 0 0 0 0 1 0 0 0 1 1 1 1 0 0 0 1 0 1 1 0 0 0 0 1 1 0 0 0 1 0 1 0 0 1 0 1 1 0 1 0 1 1 0 1 0 0 1 0 25181.0 17191.0 11 2000000000000000.0
0 1 1 0 1 0 1 0 0 0 1 1 1 1 0 1 0 0 0 1 1 0 0 0 0 0 1 0 0 1 1 1 0 1 1 1 0 1 0 1 0 0 1 1 0 1 1 0 0 1 0 0 0 0 0 0 1 0 0 0 0 1 1 1 0 1 0 0 0 0 1 0 0 1 1 0 1 1 1 0 1 0 1 1 0 0 1 0 0 0 0 0 1 1 1 0 0 1 1 1 23390.0 22271.0 12 2000000000000000.0
0 0 0 1 0 0 1 0 0 1 0 0 0 1 0 1 0 1 1 0 0 0 1 1 0 1 0 0 1 0 0 1 0 1 1 1 0 0 1 0 1 1 0 0 1 1 0 1 0 1 1 0 0 0 0 0 1 0 0 0 0 0 1 0 1 1 0 0 1 0 0 0 0 0 1 0 1 1 1 0 0 1 1 1 1 1 1 1 1 1 0 1 1 1 0 0 0 1 1 1 23549.0 22124.0 12 1.3422353072995903
0 0 0 1 0 0 1 0 0 1 0 0 0 1 0 1 0 1 1 0 0 0 1 1 0 1 0 0 1 0 0 1 0 0 0 1 0 1 0 0 1 1 1 1 1 1 0 0 0 1 0 0 0 0 0 0 0 0 1 1 0 0 1 1 0 1 1 0 0 1 0 0 0 0 1 0 1 1 1 0 0 1 1 1 1 1 1 0 1 1 0 1 1 1 0 0 0 1 1 1 24428.0 21602.0 12 1.3888058192532449
1 1 1 0 1 0 1 1 0 0 1 0 0 1 1 0 0 1 1 0 1 0 0 0 0 1 1 1 0 1 0 1 0 0 0 0 1 0 0 0 0 1 0 0 1 1 0 1 1 0 0 1 0 0 0 0 0 0 1 1 0 0 0 0 0 0 0 1 0 1 1 0 0 1 0 1 0 1 0 0 1 1 0 1 0 1 0 0 0 1 0 0 1 1 1 0 1 0 0 0 24749.0 21528.0 12 0.6577646927002505
0 0 0 1 0 0 1 0 0 1 0 0 0 1 0 1 0 1 1 0 0 0 1 1 0 1 1 0 1 0 0 1 0 0 0 1 0 0 0 0 1 1 1 1 1 1 0 0 0 1 0 0 1 0 1 1 0 0 1 1 0 0 1 1 0 1 1 0 0 1 0 0 0 0 1 0 1 1 1 0 0 1 1 1 1 1 1 0 1 1 1 0 1 0 0 0 0 1 1 1 24816.0 21182.0 12 2000000000000000.0
1 0 0 0 0 0 1 0 0 0 1 1 1 1 0 1 0 0 0 1 1 0 1 0 0 0 0 1 0 1 1 1 0 1 1 1 0 1 0 1 0 0 1 1 0 1 1 1 0 1 0 0 0 0 0 0 0 0 0 1 0 0 0 0 0 0 0 1 0 0 1 1 0 1 1 1 1 1 1 0 1 1 0 1 0 0 0 0 1 0 0 1 1 1 1 0 0 0 0 0 22751.0 22230.0 13 2000000000000000.0
1 1 1 0 1 0 1 1 0 0 1 0 0 1 1 1 0 0 0 1 1 0 0 0 0 0 1 0 0 1 1 1 0 1 1 1 0 1 0 1 0 0 1 1 0 1 1 1 0 1 0 0 0 0 0 0 0 0 0 1 0 0 0 1 0 0 0 1 1 0 0 0 0 1 1 1 1 0 0 0 1 1 1 0 0 1 0 0 1 0 1 1 0 0 0 1 1 1 0 0 24784.0 20138.0 13 2000000000000000.0
0 1 1 0 1 0 0 1 0 0 1 1 1 1 1 0 1 1 0 0 0 0 0 1 0 0 1 0 0 1 1 0 0 1 1 1 0 0 1 0 1 1 0 0 1 1 0 1 0 1 1 0 0 0 0 0 0 0 1 1 0 0 1 0 0 1 1 1 0 1 0 0 1 0 0 1 0 0 0 0 1 1 0 0 1 1 1 0 1 0 0 0 1 0 1 0 1 1 0 0 24361.0 21470.0 13 0.9438551660507475
1 1 0 0 1 1 1 1 0 1 1 0 1 0 1 0 0 0 0 0 1 0 1 0 1 0 0 0 1 1 1 1 1 0 1 1 0 0 0 0 0 0 1 1 0 1 1 1 0 1 0 0 0 0 0 0 0 0 0 1 0 0 0 0 0 0 0 1 0 0 1 1 0 1 1 1 1 1 1 0 1 1 0 1 0 0 0 0 1 0 0 1 1 1 1 0 0 0 0 0 23231.0 21848.0 13 0.8758982994735576
