1 1 1 0 1 0 1 1 0 0 1 0 0 1 1 1 0 1 0 1 1 0 1 0 1 0 0 0 0 1 1 1 0 1 0 1 0 0 1 0 0 1 1 1 0 1 0 1 0 1 0 0 0 0 0 0 0 0 1 1 1 0 1 0 0 0 1 1 1 1 1 0 0 1 1 0 1 1 1 0 1 0 1 1 0 0 1 0 0 0 0 0 1 1 0 1 1 1 1 0 29208.0 27931.0 0 2000000000000000.0
1 1 1 0 1 0 1 1 0 0 1 0 0 1 1 1 0 1 0 1 1 0 1 0 0 0 0 0 0 1 1 1 0 1 0 1 0 0 1 0 1 1 1 1 0 1 1 1 1 1 0 0 0 0 0 0 0 0 1 1 0 0 1 1 0 1 1 0 1 1 0 0 0 0 1 0 1 1 1 0 0 1 0 1 0 1 1 0 1 0 0 1 1 1 0 1 0 1 1 0 29509.0 27473.0 0 0.34458023715284214
1 1 1 0 1 0 1 1 1 0 1 0 0 1 1 1 0 0 0 1 1 0 0 0 0 1 1 1 0 1 1 1 0 1 0 1 1 0 1 0 1 1 0 0 0 1 0 1 0 1 1 1 0 0 0 0 0 0 1 0 0 0 1 0 0 0 0 1 0 1 1 1 0 1 1 1 1 1 1 0 0 1 0 1 0 0 1 0 0 0 0 1 0 1 1 1 1 0 0 1 29689.0 27230.0 0 0.36021782661059887
1 1 1 0 1 0 1 1 0 0 1 0 0 1 1 1 0 1 0 1 1 0 1 1 0 1 1 0 0 0 0 1 0 1 0 1 1 0 0 0 1 1 1 1 0 1 1 1 0 1 0 0 0 0 0 0 0 0 1 0 0 0 1 0 0 0 0 1 0 1 0 1 0 1 1 1 1 1 1 0 1 0 1 1 0 0 0 0 1 0 0 1 1 1 0 1 0 1 1 0 30328.0 27011.0 0 0.8138894430610435
1 1 1 0 1 0 1 1 0 0 1 0 0 1 1 1 0 1 0 1 1 0 1 0 1 1 1 0 0 0 0 1 0 1 1 1 1 0 0 0 0 1 1 1 0 1 1 1 0 1 0 0 0 0 0 0 0 0 1 1 0 0 1 0 0 0 1 1 1 1 0 0 1 1 1 1 1 0 1 0 1 1 0 0 0 0 0 0 0 0 0 1 1 1 0 1 0 1 1 1 31565.0 26208.0 0 1.1214070554738342
0 0 1 0 1 0 1 1 0 1 1 1 1 1 1 0 1 1 1 0 1 0 0 0 0 1 1 1 0 1 0 1 1 1 0 1 0 0 0 1 0 1 1 0 1 0 1 0 1 1 1 0 0 1 0 1 0 1 1 1 0 0 1 0 1 0 1 1 1 1 0 0 1 0 1 1 1 0 1 0 1 1 0 0 0 0 0 0 0 0 0 1 1 1 0 1 0 1 1 1 32446.0 25203.0 0 0.8415303197860571
1 1 1 0 1 0 1 1 1 0 1 0 0 1 1 1 0 0 0 1 1 0 0 0 0 1 1 1 1 1 1 1 0 1 0 1 0 0 1 0 1 1 0 0 0 1 1 1 0 1 0 0 0 0 0 0 0 0 1 1 1 0 1 0 0 0 1 1 1 1 0 1 1 0 1 1 1 0 1 0 1 1 0 0 0 0 0 0 0 0 0 1 1 1 0 1 0 1 1 1 32979.0 24701.0 0 2000000000000000.0
1 1 1 0 1 0 1 1 0 0 1 0 0 1 1 1 0 1 0 1 1 0 1 0 1 0 0 0 0 1 1 1 0 1 1 1 0 0 1 0 1 1 0 0 0 1 0 1 0 1 1 1 0 1 0 0 0 0 1 0 0 0 1 0 0 0 0 1 0 1 1 0 0 1 1 0 1 1 1 0 1 0 1 1 0 0 1 0 0 0 0 0 1 1 0 1 0 1 1 0 28213.0 27586.0 1 2000000000000000.0
1 1 1 0 1 0 1 1 0 0 1 0 0 1 1 1 0 1 0 1 1 0 0 0 0 0 1 0 0 1 1 1 0 1 1 1 0 0 1 0 1 1 0 0 0 1 0 1 0 1 1 1 0 1 0 0 0 0 1 0 0 0 1 0 0 0 0 1 0 1 1 1 0 1 1 1 1 1 1 0 0 1 0 1 0 0 1 0 1 0 0 1 0 1 1 1 1 0 0 1 29282.0 27332.0 1 0.6539016894478129
1 1 1 0 1 0 1 1 0 0 1 0 0 1 0 0 0 1 0 1 1 0 1 0 1 1 1 1 0 1 1 1 0 1 0 0 0 0 1 0 1 1 0 0 0 1 0 1 0 1 1 1 0 0 0 0 0 0 1 0 0 0 1 0 0 0 0 1 0 1 1 1 0 1 1 1 1 1 1 0 0 1 0 1 0 0 1 0 0 0 0 1 0 1 1 1 1 0 1 1 29292.0 26085.0 1 0.7737622212829567
1 1 1 1 1 0 1 1 0 0 1 0 1 1 1 1 0 0 0 1 1 0 1 0 1 0 1 0 0 0 0 1 0 1 1 1 1 0 0 0 0 1 1 1 0 1 1 1 0 1 0 0 0 0 1 0 0 0 1 1 1 0 1 0 0 0 1 1 1 1 0 0 1 0 1 1 1 0 1 0 1 1 0 0 0 0 0 0 0 0 0 1 1 1 0 1 0 1 1 1 31167.0 26078.0 1 0.5981223982423541
0 1 1 0 1 1 1 1 0 0 1 0 1 1 1 1 0 1 1 0 1 0 1 0 1 1 1 1 0 1 0 1 1 0 0 0 1 0 0 0 0 1 1 1 0 1 1 1 0 1 0 0 0 0 0 0 0 0 1 1 1 0 1 0 0 0 1 1 1 1 0 0 1 0 1 1 1 0 1 0 1 1 0 0 0 0 0 0 0 0 0 1 1 1 0 1 0 1 1 1 31304.0 25592.0 1 0.2392458192446268
1 1 1 0 1 0 1 1 0 0 1 0 0 1 1 1 0 1 0 1 1 0 1 0 1 1 1 1 0 1 0 1 1 0 0 0 1 0 0 0 0 1 1 1 0 1 1 1 0 1 0 0 0 0 0 0 0 0 1 1 1 0 1 0 0 0 1 1 1 1 0 0 1 0 1 1 1 0 1 0 1 1 0 0 0 0 0 0 0 0 0 1 1 1 0 1 0 1 1 1 31336.0 25335.0 1 0.28002861933394313
1 1 1 1 1 0 1 1 0 0 1 0 1 1 1 0 0 1 1 0 1 0 0 0 0 1 1 1 0 1 0 1 1 1 1 1 0 0 0 0 0 1 1 1 0 1 0 0 1 1 0 0 0 0 0 1 0 0 1 1 1 0 1 0 0 0 1 1 1 1 0 0 0 1 1 1 1 0 1 0 1 1 0 0 0 0 0 0 0 0 0 1 1 1 0 1 0 1 1 0 31873.0 25041.0 1 0.3192075006379713
1 1 1 0 1 0 1 1 0 0 1 0 0 1 1 0 0 1 1 1 1 0 1 0 0 1 1 1 0 1 0 1 1 1 1 1 0 0 0 0 0 1 1 1 0 1 0 0 1 1 0 0 0 0 0 0 0 0 1 1 1 0 1 0 0 0 1 1 1 1 0 1 1 0 1 1 1 0 1 0 1 1 0 0 0 0 0 0 0 0 0 1 1 1 0 1 0 1 1 1 32340.0 25012.0 1 0.4679472929758407
1 1 1 0 1 0 1 1 0 0 1 0 0 1 1 0 0 1 1 1 1 0 0 0 0 1 1 1 0 1 1 1 0 1 0 1 0 0 1 0 1 1 0 0 0 1 1 1 0 1 0 0 0 0 0 0 0 0 1 1 1 0 1 0 0 0 1 1 1 1 0 1 1 0 1 1 1 0 1 0 1 1 0 0 0 0 0 0 0 0 0 1 1 1 0 1 0 1 1 1 32537.0 23874.0 1 2000000000000000.0
1 1 1 1 1 0 1 0 0 0 1 1 1 1 0 1 0 0 0 1 1 0 1 0 1 0 0 0 0 1 1 1 1 1 0 1 0 0 1 0 1 1 1 1 0 1 1 1 1 1 0 0 0 0 0 0 0 0 1 1 0 0 1 1 0 1 1 0 1 1 0 0 0 0 1 0 1 1 1 0 0 1 1 1 1 1 1 0 1 0 0 1 1 1 1 0 0 0 0 0 26937.0 27533.0 2 2000000000000000.0
1 1 1 0 1 0 1 1 0 0 1 0 0 1 1 1 0 1 0 1 1 0 1 0 1 0 0 0 0 1 1 1 0 1 0 1 0 0 1 0 1 1 1 1 0 1 1 1 1 1 0 0 0 0 0 0 0 0 1 1 0 0 1 1 0 1 1 0 1 1 0 0 0 0 1 0 1 1 1 0 0 1 1 1 1 1 1 0 1 0 0 1 1 1 1 0 0 0 0 0 28113.0 27508.0 2 0.4867148864844758
1 1 1 0 1 0 1 1 0 0 1 0 0 1 1 0 0 1 1 1 1 0 1 0 0 1 1 1 0 1 0 1 1 1 1 1 0 0 0 0 0 1 0 0 0 1 0 1 0 1 1 1 0 0 0 0 0 0 1 0 0 0 1 0 0 0 0 1 0 1 1 1 0 1 1 1 1 1 1 0 0 1 0 1 0 0 1 0 1 0 0 1 0 1 1 1 1 0 0 1 28977.0 27164.0 2 0.26832695808823603
1 1 1 0 1 0 1 1 0 0 1 0 0 1 1 1 0 1 0 1 1 0 1 0 1 0 0 0 0 1 1 1 1 1 0 1 0 0 1 0 0 1 1 1 0 1 0 1 0 1 0 0 0 0 0 0 0 0 1 1 1 0 1 0 0 0 1 1 1 1 1 0 0 1 1 0 1 1 1 0 1 0 1 1 0 0 1 0 0 0 0 0 1 1 0 1 0 1 1 0 28982.0 27143.0 2 0.6323735702521149
1 1 1 0 1 0 1 1 0 0 1 0 0 1 1 1 0 1 0 1 1 0 0 0 0 1 1 1 0 1 1 1 0 1 0 1 0 0 0 0 1 1 0 0 0 1 0 1 0 1 1 1 0 0 0 0 0 0 1 1 0 0 1 0 0 0 0 1 0 1 0 0 0 1 1 1 1 1 1 0 1 0 1 1 0 0 0 0 1 0 0 1 1 1 0 1 0 1 1 0 30481.0 25960.0 2 0.9884290077435344
1 1 1 0 1 0 1 1 0 0 1 0 0 1 1 1 0 1 0 1 1 0 1 0 1 1 1 0 0 0 0 1 0 1 0 1 1 0 0 0 0 1 1 1 0 1 1 1 0 1 0 0 0 0 0 0 0 0 1 1 1 0 1 0 0 0 1 1 1 1 0 0 1 0 1 1 1 0 1 0 1 1 0 0 0 0 0 0 0 0 0 1 1 1 0 1 0 1 1 1 31214.0 25186.0 2 0.628513905025031
1 1 1 0 1 0 1 1 0 0 1 0 0 1 1 1 0 0 0 1 1 0 0 0 0 1 1 1 0 1 1 1 0 1 0 1 0 0 1 0 0 1 0 0 0 0 1 1 1 1 1 0 0 1 0 1 0 1 1 1 0 1 1 0 1 0 1 1 1 1 0 0 1 0 1 1 1 0 1 0 1 1 0 0 0 0 0 0 0 0 0 1 1 1 0 1 0 1 1 1 32268.0 24948.0 2 0.5177648536078195
1 1 1 0 1 0 1 1 1 0 1 0 0 1 1 1 0 0 0 1 1 0 0 0 0 1 1 1 0 1 1 1 0 1 0 1 0 0 1 0 1 1 0 0 0 1 1 1 0 1 0 0 0 0 0 0 0 0 1 1 1 0 1 0 0 0 1 1 1 1 0 1 1 0 1 1 1 0 1 0 1 1 0 0 0 0 0 0 0 0 0 1 1 1 0 1 0 1 1 1 32328.0 24126.0 2 2000000000000000.0
1 1 1 0 1 0 1 1 0 0 1 0 0 1 1 1 0 1 0 1 1 0 1 0 1 0 0 0 0 1 1 1 0 1 0 1 0 0 1 0 1 1 0 0 1 1 0 1 0 1 1 1 0 0 0 0 0 0 1 0 0 0 1 0 0 0 0 1 0 1 0 0 0 1 1 1 1 1 1 0 0 1 0 1 0 0 1 0 0 0 1 0 0 1 1 1 1 0 0 1 26936.0 27376.0 3 2000000000000000.0
1 0 1 0 1 0 1 1 0 0 1 0 0 1 1 1 0 1 0 1 1 0 1 0 1 0 0 0 0 1 1 1 0 1 0 1 0 0 1 0 1 1 1 1 0 1 1 1 1 1 0 0 0 0 0 0 0 0 1 1 0 0 1 1 0 1 1 0 0 1 0 0 0 0 1 0 1 1 1 0 0 1 1 1 1 1 1 0 1 0 0 1 1 1 1 0 0 0 0 0 27516.0 27222.0 3 0.4089626955657278
1 1 1 0 1 0 1 1 0 0 1 0 0 1 1 1 0 1 0 1 1 0 1 0 1 0 0 0 0 1 1 1 0 1 1 1 0 0 1 0 1 1 0 0 0 1 0 1 0 1 1 1 0 1 0 0 0 0 1 0 0 0 1 0 0 0 0 1 0 1 0 0 0 1 1 1 0 1 1 0 0 1 0 1 0 0 1 0 0 0 0 1 1 1 1 1 0 1 1 1 28600.0 27158.0 3 0.30523028237860694
1 1 1 0 1 0 1 1 0 0 1 0 0 1 1 1 0 1 0 1 1 0 1 0 1 0 0 0 0 1 1 1 0 1 1 1 0 0 1 0 1 1 0 0 0 1 0 1 0 1 1 1 0 1 0 0 0 0 1 0 0 0 1 0 0 0 0 1 0 1 0 0 0 1 1 1 0 1 1 0 0 1 0 1 0 1 1 0 1 0 0 1 1 1 0 1 0 1 1 0 28815.0 27086.0 3 0.11063217032348518
1 1 1 0 1 0 1 1 0 0 1 0 0 1 1 1 0 1 0 1 1 0 1 0 1 0 0 0 0 1 1 1 0 1 0 1 0 0 1 0 0 1 1 1 0 1 0 1 0 1 0 0 0 0 0 0 0 0 1 1 1 0 1 0 0 0 1 1 1 1 1 0 0 1 1 0 1 1 1 0 1 0 1 1 0 0 1 0 0 0 0 0 1 1 0 1 0 1 1 0 28924.0 27040.0 3 0.7925794538498955
1 1 1 0 1 0 1 0 1 0 1 1 1 1 0 0 0 1 0 1 1 0 1 0 1 1 1 0 0 0 0 1 1 1 0 1 0 0 0 1 0 1 1 0 1 0 1 0 1 1 1 0 0 1 0 1 0 1 1 1 0 1 1 0 1 0 0 1 1 1 0 1 1 1 0 1 0 1 0 0 1 0 0 1 0 1 1 0 0 0 0 0 1 1 0 1 0 1 1 0 30327.0 25862.0 3 0.9879415179575668
1 1 1 0 1 0 1 1 1 0 1 0 0 1 1 1 0 0 1 1 1 0 0 0 0 1 1 1 0 1 1 1 0 1 0 1 0 0 1 0 1 1 0 1 0 1 0 0 1 0 0 1 1 0 0 0 1 0 1 1 1 0 1 0 0 0 1 1 1 1 0 0 1 0 1 1 1 0 1 0 1 1 0 1 0 0 1 0 0 0 1 0 0 1 1 1 0 0 0 1 30355.0 25302.0 3 0.36378599383416244
0 1 1 0 1 1 1 1 0 0 1 1 1 1 0 1 0 0 0 1 1 0 1 0 1 1 1 1 0 0 0 1 0 1 0 1 0 0 0 1 0 1 0 0 1 0 1 0 1 1 1 0 0 1 0 1 0 1 1 1 0 1 1 0 1 0 1 1 1 1 0 0 1 0 1 1 1 0 1 0 1 1 0 0 0 0 0 0 0 0 0 1 1 1 0 1 0 1 1 0 30653.0 25128.0 3 0.23683096678383692
1 1 1 0 1 0 1 1 0 0 1 0 0 1 1 0 0 1 1 1 1 0 0 0 0 1 1 1 0 1 1 1 0 1 0 1 1 0 1 0 1 1 0 0 0 1 1 1 0 1 0 0 0 0 0 0 0 0 1 1 1 0 1 0 0 0 1 1 1 1 0 1 1 0 1 1 1 0 1 0 1 1 0 0 0 0 0 0 0 0 0 1 0 1 1 1 1 0 0 0 31005.0 25029.0 3 0.2513859237421989
1 1 1 0 1 0 1 0 1 0 1 1 1 1 0 0 0 1 0 1 1 0 1 0 1 1 1 0 0 0 0 1 1 1 0 1 0 0 0 1 0 1 1 0 1 0 1 0 1 1 1 0 0 1 0 1 0 1 1 1 0 1 1 0 1 0 1 1 1 1 0 0 1 0 1 1 1 0 1 0 1 1 0 0 0 0 0 0 0 0 0 1 1 1 0 1 0 1 1 1 31569.0 24944.0 3 0.2556326493693242
1 0 1 0 1 0 1 0 1 0 1 1 1 1 0 0 0 1 0 1 1 0 1 0 1 1 1 0 0 0 0 1 1 1 0 1 0 0 0 1 0 1 1 0 1 0 1 0 1 1 1 0 0 1 0 1 0 1 1 1 0 1 1 1 1 0 1 1 1 1 0 0 1 0 1 1 1 0 1 0 1 1 0 0 0 0 0 0 0 0 0 1 1 1 0 1 0 1 1 1 32144.0 24939.0 3 2000000000000000.0
1 1 1 1 1 0 1 0 0 0 1 1 1 1 0 1 0 0 0 1 1 0 1 0 0 0 1 1 0 1 0 1 1 0 0 0 1 0 0 0 0 1 1 1 0 1 1 1 0 1 0 1 0 0 0 0 0 0 1 1 1 0 0 0 1 0 0 1 1 1 0 0 1 1 0 1 0 1 0 0 1 0 0 1 0 1 1 0 0 0 0 0 1 1 1 1 1 0 0 1 26472.0 27125.0 4 2000000000000000.0
1 1 1 0 1 0 1 1 0 0 1 0 0 1 1 1 0 1 0 1 1 0 1 0 1 0 0 0 0 1 1 1 0 1 0 1 0 0 1 0 1 1 0 0 0 1 0 1 0 1 1 1 0 1 0 0 0 0 1 0 0 0 1 0 0 0 0 1 0 1 0 0 0 1 1 1 1 1 1 0 0 1 0 1 0 0 1 0 0 0 1 0 0 1 1 1 1 0 0 1 26873.0 27108.0 4 0.2790316294646344
1 1 1 0 1 0 1 1 1 0 1 1 0 1 1 1 0 1 0 1 1 0 1 0 1 0 0 0 0 1 1 1 0 1 0 1 0 0 1 0 1 1 0 0 0 1 0 1 0 1 1 1 0 1 0 0 0 0 1 0 0 0 1 0 0 0 0 1 0 1 0 0 0 1 0 1 0 1 0 0 1 1 0 1 0 1 0 0 0 1 0 0 1 1 1 0 1 1 1 1 27880.0 27102.0 4 0.3696572274775765
1 1 1 0 1 0 1 1 1 0 1 0 0 1 1 1 0 1 0 1 1 0 1 0 1 0 0 0 0 1 1 1 0 1 0 0 0 0 1 0 1 1 0 0 0 1 0 1 0 1 1 1 0 0 0 0 0 0 1 0 0 0 1 0 0 0 0 1 0 1 1 1 0 1 1 1 1 1 1 0 0 1 0 1 0 0 1 0 0 0 0 1 0 1 1 1 1 0 1 1 28643.0 27008.0 4 0.336272990733148
1 1 1 0 1 0 1 1 1 0 1 0 0 1 1 1 0 0 0 1 1 0 0 0 0 1 1 1 0 1 1 1 0 1 0 1 0 0 1 0 1 1 0 0 0 1 0 1 0 1 1 1 0 0 0 0 0 0 1 0 0 0 1 0 0 0 0 1 0 1 1 1 0 1 1 1 1 1 1 0 0 1 0 1 0 0 1 0 0 0 0 1 0 1 1 1 1 0 0 1 28898.0 26579.0 4 0.430833037566892
0 1 0 0 1 0 0 1 0 1 1 1 1 0 0 1 1 0 0 1 1 0 1 0 0 0 1 1 0 1 1 1 0 1 0 1 1 0 0 0 0 1 1 1 0 1 1 1 0 1 0 0 0 1 0 1 0 1 1 1 0 1 1 0 1 0 1 1 1 1 0 0 1 0 1 1 0 0 1 0 1 1 0 0 0 0 0 0 0 0 0 1 1 1 0 1 0 1 1 0 29003.0 25649.0 4 0.4253710744344614
0 1 1 0 1 1 1 1 0 0 1 0 1 1 1 0 0 1 1 0 1 0 0 0 0 0 1 1 0 1 0 1 1 0 0 0 1 0 0 0 0 1 1 1 0 1 1 1 0 1 0 0 0 0 0 0 0 0 1 1 1 0 1 1 0 0 1 1 1 1 0 0 1 0 1 1 1 0 1 0 1 1 0 1 0 0 1 0 1 0 0 1 0 1 1 1 1 0 0 1 29604.0 25493.0 4 0.25816974514374313
1 1 1 1 0 0 1 1 1 0 0 1 1 1 0 0 0 1 0 1 1 0 1 0 1 1 1 0 0 0 0 1 0 1 0 1 0 0 0 1 0 1 0 0 1 0 1 0 1 1 1 0 0 0 0 0 0 0 1 1 0 0 1 0 0 0 0 1 0 1 1 1 0 1 1 1 1 1 1 0 0 1 0 1 0 0 1 0 0 0 0 1 0 1 1 1 1 0 1 1 29873.0 25312.0 4 0.15911439188121318
1 1 1 0 1 0 1 1 1 0 1 0 0 1 1 1 0 1 0 1 1 0 1 0 1 0 0 0 0 1 1 1 0 1 0 1 0 0 0 1 0 1 0 0 1 0 1 0 1 1 1 0 0 1 0 1 0 1 1 1 0 1 1 0 1 0 1 1 1 1 0 0 1 0 1 1 1 0 1 0 0 0 0 0 0 0 1 0 0 0 0 1 1 1 0 1 0 1 1 0 30111.0 25264.0 4 0.09549704106542443
1 1 1 0 1 0 1 1 0 0 1 0 0 1 1 0 0 1 1 1 1 0 1 0 0 1 1 1 0 1 0 1 1 1 1 1 0 0 0 0 0 1 1 1 0 1 0 0 1 1 0 0 0 0 0 1 0 0 1 1 1 0 1 0 0 0 1 1 1 1 0 0 0 0 1 1 1 0 1 0 1 1 0 1 0 0 0 0 0 0 0 1 0 1 0 1 0 1 1 0 30145.0 25151.0 4 0.2592758051661671
1 1 1 0 1 0 1 0 1 0 1 1 1 1 0 0 0 1 0 1 1 0 1 0 1 1 1 0 0 0 0 1 1 1 0 1 0 0 0 1 0 1 1 0 1 0 1 0 1 1 1 0 0 1 0 1 0 1 1 1 0 1 1 0 1 0 1 1 1 1 0 0 1 0 1 1 1 0 1 0 1 1 0 0 0 0 0 0 0 0 0 1 1 1 0 1 0 1 1 0 30973.0 24917.0 4 0.35370113493972744
1 1 1 1 0 0 1 1 1 0 1 1 1 1 0 0 0 1 0 1 1 0 1 0 1 1 1 0 0 0 0 1 0 1 0 1 0 0 0 1 0 1 0 0 1 0 1 0 1 1 1 0 0 1 0 1 0 1 1 1 0 1 1 0 1 0 1 1 1 1 0 0 1 0 1 1 1 0 1 0 1 1 0 0 0 0 0 0 0 0 0 1 1 1 0 1 0 1 1 0 31538.0 24836.0 4 0.2226637661987431
1 1 1 0 1 0 1 1 0 0 1 0 0 1 1 1 0 0 0 1 1 0 0 0 1 0 1 0 0 1 1 1 0 1 1 1 0 0 0 1 0 1 1 0 1 0 1 0 1 1 1 0 0 1 0 1 0 0 1 1 0 0 1 0 1 0 1 1 1 1 0 0 1 0 1 1 1 0 1 0 1 1 0 0 0 0 0 0 0 0 0 1 1 1 0 1 0 1 1 1 31605.0 24540.0 4 0.4098971000607769
1 1 1 0 1 0 1 0 1 0 1 1 1 1 0 0 0 1 0 1 1 0 1 0 1 1 1 0 0 0 0 1 1 1 0 1 0 0 0 1 0 1 1 0 1 0 1 0 1 1 0 0 0 0 0 0 0 0 1 1 1 0 1 1 0 0 1 1 1 1 0 0 1 0 1 1 1 0 1 0 1 1 0 0 0 0 0 0 0 0 0 1 1 1 0 1 0 1 1 1 31631.0 23361.0 4 2000000000000000.0
1 0 1 0 1 0 1 0 1 0 1 1 1 1 0 0 0 1 0 1 1 0 1 0 1 0 0 0 0 1 1 1 0 1 0 1 0 0 1 0 1 1 1 1 0 1 1 1 1 1 0 0 0 0 0 0 0 0 1 1 0 0 1 1 0 1 1 0 1 1 0 0 0 0 1 0 1 1 1 0 0 1 1 1 1 1 1 0 1 0 0 1 1 1 1 0 0 0 0 0 27085.0 27055.0 5 2000000000000000.0
1 1 1 1 1 0 1 0 0 0 1 1 1 1 0 1 0 0 0 1 1 0 1 0 0 0 1 1 0 1 0 1 1 0 0 0 1 0 0 0 0 1 1 1 0 1 1 1 0 1 0 0 0 0 0 0 0 0 1 1 0 0 1 0 0 0 0 1 0 1 1 1 0 1 1 1 1 1 1 0 0 1 0 1 0 0 1 0 0 0 0 1 0 1 1 1 1 0 1 1 27646.0 27033.0 5 0.35716029438066044
0 1 0 0 1 0 0 1 0 1 1 1 1 0 0 1 1 0 0 1 1 0 1 0 0 0 1 1 0 1 1 1 0 1 0 1 1 0 0 0 0 1 1 1 0 1 1 1 0 1 0 0 0 0 0 0 0 0 1 1 0 0 1 0 0 0 0 1 0 1 1 1 0 1 1 1 1 1 1 0 0 1 0 1 0 0 1 0 0 0 0 1 0 1 1 1 1 0 1 1 28520.0 26939.0 5 0.4240458979871933
1 1 1 1 1 0 1 0 0 0 1 1 1 1 0 1 0 0 0 1 1 0 0 0 0 1 1 1 0 1 1 1 0 1 0 1 0 0 1 0 1 1 0 0 0 1 0 1 0 1 1 1 0 0 0 0 0 0 1 0 0 0 1 0 0 0 0 1 0 1 0 0 0 1 1 1 1 1 1 0 1 0 1 1 0 0 0 0 1 0 0 1 1 1 0 1 0 1 1 0 28776.0 26456.0 5 0.38447103713568903
1 1 1 1 1 0 1 1 0 1 1 1 1 1 1 0 1 1 1 0 1 0 0 0 0 1 1 1 0 1 1 1 0 1 0 1 0 0 1 0 1 1 0 0 0 1 0 1 0 1 1 1 0 0 0 0 0 0 1 0 0 0 1 0 0 0 0 1 0 0 1 1 0 1 1 1 1 1 0 0 0 1 0 1 0 0 1 0 0 0 1 0 0 1 1 1 1 0 0 1 28893.0 25917.0 5 0.4668377590032522
1 1 1 0 1 0 1 1 0 0 1 0 0 1 1 0 1 1 1 0 1 0 0 0 0 1 1 1 0 1 1 1 0 1 0 1 0 0 1 0 1 1 0 0 0 1 0 1 0 1 1 1 0 0 0 0 0 0 1 0 0 0 1 0 0 0 0 1 0 1 0 0 0 1 1 1 1 1 1 0 1 0 1 1 0 0 0 0 1 0 0 1 1 1 0 1 0 1 1 0 29349.0 25307.0 5 0.372919292614751
1 1 1 0 1 0 1 1 0 0 1 0 0 1 1 1 0 0 0 1 1 0 0 0 1 0 1 0 0 1 1 1 0 1 1 1 0 1 0 1 0 1 1 1 0 1 1 1 0 1 0 0 0 0 0 0 0 0 1 1 1 0 0 0 1 0 0 1 1 1 0 0 1 1 0 1 1 1 1 0 1 1 0 0 0 0 0 0 0 0 0 1 1 1 0 1 0 1 1 1 29711.0 25275.0 5 0.20210048928851002
1 1 1 0 1 0 1 1 1 0 1 0 0 1 1 1 0 0 0 1 1 0 0 0 0 1 1 1 0 1 1 1 0 1 0 1 0 0 1 0 1 1 0 1 0 1 0 0 1 0 0 1 1 0 0 0 1 0 1 1 1 0 1 0 0 0 1 1 1 1 0 0 1 0 1 1 1 0 1 0 1 1 0 1 0 0 1 0 0 0 1 0 0 1 1 1 0 0 0 1 30090.0 25187.0 5 0.4202144905072576
1 0 1 0 1 0 1 0 1 0 1 1 1 1 0 0 0 1 0 1 1 0 1 0 1 1 1 0 0 0 0 1 1 1 0 1 0 0 0 1 0 1 1 0 1 0 1 0 1 1 1 0 0 1 0 1 0 1 1 1 0 0 1 0 1 0 1 1 1 1 0 0 1 0 1 1 1 0 1 0 1 1 0 0 0 0 0 0 0 0 0 1 1 1 0 1 0 1 1 1 30871.0 24734.0 5 0.48042157529480334
1 1 1 0 1 1 1 1 0 0 1 0 1 1 1 0 0 1 1 0 1 0 0 0 0 1 1 1 0 1 0 1 1 0 0 0 1 1 0 0 0 1 1 1 0 1 1 1 0 1 1 0 0 1 0 0 0 0 1 1 1 0 1 0 0 0 1 1 1 1 0 0 1 0 1 1 1 0 1 0 1 1 0 0 0 0 0 0 0 0 0 1 1 1 0 1 0 1 1 1 31187.0 24393.0 5 0.29994786606316914
1 1 1 1 0 0 1 1 1 0 1 1 1 0 0 0 0 1 0 1 1 0 1 0 1 1 1 0 0 0 0 1 0 1 0 1 0 0 0 1 0 1 0 0 1 0 1 0 1 1 1 0 0 1 0 1 0 1 1 1 0 1 1 0 1 0 1 1 1 1 0 0 1 0 1 1 1 0 1 0 1 1 0 0 0 0 0 0 0 0 0 1 1 1 0 1 0 1 1 1 31502.0 24197.0 5 0.2938311307914363
1 1 1 0 1 0 1 1 0 0 1 0 0 1 1 1 0 0 0 0 1 0 0 0 0 1 1 1 0 1 1 1 0 1 0 1 0 0 1 0 1 1 0 0 0 1 0 1 0 1 1 1 0 0 0 0 0 0 1 1 1 0 1 0 0 0 1 1 1 1 0 1 1 0 1 1 1 0 1 0 1 1 0 0 0 0 0 0 0 0 0 1 1 1 0 1 0 1 1 1 31527.0 23654.0 5 2000000000000000.0
1 1 1 0 1 0 1 1 0 0 1 0 0 1 1 1 0 1 0 1 1 0 1 0 1 0 0 0 0 1 1 1 0 1 1 1 0 0 1 0 0 1 1 1 0 1 0 1 0 1 0 0 0 0 0 0 0 0 1 1 1 0 0 0 1 0 0 1 1 1 0 0 1 1 0 1 0 1 1 0 1 1 0 1 0 0 1 0 0 0 1 0 0 1 1 1 0 0 0 1 27111.0 26902.0 6 2000000000000000.0
1 1 1 0 1 0 1 1 0 0 1 0 0 1 1 1 0 0 0 1 1 0 0 0 0 0 1 0 0 1 1 1 0 1 1 1 0 1 0 1 0 1 1 1 0 1 1 1 0 1 0 0 0 0 0 0 0 0 1 1 1 0 0 0 1 0 0 1 1 1 0 0 1 1 0 1 1 1 1 0 0 1 1 1 1 1 1 0 0 0 0 0 1 1 1 1 1 0 0 1 28514.0 26753.0 6 0.6929058883902485
1 1 1 0 1 0 1 1 0 0 1 0 0 1 0 0 0 1 0 1 1 0 1 0 1 1 1 1 0 1 1 1 0 1 0 0 0 0 1 0 1 1 0 0 0 1 0 1 0 1 1 1 0 0 0 0 0 0 1 0 0 0 1 0 0 0 0 1 0 1 1 1 0 1 1 1 1 1 1 0 0 1 0 1 0 0 1 0 0 0 0 1 0 1 1 1 1 0 1 0 28696.0 26058.0 6 0.42703007444505015
1 1 1 1 1 0 0 1 0 0 1 0 1 1 1 0 1 1 1 0 1 0 0 0 0 1 1 1 0 1 1 1 0 1 0 1 0 0 1 0 1 1 0 0 1 1 0 1 0 1 1 1 0 0 0 0 0 0 1 0 0 0 1 0 0 0 0 1 0 1 0 0 0 1 0 1 0 1 0 0 1 1 0 1 0 1 0 0 0 1 0 0 1 1 1 0 1 1 1 1 28713.0 25715.0 6 0.42812172980806185
1 1 1 0 1 0 1 1 0 0 1 0 0 1 1 1 0 0 0 0 1 0 0 0 0 1 1 1 0 1 1 1 0 1 0 1 0 0 1 0 1 1 0 0 0 1 0 1 0 1 1 1 0 0 0 0 0 0 1 0 0 0 1 0 0 0 0 1 0 1 0 1 0 1 1 1 1 1 1 0 1 0 1 1 0 0 0 0 1 0 0 1 1 1 0 1 0 1 1 0 29278.0 25272.0 6 0.37727667831930867
1 1 1 1 1 0 1 1 0 0 1 0 0 1 1 1 0 0 0 1 1 0 0 0 0 0 1 0 0 1 1 1 0 1 1 1 0 0 1 0 1 1 0 0 1 1 0 1 0 1 1 0 0 0 0 0 0 0 1 1 0 0 1 1 0 1 1 0 0 1 0 1 0 1 1 1 0 1 1 0 0 1 0 1 0 0 1 0 0 0 0 1 1 1 0 1 0 1 1 0 29332.0 25093.0 6 0.27143493529333707
0 1 1 0 1 0 1 1 0 0 1 0 0 1 1 1 0 1 0 1 1 0 1 0 1 1 1 0 0 0 0 1 0 1 0 1 1 0 0 0 0 1 1 1 0 1 1 1 0 1 0 0 0 0 0 0 0 0 1 0 1 0 1 0 0 0 1 1 1 1 0 0 1 0 1 1 1 0 1 0 1 1 0 0 0 0 0 0 0 0 0 1 1 1 0 1 0 1 1 1 30023.0 25024.0 6 0.2570846164500403
1 1 1 0 1 0 1 1 0 0 1 0 0 1 1 1 0 1 0 1 1 0 0 0 0 0 1 0 0 1 1 1 0 1 1 1 0 0 1 0 1 1 0 0 0 1 0 1 1 0 0 0 0 1 0 0 0 1 1 0 0 1 1 0 0 0 0 1 0 0 1 1 0 1 1 1 1 1 1 0 0 1 0 1 0 1 1 0 1 0 0 1 1 1 0 1 0 1 1 0 30078.0 24885.0 6 0.2606733703173344
1 1 1 0 1 0 1 1 1 0 1 0 0 1 1 1 0 0 0 1 1 0 0 0 0 1 1 1 0 1 1 1 0 1 0 1 0 0 1 0 1 1 0 0 0 1 0 1 1 0 0 0 0 1 0 0 0 1 1 0 0 1 1 0 0 0 0 1 0 0 1 1 0 1 1 1 1 1 1 0 0 1 0 1 0 1 1 0 1 0 0 1 1 1 0 1 0 1 1 0 30578.0 24679.0 6 0.29189175393897626
1 1 1 0 1 0 1 1 0 0 1 0 0 1 1 0 0 1 1 1 1 0 0 0 0 1 1 0 0 1 0 1 1 1 1 1 0 0 0 0 0 1 1 1 0 1 0 0 1 1 0 0 0 0 0 1 0 0 1 1 1 0 1 0 0 0 1 1 1 1 0 0 1 0 1 1 1 0 1 0 1 1 0 0 0 0 0 0 0 0 0 1 1 1 0 1 1 1 0 1 30742.0 24527.0 6 0.13064737139153632
0 1 1 0 1 1 1 1 0 0 1 0 1 1 1 1 0 1 1 0 1 0 0 0 0 1 1 0 0 0 0 1 0 1 0 1 1 0 0 0 0 1 1 1 0 1 1 1 0 1 0 0 0 0 0 0 0 0 1 1 1 0 1 0 0 0 1 1 1 1 1 0 1 0 1 1 1 0 1 0 1 1 0 0 0 0 0 0 0 0 0 1 1 1 0 1 0 1 1 1 30835.0 24492.0 6 0.11424852612347149
0 1 1 0 1 0 0 1 0 0 1 1 1 0 1 0 1 1 1 0 1 0 0 0 0 1 1 1 0 1 1 1 0 1 0 1 0 0 0 0 0 1 1 1 1 1 1 1 0 1 0 0 0 1 0 0 0 0 1 1 1 0 1 0 0 0 1 1 1 1 0 0 1 0 1 1 1 0 1 0 1 1 0 0 0 0 0 0 0 0 0 1 1 1 0 1 0 1 1 1 30942.0 24347.0 6 0.2162167047994222
1 1 1 0 1 0 1 1 0 0 1 0 0 1 1 0 0 1 1 1 1 0 0 0 0 1 1 1 0 1 0 1 1 1 1 1 0 0 0 0 0 1 1 1 0 1 0 0 1 1 0 0 0 0 0 1 0 0 1 1 1 0 1 0 0 0 1 1 1 1 0 0 1 0 1 1 1 0 1 0 1 1 0 0 0 0 0 0 0 0 0 1 1 1 0 1 0 1 1 0 31228.0 24161.0 6 2000000000000000.0
1 1 1 1 1 0 1 1 0 0 1 0 0 1 1 1 0 0 0 1 1 0 1 0 1 0 1 0 0 0 0 1 0 1 0 1 1 0 1 0 1 1 0 0 1 1 0 1 0 1 1 1 0 0 0 0 0 0 1 0 0 0 1 0 0 0 0 1 0 1 0 0 0 1 1 1 1 1 1 0 0 1 0 1 0 0 1 0 0 0 1 0 0 1 1 1 1 0 0 1 26954.0 26775.0 7 2000000000000000.0
1 1 1 0 1 0 1 1 1 0 1 0 0 1 1 1 0 1 0 1 1 0 1 0 1 0 0 0 0 1 1 1 0 1 0 1 0 0 1 0 1 1 0 0 0 1 0 1 0 1 1 1 0 1 0 0 0 0 1 0 0 0 1 0 0 0 0 1 0 1 0 0 0 1 0 1 0 1 0 0 1 1 0 1 0 1 0 0 0 1 0 0 1 1 1 0 1 1 1 1 27729.0 26741.0 7 0.24475937607870032
1 1 1 0 1 0 1 1 0 0 1 0 0 1 1 1 0 1 0 1 1 0 1 0 1 0 0 0 0 1 1 1 0 1 1 1 0 0 1 0 1 1 0 0 0 1 0 1 0 1 1 1 0 1 0 0 0 0 1 0 0 0 1 0 0 0 0 1 0 1 0 0 0 1 1 1 0 1 1 0 0 1 0 1 0 0 1 0 0 0 0 1 1 1 0 1 0 1 1 0 27837.0 26715.0 7 0.10771805559755629
1 1 1 0 1 1 1 1 0 0 1 0 0 1 1 1 0 1 0 1 1 0 0 0 1 0 1 1 0 1 1 1 0 1 0 1 0 0 1 0 1 1 0 0 0 1 0 1 0 1 1 1 0 0 0 0 0 0 1 0 0 0 1 0 0 0 0 1 0 1 1 1 0 1 1 1 1 1 1 0 0 1 0 1 0 0 1 0 0 0 0 1 0 1 1 0 1 0 0 1 27885.0 26542.0 7 0.2148229104855523
1 1 1 1 1 0 0 1 0 0 1 0 1 1 1 0 1 1 1 0 1 0 0 0 0 1 1 1 0 1 1 1 0 1 0 1 0 0 1 0 1 1 0 0 1 1 0 1 0 1 1 1 0 0 0 0 0 0 1 0 0 0 1 0 0 0 0 1 0 1 0 0 0 1 1 1 1 1 1 0 0 1 0 1 0 0 1 0 0 0 1 0 0 1 1 1 1 0 0 1 28373.0 26485.0 7 0.5935525630155661
0 1 1 0 1 0 1 1 1 0 1 0 0 1 1 1 0 0 0 1 1 0 0 0 0 1 1 1 0 1 1 1 0 1 0 1 0 0 1 0 1 1 0 0 0 1 0 1 1 0 0 0 0 1 0 1 0 1 1 0 1 1 1 0 1 0 0 0 0 0 1 1 0 1 1 1 1 1 1 0 0 1 0 1 0 0 1 0 0 0 1 0 0 1 1 1 1 0 0 1 28465.0 25238.0 7 0.659255593805262
1 1 1 0 1 0 1 1 0 0 1 0 0 1 1 0 0 1 1 1 1 0 0 0 0 1 1 1 0 1 0 1 1 1 1 1 0 1 0 1 0 1 1 1 0 1 1 1 0 1 0 0 0 0 1 0 0 0 1 1 1 0 0 0 1 0 0 1 1 1 0 0 1 1 0 1 0 1 0 0 1 0 0 1 0 1 1 0 0 0 0 0 1 1 0 1 0 1 1 0 29205.0 25176.0 7 0.5145843740190474
1 1 1 1 1 0 1 1 0 0 1 0 0 1 1 1 0 0 0 1 1 0 1 0 1 0 1 0 0 0 0 1 0 1 0 1 1 0 0 0 0 1 1 1 0 1 1 1 0 1 0 0 0 0 0 0 0 0 1 1 1 0 1 0 0 0 1 1 1 1 0 0 1 0 1 1 1 0 1 0 1 1 0 0 0 0 0 0 0 0 0 1 1 1 0 1 0 1 1 1 29982.0 24860.0 7 0.32788735322202334
1 1 1 0 1 0 1 1 1 0 1 0 0 1 1 1 0 0 0 1 1 0 1 0 1 0 0 0 0 1 1 1 0 1 0 0 0 0 1 0 1 1 0 0 0 1 0 1 0 1 1 1 0 1 0 1 0 1 1 1 0 1 1 0 1 0 1 1 1 1 0 0 1 0 1 1 1 0 1 0 1 1 0 0 0 0 0 0 0 0 0 1 1 1 0 1 0 0 1 1 30038.0 24836.0 7 0.1336728880119568
1 1 1 0 1 0 1 1 0 0 1 0 0 1 1 1 0 0 0 1 1 0 0 0 0 1 1 1 0 1 1 1 0 1 0 1 0 0 1 0 0 1 0 0 0 0 1 0 1 1 1 0 0 1 0 1 0 1 1 1 0 1 1 0 1 0 0 1 0 0 1 1 0 1 1 1 1 1 1 0 0 1 0 1 0 0 1 0 0 0 1 0 0 1 1 1 0 0 1 1 30158.0 24600.0 7 0.1463019026255304
1 1 1 0 1 0 1 1 0 0 1 0 0 1 1 1 0 1 0 1 1 0 0 0 0 1 1 1 0 1 0 1 1 0 0 0 1 0 1 0 0 1 1 1 0 1 1 1 0 1 0 0 0 0 0 0 0 0 1 1 1 0 1 0 0 0 1 1 1 1 0 0 1 0 1 0 1 0 1 0 1 1 0 0 0 0 0 0 0 0 0 1 1 1 0 1 0 1 1 1 30195.0 24525.0 7 0.2140946477380864
0 1 1 0 1 1 1 1 0 0 1 0 1 1 1 1 0 1 1 0 1 0 0 0 0 1 1 1 0 1 0 1 1 0 0 0 1 0 0 0 0 1 1 1 0 1 1 1 0 1 0 0 0 0 0 0 0 0 1 1 1 0 1 0 0 0 1 1 1 1 0 0 1 0 1 1 1 0 1 0 1 1 0 0 0 0 0 0 0 0 0 1 1 1 0 1 0 1 1 1 30710.0 24384.0 7 0.22606388063581762
1 1 1 0 1 0 1 1 0 0 1 0 0 1 1 1 0 0 0 1 1 0 1 0 1 1 1 0 0 0 0 1 1 1 0 1 0 0 0 1 0 1 1 0 1 0 1 0 1 1 1 0 0 1 0 1 0 1 1 1 0 1 1 0 1 0 1 1 1 1 0 0 1 0 1 1 1 0 1 0 1 1 0 0 0 0 0 0 0 0 0 1 1 1 0 1 0 1 1 0 30844.0 24346.0 7 0.2279411994748093
1 1 1 0 1 1 1 1 0 0 1 0 1 1 1 1 0 1 0 1 1 0 1 0 1 0 1 1 0 1 1 0 1 1 1 1 0 1 0 0 0 1 0 0 0 0 0 0 1 1 0 0 0 0 0 0 0 0 1 1 1 0 1 0 0 0 1 1 1 1 0 0 1 0 1 1 1 0 1 0 1 1 0 0 0 0 0 0 0 0 0 1 1 1 0 1 0 1 1 1 30892.0 23853.0 7 2000000000000000.0
1 1 1 1 1 0 1 0 0 0 1 1 1 1 0 1 0 0 0 1 1 0 1 0 0 0 1 1 0 1 0 1 1 0 0 0 1 0 0 0 0 1 1 1 0 1 1 1 0 1 0 1 0 0 0 0 0 0 1 1 1 0 0 0 1 0 0 1 1 1 0 0 1 1 0 1 0 1 0 0 1 0 0 1 0 1 1 0 0 0 0 0 1 1 1 1 0 1 1 0 26956.0 26732.0 8 2000000000000000.0
1 1 1 1 1 0 1 0 0 0 1 1 1 1 0 1 0 0 1 1 1 0 1 0 0 0 1 1 0 1 0 1 1 0 0 0 1 0 0 0 0 1 1 1 0 1 1 1 0 1 0 0 0 0 0 0 0 0 1 1 1 0 0 1 1 0 0 1 1 1 0 0 1 1 0 1 0 1 0 0 1 0 0 1 0 1 1 0 0 0 0 0 1 1 0 1 1 1 1 0 27585.0 26515.0 8 0.3911510027079916
1 1 1 0 1 0 1 1 0 0 1 0 0 1 0 1 1 0 0 1 1 0 1 0 0 0 1 1 0 1 1 1 0 1 0 1 1 0 0 0 0 1 1 1 0 1 1 1 0 1 0 0 0 0 1 0 0 0 1 1 0 0 1 1 0 1 1 0 1 1 0 0 0 0 1 0 1 1 1 1 0 1 1 1 1 1 1 0 1 0 1 1 1 1 1 0 0 0 0 0 27704.0 26206.0 8 0.2186355300672336
0 1 1 0 1 0 0 1 0 0 1 1 1 1 1 0 1 1 1 0 1 0 0 0 0 1 1 1 0 1 1 1 0 1 0 1 0 0 1 0 1 1 0 0 1 1 0 1 0 1 1 1 0 0 0 0 0 0 1 0 0 0 1 0 0 0 0 1 0 1 0 0 0 1 1 1 1 1 1 0 0 1 0 1 0 0 1 0 0 0 1 0 0 1 1 1 1 0 0 1 27723.0 26026.0 8 0.21369509526230906
0 1 1 0 1 1 1 1 0 0 1 0 0 1 0 0 0 1 0 1 1 0 1 0 1 0 1 1 0 1 1 1 0 1 0 0 0 0 1 0 1 1 0 0 0 1 0 1 0 1 1 1 0 0 0 0 0 0 1 0 0 0 1 0 0 0 0 1 0 1 1 1 0 1 1 1 1 1 1 0 0 1 0 1 0 0 1 0 0 0 0 1 0 1 1 1 1 0 1 1 28185.0 25969.0 8 0.709026860722102
1 1 1 1 1 0 1 1 0 0 1 0 0 1 1 0 0 1 1 0 1 0 0 0 0 1 1 1 0 1 0 1 1 0 0 0 1 0 0 0 0 1 1 1 0 1 1 1 0 1 0 1 0 0 0 0 0 0 1 1 1 0 0 0 1 0 0 1 1 1 0 1 1 1 0 1 0 1 0 0 1 0 0 1 0 1 1 0 0 0 0 0 1 1 0 1 0 1 1 0 29137.0 25113.0 8 0.9097807776839055
1 1 1 0 1 0 1 1 0 0 1 0 0 1 1 1 0 1 0 1 1 0 1 0 0 0 1 0 0 0 0 1 0 1 0 1 1 0 1 0 0 1 0 0 1 0 0 0 1 1 0 0 0 1 0 0 0 1 1 0 0 1 1 0 0 0 0 1 0 0 1 1 0 1 1 1 1 1 1 0 0 1 0 1 0 1 1 0 1 0 0 1 1 1 0 1 0 1 1 1 30036.0 24823.0 8 0.5669900405811529
1 1 1 0 1 0 1 1 0 0 1 0 0 1 1 0 0 1 1 1 1 0 0 0 0 1 1 1 0 1 1 1 0 1 0 1 0 0 1 0 1 1 1 1 0 1 0 0 1 1 0 0 0 0 0 1 0 0 1 1 1 0 1 0 0 0 1 1 1 1 0 0 0 0 1 1 1 0 1 0 1 0 0 1 0 0 0 0 0 0 0 1 0 1 0 1 0 1 1 0 30107.0 24271.0 8 0.3633313579371147
0 1 1 0 1 1 1 1 0 0 1 0 1 1 1 1 0 1 1 0 1 0 0 0 0 1 1 0 0 0 0 1 0 1 0 1 1 0 0 0 0 1 1 1 0 1 1 1 0 1 0 0 0 0 0 0 0 0 1 1 1 0 1 0 0 0 1 1 1 1 0 0 1 0 1 1 1 0 1 0 1 1 0 0 0 0 0 0 0 0 0 1 1 1 0 1 0 1 1 1 30588.0 24235.0 8 0.2606247540476104
1 1 1 0 1 1 1 1 0 0 1 0 1 1 1 1 0 1 0 1 1 0 1 0 1 0 1 1 0 1 1 0 1 1 1 1 0 1 0 0 0 1 0 0 0 0 0 0 1 1 0 0 0 0 0 0 0 0 1 1 1 0 1 0 0 0 1 1 1 1 0 0 1 0 1 1 1 0 1 0 1 1 0 0 0 0 0 0 1 0 0 1 1 1 0 1 0 1 1 0 30800.0 24056.0 8 2000000000000000.0
1 1 1 0 1 0 1 1 0 0 1 0 0 1 1 1 0 1 0 1 1 0 1 0 1 0 0 0 0 1 1 1 0 1 0 1 0 0 1 0 0 1 1 1 0 1 0 1 0 1 0 0 0 0 0 0 0 0 1 1 1 0 0 0 1 0 0 1 1 1 0 0 1 1 0 1 0 1 1 0 1 1 0 1 0 0 1 0 0 0 1 0 0 1 1 1 0 0 0 1 26660.0 26509.0 9 2000000000000000.0
1 1 1 0 1 0 1 1 0 0 1 0 0 1 1 0 0 1 1 1 1 0 0 0 0 1 1 1 0 1 0 1 1 1 1 1 0 0 0 0 0 1 1 1 0 1 0 0 1 1 0 0 0 0 0 1 0 0 1 1 1 0 1 0 0 0 1 1 1 1 0 0 0 0 1 1 1 0 1 0 1 1 0 0 0 0 0 0 0 0 0 1 1 1 0 1 0 1 1 0 30720.0 23564.0 9 2000000000000000.0
