1 0 1 0 1 0 1 1 1 0 1 1 1 1 1 1 0 1 0 1 1 0 1 0 1 0 0 1 1 1 1 1 0 1 0 1 0 0 1 0 0 1 1 1 0 1 1 1 1 1 0 1 0 1 0 0 0 0 1 0 0 0 1 0 0 0 0 1 0 1 0 0 1 1 1 1 1 1 1 0 1 1 0 0 0 0 0 0 1 0 0 0 1 1 1 1 1 1 1 0 33103.0 33037.0 0 2000000000000000.0
1 0 1 1 0 0 1 1 1 0 1 1 1 1 1 1 0 1 0 1 1 0 1 0 1 0 0 1 1 1 0 1 0 1 0 1 1 0 1 0 0 1 1 1 0 1 1 1 1 1 0 1 1 1 0 0 0 0 1 0 0 0 1 0 0 0 0 1 0 1 0 0 1 1 1 1 1 1 1 0 1 1 0 0 0 0 0 0 1 0 0 0 1 1 1 1 1 0 1 0 33117.0 32970.0 0 0.14501594896331313
1 0 1 1 0 0 1 1 1 0 1 1 1 1 1 1 0 1 0 1 1 0 1 0 1 0 0 0 1 1 1 1 0 1 0 1 1 0 1 0 0 1 1 1 0 1 1 1 1 1 0 1 0 1 0 0 0 0 1 0 0 0 1 0 0 0 0 1 0 1 0 0 1 1 1 1 1 1 1 0 1 1 0 0 0 0 0 0 1 0 0 0 1 1 1 1 1 1 1 0 33541.0 32957.0 0 0.36557814992024507
1 0 1 1 0 0 1 1 1 0 1 1 1 1 1 1 0 1 0 1 1 0 1 0 1 0 0 1 1 1 0 1 0 1 0 1 1 0 1 0 0 1 1 1 0 1 1 1 1 1 0 1 0 1 0 0 0 0 1 0 1 0 1 0 0 0 0 1 0 1 0 0 1 1 1 1 1 0 1 0 1 1 0 0 0 0 0 0 1 0 0 0 1 1 1 1 1 1 1 0 34062.0 32497.0 0 0.4394178628389032
1 0 1 0 1 0 1 1 1 0 1 1 1 1 1 1 0 1 0 1 1 0 1 0 1 0 0 0 1 1 1 1 0 1 0 1 1 0 1 0 0 1 1 1 0 1 1 1 1 1 0 1 0 1 0 0 0 0 1 0 1 0 1 0 0 0 0 1 0 1 0 0 1 1 1 1 1 0 1 1 1 1 0 0 0 0 0 0 1 0 0 0 1 1 1 1 1 1 1 0 34703.0 32433.0 0 0.531036682615615
1 0 1 1 0 0 1 1 1 0 1 1 1 1 0 1 0 1 0 1 1 0 1 0 1 1 0 0 1 1 1 1 0 1 0 1 1 0 1 0 0 1 1 1 0 1 1 1 1 1 0 1 0 0 0 0 0 0 1 0 1 0 1 0 0 0 0 1 0 1 0 0 1 1 1 1 1 0 1 1 1 1 0 0 0 1 0 0 1 1 0 0 1 1 1 1 1 1 1 0 35538.0 31986.0 0 0.7621212121211938
1 0 1 1 0 0 1 1 1 0 1 0 0 1 0 1 0 1 0 1 1 0 1 0 1 1 1 0 1 1 1 1 0 1 0 1 0 0 1 0 1 1 1 0 0 1 1 1 1 1 0 1 0 0 0 0 0 0 1 1 1 0 1 0 0 0 0 1 0 1 0 0 1 1 1 1 1 1 1 1 1 1 0 0 0 0 0 0 1 1 0 0 1 1 1 1 1 1 1 0 35955.0 30223.0 0 0.6363716108452806
1 0 1 1 0 0 1 1 1 0 1 1 1 1 1 1 0 1 0 1 0 0 1 0 1 1 1 1 1 1 1 1 0 1 0 1 1 0 1 0 0 1 1 1 0 1 1 1 1 1 0 0 0 1 0 0 0 0 1 1 1 0 1 1 0 0 0 1 1 1 0 0 1 0 1 1 1 0 1 1 1 1 0 0 0 0 0 0 0 1 0 1 1 1 0 1 0 0 1 0 36356.0 29753.0 0 0.6534449760765415
1 0 1 1 0 0 1 1 1 0 1 0 0 1 1 1 1 1 0 1 1 0 1 0 1 1 1 1 1 1 1 1 0 1 0 1 0 0 0 0 1 1 1 0 0 1 1 1 1 1 0 0 0 1 0 0 0 0 1 1 1 0 1 1 0 0 0 1 1 1 0 0 1 0 1 1 1 0 1 1 1 1 1 0 0 0 0 0 1 1 0 1 1 1 0 1 0 0 1 0 36447.0 27337.0 0 2000000000000000.0
1 0 1 0 1 0 1 1 1 0 1 1 1 1 1 1 0 1 0 1 1 0 1 0 1 0 0 1 1 1 0 1 0 1 0 1 1 0 1 0 0 1 1 1 0 1 1 1 1 1 0 1 0 1 0 0 0 0 1 0 0 0 1 0 0 1 0 1 0 1 0 0 0 0 0 1 1 1 1 0 1 0 1 1 0 0 0 0 1 0 0 1 0 1 1 1 1 1 0 0 29953.0 32978.0 1 2000000000000000.0
1 0 1 1 1 0 1 1 1 0 1 1 1 1 0 1 0 1 1 1 0 0 1 0 1 0 0 1 1 1 1 1 0 1 0 1 0 0 1 0 1 1 1 1 1 1 1 1 1 1 0 1 0 1 0 0 0 0 1 0 0 0 1 0 0 0 0 1 0 1 0 0 1 1 1 1 1 0 1 0 1 1 0 0 0 0 0 0 1 0 0 0 1 1 1 1 1 1 1 0 33215.0 32951.0 1 0.643549153003432
1 0 1 1 0 0 1 1 1 0 1 1 1 1 1 1 0 1 0 1 1 0 1 0 1 0 0 1 1 1 1 1 0 1 0 1 0 0 1 0 0 1 1 1 1 1 1 1 1 1 0 1 0 1 0 0 0 1 1 0 0 0 1 0 0 0 0 1 0 1 0 0 1 1 1 1 1 0 1 0 1 1 0 0 0 0 0 0 1 0 0 0 1 1 1 1 1 1 1 0 33439.0 32616.0 1 0.36997189007060094
1 0 0 1 0 0 1 1 1 0 1 1 1 1 1 1 0 1 0 1 1 0 1 0 1 0 0 1 1 1 1 1 0 1 0 1 0 0 1 0 0 1 1 1 1 1 1 1 1 1 0 0 0 1 0 0 0 0 1 0 1 0 1 1 0 0 0 1 0 1 0 0 1 1 1 1 1 1 1 0 1 1 0 0 0 0 0 0 1 0 0 0 1 1 1 1 1 1 1 0 34464.0 32310.0 1 0.3749824014660986
1 0 1 0 0 0 1 1 1 0 1 0 0 1 1 1 0 1 0 1 1 0 1 0 1 1 1 1 1 1 1 1 0 1 0 1 1 0 1 0 0 1 1 1 0 1 1 1 1 1 0 1 0 1 0 0 0 0 1 0 0 0 1 0 0 0 0 1 0 1 0 0 1 1 1 1 1 1 1 0 1 1 0 0 0 0 0 0 1 0 0 0 1 1 1 1 1 1 1 0 34509.0 31854.0 1 0.23452701106499763
1 0 1 1 0 0 1 1 1 0 1 0 0 1 1 1 0 1 0 1 1 0 1 0 1 1 1 1 1 1 1 1 0 1 0 1 1 0 1 0 0 1 1 1 0 1 1 1 1 1 0 1 0 1 0 0 0 0 1 0 0 0 1 0 0 0 0 1 0 1 0 0 1 1 1 1 1 0 1 0 1 1 0 0 0 0 0 0 1 0 0 0 1 1 1 1 1 1 1 0 34747.0 31612.0 1 0.21630328179845842
1 0 1 1 0 0 1 1 1 0 1 1 1 1 1 1 0 1 0 1 0 0 0 0 1 1 1 1 1 1 1 1 0 1 0 1 1 0 1 0 0 1 1 1 0 1 1 1 1 1 0 1 0 1 0 0 0 0 1 0 1 0 1 0 0 0 0 1 0 1 0 0 1 1 1 1 1 0 1 0 1 1 0 0 0 0 0 0 1 0 0 0 1 1 1 1 1 1 1 0 35408.0 31576.0 1 0.46202653978222
1 0 1 1 0 0 1 1 1 0 1 1 1 1 1 1 0 1 0 1 1 0 1 0 1 1 1 1 0 1 1 1 0 1 0 1 0 0 1 0 1 1 1 0 0 1 1 1 1 1 0 0 0 0 0 0 0 0 1 1 1 0 1 0 0 0 0 1 0 1 0 0 1 1 1 1 1 1 1 1 1 0 0 0 0 0 0 0 1 0 0 0 1 1 1 1 1 1 1 0 35432.0 30310.0 1 0.368840214857209
1 0 1 1 0 0 1 1 1 0 1 0 0 1 1 1 0 1 0 1 1 0 1 0 1 1 1 1 0 1 1 1 0 1 0 1 1 0 1 0 0 1 1 1 0 1 1 1 1 1 0 0 0 1 0 1 0 0 1 0 1 0 1 1 0 0 0 1 0 1 0 0 1 1 1 1 1 0 1 0 1 1 0 0 0 0 0 0 1 0 0 0 1 1 0 1 1 1 1 0 35434.0 30238.0 1 0.10974445735666162
1 0 1 1 0 0 1 1 1 0 1 1 1 1 1 1 0 1 0 1 1 0 0 0 1 1 1 1 1 1 1 1 0 1 0 1 0 0 1 0 1 1 1 1 1 1 1 1 1 1 0 0 0 0 0 0 0 0 1 0 1 0 1 0 0 1 0 1 0 1 0 0 1 1 1 1 1 0 1 1 1 1 0 0 0 0 0 0 1 0 0 0 1 1 0 1 1 0 1 0 35569.0 29986.0 1 0.21968041062449803
1 0 1 1 0 0 1 1 1 0 1 1 1 1 1 1 0 1 0 1 1 0 0 0 1 1 1 1 1 1 1 1 0 1 0 1 0 0 1 0 1 1 1 1 1 1 1 1 1 1 0 0 0 0 0 0 0 0 1 0 1 0 1 0 0 0 0 1 0 1 0 0 1 1 1 1 1 0 1 1 1 1 0 0 0 0 0 0 1 1 0 0 1 1 0 1 0 1 1 0 35854.0 29673.0 1 0.14667811267356592
1 0 1 1 0 0 1 1 0 0 1 1 1 1 1 1 0 1 0 1 0 0 0 0 1 1 1 1 1 1 1 1 0 1 0 1 1 0 1 0 0 1 1 1 0 1 1 1 1 1 0 0 0 0 0 0 0 0 1 1 1 0 1 1 0 0 0 1 1 1 0 0 1 0 1 1 1 0 1 1 1 1 0 0 0 0 0 0 1 0 0 0 1 1 1 1 1 1 1 0 35958.0 29671.0 1 0.08349042759068151
1 0 1 1 0 0 1 1 1 0 1 0 0 1 1 1 0 1 0 1 1 0 1 0 1 1 1 1 1 1 1 1 0 1 0 1 1 0 0 0 0 1 1 1 0 1 1 1 1 1 0 0 0 0 0 0 0 0 1 1 1 0 1 1 0 0 0 1 1 1 0 0 1 0 1 1 1 0 1 1 1 1 0 0 0 0 0 0 1 0 0 0 1 1 1 1 1 1 1 0 36212.0 29572.0 1 0.14945211886347717
1 0 1 1 0 0 1 1 1 0 1 0 0 1 1 1 0 1 0 1 1 0 1 0 1 1 1 1 1 1 1 1 0 1 0 1 1 0 0 0 0 1 1 1 0 1 1 1 1 1 0 0 0 0 0 0 0 0 1 1 1 0 1 1 0 0 0 1 1 1 0 0 1 1 1 1 1 0 1 1 1 1 0 0 0 0 0 0 1 0 0 0 1 1 0 1 1 0 1 0 36288.0 29312.0 1 0.09315411065957879
1 0 1 1 0 0 1 1 1 0 1 1 1 1 1 1 0 1 0 1 1 0 0 0 1 1 1 1 1 1 1 1 0 1 0 1 0 0 0 0 0 1 1 1 0 1 1 1 1 1 0 0 0 0 0 0 0 0 1 1 1 0 1 1 0 0 0 1 1 1 0 0 1 0 1 1 1 0 1 1 1 1 0 0 0 0 0 0 1 1 0 0 1 1 1 1 1 1 1 0 36351.0 29310.0 1 2000000000000000.0
1 0 1 1 0 0 1 1 1 0 1 1 1 1 1 1 0 1 0 1 1 0 1 0 1 0 0 1 1 1 0 1 0 1 0 1 1 0 1 0 0 1 1 1 0 1 1 1 1 1 0 1 0 1 0 0 0 0 1 0 0 0 1 0 0 1 0 1 0 1 0 0 0 0 0 1 1 1 1 0 1 0 1 1 0 0 0 0 1 0 0 1 0 1 1 1 1 1 0 0 30062.0 32789.0 2 2000000000000000.0
1 0 1 1 0 0 1 1 1 0 1 1 1 1 1 1 0 1 0 1 1 0 1 0 1 0 0 1 1 1 0 1 0 1 0 1 1 0 1 0 0 1 1 1 0 1 1 1 1 1 0 1 0 1 0 0 0 0 1 0 0 0 1 0 0 1 0 1 0 1 0 0 0 0 0 1 1 1 1 0 1 0 1 1 0 0 0 0 1 0 0 0 1 1 1 1 1 1 1 0 31473.0 32778.0 2 0.49226422425928856
1 0 1 0 1 0 1 1 1 0 1 1 1 1 1 1 0 1 0 1 1 0 1 0 1 0 0 1 1 1 0 1 0 1 0 1 1 0 1 0 0 1 1 1 0 1 1 1 1 1 0 1 0 1 0 0 0 0 1 0 0 0 1 0 0 1 0 1 0 1 0 0 1 1 1 1 1 1 1 0 1 1 0 0 0 0 0 0 1 0 0 0 1 1 0 1 1 0 1 0 33062.0 32748.0 2 0.30359970340802445
1 0 1 0 1 0 1 1 1 0 1 1 1 1 1 1 0 1 0 1 1 0 1 0 1 0 0 1 1 1 0 1 0 1 0 1 1 0 1 0 0 1 1 1 0 1 1 1 1 1 0 1 0 1 0 0 0 0 1 0 0 0 1 0 0 0 0 1 0 1 0 0 1 1 1 1 1 0 1 0 1 1 0 0 0 0 0 0 1 0 0 0 1 1 1 1 1 1 1 0 33150.0 32644.0 2 0.06138080459530026
1 0 1 1 1 0 1 1 1 0 1 1 1 1 0 1 0 1 0 1 1 0 1 0 1 0 0 0 1 1 1 1 0 1 0 1 0 0 1 0 1 1 1 1 1 1 1 1 1 1 0 1 0 1 0 0 0 0 1 0 0 0 1 0 0 0 0 1 0 1 0 0 1 1 1 1 1 0 1 0 1 1 0 0 0 0 0 0 1 0 0 0 1 1 1 1 1 1 1 0 33159.0 32569.0 2 0.057692513156705996
1 0 1 0 1 0 1 1 1 0 1 1 1 1 1 1 0 1 0 1 1 0 1 0 1 0 0 0 1 1 1 1 0 1 0 1 0 0 1 0 0 1 1 1 0 1 1 1 1 1 1 1 0 1 0 0 0 0 1 0 1 0 1 0 0 0 0 1 0 1 0 0 1 1 1 1 1 0 1 0 1 1 0 1 0 0 0 0 1 0 0 0 1 1 0 1 1 1 1 0 33232.0 32470.0 2 0.0914183026700982
1 0 1 1 0 0 1 1 1 0 1 0 1 1 1 1 0 1 0 1 1 0 1 0 1 0 0 0 1 1 1 1 0 1 0 1 0 0 1 0 0 1 1 1 0 1 1 1 1 1 1 1 0 1 0 0 0 0 1 0 1 0 1 0 0 0 0 1 0 1 0 0 1 1 1 1 1 0 1 0 1 1 0 1 0 0 0 0 1 0 0 0 1 1 1 1 1 1 1 0 33357.0 32336.0 2 0.1695132252502894
1 0 1 0 1 0 1 1 1 0 1 1 1 1 1 1 0 1 0 1 1 0 1 0 1 0 0 0 1 1 1 1 0 1 0 1 1 0 1 0 0 1 1 1 0 1 1 1 1 1 0 1 0 1 0 0 0 0 1 0 1 0 1 0 0 0 0 1 0 1 0 0 1 1 1 1 1 0 1 0 1 1 0 0 0 0 0 0 1 0 0 0 1 1 1 1 1 1 1 0 33988.0 32282.0 2 0.2100738291118029
1 0 1 1 0 0 1 1 1 0 1 1 1 1 1 1 0 1 0 1 1 0 1 0 1 0 0 1 1 1 1 1 0 1 0 1 0 0 1 0 0 1 1 1 0 1 1 1 1 1 0 0 0 1 0 0 0 0 1 0 1 0 1 1 0 0 0 1 0 1 0 0 1 1 1 1 1 1 1 0 1 1 0 0 0 0 0 0 1 0 0 0 1 1 1 1 1 1 1 0 34262.0 32083.0 2 0.11783991496074801
1 0 1 1 1 0 1 1 1 0 1 0 1 1 0 1 0 1 1 1 0 0 1 0 1 0 0 1 1 1 1 1 0 1 0 1 0 0 1 0 1 1 1 1 1 1 1 1 1 1 0 0 0 1 0 0 0 0 1 0 1 0 1 0 0 0 0 1 0 1 0 0 1 1 1 1 1 1 1 1 1 1 0 0 0 0 0 0 1 1 0 0 1 1 1 1 0 1 1 0 34333.0 32038.0 2 0.023654458848685486
1 0 1 1 0 0 1 1 0 0 1 1 1 1 1 1 0 1 0 1 0 0 0 0 1 1 1 1 1 1 1 1 0 1 0 1 1 0 1 0 0 1 1 1 0 1 1 1 1 1 0 1 0 1 0 0 0 0 1 0 0 0 1 0 0 0 0 1 0 1 0 0 1 1 1 1 1 1 1 0 1 1 0 0 0 0 0 0 1 0 0 0 1 1 1 1 1 1 1 0 34336.0 32037.0 2 0.09500406737325354
1 0 1 1 0 0 1 1 1 0 1 1 1 1 1 1 0 1 0 1 1 0 0 0 1 1 1 1 1 1 1 1 0 1 0 1 0 0 1 0 0 1 1 1 0 1 1 1 1 1 0 1 1 1 0 0 0 0 1 0 0 0 1 0 0 0 0 1 0 1 0 0 1 1 1 1 1 1 1 0 1 1 0 0 0 0 0 0 1 0 0 0 1 1 1 1 1 0 1 0 34343.0 31673.0 2 0.11177251014541825
1 0 1 1 0 0 1 1 1 0 1 0 0 1 1 1 1 1 0 1 1 0 1 0 1 1 1 1 1 1 0 1 0 1 0 1 1 0 1 0 0 1 1 1 0 1 1 1 1 1 0 1 0 1 0 0 0 0 1 0 0 0 1 0 0 0 0 1 0 1 0 0 1 1 1 1 1 0 1 0 1 1 0 0 0 0 0 0 1 0 0 0 1 1 1 1 1 1 1 0 34358.0 31614.0 2 0.05383664495373565
1 0 1 1 0 0 1 1 1 0 1 1 1 1 1 1 0 1 0 1 1 0 1 0 1 0 1 1 0 1 1 1 0 1 0 1 0 0 1 0 0 1 1 1 0 1 1 1 1 1 0 0 0 1 0 0 0 0 1 0 1 0 1 1 0 0 0 1 0 1 0 0 1 1 1 1 1 1 1 0 1 1 0 0 0 0 0 0 1 0 0 0 1 1 1 1 1 1 1 0 34495.0 31558.0 2 0.16091203345814872
1 0 1 1 0 0 1 1 1 0 1 0 0 1 1 1 0 1 0 0 1 0 1 0 1 1 1 1 1 1 1 1 0 1 0 1 1 0 1 0 0 1 1 1 1 1 1 1 1 1 0 1 0 0 0 0 0 0 1 0 0 0 1 0 0 0 0 1 1 1 0 0 1 1 1 1 1 0 1 1 1 1 0 0 0 0 0 0 1 0 0 0 1 1 1 1 1 1 1 0 35215.0 31523.0 2 0.3860981390020818
1 0 1 1 0 0 1 1 1 0 1 1 1 1 1 1 0 1 0 1 0 0 1 0 1 1 1 1 1 1 1 1 0 1 0 1 1 0 1 0 0 1 1 1 0 1 1 1 1 1 0 1 0 1 0 0 0 0 1 1 1 0 1 1 0 0 0 1 1 1 0 0 1 0 0 1 1 0 1 1 1 1 0 0 0 0 0 0 0 1 0 1 1 1 0 1 0 0 0 0 35266.0 30533.0 2 0.6356481719667837
1 0 1 1 0 0 1 1 1 0 1 0 1 1 1 1 0 1 0 1 1 0 1 0 1 0 1 1 1 1 1 1 0 1 0 1 1 0 1 0 0 1 1 1 0 1 1 1 1 1 0 0 0 1 0 0 0 0 1 1 1 0 1 1 0 0 0 1 1 1 0 0 1 0 1 1 1 0 1 1 1 1 0 0 0 0 0 0 0 1 0 1 1 1 0 1 0 0 1 0 36031.0 29551.0 2 0.5660474764122627
1 0 1 1 0 0 1 1 1 0 1 0 0 1 0 1 0 1 0 1 1 0 1 0 1 1 1 0 1 1 1 1 1 1 0 1 0 0 1 0 1 1 1 0 0 1 1 1 1 1 0 1 0 0 0 0 0 0 1 1 1 0 1 0 1 0 0 1 0 1 0 1 1 1 1 1 1 0 1 1 1 1 0 0 0 0 0 0 1 1 0 0 1 1 0 1 0 1 1 0 36227.0 28924.0 2 0.21287566494443153
1 0 1 1 0 0 1 1 1 0 1 0 0 1 1 1 0 1 0 1 1 0 1 0 1 1 1 1 1 1 1 1 0 1 0 1 1 0 1 0 0 1 1 1 0 1 1 1 1 1 0 0 0 1 0 0 0 0 1 1 1 0 1 1 0 0 0 1 1 1 0 0 1 0 1 1 1 0 1 1 1 1 0 0 0 0 0 0 0 1 0 1 1 1 0 1 0 0 1 0 36289.0 28881.0 2 2000000000000000.0
1 0 1 0 1 0 1 1 1 0 1 1 1 1 1 1 0 1 0 1 1 0 1 0 1 0 0 1 1 1 0 1 0 1 0 1 1 0 1 0 0 1 1 1 0 1 1 1 1 1 0 1 0 1 0 0 0 0 1 0 0 0 1 0 0 0 0 1 0 1 0 0 1 1 1 1 1 0 1 0 1 1 0 0 0 0 0 0 1 0 0 0 1 1 1 1 1 1 0 0 32246.0 32634.0 3 2000000000000000.0
1 0 1 0 1 0 0 1 1 0 1 1 1 1 1 1 0 1 0 1 1 0 1 0 1 0 0 0 1 1 1 1 0 1 0 1 1 0 1 0 0 1 1 1 0 1 1 1 1 1 0 1 0 1 0 0 0 1 1 0 0 0 1 0 0 0 0 1 0 1 0 0 1 1 1 1 1 1 1 0 1 1 0 0 0 0 0 0 1 0 0 0 1 1 1 1 1 1 1 0 32892.0 32621.0 3 0.21440290094036338
1 0 1 1 1 0 1 1 1 0 1 0 1 1 0 1 0 1 1 1 0 0 1 0 1 0 0 1 1 1 1 1 0 1 0 1 0 0 1 0 1 1 1 1 1 1 1 1 1 1 0 1 0 1 0 0 0 0 1 0 0 0 1 0 0 0 0 1 0 1 0 0 1 1 1 1 1 0 1 0 1 1 0 0 0 0 0 0 1 0 0 0 1 1 1 1 1 1 1 0 33064.0 32590.0 3 0.17598696331817154
1 0 1 0 1 0 1 1 1 0 1 1 1 1 1 1 0 1 0 1 1 0 1 0 1 1 0 0 1 1 1 1 0 1 0 1 0 0 1 0 0 1 1 1 0 1 1 1 1 1 0 1 0 0 0 0 0 0 1 0 1 0 1 0 0 0 0 1 0 1 0 0 0 1 1 1 1 1 1 0 1 1 0 1 0 0 1 0 0 0 0 0 1 1 0 1 1 1 1 0 33244.0 32250.0 3 0.2020002069220415
1 0 1 1 0 1 1 1 0 0 1 1 1 1 1 1 0 1 0 1 0 0 0 0 1 1 1 1 1 1 1 1 0 1 0 1 1 0 1 0 0 1 1 1 0 1 1 1 1 1 0 1 0 1 0 0 0 0 1 0 0 0 1 0 0 0 0 1 0 1 0 0 1 1 1 1 1 1 1 0 1 1 0 0 0 0 0 0 1 0 0 0 1 1 1 1 1 1 0 0 33486.0 32183.0 3 0.17112660753676073
1 0 1 0 1 0 1 1 1 0 1 1 1 1 1 1 0 1 0 1 1 0 1 0 1 0 0 0 1 1 1 1 0 1 0 1 0 0 1 0 1 1 1 1 1 1 1 1 1 1 0 1 0 0 0 0 0 0 1 0 1 0 1 0 0 0 0 1 0 1 0 0 1 1 1 1 1 0 1 0 1 1 0 0 0 0 0 0 1 0 0 0 1 1 1 1 1 1 1 0 33711.0 32020.0 3 0.20120910065689837
1 0 1 1 0 0 1 1 1 0 1 0 0 1 1 1 0 1 0 1 1 0 1 0 1 1 1 1 1 1 0 1 0 1 0 1 1 0 1 0 0 1 1 1 0 1 1 1 1 1 0 1 1 1 0 0 0 0 1 0 0 0 1 0 0 0 0 1 0 1 0 0 1 1 1 1 1 1 1 0 1 1 0 0 0 0 0 0 1 0 0 0 1 1 1 1 1 0 1 0 34108.0 31989.0 3 0.1826640828091312
1 0 1 1 0 0 1 1 1 0 1 1 1 1 1 1 0 1 0 0 0 0 0 0 1 1 1 1 1 1 1 1 0 1 0 1 1 0 1 0 0 1 1 1 0 1 1 1 1 1 0 1 0 1 0 0 0 0 1 0 0 0 1 0 0 0 0 1 0 1 0 0 1 1 1 1 1 1 1 0 1 1 0 0 0 0 0 0 1 0 0 0 1 1 1 1 1 1 1 0 34230.0 31796.0 3 0.15787588886803483
1 0 1 1 0 0 1 1 1 0 1 0 0 1 1 1 0 1 0 1 1 0 1 0 1 1 1 1 1 1 0 1 0 1 0 1 1 0 1 0 0 1 1 1 0 1 1 1 1 1 0 1 0 1 0 0 0 0 1 0 0 0 1 0 0 0 0 1 0 1 0 0 1 1 1 1 1 0 1 0 1 1 0 0 0 0 0 0 1 0 0 0 1 1 1 1 1 1 1 0 34250.0 31474.0 3 0.14744666198868336
1 0 1 1 0 0 1 1 0 0 1 1 1 1 1 1 0 1 0 1 0 0 0 0 1 1 1 1 1 1 1 1 0 1 0 1 1 0 1 0 0 1 1 1 0 1 1 1 1 1 0 1 0 0 0 0 0 0 1 0 1 0 1 0 0 0 0 1 0 1 0 0 1 1 1 1 1 0 1 0 1 1 0 1 0 0 0 0 1 0 0 0 1 1 0 1 1 1 1 0 34375.0 31328.0 3 0.1579779269316119
1 0 1 1 0 0 1 1 1 0 1 0 0 1 1 1 0 1 0 0 1 0 1 0 1 1 1 1 1 1 1 1 0 1 0 1 1 0 1 0 0 1 1 1 1 1 1 1 1 1 0 1 0 0 0 0 0 0 1 0 0 0 1 0 0 0 0 1 1 1 0 0 1 1 1 1 1 0 1 1 1 1 0 0 0 0 0 0 0 0 0 0 1 1 1 1 1 1 1 0 34711.0 31293.0 3 0.16575641717737166
1 0 1 1 0 0 1 1 0 0 1 1 1 1 1 1 0 1 0 1 0 0 0 0 1 1 1 1 1 1 1 1 0 1 0 1 1 0 1 0 0 1 1 1 0 1 1 1 1 1 0 1 0 1 0 0 0 0 1 0 1 0 1 0 0 0 0 1 0 1 0 0 1 1 1 1 1 0 1 0 1 1 0 0 0 0 0 0 1 0 0 0 1 1 1 1 1 1 1 0 34892.0 31173.0 3 0.2296594590796775
1 0 1 0 0 0 1 1 1 0 1 0 0 1 1 1 0 1 0 1 1 0 1 0 1 1 1 1 1 1 1 1 0 1 0 1 1 0 1 0 0 1 1 1 0 1 1 1 1 1 0 1 0 0 0 0 0 0 1 0 1 1 1 0 0 0 0 1 0 1 0 0 1 1 1 1 1 0 1 0 1 1 0 0 0 0 0 0 1 0 0 0 1 1 1 1 1 1 1 0 35098.0 30733.0 3 0.18793164220509673
1 0 1 0 1 0 1 1 1 0 1 1 1 1 1 1 0 1 0 1 1 0 1 0 1 0 0 1 1 1 1 1 0 1 0 1 1 0 1 0 0 1 1 1 0 1 1 1 1 1 0 0 0 1 0 0 0 0 1 1 1 0 1 1 0 0 0 1 1 1 0 0 1 0 1 1 1 0 1 1 1 1 0 0 0 0 0 0 0 1 0 0 1 1 0 1 1 0 1 0 35166.0 30670.0 3 0.18487548065648993
1 0 1 0 1 0 1 1 1 0 1 1 1 1 1 1 0 1 0 1 1 0 1 0 1 0 0 1 1 1 1 1 0 1 0 1 1 0 1 0 0 1 1 1 0 1 1 1 1 1 0 0 0 1 0 0 0 0 1 1 1 0 1 1 0 0 0 1 1 1 0 0 1 0 1 1 1 0 1 1 1 1 0 0 0 0 0 0 0 1 0 1 1 1 0 1 0 0 1 0 35189.0 30051.0 3 0.2481798122938318
1 0 1 1 0 0 1 1 1 0 1 0 0 1 1 1 0 1 0 1 1 0 1 0 1 1 1 1 1 1 1 1 0 1 0 1 1 0 1 0 0 1 1 1 0 1 1 1 1 1 0 1 0 1 0 0 0 0 1 1 1 0 1 1 0 0 0 1 1 1 0 0 1 0 0 1 1 0 1 1 1 1 0 0 0 0 0 0 0 1 0 1 1 1 0 1 0 0 0 0 35199.0 29661.0 3 0.19217864309533583
1 0 1 1 0 0 1 1 1 0 1 0 0 1 1 1 0 1 0 1 1 1 1 0 1 1 0 1 1 1 0 1 0 1 0 1 0 0 0 0 0 1 1 1 0 1 1 1 1 1 0 0 0 0 0 0 0 0 1 1 1 0 1 1 0 0 0 1 1 1 0 0 1 0 1 1 1 0 1 1 1 1 0 0 0 1 0 0 1 1 0 0 1 1 1 1 1 1 1 0 35274.0 29332.0 3 0.1658263200692704
1 0 1 0 1 0 1 1 1 0 0 1 1 1 1 1 0 1 0 1 1 0 1 0 1 1 1 1 0 1 1 1 0 1 0 1 0 0 1 0 1 1 1 0 0 1 1 1 1 1 0 0 0 0 0 0 0 0 1 1 1 0 1 0 0 0 0 1 0 1 0 0 1 1 1 1 1 1 1 1 1 1 0 0 0 0 0 0 1 1 0 0 1 1 0 1 0 1 1 0 35536.0 29317.0 3 0.11658337906073105
1 0 1 0 1 0 1 1 1 0 1 0 0 1 1 1 0 1 0 1 1 0 1 0 1 1 1 1 1 1 1 1 0 1 0 1 0 0 0 0 0 1 1 1 0 1 1 1 1 1 0 0 0 0 0 0 0 0 1 1 1 0 1 1 0 0 0 1 1 1 0 0 1 0 1 1 1 0 1 1 1 1 0 0 0 0 0 0 1 1 0 0 1 1 1 1 1 1 1 0 35713.0 29302.0 3 0.11203103474956078
1 0 1 1 0 0 1 1 1 0 1 0 0 1 0 1 0 1 0 1 1 0 1 0 1 1 1 0 1 1 1 1 0 1 0 1 0 0 1 0 1 1 1 0 0 1 1 1 1 1 0 1 0 0 0 0 0 0 1 1 1 0 1 0 0 0 0 1 0 1 0 0 1 1 1 1 1 0 1 1 1 1 0 0 0 0 0 0 1 1 0 1 1 1 0 1 1 1 1 0 35848.0 29173.0 3 0.15987757803969732
1 0 1 1 0 0 1 1 1 0 1 0 0 1 1 1 0 1 0 1 1 0 1 0 1 1 1 1 1 1 1 1 0 1 0 1 0 0 1 0 1 1 1 0 0 1 1 1 1 1 0 0 0 0 0 0 0 0 1 1 1 0 1 0 0 0 0 1 0 1 0 0 1 1 1 1 1 1 1 1 1 1 0 0 0 0 0 0 1 1 0 0 1 1 0 1 0 1 1 0 35967.0 28896.0 3 0.20141762353290152
1 0 1 1 0 0 1 1 1 0 1 0 0 1 1 1 0 1 0 1 1 0 1 0 1 1 1 0 1 1 1 1 0 1 0 1 0 0 1 0 1 1 1 0 0 1 1 1 1 1 0 1 0 0 0 0 0 0 1 1 1 0 1 0 0 0 0 1 0 1 0 0 1 1 1 1 1 0 1 1 1 1 0 0 0 0 0 0 1 1 0 1 1 1 0 1 0 1 1 0 36178.0 28672.0 3 0.18335943574906968
1 0 1 0 0 0 1 1 1 0 1 1 0 1 1 1 0 1 0 1 1 0 1 0 1 1 1 0 1 1 1 1 0 1 0 1 0 0 1 0 1 1 1 0 0 1 1 1 1 1 0 1 0 0 0 0 0 0 1 1 1 1 1 0 0 0 0 1 0 1 0 0 1 1 1 1 1 0 1 1 1 1 0 0 0 0 0 0 1 1 0 1 1 1 0 1 0 1 1 0 36257.0 28429.0 3 2000000000000000.0
1 0 1 0 1 0 1 1 1 0 1 1 1 1 1 1 0 1 0 1 1 0 1 0 1 0 0 0 1 1 1 1 0 1 0 1 0 0 1 0 1 1 1 1 1 1 1 1 1 1 0 1 0 1 0 0 0 0 1 0 0 0 1 0 0 1 0 1 0 1 0 0 0 0 0 1 1 1 1 0 1 0 1 1 0 0 0 0 1 0 0 1 0 1 1 1 1 1 0 0 30091.0 32629.0 4 2000000000000000.0
1 0 1 0 1 0 1 1 1 0 1 1 1 1 1 1 0 1 0 1 1 0 1 0 1 0 0 0 1 1 1 1 0 1 0 1 0 0 1 0 0 1 1 1 0 1 1 1 1 1 1 1 0 1 0 0 0 0 1 0 0 0 1 0 1 0 0 1 0 1 0 0 1 1 1 1 1 1 1 0 1 1 0 0 0 0 0 0 1 0 0 0 1 1 1 1 0 1 1 0 32679.0 32526.0 4 0.5591303927584911
1 0 1 0 1 0 1 1 1 0 1 1 1 1 1 1 0 1 0 1 1 0 1 0 1 0 0 1 1 1 0 1 0 1 0 1 1 0 1 0 0 1 1 1 0 1 1 1 1 1 0 1 0 1 0 0 0 0 1 0 0 0 1 0 0 1 0 1 0 1 0 0 1 1 1 1 1 0 1 0 1 1 0 0 0 0 0 0 1 0 0 0 1 1 1 1 1 0 1 0 32982.0 32258.0 4 0.14671655060413935
1 0 1 0 1 0 1 1 1 0 1 1 1 1 1 1 0 1 0 1 1 0 1 0 1 0 0 0 1 1 1 1 0 1 0 1 1 0 1 0 0 1 1 1 0 1 1 1 1 1 0 1 0 1 0 0 0 0 1 0 0 0 1 0 0 0 0 1 0 1 0 0 1 1 1 1 1 0 1 0 1 1 0 0 0 0 0 0 1 0 0 0 1 1 1 1 1 1 1 0 33185.0 32240.0 4 0.10476713787717085
1 0 1 1 0 0 1 1 1 0 1 1 1 1 1 1 0 1 0 1 1 0 1 0 1 1 0 0 1 1 1 1 0 1 0 1 0 0 1 0 0 1 1 1 0 1 1 1 1 1 0 1 0 0 0 0 0 0 1 0 1 0 1 0 0 0 0 1 0 1 0 0 0 1 1 1 1 1 1 0 1 1 0 1 0 0 1 0 0 0 0 0 1 1 0 1 1 1 1 0 33353.0 32061.0 4 0.08590462660450157
1 0 1 0 1 0 1 1 1 0 1 1 1 1 1 1 0 1 0 1 1 0 1 0 1 0 0 0 1 1 1 1 0 1 0 1 0 0 1 0 1 1 1 1 1 1 1 1 1 1 0 1 0 0 0 0 0 0 1 0 0 0 1 0 0 0 0 1 1 1 0 0 1 1 1 1 1 0 1 1 1 1 0 0 0 0 0 0 0 0 0 0 1 1 1 1 1 1 1 0 33431.0 32035.0 4 0.09481655069532482
1 0 1 1 0 0 1 1 1 0 1 1 1 1 0 1 0 1 0 1 1 0 1 0 1 1 0 0 1 1 1 1 0 1 0 1 1 0 1 0 0 1 1 1 0 1 1 1 1 1 0 1 0 0 0 0 0 0 1 0 1 0 1 0 0 0 0 1 0 1 0 0 1 1 1 1 1 0 1 0 1 1 0 1 0 0 0 0 1 0 0 0 1 1 0 1 1 1 1 0 33811.0 31974.0 4 0.10973486316415092
1 0 1 0 1 0 1 1 1 0 1 1 1 1 1 1 0 1 0 1 1 0 1 0 1 0 0 0 1 1 1 1 0 0 0 1 1 0 1 0 0 1 1 1 0 1 1 1 1 1 0 1 0 1 0 0 0 0 1 0 1 0 1 0 0 0 0 1 0 1 0 0 1 1 1 1 1 0 1 1 1 1 0 0 0 0 0 0 1 0 0 0 1 1 1 1 1 1 1 0 33966.0 31938.0 4 0.06230574306611027
1 0 1 1 0 0 1 1 1 0 1 1 1 1 1 1 0 1 0 1 0 0 1 0 1 1 1 1 1 1 1 1 0 1 0 1 1 0 1 0 0 1 1 1 0 1 1 1 1 1 0 0 0 1 0 0 0 0 1 0 1 0 1 0 0 0 0 1 0 1 0 0 1 1 0 1 1 0 1 0 1 1 0 1 0 0 0 0 1 0 0 0 1 1 0 1 1 1 1 0 34068.0 31884.0 4 0.10224180457544793
0 0 1 1 1 0 1 1 1 0 1 1 1 1 0 1 0 1 0 1 1 0 1 0 1 0 0 0 1 1 1 1 0 1 0 1 1 0 1 0 0 1 1 1 0 1 1 1 1 1 0 0 0 1 0 1 0 0 1 0 1 0 1 1 0 0 0 1 0 1 0 0 1 1 1 1 1 0 1 0 1 1 0 0 0 0 0 0 1 0 0 0 1 1 0 1 1 1 1 0 34078.0 31559.0 4 0.09974087221511285
1 0 1 1 0 0 1 1 1 0 1 1 1 1 1 1 0 1 0 1 0 0 1 0 1 1 1 1 1 1 1 1 0 1 0 1 1 0 1 0 0 1 1 1 0 1 1 1 1 1 0 0 0 1 0 0 0 0 1 0 0 0 1 0 0 0 0 1 0 1 0 0 1 1 1 1 1 0 1 0 1 1 0 0 0 0 0 0 1 0 0 0 1 1 1 1 1 1 1 0 34201.0 31532.0 4 0.09578781028906175
1 0 1 0 0 0 1 1 1 0 1 0 0 1 1 1 0 1 0 1 1 0 1 0 1 1 1 1 1 1 1 1 0 1 1 1 1 0 1 0 0 1 1 1 0 1 1 1 1 1 0 1 0 1 0 0 0 0 1 0 0 0 1 0 0 0 0 1 0 1 0 0 1 1 1 1 1 1 1 0 1 1 0 0 0 0 0 0 1 0 0 0 1 1 0 1 1 0 1 0 34333.0 31316.0 4 0.16155407370798253
1 0 1 1 0 0 1 1 1 0 1 0 0 1 1 1 0 1 0 1 1 0 1 0 1 1 1 1 1 1 0 1 0 1 0 1 1 0 1 0 0 1 1 1 0 1 1 1 1 1 0 1 0 1 0 0 0 0 1 0 0 0 1 0 0 0 0 1 0 1 0 0 1 0 1 1 1 0 1 1 1 1 0 0 0 0 0 0 1 1 0 0 1 1 1 1 1 1 1 0 34663.0 31146.0 4 0.18187433150447496
1 0 1 1 0 0 1 1 1 0 1 0 0 1 1 1 0 1 0 1 1 0 1 0 1 1 1 0 1 1 1 1 0 1 0 1 0 0 1 0 1 1 1 1 1 1 1 1 1 1 0 1 0 0 0 0 0 0 1 0 1 0 1 0 0 0 0 1 0 1 0 0 1 1 1 1 1 0 1 0 1 1 0 0 0 0 0 0 1 0 0 0 1 1 1 1 1 1 1 0 34811.0 30850.0 4 0.10247943108238391
1 0 1 1 0 0 1 1 1 0 1 0 0 1 1 1 0 1 0 1 1 0 1 0 1 1 1 1 1 1 1 1 0 1 0 1 0 0 1 0 1 1 1 1 0 1 1 1 1 1 0 1 0 0 0 0 0 0 1 0 1 0 1 0 0 0 0 1 0 1 0 0 1 1 1 1 1 0 1 0 1 1 0 0 0 0 0 0 1 0 0 0 1 1 1 1 1 1 1 0 34830.0 30807.0 4 0.07334164327027182
1 0 1 1 0 0 1 1 1 0 1 0 0 1 1 1 0 1 0 1 1 0 1 0 1 1 1 1 1 1 1 1 0 1 0 1 1 0 1 0 0 1 1 1 0 1 1 1 1 1 0 0 0 1 0 0 0 0 1 1 0 0 1 0 0 0 0 1 0 1 0 0 1 1 1 1 1 0 1 0 1 1 0 0 0 0 0 0 1 0 0 0 1 1 1 1 1 1 1 0 35009.0 30666.0 4 0.21910834437423804
1 0 1 1 0 0 1 1 1 0 1 0 0 1 1 1 0 1 0 1 1 0 1 0 1 1 1 1 1 1 1 1 0 1 0 1 0 0 1 0 1 1 1 1 0 1 1 1 1 1 0 0 0 0 0 0 0 0 1 0 1 0 1 1 0 0 0 1 0 1 0 0 1 1 1 1 1 0 1 0 1 1 0 0 0 0 0 0 1 0 0 0 1 1 1 1 1 1 1 0 35077.0 30000.0 4 0.1765603243975638
1 0 1 0 0 0 1 1 1 0 1 0 0 1 1 1 0 1 0 1 1 0 1 0 1 1 1 1 1 1 1 1 0 1 0 1 1 0 1 0 0 1 1 1 0 1 1 1 1 1 0 1 0 0 0 0 0 0 1 0 1 1 1 0 0 0 1 1 0 1 0 0 1 1 1 1 1 0 1 0 1 1 0 0 0 0 0 0 1 0 0 0 1 1 1 1 0 1 1 0 35108.0 29941.0 4 0.09329293257188098
1 0 1 1 0 0 1 1 1 0 1 1 1 1 1 1 0 1 0 1 1 0 1 0 1 1 1 1 0 1 1 1 0 1 0 1 0 0 1 0 1 1 1 0 0 1 1 1 1 1 0 0 0 0 0 0 0 0 0 1 1 0 1 0 0 0 0 1 0 1 0 0 1 1 1 1 1 1 1 1 1 1 0 0 0 0 0 0 1 0 0 0 1 1 1 1 1 1 1 0 35187.0 29660.0 4 0.21984930868558172
1 0 1 1 0 0 0 1 1 0 1 1 1 1 1 1 0 1 0 1 1 0 1 0 1 1 1 1 1 1 1 1 0 1 0 1 0 0 1 0 1 1 0 0 0 1 1 1 1 1 0 0 0 0 0 0 0 0 1 1 1 0 1 0 0 0 0 1 0 1 0 0 1 1 1 1 1 0 1 1 1 1 0 0 0 0 0 0 1 0 0 0 1 1 1 1 1 1 1 0 35480.0 29224.0 4 0.15428675118243046
1 0 1 1 0 0 1 1 1 0 1 1 1 1 1 1 0 1 0 1 1 0 1 0 1 1 1 1 0 1 1 1 0 1 0 1 0 0 1 0 1 1 1 0 0 1 1 1 1 1 0 0 0 0 0 0 0 0 1 1 1 0 1 0 0 0 0 1 0 1 0 0 1 1 1 1 1 1 1 1 1 0 0 0 0 0 0 0 1 1 1 0 1 1 0 1 0 1 1 0 35534.0 29221.0 4 0.08097534465417718
1 0 1 1 0 0 1 1 1 0 1 0 0 1 1 1 0 1 0 1 1 0 1 0 1 1 1 1 1 1 1 1 0 1 0 1 0 0 0 0 0 1 1 1 0 1 1 1 1 1 0 0 0 0 0 0 0 0 1 1 1 0 1 1 0 0 0 1 1 1 0 0 1 0 1 1 1 0 1 1 1 1 0 0 0 0 0 0 1 1 0 0 1 1 1 1 1 1 1 0 35822.0 29113.0 4 0.21251458266274384
1 0 1 1 0 0 0 1 1 0 1 1 1 1 1 1 0 1 0 1 1 0 1 0 1 1 1 1 1 1 1 1 0 1 0 1 0 0 1 0 1 1 1 0 0 1 1 1 1 1 0 0 0 0 0 0 0 0 1 1 1 0 1 0 0 0 0 1 0 1 0 0 1 1 1 1 1 0 1 1 1 1 0 0 0 0 0 0 1 1 0 0 1 1 0 1 0 1 1 0 35887.0 28523.0 4 0.21969593655025302
1 0 1 1 0 0 1 1 1 0 1 0 0 1 0 1 0 1 0 1 1 0 1 0 1 1 1 0 1 1 1 1 0 1 0 1 0 0 1 0 1 1 1 0 0 1 1 1 1 1 0 1 0 0 0 0 0 0 1 1 1 0 1 0 0 0 0 1 0 1 0 1 1 1 1 1 1 0 1 1 1 1 0 0 0 0 0 0 1 1 0 0 1 1 0 1 0 1 1 0 36019.0 28266.0 4 0.13600318780609183
1 0 1 1 0 0 1 1 1 1 1 0 0 1 1 1 0 1 0 1 1 0 1 0 1 1 1 1 1 1 1 1 0 1 0 1 0 0 1 0 1 1 1 0 0 1 1 1 1 1 0 0 0 0 0 0 0 0 1 1 1 0 1 0 0 0 0 1 0 1 0 0 1 1 1 1 1 0 1 1 1 1 0 0 0 0 0 0 1 1 0 0 1 1 0 1 0 1 1 0 36150.0 28104.0 4 2000000000000000.0
1 0 1 0 1 0 1 1 1 0 1 1 1 1 0 1 0 1 0 1 1 0 1 0 1 0 0 1 1 1 0 1 0 1 0 1 0 1 1 0 0 1 1 1 0 1 1 1 1 1 0 1 0 1 0 0 0 0 1 0 0 0 1 0 0 1 0 1 0 1 0 0 0 1 0 1 1 1 1 0 1 0 1 1 0 0 0 0 1 0 0 1 0 1 1 1 1 1 0 0 29272.0 32615.0 5 2000000000000000.0
1 0 1 1 0 0 1 1 1 0 1 0 0 1 1 1 0 1 0 1 1 0 1 0 1 1 1 1 1 1 1 1 0 1 0 1 1 0 0 0 0 1 1 1 0 1 1 1 1 1 0 0 0 0 0 0 0 0 1 1 1 0 1 1 0 0 0 1 1 1 0 0 1 0 1 1 1 0 1 1 1 1 0 0 0 0 0 0 0 1 0 1 1 1 0 1 0 0 1 1 36101.0 28011.0 5 2000000000000000.0
1 0 1 0 1 0 1 1 1 0 1 1 1 1 1 1 0 1 0 1 1 0 1 0 1 0 0 1 1 1 0 1 0 1 0 1 1 0 1 0 0 1 1 1 0 1 1 1 1 1 0 1 0 1 0 0 0 0 1 0 0 0 1 0 0 1 0 1 0 1 0 0 0 0 0 1 1 1 1 0 1 0 1 1 0 0 0 0 1 0 0 0 0 1 0 1 1 1 1 0 30383.0 32300.0 5 0.6459062509899482
1 0 1 0 1 0 1 1 1 0 1 1 1 1 1 1 0 1 0 1 1 0 1 0 1 1 0 0 1 1 1 1 0 1 0 1 0 0 1 0 0 1 1 1 0 1 1 1 1 1 0 1 1 1 0 0 0 0 1 0 0 0 1 0 0 0 0 1 0 1 0 0 1 1 1 1 1 1 1 0 1 1 0 0 0 0 0 0 1 0 0 0 1 1 1 1 1 0 1 0 33097.0 32220.0 5 0.4272409699575479
1 0 1 1 0 0 1 1 1 0 1 0 0 1 1 1 0 1 0 1 1 0 1 0 1 1 1 1 1 1 1 1 0 1 0 1 0 0 1 0 1 1 1 1 1 1 1 1 1 1 0 0 0 0 0 0 0 0 1 0 1 0 1 0 0 1 0 1 0 1 0 0 1 1 1 1 1 0 1 1 1 1 0 0 0 0 0 0 1 0 0 0 1 1 0 1 1 0 1 0 35040.0 29789.0 5 0.23669779021571408
1 0 1 1 0 0 1 1 1 0 1 0 0 1 1 1 0 0 0 1 1 0 1 0 1 1 1 1 1 1 1 1 0 1 0 1 0 0 1 0 1 1 1 1 0 1 1 1 1 1 0 0 0 0 0 0 0 0 1 1 1 0 1 1 0 0 0 1 0 1 0 0 1 1 1 1 1 0 1 0 1 1 0 0 0 0 0 0 1 0 0 0 1 1 1 1 1 1 1 0 35080.0 29132.0 5 0.2297297555182859
1 0 1 0 1 0 1 1 1 0 1 1 1 1 1 1 0 1 0 1 1 0 1 0 1 1 1 1 1 1 1 1 0 1 0 1 0 0 1 0 1 1 1 0 0 1 1 0 1 1 0 0 0 0 0 0 0 0 1 1 1 0 1 0 0 0 0 1 0 1 0 0 1 1 1 1 1 0 1 1 1 1 0 0 0 0 0 0 1 1 0 0 1 1 0 1 0 1 1 0 35798.0 28602.0 5 0.17834549314970694
1 0 1 0 0 0 1 1 1 0 1 0 0 1 1 1 0 1 0 1 1 0 1 0 1 1 1 1 1 1 1 1 0 1 0 1 1 0 1 0 0 1 1 1 0 1 1 1 1 1 0 0 0 1 0 0 0 0 1 1 1 0 1 1 0 0 0 1 1 1 0 0 1 0 1 1 1 0 1 1 1 1 0 0 0 0 0 0 0 1 0 1 1 1 0 1 0 0 1 0 35804.0 28217.0 5 0.17273623794063384
1 0 1 1 0 0 1 1 1 0 1 1 0 1 1 1 0 1 0 1 1 0 1 0 1 1 1 1 1 1 1 1 0 1 0 1 0 0 1 0 1 1 1 1 0 1 1 1 1 1 0 1 0 0 0 0 0 0 1 0 1 0 1 0 0 0 0 1 0 1 0 0 1 1 1 1 1 0 1 0 1 1 0 0 0 0 0 0 1 0 0 0 1 1 0 1 1 1 1 0 34814.0 30752.0 5 0.16326969144086603
