1 0 1 0 1 0 1 1 1 0 1 1 1 1 1 1 0 1 0 1 1 0 1 0 1 0 0 1 1 1 0 1 0 1 0 1 1 0 1 0 0 1 1 1 0 1 1 1 1 1 0 1 0 1 0 0 0 0 1 0 0 0 1 0 0 1 0 1 0 1 0 0 1 0 0 1 1 1 1 0 1 0 1 1 0 0 0 0 1 0 0 0 1 1 1 1 1 1 0 0 30968.0 33554.0 0 2000000000000000.0
1 0 1 1 1 0 1 1 1 0 1 1 1 1 0 1 0 1 1 1 0 0 1 0 1 0 0 1 1 1 0 1 0 1 0 1 0 0 1 0 1 1 1 1 1 1 1 1 1 1 0 1 1 1 0 0 0 0 1 0 0 0 1 0 0 0 0 1 0 1 0 0 1 1 1 1 1 1 1 0 1 1 0 0 0 0 0 0 1 0 0 0 1 1 1 1 1 0 1 0 32576.0 33328.0 0 0.46152157164868235
1 0 1 1 0 0 1 1 1 0 1 1 1 1 1 1 0 1 0 1 1 0 1 0 1 0 0 1 1 1 1 1 0 1 0 1 0 0 1 0 0 1 1 1 1 1 1 1 1 1 0 1 0 1 0 0 0 1 1 0 0 0 1 0 0 0 0 1 0 1 0 0 1 1 1 1 1 0 1 0 1 1 0 1 0 0 1 0 0 0 0 0 1 1 0 1 1 1 1 0 33282.0 33127.0 0 0.31308606647589166
1 0 1 1 1 0 1 1 1 0 1 1 1 1 0 1 0 1 0 1 1 0 1 0 1 0 1 0 1 1 1 1 0 1 0 1 1 0 1 0 0 1 1 1 0 1 1 1 1 1 0 1 0 1 0 0 0 0 1 0 0 0 1 0 0 0 0 1 0 1 0 0 1 1 1 1 1 1 1 0 1 1 0 0 0 1 0 0 1 0 0 0 1 1 1 1 1 0 1 0 34201.0 33096.0 0 0.2995949812898914
1 0 1 1 1 0 1 1 1 0 1 1 1 1 0 1 0 1 0 1 1 0 1 0 1 0 1 0 1 1 1 1 0 1 0 1 1 0 1 0 0 1 1 1 0 1 1 1 1 1 0 1 0 1 0 0 0 0 1 0 0 0 1 0 0 0 0 1 0 1 0 0 1 1 1 1 1 0 1 1 1 1 0 0 0 0 0 0 1 0 0 0 1 1 1 1 1 1 1 0 34655.0 32715.0 0 0.17035439137133762
1 0 1 1 0 0 1 1 1 0 1 1 1 1 1 1 0 1 0 1 1 0 1 0 1 0 0 1 1 1 0 1 0 1 0 1 1 0 1 0 0 1 1 1 0 1 1 1 1 1 0 1 0 1 0 0 0 0 1 0 1 0 1 0 0 0 0 1 0 1 0 0 1 1 1 1 1 0 1 1 1 1 0 0 0 0 0 0 1 0 0 0 1 1 1 1 1 1 1 0 34777.0 32648.0 0 0.10307120845256267
1 0 1 1 0 0 1 1 1 0 1 1 1 1 1 1 0 1 0 1 1 0 1 0 1 0 0 0 1 1 1 1 0 1 0 1 1 0 1 0 0 1 1 1 0 1 1 1 1 1 0 1 0 1 0 0 0 0 1 0 1 0 1 0 0 0 0 1 0 1 0 0 1 1 1 1 1 0 1 1 1 1 0 0 0 0 0 0 1 0 0 0 1 1 1 1 1 1 1 0 34812.0 32244.0 0 0.13301672903367595
1 0 1 1 0 0 1 1 1 0 1 1 1 1 1 1 0 1 0 0 1 1 1 0 1 1 1 1 1 1 1 1 0 1 0 1 1 0 1 0 0 1 1 1 1 1 1 1 0 1 0 1 0 0 0 0 0 0 1 0 0 0 1 0 0 0 0 1 0 1 0 0 1 1 1 1 1 0 1 1 1 1 0 0 0 0 0 0 1 0 0 0 1 1 1 1 1 1 1 0 35058.0 32122.0 0 0.1649339643407412
1 0 1 1 0 0 1 1 1 0 1 1 1 1 0 1 0 1 0 1 1 0 1 0 1 1 0 0 1 1 1 1 0 1 0 1 1 0 1 0 0 1 1 1 0 1 1 1 1 1 0 1 0 0 0 0 0 0 1 0 1 0 1 0 0 0 0 1 0 1 0 0 1 1 1 1 1 0 1 1 1 1 0 0 0 1 0 0 1 1 0 0 1 1 1 1 1 1 1 0 35538.0 31986.0 0 0.20626018049746514
1 0 1 1 0 0 1 1 1 0 1 0 0 1 1 1 0 1 0 0 1 0 1 0 1 1 1 1 1 1 1 1 0 1 0 1 1 0 1 0 0 1 1 1 1 1 1 1 1 1 0 0 0 1 0 0 0 0 1 0 1 0 1 1 0 0 0 1 0 1 0 0 1 1 1 1 1 1 1 0 1 1 0 0 0 0 0 0 1 0 0 0 1 1 1 1 1 1 1 0 35865.0 31694.0 0 0.18595696676204837
1 0 1 1 0 0 1 1 1 0 1 0 0 1 1 1 0 1 0 0 1 0 1 0 1 1 1 1 1 1 1 1 0 1 0 1 1 0 0 0 0 1 1 1 1 1 1 1 1 1 0 0 0 1 0 0 0 0 1 0 1 0 1 1 0 0 0 1 0 1 0 0 1 1 1 1 1 1 1 0 1 1 0 0 0 1 0 0 1 0 0 0 1 1 1 1 1 1 1 0 35935.0 31255.0 0 0.18632951793968433
1 0 1 1 0 0 1 1 1 0 1 0 0 1 1 1 0 1 0 1 1 0 1 0 1 1 1 1 1 1 1 1 0 1 0 1 0 0 1 0 1 1 1 0 1 1 1 1 1 1 0 1 0 0 0 0 0 0 1 0 1 0 1 0 0 0 0 1 0 1 0 0 1 1 1 1 1 0 1 1 1 1 0 0 0 0 0 0 1 0 0 0 1 1 1 1 1 1 1 0 35951.0 30636.0 0 0.17092229804093928
1 0 1 1 0 0 1 1 1 0 1 0 0 1 0 1 0 1 0 1 1 0 1 0 1 1 1 0 1 1 1 1 0 1 0 1 0 0 1 0 1 1 1 0 0 1 1 1 1 1 0 1 0 0 0 0 0 0 1 1 1 0 1 0 0 0 0 1 0 1 0 0 1 1 1 1 1 1 1 1 1 1 0 0 0 0 0 0 1 1 0 0 1 1 1 1 1 1 1 0 35955.0 30223.0 0 0.21198822364076247
1 0 1 1 0 0 1 1 1 0 1 1 1 1 1 1 0 1 0 1 0 0 1 0 1 1 1 1 1 1 1 1 0 1 0 1 1 0 1 0 0 1 1 1 0 1 1 1 1 1 0 0 0 1 0 0 0 0 1 1 1 0 1 1 0 0 0 1 1 1 0 0 1 0 1 1 1 0 1 1 1 1 0 0 0 0 0 0 0 1 0 1 1 1 0 1 0 0 1 0 36356.0 29753.0 0 0.18499669821703407
1 0 1 1 0 0 1 1 1 0 1 0 0 1 1 1 0 1 0 1 1 0 1 0 1 1 1 1 1 1 1 1 0 1 0 1 1 0 0 0 0 1 1 0 0 1 1 1 1 1 0 0 0 0 0 0 0 0 1 1 1 0 1 1 0 0 0 1 1 1 0 0 1 0 1 1 1 1 1 1 1 1 0 0 0 0 0 0 1 0 0 0 1 1 1 1 1 1 1 0 36422.0 29571.0 0 0.17403642967202
1 0 1 1 0 0 1 1 1 0 1 0 0 1 1 1 0 1 0 1 1 0 1 0 1 1 1 1 1 1 1 1 0 1 0 1 1 0 0 0 0 1 1 0 0 1 1 1 1 1 0 0 0 0 0 0 0 0 1 1 1 0 1 1 0 0 0 1 1 1 0 0 1 0 1 1 1 1 1 1 1 1 0 0 0 0 0 0 1 1 0 0 1 1 1 1 0 1 1 0 36539.0 28872.0 0 0.2593407440017566
1 0 1 1 0 0 1 1 1 0 1 1 1 1 1 1 0 1 0 1 1 0 0 0 1 1 1 1 1 1 1 1 0 1 0 1 0 0 0 0 1 1 1 0 0 1 1 1 1 1 0 0 0 1 0 0 0 0 1 1 1 0 1 1 0 0 0 1 1 1 0 0 1 1 1 1 1 0 1 1 1 1 0 0 0 0 0 0 1 0 0 0 1 1 0 1 1 0 1 0 36820.0 28389.0 0 0.2956977767994668
1 0 1 1 0 0 1 1 1 0 1 1 1 1 1 1 0 1 0 1 1 0 0 0 1 1 1 1 1 1 1 1 0 1 0 1 0 0 0 0 1 1 1 0 0 1 1 1 1 1 0 0 0 1 0 0 0 0 1 1 1 0 1 1 0 0 0 1 1 1 0 0 1 0 1 1 1 0 1 1 1 1 1 0 0 0 0 0 1 1 0 1 1 1 0 1 0 0 1 0 36868.0 27394.0 0 2000000000000000.0
1 0 1 1 1 0 1 1 1 0 1 1 1 1 0 1 0 1 1 1 0 0 1 0 1 0 0 1 1 1 1 1 0 1 0 1 0 0 1 0 1 1 1 1 1 1 1 1 1 1 0 1 0 1 0 0 0 0 1 0 0 0 1 0 0 0 0 1 0 1 0 0 1 1 1 1 1 0 1 0 1 1 0 1 0 0 1 0 0 0 0 0 0 1 0 1 1 1 1 0 32244.0 33211.0 1 2000000000000000.0
1 0 1 1 1 0 1 1 1 0 1 1 1 1 0 1 0 1 0 1 1 0 1 0 1 0 0 0 1 1 1 1 0 1 0 1 0 0 1 0 1 1 1 1 1 1 1 1 1 1 0 1 1 1 0 0 0 0 1 0 0 0 1 0 0 0 0 1 0 1 0 0 1 1 1 1 1 1 1 0 1 1 0 0 0 0 0 0 1 0 0 0 1 1 1 1 1 0 1 0 33017.0 33084.0 1 0.2365969891937616
1 0 1 0 1 0 1 1 1 0 1 1 1 1 1 1 0 1 0 1 1 0 1 0 1 0 0 1 1 1 1 1 0 1 0 1 0 0 1 0 0 1 1 1 0 1 1 1 1 1 0 1 0 1 0 0 0 0 1 0 0 0 1 0 0 0 0 1 0 1 0 0 1 1 1 1 1 1 1 0 1 1 0 0 0 0 0 0 1 0 0 0 1 1 1 1 1 1 1 0 33103.0 33037.0 1 0.13756085461476183
1 0 1 1 0 0 1 1 1 0 1 1 1 1 1 1 0 1 0 1 1 0 1 0 1 0 0 1 1 1 0 1 0 1 0 1 1 0 1 0 0 1 1 1 0 1 1 1 1 1 0 1 0 1 0 0 0 0 1 0 0 0 1 0 0 0 0 1 0 1 0 0 1 1 1 1 1 1 1 0 1 1 0 0 0 1 0 0 1 0 0 0 1 1 1 1 1 0 1 0 33520.0 32987.0 1 0.11888761253741538
1 0 1 1 0 0 1 1 1 0 1 1 1 1 1 1 0 1 0 1 1 0 1 0 1 0 0 0 1 1 1 1 0 1 0 1 1 0 1 0 0 1 1 1 0 1 1 1 1 1 0 1 0 1 0 0 0 0 1 0 0 0 1 0 0 0 0 1 0 1 0 0 1 1 1 1 1 1 1 0 1 1 0 0 0 0 0 0 1 0 0 0 1 1 1 1 1 1 1 0 33541.0 32957.0 1 0.17151711662771194
0 0 1 1 0 0 1 1 1 0 1 1 1 1 0 1 0 1 0 1 1 0 1 0 1 1 1 1 1 1 1 1 0 1 0 1 1 0 1 0 0 1 1 1 0 1 1 1 1 1 0 1 0 1 0 0 0 0 1 0 0 0 1 0 0 0 0 1 0 1 0 0 1 1 1 1 1 1 1 0 1 0 0 0 0 0 0 0 1 0 0 0 1 1 1 1 1 1 1 0 34130.0 32846.0 1 0.19839717291292502
1 0 1 1 0 0 1 1 1 0 1 1 1 1 0 1 0 1 0 1 1 0 1 0 1 0 0 1 1 1 0 1 0 1 0 1 1 0 1 0 0 1 1 1 0 1 1 1 1 1 1 1 0 1 0 0 0 0 1 0 1 0 1 0 0 0 0 1 0 1 0 0 1 1 1 1 1 0 1 1 1 1 0 0 0 0 0 0 0 0 0 1 1 1 1 1 1 1 1 0 34138.0 32667.0 1 0.1736430906316392
1 0 1 1 0 0 1 1 1 0 1 1 1 1 1 1 0 1 0 1 1 0 1 0 1 0 0 1 1 1 0 1 0 1 0 1 1 0 1 0 0 1 1 1 0 1 1 1 1 1 0 1 0 1 0 0 0 0 1 0 1 1 1 0 0 0 0 1 0 1 0 0 1 1 1 1 1 0 1 1 1 0 0 0 0 0 0 0 1 0 0 0 1 1 1 1 1 1 1 0 34518.0 32435.0 1 0.17963593803344635
1 0 1 0 1 0 1 1 1 0 1 1 1 1 1 1 0 1 0 1 1 0 1 0 1 0 0 0 1 1 1 1 0 1 0 1 1 0 1 0 0 1 1 1 0 1 1 1 1 1 0 1 0 1 0 0 0 0 1 0 1 0 1 0 0 0 0 1 0 1 0 0 1 1 1 1 1 0 1 1 1 1 0 0 0 0 0 0 1 0 0 0 1 1 1 1 1 1 1 0 34703.0 32433.0 1 0.1471578230599583
1 0 1 1 0 0 1 1 1 0 1 1 1 1 1 1 0 1 0 1 1 0 0 0 1 1 1 1 1 1 1 1 0 1 1 1 0 0 1 0 0 1 1 1 0 1 1 1 1 1 0 1 0 1 0 0 0 0 1 0 0 0 1 0 0 0 0 1 0 1 0 0 1 1 1 1 1 1 1 0 1 1 0 0 0 0 0 0 1 0 0 0 1 1 1 1 1 0 1 0 34723.0 31942.0 1 0.1469772161831275
1 0 1 1 1 0 1 1 1 0 1 1 1 1 0 1 0 1 0 1 1 0 1 0 1 1 1 0 1 1 1 1 0 1 0 1 1 0 1 0 0 1 1 1 0 1 1 1 1 1 0 1 0 1 0 0 0 0 1 0 0 0 1 0 0 0 0 1 0 1 0 0 1 1 1 1 1 0 1 1 1 1 0 0 0 0 0 0 1 0 0 0 1 1 0 1 1 0 1 0 34873.0 31900.0 1 0.3130459467667053
1 0 1 1 0 0 1 1 1 0 1 1 1 1 1 1 0 1 0 1 1 0 0 0 1 1 1 1 1 1 0 1 0 1 0 1 1 0 1 0 0 1 1 1 0 1 1 1 1 1 0 1 0 1 0 0 0 0 1 0 1 0 1 0 0 0 0 1 0 1 0 0 1 1 1 1 1 0 1 1 1 1 0 0 0 0 0 0 0 0 0 0 1 1 1 1 1 1 1 0 35793.0 31634.0 1 0.32633352007046224
1 0 1 0 0 0 1 1 1 0 1 0 0 1 1 1 0 1 0 1 1 0 1 0 1 1 1 1 1 1 1 1 0 1 0 1 1 0 1 0 0 1 1 1 1 1 1 1 1 1 0 1 0 0 0 0 0 0 1 0 1 0 1 0 0 0 0 1 0 1 0 0 1 1 1 1 1 0 1 1 1 1 0 0 0 0 0 0 1 0 0 0 1 1 1 1 1 1 1 0 35843.0 31409.0 1 0.19600410821699576
1 0 1 1 0 0 1 1 1 0 1 1 1 1 1 1 0 1 0 1 1 0 0 0 1 1 1 1 1 1 1 1 0 1 0 1 0 0 1 0 1 1 1 1 1 1 1 1 1 1 0 0 0 0 0 0 0 0 1 0 1 0 1 0 0 0 0 1 0 1 0 0 1 1 1 1 1 0 1 1 1 1 0 0 0 0 0 0 1 0 0 0 1 1 1 1 1 1 1 0 35904.0 30788.0 1 0.3741678408471375
1 0 1 1 0 0 1 1 1 0 1 0 0 1 0 1 0 1 0 1 1 0 1 0 1 1 1 1 1 1 1 1 0 1 0 1 1 0 0 0 0 1 1 1 0 1 1 1 1 1 0 0 0 0 0 0 0 0 1 1 1 0 1 1 0 0 0 1 0 1 0 0 1 1 1 1 1 0 1 1 1 1 0 0 0 0 0 0 1 0 0 0 1 1 1 1 1 1 1 0 35989.0 29717.0 1 0.25070771488445354
1 0 1 1 0 0 1 1 1 0 1 1 1 1 1 1 0 1 0 1 1 0 0 0 1 1 1 1 1 1 1 1 0 1 0 1 0 0 0 0 0 1 1 1 1 1 1 1 1 1 0 0 0 1 0 0 0 0 1 0 1 0 1 1 0 0 0 1 0 1 0 0 1 1 1 1 1 0 1 1 1 1 0 0 0 0 0 0 1 0 0 0 1 1 1 1 0 1 1 0 36005.0 29658.0 1 0.08147558176162725
1 0 1 1 0 0 1 1 1 0 1 0 0 1 1 1 0 1 0 1 1 0 1 0 1 1 1 1 1 1 1 1 0 1 0 1 1 0 0 0 0 1 1 1 0 1 1 1 1 1 0 0 0 0 0 0 0 0 1 1 1 0 1 1 0 0 0 1 1 1 0 0 1 0 1 1 1 0 1 1 1 1 0 0 0 0 0 0 1 0 0 0 1 1 1 1 1 1 1 0 36212.0 29572.0 1 0.13593775051541035
1 0 1 1 0 0 1 1 1 0 1 0 0 1 1 1 0 1 0 1 1 0 1 0 1 1 1 1 1 1 1 1 0 1 0 1 1 0 0 0 0 1 1 1 0 1 1 1 1 1 0 0 0 0 0 0 0 0 1 1 1 0 1 1 0 0 0 1 1 1 0 0 1 1 1 1 1 0 1 1 1 1 0 0 0 0 0 0 1 0 0 0 1 1 0 1 1 0 1 0 36288.0 29312.0 1 0.08526068692858721
1 0 1 1 0 0 1 1 1 0 1 1 1 1 1 1 0 1 0 1 1 0 0 0 1 1 1 1 1 1 1 1 0 1 0 1 0 0 0 0 0 1 1 1 0 1 1 1 1 1 0 0 0 0 0 0 0 0 1 1 1 0 1 1 0 0 0 1 1 1 0 0 1 0 1 1 1 0 1 1 1 1 0 0 0 0 0 0 1 1 0 0 1 1 1 1 1 1 1 0 36351.0 29310.0 1 0.26745794170405557
0 0 1 1 0 0 1 1 1 0 1 1 1 1 1 1 0 1 0 1 1 0 0 0 1 1 1 1 1 1 1 1 0 1 0 1 0 0 0 0 1 1 1 0 0 1 1 1 1 1 0 0 0 1 0 0 0 0 1 1 1 0 1 1 0 0 0 1 1 1 0 0 1 1 1 1 1 0 1 1 1 1 0 0 0 0 0 0 1 0 0 0 1 1 0 1 1 0 1 0 36504.0 28233.0 1 2000000000000000.0
1 0 1 1 0 1 1 1 1 0 1 1 1 1 1 1 0 1 0 1 1 0 1 0 1 0 0 1 1 1 1 1 0 1 0 1 0 0 1 0 0 1 1 1 1 1 1 1 1 1 0 1 0 1 0 0 0 1 1 0 0 0 1 0 0 1 0 1 0 1 0 0 0 0 0 1 1 1 1 0 1 0 1 1 0 0 0 0 1 0 0 1 0 1 1 1 1 1 0 0 30296.0 33106.0 2 2000000000000000.0
1 0 1 1 0 0 1 1 1 0 1 1 1 1 1 1 0 1 0 1 1 0 1 0 1 0 0 1 1 1 1 1 1 1 0 1 0 0 1 0 0 1 1 1 1 1 1 1 1 1 0 1 0 1 0 0 0 1 1 0 0 0 1 0 0 1 0 1 0 1 0 0 0 0 0 1 1 1 1 0 1 0 1 1 0 0 0 0 1 0 0 1 0 1 1 1 1 1 0 0 30300.0 33053.0 2 0.39926950787454774
1 0 1 0 1 0 1 1 1 0 1 1 1 1 1 1 0 1 0 1 1 0 1 0 1 0 0 1 1 1 1 1 0 1 0 1 0 0 1 0 0 1 1 1 1 1 1 1 1 1 0 1 0 1 0 0 0 1 1 0 0 0 1 0 0 0 0 1 0 1 0 0 1 1 1 1 1 0 1 0 1 1 0 1 0 0 0 0 0 0 0 0 1 1 0 1 1 1 1 0 32689.0 33047.0 2 0.472361555276163
1 0 1 1 0 0 1 1 1 0 1 1 1 1 1 1 0 1 0 1 1 0 1 0 1 0 0 1 1 1 0 1 0 1 0 1 1 0 1 0 0 1 1 1 0 1 1 1 1 1 0 1 1 1 0 0 0 0 1 0 0 0 1 0 0 0 0 1 0 1 0 0 1 1 1 1 1 1 1 0 1 1 0 0 0 0 0 0 1 0 0 0 1 1 1 1 1 0 1 0 33117.0 32970.0 2 0.10215521610622016
1 0 1 1 1 0 1 1 1 0 1 1 1 1 0 1 0 1 1 1 0 0 1 0 1 0 0 1 1 1 1 1 0 1 0 1 0 0 1 0 1 1 1 1 1 1 1 1 1 1 0 1 0 1 0 0 0 0 1 0 0 0 1 0 0 0 0 1 0 1 0 0 1 1 1 1 1 0 1 0 1 1 0 0 0 0 0 0 1 0 0 0 1 1 1 1 1 1 1 0 33215.0 32951.0 2 0.06294207439462049
1 0 1 1 1 0 1 1 1 0 1 1 1 1 0 1 0 1 0 1 1 0 1 0 1 0 1 0 1 1 1 1 0 1 0 1 1 0 1 0 0 1 1 1 0 1 1 1 1 1 0 1 0 1 0 0 0 0 1 0 0 0 1 0 0 0 0 1 0 1 0 0 1 1 1 1 1 0 1 1 1 1 0 0 0 0 0 0 1 0 0 1 0 1 1 1 1 1 0 0 33244.0 32726.0 2 0.14717865255009888
1 0 1 1 1 0 1 1 1 0 1 1 1 1 0 1 0 1 0 1 1 0 1 0 1 0 0 0 1 1 1 1 0 1 0 1 0 0 1 0 1 1 1 1 1 1 1 1 1 1 0 1 0 1 0 0 0 0 1 0 0 0 1 0 0 0 0 1 0 1 0 0 1 1 1 1 1 0 1 1 1 1 0 0 0 0 0 0 1 0 0 0 1 1 1 1 1 1 1 0 33874.0 32720.0 2 0.1394807214821491
1 0 1 1 0 0 1 1 1 0 1 1 1 1 1 1 0 1 0 1 1 0 1 0 1 0 0 1 1 1 0 1 0 1 0 1 1 0 1 0 0 1 1 1 0 1 1 1 1 1 0 1 0 1 0 0 0 0 1 0 0 0 1 0 0 0 0 1 0 1 0 0 1 1 1 1 1 0 1 1 1 1 0 0 0 0 0 0 1 0 0 0 1 1 1 1 1 1 1 0 33974.0 32606.0 2 0.06921901544137299
1 0 1 1 0 0 1 1 1 0 1 1 1 1 1 1 0 1 0 1 1 0 1 0 1 0 0 1 1 1 0 1 0 1 0 1 1 0 1 0 0 1 1 1 0 1 1 1 1 1 0 1 0 1 0 0 0 0 1 0 1 0 1 0 0 0 0 1 0 1 0 0 1 1 1 1 1 0 1 0 1 1 0 0 0 0 0 0 1 0 0 0 1 1 1 1 1 1 1 0 34062.0 32497.0 2 0.08626897939950401
1 0 1 1 1 0 1 1 1 0 1 1 1 1 0 1 0 1 1 1 0 0 1 0 1 0 0 1 1 1 1 1 0 1 0 1 0 0 1 0 1 1 1 1 1 1 0 1 1 1 0 1 0 1 0 0 0 0 1 0 1 0 1 0 0 0 0 1 0 1 0 0 1 1 1 1 1 0 1 1 1 1 0 0 0 0 0 0 1 0 0 0 1 1 1 1 1 1 1 0 34285.0 32400.0 2 0.09315645806344751
1 0 1 1 0 0 1 1 1 0 1 1 1 1 0 1 0 1 0 1 1 0 1 0 1 0 0 1 1 1 0 1 0 1 0 1 1 0 1 0 0 1 1 1 0 1 1 1 1 1 0 1 0 1 0 0 0 0 1 0 1 0 1 0 0 0 0 1 0 1 0 0 1 1 1 1 1 0 1 1 1 1 1 0 0 0 0 0 1 0 0 0 1 1 1 1 1 1 1 0 34490.0 32361.0 2 0.11036547460922796
1 0 1 1 0 0 1 1 1 0 1 1 1 1 1 1 0 1 0 1 1 0 1 0 1 0 0 1 1 1 1 1 0 1 0 1 0 0 1 0 0 1 1 1 1 1 1 0 1 1 0 0 0 1 0 0 0 0 1 0 1 0 1 1 0 0 0 1 0 1 0 0 1 1 1 1 1 1 1 0 1 1 0 0 0 1 0 0 1 0 0 0 1 1 1 1 1 1 1 0 34628.0 32085.0 2 0.1342550098253839
1 0 1 1 0 0 1 1 1 0 1 1 1 1 1 1 0 1 0 1 1 0 0 0 1 1 1 1 1 1 0 1 0 1 0 1 1 0 1 0 0 1 1 1 0 1 1 1 1 1 0 1 0 1 0 0 0 0 1 0 0 0 1 0 0 1 0 1 0 1 0 0 1 1 1 1 1 1 1 0 1 1 0 0 0 0 0 0 1 0 0 0 1 1 0 1 1 0 1 0 34691.0 31775.0 2 0.10133639399659157
1 0 1 1 0 0 1 1 1 0 1 0 0 1 1 1 0 1 0 1 1 0 1 0 1 1 1 1 1 1 1 1 0 1 0 1 1 0 1 0 0 1 1 1 0 1 1 1 1 1 0 1 0 1 0 0 0 0 1 0 0 0 1 0 0 0 0 1 0 1 0 0 1 1 1 1 1 0 1 0 1 1 0 0 0 0 0 0 1 0 0 0 1 1 1 1 1 1 1 0 34747.0 31612.0 2 0.15106112508738972
1 0 1 1 0 0 1 1 1 0 1 1 1 1 1 1 0 1 0 1 0 0 0 0 1 1 1 1 1 1 1 1 0 1 0 1 1 0 1 0 0 1 1 1 0 1 1 1 1 1 0 1 0 1 0 0 0 0 1 0 1 0 1 0 0 0 0 1 0 1 0 0 1 1 1 1 1 0 1 0 1 1 0 0 0 0 0 0 1 0 0 0 1 1 1 1 1 1 1 0 35408.0 31576.0 2 0.1876308770445405
1 0 1 1 0 0 1 1 1 0 1 0 0 1 1 1 0 1 0 0 1 0 1 0 1 1 1 1 1 1 1 1 0 1 0 1 1 0 1 0 0 1 1 1 1 1 1 1 1 1 0 1 0 0 0 0 0 0 1 0 1 0 1 0 0 0 0 1 0 1 0 0 1 1 1 1 1 0 1 1 1 1 0 0 0 0 0 0 1 0 0 0 1 1 1 1 1 1 1 0 35706.0 31429.0 2 0.1142921065024449
1 0 1 1 0 0 1 1 1 0 1 1 1 1 1 1 0 1 0 1 1 0 0 0 1 1 1 1 1 1 1 1 0 1 0 1 0 0 0 0 0 1 1 1 1 1 1 1 1 1 0 0 0 1 0 0 0 0 1 0 1 0 1 1 0 0 0 1 0 1 0 0 1 1 1 1 1 1 1 0 1 1 0 0 0 0 0 0 1 0 0 0 1 1 1 1 1 1 1 0 35821.0 31304.0 2 0.3353081893285969
1 0 1 1 0 0 1 1 1 0 1 1 1 1 1 1 0 1 0 1 1 0 1 0 1 1 1 1 0 1 1 1 0 1 0 1 0 0 0 0 0 1 1 1 0 1 1 1 1 1 0 0 0 0 0 0 0 0 1 1 1 0 1 1 0 0 0 1 1 1 0 0 1 0 1 1 1 0 1 1 1 1 0 0 0 0 0 0 1 1 0 0 1 1 1 1 1 1 1 0 35909.0 29685.0 2 0.3053374570901062
1 0 1 1 0 0 1 1 0 0 1 1 1 1 1 1 0 1 0 1 0 0 0 0 1 1 1 1 1 1 1 1 0 1 0 1 1 0 1 0 0 1 1 1 0 1 1 1 1 1 0 0 0 0 0 0 0 0 1 1 1 0 1 1 0 0 0 1 1 1 0 0 1 0 1 1 1 0 1 1 1 1 0 0 0 0 0 0 1 0 0 0 1 1 1 1 1 1 1 0 35958.0 29671.0 2 0.04306176907565038
1 0 1 1 0 0 1 1 1 0 1 0 1 1 1 1 0 1 0 1 1 0 1 0 1 0 1 1 1 1 1 1 0 1 0 1 1 0 1 0 0 1 1 1 0 1 1 1 1 1 0 0 0 1 0 0 0 0 1 1 1 0 1 1 0 0 0 1 1 1 0 0 1 0 1 1 1 0 1 1 1 1 0 0 0 0 0 0 0 1 0 1 1 1 0 1 0 0 1 0 36031.0 29551.0 2 0.06831452361763132
1 0 1 1 0 0 1 1 1 0 1 0 0 1 0 1 0 1 0 1 1 0 1 0 1 1 1 0 1 1 1 1 0 1 0 1 0 0 1 0 1 1 1 0 0 1 1 1 1 1 0 1 0 0 0 0 0 0 1 1 1 0 1 0 0 0 0 1 0 1 0 1 1 1 1 1 1 0 1 1 1 1 0 0 0 0 0 0 1 0 0 0 1 1 1 1 1 1 1 0 36069.0 29381.0 2 0.140549084814959
1 0 1 1 0 0 1 1 1 0 1 0 0 1 0 1 0 1 0 1 1 0 1 0 1 1 1 0 1 1 1 1 1 1 0 1 0 0 1 0 1 1 1 0 0 1 1 1 1 1 0 1 0 0 0 0 0 0 1 1 1 0 1 0 1 0 0 1 0 1 0 1 1 1 1 1 1 0 1 1 1 1 0 0 0 0 0 0 1 1 0 0 1 1 0 1 0 1 1 0 36227.0 28924.0 2 0.1224366754976903
1 0 1 1 0 0 1 1 1 0 1 0 0 1 1 1 0 1 0 1 1 0 1 0 1 1 1 1 1 1 1 1 0 1 0 1 1 0 1 0 0 1 1 1 0 1 1 1 1 1 0 0 0 1 0 0 0 0 1 1 1 0 1 1 0 0 0 1 1 1 0 0 1 0 1 1 1 0 1 1 1 1 0 0 0 0 0 0 0 1 0 1 1 1 0 1 0 0 1 0 36289.0 28881.0 2 0.025423023098780778
1 0 1 1 0 0 1 1 1 0 1 0 0 1 1 1 0 1 0 1 1 0 1 0 1 1 1 1 1 1 1 1 0 1 0 1 1 0 0 0 0 1 1 1 0 1 1 1 1 1 0 0 0 0 0 0 0 0 1 1 1 0 1 1 0 0 0 1 1 1 0 0 1 0 1 1 1 0 1 1 1 1 0 0 0 0 0 0 1 1 0 0 1 1 1 1 0 1 1 0 36329.0 28873.0 2 0.29332425234363224
1 0 1 1 0 0 1 1 1 0 1 0 0 1 1 1 1 1 0 1 1 0 1 0 1 1 1 1 1 1 1 1 0 1 0 1 0 0 0 0 1 1 1 0 0 1 1 1 1 1 0 0 0 1 0 0 0 0 1 1 1 0 1 1 0 0 0 1 1 1 0 0 1 0 1 1 1 0 1 1 1 1 1 0 0 0 0 0 1 1 0 1 1 1 0 1 0 0 1 0 36447.0 27337.0 2 2000000000000000.0
1 0 1 0 1 0 1 1 1 0 1 1 1 1 1 1 0 1 0 1 1 0 1 0 1 0 0 1 1 1 0 1 0 1 0 1 1 0 1 0 0 1 1 1 0 1 1 1 1 1 0 1 0 1 0 0 0 0 1 0 0 0 1 0 0 1 0 1 0 1 0 0 0 0 0 1 1 1 1 0 1 0 1 1 0 0 0 0 1 0 0 1 0 1 1 1 1 1 0 0 29953.0 32978.0 3 2000000000000000.0
1 0 1 1 0 0 1 1 1 0 1 1 1 1 1 1 0 1 0 1 1 0 1 0 1 0 0 1 1 1 1 1 0 1 0 1 0 0 1 0 0 1 1 1 1 1 1 1 1 1 0 1 0 1 0 0 0 1 1 0 0 0 1 0 0 1 0 1 0 1 0 0 0 0 0 1 1 1 1 0 1 0 1 1 0 0 0 0 1 0 0 1 0 1 1 1 1 1 0 0 30242.0 32950.0 3 0.5084563511822094
1 0 1 0 1 0 1 1 1 0 1 1 1 1 1 1 0 1 0 1 1 0 1 0 1 0 0 1 1 1 1 1 0 1 1 1 0 0 1 0 0 1 1 1 0 1 1 1 1 1 0 1 0 1 0 0 0 0 1 0 0 0 1 0 0 0 0 1 0 1 0 0 1 1 1 1 1 1 1 0 1 1 0 0 0 0 0 0 1 0 0 0 1 1 1 1 1 0 1 0 33094.0 32915.0 3 0.48960385230493886
1 0 1 1 0 0 1 1 1 0 1 1 1 1 1 1 0 1 0 1 1 0 1 0 1 0 0 1 1 1 1 1 0 1 0 1 0 0 1 0 0 1 1 1 0 1 1 1 1 1 0 1 0 1 0 0 0 0 1 0 0 0 1 0 0 0 0 1 0 1 0 0 1 1 1 1 1 1 1 0 1 1 0 0 0 0 0 0 1 0 0 0 1 1 1 1 1 1 1 0 33212.0 32848.0 3 0.15906022954143612
1 0 1 1 0 0 1 1 1 0 1 0 0 1 1 1 0 1 0 0 1 0 1 0 1 1 1 1 1 1 1 1 0 1 0 1 1 0 1 0 0 1 1 1 1 1 1 1 1 1 0 1 0 1 0 0 0 0 1 0 0 0 1 0 0 0 0 1 0 1 0 0 1 1 1 1 1 1 1 0 1 1 0 1 0 0 1 0 0 0 0 0 0 1 0 1 1 1 1 0 33844.0 32719.0 3 0.20838917446867117
1 0 1 0 1 0 1 1 1 0 1 1 1 1 1 1 0 1 0 1 1 0 1 0 1 0 0 0 1 1 1 1 0 1 0 1 0 0 1 0 1 1 1 1 1 1 1 1 1 1 0 1 0 1 0 0 0 0 1 0 0 0 1 0 0 0 0 1 0 1 0 0 1 1 1 1 1 0 1 1 1 1 0 0 0 0 0 0 1 0 0 0 1 1 1 1 1 1 1 0 34003.0 32446.0 3 0.18287833185440533
1 0 0 1 0 0 1 1 1 0 1 1 1 1 1 1 0 1 0 1 1 0 1 0 1 0 0 1 1 1 1 1 0 1 0 1 0 0 1 0 0 1 1 1 1 1 1 1 1 1 0 0 0 1 0 0 0 0 1 0 1 0 1 1 0 0 0 1 0 1 0 0 1 1 1 1 1 1 1 0 1 1 0 0 0 0 0 0 1 0 0 0 1 1 1 1 1 1 1 0 34464.0 32310.0 3 0.20297749822919142
1 0 1 0 0 0 1 1 1 0 1 0 0 1 1 1 0 1 0 1 1 0 1 0 1 1 1 1 1 1 1 1 0 1 0 1 1 0 1 0 0 1 1 1 0 1 1 1 1 1 0 1 0 1 0 0 0 0 1 0 0 0 1 0 0 0 0 1 0 1 0 0 1 1 1 1 1 1 1 0 1 1 0 0 0 0 0 0 1 0 0 0 1 1 1 1 1 1 1 0 34509.0 31854.0 3 0.21318509698128976
1 0 1 1 0 0 1 1 1 0 1 0 0 1 1 1 0 1 0 0 1 0 1 0 1 1 1 1 1 1 1 1 0 1 0 1 1 0 1 0 0 1 1 1 1 1 1 1 1 1 0 0 0 1 0 0 0 0 1 0 1 0 1 0 0 0 0 1 0 1 0 0 1 1 1 1 1 0 1 0 1 1 0 1 0 0 0 0 1 0 0 0 1 1 1 1 1 1 1 0 34788.0 31531.0 3 0.18021114856494766
1 0 1 1 0 0 1 1 1 0 1 0 0 1 1 1 0 1 0 0 1 0 1 0 1 1 1 1 1 1 1 1 0 1 0 1 1 0 1 0 0 1 1 1 1 1 1 1 1 1 0 1 0 0 0 0 0 0 1 0 0 0 1 0 0 0 0 1 1 1 0 0 1 1 1 1 1 0 1 1 1 1 0 0 0 0 0 0 1 0 0 0 1 1 1 1 1 1 1 0 35215.0 31523.0 3 0.10213872778881136
0 0 1 1 0 0 1 1 1 0 1 1 1 1 1 1 0 1 0 1 1 0 0 0 1 1 1 1 1 1 0 1 0 1 0 1 1 0 1 0 0 1 1 1 0 1 1 1 1 1 0 1 0 1 0 0 0 0 1 0 1 0 1 0 0 0 0 1 0 1 0 0 1 1 1 1 1 0 1 1 1 0 0 0 0 0 0 0 1 0 0 0 1 1 1 1 1 1 1 0 35309.0 31435.0 3 0.040533494410438596
1 0 1 1 0 0 1 1 1 0 1 1 1 1 1 1 0 1 0 1 1 0 0 0 1 1 1 1 1 1 0 1 0 1 0 1 0 0 1 0 0 1 1 1 1 1 1 1 1 1 0 0 0 0 0 0 0 0 1 0 1 0 1 1 0 0 0 1 0 1 0 0 1 1 1 1 1 1 1 0 1 1 0 0 0 0 0 0 1 0 0 0 1 1 1 1 1 1 1 0 35348.0 31429.0 3 0.08117734212668207
1 0 1 1 0 0 1 1 1 0 1 1 1 1 1 1 0 1 0 1 0 0 1 0 1 1 1 0 1 1 1 1 0 1 0 1 1 0 1 0 0 1 1 0 1 1 1 1 1 1 0 0 0 1 0 0 0 0 1 0 1 0 1 1 0 0 0 1 0 0 0 0 1 1 1 1 1 1 1 0 1 1 0 0 0 0 0 0 1 0 0 0 1 1 1 1 1 1 1 0 35358.0 31082.0 3 0.14159231518347676
1 0 1 1 0 0 1 1 1 0 1 1 1 1 1 1 0 1 0 0 1 0 1 0 1 0 0 0 1 1 1 1 0 1 0 1 1 1 1 0 0 1 1 1 0 1 1 1 1 1 0 1 0 1 0 0 0 0 1 1 1 0 1 1 0 0 0 1 1 1 0 0 1 1 1 1 1 0 1 1 1 1 0 0 0 0 0 0 1 0 0 0 1 1 0 1 1 0 1 0 35631.0 30963.0 3 0.09726910514986514
1 0 1 1 0 0 1 1 1 0 1 0 0 1 1 1 0 1 0 0 1 0 1 0 1 1 1 1 1 1 1 1 0 1 0 1 1 0 1 0 0 1 1 1 1 1 1 1 1 1 0 0 0 1 0 0 0 0 1 0 1 0 1 0 0 1 0 1 0 1 0 0 1 1 1 1 1 0 1 1 1 1 0 0 0 0 0 0 1 0 0 0 1 1 1 1 1 1 1 0 35765.0 30923.0 3 0.303582436478918
1 0 1 1 0 0 1 1 1 0 1 1 1 1 1 1 0 1 0 1 1 0 0 0 1 1 1 1 1 1 1 1 0 1 0 1 0 0 1 0 1 1 1 1 1 1 1 1 1 1 0 0 0 0 0 0 0 0 1 0 1 0 1 0 0 0 0 1 0 1 0 0 1 1 1 1 1 0 1 1 1 1 0 0 0 0 0 0 1 1 0 0 1 1 0 1 0 1 1 0 35854.0 29673.0 3 0.40474741037246725
1 0 1 1 0 0 1 1 1 0 1 1 1 1 1 1 0 1 0 1 1 0 0 0 1 1 1 1 1 1 1 1 0 1 0 1 0 0 0 0 0 1 1 1 0 1 1 1 1 1 0 0 0 0 0 0 0 0 1 1 1 0 1 1 0 0 0 1 1 1 0 0 1 0 1 1 1 0 1 1 1 1 0 0 0 0 0 0 1 0 0 0 1 1 1 1 1 1 1 0 35950.0 29118.0 3 0.17949344190286923
1 0 1 1 0 0 1 1 1 0 1 0 0 1 1 1 0 1 0 1 1 0 1 0 1 1 1 1 1 1 1 1 0 1 0 1 0 0 1 0 1 1 1 0 0 1 1 1 1 1 0 0 0 0 0 0 0 0 1 1 1 0 1 0 0 0 0 1 0 1 0 0 1 1 1 1 1 1 1 1 1 1 0 0 0 0 0 0 1 1 0 0 1 1 0 1 0 1 1 0 35967.0 28896.0 3 0.10031588018524973
1 0 1 1 0 0 1 1 1 0 1 1 1 1 1 1 0 1 0 1 0 0 1 0 1 1 1 1 1 0 1 1 0 1 0 1 0 0 0 0 1 1 1 0 1 1 1 1 1 1 0 0 0 1 0 0 0 0 1 1 1 0 1 1 0 0 0 1 1 1 0 0 1 1 1 1 1 0 1 1 1 1 0 0 0 0 0 0 1 0 0 0 1 1 0 1 1 0 1 0 36028.0 28695.0 3 0.07988391475382528
1 0 1 1 0 0 1 1 1 0 1 0 0 1 1 1 0 1 0 1 1 0 1 0 1 1 1 0 1 1 1 1 0 1 0 1 0 0 1 0 1 1 1 0 0 1 1 1 1 1 0 1 0 0 0 0 0 0 1 1 1 0 1 0 0 0 0 1 0 1 0 0 1 1 1 1 1 0 1 1 1 1 0 0 0 0 0 0 1 1 0 1 1 1 0 1 0 1 1 0 36178.0 28672.0 3 0.08093327198437537
1 0 1 1 0 0 1 1 1 0 1 0 0 1 1 1 0 1 0 0 1 1 1 0 1 1 1 1 1 1 1 1 0 1 0 1 1 0 0 0 0 1 1 0 0 1 1 1 1 1 0 0 0 0 0 0 0 0 1 1 1 0 1 1 0 0 0 1 1 1 0 0 1 0 1 1 1 1 1 1 1 1 0 0 0 0 0 0 1 1 0 0 1 1 1 1 0 1 1 0 36276.0 28494.0 3 0.1223302654261132
1 0 1 1 0 0 1 1 1 0 1 1 1 1 1 1 0 1 0 1 1 0 0 0 1 1 1 1 1 1 1 1 0 1 0 1 0 0 0 0 1 1 1 0 0 1 1 1 1 1 0 0 0 1 0 0 0 0 1 1 1 0 1 1 0 0 0 1 1 1 1 0 1 1 1 1 0 0 1 1 1 1 0 0 0 0 0 0 1 0 0 0 1 1 0 1 1 0 1 0 36294.0 28172.0 3 2000000000000000.0
1 0 1 0 1 0 1 1 1 0 1 1 1 1 1 1 0 1 0 1 1 0 1 0 1 0 0 1 1 1 0 1 0 1 0 1 1 0 1 0 0 1 1 1 0 1 1 0 1 1 0 1 0 1 0 0 0 0 1 0 0 0 1 0 0 0 0 1 0 1 0 0 1 1 1 1 1 1 1 0 1 1 0 0 0 0 0 0 1 0 0 0 1 1 1 1 1 1 1 0 32846.0 32826.0 4 2000000000000000.0
1 0 1 0 0 0 1 1 1 0 1 1 0 1 1 1 0 1 0 1 1 0 1 0 1 1 1 0 1 1 1 1 0 1 0 1 0 0 1 0 1 1 1 0 0 1 1 1 1 1 0 1 0 0 0 0 0 0 1 1 1 1 1 0 0 0 0 1 0 1 0 0 1 1 1 1 1 0 1 1 1 1 0 0 0 0 0 0 1 1 0 1 1 1 0 1 0 1 1 0 36257.0 28429.0 4 2000000000000000.0
1 0 1 1 0 0 1 1 1 0 1 0 1 1 1 1 0 1 0 1 1 0 1 0 1 1 1 1 0 1 1 1 0 1 0 1 0 0 0 0 0 1 1 1 0 1 1 1 1 1 0 0 0 0 0 0 0 1 1 1 1 0 1 1 0 0 0 1 1 1 0 0 1 0 1 1 1 0 1 1 1 1 0 0 0 0 0 0 1 1 0 0 1 1 1 1 1 1 1 0 35789.0 29413.0 4 0.3993117292266353
1 0 1 1 0 0 1 1 1 0 1 1 1 1 1 1 0 1 0 1 1 0 0 0 1 1 1 1 1 1 1 1 0 1 0 1 0 0 1 0 0 1 1 1 1 1 1 1 1 1 0 0 0 0 0 0 0 0 1 0 1 0 1 0 0 1 0 1 0 1 0 0 1 1 1 1 1 0 1 1 1 1 0 0 0 0 0 0 1 0 0 0 1 1 1 1 1 1 1 0 35745.0 30796.0 4 0.3747406599753067
1 0 1 1 0 0 1 0 1 0 1 0 0 1 1 1 0 1 0 1 1 0 1 0 1 1 1 1 1 1 1 1 0 1 0 1 1 0 0 0 0 1 1 0 0 1 1 1 1 1 0 0 0 0 0 0 0 0 1 1 1 0 1 1 0 0 0 1 1 1 0 0 1 1 1 1 1 0 1 1 1 1 0 0 0 0 0 0 1 0 0 0 1 1 1 1 1 1 1 0 35907.0 28711.0 4 0.28712602013298616
1 0 1 1 0 0 1 1 1 0 1 1 1 1 1 1 0 1 0 1 1 0 1 0 1 0 0 1 1 1 1 1 0 1 0 1 0 0 1 0 0 1 1 1 1 1 1 1 1 1 0 1 0 1 0 0 0 1 1 0 0 0 1 0 0 0 0 1 0 1 0 0 1 1 1 1 1 0 1 0 1 1 0 0 0 0 0 0 1 0 0 0 1 1 1 1 1 1 1 0 33439.0 32616.0 4 0.27741610024744234
1 0 1 1 0 0 1 1 1 0 1 0 0 1 1 1 0 1 0 0 1 0 1 0 1 1 1 1 1 1 1 1 0 1 0 1 1 0 1 0 0 1 1 1 1 1 1 1 1 1 0 1 0 0 0 0 0 0 1 0 0 0 1 0 0 0 0 1 0 1 0 0 1 1 1 1 1 0 1 1 1 1 0 0 0 0 0 0 1 0 0 0 1 1 1 1 1 1 1 0 34903.0 31387.0 4 0.2736102351707301
1 0 1 1 0 0 0 1 1 0 1 1 1 1 1 1 0 1 0 1 1 0 1 0 1 0 0 1 1 1 0 1 0 1 0 1 1 0 1 0 0 1 1 1 0 1 1 1 1 1 0 1 0 1 0 1 0 0 1 0 1 1 1 0 0 0 0 1 0 1 0 0 1 1 1 1 1 0 1 1 1 0 0 0 0 0 0 0 1 0 0 0 1 1 1 1 1 1 1 0 34402.0 32203.0 4 0.26745001572524774
1 0 1 0 1 0 1 1 1 0 1 1 1 1 1 1 0 1 0 1 1 0 1 0 1 0 0 0 1 1 1 1 0 1 0 1 1 0 1 0 0 1 1 1 0 1 1 1 1 1 0 1 0 1 0 0 0 0 1 0 0 0 1 0 0 0 0 1 0 1 0 0 1 1 1 1 1 0 1 1 1 1 0 0 0 0 0 0 1 0 0 0 1 1 1 1 1 1 1 0 33900.0 32391.0 4 0.23691075049370375
1 0 1 1 0 0 1 1 1 0 1 1 1 1 1 1 0 1 0 1 1 0 1 0 1 0 1 1 0 1 1 1 0 1 0 1 0 0 1 0 0 1 1 1 0 1 1 1 1 1 0 0 0 1 0 0 0 0 1 0 1 0 1 1 0 0 0 1 0 1 0 0 1 1 1 1 1 1 1 0 1 1 0 0 0 0 0 0 1 0 0 0 1 1 1 1 1 1 1 0 34495.0 31558.0 4 0.20434763794801838
1 0 1 1 0 0 1 1 1 0 1 1 1 1 1 1 0 1 0 1 1 0 0 0 1 1 1 1 1 1 1 1 0 1 0 1 0 0 0 0 0 1 1 1 1 1 1 1 1 1 0 0 0 1 0 0 0 0 1 0 1 0 1 1 0 0 1 1 0 1 0 0 1 1 1 1 1 1 1 0 1 1 0 0 0 0 0 0 1 0 0 0 1 1 1 1 1 0 1 0 35655.0 30888.0 4 0.19424487005644892
1 0 1 0 1 0 1 1 1 0 1 1 1 1 1 1 0 1 0 1 1 0 1 0 1 0 0 0 1 1 1 1 0 1 0 1 1 0 1 0 0 1 1 1 0 1 1 1 1 1 0 1 0 1 0 0 0 0 1 0 1 0 1 0 0 0 0 1 0 1 0 0 1 1 1 1 1 0 1 0 1 1 0 0 0 0 0 0 1 0 0 0 1 1 1 1 1 1 1 0 33988.0 32282.0 4 0.1899273424545759
1 0 1 1 0 0 1 1 1 0 1 1 1 1 1 1 0 1 0 1 1 0 0 0 1 1 1 1 1 1 0 1 0 1 0 1 1 0 1 0 0 1 1 1 0 1 1 1 1 1 0 1 0 1 0 0 0 0 1 0 1 0 1 0 0 0 0 1 0 1 0 0 1 1 1 1 1 0 1 1 1 1 0 0 0 0 0 0 0 0 0 0 1 1 1 1 1 0 1 0 35333.0 31119.0 4 0.17855055221080862
1 0 1 1 0 0 1 1 1 0 1 1 1 1 1 1 0 1 0 1 1 0 1 0 1 0 0 1 1 1 0 1 0 1 0 1 1 0 1 0 0 1 1 1 0 1 1 1 1 1 0 1 0 1 0 0 0 0 1 0 1 0 1 0 0 0 0 1 0 1 0 0 1 1 1 1 1 0 1 1 1 1 0 0 0 0 0 0 1 0 0 0 1 1 1 1 0 1 1 0 34493.0 31757.0 4 0.1739556573813278
1 0 1 1 0 0 1 1 1 0 1 1 1 1 1 1 0 1 0 1 1 0 0 0 1 1 1 1 1 1 1 1 0 1 0 1 0 0 0 0 0 1 1 1 1 1 1 1 1 1 0 1 0 1 0 0 0 0 1 0 0 0 1 0 0 0 0 1 0 1 0 0 1 1 1 1 1 0 1 1 1 1 0 0 0 0 0 0 1 0 0 0 1 1 1 1 1 1 1 0 35239.0 31314.0 4 0.15539912310617254
