0 1 0 0 1 1 1 0 0 1 1 0 0 1 1 1 1 1 0 1 1 1 0 1 0 0 0 0 1 1 0 0 1 1 0 1 0 0 1 0 11420.0 9404.0 10996.0 12048.0 0 2000000000000001.5
0 1 1 1 0 1 0 1 0 1 0 0 1 0 0 0 0 1 0 1 1 0 0 0 1 0 0 0 1 0 0 1 1 1 0 0 1 1 0 0 9101.0 9695.0 8891.0 10519.0 0 1000000000000001.1
0 1 0 0 1 1 1 0 0 1 1 0 0 1 1 1 1 1 0 0 0 1 0 0 0 0 0 0 0 0 1 1 1 0 0 1 1 0 0 1 10693.0 9602.0 9299.0 9704.0 0 1.7002326899654023
0 0 1 0 0 0 1 1 0 0 0 0 1 1 0 1 0 1 0 0 1 1 0 1 1 0 1 1 0 0 0 0 0 0 1 0 1 1 1 0 10175.0 7638.0 11353.0 9346.0 0 2000000000000001.0
1 1 1 0 1 0 0 0 0 0 0 1 0 1 0 0 1 1 1 0 0 0 1 0 1 0 0 1 1 0 1 0 0 1 0 0 1 0 0 1 9460.0 10677.0 8715.0 7698.0 0 3000000000000000.5
0 1 0 0 0 1 1 0 0 1 1 0 0 1 1 1 1 1 0 1 1 1 0 1 0 0 0 0 1 1 0 0 1 1 0 1 0 0 1 0 10835.0 8777.0 10790.0 11746.0 1 1000000000000000.5
0 0 0 0 0 0 1 0 0 1 1 1 1 0 1 1 0 0 1 1 0 1 0 1 1 1 1 0 0 1 0 0 0 0 0 1 0 1 0 1 11120.0 5874.0 9490.0 10558.0 1 2000000000000001.0
1 0 0 1 1 1 0 1 1 0 0 1 1 0 1 1 0 0 0 0 1 0 0 1 1 0 0 1 0 0 1 1 1 0 1 0 0 0 1 0 11082.0 8847.0 10709.0 9273.0 1 1.0186552678663137
1 1 1 1 0 1 1 0 1 0 0 0 1 0 0 1 0 1 0 0 0 0 1 0 0 1 0 1 0 1 0 0 0 0 0 0 0 1 0 1 7314.0 9382.0 8601.0 9223.0 1 3000000000000000.0
1 1 1 1 1 0 1 0 0 0 0 1 0 0 0 1 0 0 1 1 0 0 1 1 0 1 0 1 0 0 0 0 1 0 1 1 1 1 0 0 9911.0 8426.0 10836.0 8656.0 1 1000000000000002.0
1 1 1 1 0 1 1 0 0 0 0 1 0 1 0 0 1 0 0 0 0 0 1 1 0 0 0 1 0 0 0 0 0 0 0 0 1 0 1 1 8202.0 9094.0 9541.0 7214.0 1 1000000000000001.4
1 1 1 0 0 0 1 1 0 0 0 0 0 1 1 0 1 0 1 0 1 0 1 0 0 1 0 1 0 1 0 0 0 0 0 0 0 1 0 1 7859.0 7715.0 8617.0 10566.0 2 1000000000000000.2
0 0 1 0 0 0 0 1 0 0 0 0 1 1 0 1 0 1 0 0 1 1 0 1 1 0 1 1 0 0 0 1 1 0 0 1 0 1 0 0 8735.0 6173.0 8859.0 10052.0 2 0.8669408778788723
1 1 0 1 0 1 0 1 1 0 0 0 0 1 0 1 1 0 0 0 1 0 0 1 0 1 0 0 1 0 0 0 0 1 0 1 0 1 0 1 10172.0 8155.0 8590.0 10022.0 2 1000000000000000.5
0 1 0 0 1 1 0 0 0 1 0 0 0 1 0 0 0 1 1 0 0 0 0 0 0 0 0 1 0 1 1 1 1 1 0 0 1 1 0 0 8737.0 8408.0 6826.0 9608.0 2 1000000000000000.4
1 0 0 0 1 1 0 0 1 1 0 0 0 0 0 1 0 1 1 0 0 1 1 0 1 0 1 1 1 1 0 0 0 1 0 1 0 0 0 0 9540.0 8589.0 7382.0 9215.0 2 1000000000000000.6
0 0 0 0 0 0 0 1 0 0 0 1 0 0 1 1 0 1 0 0 1 0 0 1 0 1 1 0 0 1 0 0 1 1 0 1 0 1 1 0 8170.0 4258.0 8965.0 9087.0 2 1000000000000000.2
0 1 0 1 0 0 1 0 0 0 0 0 1 0 0 1 0 1 0 1 1 1 0 1 0 0 0 0 1 1 0 0 1 1 0 1 0 0 1 0 8086.0 7041.0 9258.0 8826.0 2 0.4624710191647348
0 0 1 0 1 1 1 0 0 0 1 0 1 1 1 0 1 0 1 0 0 0 1 0 0 0 1 1 0 0 0 0 0 1 0 1 1 1 0 0 9273.0 7599.0 8597.0 8810.0 2 0.21397158145519377
0 0 0 0 0 0 0 1 1 1 0 0 0 0 1 0 0 1 0 1 1 0 1 1 0 0 1 1 1 0 1 0 0 0 0 1 1 0 1 0 7269.0 7438.0 8983.0 8730.0 2 0.3405561258175329
1 1 0 0 0 0 0 0 1 1 1 0 0 0 1 0 0 0 0 1 1 1 0 0 0 1 0 0 0 1 1 1 0 0 1 0 1 1 1 0 8304.0 7431.0 9023.0 8471.0 2 0.40715497452058247
1 1 1 1 1 0 1 0 0 0 0 1 0 0 0 1 0 0 1 1 0 0 0 1 0 1 0 1 0 0 0 0 1 0 0 1 1 1 0 0 9036.0 7674.0 9086.0 8124.0 2 0.4153184348689676
0 1 0 1 0 0 1 0 0 0 0 0 1 0 0 1 1 1 0 0 0 1 0 1 0 1 0 1 0 0 0 0 1 0 0 1 1 1 0 0 7825.0 7295.0 9500.0 7616.0 2 0.5495505372830677
0 0 0 1 0 1 1 1 0 0 0 0 0 0 0 0 0 0 0 1 0 1 0 0 0 0 1 0 0 0 1 0 1 0 0 0 1 1 1 1 8867.0 6395.0 9501.0 7395.0 2 0.3275608277490851
1 1 1 1 1 0 1 0 0 0 0 1 0 0 0 1 0 0 1 1 0 0 0 0 0 0 0 0 0 0 1 1 1 0 0 1 1 0 0 1 9167.0 8274.0 7681.0 7112.0 2 0.7587564378811632
1 1 0 0 1 0 0 1 0 0 1 1 1 0 0 0 0 0 0 1 0 0 1 0 0 0 0 0 0 0 0 0 1 0 0 0 1 1 1 1 7956.0 6296.0 9667.0 6513.0 2 0.39263377799663457
1 1 0 0 1 0 0 1 0 0 1 1 1 0 0 0 0 1 0 1 0 0 1 0 0 0 0 0 0 0 0 0 1 0 0 0 1 1 1 0 7238.0 6501.0 9804.0 6443.0 2 3000000000000000.0
1 0 1 1 0 1 0 0 1 1 0 0 1 1 1 0 0 1 1 0 0 0 0 1 0 0 0 0 0 0 0 0 0 1 0 0 0 1 0 1 8710.0 7443.0 7219.0 9744.0 3 1000000000000000.2
0 1 1 0 1 1 1 0 1 1 0 0 1 1 0 0 0 0 1 0 0 1 1 1 0 0 1 1 0 0 0 0 0 0 0 0 0 0 0 0 8046.0 7574.0 6802.0 9655.0 3 0.6061433469962232
1 1 1 0 0 0 1 1 0 1 0 0 0 1 1 0 1 0 1 0 1 0 1 0 0 0 1 0 1 0 0 0 0 0 0 0 0 0 1 0 7843.0 7401.0 8286.0 9380.0 3 0.4125256213903908
1 0 0 0 0 1 0 0 0 1 0 0 0 0 0 1 0 1 1 1 0 1 1 0 1 0 1 1 1 1 0 0 0 1 0 1 0 0 0 0 8978.0 7203.0 7454.0 8666.0 3 0.5742445209417845
0 1 1 0 1 1 1 0 1 0 0 0 0 1 0 1 0 0 0 0 0 1 0 0 1 1 0 0 1 1 0 0 0 0 0 0 0 0 0 1 7572.0 8479.0 5582.0 8561.0 3 2000000000000000.0
1 1 0 1 0 1 0 1 1 0 0 0 0 1 0 1 1 0 0 0 1 0 0 1 0 1 0 0 1 0 0 0 0 1 0 1 0 0 1 0 8827.0 7530.0 7876.0 8426.0 3 0.2599323611474135
0 0 0 0 1 0 1 1 0 1 0 0 0 0 1 0 0 0 1 0 1 0 1 0 0 0 0 1 1 0 0 0 0 0 1 0 0 1 1 1 7790.0 6536.0 8622.0 8292.0 3 0.20851796577106296
0 0 0 1 0 1 0 0 0 0 0 0 1 0 1 0 0 1 1 0 1 1 1 0 1 1 0 1 0 0 0 1 0 0 1 0 1 0 0 0 6907.0 7651.0 7785.0 8101.0 3 0.41593163629425056
0 0 0 0 0 1 1 1 0 0 0 0 0 0 0 0 0 1 0 0 1 1 1 0 1 1 0 1 0 0 0 1 1 0 1 0 1 0 0 0 7553.0 7568.0 8732.0 8090.0 3 0.2554523091808966
1 0 0 1 0 0 1 1 0 0 1 0 0 1 0 0 0 1 0 1 0 1 0 0 0 0 0 0 0 1 0 0 1 0 0 1 0 1 0 0 7639.0 5807.0 8928.0 7859.0 3 0.3208650786815878
0 1 1 0 0 0 0 0 0 0 0 0 0 0 0 0 0 1 0 1 1 1 1 1 0 0 1 0 0 0 1 1 0 1 1 0 1 0 0 1 7899.0 7032.0 8658.0 7855.0 3 0.24190298032416097
1 0 0 0 0 0 1 0 1 1 1 1 0 0 0 0 1 0 0 0 0 0 0 0 0 1 1 0 1 0 0 1 1 0 0 0 0 1 0 1 8716.0 7153.0 8043.0 7769.0 3 0.1436324268900147
0 0 1 1 0 0 0 0 0 0 0 0 1 1 0 0 0 1 0 0 1 1 1 0 1 1 0 1 0 0 0 1 1 0 1 0 1 0 0 0 6601.0 8144.0 8340.0 7752.0 3 1000000000000000.2
1 1 0 0 1 0 0 1 0 0 0 0 0 0 0 1 0 1 1 0 0 1 1 0 0 0 1 0 0 0 0 0 0 0 1 1 0 1 0 1 8485.0 5682.0 8741.0 7664.0 3 1000000000000000.2
1 1 0 0 0 1 0 0 0 1 0 1 1 0 0 1 0 1 0 0 1 0 0 0 0 0 0 1 0 0 1 0 0 1 0 0 1 1 0 1 9479.0 7949.0 8023.0 7462.0 3 0.2725926589324476
0 0 0 0 1 0 1 1 1 1 0 1 0 0 1 1 1 0 1 1 1 1 0 0 0 0 0 0 0 0 1 0 0 0 0 1 1 0 0 0 9497.0 6551.0 6829.0 7404.0 3 1000000000000000.1
0 0 0 1 0 1 1 1 0 0 0 0 0 0 0 0 0 0 0 1 0 1 0 0 0 0 1 0 0 0 0 0 1 0 0 0 1 1 1 1 7991.0 5803.0 9055.0 7318.0 3 0.3208684435988685
0 0 0 1 0 1 1 0 0 0 0 1 0 0 0 0 0 0 0 1 0 1 1 0 0 0 1 0 0 0 0 0 1 0 0 0 1 1 1 1 7813.0 6218.0 9478.0 6965.0 3 1000000000000000.4
1 1 1 1 0 1 1 0 0 0 0 1 1 0 0 1 0 1 0 0 0 0 1 0 0 0 1 0 1 0 0 0 0 0 0 0 0 0 1 0 7021.0 7899.0 8470.0 6619.0 3 0.24206947212211571
0 1 0 1 0 0 1 0 0 0 0 0 1 0 0 1 1 1 0 0 0 1 0 0 0 0 0 0 0 0 1 1 1 0 0 1 1 0 0 1 7956.0 7895.0 8095.0 6604.0 3 0.20221892614938353
0 0 0 1 0 0 0 0 1 1 0 1 0 0 0 0 0 1 0 0 0 1 0 1 0 0 1 1 1 0 0 0 0 0 1 0 0 1 1 0 7095.0 6486.0 8893.0 6537.0 3 0.44671860440631683
0 0 0 1 0 1 0 0 0 1 0 1 0 0 0 1 1 0 0 0 0 1 0 0 0 0 0 1 1 0 0 1 0 1 0 0 1 1 1 1 9251.0 7569.0 8026.0 6176.0 3 0.4210429087732425
1 0 0 1 1 1 0 1 0 0 0 0 1 0 0 1 1 1 0 1 0 0 0 1 0 0 0 0 0 0 0 0 0 0 1 0 1 0 1 0 8565.0 6676.0 8665.0 5520.0 3 1000000000000000.2
0 1 1 0 0 0 1 1 0 1 0 0 0 1 1 0 1 0 1 0 1 0 1 0 0 0 1 0 1 0 0 0 0 0 0 0 0 0 1 0 7012.0 6889.0 7555.0 9197.0 4 1000000000000000.2
0 0 0 0 0 1 0 0 1 0 0 1 0 0 0 0 0 0 1 1 0 1 0 1 1 1 1 0 0 1 0 0 0 0 0 1 0 1 0 1 8227.0 5266.0 6433.0 8907.0 4 0.7822034376153147
0 1 0 1 1 1 0 0 0 1 0 0 0 1 0 0 0 1 1 0 0 0 0 0 0 0 0 1 0 1 1 0 0 0 0 1 0 1 0 0 6933.0 7570.0 5886.0 8335.0 4 1000000000000000.4
0 1 1 1 0 1 0 1 0 1 0 0 0 0 0 0 0 0 0 1 0 0 0 1 0 0 0 0 0 1 0 1 0 1 1 0 0 0 1 1 7974.0 6699.0 7492.0 8171.0 4 0.27667516945358683
0 0 1 1 0 0 0 0 0 1 0 0 0 0 0 1 0 1 1 0 0 1 1 0 1 0 1 1 1 1 0 0 0 1 0 1 0 0 0 0 7711.0 7480.0 7147.0 7962.0 4 0.23566643686688254
1 0 0 0 1 1 0 0 1 0 0 0 1 1 0 0 0 1 0 1 1 1 0 0 0 0 1 1 0 0 0 0 0 0 1 0 0 1 0 0 7421.0 6522.0 7594.0 7958.0 4 0.2627817947353309
0 1 0 0 0 0 0 0 0 0 0 0 1 0 1 0 0 1 0 0 1 1 1 0 1 1 0 1 0 0 0 1 1 0 1 0 1 0 0 0 5689.0 7155.0 8314.0 7833.0 4 1000000000000000.2
0 0 0 0 1 0 1 1 0 1 0 0 0 0 1 0 0 0 1 0 1 0 1 0 0 0 0 1 1 0 0 0 0 0 1 0 0 1 1 0 6911.0 5776.0 7900.0 7491.0 4 0.6912985146525714
0 0 0 1 0 1 0 0 0 1 0 0 0 0 0 0 1 1 0 1 1 0 0 0 0 0 1 0 0 0 1 0 1 0 0 1 1 0 0 1 7673.0 7467.0 7165.0 7380.0 4 0.2882149245819293
1 0 0 0 1 0 0 0 0 1 0 0 1 0 1 1 0 0 0 1 0 0 0 1 0 0 1 1 0 0 0 0 1 0 0 1 1 1 0 0 7998.0 4865.0 7716.0 7331.0 4 1000000000000000.1
1 1 1 0 0 0 0 0 1 0 0 1 0 1 0 0 1 0 1 0 0 1 1 1 0 0 0 0 1 0 0 0 0 1 0 0 0 1 1 0 7858.0 6609.0 7885.0 7259.0 4 0.16230205034156023
1 1 1 1 0 1 1 0 1 0 0 0 0 0 0 0 0 1 0 1 0 0 0 0 0 0 0 0 0 0 0 1 1 1 0 0 0 0 1 0 5844.0 7842.0 7323.0 7139.0 4 1000000000000000.5
1 1 1 1 1 0 1 0 0 0 0 1 0 0 0 1 0 0 1 0 0 0 0 1 0 1 0 0 0 0 1 1 1 0 0 1 0 0 0 0 8438.0 6750.0 6900.0 7050.0 4 0.5726730998221568
0 0 0 1 0 1 1 0 0 0 1 0 0 0 0 1 0 0 0 0 0 0 0 1 0 1 1 0 1 0 0 0 0 0 0 1 0 1 1 1 8092.0 5663.0 8304.0 7040.0 4 0.20168039588332182
0 0 0 0 0 0 1 0 0 0 1 0 1 0 0 1 1 1 0 0 1 0 0 0 1 0 0 1 0 0 0 0 1 0 0 0 0 1 0 1 7267.0 6609.0 8388.0 6970.0 4 1000000000000000.1
1 1 1 0 0 0 0 0 1 0 0 1 0 1 0 0 1 0 1 0 0 1 1 0 0 0 1 0 0 0 0 0 0 0 1 1 0 1 1 0 7473.0 6239.0 8319.0 6937.0 4 0.3758761317392161
1 1 1 0 0 0 0 0 1 1 0 1 0 0 1 1 1 0 1 1 1 1 0 0 0 0 0 0 0 0 1 0 0 0 0 1 1 0 0 0 8130.0 6968.0 6233.0 6875.0 4 0.41997185446200336
0 1 0 0 0 1 0 0 0 1 0 1 0 0 0 1 1 0 0 0 0 1 0 0 0 0 0 1 1 0 0 1 0 1 0 0 1 1 1 1 8940.0 7533.0 7791.0 6653.0 4 0.6016520503790961
0 0 1 0 0 0 0 0 0 0 1 1 1 0 0 1 0 0 0 0 0 0 1 1 1 0 1 0 1 0 1 0 0 1 0 0 1 0 0 1 9240.0 6557.0 7880.0 5800.0 4 1000000000000000.4
1 1 0 0 1 0 0 1 0 0 1 1 1 0 0 0 0 0 0 1 0 0 1 0 0 0 0 0 0 0 1 0 0 1 0 1 1 1 0 0 8238.0 5641.0 8068.0 5358.0 4 1000000000000000.4
0 1 0 0 0 0 0 0 0 0 0 0 1 0 1 0 0 1 1 0 0 0 1 0 0 1 0 1 0 1 0 1 0 0 0 0 0 1 0 1 4408.0 5581.0 5965.0 8197.0 5 2000000000000000.0
0 0 0 1 1 0 0 0 0 1 0 0 0 0 0 0 0 0 1 0 1 1 0 1 0 0 0 0 0 1 0 1 1 0 0 1 0 1 0 0 6913.0 4525.0 5391.0 8002.0 5 1000000000000000.4
0 0 1 0 0 0 0 1 0 0 0 0 1 1 0 1 0 1 0 0 0 1 0 1 0 1 0 1 0 1 0 0 0 0 0 0 0 1 0 1 7027.0 5010.0 6796.0 7873.0 5 0.35346402743619854
0 0 0 1 0 1 1 0 0 0 1 0 0 0 1 0 0 1 1 0 1 0 1 0 0 0 0 0 0 0 0 1 1 0 0 0 1 0 0 0 6077.0 6749.0 7180.0 7729.0 5 0.256989798044483
0 0 0 1 1 0 0 0 0 0 0 0 1 1 1 0 1 1 0 0 0 0 1 0 0 1 0 1 0 1 0 0 0 0 0 0 0 1 0 1 5533.0 6804.0 7252.0 7689.0 5 0.369221735400089
1 1 0 0 1 0 0 0 0 0 0 0 0 0 0 0 0 1 1 0 1 0 0 1 1 0 1 0 0 0 0 0 0 0 0 1 1 0 0 1 7283.0 6764.0 6826.0 7664.0 5 0.11396745412683329
0 0 1 0 1 1 1 0 0 0 1 0 1 1 1 0 1 0 0 0 0 0 1 0 0 0 1 1 0 0 0 0 0 0 0 1 0 1 0 0 6893.0 6296.0 7525.0 7518.0 5 0.3267678700795441
1 1 1 0 0 0 0 0 1 0 0 1 0 1 0 0 1 0 1 0 0 1 1 0 0 0 0 0 1 0 0 0 1 1 0 0 0 1 0 0 7412.0 6705.0 7008.0 7272.0 5 0.35329125872222256
0 0 0 1 0 0 1 0 1 1 0 1 1 1 0 0 0 0 0 0 1 0 1 0 0 0 0 0 1 0 0 0 0 1 0 1 0 0 0 1 7215.0 6879.0 6156.0 7214.0 5 0.2886486614306818
0 0 0 0 1 1 0 1 0 0 1 0 0 0 1 1 0 1 0 0 0 0 0 0 0 1 1 0 0 0 0 1 0 1 0 0 0 1 1 0 7267.0 4620.0 7388.0 7135.0 5 0.14284746833233009
1 1 1 0 0 0 0 0 1 1 0 1 0 0 1 0 0 0 0 1 0 0 0 1 0 0 0 1 0 0 0 0 1 0 0 0 0 1 1 0 5687.0 5696.0 7650.0 7119.0 5 0.20321574930544026
1 0 0 0 1 1 0 0 0 0 1 0 0 1 0 0 0 1 0 1 0 1 1 0 0 0 1 0 0 0 0 0 1 0 0 0 0 0 0 1 7083.0 5790.0 7553.0 7109.0 5 0.13791357486006675
0 0 1 0 0 0 0 0 0 1 0 1 0 0 0 0 0 1 0 1 1 0 0 0 1 0 0 0 1 0 0 1 1 1 0 0 1 1 0 0 6833.0 6841.0 6434.0 7100.0 5 0.42551543602571595
0 1 0 0 0 0 0 0 0 0 0 0 1 0 0 0 0 1 0 0 1 1 1 0 1 1 0 1 0 0 0 1 1 0 1 0 1 0 0 0 5587.0 7018.0 7741.0 6996.0 5 0.18454315808171015
0 1 0 1 0 0 1 0 0 0 0 0 1 0 1 0 0 0 0 0 1 0 1 1 1 1 0 0 0 0 1 0 0 0 1 0 0 0 0 0 6202.0 6111.0 7814.0 6983.0 5 0.44241150383395106
1 0 0 0 1 0 0 0 0 1 0 0 1 0 1 1 0 0 0 1 0 0 0 1 0 0 1 0 0 0 1 1 1 0 0 1 0 0 0 0 7589.0 4046.0 5923.0 6681.0 5 1000000000000000.5
0 0 0 1 1 0 0 0 0 1 0 0 0 0 0 0 0 0 1 0 1 1 0 1 0 0 0 0 0 1 0 0 0 0 1 0 1 1 1 0 7474.0 5184.0 6893.0 6528.0 5 0.30907091871988646
1 0 0 1 0 0 1 1 0 0 1 0 0 0 0 0 0 1 1 0 0 0 0 0 0 0 0 0 0 1 0 0 1 1 0 1 0 0 1 0 7318.0 5666.0 8059.0 6520.0 5 0.23690378610343032
0 0 0 1 0 0 0 0 1 1 0 1 0 0 0 0 0 1 0 0 0 1 0 1 0 0 1 0 0 0 0 1 1 0 1 0 1 0 0 0 7226.0 6159.0 7502.0 6514.0 5 0.1340624186594588
0 0 0 1 0 0 1 0 0 0 0 1 0 1 0 0 1 0 1 0 0 1 1 0 0 0 0 0 1 0 0 0 1 1 0 0 0 1 0 0 7569.0 5569.0 7376.0 6468.0 5 0.2093901292029409
1 0 0 1 1 1 0 1 0 0 0 0 1 0 0 1 1 1 0 1 0 0 0 1 0 0 0 0 0 0 0 0 0 0 0 1 1 0 0 1 8667.0 6846.0 7540.0 6410.0 5 1000000000000000.1
0 0 0 0 0 0 1 0 0 0 1 0 0 0 0 1 1 1 0 0 1 0 0 0 1 0 0 1 0 0 0 0 1 0 0 0 0 1 1 0 6114.0 5932.0 8359.0 5848.0 5 1000000000000000.2
0 0 0 1 0 1 1 1 0 0 0 0 0 0 0 0 0 0 0 0 0 1 1 0 0 0 1 0 0 0 1 0 0 0 1 1 0 1 0 0 7333.0 4705.0 7747.0 5824.0 5 0.17867070190269008
0 0 0 0 1 0 1 0 0 0 1 1 0 0 0 1 0 0 0 0 0 1 0 0 1 0 0 0 0 1 0 0 1 0 0 1 0 1 1 0 7439.0 4743.0 7574.0 5503.0 5 0.3002057797869581
1 1 0 0 1 0 0 1 0 0 1 1 1 0 0 0 0 0 0 1 0 0 1 0 0 0 0 0 0 0 0 0 0 1 0 1 1 1 0 0 7362.0 5049.0 7622.0 5281.0 5 0.28991738360174235
1 0 1 1 0 1 0 0 1 1 1 1 0 0 0 0 0 0 0 0 0 1 0 0 0 0 0 0 0 0 0 1 0 1 1 0 1 0 1 0 8245.0 7127.0 7322.0 4874.0 5 2000000000000000.2
0 0 0 0 0 0 1 1 1 0 0 1 1 0 1 0 1 0 1 0 0 0 0 1 0 0 0 0 0 1 0 0 0 1 0 1 0 0 0 0 7155.0 4206.0 5489.0 6818.0 6 2000000000000000.0
0 0 1 1 0 1 1 1 1 1 0 0 0 0 0 0 0 0 0 1 1 0 0 0 0 0 0 1 0 0 1 0 0 0 0 0 0 0 1 0 6056.0 6878.0 6156.0 6412.0 6 1000000000000000.5
0 0 0 0 1 0 1 0 0 0 0 0 1 1 1 0 0 1 1 0 0 0 0 1 0 0 0 0 0 0 0 0 0 1 0 0 0 1 0 1 6985.0 4639.0 6249.0 7658.0 6 1000000000000000.2
0 0 0 1 0 0 1 0 0 1 0 1 0 0 1 0 0 0 0 1 0 0 0 1 0 0 0 1 0 0 0 0 1 0 0 0 0 1 1 0 5844.0 4560.0 8018.0 6315.0 6 1000000000000000.2
