0 0 1 1 0 1 0 0 1 1 1 1 1 1 1 1 0 0 0 1 5495.0 6590.0 0 2000000000000000.0
0 0 1 1 0 1 0 0 1 1 1 1 1 1 1 1 0 0 1 0 5629.0 6309.0 0 0.5521262660755484
0 0 1 1 0 0 1 1 1 1 0 1 1 1 1 1 0 0 0 1 6015.0 6297.0 0 0.4702985767899519
0 0 1 1 1 1 0 0 1 1 0 1 1 1 1 1 0 0 1 0 6131.0 6112.0 0 0.292618647537265
0 0 1 1 0 1 1 1 1 1 0 1 1 1 1 1 0 0 0 0 6228.0 6086.0 0 0.19680772748989162
0 0 1 1 1 0 1 0 1 1 0 1 1 1 1 1 0 0 0 1 6300.0 5993.0 0 0.2675184586054964
0 0 1 1 1 0 1 0 1 1 1 1 1 1 1 1 0 1 0 0 6508.0 5969.0 0 0.2354665493877371
0 0 1 1 1 0 1 0 1 1 1 1 1 1 1 1 0 0 1 0 6588.0 5927.0 0 0.20286798238155207
0 0 1 1 1 0 1 1 1 1 1 1 1 1 1 1 0 0 0 0 6647.0 5815.0 0 0.579152818160967
0 1 1 1 1 0 1 0 1 1 1 1 1 1 1 1 0 0 0 0 7017.0 5516.0 0 0.6848686454
0 1 1 1 1 0 1 1 1 1 0 0 1 1 1 1 0 0 0 0 7033.0 5221.0 0 2000000000000000.0
0 0 1 1 0 0 0 0 1 1 1 1 1 1 1 1 0 0 1 1 5416.0 6520.0 1 2000000000000000.0
0 0 1 1 0 0 0 1 1 1 1 1 1 1 1 1 0 0 0 1 5475.0 6408.0 1 0.4190867895213572
0 0 1 1 0 0 1 1 1 0 1 1 1 1 1 1 0 0 1 1 5819.0 6278.0 1 0.36530663329159085
0 0 1 1 0 0 1 1 1 1 0 1 1 1 1 0 0 0 0 1 5867.0 6234.0 1 0.09494109015579201
0 0 1 1 0 0 1 0 1 1 1 0 1 1 1 1 0 0 1 1 5909.0 6222.0 1 0.08469811402183224
0 0 1 1 1 0 0 1 1 1 0 1 1 1 1 1 0 0 0 1 5977.0 6211.0 1 0.09906607397176864
0 0 1 1 0 0 1 0 1 1 0 1 1 1 1 1 0 1 1 0 6010.0 6170.0 1 0.1630892063354947
0 0 1 1 0 0 1 1 1 1 0 1 1 1 1 1 0 1 0 0 6069.0 6058.0 1 0.19319062621378896
0 0 1 1 0 0 1 1 1 1 0 1 1 1 1 1 0 0 1 0 6149.0 6016.0 1 0.14021578697508885
0 0 1 1 1 0 1 0 1 1 0 1 1 1 1 0 0 0 0 1 6152.0 5930.0 1 0.27191057787750184
0 0 1 1 1 0 1 1 1 1 0 0 1 1 1 1 0 0 0 1 6470.0 5913.0 1 0.4093427128738242
0 0 1 1 1 0 1 1 1 1 0 0 1 1 1 1 0 1 0 0 6524.0 5674.0 1 0.22964136204737123
0 0 1 1 1 1 1 1 1 1 0 0 1 1 1 0 0 0 0 0 6535.0 5639.0 1 0.07902809546415265
0 0 1 1 1 0 1 1 1 1 0 0 1 1 1 1 0 0 1 0 6604.0 5632.0 1 0.3372871261490437
0 1 1 1 1 0 1 0 1 1 1 1 1 1 1 0 0 0 0 0 6869.0 5453.0 1 0.3665089983168374
0 1 0 1 1 0 1 1 1 1 0 1 1 1 1 1 0 0 0 1 6880.0 5351.0 1 0.2758482585990922
0 1 0 1 1 0 1 1 1 1 0 1 1 1 1 1 0 1 0 0 6934.0 5112.0 1 0.2776479219714112
0 1 0 1 1 0 1 1 1 1 0 1 1 1 1 1 0 0 1 0 7014.0 5070.0 1 2000000000000000.0
0 0 1 1 0 0 0 1 1 1 1 1 0 1 1 1 0 0 1 1 5298.0 6434.0 2 2000000000000000.0
0 0 1 1 0 1 0 0 1 1 0 1 1 1 1 1 0 0 0 1 5341.0 6375.0 2 0.24567465069599664
0 0 1 1 0 1 0 0 1 1 1 1 1 1 1 0 0 0 1 0 5481.0 6246.0 2 0.4020882771302565
0 0 1 1 0 1 1 0 1 1 1 0 1 1 1 0 0 0 0 1 5840.0 6229.0 2 0.311256482347625
0 0 1 1 1 0 0 0 1 1 1 0 1 1 1 1 0 0 1 1 5871.0 6136.0 2 0.16270925046306806
0 0 1 1 0 0 1 1 1 1 1 0 1 1 1 1 0 0 0 1 5968.0 6110.0 2 0.16187153501731694
0 0 1 1 0 1 1 0 1 1 1 0 1 1 1 1 0 1 0 0 6042.0 6053.0 2 0.1634937707617741
0 0 1 1 0 1 1 0 1 1 1 0 1 1 1 1 0 0 1 0 6122.0 6011.0 2 0.18953647132801926
0 0 1 1 1 0 1 1 1 1 0 1 0 1 1 1 0 0 0 1 6182.0 5907.0 2 0.17978662258820427
0 1 1 1 0 0 1 1 1 0 1 1 1 1 1 1 0 0 0 1 6248.0 5867.0 2 0.18416289651466858
0 0 1 1 1 0 1 0 1 1 1 1 1 1 1 0 0 0 1 0 6440.0 5864.0 2 0.19688778116120706
0 0 0 1 1 0 1 1 1 1 0 1 1 1 1 1 0 0 1 1 6451.0 5762.0 2 0.18542963298374585
0 0 0 1 1 1 1 1 1 1 1 0 1 1 1 1 0 0 0 1 6483.0 5645.0 2 0.177541181909659
0 1 1 1 0 1 1 0 1 1 1 0 1 1 1 1 0 0 0 0 6551.0 5600.0 2 0.3740972502433528
0 1 1 1 1 0 1 0 1 0 1 1 1 1 1 1 0 0 1 0 6667.0 5282.0 2 0.36869988898213546
0 1 0 1 1 0 1 0 1 1 1 0 1 1 1 1 0 0 1 1 6774.0 5276.0 2 0.18447731010736856
0 1 0 1 1 0 1 1 1 1 1 0 1 1 1 1 0 0 0 1 6833.0 5164.0 2 0.2802372244069527
0 1 0 1 1 1 1 0 1 1 1 0 1 1 1 1 0 0 1 0 6987.0 5065.0 2 2000000000000000.0
0 0 1 1 0 0 0 0 1 1 0 1 1 1 1 1 0 0 1 1 5262.0 6305.0 3 2000000000000000.0
0 0 1 1 0 1 0 1 1 1 1 1 1 1 1 1 0 0 0 0 5688.0 6197.0 3 0.3838643684703067
0 0 1 1 1 0 0 1 1 0 1 1 1 1 1 1 0 0 1 1 5781.0 6192.0 3 0.11715645635612242
0 0 1 1 1 0 0 1 1 1 0 1 1 1 1 0 0 0 0 1 5829.0 6148.0 3 0.219037661218129
0 0 1 1 1 1 0 0 1 1 0 1 1 1 1 0 0 0 1 0 5983.0 6049.0 3 0.28365319177893933
0 0 1 1 1 0 1 0 1 0 1 1 1 1 1 1 0 0 1 1 6104.0 5974.0 3 0.1587582645565393
0 0 1 1 1 0 0 1 1 1 0 1 1 1 1 1 0 0 1 0 6111.0 5930.0 3 0.09790390635632956
0 0 1 1 0 1 1 1 1 1 1 0 1 1 1 1 0 0 0 0 6181.0 5899.0 3 0.18001245612514397
0 0 1 1 1 0 1 1 1 1 0 0 1 1 1 0 0 0 0 1 6322.0 5850.0 3 0.1539667809165466
0 1 1 1 0 0 1 0 1 1 1 0 1 1 1 1 0 0 0 1 6338.0 5811.0 3 0.0862788769689487
0 0 1 1 1 0 1 0 1 1 0 1 1 1 1 1 0 1 0 0 6354.0 5754.0 3 0.12592523850179216
0 0 1 1 1 0 1 0 1 1 0 1 1 1 1 1 0 0 1 0 6434.0 5712.0 3 0.16098469381440977
0 1 1 1 1 0 0 0 1 1 0 1 1 1 1 1 0 0 1 0 6481.0 5631.0 3 0.1133664121822478
0 0 1 1 1 0 1 1 1 1 0 1 1 1 1 1 0 0 0 0 6493.0 5600.0 3 0.0783185055949398
0 1 1 1 1 0 1 0 1 0 1 1 1 1 1 1 0 0 0 1 6533.0 5563.0 3 0.2663185550894636
0 1 1 1 1 0 1 1 1 0 0 0 1 1 1 1 0 0 0 1 6549.0 5268.0 3 0.30067766270295865
0 1 0 1 1 0 1 0 1 1 1 0 1 1 1 0 0 0 1 1 6626.0 5213.0 3 0.26489641205850223
0 1 1 1 1 0 1 0 1 1 1 0 1 1 1 1 0 0 0 0 6816.0 5114.0 3 0.3556108244552275
0 1 0 1 1 0 1 1 1 1 1 0 1 1 1 1 0 1 0 0 6887.0 4925.0 3 0.2510103072373221
0 1 0 1 1 0 1 1 1 1 1 0 1 1 1 1 0 0 1 0 6967.0 4883.0 3 2000000000000000.0
0 0 1 1 0 0 0 1 1 1 0 1 0 1 1 1 0 1 0 1 5064.0 6261.0 4 2000000000000000.0
0 0 1 1 0 1 0 1 1 0 1 0 1 1 1 0 0 0 1 1 5167.0 6213.0 4 0.2053382991930358
0 0 1 1 0 0 0 1 1 1 1 1 0 1 1 1 0 1 1 0 5352.0 6195.0 4 0.23186426650112468
0 0 1 1 0 0 0 1 1 1 1 1 1 1 1 1 0 1 0 0 5529.0 6169.0 4 0.2527340443541417
0 0 1 1 0 0 1 0 1 1 1 0 1 1 1 0 0 0 1 1 5761.0 6159.0 4 0.24472471455710218
0 0 1 1 0 0 1 1 1 1 1 0 1 1 1 0 0 0 0 1 5820.0 6047.0 4 0.18532249873030854
0 0 1 1 1 0 0 1 1 1 1 0 1 1 1 1 0 0 0 1 5930.0 6024.0 4 0.16838214547710756
0 0 1 1 1 0 0 1 1 1 0 1 1 1 1 1 0 1 0 0 6031.0 5972.0 4 0.1645825103925559
0 0 1 1 1 0 1 1 0 1 1 0 1 1 1 1 0 0 0 1 6045.0 5875.0 4 0.1478170908338415
0 0 1 1 1 0 1 1 1 0 1 1 1 1 1 1 0 0 0 1 6163.0 5862.0 4 0.1626657637830726
0 0 1 1 1 0 1 0 1 1 1 0 1 1 1 1 0 0 0 1 6253.0 5806.0 4 0.1879766002670913
0 0 0 1 1 0 1 1 1 1 0 1 1 1 1 0 0 0 1 1 6303.0 5699.0 4 0.17224385380808896
0 1 1 1 1 0 0 0 1 1 0 1 1 1 1 1 0 1 0 0 6401.0 5673.0 4 0.16495683087860813
0 1 1 1 0 1 1 0 1 1 1 0 1 1 1 0 0 0 0 0 6403.0 5537.0 4 0.20022383988863116
0 0 1 1 1 0 1 1 1 1 1 0 1 1 1 1 0 0 0 0 6446.0 5413.0 4 0.19579406730243443
0 0 0 1 1 1 1 1 1 1 1 0 1 1 1 0 0 0 1 0 6469.0 5301.0 4 0.24538494817822876
0 1 1 1 1 0 1 1 0 1 1 0 1 1 1 1 0 0 0 0 6608.0 5183.0 4 0.25535052574157135
0 1 0 1 1 0 1 1 1 1 1 0 1 1 1 0 0 0 0 1 6685.0 5101.0 4 0.1896770310178015
0 1 0 1 1 0 1 1 1 1 0 1 1 1 1 0 0 1 0 0 6786.0 5049.0 4 0.2469518273987389
1 1 0 1 1 0 1 1 1 1 1 0 1 1 1 1 0 0 0 0 6804.0 4833.0 4 0.17264450839868695
0 1 0 1 1 0 1 1 1 1 1 0 1 1 1 0 0 0 1 0 6819.0 4820.0 4 0.06631679927768899
0 1 1 0 1 0 1 1 1 1 0 1 1 1 1 1 0 0 0 0 6854.0 4776.0 4 2000000000000000.0
0 0 1 1 0 0 0 1 1 0 1 1 1 1 1 1 0 1 0 1 5045.0 6216.0 5 2000000000000000.0
0 1 0 1 1 0 1 1 1 1 0 0 1 1 1 1 0 0 1 0 6813.0 4668.0 5 2000000000000000.0
0 1 1 1 0 0 1 0 1 1 1 0 1 1 1 1 0 1 0 0 6392.0 5572.0 5 0.4535789867526932
0 1 1 1 0 0 1 0 1 1 1 0 1 1 1 0 0 0 0 1 6190.0 5748.0 5 0.4024284728798849
0 1 1 1 1 0 1 0 0 1 1 1 1 1 1 1 0 0 0 0 6438.0 5263.0 5 0.37198194722132194
0 0 1 1 0 0 0 1 1 1 0 1 1 1 1 1 0 0 0 1 5321.0 6193.0 5 0.3329489517929818
0 0 1 1 0 1 0 1 1 1 1 1 1 1 1 0 0 0 0 0 5540.0 6134.0 5 0.30579670747247634
0 1 1 1 1 0 1 1 1 0 0 0 1 1 1 1 0 0 1 0 6683.0 4987.0 5 0.2983560746898456
0 0 1 1 1 0 0 0 1 1 1 1 1 1 1 1 0 0 0 1 5760.0 6104.0 5 0.2932495001578275
0 1 1 0 1 0 1 0 1 1 1 0 1 1 1 1 0 0 1 0 6748.0 4701.0 5 0.27960176318587704
0 0 1 1 0 0 1 1 1 1 1 0 1 1 1 1 0 1 0 0 6022.0 5871.0 5 0.25137091210961093
