0 0 1 1 0 1 0 0 1 1 1 1 1 1 1 1 0 0 0 1 5495.0 6590.0 0 2000000000000000.0
0 0 1 1 0 1 0 0 1 1 1 1 1 1 1 1 0 1 0 0 5549.0 6351.0 0 0.2776479219714112
0 0 1 1 0 1 0 0 1 1 1 1 1 1 1 1 0 0 1 0 5629.0 6309.0 0 0.32885589745800864
0 0 1 1 0 0 1 1 1 1 0 1 1 1 1 1 0 0 0 1 6015.0 6297.0 0 0.4144741271416593
0 0 1 1 0 1 1 0 1 1 0 1 1 1 1 1 0 0 1 0 6169.0 6198.0 0 0.27880885589743964
0 0 1 1 0 1 1 1 1 1 0 1 1 1 1 1 0 0 0 0 6228.0 6086.0 0 0.45026023909193935
0 0 1 1 1 1 1 0 1 1 1 1 1 1 1 1 0 0 0 0 6667.0 5997.0 0 0.549558499848913
0 0 1 1 1 1 1 1 1 1 0 0 1 1 1 1 0 0 0 0 6683.0 5702.0 0 0.5507479176556537
0 1 1 1 1 0 1 0 1 1 1 1 1 1 1 1 0 0 0 0 7017.0 5516.0 0 0.5507479176556537
0 1 1 1 1 0 1 1 1 1 0 0 1 1 1 1 0 0 0 0 7033.0 5221.0 0 0.3068697941392049
0 1 0 1 1 1 1 1 1 1 0 1 1 1 1 1 0 0 0 0 7093.0 5140.0 0 2000000000000000.0
0 0 1 1 0 0 0 0 1 1 1 1 1 1 1 1 0 1 0 1 5336.0 6562.0 1 2000000000000000.0
0 0 1 1 0 1 0 0 1 1 1 1 1 1 1 0 0 0 0 1 5347.0 6527.0 1 0.07582593857745408
0 0 1 1 0 0 0 0 1 1 1 1 1 1 1 1 0 0 1 1 5416.0 6520.0 1 0.15604000038344162
0 0 1 1 0 0 0 1 1 1 1 1 1 1 1 1 0 0 0 1 5475.0 6408.0 1 0.20741930742264914
0 0 1 1 0 1 0 1 1 1 0 0 1 1 1 1 0 0 0 1 5511.0 6295.0 1 0.21585763723568457
0 0 1 1 0 1 1 0 1 1 1 1 0 1 1 1 0 0 0 1 5700.0 6286.0 1 0.1949459493140894
0 0 1 1 0 0 1 1 1 0 1 1 1 1 1 1 0 0 1 1 5819.0 6278.0 1 0.1343757888715898
0 0 1 1 0 0 1 1 1 1 0 1 1 1 1 0 0 0 0 1 5867.0 6234.0 1 0.09116879215968907
0 0 1 1 0 0 1 0 1 1 1 0 1 1 1 1 0 0 1 1 5909.0 6222.0 1 0.08096978082550225
0 0 1 1 1 0 0 1 1 1 0 1 1 1 1 1 0 0 0 1 5977.0 6211.0 1 0.09504325013500096
0 0 1 1 0 0 1 0 1 1 0 1 1 1 1 1 0 1 1 0 6010.0 6170.0 1 0.07716003029266438
0 0 1 1 0 1 1 0 1 1 0 1 1 1 1 0 0 0 1 0 6021.0 6135.0 1 0.11098364898847995
0 0 1 1 1 1 0 0 1 1 0 1 1 1 1 1 0 0 1 0 6131.0 6112.0 1 0.15604000038344162
0 0 1 1 0 0 1 1 1 1 0 1 1 1 1 1 0 0 1 0 6149.0 6016.0 1 0.11022792996896526
0 0 1 1 1 1 0 1 1 1 0 1 1 1 1 1 0 0 0 0 6190.0 6000.0 1 0.10540363064671653
0 0 1 1 1 0 1 0 1 1 0 1 1 1 1 1 0 0 0 1 6300.0 5993.0 1 0.21028880289632437
0 0 1 1 1 0 1 0 1 1 1 1 1 1 1 1 0 1 0 0 6508.0 5969.0 1 0.17005675082361144
0 0 1 1 1 1 1 0 1 1 1 1 1 1 1 0 0 0 0 0 6519.0 5934.0 1 0.07582593857745408
0 0 1 1 1 0 1 0 1 1 1 1 1 1 1 1 0 0 1 0 6588.0 5927.0 1 0.15604000038344162
0 0 1 1 1 0 1 1 1 1 1 1 1 1 1 1 0 0 0 0 6647.0 5815.0 1 0.2973027381633116
0 0 0 1 1 1 1 1 1 1 0 1 1 1 1 1 0 0 1 0 6664.0 5551.0 1 0.37492770341301385
0 1 1 1 1 0 1 0 1 1 1 1 1 1 1 0 0 0 0 0 6869.0 5453.0 1 0.22114687151497117
0 1 1 1 1 0 1 1 1 1 1 1 0 1 1 1 0 0 0 0 6899.0 5430.0 1 0.09719137745368388
0 1 1 1 1 1 1 0 1 1 0 0 1 1 1 0 0 0 0 0 6905.0 5340.0 1 0.10970947157185659
0 1 1 1 1 0 1 0 1 1 0 0 1 1 1 1 0 0 1 0 6974.0 5333.0 1 0.24592343112410403
0 1 0 1 1 0 1 1 1 1 0 1 1 1 1 1 0 0 1 0 7014.0 5070.0 1 2000000000000000.0
0 0 1 1 0 0 0 0 1 1 1 1 1 1 1 0 0 0 1 1 5268.0 6457.0 2 2000000000000000.0
0 0 1 1 0 0 0 1 1 1 1 1 0 1 1 1 0 0 1 1 5298.0 6434.0 2 0.10137459629695825
0 0 1 1 0 1 0 0 1 1 0 1 1 1 1 1 0 0 0 1 5341.0 6375.0 2 0.1648036147720096
0 0 1 1 0 1 0 0 1 1 1 1 1 1 1 0 0 1 0 0 5401.0 6288.0 2 0.1425723656496267
0 0 1 1 0 0 0 0 1 1 1 1 1 1 1 1 0 1 1 0 5470.0 6281.0 2 0.07671109907523935
0 0 1 1 0 1 0 0 1 1 1 1 1 1 1 0 0 0 1 0 5481.0 6246.0 2 0.2525977412689664
0 0 1 1 0 1 1 0 1 1 1 0 1 1 1 0 0 0 0 1 5840.0 6229.0 2 0.30589907925616455
0 0 1 1 1 0 0 0 1 1 1 0 1 1 1 1 0 0 1 1 5871.0 6136.0 2 0.1599504021985412
0 0 1 1 0 0 1 1 1 1 1 0 1 1 1 1 0 0 0 1 5968.0 6110.0 2 0.09611141200777709
0 0 1 1 1 0 0 0 1 1 0 1 1 1 1 1 0 1 1 0 5972.0 6084.0 2 0.09611141200777709
0 0 1 1 0 0 1 1 1 1 0 1 1 1 1 1 0 1 0 0 6069.0 6058.0 2 0.10664906421134301
0 0 1 1 0 1 1 1 1 1 0 1 1 1 1 0 0 0 0 0 6080.0 6023.0 2 0.06459624681550599
0 0 1 1 0 1 1 0 1 1 1 0 1 1 1 1 0 0 1 0 6122.0 6011.0 2 0.10869516158150566
0 0 1 1 1 0 1 0 1 1 0 1 1 1 1 0 0 0 0 1 6152.0 5930.0 2 0.2728455798278703
0 0 1 1 1 0 1 1 1 1 0 0 1 1 1 1 0 0 0 1 6470.0 5913.0 2 0.31632765641610017
0 0 1 1 1 1 1 0 1 1 0 1 1 1 1 1 0 0 0 0 6513.0 5782.0 2 0.16930954243644888
0 1 1 1 0 0 1 0 1 1 0 1 1 1 1 1 0 0 1 0 6519.0 5717.0 2 0.08398527612284014
0 0 1 1 1 0 1 1 1 1 0 0 1 1 1 1 0 1 0 0 6524.0 5674.0 2 0.06534221981504428
0 0 1 1 1 1 1 1 1 1 0 0 1 1 1 0 0 0 0 0 6535.0 5639.0 2 0.07671109907523935
0 0 1 1 1 0 1 1 1 1 0 0 1 1 1 1 0 0 1 0 6604.0 5632.0 2 0.24525962367854515
0 0 0 1 1 1 1 1 1 1 1 0 1 1 1 1 0 0 1 0 6617.0 5364.0 2 0.2837555916631369
0 1 1 1 1 1 1 0 1 0 1 1 1 1 1 1 0 0 0 0 6746.0 5352.0 2 0.16233500832479836
0 1 0 1 1 0 1 1 1 1 0 1 1 1 1 1 0 0 0 1 6880.0 5351.0 2 0.22022878176965893
0 1 1 1 1 0 1 1 1 1 0 0 1 1 1 0 0 0 0 0 6885.0 5158.0 2 0.20310901486428143
0 1 0 1 1 0 1 1 1 1 0 1 1 1 1 1 0 1 0 0 6934.0 5112.0 2 0.09309366913401317
0 1 0 1 1 1 1 1 1 1 0 1 1 1 1 0 0 0 0 0 6945.0 5077.0 2 0.06459624681550599
0 1 0 1 1 1 1 0 1 1 1 0 1 1 1 1 0 0 1 0 6987.0 5065.0 2 2000000000000000.0
0 0 1 1 0 0 0 1 1 1 1 1 0 1 1 0 0 0 1 1 5150.0 6371.0 3 2000000000000000.0
0 0 1 1 0 0 0 0 1 1 0 1 1 1 1 1 0 1 0 1 5182.0 6347.0 3 0.11488643693669048
0 0 1 1 0 0 0 1 1 1 1 1 1 1 1 0 0 0 0 1 5327.0 6345.0 3 0.14732425538965044
0 0 1 1 0 0 0 1 1 1 0 0 1 1 1 1 0 1 0 1 5352.0 6267.0 3 0.3377258389996313
0 0 1 1 0 1 0 1 1 1 1 0 1 1 1 1 0 0 1 0 5799.0 6229.0 3 0.34249375669451976
0 0 1 1 1 0 0 1 1 1 0 1 1 1 1 0 0 0 0 1 5829.0 6148.0 3 0.10596161698651829
0 1 1 1 0 0 0 0 1 1 1 1 1 1 1 1 0 0 0 1 5845.0 6109.0 3 0.18107028304956288
0 0 1 1 0 1 1 0 1 1 1 0 1 1 1 1 0 1 0 0 6042.0 6053.0 3 0.23326845917586972
0 0 1 1 1 0 1 0 1 0 1 1 1 1 1 1 0 0 1 1 6104.0 5974.0 3 0.1206359738668768
0 0 1 1 1 0 0 1 1 1 0 1 1 1 1 1 0 0 1 0 6111.0 5930.0 3 0.08795478485746379
0 0 1 1 1 0 1 1 1 1 0 1 0 1 1 1 0 0 0 1 6182.0 5907.0 3 0.15316810765706523
0 0 1 1 1 0 1 0 1 1 1 1 1 1 1 0 0 1 0 0 6360.0 5906.0 3 0.17089014445410047
0 0 1 1 1 0 1 0 1 1 1 1 1 1 1 0 0 0 1 0 6440.0 5864.0 3 0.14685674720825675
0 0 0 1 1 0 1 1 1 1 0 1 1 1 1 1 0 0 1 1 6451.0 5762.0 3 0.1077399234233366
0 0 1 1 1 0 1 1 1 1 1 1 1 1 1 0 0 0 0 0 6499.0 5752.0 3 0.17540618471898115
0 1 1 1 0 0 1 1 1 1 0 1 1 1 1 1 0 0 0 0 6578.0 5605.0 3 0.336065889064429
0 1 1 1 1 0 1 0 1 0 1 1 1 1 1 1 0 1 0 0 6587.0 5324.0 3 0.3611530290387453
0 1 1 1 1 0 1 0 1 1 0 1 1 1 1 1 0 0 0 0 6863.0 5301.0 3 0.3546179008290654
0 1 0 1 1 1 1 0 1 1 1 1 1 1 1 1 0 0 0 0 6876.0 5033.0 3 0.2658967576236204
0 1 0 1 1 0 1 1 1 1 1 0 1 1 1 1 0 1 0 0 6887.0 4925.0 3 0.1508890052727726
0 1 0 1 1 0 1 1 1 1 1 0 1 1 1 1 0 0 1 0 6967.0 4883.0 3 2000000000000000.0
0 0 1 1 0 1 0 0 1 0 1 1 1 1 1 1 0 0 1 1 5145.0 6356.0 4 2000000000000000.0
0 1 0 1 1 1 1 1 1 1 0 0 1 1 1 1 0 0 0 0 6892.0 4738.0 4 2000000000000000.0
0 0 1 1 0 0 1 0 1 1 1 1 1 1 1 1 0 0 0 1 5798.0 6190.0 4 0.3777176201052192
0 1 1 1 0 1 1 0 1 1 1 0 1 1 1 1 0 0 0 0 6551.0 5600.0 4 0.3553090836277125
0 1 0 1 1 0 1 1 1 1 0 1 1 1 1 0 0 0 1 0 6866.0 5007.0 4 0.2970601907702445
0 1 1 1 1 1 1 0 1 0 1 1 1 1 1 0 0 0 0 0 6598.0 5289.0 4 0.29643683715610286
0 0 1 1 1 0 1 0 1 1 0 1 1 1 1 1 0 0 1 0 6434.0 5712.0 4 0.285593597500342
0 0 1 1 1 1 0 0 1 1 0 1 1 1 1 0 0 0 1 0 5983.0 6049.0 4 0.26483295042957467
0 0 1 1 1 0 1 1 1 1 0 0 1 1 1 0 0 0 0 1 6322.0 5850.0 4 0.260394474582228
0 1 0 1 1 0 1 1 1 1 1 0 1 1 1 1 0 0 0 1 6833.0 5164.0 4 0.2503741183013215
0 0 1 1 0 0 0 0 1 1 0 1 1 1 1 1 0 0 1 1 5262.0 6305.0 4 0.2452457789195956
0 0 1 1 0 1 1 1 1 1 1 0 1 1 1 1 0 0 0 0 6181.0 5899.0 4 0.2452457789195956
0 0 1 1 0 1 0 1 1 1 1 1 0 1 1 1 0 0 1 0 5511.0 6223.0 4 0.23113364743939013
0 1 0 1 1 0 1 1 1 1 0 1 1 1 1 0 0 0 0 1 6732.0 5288.0 4 0.21177218512681273
0 0 1 1 1 1 1 0 1 0 1 1 1 1 1 0 0 0 0 1 6035.0 5981.0 4 0.20604419513443334
