0 0 0 1 1 1 0 1 1 0 1 1 0 1 1 1 0 1 0 1 7720.0 3234.0 7683.0 3840.0 6721.0 0 2000000000000000.0
1 0 1 0 1 1 0 0 1 1 0 0 1 1 0 0 1 0 1 1 4747.0 6102.0 5354.0 4330.0 5038.0 0 2000000000000000.0
1 0 1 1 1 1 0 0 1 1 0 0 1 0 0 0 1 0 1 1 5433.0 6124.0 5468.0 3880.0 4503.0 0 1000000000000000.2
1 1 0 0 1 1 1 1 1 0 0 1 0 1 0 1 0 1 0 1 5515.0 3961.0 8011.0 3648.0 7172.0 0 1000000000000000.1
1 0 0 1 1 1 1 1 1 0 1 0 0 1 0 1 0 1 0 1 6432.0 3866.0 8610.0 2966.0 6779.0 0 1000000000000000.1
1 1 0 1 1 1 0 0 1 1 0 0 1 0 0 0 1 0 1 1 5520.0 5920.0 5658.0 3999.0 4457.0 0 1000000000000000.1
1 0 1 1 1 1 1 1 1 0 0 0 0 1 0 1 0 1 0 1 5583.0 4242.0 8030.0 2632.0 6602.0 0 1000000000000000.0
1 0 0 0 1 1 0 0 1 1 0 1 1 1 1 1 0 0 1 1 6465.0 5011.0 6590.0 5765.0 5800.0 0 1000000000000000.0
1 0 1 1 1 1 1 0 1 1 0 0 1 0 0 0 1 0 0 1 5012.0 5985.0 6188.0 3419.0 5056.0 0 0.35245974622425535
1 0 0 1 1 0 0 0 1 1 0 1 1 1 1 1 0 0 1 1 6825.0 4373.0 6007.0 5748.0 5164.0 0 0.20825550223937261
1 1 0 1 1 1 1 1 1 0 0 0 0 1 0 1 0 1 0 1 5670.0 4038.0 8220.0 2751.0 6556.0 0 0.20614518037263074
1 1 0 1 1 1 0 1 1 0 0 1 0 1 1 0 0 1 0 1 6735.0 3785.0 6947.0 3321.0 6470.0 0 0.1996119982022263
1 1 0 0 1 1 1 0 1 1 0 1 1 1 0 1 0 0 0 1 5361.0 5098.0 7368.0 5117.0 5959.0 0 0.18134101413304698
1 0 0 1 0 1 0 1 1 0 1 1 0 1 1 1 0 1 0 1 7596.0 3282.0 7655.0 3895.0 6561.0 0 0.17011858953674214
1 0 1 1 1 1 0 0 1 1 0 0 1 1 0 1 0 0 1 1 5850.0 5518.0 6667.0 4562.0 4836.0 0 0.16998359159677087
1 0 0 1 1 1 0 0 1 1 0 0 1 0 1 0 1 0 1 1 6203.0 5694.0 5600.0 4186.0 4851.0 0 0.16975279509095503
0 0 0 0 1 1 0 0 1 1 0 1 1 1 0 1 1 0 1 1 5805.0 5297.0 5683.0 5582.0 5344.0 0 0.16731609665905214
1 0 0 1 1 1 1 0 1 0 1 0 1 1 0 1 0 1 0 1 6679.0 4585.0 8297.0 3896.0 6351.0 0 0.16501740680673566
1 0 0 0 1 1 0 1 1 0 1 1 0 1 1 1 0 1 0 1 6879.0 3494.0 7963.0 4089.0 7097.0 0 0.15928491608376036
0 0 0 1 1 1 0 0 1 0 0 1 1 1 1 1 1 1 0 1 7383.0 4594.0 6654.0 4879.0 6400.0 0 0.14476566845864977
1 1 0 1 1 1 0 0 1 1 0 0 1 1 0 1 1 0 0 1 5613.0 5575.0 6871.0 4583.0 4981.0 0 0.1437563376524215
1 0 0 0 1 1 1 0 1 1 0 1 0 1 0 1 1 1 0 1 5619.0 5057.0 7079.0 4545.0 6936.0 0 0.12481136349306927
1 0 0 1 1 1 0 0 1 1 0 1 1 1 1 1 0 1 0 1 7666.0 4899.0 7593.0 5337.0 6171.0 0 0.119974884716773
1 0 0 1 1 1 0 0 1 1 0 0 1 1 0 1 1 0 1 1 6115.0 5783.0 6531.0 5005.0 5120.0 0 0.11995791050462029
1 0 0 1 1 1 1 0 1 1 0 0 1 0 0 0 1 0 1 1 5601.0 5989.0 6038.0 3960.0 5149.0 0 0.11883490824114541
1 0 0 1 1 1 0 0 1 1 0 0 1 1 1 1 1 0 0 1 6296.0 5349.0 6813.0 4770.0 5375.0 0 0.11729227679584017
1 0 1 1 1 1 1 0 1 0 0 1 0 1 0 1 0 1 0 1 5951.0 4282.0 7243.0 3572.0 6651.0 0 0.11568178799064126
1 0 0 1 1 1 0 1 1 0 1 1 0 1 1 1 0 0 0 1 7075.0 3402.0 7661.0 4098.0 6311.0 0 0.11566439278481647
1 0 0 1 1 1 1 0 1 1 0 0 1 1 0 1 0 0 1 1 6018.0 5383.0 7237.0 4642.0 5482.0 0 0.10944912900604795
1 0 0 1 1 1 0 0 1 0 1 1 0 1 1 1 1 0 0 1 6873.0 4133.0 6755.0 4533.0 6366.0 0 0.1069064229654972
1 0 0 0 1 1 0 0 1 1 0 1 1 1 0 1 1 1 0 1 6165.0 5445.0 6966.0 5403.0 6091.0 0 0.10464953117545957
0 0 0 1 1 1 0 0 1 1 0 1 1 1 1 1 0 0 1 1 7306.0 4751.0 6310.0 5516.0 5424.0 0 0.10446050400075799
1 0 0 0 1 1 0 1 1 1 0 0 1 1 0 1 1 1 0 1 5797.0 5405.0 7753.0 4463.0 6042.0 0 0.10405278596883932
1 0 0 1 1 1 0 0 1 1 0 0 1 1 1 0 0 1 1 1 7042.0 5299.0 6475.0 4306.0 5566.0 0 0.10169136743523441
0 0 0 1 1 1 0 0 1 1 0 1 1 1 0 1 0 1 1 1 7330.0 4924.0 6672.0 5252.0 5524.0 0 0.09852985810773932
1 0 0 1 1 1 1 1 1 0 0 1 0 1 0 1 0 1 0 1 6418.0 3816.0 8013.0 3580.0 6880.0 0 0.09756407880578451
1 0 0 1 0 1 0 0 1 1 0 1 1 1 1 1 1 0 0 1 6858.0 5060.0 6296.0 5473.0 5455.0 0 0.09732608885301136
1 0 0 1 1 1 0 1 1 0 0 0 1 1 1 1 0 1 0 1 6899.0 4200.0 8049.0 3796.0 6105.0 0 0.09729140744137556
1 0 0 1 1 1 1 0 1 0 1 1 0 1 1 1 0 0 0 1 6776.0 3733.0 7461.0 4170.0 6728.0 0 0.0967513313062487
1 0 0 1 1 0 0 0 1 1 0 1 1 1 1 1 1 0 0 1 6501.0 4634.0 6021.0 5650.0 5355.0 0 0.09611308328079145
1 0 0 0 1 1 1 0 1 1 0 1 0 1 1 1 1 0 0 1 5595.0 4884.0 6717.0 4809.0 6836.0 0 0.09371692561263267
1 1 0 1 1 1 1 0 1 0 0 1 0 1 1 1 0 0 0 1 6014.0 3905.0 7071.0 3955.0 6505.0 0 0.09314993899658591
1 0 0 1 1 1 0 0 1 1 0 1 1 1 0 0 0 1 1 1 7107.0 5303.0 6326.0 4948.0 5496.0 0 0.08980332967511866
1 0 0 1 1 1 0 0 1 0 0 1 0 1 0 1 1 1 1 1 6637.0 4686.0 6387.0 4476.0 6382.0 0 0.08799767778180403
1 1 0 1 1 1 0 1 1 0 0 1 0 0 1 1 0 1 0 1 6803.0 3688.0 7687.0 3424.0 6339.0 0 0.08792685533914625
0 0 0 1 1 1 0 0 1 1 0 1 1 1 0 1 1 1 0 1 7006.0 5185.0 6686.0 5154.0 5715.0 0 0.08745864352124255
1 0 0 1 1 1 0 0 1 0 0 1 1 1 1 0 1 1 0 1 7160.0 4973.0 6308.0 4575.0 6372.0 0 0.0871604259674709
1 0 1 1 1 1 0 0 1 1 0 0 1 1 0 1 0 1 0 1 6055.0 5257.0 7311.0 4063.0 5191.0 0 0.0848562903727491
1 1 0 1 1 1 0 0 1 1 0 0 1 1 1 1 0 1 0 1 6918.0 5121.0 7800.0 4508.0 5847.0 0 0.08311481441498128
1 0 0 0 1 1 0 0 1 0 0 1 1 1 1 1 1 1 0 1 6542.0 4854.0 6934.0 5128.0 6776.0 0 0.0820395474777387
1 0 0 1 1 1 0 1 1 1 0 1 1 1 1 1 0 0 0 1 7339.0 4690.0 7869.0 5303.0 5952.0 0 0.08197198505763227
1 1 0 1 1 1 0 1 1 1 0 0 1 0 0 1 0 1 0 1 6305.0 4958.0 8193.0 3689.0 5177.0 0 0.07998366566101976
1 0 0 1 1 1 1 0 1 0 1 0 1 1 1 1 0 0 0 1 6655.0 4412.0 7935.0 4160.0 6251.0 0 0.07897749518831312
1 0 0 1 1 1 0 0 1 0 0 1 1 1 0 1 1 0 1 1 6557.0 5196.0 6350.0 5372.0 5735.0 0 0.0786047901473563
1 0 0 1 1 1 1 0 1 1 0 1 0 0 1 1 1 0 0 1 6281.0 4906.0 6831.0 4359.0 6301.0 0 0.07722498113999905
1 1 0 1 1 1 0 0 1 0 1 0 1 1 0 1 0 1 0 1 6598.0 4516.0 7917.0 3935.0 5659.0 0 0.07695463367091053
1 0 0 1 1 1 1 0 1 1 0 0 1 1 0 1 1 0 0 1 5694.0 5644.0 7251.0 4544.0 5673.0 0 0.07661445461289929
1 1 0 1 1 1 0 0 1 1 0 0 1 0 0 1 1 1 0 1 6103.0 5689.0 7287.0 4124.0 5232.0 0 0.07607383359506242
1 0 0 1 1 1 0 0 1 0 1 0 1 1 0 1 1 1 0 1 6776.0 4985.0 7591.0 4259.0 5989.0 0 0.07596822657979202
1 0 0 1 1 1 1 1 1 0 0 1 0 1 1 1 0 0 0 1 6394.0 3643.0 7651.0 3844.0 6780.0 0 0.07588185061485188
1 0 0 1 1 1 0 1 1 1 0 0 1 1 0 0 1 1 0 1 6415.0 5524.0 7127.0 3910.0 5638.0 0 0.07577806194183828
1 1 0 1 1 1 1 0 1 0 0 0 1 1 0 1 0 1 0 1 5917.0 4757.0 7907.0 3681.0 6128.0 0 0.0735331671022549
0 0 0 1 1 1 0 0 1 1 0 1 1 1 1 1 1 0 0 1 6982.0 5012.0 6324.0 5418.0 5615.0 0 0.07329777395381916
1 0 0 1 1 1 1 0 1 1 0 1 1 1 0 1 0 0 0 1 6264.0 4953.0 7370.0 5049.0 5667.0 0 0.07209355177546113
1 1 0 1 1 1 0 1 1 1 0 0 1 0 0 1 1 0 0 1 5776.0 5480.0 7563.0 4090.0 5013.0 0 0.07190506008648488
1 0 0 0 1 1 1 1 1 1 1 1 0 1 0 1 0 0 0 1 5876.0 4207.0 8071.0 4402.0 6610.0 0 0.07157260363989565
1 0 0 1 1 1 0 0 1 1 0 1 1 1 0 1 1 0 0 1 6361.0 5353.0 6664.0 5412.0 5305.0 0 0.07089072445041461
1 0 0 1 1 1 1 0 1 1 0 1 0 0 0 1 0 1 1 1 6629.0 4818.0 7179.0 4193.0 6210.0 0 0.07060992799754673
1 0 0 1 1 1 1 1 1 1 0 1 0 1 0 0 0 1 0 1 6439.0 4445.0 7359.0 3557.0 6477.0 0 0.06955423907987307
1 0 1 1 1 1 0 0 1 1 0 0 1 1 0 1 1 0 0 1 5526.0 5779.0 6681.0 4464.0 5027.0 0 0.06868625054737436
1 0 1 1 1 1 0 1 1 0 0 0 1 1 0 1 0 1 0 1 6129.0 4630.0 7917.0 3490.0 5757.0 0 0.06803818965980055
1 0 0 1 1 1 0 1 1 0 1 1 0 1 0 1 0 1 0 1 7099.0 3575.0 8023.0 3834.0 6411.0 0 0.06770168188670311
1 0 0 1 1 1 1 0 1 1 1 1 0 1 0 0 0 1 0 1 6821.0 4535.0 7169.0 3883.0 6425.0 0 0.06676658961051266
1 0 0 1 1 1 0 1 1 0 0 1 0 1 1 1 0 1 0 1 7020.0 3521.0 7575.0 3806.0 6582.0 0 0.06614031300032003
1 0 0 1 1 1 0 1 1 0 0 1 0 1 1 0 1 1 0 1 6913.0 4254.0 6621.0 3645.0 6800.0 0 0.06600750237666325
1 0 0 1 1 1 1 1 1 1 0 0 1 1 0 1 0 0 0 1 5896.0 4913.0 8157.0 4109.0 5618.0 0 0.06565914635936351
1 0 1 1 1 1 1 1 1 0 0 0 1 1 0 1 0 0 0 1 5503.0 4752.0 7993.0 3528.0 5955.0 0 0.06517140045882305
1 1 0 0 1 1 0 0 1 1 0 1 1 1 0 1 0 1 0 1 5987.0 4976.0 7292.0 5079.0 5761.0 0 0.06463583786614555
1 0 0 0 1 1 1 1 1 1 0 1 1 1 0 1 0 0 0 1 5741.0 4836.0 7948.0 5006.0 6234.0 0 0.06301199628394107
1 0 0 1 1 1 1 0 1 1 0 0 1 1 0 1 0 1 0 1 6223.0 5122.0 7881.0 4143.0 5837.0 0 0.06202863723596001
1 0 0 1 1 1 0 0 1 1 0 0 1 1 1 0 1 1 0 1 6718.0 5560.0 6489.0 4208.0 5757.0 0 0.06166225793895446
1 0 0 1 1 1 1 1 1 1 0 0 1 1 0 0 0 1 0 1 6318.0 5124.0 7833.0 3547.0 6000.0 0 0.061554274236504766
1 0 0 0 1 1 1 0 1 1 0 0 1 1 1 1 0 1 0 1 6003.0 5041.0 7821.0 4398.0 6523.0 0 0.05868045438010552
1 0 0 0 1 1 0 1 1 1 0 0 0 1 1 1 1 1 0 1 5853.0 4722.0 7428.0 3831.0 6589.0 0 0.05808312149920307
1 0 0 1 1 1 1 0 1 1 0 0 1 1 1 0 0 1 0 1 6621.0 5160.0 7195.0 3845.0 6119.0 0 0.056141034239625215
1 0 0 1 1 1 1 0 1 0 0 0 1 1 0 1 1 1 0 1 6095.0 5226.0 7581.0 4005.0 6458.0 0 0.05559726849303079
1 0 0 0 1 1 0 1 1 1 0 1 1 1 0 1 0 0 1 1 6162.0 4975.0 7228.0 5467.0 5681.0 0 0.05537101195500645
1 0 0 1 1 1 0 0 1 1 1 0 1 1 0 1 1 0 0 1 6375.0 5403.0 7261.0 4798.0 5204.0 0 0.05486128635325932
1 0 0 0 1 1 0 0 1 1 0 1 1 1 0 1 0 1 1 1 6489.0 5184.0 6952.0 5501.0 5900.0 0 0.05403259200698516
1 0 0 1 1 1 0 0 1 1 1 0 1 1 0 1 0 0 1 1 6699.0 5142.0 7247.0 4896.0 5013.0 0 0.05319380624088722
1 1 0 0 1 1 0 0 1 1 0 1 1 1 0 1 0 0 1 1 5782.0 5237.0 6648.0 5578.0 5406.0 0 0.052405121194000044
1 0 0 1 1 1 1 1 1 0 1 1 0 1 0 1 0 0 0 1 6473.0 3697.0 8099.0 3872.0 6609.0 0 0.0517544776736455
1 0 0 1 1 1 0 1 1 1 0 0 1 0 0 1 1 1 0 1 6483.0 5427.0 7867.0 4013.0 5507.0 0 0.05173378662264371
1 0 0 0 1 1 0 0 1 1 1 1 1 1 1 1 0 0 0 1 6725.0 4631.0 7320.0 5558.0 5884.0 0 0.05101961041565861
1 0 0 1 1 1 1 1 1 0 0 0 1 1 0 1 1 0 0 1 5768.0 5017.0 7857.0 3971.0 6239.0 0 0.05095912567628657
1 0 0 1 1 1 0 1 1 0 0 1 0 1 1 1 1 0 0 1 6491.0 4043.0 6945.0 4207.0 6418.0 0 0.050845209383626515
1 1 0 1 1 1 0 0 1 1 0 1 0 1 1 1 0 1 0 1 7039.0 4442.0 7326.0 4518.0 6324.0 0 0.049089152628247555
0 0 0 0 1 1 0 1 1 0 0 1 0 1 1 1 1 1 0 1 6140.0 3726.0 6608.0 3878.0 6812.0 0 0.04889066266021687
1 1 0 1 1 1 0 0 1 1 0 1 1 1 0 0 0 0 1 1 6400.0 5356.0 6022.0 5025.0 5002.0 0 0.048176561562480395
1 0 0 1 1 1 0 0 1 1 0 1 1 1 0 1 0 0 1 1 6685.0 5092.0 6650.0 5510.0 5114.0 0 0.046764322605505886
