1 0 0 1 1 1 0 1 1 0 0 1 0 1 1 0 1 1 0 1 6913.0 4254.0 6621.0 3645.0 6800.0 0 1000000000000000.4
1 0 0 1 1 1 0 0 1 0 0 1 0 1 0 1 1 1 1 1 6637.0 4686.0 6387.0 4476.0 6382.0 0 0.3528034379396129
1 0 0 1 1 1 1 1 1 0 0 1 0 0 0 0 0 1 1 1 6325.0 4161.0 6800.0 2996.0 6356.0 0 0.4955453539639635
1 0 0 1 0 1 1 1 1 0 0 1 0 0 1 1 1 0 0 1 6076.0 3918.0 6770.0 3521.0 6315.0 0 0.46882248469309007
1 0 1 0 1 1 1 0 1 0 0 1 1 0 0 1 0 1 0 1 5365.0 4757.0 7263.0 3938.0 6239.0 0 0.3542756569070043
1 1 0 1 1 1 1 1 1 0 0 1 0 0 0 0 0 1 0 1 5823.0 3953.0 7140.0 2574.0 6217.0 0 1000000000000000.2
1 0 0 1 1 1 0 0 1 0 0 1 1 1 1 1 0 1 0 1 7267.0 4240.0 7262.0 4736.0 6154.0 0 0.29068008421442804
1 0 0 0 1 1 1 1 1 1 0 1 0 1 0 1 0 0 0 1 5021.0 4085.0 7324.0 4048.0 6079.0 0 0.4765811684074757
1 0 1 0 1 1 0 0 1 0 0 1 0 1 0 1 1 0 1 1 4847.0 4794.0 5534.0 4363.0 5918.0 0 1000000000000000.4
1 0 0 0 1 1 1 0 0 1 1 1 1 1 0 1 0 0 0 1 5558.0 4008.0 7016.0 5003.0 5869.0 0 0.32837276110105457
1 0 0 0 0 1 0 0 1 0 1 1 1 1 0 1 0 1 1 1 6666.0 4286.0 6701.0 4989.0 5862.0 0 0.17719583398141606
0 0 0 1 1 1 1 1 1 1 0 1 1 1 0 1 0 0 0 1 6582.0 4576.0 7668.0 4757.0 5858.0 0 0.33490432566898126
1 0 0 1 1 1 1 0 1 1 0 0 1 1 0 1 0 1 0 1 6223.0 5122.0 7881.0 4143.0 5837.0 0 1000000000000000.4
1 0 0 1 1 1 0 1 1 0 0 1 1 1 0 1 0 0 1 1 6759.0 4465.0 7256.0 4937.0 5680.0 0 0.3265770381362233
1 0 0 1 1 1 1 0 1 1 0 1 1 1 0 1 0 0 0 1 6264.0 4953.0 7370.0 5049.0 5667.0 0 0.22361890753720348
0 0 0 1 1 1 0 0 1 1 1 1 0 0 1 0 0 1 1 1 7553.0 4206.0 5864.0 3829.0 5631.0 0 1000000000000000.1
0 0 0 1 1 1 0 0 1 1 1 1 0 0 1 1 0 1 0 1 7336.0 3734.0 6832.0 3892.0 5604.0 0 1000000000000000.1
0 1 0 1 1 1 0 0 1 1 0 1 0 1 0 1 1 0 1 1 6174.0 4989.0 5775.0 4834.0 5513.0 0 0.30274270194731956
1 0 0 1 1 1 1 0 1 1 0 0 1 1 0 1 0 0 1 1 6018.0 5383.0 7237.0 4642.0 5482.0 0 1000000000000000.2
1 1 0 0 0 1 0 0 1 0 1 1 1 1 0 1 0 0 1 1 5959.0 4339.0 6397.0 5066.0 5368.0 0 0.3340257949787167
1 0 1 1 1 1 0 0 1 0 0 1 1 0 0 0 0 1 1 1 6404.0 5015.0 5917.0 3846.0 5282.0 0 0.24980081168899948
1 0 1 1 0 1 0 0 1 1 0 1 1 1 1 1 0 0 0 1 6593.0 4795.0 6432.0 5030.0 5171.0 0 0.2822776194334109
1 0 0 0 1 1 0 0 1 1 0 1 1 1 0 1 0 0 1 1 5689.0 4943.0 6291.0 5439.0 5098.0 0 0.48158768565635146
0 0 0 1 0 1 0 0 1 1 0 1 1 0 1 0 1 1 0 1 6815.0 4735.0 5088.0 4070.0 4894.0 0 1000000000000000.2
0 0 0 1 0 1 0 0 1 1 1 1 1 1 0 1 1 0 0 1 6782.0 4705.0 6105.0 5181.0 4892.0 0 0.26286979379171965
0 0 0 1 0 1 0 1 1 1 1 0 1 1 0 1 1 0 0 1 6414.0 4665.0 6892.0 4241.0 4843.0 0 0.27500367029834955
0 0 0 1 0 1 0 0 1 1 0 1 1 1 0 1 1 0 1 1 6522.0 5085.0 5375.0 5388.0 4808.0 0 0.3906428258743821
1 1 0 1 1 0 0 0 1 1 0 1 1 1 0 1 0 0 1 1 6142.0 4599.0 6065.0 5561.0 4770.0 0 1000000000000000.2
1 0 0 1 0 1 0 0 1 1 1 0 1 1 0 1 1 0 0 1 6096.0 5042.0 6594.0 4533.0 4652.0 0 1000000000000000.2
0 0 0 1 1 1 0 1 1 0 0 1 0 1 1 0 1 1 0 1 6758.0 3845.0 5982.0 3325.0 6408.0 1 1000000000000000.1
0 0 0 0 1 0 1 0 0 0 1 1 1 1 1 1 0 1 0 1 5944.0 2462.0 6064.0 4382.0 6312.0 1 1000000000000000.0
1 1 0 1 1 1 0 1 1 0 0 1 0 1 1 0 1 0 0 1 6206.0 4307.0 6317.0 3722.0 6306.0 1 0.05178223195934944
1 0 0 1 0 1 0 1 1 0 0 1 0 1 1 0 1 1 0 1 6634.0 3893.0 5954.0 3380.0 6248.0 1 0.1236408874985905
1 0 0 1 1 1 1 0 1 0 1 1 0 1 0 0 1 0 0 1 5893.0 4398.0 6208.0 3683.0 6244.0 1 0.08773625060442594
1 0 0 1 1 1 0 0 1 0 0 1 0 1 1 0 1 1 0 1 6440.0 4222.0 5684.0 3617.0 6217.0 1 0.22395641595696175
0 0 0 0 1 1 0 1 1 0 1 1 0 0 1 0 0 1 1 1 6631.0 3430.0 6111.0 3185.0 6181.0 1 0.1512058011328608
0 0 0 1 1 0 0 1 1 0 0 1 0 1 1 1 1 1 0 1 6500.0 3088.0 6025.0 3861.0 6176.0 1 0.36153032795006823
1 0 1 0 1 1 0 0 1 0 0 1 1 1 1 0 0 1 0 1 5899.0 4559.0 6085.0 4061.0 6072.0 1 0.1120924300295996
0 0 0 1 1 1 0 0 1 0 0 1 0 1 0 1 1 1 1 1 6482.0 4277.0 5748.0 4156.0 5990.0 1 0.11828480807478678
1 0 0 1 0 1 0 1 1 0 0 1 0 1 0 1 1 1 0 1 6236.0 3855.0 6640.0 3678.0 5966.0 1 0.08614103714321514
1 0 0 0 1 1 1 0 1 0 0 0 1 0 1 1 0 1 0 1 5294.0 4255.0 7245.0 3276.0 5955.0 1 0.08537402702813623
1 0 0 1 1 1 1 1 1 0 0 1 0 0 0 0 0 1 0 1 5730.0 3659.0 6783.0 2435.0 5909.0 1 1000000000000000.1
1 0 1 0 1 1 0 1 0 0 0 1 1 1 0 1 1 0 0 1 4880.0 4157.0 6336.0 4459.0 5896.0 1 0.1071770559608837
0 0 0 0 1 1 0 1 1 0 1 1 0 1 0 1 1 0 0 1 5419.0 3539.0 6395.0 3844.0 5839.0 1 0.09963341549550431
1 0 0 1 1 1 1 0 0 1 1 1 0 0 0 1 1 0 0 1 5795.0 4042.0 6537.0 4058.0 5817.0 1 0.12860113497550393
1 0 1 0 1 1 0 0 1 0 1 0 0 1 0 1 1 0 1 1 4861.0 4844.0 6131.0 3749.0 5817.0 1 0.10218869310941256
1 0 1 0 1 1 0 1 0 0 0 1 1 1 0 1 0 0 1 1 5204.0 3896.0 6322.0 4557.0 5705.0 1 0.15019339266236714
1 0 0 0 1 0 0 0 0 0 1 1 1 1 1 1 0 1 0 1 5925.0 2508.0 5966.0 4602.0 5704.0 1 0.2502150180138759
1 0 0 1 1 1 0 0 1 0 0 1 0 1 1 0 1 1 1 0 6224.0 4397.0 4752.0 3974.0 5697.0 1 1000000000000000.0
1 0 0 1 1 1 1 0 1 1 0 1 0 0 1 0 0 0 1 1 6227.0 4615.0 5832.0 3833.0 5690.0 1 0.07130417835319541
1 0 0 1 0 1 1 1 0 0 0 0 1 0 1 1 0 1 0 1 5919.0 3157.0 7132.0 2781.0 5689.0 1 0.30087157574151546
1 0 0 1 1 1 1 1 1 0 0 0 1 0 0 1 1 0 0 1 5458.0 4890.0 7612.0 3450.0 5688.0 1 0.18463737080811654
1 0 0 0 1 1 1 0 0 0 1 1 1 1 0 1 0 1 0 0 5148.0 3263.0 6397.0 4260.0 5687.0 1 0.1246791730722677
1 0 0 1 1 1 1 0 1 1 0 0 0 1 0 1 0 1 0 1 5503.0 4371.0 7257.0 3185.0 5682.0 1 0.1739372312556066
1 1 0 1 1 1 1 0 1 1 0 1 0 1 0 1 0 1 0 0 5626.0 4410.0 6815.0 4088.0 5655.0 1 0.09499678194760948
0 0 0 1 0 1 1 0 1 1 0 1 0 1 0 1 1 0 1 1 5976.0 4697.0 5488.0 4530.0 5653.0 1 0.06536649338594383
1 0 0 0 1 1 1 0 1 1 0 1 1 1 0 1 0 0 0 1 5268.0 4804.0 7011.0 4978.0 5651.0 1 0.2260657553050497
1 0 0 1 1 1 0 0 1 0 0 1 0 1 0 1 1 0 1 1 5837.0 4445.0 5726.0 4414.0 5580.0 1 0.0935156674994103
1 1 0 1 1 1 1 0 1 0 0 0 1 0 0 1 0 1 0 1 5607.0 4630.0 7662.0 3160.0 5577.0 1 0.13688122738990294
1 0 1 0 1 1 0 0 1 0 0 1 1 1 1 1 0 1 0 0 5466.0 4262.0 6121.0 4481.0 5525.0 1 0.06380742112002682
0 0 0 0 0 1 1 0 1 1 1 1 1 0 0 1 0 1 0 1 6179.0 4270.0 6868.0 4288.0 5489.0 1 0.12472130632905049
1 0 0 0 0 1 1 0 1 1 0 1 0 0 0 1 1 0 1 1 4825.0 4830.0 5523.0 4258.0 5478.0 1 0.10010056781527697
1 0 1 0 0 1 0 1 1 0 0 1 1 1 0 1 0 0 1 1 5490.0 4453.0 6397.0 4621.0 5466.0 1 0.07942617437586498
1 0 0 1 0 1 1 1 1 1 0 0 1 1 0 0 0 1 0 1 6039.0 4763.0 7166.0 3282.0 5448.0 1 0.10306233341813058
0 0 0 1 1 1 1 0 1 1 0 0 1 1 0 1 0 1 0 1 6068.0 4713.0 7242.0 3823.0 5445.0 1 0.08985859407987075
1 0 0 1 1 1 0 1 1 0 0 0 1 1 0 1 0 1 0 1 6123.0 4132.0 7750.0 3470.0 5403.0 1 0.18552409774253986
0 0 0 1 1 1 0 1 1 0 0 1 1 1 1 1 0 1 0 0 6774.0 3536.0 6611.0 4240.0 5378.0 1 0.09315034980801196
1 0 1 1 0 1 0 0 1 1 1 1 0 0 1 0 0 1 0 1 6840.0 4250.0 5986.0 3343.0 5378.0 1 1000000000000000.0
1 0 1 0 1 1 0 0 1 0 1 1 1 1 0 1 0 1 0 0 5545.0 4316.0 6569.0 4509.0 5354.0 1 0.0594373126624976
1 0 0 1 1 1 0 0 1 0 0 1 1 1 1 1 0 0 0 1 6467.0 3999.0 6601.0 4674.0 5352.0 1 0.08706302983618448
1 0 1 0 1 1 0 0 0 1 0 1 1 1 0 1 1 0 0 1 4806.0 4784.0 5730.0 5032.0 5330.0 1 0.2413205661850509
1 0 1 0 1 1 0 0 1 1 0 0 0 1 0 1 1 0 1 1 4405.0 5381.0 5715.0 3996.0 5303.0 1 1000000000000000.4
0 0 0 1 1 1 0 0 1 1 1 1 0 1 0 1 1 0 0 1 6341.0 4315.0 6148.0 4488.0 5289.0 1 0.07990469822627903
1 1 0 1 1 1 0 0 1 1 0 0 0 1 0 1 1 0 1 1 5488.0 5326.0 6264.0 4186.0 5273.0 1 0.16255856952692707
1 0 0 1 0 1 0 1 1 0 0 1 1 1 1 1 0 1 0 0 6650.0 3584.0 6583.0 4295.0 5218.0 1 0.1432923614229703
0 0 0 1 1 1 0 0 1 1 0 1 0 1 0 1 1 0 1 1 6081.0 4695.0 5418.0 4695.0 5205.0 1 0.09880792316806059
0 0 0 1 1 1 0 0 1 0 0 1 1 1 1 0 1 0 0 1 6205.0 4323.0 5008.0 4193.0 5178.0 1 0.18014093947872675
1 1 0 1 1 1 0 1 1 0 0 0 1 0 0 1 0 1 0 1 5906.0 4299.0 7862.0 3088.0 5160.0 1 1000000000000000.0
1 0 0 1 0 1 0 1 1 0 0 1 1 1 0 1 0 0 1 1 6480.0 4104.0 6589.0 4672.0 5128.0 1 0.054636311771865065
1 0 0 1 0 1 1 0 1 1 0 1 1 1 0 1 0 0 0 1 5985.0 4592.0 6703.0 4784.0 5115.0 1 0.12815099627975726
1 0 1 0 1 1 1 1 1 0 0 0 1 0 0 1 1 0 0 0 3657.0 4912.0 6471.0 3195.0 5059.0 1 1000000000000000.0
1 0 0 1 1 1 0 0 1 1 1 0 0 1 0 1 1 0 0 1 5655.0 4652.0 6637.0 3840.0 5049.0 1 0.07445125399775632
0 0 0 1 1 1 0 1 1 0 1 1 1 1 0 1 1 0 0 0 6324.0 4112.0 6429.0 4669.0 5043.0 1 0.08882954699178769
1 0 0 1 1 1 1 0 1 1 0 0 1 1 0 1 0 0 0 1 5423.0 4881.0 7220.0 4081.0 5035.0 1 0.10509382848863157
1 0 0 1 0 1 1 0 1 1 0 0 1 1 0 1 0 0 1 1 5739.0 5022.0 6570.0 4377.0 4930.0 1 0.1583590721056981
1 0 0 0 0 0 1 0 1 1 0 1 1 1 0 1 0 0 1 1 4948.0 4158.0 5419.0 5186.0 4894.0 1 0.304600514150589
1 0 0 1 1 1 1 0 1 1 0 0 1 0 0 0 0 1 0 1 5535.0 4965.0 6651.0 2998.0 4866.0 1 0.19982934149542358
1 0 1 0 1 1 0 0 1 1 0 0 1 1 0 1 0 0 1 1 4854.0 5369.0 6308.0 4491.0 4820.0 1 0.10015846673666767
1 1 0 0 1 0 0 0 1 1 0 1 1 1 0 1 0 0 1 1 5146.0 4450.0 5706.0 5490.0 4754.0 1 1000000000000000.2
0 0 1 1 0 1 0 0 1 1 1 0 1 1 0 1 1 0 0 1 5947.0 5131.0 6122.0 4233.0 4614.0 1 0.15688897247602734
1 1 0 0 0 1 0 0 1 1 1 1 1 0 0 0 1 0 0 1 5346.0 5102.0 5512.0 4424.0 4605.0 1 0.14786414309865628
0 0 0 1 0 1 0 1 1 1 1 1 1 0 0 0 1 0 0 1 6567.0 4580.0 5812.0 4064.0 4504.0 1 0.18334594961840905
0 0 0 1 0 1 0 0 1 1 0 1 1 1 0 1 1 0 0 1 5927.0 4583.0 5358.0 4827.0 4361.0 1 0.2527868764892187
0 0 0 1 0 1 0 1 1 1 1 0 1 0 0 1 1 0 0 1 6104.0 4538.0 6647.0 3720.0 4292.0 1 0.22342500872426205
1 0 0 1 1 1 0 0 1 1 0 1 1 0 0 0 0 1 1 0 5986.0 4849.0 5132.0 4223.0 3978.0 1 1000000000000000.1
0 0 0 1 0 1 0 0 1 1 0 1 1 1 0 1 1 0 0 0 5116.0 4256.0 4409.0 4623.0 3394.0 2 1000000000000000.2
1 0 1 0 1 1 0 1 1 0 0 1 0 1 0 0 0 1 1 1 5471.0 4274.0 6116.0 3366.0 6245.0 2 1000000000000000.1
1 0 1 0 1 1 1 0 1 0 0 0 0 1 1 0 1 0 1 0 3767.0 4796.0 4486.0 2993.0 5601.0 2 1000000000000000.1
1 0 1 1 0 1 0 1 1 0 1 0 0 0 1 0 0 1 0 1 6073.0 3551.0 6442.0 1802.0 5312.0 2 1000000000000000.1
1 0 1 0 1 1 0 0 1 1 0 0 1 0 1 0 0 0 1 1 4942.0 5280.0 5377.0 3672.0 4551.0 2 1000000000000000.1
