0 1 0 0 1 0 1 1 0 0 0 0 1 1 1 1 0 1 1 1 1 1 0 1 1 0 0 0 0 1 1 1 1 1 1 1 1 1 1 1 15244.0 11033.0 14562.0 15020.0 0 1000000000000000.1
0 1 0 1 1 1 1 1 1 0 0 0 1 1 0 0 1 1 1 1 1 0 1 1 0 0 1 1 0 1 0 0 1 0 1 0 1 0 1 1 13037.0 12961.0 14366.0 14800.0 0 0.5164358312748275
0 1 0 0 1 1 1 1 0 0 1 0 1 1 1 1 0 1 1 0 0 1 0 1 1 0 0 0 1 1 0 1 1 1 1 0 1 1 0 1 15347.0 11515.0 13675.0 14786.0 0 0.18464310669367312
0 1 0 1 1 1 1 1 1 0 0 1 1 1 1 1 0 1 1 1 0 1 0 1 1 0 0 0 0 1 1 1 1 0 1 0 1 0 0 1 15032.0 12689.0 13399.0 14650.0 0 0.12383771727730164
0 1 0 1 1 0 1 1 0 1 0 1 1 1 0 1 0 1 0 1 1 0 0 1 0 0 1 0 1 1 1 1 1 1 1 0 0 1 1 1 15318.0 11568.0 14738.0 14626.0 0 0.12255691773051938
1 1 0 0 0 0 1 1 0 0 0 0 1 1 1 1 0 1 0 1 1 0 1 1 0 0 1 1 0 1 1 1 1 1 1 0 1 1 1 1 14103.0 10916.0 15913.0 14591.0 0 1000000000000000.4
1 1 0 1 1 0 1 1 0 0 0 0 1 1 1 1 0 1 0 1 1 1 0 1 1 0 0 0 0 1 1 1 1 1 1 0 0 1 1 1 14893.0 11347.0 15508.0 14489.0 0 0.28473280689947494
1 1 0 1 1 0 1 1 0 0 0 0 1 1 1 1 0 1 0 1 1 1 0 1 1 0 1 0 0 1 1 1 1 0 1 0 1 1 1 0 14645.0 11577.0 15830.0 14477.0 0 0.2657881284360912
1 1 0 0 1 0 1 1 0 0 0 1 1 1 1 1 0 1 0 1 1 0 1 1 1 0 0 0 0 1 1 1 1 1 1 0 1 1 0 1 15012.0 11491.0 14863.0 14287.0 0 0.2633367899126129
1 1 0 0 1 0 1 1 0 0 0 0 1 1 1 1 0 1 0 1 1 1 0 1 1 0 0 0 0 1 1 1 1 1 1 0 1 1 1 1 15088.0 11248.0 15162.0 14144.0 0 0.33986732369567013
1 1 0 0 1 0 1 1 1 0 0 0 1 1 0 1 0 1 0 1 1 1 1 1 1 0 0 0 0 1 1 1 1 0 1 0 1 1 0 1 14105.0 11860.0 14024.0 14068.0 0 0.2147985380201911
0 1 0 1 1 1 1 1 1 0 0 1 1 1 0 1 0 1 1 1 0 1 0 1 1 0 0 0 0 1 1 1 0 1 1 0 1 1 0 1 15870.0 12460.0 13342.0 14061.0 0 1000000000000000.0
0 1 0 1 1 1 0 1 1 0 0 0 1 1 0 1 0 1 0 1 1 0 0 1 1 0 0 0 0 1 1 1 1 1 1 0 1 1 1 1 14098.0 12268.0 13488.0 14025.0 0 0.18847881289431195
1 1 0 1 1 0 1 1 0 0 0 0 1 1 0 1 0 1 0 1 1 0 1 1 1 0 0 0 0 1 1 1 1 1 1 0 1 1 1 1 14916.0 12403.0 15710.0 13948.0 0 0.19623135664825453
0 1 0 1 1 0 1 1 0 1 0 1 1 1 0 1 0 1 0 1 1 0 0 1 0 0 1 0 1 1 1 1 0 1 1 0 1 1 0 1 15172.0 11701.0 13440.0 13794.0 0 0.20066744934203
1 1 0 1 1 0 1 0 1 0 0 0 1 1 0 1 0 1 0 1 1 1 1 1 1 0 0 0 0 1 1 1 1 0 1 0 1 1 0 1 13646.0 12632.0 14117.0 13708.0 0 0.1798110502197368
1 1 0 1 1 0 1 0 1 1 0 0 1 0 0 0 0 1 0 1 1 0 0 1 1 0 1 0 0 1 1 1 1 0 1 0 1 1 1 1 13303.0 12784.0 14197.0 13609.0 0 0.1705068858257518
0 1 0 1 1 0 1 0 1 0 0 0 1 1 0 1 0 1 0 1 1 0 1 1 1 0 0 0 0 1 1 1 1 1 1 0 1 1 1 1 13273.0 12531.0 14233.0 13601.0 0 0.1587371255800446
1 1 0 1 1 0 1 0 1 0 0 0 1 1 0 1 0 1 0 1 1 1 0 1 1 0 0 0 0 1 1 1 1 1 1 0 1 1 0 1 14482.0 12440.0 13811.0 13569.0 0 0.26960079762840017
1 1 0 1 1 0 1 1 0 0 0 0 1 1 0 1 0 1 0 1 1 0 0 1 1 0 1 0 0 0 1 1 1 1 1 0 1 1 1 1 15228.0 11807.0 15639.0 13506.0 0 0.17986009019997484
1 1 0 1 1 1 1 0 1 0 0 0 0 1 0 1 0 1 0 1 1 1 1 1 1 0 0 0 0 1 1 1 1 0 1 0 1 0 1 1 13497.0 13247.0 13982.0 13356.0 0 0.28846159126220444
1 1 0 1 1 0 1 0 1 0 0 0 1 1 0 1 0 1 0 1 1 0 0 1 1 0 0 0 0 1 1 1 1 1 1 0 1 1 1 1 14028.0 12658.0 14200.0 13328.0 0 0.18317063936626177
1 0 0 0 1 1 1 1 1 0 1 1 1 0 1 1 0 0 0 1 1 1 0 1 1 0 1 0 0 1 1 1 1 1 1 0 0 1 0 0 15519.0 9391.0 13562.0 13203.0 0 1000000000000000.2
1 1 0 1 1 0 1 0 1 0 0 0 1 1 0 1 0 1 0 1 0 0 1 1 1 0 0 0 0 1 1 1 1 1 1 0 1 1 1 1 13714.0 12637.0 14609.0 12853.0 0 0.2823826838531568
1 1 0 0 1 0 1 1 1 1 0 1 0 1 0 1 1 1 0 1 1 0 0 1 1 0 0 0 0 1 1 0 1 1 1 0 1 1 1 0 14998.0 12000.0 14318.0 12836.0 0 0.18420853982705987
1 1 0 1 1 0 1 0 1 1 0 0 1 1 0 1 0 1 0 1 1 1 0 1 1 0 0 0 1 1 1 1 0 0 1 0 1 1 1 0 13538.0 12756.0 13204.0 12780.0 0 0.7234434468335782
0 1 0 1 1 1 1 1 1 0 0 0 1 1 0 1 0 1 0 0 0 0 0 0 1 0 0 1 1 1 1 1 1 0 1 0 1 0 0 1 12339.0 13410.0 11487.0 12152.0 0 4000000000000000.0
1 1 0 0 1 0 1 1 0 0 0 0 1 1 1 1 0 1 0 1 1 0 1 1 0 0 1 1 0 1 1 1 1 1 1 0 0 1 0 1 13763.0 10339.0 14525.0 14714.0 1 1000000000000000.1
0 1 0 1 1 1 1 1 1 0 0 0 1 1 0 0 1 1 1 1 1 0 1 0 0 0 1 1 0 1 0 0 1 0 1 0 0 1 0 1 11905.0 11875.0 12939.0 14614.0 1 1000000000000000.0
0 1 0 1 1 1 1 1 0 1 0 1 1 1 1 1 0 0 0 1 1 0 0 1 1 0 1 0 1 1 1 1 1 1 0 0 0 0 0 0 14310.0 10838.0 11720.0 14523.0 1 1000000000000000.2
0 1 0 0 1 0 1 1 1 1 0 1 1 0 1 0 0 0 0 1 1 0 0 1 1 0 1 1 0 1 1 1 1 1 1 0 0 1 0 1 13758.0 10628.0 13157.0 14411.0 1 0.26287068789442586
0 1 0 1 1 1 1 1 1 0 0 0 1 0 1 0 0 1 0 1 1 0 0 1 1 0 1 1 1 1 1 1 1 1 1 0 0 0 0 0 12575.0 12408.0 12997.0 14406.0 1 0.24414233199333565
0 1 0 1 0 1 1 0 1 0 0 0 1 1 1 1 0 1 0 1 1 0 1 1 0 0 1 1 0 0 1 1 1 1 1 0 0 1 0 1 12415.0 11043.0 13745.0 14391.0 1 0.18789732033637516
0 1 0 1 1 0 1 1 0 0 0 0 1 1 1 1 0 1 0 1 1 1 0 1 1 0 0 0 0 1 1 1 1 1 1 0 1 1 0 1 14565.0 11425.0 14399.0 14387.0 1 0.11235743191348775
1 1 0 1 1 0 1 0 0 0 0 0 1 1 1 1 0 1 0 1 1 0 1 1 0 0 1 1 0 1 1 1 1 1 1 0 0 1 0 1 13304.0 11111.0 14618.0 14354.0 1 0.2655938978285485
0 1 0 0 1 1 1 1 0 0 1 0 1 1 1 1 0 0 1 1 0 1 0 1 1 0 0 0 1 1 0 1 1 1 1 0 0 1 0 1 14661.0 9758.0 12601.0 14349.0 1 0.2587511336025037
1 0 0 1 1 1 1 1 1 0 0 0 1 1 1 1 0 0 0 1 0 1 0 1 1 0 1 0 0 1 0 1 1 1 1 0 0 1 0 1 14844.0 9971.0 13302.0 14209.0 1 0.24836783503053647
1 1 0 0 1 0 1 1 0 0 0 1 1 1 1 1 0 1 0 1 1 0 1 1 1 0 1 0 0 1 1 1 1 0 1 0 1 1 1 0 14261.0 11131.0 15563.0 14194.0 1 1000000000000000.1
0 1 0 1 1 0 1 1 0 1 0 0 1 1 0 1 0 1 0 1 1 1 0 1 1 0 0 0 0 1 1 1 1 1 1 0 0 1 0 1 14584.0 10950.0 13423.0 14193.0 1 0.08627447668514582
1 1 0 0 1 0 1 1 0 0 0 0 1 1 1 1 0 1 0 1 1 1 0 1 1 0 0 0 0 1 1 1 1 1 1 0 1 1 0 1 14877.0 10941.0 14176.0 14095.0 1 0.19313017171438238
0 0 0 0 1 1 1 1 0 1 0 1 1 1 0 1 0 1 0 1 1 0 0 1 0 0 1 0 1 1 1 1 1 1 1 0 0 1 1 1 15393.0 10316.0 13215.0 14012.0 1 0.10293076429379767
1 1 0 1 1 0 1 0 1 1 0 0 1 0 1 0 0 1 0 1 1 0 0 1 1 0 1 0 0 1 1 0 1 1 1 0 0 1 0 1 13111.0 11539.0 13601.0 13982.0 1 0.13702046446960767
0 1 0 1 1 1 1 1 1 0 0 0 1 1 0 0 1 1 1 1 1 0 1 0 0 0 1 1 0 1 0 0 1 0 1 0 1 0 1 1 12153.0 12907.0 13555.0 13949.0 1 0.2677749368759128
0 1 0 1 1 1 1 1 1 0 0 1 1 1 0 1 0 1 1 1 0 1 0 1 1 0 0 0 0 1 1 1 1 0 1 0 1 0 0 1 14930.0 12552.0 12826.0 13813.0 1 0.28483908586386586
1 1 0 0 0 1 1 0 0 1 0 0 1 1 0 1 0 1 0 1 1 1 0 1 1 0 0 0 0 1 1 1 1 1 1 0 1 1 0 1 14849.0 11216.0 12891.0 13707.0 1 0.16331984592280518
1 1 0 0 1 0 1 1 0 0 0 1 1 1 1 1 0 0 0 1 1 0 1 1 1 0 1 0 0 1 1 0 1 0 1 0 1 1 0 1 14487.0 10248.0 14407.0 13613.0 1 0.19647320659176265
1 1 0 1 1 0 1 0 1 0 0 0 1 1 0 1 0 1 0 1 1 1 0 1 1 0 0 0 0 1 1 1 1 1 1 0 0 1 1 1 13979.0 11850.0 14189.0 13488.0 1 0.23199693651079692
1 1 0 0 0 1 1 1 1 1 0 0 1 1 0 1 0 0 1 1 0 1 0 1 1 0 0 0 0 1 1 1 0 1 1 0 1 1 0 1 15547.0 10689.0 11739.0 13483.0 1 1000000000000000.1
1 0 0 1 1 1 1 0 1 0 0 0 1 1 0 1 0 1 0 1 1 1 0 1 1 0 0 0 0 1 1 1 1 1 1 0 1 1 0 1 15076.0 12184.0 13242.0 13430.0 1 0.24388465777344245
0 1 0 1 1 1 1 1 1 0 0 0 1 1 0 1 0 1 0 1 1 0 0 1 1 0 0 0 0 1 1 0 1 1 1 0 1 1 1 0 13817.0 11943.0 13725.0 13390.0 1 0.14512844075230466
0 1 0 1 1 0 1 1 1 1 0 1 1 1 0 1 0 1 0 1 1 0 0 1 1 0 0 0 0 1 1 0 1 1 1 0 1 1 1 0 14574.0 12052.0 14300.0 13376.0 1 0.12964269502419534
1 1 0 1 1 0 1 0 1 0 0 0 1 0 1 1 0 1 0 1 1 1 0 1 1 0 0 0 0 1 1 1 1 1 1 0 0 1 1 1 13414.0 11499.0 14411.0 13333.0 1 0.11916897351540781
1 1 0 0 1 0 1 1 0 0 1 1 1 0 1 0 0 1 0 1 1 0 0 1 1 0 0 1 0 1 1 1 1 1 1 0 1 1 0 1 14384.0 11705.0 15107.0 13263.0 1 0.44711239276666553
0 1 0 1 1 0 1 1 0 1 0 1 0 1 0 1 1 1 0 1 1 0 0 1 0 0 0 0 0 1 1 1 1 1 1 0 1 1 0 1 14654.0 11444.0 13405.0 13063.0 1 0.16752524744151587
0 1 0 1 1 1 1 1 1 0 0 1 1 1 0 1 0 1 0 0 0 0 0 1 1 0 0 1 1 1 0 1 1 0 1 0 1 0 0 1 13071.0 13126.0 12372.0 12952.0 1 0.349789408230748
1 1 0 0 0 1 1 1 0 1 0 0 1 1 0 1 0 0 1 1 0 1 0 1 1 0 1 0 0 0 1 1 1 1 1 0 1 1 0 0 15539.0 9311.0 12515.0 12938.0 1 0.2688106300718397
1 1 0 1 0 1 1 1 1 0 1 0 1 0 1 0 0 1 0 1 1 0 0 1 1 0 0 0 1 1 1 1 0 0 1 0 1 0 1 1 12810.0 13020.0 13846.0 12934.0 1 0.24667700519199603
1 1 0 1 1 1 1 0 1 0 0 0 0 1 0 1 0 1 0 1 1 1 0 1 1 0 0 0 0 1 1 1 1 0 1 0 1 0 1 1 13421.0 12862.0 13218.0 12900.0 1 0.2436436532366074
1 0 0 0 1 1 1 1 0 0 1 1 1 0 1 1 0 0 0 1 1 1 0 1 1 0 1 0 0 1 1 1 1 1 1 0 0 1 0 0 15353.0 8527.0 13447.0 12532.0 1 1000000000000000.2
1 1 0 1 1 0 1 0 1 0 0 0 1 1 0 1 0 1 0 1 1 1 0 1 1 0 0 1 1 1 1 1 1 0 1 0 1 0 1 0 12850.0 13195.0 13627.0 12431.0 1 1000000000000000.1
1 1 0 1 1 1 1 0 1 0 0 0 0 1 0 1 0 1 0 1 0 1 1 1 1 0 0 0 0 1 1 1 1 0 1 0 1 0 1 1 13107.0 12841.0 13627.0 12425.0 1 0.09689697489686377
1 0 0 0 1 1 1 1 0 0 0 1 1 0 1 1 0 0 0 1 1 1 0 1 1 0 1 0 0 1 1 1 1 1 1 0 1 0 0 1 15519.0 9600.0 12833.0 12391.0 1 0.3753369295482576
1 0 0 0 1 1 1 1 0 0 1 1 1 0 1 1 0 0 0 1 1 1 0 1 1 0 0 0 0 1 1 1 0 1 1 0 1 1 0 1 15468.0 9441.0 12963.0 11574.0 1 1000000000000000.1
1 1 0 1 1 0 1 0 1 0 0 0 1 1 0 1 0 1 0 0 0 0 0 0 1 0 0 1 1 1 1 1 1 0 1 0 1 0 0 1 11390.0 12994.0 11207.0 10687.0 2 1000000000000000.4
1 1 0 1 1 0 1 0 1 1 0 0 1 0 1 0 1 1 1 1 1 0 1 0 0 0 0 0 1 1 0 1 1 0 1 0 1 0 0 1 10990.0 12624.0 11471.0 12744.0 2 1000000000000000.2
1 1 0 1 1 1 1 0 1 0 0 0 0 1 0 1 1 1 1 1 1 0 1 0 0 0 0 0 1 1 0 1 1 0 0 0 1 0 0 1 11048.0 12567.0 10208.0 12652.0 2 1000000000000000.2
1 1 0 0 1 0 1 1 0 0 0 0 1 0 1 0 0 1 1 1 1 1 1 1 0 0 1 1 0 1 1 1 1 1 1 0 0 1 0 1 13705.0 10115.0 14484.0 14698.0 2 1000000000000000.1
1 1 0 0 1 0 1 1 1 0 0 0 1 1 1 1 0 0 1 1 0 1 0 1 1 1 0 0 0 1 0 1 1 1 1 0 0 1 0 1 13825.0 9342.0 12160.0 14184.0 2 1000000000000000.1
1 1 0 0 0 1 1 1 0 1 0 0 1 1 0 1 0 0 1 1 0 1 0 1 1 0 0 0 0 1 1 1 0 1 1 0 1 1 0 1 15381.0 9825.0 11624.0 12812.0 2 1000000000000000.1
1 0 0 1 1 1 1 1 1 0 0 0 1 1 0 1 0 1 0 0 0 0 0 0 1 0 0 1 1 1 1 1 1 0 1 0 1 0 1 0 12294.0 12509.0 11763.0 10631.0 2 1000000000000000.1
1 1 0 1 0 0 1 1 0 0 0 1 1 0 1 0 0 1 0 1 1 0 0 1 1 0 1 1 0 1 1 1 1 1 1 0 0 1 0 1 13683.0 11051.0 15175.0 14054.0 2 1000000000000000.0
1 0 0 0 1 1 1 0 0 1 0 0 1 1 0 1 0 1 1 1 0 1 0 1 1 0 0 0 0 1 1 1 0 1 1 0 1 1 0 1 14941.0 10233.0 11109.0 12058.0 2 0.539955951932126
0 1 0 1 1 1 1 1 1 0 0 0 1 0 0 0 0 1 0 1 1 0 0 1 1 0 1 1 1 1 1 1 1 1 1 0 0 0 0 0 12473.0 12271.0 12424.0 13569.0 2 0.26678494970087313
1 1 0 1 1 0 1 0 1 0 0 0 1 1 0 1 0 1 0 0 0 0 0 0 1 0 0 1 1 1 1 1 0 1 1 0 1 1 0 1 12330.0 12902.0 11723.0 10935.0 2 0.2507864927213429
0 1 0 0 1 1 1 1 0 0 1 0 1 1 1 1 0 0 1 0 0 1 0 1 1 0 0 0 1 1 0 1 1 1 1 0 0 1 0 1 14472.0 9653.0 12208.0 13925.0 2 0.24186620827310065
1 1 0 1 1 0 1 1 0 0 0 0 1 1 1 1 0 1 0 1 1 1 0 1 1 0 0 1 1 0 0 1 1 0 1 0 1 0 1 0 12447.0 11603.0 14299.0 12393.0 2 0.24146114325033105
0 1 0 1 1 0 1 1 0 1 0 1 1 1 0 1 0 1 0 1 1 0 0 1 0 0 1 1 0 1 0 1 1 0 1 1 0 1 1 1 13488.0 10720.0 14343.0 14381.0 2 0.2381571059952668
0 1 0 1 0 1 1 0 0 1 0 0 1 1 1 1 0 1 0 1 1 1 0 1 1 1 0 0 0 1 1 1 1 0 1 0 1 1 1 0 13228.0 11375.0 13624.0 14209.0 2 0.23768187059254842
1 1 0 1 1 0 1 0 1 0 0 0 1 1 0 1 0 1 0 1 1 1 1 1 1 0 0 0 0 1 1 1 1 0 1 0 1 0 0 1 12969.0 12460.0 13139.0 12864.0 2 0.22772060830201088
0 1 0 1 1 1 1 1 1 0 0 0 1 1 0 1 0 1 0 0 0 0 0 0 1 0 0 1 1 1 1 1 1 0 1 0 1 0 1 0 11671.0 12957.0 11751.0 11400.0 2 0.2162407919715003
1 1 0 0 1 0 1 1 0 1 0 1 1 1 0 1 0 1 0 1 1 0 0 1 0 0 1 0 1 1 1 0 1 0 1 1 0 1 1 1 14670.0 10604.0 14149.0 13629.0 2 0.21491445962161546
0 0 0 0 1 1 1 1 0 1 0 0 1 1 1 1 0 0 1 1 0 1 0 1 1 0 0 0 1 1 1 0 1 0 1 0 1 1 1 1 15146.0 10177.0 12670.0 13279.0 2 0.21085727410018915
1 1 0 0 1 0 1 1 0 0 1 1 1 0 0 0 1 1 0 1 1 0 0 1 1 0 1 1 1 1 1 1 0 0 0 0 1 1 1 0 13130.0 11900.0 14164.0 11886.0 2 0.20630112419066418
1 1 0 1 1 0 1 0 1 1 0 0 1 0 0 0 0 1 0 1 1 0 0 1 1 0 0 1 1 1 1 1 0 0 1 0 1 1 1 0 11571.0 12854.0 12649.0 11694.0 2 0.2037075260948927
1 1 0 1 1 0 1 1 1 0 0 0 1 1 1 1 0 1 0 0 0 0 0 0 1 0 0 1 1 1 1 1 1 0 1 0 1 0 1 0 11802.0 12902.0 12905.0 11607.0 2 0.1975776704579396
1 1 0 1 1 0 1 1 0 0 0 0 1 0 1 0 0 1 1 1 1 0 1 1 0 0 0 0 1 0 1 1 1 1 1 0 1 1 1 1 13489.0 11590.0 14956.0 13189.0 2 0.19513829116593234
0 1 0 1 1 1 1 1 1 0 0 0 1 1 0 0 1 1 1 1 1 0 1 0 0 0 1 1 0 0 0 0 1 0 1 0 1 0 1 1 11712.0 12410.0 13354.0 12987.0 2 0.17180562675900674
1 1 0 1 0 1 1 0 0 1 0 0 1 1 0 1 0 1 0 1 1 1 0 1 1 0 0 0 0 1 1 1 0 1 1 0 1 1 0 1 14719.0 11755.0 12925.0 13269.0 2 0.15915356792712415
0 1 0 1 0 1 1 1 1 0 1 0 1 0 1 0 0 1 0 1 1 0 0 1 1 0 0 0 1 1 1 1 0 0 1 0 1 0 1 1 11979.0 12508.0 13115.0 12751.0 2 0.15406301361708863
1 1 0 1 1 0 1 1 0 1 0 0 1 0 1 0 0 1 1 1 1 0 0 1 1 0 0 0 0 0 1 1 1 1 1 0 1 0 1 1 13936.0 11732.0 13907.0 12990.0 2 0.1466223143582501
0 1 0 1 1 1 1 1 1 0 0 1 1 1 0 0 0 1 1 1 0 1 0 1 1 0 0 0 0 1 1 1 0 1 1 0 0 1 0 1 14346.0 11525.0 12441.0 13772.0 2 0.13944466758828472
0 1 0 1 1 0 1 1 1 0 0 0 1 0 1 0 0 1 0 1 1 0 0 1 1 0 0 1 1 1 1 1 1 0 1 0 0 1 0 1 11588.0 12157.0 13195.0 13945.0 2 0.136716889776168
0 1 0 1 1 1 1 1 1 0 0 1 1 1 0 1 0 1 1 1 0 1 0 1 1 0 0 0 0 1 0 0 1 0 1 1 0 1 1 1 14180.0 11255.0 13828.0 14111.0 2 0.1344353707518244
0 1 0 1 1 0 1 1 0 0 0 0 1 1 0 1 0 1 0 1 0 0 1 1 1 0 0 0 0 1 1 1 1 1 1 0 1 1 1 1 13695.0 11485.0 14624.0 12834.0 2 0.13414499503759963
1 1 0 0 0 1 1 0 0 0 0 0 1 1 0 1 0 1 0 1 1 1 0 1 1 0 1 0 1 1 1 1 1 1 0 0 0 1 1 1 13991.0 10846.0 13274.0 14173.0 2 0.12304200181107766
1 1 0 1 1 0 1 0 1 0 0 0 1 1 0 1 0 1 0 1 1 1 0 1 1 0 0 0 0 1 1 1 1 1 1 0 1 1 1 0 13814.0 11987.0 14075.0 12817.0 2 0.1203549674216409
0 1 0 1 1 0 1 1 0 1 0 1 1 1 0 1 0 1 0 1 1 0 0 1 0 0 1 0 1 1 1 0 1 0 1 1 0 1 1 1 14358.0 11088.0 14372.0 13921.0 2 0.12006413889127474
0 1 0 1 1 1 1 1 1 0 0 0 1 1 0 1 0 1 0 1 1 1 1 1 1 0 0 0 0 1 1 1 0 0 1 0 1 0 0 1 13269.0 12419.0 12499.0 13416.0 2 0.11814747463729643
1 1 0 1 1 0 1 1 0 0 0 0 1 1 0 1 0 1 0 1 1 1 0 1 1 0 0 0 0 1 1 1 1 1 1 0 0 1 0 1 14580.0 10903.0 13949.0 13603.0 2 0.11450975012323145
0 1 0 1 1 0 1 0 1 0 0 0 1 1 0 1 0 1 0 1 1 1 0 1 1 0 0 0 0 1 1 1 1 1 1 0 1 1 0 1 13651.0 11928.0 13080.0 13386.0 2 0.1100212490910602
