0 1 0 0 1 1 1 1 1 0 0 0 1 1 1 1 0 1 1 1 1 1 0 1 1 0 1 0 0 1 1 1 1 1 1 0 1 1 1 1 16808.0 12803.0 15596.0 17266.0 0 1000000000000000.0
0 1 0 0 1 1 1 1 1 0 0 0 1 1 1 1 0 1 1 1 1 0 1 1 1 0 1 0 1 1 0 0 1 1 1 0 1 1 1 1 15512.0 12996.0 15586.0 17173.0 0 0.14298611696596208
0 1 0 0 1 1 1 1 1 0 0 1 1 1 1 1 0 1 1 1 1 0 0 1 1 0 1 0 1 1 1 1 1 0 1 0 1 1 1 1 16405.0 13635.0 15363.0 17105.0 0 0.29554112539315025
0 1 0 0 1 1 1 1 1 0 0 1 1 1 1 1 0 1 1 1 1 1 0 1 1 0 1 0 1 1 0 0 1 1 1 0 1 1 1 1 16825.0 12954.0 15939.0 17033.0 0 0.14551487212940156
0 1 0 0 1 1 1 1 1 0 0 1 1 1 1 1 0 1 1 1 1 0 0 1 1 0 1 0 0 1 1 1 1 1 1 0 1 1 1 1 16867.0 12968.0 15519.0 17002.0 0 0.14939570564095825
1 1 0 0 1 1 1 1 1 0 0 1 1 1 1 1 0 1 1 1 1 0 0 1 1 0 1 0 0 1 1 1 1 0 1 0 1 1 1 1 16786.0 13287.0 15792.0 16868.0 0 0.14092934003775753
0 1 0 1 1 1 1 1 1 0 0 1 1 1 1 1 0 1 1 1 1 0 0 1 1 0 1 0 0 1 0 0 1 1 1 0 1 1 1 1 16229.0 13001.0 15994.0 16798.0 0 0.20789373086817814
1 1 0 0 1 0 1 1 1 0 0 0 1 1 1 1 0 1 1 1 1 1 0 1 1 0 1 0 0 1 1 1 1 1 1 0 1 1 1 1 16837.0 12611.0 16177.0 16636.0 0 0.12732480273159325
0 1 0 0 1 1 1 1 0 0 0 1 1 1 1 1 1 1 1 1 1 1 0 1 1 0 1 0 0 1 0 1 1 1 1 0 1 1 0 1 16876.0 11950.0 15103.0 16617.0 0 0.19037077594534088
1 1 0 0 1 1 1 1 1 0 0 1 1 1 1 1 0 1 0 1 1 1 0 1 1 0 1 0 0 1 0 1 1 1 1 0 1 1 1 1 16733.0 12764.0 16395.0 16553.0 0 0.08723455259370966
1 1 0 0 1 0 1 1 1 0 0 1 1 1 1 1 0 1 1 1 1 0 1 1 1 0 1 0 0 1 1 1 1 0 1 0 1 1 1 1 16060.0 12968.0 16406.0 16511.0 0 0.12083033447167621
0 1 0 0 1 1 1 1 1 0 0 1 1 1 1 1 0 1 1 1 1 0 0 1 1 0 1 0 1 1 1 1 0 1 1 0 1 1 1 1 16668.0 13371.0 14901.0 16509.0 0 0.47159452742875735
1 1 0 0 1 1 1 1 0 0 0 1 1 1 1 1 0 1 1 1 1 0 0 1 1 0 1 0 0 1 1 1 1 1 1 0 1 1 0 1 17321.0 12309.0 15149.0 16465.0 0 0.21104638760189803
1 1 0 0 1 0 1 1 1 0 0 1 1 1 1 1 0 1 1 1 1 0 0 1 1 0 1 0 0 1 1 1 1 1 1 0 1 1 1 1 16896.0 12776.0 16100.0 16372.0 0 0.14092919084066063
1 1 0 0 1 1 1 1 1 0 0 1 1 1 1 1 0 1 0 1 1 1 0 1 1 0 1 0 0 1 1 1 1 0 1 0 1 1 1 1 16697.0 13163.0 16383.0 16313.0 0 0.09224300420236359
1 1 0 0 1 1 1 1 1 0 0 1 1 1 1 1 0 1 1 1 1 0 0 1 1 0 1 0 0 1 1 1 0 1 1 0 1 1 1 1 17049.0 13023.0 15330.0 16272.0 0 0.1882399972569367
1 1 0 0 1 0 1 1 1 0 0 1 1 1 1 1 1 1 1 1 1 0 0 1 1 0 1 0 0 1 1 1 1 0 1 0 1 1 1 1 16581.0 13239.0 16176.0 16177.0 0 0.17507013891171438
1 1 0 0 1 0 1 1 1 0 0 1 1 1 1 1 1 1 1 1 1 1 0 1 1 0 1 0 0 1 0 0 1 1 1 0 1 1 1 1 17001.0 12558.0 16752.0 16105.0 0 0.13716631797948226
1 1 0 0 1 1 1 1 0 0 0 1 1 1 1 1 0 1 1 0 1 0 0 1 1 0 1 0 0 1 1 1 1 1 1 0 1 1 1 1 17343.0 12511.0 15742.0 16090.0 0 1000000000000000.0
0 1 0 0 1 1 1 1 0 0 0 1 1 1 1 1 0 1 1 1 1 1 0 1 1 0 1 0 0 1 1 0 1 1 1 0 1 1 1 1 17085.0 11822.0 15968.0 16019.0 0 1000000000000000.0
0 1 0 1 1 1 1 1 1 0 0 1 1 1 1 1 0 1 0 1 1 0 0 1 1 0 1 1 0 1 0 0 1 0 1 0 1 1 1 1 14738.0 13308.0 16216.0 15991.0 0 0.4592038712686066
1 1 0 1 1 0 1 1 1 0 0 0 1 1 1 1 0 1 0 1 1 1 0 1 1 0 1 0 0 1 1 1 1 0 1 0 1 1 1 1 15690.0 13201.0 16667.0 15949.0 0 0.271558492260785
1 1 0 0 1 1 1 1 1 0 0 1 1 1 1 1 0 1 0 0 1 0 0 1 1 0 1 0 0 1 1 1 1 1 1 0 1 1 1 1 16755.0 13162.0 15851.0 15916.0 0 0.08205175739531756
1 1 0 0 1 1 1 1 0 0 0 1 1 1 1 1 0 1 1 1 1 0 0 1 1 0 1 0 0 1 1 0 1 1 1 0 1 1 1 1 17251.0 12245.0 16102.0 15912.0 0 0.1473122766858484
1 1 0 0 1 1 1 1 0 0 0 1 1 1 1 1 0 1 0 1 1 0 1 1 1 0 1 0 0 1 1 1 1 0 1 0 1 1 1 1 15942.0 12595.0 16435.0 15808.0 0 0.21756327611651052
0 1 0 1 1 0 1 1 0 0 0 1 1 1 1 1 0 1 1 1 1 1 0 1 1 0 1 0 0 1 1 0 1 1 1 0 1 1 1 1 16802.0 12114.0 16772.0 15681.0 0 0.18479732849304673
0 1 0 1 1 0 1 1 1 0 0 1 1 1 1 1 1 1 0 1 1 1 0 1 1 0 1 0 0 1 0 0 1 1 1 0 1 1 1 1 15935.0 12829.0 16969.0 15552.0 0 0.26290816663676364
1 1 0 0 1 1 1 1 0 0 0 1 1 1 1 1 0 1 0 0 1 1 0 1 1 0 1 0 0 1 1 1 1 1 1 0 1 1 1 1 17254.0 12387.0 16333.0 15535.0 0 0.15152721675147546
1 1 0 0 1 1 1 1 0 0 1 1 1 1 1 1 0 1 0 1 1 1 0 1 1 0 1 0 0 1 0 0 1 1 1 0 1 1 1 1 17036.0 11941.0 17213.0 15508.0 0 1000000000000000.1
1 1 0 0 1 1 1 1 1 0 0 1 1 1 0 1 0 1 0 1 1 0 0 1 1 0 1 0 0 1 1 1 1 1 1 0 1 1 1 1 16842.0 13130.0 15671.0 15503.0 0 0.15538717623279885
0 1 0 1 1 1 1 1 1 0 0 1 0 1 1 1 0 1 0 1 1 0 0 1 1 0 1 0 1 0 1 1 1 0 1 0 1 1 1 1 15244.0 13697.0 15817.0 15403.0 0 0.3967391021285993
1 1 0 0 1 1 1 1 0 0 0 1 1 1 1 1 1 1 0 1 1 1 0 1 1 0 1 0 0 1 0 0 1 1 1 0 1 1 1 1 16883.0 12185.0 16781.0 15402.0 0 0.12926747100720137
1 1 0 0 1 1 1 1 0 0 0 1 1 1 1 1 0 1 0 1 1 1 0 1 1 0 1 0 0 1 1 0 1 1 1 0 1 1 1 1 17162.0 12121.0 16693.0 15357.0 0 0.1354307759648746
1 1 0 1 1 0 1 1 0 0 0 1 1 1 1 1 0 1 0 1 1 0 0 1 1 0 1 0 0 1 1 1 1 1 1 0 1 1 1 1 16495.0 12695.0 16933.0 15331.0 0 0.2861061044182098
1 1 0 1 1 0 1 1 0 0 0 1 1 1 1 1 0 1 0 1 1 0 0 1 1 0 1 1 0 1 0 0 1 1 1 0 1 1 1 1 15513.0 12445.0 17140.0 15007.0 0 0.41258959828219
1 1 0 0 1 0 1 1 1 0 0 1 1 1 1 1 1 1 0 1 1 0 0 1 1 0 1 0 0 0 1 1 1 1 1 0 1 1 1 1 16298.0 12722.0 16427.0 14687.0 0 0.21339998537325167
0 1 0 1 1 1 1 1 1 0 0 1 0 1 1 1 0 1 0 1 1 0 0 0 1 0 1 0 1 1 1 1 1 0 1 0 1 0 1 1 14124.0 13968.0 14229.0 14670.0 0 2000000000000000.2
1 1 0 1 1 1 1 0 1 0 0 1 1 1 0 1 0 1 1 0 1 0 0 1 1 0 1 0 0 1 1 1 1 0 1 0 1 0 1 1 15359.0 13645.0 13941.0 14403.0 0 2000000000000000.0
0 1 0 1 1 1 1 1 1 0 0 1 0 1 0 1 0 1 0 1 1 0 0 0 1 0 1 0 1 1 1 1 1 0 1 0 1 0 1 1 14022.0 13831.0 13656.0 13833.0 1 4000000000000000.0
0 1 0 0 1 1 1 1 1 0 0 0 1 1 1 1 0 1 1 1 1 1 0 1 1 0 1 0 0 1 1 1 1 1 1 0 1 1 0 1 16597.0 12496.0 14610.0 17217.0 1 1000000000000000.1
1 1 0 0 1 1 1 1 0 0 0 1 1 1 1 1 0 1 0 1 1 1 0 1 1 0 1 0 0 1 1 1 1 1 1 0 0 1 1 1 16729.0 11595.0 16118.0 15829.0 1 1000000000000000.0
0 1 0 0 1 1 1 1 0 0 0 1 1 1 0 1 0 1 1 1 1 1 0 1 1 0 1 0 0 1 1 1 1 1 1 0 1 1 1 1 17264.0 12056.0 15428.0 15784.0 1 1000000000000000.0
0 1 0 1 1 0 1 1 0 0 0 1 1 1 1 1 1 1 0 1 1 1 0 1 1 0 1 0 0 1 0 0 1 1 1 0 1 1 1 1 15769.0 11965.0 16854.0 14881.0 1 1000000000000000.0
0 1 0 1 1 1 1 1 1 0 0 1 0 0 1 1 0 1 1 1 1 0 0 0 1 0 1 0 1 1 1 1 1 0 1 0 1 0 1 1 14211.0 13693.0 13884.0 14523.0 1 0.3025155621990041
1 1 0 0 1 0 1 1 1 0 0 0 1 1 1 1 1 1 1 1 1 0 0 0 1 0 1 0 1 1 1 1 1 0 1 0 1 0 1 1 14746.0 13619.0 14169.0 14876.0 1 0.2504982263099301
0 1 0 1 1 1 1 1 1 0 0 1 0 1 1 1 0 1 0 1 1 0 0 1 1 0 1 0 1 0 1 1 1 0 1 0 1 0 1 1 14567.0 13525.0 14839.0 14559.0 1 0.18125798506660926
0 1 0 1 1 1 1 1 1 0 0 1 1 1 0 1 0 1 0 1 0 0 0 1 1 0 1 0 1 0 1 1 1 0 1 0 1 1 1 1 15237.0 13378.0 15182.0 14005.0 1 0.15862453527293538
1 1 0 1 1 0 1 1 1 0 0 1 1 1 1 0 0 1 0 1 1 1 0 1 1 0 1 0 0 0 1 0 1 0 1 0 1 1 1 1 14882.0 12549.0 16660.0 14252.0 1 0.1583799228968925
1 1 0 0 1 0 1 0 1 0 0 1 1 1 1 1 1 1 0 1 1 0 1 1 1 0 1 0 0 1 1 1 1 0 1 0 1 1 1 1 14925.0 13187.0 16073.0 14953.0 1 0.15616864002973066
0 1 0 0 1 1 1 1 1 0 0 1 1 1 1 1 0 1 1 1 1 1 0 1 1 0 1 0 0 1 1 1 1 1 1 0 0 1 0 1 16607.0 11853.0 14522.0 17113.0 1 0.15563385751815006
1 1 0 1 1 1 1 1 1 0 0 1 1 1 0 1 0 1 0 0 1 0 0 1 1 0 0 0 0 1 1 1 1 0 1 0 1 1 1 1 15431.0 13542.0 14880.0 14261.0 1 0.1555096033236754
0 1 0 0 1 1 1 1 1 0 0 1 1 1 1 1 0 1 1 1 1 0 0 1 1 0 1 0 1 1 0 0 1 1 1 0 1 1 1 1 16160.0 12865.0 15342.0 16743.0 1 0.14595764698866737
1 1 0 1 1 1 1 0 1 0 0 1 1 1 0 1 0 1 0 0 1 0 0 1 1 0 1 0 0 1 1 1 1 0 1 0 1 1 1 1 15282.0 13604.0 14913.0 14402.0 1 0.1458561211534824
1 1 0 0 1 0 1 1 1 0 0 0 1 1 1 1 0 1 1 1 1 0 1 1 1 1 1 0 0 1 0 1 1 0 1 0 1 1 1 1 14629.0 12306.0 15571.0 16850.0 1 0.14549710228190885
0 1 0 1 1 0 1 1 1 0 0 0 1 1 1 1 0 1 0 1 1 0 1 1 1 0 1 0 0 1 1 1 1 0 1 0 1 1 1 1 14270.0 12985.0 16103.0 15932.0 1 0.14390095727605198
1 1 0 0 1 1 1 1 1 0 0 1 1 1 0 1 1 1 1 1 1 0 0 1 1 0 0 0 0 1 1 1 1 0 1 0 1 0 1 1 15775.0 13348.0 13881.0 14333.0 1 0.1404540145331289
0 0 0 0 1 1 1 1 1 0 0 1 1 1 1 1 0 1 1 1 1 1 0 1 1 0 1 0 0 1 1 1 1 1 1 0 1 1 0 1 17113.0 11790.0 14411.0 16291.0 1 0.1384988441333371
1 1 0 0 1 1 1 1 0 0 0 1 1 1 1 1 0 1 0 0 1 1 0 1 1 0 1 0 0 1 1 0 1 1 1 0 1 1 1 1 16973.0 12016.0 16300.0 14933.0 1 0.13791850161125246
1 1 0 0 0 1 1 1 0 0 0 1 1 1 1 1 0 1 0 0 1 1 0 1 1 0 1 0 0 1 1 1 1 1 1 0 1 1 1 1 16669.0 11760.0 16127.0 15233.0 1 0.13573809558416608
1 1 0 0 1 1 1 1 0 0 0 1 1 1 1 1 0 1 1 0 1 0 0 1 1 0 1 0 0 1 1 1 1 1 1 0 1 1 0 1 17132.0 12204.0 14756.0 16041.0 1 0.1317911170295697
0 1 0 1 1 1 1 1 1 0 0 1 1 1 1 1 0 1 0 0 1 1 0 1 1 0 1 0 0 1 1 1 1 0 1 0 1 0 1 1 15519.0 13370.0 15235.0 15337.0 1 0.13095438333645673
0 1 0 1 1 1 1 1 1 0 0 0 1 1 0 1 0 1 0 1 1 1 0 1 1 0 1 0 0 1 1 1 1 0 1 0 1 1 1 1 15559.0 13256.0 15513.0 15742.0 1 0.13084346333707042
0 1 0 0 1 1 1 1 1 0 0 1 1 1 1 1 0 1 1 1 1 0 0 1 1 0 1 0 1 1 1 1 1 0 1 0 1 0 1 1 15728.0 13463.0 14385.0 16261.0 1 0.12764750190437463
1 1 0 0 1 0 1 1 1 0 0 1 1 1 1 0 0 1 1 1 1 1 0 1 1 0 1 0 0 1 1 1 1 0 1 0 1 1 1 1 15839.0 12634.0 15946.0 16186.0 1 0.1270428797908433
0 1 0 1 1 1 1 1 1 0 0 1 0 1 1 1 0 1 0 1 1 0 0 1 1 0 1 0 1 0 1 0 1 0 1 0 1 1 1 1 14963.0 13326.0 15784.0 14801.0 1 0.1259744723276404
1 1 0 0 1 1 1 1 1 0 0 1 1 1 1 1 0 1 1 1 1 0 0 1 1 0 0 0 0 1 1 1 1 1 1 0 1 1 0 1 16658.0 12887.0 14370.0 16160.0 1 0.12558146388293698
1 1 0 0 1 1 1 1 0 0 0 1 0 1 1 1 0 1 1 1 1 0 0 1 1 0 1 0 1 1 1 1 0 1 1 0 1 1 1 1 16848.0 12795.0 15224.0 15651.0 1 0.12370734429151886
0 1 0 1 1 1 1 1 1 0 0 0 1 1 0 1 0 1 1 1 1 0 0 1 1 0 1 0 0 1 0 1 1 1 1 0 1 1 1 1 15684.0 12981.0 14934.0 16537.0 1 0.12324159720662065
0 1 0 0 1 1 1 1 1 0 0 0 1 1 1 1 0 1 1 1 1 0 1 1 1 0 1 0 1 1 0 0 1 1 1 0 0 1 1 1 14798.0 12099.0 14978.0 17043.0 1 0.11982956943255871
1 1 0 0 1 0 1 1 0 0 0 1 1 1 1 1 0 1 1 1 1 0 1 1 1 0 1 0 0 1 1 0 1 1 1 0 1 1 1 1 16525.0 11926.0 16716.0 15555.0 1 0.11855460251767394
0 1 0 0 1 0 1 1 1 0 0 1 1 1 1 1 1 1 0 1 1 1 0 1 1 0 1 0 0 1 1 0 1 1 1 0 1 1 1 1 16292.0 12425.0 16461.0 15154.0 1 0.11796524451011067
1 0 0 0 1 0 1 1 1 0 0 1 1 1 1 1 0 1 1 1 1 0 0 1 1 0 1 0 1 1 1 1 1 1 1 0 1 1 0 1 16927.0 12369.0 14697.0 15791.0 1 0.1174010476308257
1 1 0 0 1 1 1 1 0 0 0 1 1 1 1 1 0 1 0 1 1 1 0 1 1 0 1 0 0 0 1 0 1 1 1 0 1 1 1 1 16721.0 11624.0 16492.0 14395.0 1 0.11491006159341198
1 1 0 0 1 0 1 1 1 0 0 1 1 1 1 1 1 1 0 1 1 1 0 1 1 0 1 0 0 0 1 1 1 0 1 0 1 1 1 1 16051.0 12618.0 16566.0 14660.0 1 0.11414781083453107
1 1 0 0 1 1 1 1 1 0 0 1 1 1 1 1 0 1 1 1 1 0 0 1 1 0 1 0 0 1 1 1 1 1 1 0 1 1 1 0 16819.0 12720.0 15528.0 16384.0 1 0.11333690392433937
1 1 0 1 1 0 1 1 0 0 0 1 1 1 1 1 0 1 1 1 1 0 0 1 1 0 1 0 0 1 0 0 1 1 1 0 1 1 1 1 16092.0 11945.0 16460.0 15497.0 1 0.11278986612750203
0 1 0 1 1 1 1 1 1 0 0 1 1 1 0 1 0 1 0 1 1 0 0 1 1 0 1 0 1 0 1 1 1 0 1 0 1 0 1 1 14950.0 13612.0 14559.0 14092.0 1 0.11210469254799374
0 1 0 1 1 1 1 1 1 0 0 1 1 1 0 1 0 1 0 1 1 0 0 1 1 0 1 0 0 0 1 1 1 1 1 0 1 1 1 1 16089.0 13117.0 15693.0 14833.0 1 0.11184361539480894
1 1 0 1 1 0 1 1 0 0 0 1 1 1 1 1 0 1 0 1 1 0 0 1 1 0 1 0 0 1 1 1 1 0 1 0 1 1 1 1 15583.0 12502.0 16475.0 15014.0 1 0.10918708881001363
1 1 0 1 1 0 1 1 1 0 0 0 1 1 1 1 0 1 1 1 1 0 0 1 1 0 1 0 1 0 1 1 1 0 1 0 1 0 1 1 15111.0 13516.0 15199.0 15118.0 1 0.10647944420087392
1 1 0 0 1 1 1 1 1 0 0 1 1 1 0 1 0 1 0 1 1 0 0 1 1 0 1 0 1 0 1 1 1 0 1 0 1 1 1 1 15939.0 13300.0 15314.0 14644.0 1 0.10272665000011469
1 1 0 0 1 1 1 1 0 0 0 1 1 1 1 1 0 1 0 1 1 1 0 1 1 0 1 0 0 1 1 1 1 1 1 0 1 1 0 1 17232.0 12185.0 15740.0 15910.0 1 0.09924031285820548
0 1 0 0 1 0 1 1 1 0 0 0 1 1 1 1 0 1 1 1 1 1 0 1 1 0 1 0 0 1 1 1 1 1 1 0 1 1 1 1 16006.0 12099.0 15446.0 16453.0 1 0.0987883318998082
1 1 0 1 1 0 1 1 0 0 0 1 1 1 0 1 0 1 1 1 1 0 0 1 1 0 1 0 0 1 1 1 1 1 1 0 1 1 0 1 16936.0 12464.0 15380.0 15290.0 1 0.09739753939072193
0 1 0 0 1 1 1 1 0 0 0 1 1 1 1 1 0 1 1 1 1 1 0 1 1 0 1 0 0 1 1 1 1 0 1 0 1 1 1 1 16454.0 12000.0 15543.0 16304.0 1 0.09674107827744759
1 1 0 0 1 1 1 1 1 0 0 1 1 1 1 1 0 1 1 1 1 0 0 1 1 0 1 0 0 1 1 1 1 0 0 0 1 1 1 1 15987.0 12920.0 14806.0 16792.0 1 0.09532559251606612
0 1 0 0 1 1 1 1 1 0 0 1 1 1 1 1 0 1 1 1 1 1 0 1 1 0 1 0 0 1 0 0 1 1 1 0 1 1 1 1 16375.0 12094.0 15637.0 16613.0 1 0.09506373724524
1 1 0 0 1 1 1 1 0 0 0 1 1 1 1 0 0 1 0 1 1 1 0 1 1 0 1 0 0 1 1 0 1 1 1 0 1 1 1 1 16352.0 12083.0 16400.0 15198.0 1 0.09439655205839897
0 1 0 1 1 1 1 1 1 0 0 1 0 1 1 0 0 1 1 1 1 0 1 1 1 0 1 0 0 1 0 1 0 1 1 0 1 1 1 1 14642.0 13038.0 15285.0 16414.0 1 0.09412234491569686
0 1 0 0 1 1 1 1 1 0 0 1 1 1 1 1 0 1 1 1 1 0 0 1 1 0 1 0 0 1 0 1 1 1 1 0 1 1 1 1 15991.0 12376.0 15073.0 16925.0 1 0.09069389337582573
0 1 0 0 1 1 1 1 1 0 0 1 1 1 1 1 0 1 1 0 1 0 0 1 1 0 1 0 0 1 1 1 1 1 1 0 1 1 1 1 16678.0 12863.0 15126.0 16578.0 1 0.09012921729392077
0 1 0 1 1 1 1 1 1 0 0 1 0 1 1 1 0 1 0 1 1 0 0 1 1 0 1 1 0 1 0 0 1 0 1 0 1 1 1 1 14253.0 13084.0 15923.0 15621.0 1 0.09002846656177509
0 1 0 1 0 1 1 1 1 0 0 0 1 1 1 1 0 1 0 1 1 1 0 1 1 0 1 0 0 1 1 1 1 0 1 0 1 1 1 1 15076.0 12766.0 15880.0 16277.0 1 0.087257866615004
0 1 0 0 1 1 1 1 1 0 0 0 1 1 1 1 0 1 1 1 1 1 0 1 1 0 1 0 0 1 1 1 1 0 1 0 1 1 1 1 15896.0 12610.0 15138.0 16949.0 1 0.08614732796227259
1 1 0 0 1 0 1 1 1 0 0 1 1 1 1 1 1 1 0 1 1 0 0 0 1 0 1 0 1 0 1 1 1 0 1 0 1 1 1 1 14952.0 13335.0 15460.0 13939.0 1 0.08562688595060239
1 1 0 1 1 0 1 1 0 0 0 1 1 1 1 1 0 1 0 1 1 0 0 1 1 0 1 0 0 0 1 1 1 1 1 0 1 1 1 1 16054.0 12198.0 16732.0 14369.0 1 0.08169195939836614
1 1 0 0 1 1 1 1 0 0 0 1 1 1 1 1 1 1 0 1 1 1 0 1 1 0 1 0 0 1 0 1 1 1 1 0 1 1 0 1 16953.0 12249.0 15828.0 15955.0 1 0.08093892382056003
1 1 0 0 1 1 1 1 1 0 0 1 1 1 0 1 0 1 0 0 1 0 0 1 1 0 1 0 0 1 1 1 1 1 1 0 1 1 1 1 16653.0 13025.0 15278.0 15079.0 1 0.07770649053148296
0 1 0 1 1 0 1 1 0 0 0 1 1 1 1 1 0 1 1 1 1 0 0 1 1 0 1 0 0 1 1 1 1 1 1 0 1 1 1 1 16418.0 12396.0 16208.0 15993.0 1 0.07658363716047045
1 1 0 0 1 1 1 1 0 0 0 1 1 1 1 1 0 1 0 1 1 1 0 1 1 0 1 0 1 0 1 1 1 0 1 0 1 1 1 1 16540.0 12662.0 16369.0 15100.0 1 0.07534980191513971
