0 1 0 0 1 1 1 1 1 1 0 0 1 1 1 1 0 1 0 1 1 1 1 1 1 0 1 0 0 1 0 0 1 0 1 0 1 1 1 1 14896.0 12378.0 15622.0 16654.0 0 1000000000000000.4
0 1 0 0 1 1 1 1 1 1 0 1 0 1 0 1 0 1 1 0 1 1 1 1 1 0 1 0 0 1 0 1 1 0 0 0 1 1 1 1 15080.0 12383.0 13936.0 16420.0 0 0.2934097420168047
0 1 0 0 1 1 1 1 0 1 0 1 0 1 1 1 0 1 0 1 1 1 1 1 0 0 1 0 1 1 0 1 1 1 1 0 0 1 1 1 15083.0 11071.0 15129.0 16100.0 0 0.26752310548761654
0 1 0 0 0 1 1 1 1 1 0 1 0 1 0 1 0 1 1 1 1 1 1 1 1 0 1 0 0 1 0 0 1 0 1 0 1 1 1 1 15202.0 11857.0 15076.0 16016.0 0 0.2726233202671052
0 1 0 0 1 1 1 1 1 1 0 0 1 1 1 1 0 1 1 0 1 1 0 1 1 0 1 0 0 0 0 0 1 1 1 0 1 1 1 1 15856.0 11797.0 14728.0 15974.0 0 1000000000000000.1
0 1 0 0 0 1 1 1 1 1 0 1 0 1 1 1 0 1 0 1 1 0 1 1 1 0 1 0 1 1 1 1 1 0 0 0 1 1 1 0 13814.0 12388.0 14119.0 15940.0 0 0.2647286905891378
0 1 0 0 1 1 1 1 1 1 0 1 0 1 0 1 0 1 1 0 1 1 1 1 1 0 1 0 0 1 0 0 1 0 1 0 1 1 1 1 15598.0 12379.0 14889.0 15894.0 0 0.3623982788277853
0 1 0 0 0 1 1 1 1 1 0 1 0 1 1 1 0 1 0 1 1 0 1 1 1 0 1 0 1 0 0 1 1 0 1 0 1 1 1 1 14175.0 12426.0 15180.0 15778.0 0 0.2562898360362693
0 1 0 1 0 0 1 1 0 0 1 0 0 1 1 0 0 1 1 1 1 1 1 1 1 0 1 0 0 1 0 1 1 0 1 0 1 1 1 1 13517.0 11354.0 16319.0 15716.0 0 0.2655599328289701
0 1 0 1 1 1 1 1 1 0 0 0 1 1 1 1 0 1 1 0 1 1 0 1 1 0 1 1 0 0 0 0 1 0 1 0 1 1 1 1 14803.0 12754.0 15705.0 15714.0 0 0.12810021348088638
0 1 0 0 1 1 1 1 1 1 0 0 1 1 1 1 0 1 1 0 1 0 1 1 1 0 1 0 0 0 1 1 1 0 1 0 1 0 1 1 14835.0 12691.0 13938.0 15658.0 0 0.1204267543291043
0 1 0 0 1 1 1 1 1 1 0 1 0 1 0 1 0 1 1 0 1 1 1 1 1 0 1 0 0 1 0 1 1 0 1 0 1 0 1 1 15202.0 12578.0 13944.0 15652.0 0 0.3259036638840308
0 1 0 1 1 0 1 1 0 1 1 0 1 1 1 1 0 1 0 1 1 1 1 1 0 0 1 0 0 1 0 0 1 0 1 0 1 1 1 1 14382.0 11218.0 16487.0 15125.0 0 0.4146214213294808
0 1 0 1 0 0 1 1 0 0 1 0 0 1 1 0 0 1 1 1 1 1 1 1 1 0 1 0 0 1 1 1 1 0 1 0 1 0 1 1 13716.0 11774.0 15787.0 14949.0 0 0.27278484486676585
0 1 1 1 0 0 1 1 0 0 1 0 0 1 1 1 0 1 0 0 1 1 1 1 1 0 1 0 0 1 0 1 1 0 1 0 1 1 1 1 13420.0 11676.0 16226.0 14847.0 0 0.2632886365295451
0 1 0 0 1 1 1 1 1 1 0 0 1 1 0 0 1 1 1 0 1 0 1 0 1 0 1 0 0 1 0 1 1 0 1 0 1 0 1 1 13201.0 13023.0 12550.0 14818.0 0 1000000000000000.2
0 1 0 0 1 1 1 1 1 1 0 0 1 1 0 0 1 1 0 0 1 0 1 0 1 0 1 0 0 1 0 1 1 0 1 0 1 1 1 1 13124.0 12982.0 13522.0 14817.0 0 1000000000000000.2
0 1 0 1 1 1 1 1 0 0 1 0 1 1 1 1 0 1 0 1 1 1 1 1 0 0 1 0 0 0 0 1 1 0 1 0 1 1 1 1 14189.0 11237.0 16264.0 14805.0 0 0.08729294391634229
1 1 0 1 0 0 1 1 0 1 1 0 1 1 1 1 0 1 0 1 1 1 1 1 0 0 1 0 0 1 0 1 1 0 1 0 1 0 1 1 14232.0 11302.0 16067.0 14764.0 0 0.2312894155726602
1 1 0 1 0 0 1 0 1 0 0 1 0 1 1 1 0 1 1 0 1 1 1 1 1 0 1 0 0 1 0 0 1 0 1 0 1 1 1 1 13850.0 11910.0 15725.0 14666.0 0 0.3372708868759896
1 1 0 1 1 0 1 1 0 0 1 0 0 1 1 1 0 1 0 0 1 1 1 1 1 0 1 0 0 1 0 1 1 0 1 0 1 0 1 1 14123.0 12041.0 16172.0 14247.0 0 0.46082022175945164
0 1 0 1 1 0 1 1 0 1 1 1 1 1 1 1 0 1 0 1 1 1 1 1 0 0 1 0 0 0 0 0 1 0 1 0 1 1 1 1 14665.0 10975.0 16806.0 14189.0 0 0.2794095696200666
0 1 1 1 1 0 1 1 0 0 1 0 0 1 1 1 0 1 0 0 1 1 1 1 1 0 1 0 0 0 0 1 1 0 1 0 1 1 1 1 13564.0 11806.0 16231.0 14187.0 0 0.11959714281436497
0 1 0 0 1 1 1 1 1 1 0 0 1 1 0 1 1 1 0 0 1 0 1 0 1 0 1 0 0 1 0 1 1 0 1 0 1 0 1 1 13257.0 12848.0 12837.0 14132.0 0 0.3653613859291388
1 1 0 1 1 0 1 1 0 0 1 0 0 1 1 1 0 1 0 0 1 1 1 1 1 0 1 0 0 0 0 1 1 0 1 0 1 1 1 1 14359.0 11716.0 16949.0 14129.0 0 1000000000000000.1
0 1 0 1 1 0 1 1 0 0 1 0 1 1 1 1 0 1 0 1 1 1 0 1 1 0 1 0 0 0 0 0 1 1 1 0 1 1 1 1 14757.0 10970.0 16565.0 13999.0 0 1000000000000000.5
1 1 0 1 1 1 1 0 1 0 0 1 0 1 0 1 0 1 0 0 1 0 1 0 1 0 1 0 0 1 1 1 1 0 1 0 1 0 1 1 13312.0 13539.0 13595.0 12793.0 0 2000000000000000.0
0 1 0 0 1 1 1 1 1 1 0 0 1 1 1 1 0 1 1 0 1 1 1 1 0 0 1 0 0 1 0 1 1 0 1 0 1 0 1 1 14250.0 11685.0 13500.0 16085.0 1 1000000000000000.0
0 1 0 0 0 1 1 1 0 0 1 0 0 1 1 0 0 1 1 1 1 1 1 1 1 0 1 0 0 1 0 1 1 0 1 0 1 1 1 1 13800.0 11062.0 15515.0 16054.0 1 0.10647517649086334
0 1 0 0 1 1 1 1 1 1 0 0 1 1 1 1 0 1 1 0 1 1 1 0 1 0 1 0 0 1 0 1 1 0 1 0 1 1 0 0 13768.0 11736.0 12749.0 15976.0 1 0.1639422569988262
0 1 0 0 0 1 1 1 1 1 0 1 1 1 0 1 0 1 1 0 1 1 1 1 1 0 1 0 0 1 0 0 1 0 1 0 1 1 0 1 15287.0 11669.0 13990.0 15913.0 1 0.08046205225690171
0 1 0 0 0 1 1 1 1 1 0 1 0 1 1 1 0 1 0 1 1 0 1 1 1 0 1 0 1 1 1 1 1 0 0 0 1 1 0 0 13603.0 12081.0 13133.0 15891.0 1 0.13678124621282045
0 1 0 0 1 1 1 1 1 1 0 1 0 1 0 1 0 1 1 0 1 1 1 1 1 0 1 0 0 1 0 0 1 0 1 0 1 1 0 1 15387.0 12072.0 13903.0 15845.0 1 0.125087469350315
0 1 1 0 0 1 1 1 1 0 0 1 0 1 1 1 0 1 0 1 1 0 1 1 1 0 1 0 0 1 0 1 1 0 1 0 1 1 1 1 13367.0 12106.0 14887.0 15788.0 1 0.1221169220795949
0 1 0 0 0 1 1 1 0 1 0 1 1 1 1 0 0 1 1 0 1 1 1 0 1 0 1 0 0 1 0 1 1 0 1 0 1 1 1 1 14021.0 11528.0 14363.0 15720.0 1 0.13662330004035475
0 1 0 0 0 1 1 1 1 1 0 1 1 1 1 1 0 1 1 0 1 1 1 0 1 0 1 0 0 1 0 1 1 0 1 0 1 0 1 1 14320.0 12258.0 13793.0 15706.0 1 0.09009912800688698
0 1 0 0 0 1 1 1 1 1 0 0 1 1 1 1 0 1 1 0 1 0 1 1 1 0 1 0 1 0 0 1 1 0 1 0 1 0 1 1 13824.0 12332.0 13588.0 15699.0 1 0.15091225598100372
0 1 0 0 1 0 1 1 1 1 0 0 0 1 1 1 1 1 0 0 1 1 1 1 1 0 1 0 0 1 0 1 1 0 0 0 1 1 1 1 13499.0 12005.0 14367.0 15695.0 1 0.12090869442346883
0 1 0 1 1 0 1 1 0 1 1 0 0 1 1 1 0 1 1 0 1 1 1 1 1 0 1 0 0 1 0 1 1 0 1 0 1 1 0 0 14468.0 11406.0 14922.0 15676.0 1 0.15282947710574538
0 1 0 0 0 1 1 1 1 1 0 0 1 1 1 1 0 1 1 0 1 1 0 1 1 0 1 0 0 0 0 0 1 1 1 0 1 1 1 1 15271.0 11170.0 14522.0 15672.0 1 0.12950088997187145
0 1 0 0 0 1 1 1 1 1 0 1 0 1 1 1 0 1 0 1 1 1 1 1 1 0 1 0 0 0 0 1 1 0 1 0 1 1 1 1 14390.0 11655.0 15475.0 15648.0 1 0.12566250877237717
0 1 0 0 0 1 1 1 1 1 0 1 0 1 0 1 0 1 1 0 1 1 1 1 1 0 1 0 0 1 0 0 1 0 1 0 1 1 1 1 15013.0 11752.0 14683.0 15592.0 1 0.11083698316202883
0 1 0 0 1 1 1 1 1 1 0 0 0 1 1 1 1 1 0 0 1 1 1 1 1 0 1 0 0 0 0 1 1 0 0 0 1 1 1 1 13860.0 12212.0 14316.0 15546.0 1 0.1345729069673396
0 1 0 0 1 1 1 1 1 1 0 0 1 1 1 1 0 1 0 1 0 0 1 1 1 0 1 0 0 1 0 0 1 0 1 0 1 1 1 1 13841.0 11883.0 14670.0 15433.0 1 0.06855552110778791
0 1 0 0 0 1 1 1 0 0 1 0 0 0 1 0 0 1 1 1 1 1 1 1 1 0 1 1 0 1 0 1 1 0 1 0 1 1 1 1 13308.0 11287.0 15850.0 15417.0 1 0.11703390531911799
0 1 0 0 0 1 1 1 0 0 1 0 0 1 0 1 0 1 1 0 1 1 1 1 1 0 1 0 1 1 0 1 1 0 1 0 1 1 1 1 14769.0 11718.0 15144.0 15372.0 1 0.12368656573465078
0 1 0 0 1 1 1 0 1 1 0 0 1 1 1 0 1 1 0 0 1 1 1 1 1 0 1 0 0 1 0 0 1 0 1 0 1 1 1 1 13516.0 12667.0 14609.0 15358.0 1 0.111931835848833
0 1 0 0 0 1 1 1 1 1 0 1 0 1 1 1 0 1 1 0 1 1 0 1 1 0 1 0 0 0 0 0 1 1 1 0 1 1 1 1 15510.0 11200.0 14749.0 15328.0 1 1000000000000000.0
1 1 0 0 0 1 1 1 0 0 1 0 1 1 1 1 0 0 1 1 1 0 1 1 1 0 1 0 1 1 0 1 1 0 1 0 1 0 1 1 14873.0 11470.0 14700.0 15321.0 1 0.08475831836554784
0 1 0 0 1 1 1 1 1 0 1 0 0 1 1 1 0 1 0 0 1 1 1 1 1 0 1 0 0 1 0 0 1 0 1 0 1 1 1 1 14137.0 11902.0 15697.0 15315.0 1 0.1121923453682942
0 1 0 0 1 1 1 1 1 1 0 0 1 1 1 1 0 1 0 0 1 0 1 1 1 0 1 0 0 0 0 0 1 1 1 0 1 1 1 1 14513.0 11880.0 14889.0 15295.0 1 0.07952473983941367
0 1 0 0 1 1 1 1 1 1 0 0 1 1 1 1 0 1 0 0 1 1 0 1 1 0 0 0 1 1 0 1 0 1 1 0 1 1 1 1 14796.0 12569.0 13444.0 15224.0 1 0.17972427683099662
0 1 0 0 1 1 1 0 1 1 0 1 1 1 1 1 0 1 1 0 1 1 1 0 1 0 1 0 0 1 0 1 1 0 1 0 1 0 1 1 13927.0 12661.0 13138.0 15173.0 1 0.09695044671607954
1 1 0 0 0 1 1 1 1 1 0 1 1 1 1 0 1 1 0 1 1 0 1 1 0 0 1 0 0 0 0 1 1 0 1 0 1 1 1 1 14013.0 11920.0 15353.0 15126.0 1 0.08644931533497656
0 1 0 0 1 1 1 0 1 1 0 1 0 1 0 1 0 1 1 0 1 1 1 1 1 0 1 0 0 1 0 0 1 0 1 0 1 1 1 1 14620.0 12155.0 14028.0 15059.0 1 0.1297311550458024
0 1 0 0 0 1 1 1 1 1 0 0 1 1 1 1 0 1 1 0 0 1 0 1 0 0 1 0 1 0 1 1 1 1 1 0 1 1 0 1 15462.0 11280.0 13172.0 15043.0 1 0.12378279559597562
1 1 0 0 0 1 1 1 1 1 0 0 1 1 0 1 0 0 0 1 1 0 1 1 1 0 1 0 0 1 0 0 1 1 1 0 1 1 1 1 15126.0 11265.0 14576.0 14994.0 1 0.10382407448090776
0 1 0 0 1 1 1 1 1 1 0 0 1 1 1 0 0 1 0 0 1 1 1 1 1 0 1 0 0 0 1 1 1 0 1 0 1 0 1 1 13936.0 12529.0 14236.0 14944.0 1 0.12715438123355627
0 1 0 0 1 1 1 1 1 1 0 1 0 1 0 1 0 1 1 0 1 1 1 1 1 0 1 0 0 0 0 0 1 0 1 0 1 1 1 1 15157.0 11882.0 14688.0 14932.0 1 0.06323987470602968
0 1 0 0 1 1 1 1 1 1 0 1 0 1 1 1 0 1 0 0 1 1 0 0 1 0 1 0 0 1 0 0 1 1 1 0 1 1 1 1 14898.0 12057.0 14339.0 14896.0 1 0.0703908727863365
1 1 0 0 0 0 1 1 1 1 0 1 1 1 1 0 1 1 1 1 1 0 1 1 0 0 1 0 0 0 0 0 1 1 1 0 1 1 1 1 14596.0 11251.0 15634.0 14873.0 1 0.09094927178618024
0 1 0 1 1 0 1 1 1 1 1 0 1 1 1 1 1 1 0 1 1 0 0 1 0 0 1 0 0 0 0 1 1 0 1 0 1 1 1 1 14244.0 12138.0 15607.0 14812.0 1 0.07589994355715832
0 1 0 1 1 0 1 1 0 1 1 0 1 1 1 1 0 1 1 0 1 0 1 1 1 0 1 0 0 0 0 1 1 0 1 0 1 0 1 1 14260.0 11939.0 15147.0 14800.0 1 0.0761005736302774
0 1 0 1 1 0 1 1 0 1 1 0 1 1 1 1 0 1 0 1 1 1 1 1 0 0 1 0 0 0 0 1 1 0 1 0 1 1 1 1 14222.0 11092.0 16319.0 14765.0 1 0.27447046168194744
0 1 0 0 0 1 1 1 0 0 1 0 1 1 1 1 0 0 1 1 1 1 1 1 1 0 1 0 1 0 0 0 1 0 1 0 1 1 1 1 14662.0 10351.0 15310.0 14708.0 1 0.19301694146681553
1 1 0 1 0 1 1 0 1 0 0 1 0 1 0 1 0 1 1 0 1 1 1 1 1 0 1 0 0 1 0 0 1 0 1 0 1 1 1 1 14550.0 12477.0 15302.0 14642.0 1 0.1472379362627123
1 1 0 0 0 1 1 1 0 0 1 0 1 1 1 1 0 0 1 1 1 0 1 1 1 0 1 0 1 0 0 0 1 0 1 0 1 1 1 1 14828.0 10774.0 15444.0 14601.0 1 0.20107720738392984
0 1 0 1 1 0 1 1 0 1 1 0 1 1 1 1 0 1 1 0 1 0 1 1 1 0 1 0 0 1 0 0 0 1 1 0 1 0 1 1 14683.0 11801.0 14853.0 14564.0 1 0.11360567518847373
1 1 0 1 0 0 1 0 1 0 0 1 0 1 1 1 0 1 0 1 1 1 1 1 1 0 1 0 1 1 1 1 1 0 0 0 1 1 1 0 13214.0 12498.0 15185.0 14467.0 1 0.13664104265433485
0 1 0 0 1 1 1 1 1 1 0 0 1 1 0 0 1 1 0 0 1 1 0 0 1 0 1 0 0 1 0 0 1 1 1 0 1 1 1 1 14344.0 12508.0 13780.0 14366.0 1 0.11941435757114091
1 1 0 0 0 1 1 1 1 1 0 1 0 1 0 1 0 1 1 0 1 1 1 1 1 0 1 0 0 1 0 0 0 1 1 0 1 0 1 1 15430.0 11828.0 13974.0 14335.0 1 0.10184299512122297
0 1 0 0 1 1 1 0 1 1 0 0 1 1 1 0 1 1 0 0 1 1 1 0 1 0 1 0 0 1 0 1 1 0 1 0 1 0 1 1 12236.0 12812.0 12853.0 14265.0 1 1000000000000000.1
0 1 0 1 1 0 1 1 0 1 1 1 1 1 1 1 0 1 0 1 1 1 1 1 0 0 1 0 0 0 0 0 1 0 1 0 1 1 0 1 14454.0 10668.0 15820.0 14140.0 1 0.2797474491162546
1 1 0 1 0 0 1 0 0 0 0 1 0 1 1 1 0 1 0 1 1 1 1 1 1 0 1 0 1 1 1 0 1 0 0 0 1 1 1 1 13646.0 12023.0 15759.0 13995.0 1 0.14685389523769452
0 1 0 0 1 1 1 1 1 1 0 0 1 1 0 0 1 1 0 0 1 0 1 0 1 0 1 0 0 1 0 1 1 0 1 0 1 0 1 1 12447.0 12810.0 12544.0 13973.0 1 1000000000000000.1
1 1 0 0 0 1 1 1 0 1 0 1 0 1 0 1 0 0 0 1 1 1 1 1 1 0 1 0 0 1 0 0 1 0 1 0 1 1 1 1 14952.0 10327.0 14827.0 13952.0 1 1000000000000000.0
0 1 1 1 0 0 1 1 0 0 1 0 0 1 1 1 0 1 0 0 1 1 1 1 1 0 1 0 0 0 0 1 1 0 1 0 1 1 1 1 12979.0 11179.0 16025.0 13885.0 1 0.2867761242381652
1 1 0 1 0 0 1 0 1 0 0 1 0 1 1 1 0 1 0 1 1 1 1 1 1 0 1 0 0 0 0 1 1 0 1 0 1 1 1 1 13125.0 11676.0 15944.0 13885.0 1 0.14278672955149835
0 1 0 1 1 0 1 1 0 0 1 0 1 1 1 1 0 1 0 0 1 1 1 0 1 0 1 0 0 1 1 1 1 0 1 0 1 0 1 1 13769.0 12291.0 15369.0 13660.0 1 0.23255320613963446
0 1 0 0 0 0 1 1 0 0 1 1 1 1 1 0 1 1 0 0 1 1 1 1 1 0 1 1 0 0 0 0 1 0 1 0 1 1 1 1 13314.0 11019.0 16765.0 13281.0 1 1000000000000000.2
0 1 0 1 1 0 1 1 0 1 1 0 1 0 1 1 0 1 0 1 1 1 1 0 1 0 1 0 0 0 0 0 1 0 1 0 1 1 1 1 13205.0 11179.0 15914.0 13068.0 1 0.2226988809745103
1 1 0 1 1 0 1 0 1 0 0 1 0 1 1 1 0 1 0 0 1 0 1 1 1 0 1 0 0 0 1 1 1 0 1 0 1 0 1 1 13055.0 12529.0 14628.0 12706.0 1 0.19862165978363416
0 1 0 1 1 1 1 0 1 0 0 1 0 1 0 1 0 1 0 0 1 0 1 0 1 0 1 0 0 1 1 1 1 0 1 0 1 0 1 1 12481.0 13027.0 12864.0 12610.0 1 2000000000000000.2
1 1 0 0 0 1 1 1 0 1 0 1 0 1 0 1 0 0 1 1 1 1 1 1 1 0 1 0 0 0 0 0 1 0 1 0 1 1 1 1 15265.0 10043.0 14632.0 13835.0 2 2000000000000000.0
0 1 0 1 0 0 1 1 0 0 1 0 1 1 0 1 1 1 0 1 1 1 1 1 1 0 1 1 0 0 0 0 1 0 1 0 1 1 1 0 13127.0 11007.0 16590.0 12675.0 2 1000000000000000.4
0 1 0 0 0 1 1 1 1 1 0 1 0 1 1 1 0 1 1 0 1 1 0 1 1 0 1 0 0 1 1 1 1 0 0 0 1 1 0 0 14307.0 11033.0 12277.0 15726.0 2 1000000000000000.1
1 1 0 0 0 1 1 0 1 1 0 0 1 1 0 0 1 1 0 0 1 0 1 1 1 0 1 0 0 0 1 1 1 0 1 0 1 0 1 1 13034.0 12620.0 13264.0 12985.0 2 1000000000000000.1
1 1 0 1 0 0 1 1 0 1 0 1 0 0 0 1 1 0 0 1 1 1 1 1 1 0 1 0 0 0 0 0 1 0 1 0 1 1 1 1 14158.0 10290.0 15613.0 11782.0 2 1000000000000000.1
1 1 0 0 0 1 1 1 1 1 0 0 1 1 1 1 0 1 1 0 1 1 1 0 1 0 1 0 0 1 0 1 1 0 1 0 1 1 0 0 14014.0 11621.0 13274.0 15857.0 2 1000000000000000.0
0 1 0 1 1 0 1 0 1 1 0 0 1 0 1 0 1 1 0 0 1 1 1 0 1 0 1 0 0 1 0 1 1 0 1 0 1 0 1 1 11286.0 12616.0 13306.0 12935.0 2 1000000000000000.0
1 1 0 0 0 1 1 0 1 1 0 0 1 1 0 0 1 1 0 1 1 0 1 0 1 0 1 0 0 1 0 1 1 0 1 0 1 0 1 1 11904.0 12576.0 12601.0 13443.0 2 0.6435450833497612
0 1 0 0 1 1 1 1 1 1 0 0 1 1 1 0 0 1 1 1 1 0 1 1 0 0 1 0 0 0 0 0 1 1 1 0 1 1 1 1 13831.0 11160.0 14205.0 15657.0 2 0.38792292609979495
1 1 0 0 0 1 1 1 0 1 0 1 0 1 0 1 0 1 1 1 1 1 1 1 1 0 1 0 0 0 0 0 0 0 1 0 1 1 1 1 14777.0 10551.0 14571.0 13653.0 2 0.3754793852673878
0 1 1 1 1 0 1 1 0 0 1 0 0 1 1 1 0 1 0 1 1 1 1 0 1 0 1 0 0 0 0 0 1 0 1 0 1 1 1 1 12588.0 11486.0 15780.0 13158.0 2 0.31774414867240186
0 1 0 0 1 1 1 1 1 1 0 0 1 0 1 1 0 1 1 1 1 1 1 0 1 0 1 0 0 1 0 1 1 0 1 0 1 0 1 1 13703.0 12248.0 13521.0 15414.0 2 0.2925309852429283
0 1 0 0 1 1 1 1 1 1 0 0 1 0 1 0 0 1 0 0 1 1 1 1 1 0 1 0 0 1 0 1 1 0 1 0 1 0 1 1 12834.0 11946.0 13640.0 14837.0 2 0.28583036719200805
0 1 0 1 1 0 1 1 0 1 1 0 1 1 1 1 0 1 0 1 1 1 1 1 0 0 1 0 0 0 0 0 1 0 1 0 1 1 1 1 13941.0 10721.0 16286.0 14163.0 2 0.2588646633287309
0 0 0 0 0 1 1 1 1 1 0 1 0 1 0 1 0 1 1 1 1 1 1 1 1 0 1 0 0 1 0 0 1 0 1 0 1 1 1 1 14994.0 10897.0 14357.0 15064.0 2 0.22527507238830508
0 1 0 0 0 1 1 1 1 1 0 0 1 1 1 0 1 1 0 0 1 1 1 0 1 0 1 0 0 1 0 1 1 0 1 0 1 0 1 1 12629.0 12409.0 13508.0 14798.0 2 0.22449905763525668
0 1 0 0 1 1 1 1 1 1 0 0 1 1 1 1 0 1 1 0 0 1 0 1 0 0 1 0 1 0 1 1 1 0 1 0 1 1 0 1 15135.0 11714.0 12920.0 15028.0 2 0.21723246913364028
