0 1 0 0 1 1 1 1 1 1 0 0 1 1 1 1 0 1 1 1 1 0 1 1 1 0 1 0 0 1 0 1 1 0 1 0 1 1 1 1 15266.0 12873.0 15064.0 17811.0 0 1000000000000000.1
0 1 0 0 1 1 1 1 1 1 0 0 1 1 1 1 0 1 1 1 1 1 0 1 1 0 1 0 0 1 0 1 1 0 1 0 1 1 1 1 15855.0 12577.0 14897.0 17645.0 0 0.152823623961673
0 1 0 0 1 1 1 1 1 0 0 1 1 1 1 1 0 1 1 1 1 0 1 1 1 0 1 0 1 1 0 1 1 0 1 0 1 1 1 1 15605.0 13428.0 15681.0 17484.0 0 0.15702504826057748
0 1 0 0 1 1 1 1 1 0 0 1 1 1 1 1 0 1 1 1 1 1 0 1 1 1 1 0 0 1 0 1 1 0 1 0 1 1 1 1 15913.0 12456.0 15343.0 17340.0 0 0.2369673467209915
0 1 0 0 1 1 1 1 1 1 0 1 0 1 1 1 0 1 1 1 1 1 0 1 1 0 1 0 0 1 0 1 1 0 1 0 1 1 1 1 16094.0 12607.0 15124.0 17301.0 0 0.11979050276510451
0 1 0 0 1 1 1 1 1 0 0 0 1 1 1 1 0 1 1 1 1 1 0 1 1 0 1 0 0 1 1 1 1 1 1 0 1 1 1 1 16808.0 12803.0 15596.0 17266.0 0 1000000000000000.1
0 1 0 0 1 1 1 1 1 0 0 1 0 1 1 1 0 1 1 1 1 1 0 1 1 0 1 0 1 1 0 1 1 1 1 0 1 1 1 1 16621.0 13101.0 15679.0 17265.0 0 0.09273524440526143
0 1 0 1 1 1 1 1 1 0 0 1 1 1 1 1 0 1 1 0 1 0 0 1 1 0 1 0 1 1 0 1 1 0 1 0 1 1 0 1 15648.0 13627.0 14492.0 17030.0 0 0.24078168574287187
1 1 0 0 0 1 1 1 1 0 1 0 1 1 1 1 0 1 1 1 1 1 0 1 1 0 1 0 0 1 0 1 1 0 1 0 1 1 1 1 16016.0 12315.0 16183.0 16981.0 0 0.261783474211162
1 1 0 1 1 0 1 1 1 0 0 0 1 1 1 1 0 1 1 1 1 0 1 1 1 0 1 0 0 1 0 1 1 0 1 0 1 1 1 1 14979.0 13118.0 16394.0 16883.0 0 0.10022127958240495
1 1 0 0 0 1 1 1 1 0 0 0 1 1 1 1 1 1 1 1 1 1 0 1 1 0 1 0 0 1 0 1 1 0 1 0 1 1 1 1 15863.0 12559.0 15751.0 16875.0 0 0.06912608645018925
1 1 0 1 1 0 1 1 1 0 0 0 1 1 1 1 0 1 1 1 1 0 0 1 1 0 1 0 1 1 0 1 1 0 1 0 1 1 1 1 15353.0 13593.0 15932.0 16847.0 0 0.14685612320384217
1 1 0 1 1 0 1 1 1 0 0 1 1 1 1 1 0 1 1 1 1 1 0 1 1 0 1 0 0 1 0 1 1 0 1 0 1 1 1 1 16292.0 13076.0 16747.0 16743.0 0 0.20068397511931313
0 1 0 0 1 1 1 1 1 0 0 1 1 1 1 1 0 1 1 0 1 1 0 1 1 0 1 0 1 1 0 0 1 1 1 0 1 1 1 1 16636.0 12849.0 15546.0 16609.0 0 0.12927133344580533
1 1 0 0 1 1 1 1 1 0 1 0 1 1 1 1 0 1 1 1 1 0 0 1 1 0 1 0 1 1 0 1 1 0 1 0 1 0 1 1 15709.0 13541.0 15116.0 16569.0 0 0.12363832164395783
1 1 0 1 1 0 1 1 1 0 0 1 0 1 1 1 0 1 1 1 1 0 1 1 1 0 1 0 0 1 0 1 1 0 1 0 1 1 1 1 15218.0 13148.0 16621.0 16539.0 0 0.12500611963916927
0 1 0 1 1 1 1 1 1 0 0 0 1 1 1 1 0 1 1 0 1 1 0 1 1 0 1 0 1 1 0 1 1 0 1 0 1 0 1 1 15123.0 13597.0 14577.0 16499.0 0 0.1563466490479269
0 1 0 0 1 1 1 1 1 0 1 1 1 1 1 1 0 1 0 1 1 0 0 1 1 0 1 0 1 1 0 1 1 0 1 0 1 1 1 1 15525.0 13242.0 15877.0 16411.0 0 0.15447041407038803
1 1 0 1 1 0 1 1 1 0 0 1 1 1 1 1 0 1 0 1 1 0 1 1 1 0 1 0 0 1 0 1 1 0 1 0 1 1 1 1 14949.0 13159.0 16908.0 16064.0 0 0.21676718478846382
0 1 0 0 1 1 1 1 1 0 0 1 1 1 1 1 1 1 1 0 1 1 0 1 1 0 1 0 0 0 0 1 1 1 1 0 1 1 1 1 16623.0 12519.0 15610.0 15951.0 0 0.08536585748999276
1 1 0 1 1 0 1 1 1 0 0 0 1 1 1 1 0 1 1 1 1 1 0 1 1 0 1 0 0 1 1 1 1 0 1 0 1 0 1 1 15767.0 13242.0 15695.0 15950.0 0 0.1117316164689149
0 1 0 0 1 1 1 1 1 0 1 1 1 1 1 1 0 1 1 1 1 1 0 1 1 0 1 0 0 0 0 0 1 1 1 0 1 1 1 1 16684.0 12009.0 16402.0 15879.0 0 0.1101667271242791
0 1 0 0 1 1 1 1 1 0 1 1 1 1 0 1 0 1 1 1 1 1 0 1 1 0 1 0 1 1 0 1 1 0 1 0 1 0 1 1 16165.0 13235.0 14929.0 15865.0 0 0.12282058776166295
1 1 0 1 1 0 1 1 1 0 0 0 1 1 1 1 0 1 0 1 1 0 1 1 1 0 1 0 1 1 0 0 1 0 1 0 1 1 1 1 14394.0 13394.0 16657.0 15856.0 0 0.3882173719550318
1 1 0 0 1 0 1 1 0 0 1 1 1 1 1 1 0 1 1 1 1 1 0 1 1 0 1 0 0 1 0 1 1 0 1 0 1 1 1 1 16357.0 11628.0 16644.0 15825.0 0 0.18549202264933967
1 1 0 0 1 1 1 1 1 0 0 1 1 1 0 1 0 1 1 1 1 1 0 1 1 0 1 0 1 1 0 1 1 0 1 0 1 0 1 1 16246.0 13335.0 14694.0 15820.0 0 0.1877664172884367
1 1 0 0 1 1 1 1 0 0 1 1 1 1 1 1 0 1 1 1 1 0 0 1 1 0 1 0 1 0 0 1 1 0 1 0 1 1 1 1 16503.0 12606.0 16298.0 15806.0 0 0.0782973734053374
1 1 0 0 0 0 1 1 1 0 1 1 1 1 1 1 0 1 0 1 1 1 1 1 1 0 1 0 0 1 0 1 1 0 1 0 1 1 1 1 15260.0 12037.0 17311.0 15805.0 0 0.2529477479680244
1 1 0 1 1 1 1 1 0 0 0 1 1 1 1 1 0 1 1 0 1 0 0 1 1 0 1 0 1 1 0 1 1 0 1 0 1 0 1 1 15847.0 13410.0 15116.0 15747.0 0 0.06838667670359631
1 1 0 1 1 0 1 1 1 0 0 0 1 1 1 1 0 1 0 1 1 1 1 1 1 0 1 0 0 1 0 0 1 0 1 0 1 1 1 1 14609.0 12623.0 16952.0 15726.0 0 0.1808036822255312
1 1 0 1 1 0 1 1 0 0 0 1 1 1 1 1 0 1 0 1 1 1 1 1 1 0 1 0 0 1 0 1 1 0 1 0 1 1 1 1 15448.0 12384.0 17390.0 15683.0 0 1000000000000000.1
1 1 0 1 1 0 1 1 1 0 0 0 1 1 1 0 0 1 0 1 1 0 0 1 1 0 1 0 1 1 0 0 1 1 1 0 1 1 1 1 14420.0 13164.0 16058.0 15558.0 0 0.1619023600659003
1 1 0 0 0 0 1 1 1 0 1 1 1 1 1 1 0 1 1 1 1 1 0 1 1 0 1 0 0 0 0 1 1 1 1 0 1 1 1 1 16409.0 11561.0 16810.0 15549.0 0 1000000000000000.0
1 1 0 1 1 0 1 1 1 0 0 1 1 1 1 1 0 1 1 1 1 1 0 1 1 0 1 0 0 0 0 0 1 1 1 0 1 1 1 1 16482.0 12401.0 16971.0 15496.0 0 0.09479418800151294
1 1 0 1 1 0 1 1 0 0 0 1 1 1 1 1 0 1 1 1 1 1 0 1 1 0 1 0 0 0 0 1 1 1 1 0 1 1 1 1 16597.0 11908.0 16889.0 15427.0 0 0.2435007978964195
1 1 0 1 1 0 1 1 0 0 0 1 1 1 1 1 0 1 1 1 1 1 0 1 1 0 1 0 0 1 1 1 1 0 1 0 1 0 1 1 16325.0 12632.0 16100.0 15305.0 0 0.1616792501483742
1 1 0 1 1 0 1 1 1 0 0 1 1 1 1 1 0 1 0 1 1 1 0 1 1 0 1 0 0 0 0 1 1 1 1 0 1 1 1 1 16009.0 12559.0 16998.0 15253.0 0 0.06437697775215183
1 1 0 1 1 0 1 1 1 0 0 1 0 1 0 1 0 1 1 1 1 1 0 1 1 0 1 0 0 1 0 0 1 1 1 0 1 1 1 1 16336.0 12537.0 16306.0 15251.0 0 0.10652413427501443
1 1 0 1 1 0 1 1 1 0 0 1 1 1 0 1 0 1 0 1 1 0 1 1 1 0 1 0 0 1 0 0 1 1 1 0 1 1 1 1 15478.0 12844.0 16760.0 14942.0 0 0.21451584689996422
1 1 0 1 1 0 1 1 0 0 0 1 1 1 0 1 0 1 0 1 1 0 0 1 1 0 1 0 0 1 1 1 1 1 1 0 1 1 1 1 16393.0 12558.0 16360.0 14494.0 0 0.30680782409625457
1 1 0 1 1 0 1 1 0 0 0 1 1 1 0 1 1 1 1 0 1 1 0 1 1 0 1 0 0 0 0 0 1 1 1 0 1 1 1 1 16622.0 11951.0 16424.0 13686.0 0 0.2877503255016743
1 1 0 1 1 0 1 1 0 0 0 1 1 1 0 1 0 1 0 1 1 1 1 1 1 0 1 0 0 0 0 0 1 1 1 0 1 1 1 1 15536.0 11572.0 17041.0 13599.0 0 0.22972740396435026
1 1 0 1 1 0 1 1 1 0 0 0 0 1 0 1 0 1 0 0 1 0 1 0 1 0 1 0 1 1 1 1 1 0 1 0 1 0 1 1 13214.0 13665.0 14088.0 13209.0 0 0.8100281652446072
1 1 0 1 1 1 1 1 1 0 0 1 0 1 0 1 0 1 0 0 1 0 1 0 1 0 0 0 1 1 0 1 1 0 1 0 1 0 1 1 13035.0 13745.0 13418.0 12995.0 0 4000000000000000.0
0 1 1 1 1 1 1 0 1 0 0 1 0 1 0 1 0 1 0 0 1 0 1 0 1 0 0 0 1 1 0 1 1 0 1 0 1 0 1 1 11262.0 13611.0 11839.0 12218.0 1 4000000000000000.0
0 1 0 0 1 1 1 1 1 1 0 1 0 1 0 1 0 1 1 0 1 1 0 1 1 0 1 0 0 1 0 1 1 1 1 0 1 1 1 1 16715.0 12558.0 14616.0 16357.0 1 1000000000000000.1
0 1 0 0 1 1 1 1 1 1 0 0 1 1 1 0 0 1 1 1 1 0 1 1 1 0 1 0 0 1 0 1 1 0 1 0 1 1 1 1 14456.0 12835.0 14771.0 17652.0 1 1000000000000000.0
1 1 0 1 1 0 1 1 0 0 0 1 1 1 1 1 0 1 0 1 1 1 1 1 1 0 1 0 0 1 0 0 1 0 1 0 1 1 1 1 15167.0 12013.0 17357.0 15081.0 1 1000000000000000.0
1 1 0 0 0 0 1 1 0 0 1 1 1 1 1 1 0 1 1 1 1 1 0 1 1 0 1 0 0 0 0 1 1 1 1 0 1 1 1 1 16243.0 10697.0 16695.0 14878.0 1 1000000000000000.0
0 1 0 1 1 1 1 0 1 1 0 0 0 1 0 1 0 1 0 0 1 0 1 0 1 0 1 0 1 1 0 1 1 0 1 0 1 0 1 1 12166.0 13600.0 12405.0 13700.0 1 0.9458943594953823
1 1 0 1 1 1 1 0 1 0 0 1 0 1 0 1 0 1 0 0 1 0 1 0 1 0 1 0 0 1 1 1 1 0 1 0 1 0 1 1 13312.0 13539.0 13595.0 12793.0 1 0.6385444806209094
0 1 0 1 1 1 1 1 1 0 0 0 1 1 1 1 0 1 0 1 1 0 1 1 1 0 0 0 1 1 0 1 1 0 1 0 1 0 1 1 13140.0 13499.0 14237.0 15268.0 1 0.25903407030766235
1 1 0 0 0 0 1 1 1 0 1 1 1 1 1 1 0 1 1 1 1 1 0 1 1 0 1 0 0 0 0 0 1 1 1 0 1 1 1 1 16128.0 11190.0 16777.0 14947.0 1 0.24353313143946373
1 1 0 1 1 0 1 1 1 0 1 0 0 1 1 1 0 1 0 0 1 1 1 1 1 0 1 0 0 0 0 0 1 0 1 0 1 1 1 1 14244.0 12209.0 17031.0 14198.0 1 0.23571923843147718
0 1 0 1 1 1 1 1 1 0 0 0 1 1 1 1 0 1 0 1 1 0 1 1 1 0 1 0 1 1 0 1 1 0 1 0 1 0 0 1 13758.0 13478.0 14145.0 16195.0 1 0.16106180907636775
0 1 0 0 1 1 1 1 1 0 1 0 1 1 1 1 0 1 1 1 1 1 0 1 1 0 1 0 0 1 0 1 1 0 1 0 1 1 1 1 15770.0 12430.0 15658.0 17100.0 1 0.136237359939958
0 1 0 0 1 1 1 1 1 0 0 1 1 1 1 1 0 1 1 1 1 0 1 1 1 0 1 0 1 1 0 1 1 0 0 0 1 1 1 1 14806.0 13061.0 14695.0 17408.0 1 0.13102860824150053
0 1 0 0 1 1 1 1 1 1 0 0 1 1 1 1 0 1 1 1 1 0 0 1 1 0 1 0 1 1 0 1 1 0 1 0 1 0 1 1 14963.0 13176.0 13624.0 16931.0 1 0.12805216818404982
1 1 0 0 0 1 1 1 1 0 1 0 1 1 1 1 0 1 1 1 1 1 0 1 1 0 1 0 0 0 0 0 1 1 1 0 1 1 1 1 16206.0 11640.0 16407.0 15734.0 1 0.12551974977171193
0 1 0 1 1 1 1 1 1 0 0 0 1 1 1 1 0 1 1 1 1 1 0 1 1 0 1 0 0 1 0 1 1 0 1 0 1 1 1 1 15539.0 13014.0 15646.0 17347.0 1 0.11938129826732483
1 1 0 1 1 0 1 1 1 0 0 0 1 1 1 0 0 1 0 1 1 1 1 1 1 0 1 0 0 1 0 0 1 0 1 0 1 1 1 1 13799.0 12585.0 16659.0 15567.0 1 0.11852181494721467
1 1 0 0 0 0 1 1 1 0 1 1 1 1 1 1 0 1 1 0 1 1 0 1 1 0 1 0 0 0 0 1 1 1 1 0 1 1 1 1 16220.0 11456.0 16417.0 15125.0 1 0.11668850326541687
1 1 0 0 0 0 1 1 1 0 1 1 1 1 1 1 0 1 1 1 1 1 0 1 1 0 1 0 0 1 0 1 1 0 1 0 1 1 1 1 15938.0 11865.0 16553.0 16194.0 1 0.11624535443225797
0 1 0 0 1 1 1 1 1 0 1 1 1 1 0 1 0 1 1 1 1 1 0 1 1 0 1 0 0 0 0 0 1 1 1 0 1 1 1 1 16582.0 11872.0 15829.0 15042.0 1 0.11294844747992734
0 1 0 0 1 1 1 1 1 1 0 0 1 1 1 1 0 1 1 1 1 0 0 1 1 0 1 0 0 1 0 1 1 0 1 0 1 1 1 1 15190.0 12488.0 14300.0 17355.0 1 0.11224961035977479
1 1 0 1 1 0 1 1 1 0 0 1 1 1 0 1 0 1 0 1 1 0 1 1 1 0 1 0 0 0 0 1 1 1 1 0 1 1 1 1 15318.0 12718.0 16592.0 14582.0 1 0.11187893843968783
1 1 0 1 0 0 1 1 0 0 0 1 1 1 1 1 0 1 1 1 1 1 0 1 1 0 1 0 0 0 0 1 1 1 1 0 1 1 1 1 16012.0 11281.0 16683.0 15125.0 1 0.1086465305754718
1 1 0 1 1 0 1 1 0 0 0 1 1 1 1 1 0 1 0 1 1 0 1 1 1 0 1 0 0 0 0 1 1 1 1 0 1 1 1 1 15254.0 11991.0 17050.0 14748.0 1 0.107117156200418
1 1 0 1 1 0 1 1 1 0 0 0 1 1 1 1 0 1 0 1 1 0 1 1 1 0 1 0 1 1 0 1 1 0 0 0 1 1 1 1 13876.0 13398.0 15704.0 16382.0 1 0.10538302437151034
0 1 0 1 1 1 1 1 1 0 0 0 1 1 1 1 0 1 0 1 1 0 1 1 1 0 1 0 1 1 0 0 1 0 1 0 1 1 0 1 14154.0 13279.0 15090.0 16437.0 1 0.1040548575966937
1 1 0 1 1 0 1 0 1 0 0 0 1 1 1 1 0 1 1 1 1 0 0 1 1 0 1 0 1 1 0 1 1 0 1 0 1 1 1 1 14375.0 13369.0 15071.0 16012.0 1 0.10393913960610227
1 1 0 1 1 0 1 1 1 0 0 0 1 1 1 1 0 1 0 1 1 1 0 1 1 0 1 0 1 1 0 1 1 0 0 0 1 1 1 1 14465.0 13102.0 15537.0 16216.0 1 0.09681822438990906
0 1 0 0 1 1 1 1 1 1 0 0 1 1 1 1 0 1 0 1 1 0 1 1 1 0 1 0 1 1 0 0 1 0 1 0 1 1 1 1 14681.0 13149.0 15327.0 16784.0 1 0.09607020119518477
0 1 0 1 1 1 1 1 1 0 0 0 1 1 1 1 0 1 1 1 1 1 0 1 1 0 1 0 0 0 0 1 1 1 1 0 1 1 1 1 16010.0 12710.0 15903.0 16702.0 1 0.09526663350382643
0 1 0 0 1 1 1 0 1 1 0 1 1 1 1 1 0 1 1 1 1 1 0 1 1 0 1 0 1 1 0 1 1 0 1 0 1 0 1 1 15374.0 13295.0 13880.0 16412.0 1 0.09488813085675644
0 1 0 0 1 1 1 1 1 0 0 1 1 1 0 1 0 1 0 1 1 0 1 1 1 0 1 0 1 1 1 0 1 0 1 0 1 1 1 1 15344.0 13299.0 15515.0 15277.0 1 0.09391599189163441
1 1 0 0 1 1 1 1 1 0 0 1 1 1 0 1 0 1 0 1 1 0 1 1 1 0 1 0 1 1 0 1 1 0 0 0 1 1 1 1 14781.0 13223.0 14847.0 15909.0 1 0.09343696957283412
1 1 0 1 1 0 1 1 1 0 0 0 1 1 1 1 0 1 1 1 1 1 0 1 1 0 1 0 0 1 0 1 1 0 1 0 1 1 1 1 15568.0 12822.0 16227.0 16717.0 1 0.09236113851416505
1 1 0 1 1 0 1 1 1 0 0 1 1 1 1 1 0 1 1 1 1 1 0 1 1 0 1 0 0 0 0 0 1 1 1 0 1 1 0 1 16271.0 12094.0 15985.0 15447.0 1 0.09019818701321387
0 1 0 1 1 1 1 1 0 0 1 1 1 1 1 1 0 1 0 1 1 1 1 1 0 0 1 0 0 1 0 0 1 0 1 0 1 1 1 1 15073.0 11617.0 16952.0 15191.0 1 0.08998974340722424
1 1 0 1 1 0 1 1 1 0 0 0 1 1 1 1 0 1 1 1 1 0 0 1 1 0 1 0 1 1 0 1 1 0 1 0 1 0 1 1 14676.0 13421.0 14954.0 16003.0 1 0.08865328730964778
1 1 0 1 1 0 1 1 1 0 0 1 1 1 0 1 0 1 1 1 1 1 0 1 1 0 1 0 0 1 0 1 1 0 1 0 1 1 1 1 16190.0 12939.0 16174.0 15906.0 1 0.08327991014606384
1 1 0 1 1 1 1 1 1 0 0 1 0 1 1 1 0 1 1 1 1 0 1 1 0 0 1 0 0 1 0 1 1 0 1 0 1 1 1 1 15205.0 12852.0 15981.0 16604.0 1 0.08153553031380076
1 1 0 0 0 1 1 1 1 0 1 0 1 1 1 1 0 1 1 1 1 1 0 1 1 0 1 0 1 1 0 1 0 0 1 0 1 1 1 1 15817.0 12718.0 15565.0 16488.0 1 0.07768219733157
0 1 0 1 1 1 1 1 1 0 0 0 1 1 1 1 0 1 0 0 1 1 1 1 1 0 1 0 0 1 0 1 1 0 1 0 1 1 1 1 14672.0 13081.0 16011.0 16534.0 1 0.07636042539728283
1 1 0 0 1 1 1 1 1 1 0 0 1 0 1 1 0 1 1 1 1 0 0 1 1 0 1 0 1 1 0 1 1 0 1 0 1 0 1 1 15127.0 13200.0 14004.0 16122.0 1 0.07615124319610024
0 1 0 1 1 0 1 1 1 0 1 1 0 1 1 1 0 1 1 1 1 1 0 1 1 0 1 0 0 0 0 0 1 1 1 0 1 1 1 1 15916.0 12077.0 16913.0 15171.0 1 0.07400902504246952
1 1 0 1 1 1 1 1 1 0 0 1 1 1 0 1 0 1 1 1 1 1 0 1 1 0 1 0 0 0 0 0 1 0 1 0 1 1 1 1 16270.0 12775.0 16090.0 15155.0 1 0.07393639177970161
0 1 0 0 1 1 1 1 1 0 0 1 1 1 1 1 1 0 1 0 1 1 0 1 1 0 1 0 0 0 0 1 1 1 1 0 1 1 1 1 16462.0 11554.0 14751.0 15220.0 1 0.07226826552230427
1 1 0 1 1 0 1 1 0 0 0 1 1 1 1 1 0 1 1 1 1 1 0 1 1 0 1 0 0 0 0 0 1 1 1 0 1 1 1 1 16316.0 11537.0 16856.0 14825.0 1 0.07069226071450078
1 1 0 1 1 0 1 1 1 0 0 0 1 1 1 1 0 1 0 1 1 0 1 1 1 0 1 0 0 1 0 1 1 0 1 0 1 1 1 1 14225.0 12905.0 16388.0 16038.0 1 0.0691226751300457
0 1 0 0 1 1 1 1 1 0 0 1 1 1 1 1 0 1 0 1 1 0 0 1 1 0 1 0 1 1 0 1 1 1 1 0 1 1 1 1 15687.0 13023.0 15369.0 16500.0 1 0.06904835554143453
1 1 0 1 1 0 1 1 1 0 0 1 1 1 0 1 0 1 1 1 1 1 0 1 1 0 1 0 0 0 0 0 1 1 1 0 1 1 1 1 16380.0 12264.0 16398.0 14659.0 1 0.06785451867566397
0 1 0 0 1 1 1 1 1 1 0 0 1 1 1 1 0 1 1 1 1 1 0 1 1 0 1 0 0 0 0 1 1 1 1 0 1 1 1 1 16326.0 12273.0 15154.0 17000.0 1 0.06572412552660437
0 1 0 0 1 1 1 1 1 0 0 1 1 1 1 1 0 1 1 0 1 1 0 1 1 0 1 0 1 1 0 1 1 0 1 0 1 1 1 1 16005.0 13027.0 15121.0 16894.0 1 0.06489453591829078
0 1 0 0 1 1 1 0 1 1 0 1 1 1 1 1 0 1 1 1 1 1 0 1 1 0 1 0 0 0 0 1 1 1 1 0 1 1 1 1 16072.0 12303.0 14813.0 16191.0 1 0.06312170474826506
0 1 0 0 1 1 1 1 1 0 0 1 1 1 1 1 0 1 1 0 1 1 0 1 1 0 1 0 0 1 0 0 1 1 1 0 1 1 1 1 16186.0 11989.0 15244.0 16189.0 1 0.06242434655906902
0 1 0 0 1 1 1 1 1 1 0 1 0 1 1 1 0 1 1 1 1 1 0 1 1 0 1 0 0 0 0 0 1 1 1 0 1 1 1 1 16284.0 11932.0 15348.0 16054.0 1 0.06227168777698215
1 1 0 1 1 0 1 1 1 0 0 0 1 1 1 1 0 1 1 1 1 1 0 1 1 0 1 0 0 0 0 1 1 1 1 0 1 1 1 1 16039.0 12518.0 16484.0 16072.0 1 0.062024628891510156
1 1 0 0 1 1 1 1 1 0 0 1 1 1 0 1 0 0 0 1 1 0 0 1 1 0 1 0 0 1 1 1 1 1 1 0 1 1 1 1 16681.0 12165.0 14812.0 14772.0 1 0.06127125737416292
