0 1 0 0 1 1 1 1 1 1 0 0 1 1 1 1 0 1 1 1 1 0 1 1 1 0 1 0 0 1 0 1 1 0 1 0 1 1 1 1 15266.0 12873.0 15064.0 17811.0 0 1000000000000000.1
0 1 0 0 1 1 1 1 1 1 0 0 1 1 1 1 0 1 1 1 1 0 0 1 1 0 1 0 1 1 0 1 1 0 1 0 1 1 1 1 15640.0 13348.0 14602.0 17775.0 0 0.13159502912983265
0 1 0 0 1 1 1 1 1 1 0 0 1 1 1 1 0 1 1 1 1 1 0 1 1 0 1 0 0 1 0 1 1 0 1 0 1 1 1 1 15855.0 12577.0 14897.0 17645.0 0 0.1277270952576769
1 1 0 0 1 1 1 1 1 1 0 0 1 1 1 1 0 1 1 1 1 0 0 1 1 0 1 0 0 1 0 1 1 0 1 0 1 1 1 1 16021.0 13000.0 15031.0 17538.0 0 0.1258406084522675
0 1 0 1 1 1 1 1 1 0 0 0 1 1 1 1 0 1 1 1 1 0 1 1 1 0 1 0 0 1 0 1 1 0 1 0 1 1 1 1 14950.0 13310.0 15813.0 17513.0 0 0.08321440268652767
0 1 0 0 1 1 1 1 1 0 0 1 1 1 1 1 0 1 1 1 1 0 1 1 1 0 1 0 1 1 0 1 1 0 1 0 1 1 1 1 15605.0 13428.0 15681.0 17484.0 0 0.03605026359093544
0 1 0 1 1 1 1 1 1 0 0 0 1 1 1 1 0 1 1 1 1 0 0 1 1 0 1 0 1 1 0 1 1 0 1 0 1 1 1 1 15324.0 13785.0 15351.0 17477.0 0 1000000000000000.0
0 1 0 0 1 1 1 1 1 0 0 0 1 1 1 1 0 1 1 1 1 0 0 1 1 0 1 0 1 1 1 1 1 1 1 0 1 1 0 1 16382.0 13267.0 14315.0 17347.0 0 1000000000000000.0
0 1 0 0 1 1 1 1 1 0 0 1 1 1 1 1 0 1 1 1 1 0 0 1 1 0 1 0 1 1 0 1 1 1 1 0 1 1 1 1 16441.0 13236.0 15375.0 17345.0 0 0.062225079077313186
0 1 0 0 1 1 1 1 1 0 0 0 1 1 1 1 0 1 1 1 1 1 0 1 1 0 1 0 0 1 1 1 1 1 1 0 1 1 1 1 16808.0 12803.0 15596.0 17266.0 0 0.09109485110369982
0 1 0 0 1 1 1 1 1 0 0 1 0 1 1 1 0 1 1 1 1 1 0 1 1 0 1 0 1 1 0 1 1 1 1 0 1 1 1 1 16621.0 13101.0 15679.0 17265.0 0 0.0638262916620151
1 1 0 0 1 1 1 1 1 0 0 0 1 1 1 1 0 1 1 1 1 0 0 1 1 0 1 0 1 1 0 1 1 0 1 0 1 1 1 1 15636.0 13301.0 15128.0 17185.0 0 0.09955482624401128
1 1 0 0 1 1 1 1 1 0 1 0 1 1 1 1 0 1 1 1 1 1 0 1 1 0 1 0 0 1 0 1 1 0 1 0 0 1 1 1 15887.0 12045.0 15781.0 17153.0 0 0.08799574131931054
0 1 0 0 1 1 1 1 1 0 1 1 1 1 1 1 0 1 1 1 1 1 0 1 1 0 1 0 0 1 0 1 1 0 1 0 1 1 1 1 16494.0 12684.0 16178.0 17126.0 0 0.06929602983826129
0 1 0 1 1 1 1 1 1 0 0 1 1 1 1 1 0 1 1 0 1 0 0 1 1 0 1 0 1 1 0 1 1 0 1 0 1 1 0 1 15648.0 13627.0 14492.0 17030.0 0 0.15373817424869413
1 1 0 0 0 1 1 1 1 0 1 0 1 1 1 1 0 1 1 1 1 1 0 1 1 0 1 0 0 1 0 1 1 0 1 0 1 1 1 1 16016.0 12315.0 16183.0 16981.0 0 0.05279673887199916
1 1 0 0 1 1 1 1 1 0 0 0 0 1 1 1 1 1 1 1 1 0 0 1 1 0 1 0 1 1 0 1 1 0 1 0 1 1 1 1 15748.0 13733.0 15369.0 16937.0 0 0.07922536933376015
0 1 0 0 1 1 1 1 1 0 1 1 0 1 1 1 0 1 1 1 1 0 1 1 1 0 1 0 0 1 0 1 1 0 1 0 1 1 1 1 15420.0 12756.0 16052.0 16922.0 0 0.05963200637529699
0 1 0 0 1 1 1 1 1 0 1 1 0 1 1 1 0 1 1 1 1 0 0 1 1 0 1 0 1 1 0 1 1 0 1 0 1 1 1 1 15794.0 13231.0 15590.0 16886.0 0 0.04141595757665217
1 1 0 1 1 0 1 1 1 0 0 0 1 1 1 1 0 1 1 1 1 0 1 1 1 0 1 0 0 1 0 1 1 0 1 0 1 1 1 1 14979.0 13118.0 16394.0 16883.0 0 0.07948785511146542
1 1 0 1 1 0 1 1 1 0 0 0 1 1 1 1 0 1 1 1 1 0 0 1 1 0 1 0 1 1 0 1 1 0 1 0 1 1 1 1 15353.0 13593.0 15932.0 16847.0 0 0.09901022439192772
1 1 0 1 1 0 1 1 1 0 0 1 1 1 1 1 0 1 1 1 1 0 0 1 1 0 1 0 1 1 0 1 1 0 1 0 1 1 0 1 15866.0 13540.0 15466.0 16824.0 0 0.06725734503490452
0 1 0 1 1 0 1 1 1 0 1 0 1 1 1 1 0 1 1 1 1 1 0 1 1 0 1 0 0 1 0 1 1 0 1 0 1 1 1 1 15487.0 12722.0 16462.0 16762.0 0 0.06043552827760927
1 1 0 1 1 0 1 1 1 0 0 0 1 1 1 1 0 1 1 1 1 0 0 1 1 0 1 0 0 1 0 1 1 1 1 0 1 1 1 1 15815.0 12926.0 16088.0 16744.0 0 0.06588717091891307
1 1 0 1 1 0 1 1 1 0 0 1 1 1 1 1 0 1 1 1 1 1 0 1 1 0 1 0 0 1 0 1 1 0 1 0 1 1 1 1 16292.0 13076.0 16747.0 16743.0 0 0.1814076423066998
0 1 0 1 1 1 1 1 1 0 0 1 1 1 1 1 0 1 0 1 1 0 1 1 1 0 1 0 0 1 0 1 1 0 1 0 1 1 1 1 14920.0 13351.0 16327.0 16694.0 0 0.12585726129077374
1 1 0 0 1 1 1 1 0 0 1 0 1 1 1 1 0 1 1 1 1 1 0 1 1 0 1 0 0 1 0 1 1 0 1 0 1 1 1 1 16435.0 12078.0 16274.0 16612.0 0 0.06722296183199791
0 1 0 0 1 1 1 1 1 0 0 1 1 1 1 1 0 1 1 0 1 1 0 1 1 0 1 0 1 1 0 0 1 1 1 0 1 1 1 1 16636.0 12849.0 15546.0 16609.0 0 0.07891157483749608
1 1 0 1 0 0 1 1 1 0 0 1 1 1 1 1 0 1 1 1 1 0 0 1 1 0 1 0 1 1 0 1 1 0 1 0 1 1 1 1 15492.0 13220.0 16246.0 16571.0 0 0.043974203679861434
0 1 0 0 1 1 1 1 1 0 0 0 1 1 0 1 0 1 1 1 1 0 0 1 1 0 1 0 1 1 1 1 1 1 1 0 1 1 1 1 16491.0 13437.0 14728.0 16559.0 0 0.11475839670910129
1 1 0 1 1 0 1 1 1 0 0 1 0 1 1 1 0 1 1 1 1 0 1 1 1 0 1 0 0 1 0 1 1 0 1 0 1 1 1 1 15218.0 13148.0 16621.0 16539.0 0 0.12644472985369332
1 1 0 1 1 0 1 1 1 0 0 1 0 1 1 1 0 1 1 1 1 0 0 1 1 0 1 0 1 1 0 1 1 0 1 0 1 1 1 1 15592.0 13623.0 16159.0 16503.0 0 0.1087953058437875
0 1 0 0 1 1 1 1 1 0 1 1 0 1 1 1 0 1 0 1 1 0 0 1 1 0 1 0 1 1 0 1 1 1 1 0 1 1 1 1 15952.0 13211.0 16042.0 16358.0 0 0.129304023965372
1 1 0 0 1 1 1 1 0 0 1 1 1 1 1 1 0 1 1 1 1 0 0 1 1 0 1 0 0 1 0 1 1 0 1 0 1 1 1 1 16494.0 12243.0 16197.0 16348.0 0 0.054846976553178856
0 1 0 1 1 1 1 1 0 0 0 1 1 1 1 1 0 1 0 1 1 1 1 1 1 0 1 0 0 1 0 1 1 0 1 0 1 1 1 1 15419.0 12576.0 16809.0 16313.0 0 0.033235423221456985
0 1 0 0 1 1 1 1 1 0 0 1 1 1 0 1 1 1 1 1 1 0 0 1 1 0 1 0 1 1 0 1 1 0 1 0 1 1 1 1 16024.0 13562.0 14878.0 16313.0 0 0.15764496497653133
0 1 0 1 1 0 1 1 1 0 0 1 1 1 1 1 0 1 0 1 1 0 1 1 1 0 1 0 1 1 0 1 1 0 1 0 1 1 1 1 14568.0 13507.0 16479.0 16301.0 0 0.12616288567300493
1 1 0 1 1 0 1 1 0 0 0 1 1 1 1 1 0 1 1 1 1 0 1 1 1 0 1 0 0 1 0 1 1 0 1 0 1 1 1 1 15537.0 12508.0 16799.0 16238.0 0 0.06838414584313521
1 1 0 0 1 1 1 1 1 0 0 0 1 1 1 1 0 1 1 1 1 1 0 1 1 0 1 0 1 0 0 0 1 1 1 0 1 1 1 1 16491.0 12715.0 15949.0 16228.0 0 0.08797443258291253
1 1 0 1 1 0 1 1 1 0 0 0 0 1 1 1 0 1 0 1 1 0 1 1 1 0 1 0 1 1 0 1 1 0 1 0 1 1 1 1 14190.0 13541.0 16397.0 16088.0 0 1000000000000000.0
1 1 0 1 1 0 1 1 1 0 0 1 1 1 1 1 0 1 0 1 1 0 1 1 1 0 1 0 0 1 0 1 1 0 1 0 1 1 1 1 14949.0 13159.0 16908.0 16064.0 0 0.053326466253877075
1 1 0 1 1 0 1 1 1 0 0 1 1 1 1 1 0 1 1 1 1 0 0 1 1 0 1 0 1 1 0 1 1 0 1 0 1 0 1 1 15400.0 13675.0 15474.0 16029.0 0 0.08834041216917381
0 1 0 0 1 1 1 1 1 0 1 1 0 1 1 1 0 1 0 1 1 0 0 1 1 0 1 0 0 1 1 1 1 1 1 0 1 1 1 1 16378.0 12943.0 16186.0 16015.0 0 0.049304602630575886
1 1 0 0 1 0 1 1 0 0 1 1 1 1 1 0 0 1 1 1 1 1 0 1 1 0 1 0 0 1 0 1 1 1 1 0 1 1 1 1 16459.0 11783.0 16809.0 15983.0 0 0.030482105484674185
0 1 0 0 1 1 1 1 1 0 0 1 1 1 1 1 1 1 1 0 1 1 0 1 1 0 1 0 0 0 0 1 1 1 1 0 1 1 1 1 16623.0 12519.0 15610.0 15951.0 0 0.04363752780662276
1 1 0 1 1 0 1 1 1 0 0 0 1 1 1 1 0 1 1 1 1 1 0 1 1 0 1 0 0 1 1 1 1 0 1 0 1 0 1 1 15767.0 13242.0 15695.0 15950.0 0 0.030981457764043197
1 1 0 0 0 0 1 1 1 0 1 1 1 1 1 1 0 1 1 1 1 1 0 1 1 0 1 0 0 1 0 0 1 1 1 0 1 1 1 1 16569.0 11687.0 16978.0 15909.0 0 0.1248731333961194
0 1 0 0 1 1 1 1 1 0 1 1 1 1 1 1 0 1 1 1 1 1 0 1 1 0 1 0 0 0 0 0 1 1 1 0 1 1 1 1 16684.0 12009.0 16402.0 15879.0 0 0.08498022902484119
1 1 0 1 1 0 1 1 1 0 0 0 1 1 1 1 0 1 0 1 1 0 1 1 1 0 1 0 1 1 0 0 1 0 1 0 1 1 1 1 14394.0 13394.0 16657.0 15856.0 0 0.1916305448283088
0 1 0 0 1 1 1 1 1 0 1 1 1 0 1 1 0 1 1 1 1 1 0 1 1 0 1 0 0 1 0 0 1 1 1 0 1 1 1 1 16458.0 12018.0 16252.0 15849.0 0 0.030304719670256202
0 1 0 1 1 0 1 1 1 0 1 1 1 1 1 1 0 1 1 1 1 1 0 1 1 0 1 0 0 0 0 1 1 0 1 0 1 1 1 1 15770.0 12479.0 16781.0 15826.0 0 0.03896362349499305
1 1 0 0 1 1 1 1 0 0 1 1 1 1 1 1 0 1 1 1 1 0 0 1 1 0 1 0 1 0 0 1 1 0 1 0 1 1 1 1 16503.0 12606.0 16298.0 15806.0 0 0.05268236089522335
1 1 0 0 0 0 1 1 1 0 1 1 1 1 1 1 0 1 0 1 1 1 1 1 1 0 1 0 0 1 0 1 1 0 1 0 1 1 1 1 15260.0 12037.0 17311.0 15805.0 0 0.11332950563858579
1 1 0 0 1 1 1 1 0 0 1 1 1 1 0 1 0 1 1 1 1 1 0 1 1 0 1 0 0 1 0 1 1 0 1 0 1 1 1 1 17057.0 12195.0 16221.0 15801.0 0 0.1321931561075313
1 1 0 0 1 1 1 1 0 0 1 1 1 1 1 1 0 1 0 1 1 1 0 1 1 0 1 0 0 1 0 1 1 0 1 0 1 1 1 1 16405.0 12119.0 16788.0 15793.0 0 0.05102257867118186
1 1 0 0 0 0 1 1 1 0 1 1 1 1 1 1 0 1 0 1 1 1 0 1 1 0 1 0 1 1 0 1 1 0 1 0 1 1 1 1 15634.0 12512.0 16849.0 15769.0 0 0.05585525956992963
1 1 0 1 1 0 1 1 1 0 0 0 1 1 1 1 0 1 0 1 1 1 1 1 1 0 1 0 0 1 0 0 1 0 1 0 1 1 1 1 14609.0 12623.0 16952.0 15726.0 0 0.11263981037864326
0 1 0 1 1 0 1 1 0 0 0 1 1 1 1 1 0 1 1 1 1 1 1 1 1 0 1 0 0 0 0 1 1 1 1 0 1 1 1 1 15842.0 11781.0 16922.0 15700.0 0 0.048316085716721004
1 1 0 1 1 0 1 1 0 0 0 1 1 1 1 1 0 1 0 1 1 1 1 1 1 0 1 0 0 1 0 1 1 0 1 0 1 1 1 1 15448.0 12384.0 17390.0 15683.0 0 0.08763277637958476
1 1 0 1 1 0 1 1 0 0 0 1 1 1 1 1 0 1 0 1 1 1 0 1 1 0 1 0 1 1 0 1 1 0 1 0 1 1 1 1 15822.0 12859.0 16928.0 15647.0 0 0.05594165736892681
1 1 0 0 1 0 1 1 0 0 1 1 1 1 1 1 0 1 1 1 1 1 0 1 1 0 1 0 0 1 0 0 1 1 1 0 1 1 1 1 16988.0 11450.0 17069.0 15540.0 0 0.2631566325172473
1 1 0 1 1 0 1 1 1 0 0 1 1 1 1 1 0 1 1 1 1 1 0 1 1 0 1 0 0 0 0 0 1 1 1 0 1 1 1 1 16482.0 12401.0 16971.0 15496.0 0 0.04762567072117578
1 1 0 0 0 0 1 1 1 0 1 1 1 1 1 1 1 1 0 1 1 1 0 1 1 0 1 0 0 1 0 1 1 0 1 0 1 1 1 1 15781.0 12308.0 17081.0 15471.0 0 0.05106827935999263
1 1 0 0 1 0 1 1 0 0 1 1 1 1 1 1 0 1 0 1 1 1 1 1 1 0 1 0 0 1 0 1 1 0 1 0 1 1 1 1 15679.0 11800.0 17402.0 15436.0 0 0.11477063422560975
1 1 0 1 1 0 1 1 0 0 0 1 1 1 1 1 0 1 1 1 1 1 0 1 1 0 1 0 0 0 0 1 1 1 1 0 1 1 1 1 16597.0 11908.0 16889.0 15427.0 0 0.06450766022030799
1 1 0 0 1 1 1 1 1 0 0 1 1 1 0 1 1 1 1 1 1 1 0 1 1 0 1 0 0 0 0 1 1 0 1 0 1 1 1 1 16629.0 12806.0 15703.0 15404.0 0 0.06876491565712647
1 1 0 0 0 0 1 1 1 0 1 1 1 1 1 1 0 1 0 1 1 0 1 1 1 0 1 0 1 1 0 0 1 0 1 0 1 1 1 1 14764.0 12437.0 16983.0 15333.0 0 0.14703402485049755
0 1 0 0 1 0 1 1 0 0 1 1 1 1 1 1 0 1 0 1 1 0 0 1 1 0 1 0 1 1 1 1 1 1 1 0 1 1 1 1 16345.0 12459.0 16516.0 15321.0 0 0.086558258187147
1 1 0 1 1 0 1 1 1 0 0 1 1 1 1 1 0 1 0 1 1 1 0 1 1 0 1 0 0 0 0 1 1 1 1 0 1 1 1 1 16009.0 12559.0 16998.0 15253.0 0 0.0640072793238059
1 1 0 1 1 0 1 1 1 0 0 1 0 1 0 1 0 1 1 1 1 1 0 1 1 0 1 0 0 1 0 0 1 1 1 0 1 1 1 1 16336.0 12537.0 16306.0 15251.0 0 0.06582376702449393
1 1 0 0 1 1 1 1 0 0 1 1 1 1 1 1 0 1 0 1 1 1 0 1 1 0 1 0 0 0 0 1 1 1 1 0 1 1 1 1 16876.0 11815.0 17045.0 15148.0 0 0.12523311822342567
0 1 0 1 1 0 1 1 0 0 1 1 1 1 1 1 0 1 0 1 1 1 1 1 1 0 1 0 0 1 0 0 1 0 1 0 1 1 1 1 15086.0 11913.0 17592.0 15126.0 0 0.18785361305302534
1 1 0 0 1 0 1 1 0 0 1 1 1 1 1 1 0 1 0 1 1 0 0 1 1 0 1 0 0 1 1 1 1 1 1 0 1 1 1 1 16726.0 12111.0 16945.0 15084.0 0 0.12740471520987023
1 1 0 1 1 0 1 1 1 0 0 1 1 1 0 1 0 1 0 1 1 1 0 1 1 0 1 0 1 1 0 0 1 0 1 0 1 1 1 1 15605.0 13215.0 16437.0 14879.0 0 0.11044133534621799
1 1 0 0 1 1 1 1 0 0 1 1 1 1 0 1 0 1 0 1 1 1 0 1 1 0 1 0 1 1 0 0 1 0 1 0 1 1 1 1 16472.0 12471.0 16484.0 14774.0 0 0.06671662103393494
1 1 0 1 0 0 1 1 0 0 1 0 1 1 1 1 0 1 1 1 1 1 0 1 1 0 1 0 0 0 0 0 1 1 1 0 1 1 1 1 15757.0 11068.0 17096.0 14725.0 0 0.4187086918465203
1 1 0 0 0 0 1 1 1 0 1 1 1 1 1 1 0 1 0 1 1 1 0 1 1 0 1 0 1 0 0 0 1 1 1 0 1 1 1 1 15824.0 11837.0 17073.0 14522.0 0 0.09937871886643569
1 1 0 1 1 0 1 1 0 0 0 1 1 1 0 1 0 1 0 1 1 0 0 1 1 0 1 0 0 1 1 1 1 1 1 0 1 1 1 1 16393.0 12558.0 16360.0 14494.0 0 0.057549468670719015
1 1 0 1 1 0 1 1 0 0 0 1 1 1 1 1 0 1 0 1 1 1 1 1 1 0 1 0 0 0 0 0 1 1 1 0 1 1 1 1 15638.0 11709.0 17614.0 14436.0 0 0.10573022846514943
1 0 0 0 1 1 1 1 0 0 1 1 1 1 1 1 0 0 1 0 1 1 0 1 1 0 1 0 0 1 0 0 1 1 1 0 1 1 1 1 17232.0 10124.0 15248.0 14246.0 0 2000000000000000.0
1 1 0 0 1 0 1 1 0 0 1 1 1 1 1 1 0 1 0 1 1 1 1 1 1 0 1 0 0 0 0 0 1 1 1 0 1 1 1 1 15869.0 11125.0 17626.0 14189.0 0 2000000000000000.0
1 1 0 0 1 1 1 1 0 0 1 1 1 1 1 1 0 0 1 0 1 1 0 1 1 0 1 0 0 0 0 0 1 1 1 0 1 1 1 1 16999.0 10587.0 15766.0 14236.0 1 1000000000000000.4
0 1 0 0 1 1 1 1 1 1 0 0 1 1 1 0 0 1 1 1 1 0 1 1 1 0 1 0 0 1 0 1 1 0 1 0 1 1 1 1 14456.0 12835.0 14771.0 17652.0 1 1000000000000000.2
0 1 0 1 1 1 1 1 1 0 0 1 1 1 1 1 0 1 1 1 1 0 0 1 1 0 0 0 1 1 0 1 1 0 1 0 1 1 0 1 15008.0 13446.0 13991.0 16478.0 1 1000000000000000.2
0 1 0 1 1 1 1 1 1 0 0 0 1 1 1 1 0 1 0 1 1 0 1 1 1 0 1 0 1 1 0 1 1 0 1 0 1 0 1 1 13969.0 13785.0 15131.0 16244.0 1 1000000000000000.2
0 1 0 1 1 0 1 1 1 0 0 1 1 1 1 1 0 1 0 1 1 0 1 0 1 0 1 0 1 1 0 1 1 0 1 0 1 1 1 1 13684.0 13453.0 15668.0 15450.0 1 1000000000000000.2
1 1 0 1 1 0 1 1 0 0 0 1 1 1 0 1 1 1 1 0 1 1 0 1 1 0 1 0 0 0 0 0 1 1 1 0 1 1 1 1 16622.0 11951.0 16424.0 13686.0 1 1000000000000000.2
1 1 0 0 1 0 1 1 0 0 1 1 1 1 1 1 0 1 0 1 1 1 1 1 1 0 1 0 0 1 0 0 1 0 1 0 1 1 1 1 15398.0 11429.0 17369.0 14834.0 1 1000000000000000.1
1 0 0 0 1 1 1 1 0 0 1 0 1 1 1 1 0 0 1 1 1 1 0 1 1 0 1 0 0 1 0 0 1 1 1 0 1 1 1 1 16697.0 9975.0 15121.0 14644.0 1 1000000000000000.1
0 1 0 0 1 1 1 1 1 1 0 0 0 1 1 1 0 1 1 1 1 0 0 1 1 0 1 0 1 1 0 1 1 0 1 0 1 1 1 1 15155.0 13124.0 14309.0 17405.0 1 0.42608794691400365
1 1 0 0 1 1 1 1 0 0 1 0 1 1 1 1 0 1 0 1 0 1 1 1 1 0 1 0 0 0 0 0 1 1 1 0 1 1 1 1 15557.0 11169.0 16901.0 14045.0 1 0.3737757234281258
1 1 0 1 1 0 1 1 1 0 0 0 1 1 1 0 0 1 0 1 1 1 1 1 1 0 1 0 0 1 0 0 1 0 1 0 1 1 1 1 13799.0 12585.0 16659.0 15567.0 1 0.31646443145938313
0 1 0 0 1 1 1 1 1 0 0 1 1 1 1 1 0 1 1 1 1 1 0 1 1 0 1 0 0 1 0 1 1 0 1 0 1 1 1 1 15744.0 12272.0 15212.0 16898.0 1 0.30711951787392033
1 1 0 1 1 0 1 1 0 0 0 1 1 1 1 1 0 1 0 1 1 0 1 1 1 0 1 0 0 1 0 0 1 1 1 0 1 1 1 1 15414.0 12117.0 17218.0 15108.0 1 0.3042054679783966
1 1 0 0 1 1 1 1 0 0 1 1 1 1 0 1 0 0 1 0 1 1 0 1 1 0 1 0 0 1 0 1 1 0 1 0 1 1 1 1 16707.0 11125.0 14969.0 14646.0 1 0.3028163756657348
0 1 0 1 1 1 1 1 1 0 0 1 1 0 1 1 0 1 0 1 1 0 0 1 1 0 1 0 1 1 0 1 1 0 1 0 1 1 1 1 14627.0 13338.0 15514.0 15666.0 1 0.2654311526548947
0 1 0 0 1 1 1 1 1 0 0 0 1 1 1 1 0 1 1 1 1 0 0 1 1 0 1 0 0 1 1 1 1 1 1 0 1 1 1 1 16143.0 12714.0 14999.0 16976.0 1 0.2612834180899569
1 1 0 0 1 0 1 1 0 0 0 1 1 1 0 1 1 1 0 1 1 0 0 1 1 0 1 0 0 1 1 1 1 1 1 0 1 1 1 1 16471.0 12218.0 15940.0 14141.0 1 0.24182500650151686
0 1 0 0 1 1 1 1 1 0 0 0 1 1 1 1 0 1 1 1 1 0 0 1 1 0 1 0 1 1 0 1 1 1 1 0 1 1 1 1 15717.0 12982.0 14855.0 17319.0 1 0.23470365762255047
1 1 0 1 1 0 1 1 1 0 0 0 1 1 1 1 0 1 1 1 1 0 0 1 1 0 1 0 1 1 0 1 1 0 1 0 1 0 1 1 14676.0 13421.0 14954.0 16003.0 1 0.22939467317243062
