0 1 1 0 1 1 1 1 0 0 0 0 1 1 1 0 1 0 0 0 1 1 1 0 1 0 1 0 0 0 0 1 1 1 1 0 1 1 0 1 13025.0 10811.0 12797.0 13316.0 0 1000000000000001.8
0 1 0 0 0 1 1 1 1 1 0 0 1 1 0 0 1 1 0 0 1 1 0 0 1 1 1 0 0 1 0 0 1 0 1 1 1 0 1 0 11693.0 11024.0 11672.0 12758.0 0 1.6581847188877608
1 1 0 1 1 1 0 1 1 1 0 0 0 1 0 0 0 1 0 0 0 0 1 1 1 0 1 0 0 0 0 0 1 0 0 0 1 1 1 1 11486.0 11217.0 12624.0 12495.0 0 1000000000000001.0
1 1 1 0 0 0 1 1 0 0 1 0 0 1 1 1 0 1 0 1 1 1 1 0 1 0 1 0 0 0 0 1 1 0 1 0 0 1 0 0 10792.0 8782.0 13068.0 12186.0 0 1000000000000001.1
1 1 1 0 0 0 1 1 0 0 1 0 1 1 1 1 0 1 0 1 1 1 1 0 1 0 1 0 0 0 0 0 1 0 1 0 0 1 0 0 10996.0 8635.0 13328.0 11954.0 0 2000000000000001.0
0 1 0 0 0 0 1 1 0 1 0 1 1 0 0 1 1 0 0 0 1 1 0 0 1 0 0 0 0 0 1 0 1 1 1 1 1 1 0 1 13125.0 8738.0 11402.0 9346.0 0 3000000000000000.0
0 1 0 0 0 1 1 1 0 0 0 0 0 1 1 1 0 1 0 1 1 1 1 0 1 0 1 0 0 0 0 1 1 0 1 0 0 1 0 1 10856.0 8720.0 12230.0 13148.0 1 2000000000000000.2
0 0 0 1 1 0 1 1 1 1 0 1 0 1 0 1 0 1 1 0 1 1 1 0 1 0 1 0 0 0 0 1 1 0 1 0 1 1 0 0 12973.0 10464.0 12287.0 12543.0 1 1000000000000000.9
0 1 0 1 1 1 0 1 1 1 0 0 0 1 0 0 0 1 0 0 0 0 1 1 1 0 1 0 0 0 0 0 1 0 0 0 1 1 1 1 10655.0 10705.0 11893.0 12312.0 1 1.3746458305029747
0 1 1 1 0 0 1 1 0 0 1 0 0 1 1 1 0 1 0 1 1 0 1 0 1 0 1 0 0 0 0 1 1 0 1 0 0 1 0 0 9815.0 9177.0 12694.0 12188.0 1 2000000000000001.2
1 1 1 0 0 0 1 1 0 0 0 0 1 0 0 0 1 1 1 0 1 0 1 1 1 0 1 1 0 0 1 1 0 0 1 0 1 0 1 0 10979.0 10540.0 12367.0 10298.0 1 1.1638275205052335
1 1 1 0 0 0 1 0 1 1 1 0 1 0 1 0 1 1 1 0 0 0 0 1 1 0 0 0 1 0 1 0 0 1 1 0 1 0 0 0 11254.0 10873.0 10407.0 9340.0 1 3000000000000000.5
0 1 1 0 1 0 1 0 0 1 0 0 1 1 1 1 1 0 0 1 1 1 1 1 0 1 0 0 1 0 0 1 1 0 0 0 0 1 1 1 10724.0 9247.0 11171.0 12539.0 2 1000000000000000.5
0 1 0 0 0 1 1 1 0 1 0 0 1 1 0 1 0 0 0 0 1 1 0 0 1 1 1 0 0 0 1 1 1 0 0 0 1 1 1 1 12819.0 9524.0 11324.0 12465.0 2 0.13897875559846357
0 1 1 0 0 0 1 0 0 1 0 0 1 1 1 1 1 0 0 1 1 1 1 1 0 1 0 0 1 0 0 1 1 0 0 0 1 1 1 1 10853.0 9517.0 11573.0 12367.0 2 0.6033815736743817
1 1 1 0 0 0 1 0 1 1 1 0 1 0 1 0 1 1 1 0 0 0 0 1 0 0 0 0 0 1 0 1 1 1 0 0 1 1 0 1 11241.0 10311.0 10737.0 12141.0 2 0.2938059788419396
1 1 1 0 0 0 1 1 0 0 1 0 0 1 1 1 0 1 0 0 1 1 1 0 1 0 1 0 0 0 0 1 1 1 0 0 0 1 0 0 10716.0 8503.0 12147.0 12003.0 2 1000000000000000.5
0 1 0 0 0 1 1 1 0 1 0 0 1 1 1 1 0 0 0 0 1 1 0 0 1 1 0 1 0 0 1 1 1 0 0 0 1 0 1 1 11590.0 9916.0 10711.0 11837.0 2 0.23600476261109443
1 0 0 0 0 1 1 0 1 0 0 0 1 1 1 1 0 0 0 1 1 0 1 1 1 0 1 0 0 0 1 0 1 1 1 1 1 1 0 0 12785.0 8771.0 12026.0 11750.0 2 0.404169027611381
0 1 1 0 1 1 1 1 0 0 0 0 0 1 1 1 1 0 0 1 0 1 0 1 1 0 0 0 1 1 0 1 0 1 0 0 1 1 1 0 11903.0 9787.0 10849.0 11658.0 2 0.3907075838397224
1 1 0 1 1 0 0 1 0 0 1 0 0 1 0 1 0 1 0 1 0 0 0 0 0 1 1 1 0 1 0 1 1 1 0 0 1 1 0 1 11424.0 9857.0 11964.0 11623.0 2 0.2568378409239644
0 0 0 1 1 0 1 1 1 1 0 0 0 1 0 1 0 1 1 1 0 0 1 1 0 1 1 1 1 0 0 0 1 0 0 0 1 0 1 0 10700.0 10028.0 11337.0 11567.0 2 0.24666364774246669
0 1 0 1 1 1 0 1 1 1 0 0 0 1 0 0 0 1 0 0 0 1 1 1 1 0 1 0 0 0 0 0 1 1 0 0 1 0 1 0 10676.0 10055.0 11248.0 11274.0 2 0.3488031103565582
1 1 0 1 0 1 1 1 1 1 0 1 0 0 0 1 0 0 1 0 0 1 0 0 1 0 0 0 1 1 0 1 0 0 0 0 0 1 1 1 11925.0 10186.0 10155.0 11216.0 2 1000000000000000.2
0 1 0 1 0 0 1 1 0 1 0 1 0 0 0 0 0 1 0 1 0 1 0 1 0 0 1 0 0 1 0 1 1 1 1 1 1 0 0 1 11779.0 8924.0 11858.0 11116.0 2 0.5268957373000095
0 1 0 0 0 1 1 1 1 1 0 1 0 0 0 0 0 1 0 0 0 0 1 1 1 0 0 0 0 0 1 0 1 1 1 1 1 1 0 1 12267.0 10297.0 12029.0 10996.0 2 0.7352303742878423
1 1 0 1 1 0 1 0 0 1 1 0 0 1 0 0 0 1 0 1 1 0 0 1 0 1 0 0 0 0 1 0 0 1 1 0 1 1 1 0 11256.0 9602.0 12135.0 9545.0 2 0.5501223552837013
0 0 0 0 1 1 1 1 0 1 1 1 0 0 0 0 1 0 0 0 1 0 0 1 0 0 1 0 1 0 1 0 1 1 1 1 0 1 0 0 12849.0 7713.0 10709.0 9486.0 2 2000000000000000.5
1 1 0 1 1 0 0 1 1 0 1 0 0 1 0 1 0 1 0 1 0 0 0 0 0 1 1 1 0 0 1 0 1 0 1 0 1 0 1 0 10286.0 9994.0 12105.0 8970.0 2 0.6857404021338038
1 1 0 1 0 0 1 0 1 1 0 1 0 0 0 1 0 1 0 0 0 0 0 1 0 0 0 1 1 1 1 0 1 0 0 0 1 0 1 0 9533.0 10331.0 10348.0 8495.0 2 3000000000000000.0
0 1 0 0 0 1 1 1 0 1 0 0 1 1 0 1 0 0 1 0 1 1 0 0 1 0 0 0 1 1 0 1 0 1 0 0 0 1 0 1 11928.0 8564.0 8306.0 12422.0 3 2000000000000000.0
0 1 0 0 0 1 1 1 0 1 0 0 1 1 0 1 0 0 0 0 1 1 0 0 1 1 1 0 0 0 1 1 1 1 0 1 0 0 0 1 12362.0 8425.0 9335.0 11973.0 3 1000000000000000.1
1 0 1 1 1 0 0 1 1 1 0 0 0 0 0 0 0 0 1 0 1 1 0 1 0 0 1 0 0 1 0 1 1 1 0 0 1 1 0 1 12025.0 8779.0 9668.0 11942.0 3 0.2880834596332407
1 0 1 0 1 0 0 1 1 1 0 0 1 1 1 0 1 1 0 0 1 1 1 0 1 0 1 0 0 0 0 1 1 0 1 0 0 1 0 0 10624.0 9391.0 11058.0 11893.0 3 0.1473379073858338
1 1 1 0 0 0 1 1 0 1 0 0 1 1 0 1 0 0 1 0 1 1 0 0 1 1 0 0 0 1 1 0 1 1 0 0 0 0 0 1 12279.0 8804.0 9084.0 11599.0 3 0.3960860143498353
0 1 0 0 1 1 1 1 0 0 0 0 0 0 0 0 1 1 1 0 1 0 1 1 1 0 1 1 0 0 0 0 1 0 0 0 0 1 1 0 9670.0 8935.0 11511.0 11491.0 3 0.2663875661939531
0 1 0 0 0 1 1 1 1 1 0 0 1 1 0 0 1 1 0 0 0 0 0 1 0 1 0 1 1 1 0 0 0 1 0 1 0 1 1 0 9930.0 9514.0 9757.0 11481.0 3 0.1858263859742359
0 1 1 0 1 1 1 1 0 1 0 0 0 0 0 0 0 1 0 1 1 0 0 1 0 0 1 0 1 0 1 0 1 1 1 1 0 1 0 0 11372.0 9023.0 10673.0 11458.0 3 0.25273257818571215
1 1 0 0 0 1 1 0 1 0 0 0 0 1 1 1 0 0 0 0 1 0 1 1 1 0 1 0 0 0 0 1 0 1 1 1 0 1 1 0 10572.0 8134.0 11104.0 11439.0 3 0.31039568209900875
0 0 0 1 1 0 1 1 1 1 0 0 0 1 0 1 0 1 0 1 0 0 1 1 0 1 1 1 1 0 0 0 1 0 0 0 0 1 1 0 9909.0 9090.0 11701.0 11436.0 3 0.16051446440697376
1 1 0 0 0 0 1 0 1 0 0 0 0 1 1 1 0 0 0 0 1 0 1 1 1 0 1 0 0 0 0 1 0 1 1 1 0 1 1 1 10649.0 8190.0 11676.0 11427.0 3 0.17744015136186997
0 0 0 1 1 0 1 1 1 1 0 0 0 1 0 1 0 1 1 0 0 1 0 0 0 0 0 0 0 1 0 1 1 1 0 0 1 1 0 1 11572.0 9216.0 9359.0 11410.0 3 0.1276223810393855
0 1 0 0 0 1 1 1 0 1 0 0 1 1 0 1 0 0 0 0 1 1 0 0 1 1 1 0 0 1 0 0 1 0 1 1 1 0 1 0 11579.0 8577.0 10457.0 11393.0 3 0.12172796824567983
0 1 1 0 0 1 1 1 0 1 0 0 1 1 1 1 0 0 0 0 1 1 0 0 1 1 0 1 0 0 1 1 1 0 0 0 1 0 1 0 10747.0 9758.0 10002.0 11277.0 3 0.29688291074182915
1 1 1 0 1 0 0 1 0 0 0 0 0 1 0 1 0 1 1 1 0 0 1 0 0 1 1 1 1 0 0 0 1 0 0 0 1 1 1 1 10048.0 9755.0 11423.0 11050.0 3 0.3890133881974981
0 1 0 1 1 1 1 0 1 1 0 0 0 1 0 0 0 1 0 0 0 0 1 0 1 0 1 0 0 0 0 0 1 1 0 1 0 0 0 1 9215.0 10134.0 9224.0 10902.0 3 1000000000000000.1
0 1 0 0 1 1 1 1 0 0 0 0 0 0 0 0 1 1 1 0 0 0 1 1 1 0 1 1 0 0 0 1 0 1 1 1 0 1 1 0 10856.0 9087.0 11838.0 10856.0 3 0.09128557329302074
1 0 1 0 1 0 0 1 1 0 0 0 0 1 0 1 0 1 1 1 0 0 1 0 0 1 1 1 1 0 0 0 1 0 1 0 1 1 1 1 10805.0 10026.0 11805.0 10845.0 3 0.19735131556526894
0 1 0 0 0 1 1 1 1 0 0 0 0 0 0 0 1 0 1 0 0 1 1 1 1 0 1 1 0 0 0 1 0 1 1 1 0 1 1 0 10941.0 8448.0 11485.0 10784.0 3 0.14698714193990453
0 1 1 0 0 1 1 0 1 1 1 0 0 0 1 1 0 0 0 0 0 1 0 1 1 0 0 0 1 1 1 1 0 1 0 0 1 1 1 0 11514.0 10114.0 10236.0 10732.0 3 0.18121198642489184
1 0 1 0 1 0 0 1 1 1 0 0 1 1 1 0 1 1 0 0 1 0 0 0 1 1 1 0 1 0 0 0 1 0 0 0 1 0 1 0 9670.0 10255.0 9727.0 10666.0 3 0.18530766565571002
1 1 0 1 1 0 1 0 0 1 1 0 0 1 0 0 1 0 1 0 1 1 0 1 0 0 0 0 0 0 0 1 1 1 0 0 1 1 0 0 11797.0 8868.0 10424.0 10518.0 3 0.17748052783164714
1 1 0 1 1 0 1 0 0 1 0 0 1 1 0 1 0 0 0 0 1 1 0 0 1 1 0 0 0 1 1 0 1 1 0 0 0 0 0 1 11615.0 9388.0 9364.0 10455.0 3 0.2084262055420834
1 0 0 0 0 1 1 1 0 1 0 0 1 1 0 1 0 0 0 0 1 1 0 0 1 1 1 0 0 0 0 1 0 1 1 1 0 1 1 0 12268.0 7014.0 10209.0 10382.0 3 1000000000000000.2
0 1 0 0 0 1 1 1 0 1 1 0 0 1 0 0 0 1 0 1 1 0 0 1 0 1 0 0 0 0 1 0 0 1 1 0 1 1 1 0 11101.0 8395.0 11255.0 10233.0 3 0.2718210260718199
1 1 1 0 0 0 1 1 0 1 0 0 1 1 0 0 1 1 0 1 0 0 0 1 0 0 0 0 1 0 1 0 1 1 1 1 0 1 0 0 11346.0 8880.0 10977.0 10103.0 3 0.34030576615725255
0 1 1 0 0 0 1 1 0 1 1 1 0 0 0 0 1 0 0 0 1 0 0 1 0 0 1 0 1 0 1 0 1 1 1 1 0 1 0 0 11706.0 7944.0 11085.0 9564.0 3 0.32810112452854806
0 1 0 0 1 1 1 1 0 0 0 1 0 0 0 0 0 1 0 0 0 0 1 1 1 0 0 1 0 0 1 0 1 1 1 1 1 1 0 0 11147.0 9454.0 11879.0 9408.0 3 0.20765850234818897
1 1 0 1 0 1 1 0 1 0 0 1 0 0 0 0 0 1 0 0 0 0 1 1 1 0 0 0 0 0 1 0 1 1 1 1 1 1 0 0 10925.0 10262.0 11926.0 9245.0 3 2000000000000000.2
1 0 0 0 1 1 1 1 0 1 1 1 0 0 0 0 1 0 0 0 1 0 0 1 0 0 1 0 1 0 1 0 1 0 1 0 0 0 0 0 11858.0 7776.0 9879.0 8294.0 3 0.7087692038041133
1 1 1 0 1 0 1 1 0 1 1 1 0 0 0 0 1 0 0 0 1 0 0 1 0 0 0 0 0 0 1 0 0 1 1 0 1 1 1 0 11886.0 8600.0 11375.0 7705.0 3 1000000000000000.1
0 0 0 0 0 1 0 1 1 1 0 0 0 1 0 0 0 0 1 0 1 1 0 1 0 0 0 0 0 1 0 1 1 1 0 0 0 1 1 1 10191.0 6358.0 7749.0 11489.0 4 3000000000000000.0
0 0 1 0 0 0 1 0 1 1 1 0 1 0 1 0 1 1 1 0 1 1 0 1 0 0 0 0 0 1 0 1 1 1 0 0 1 1 0 0 10378.0 8574.0 9517.0 11426.0 4 0.2488721612486804
0 1 1 0 0 0 1 0 0 1 0 0 0 1 1 1 0 0 0 1 0 1 0 1 1 1 0 1 0 1 0 1 1 0 0 0 1 1 1 0 9407.0 8436.0 10280.0 11332.0 4 0.17381708901940363
0 1 1 0 0 0 1 0 0 1 0 0 0 1 1 1 0 0 0 1 0 1 0 1 1 1 0 1 0 1 0 1 1 0 0 0 1 0 1 1 9609.0 9024.0 10024.0 11289.0 4 0.11824109157283118
0 1 0 0 1 1 1 1 0 0 0 0 0 0 0 0 0 0 1 0 1 1 0 1 0 0 0 0 0 1 0 1 1 1 0 0 1 1 0 1 10698.0 7430.0 8617.0 11156.0 4 0.25335654064788204
0 0 0 0 0 1 1 0 0 1 0 0 1 1 0 1 1 0 0 1 1 1 1 1 0 1 0 0 1 0 0 1 1 0 0 0 1 1 1 1 11309.0 8522.0 10418.0 11150.0 4 0.10698677583143217
0 1 0 0 0 1 1 1 0 1 0 0 1 1 0 1 0 0 0 0 1 1 0 0 1 1 0 0 0 1 1 0 1 1 0 0 0 0 0 1 11460.0 8181.0 8484.0 11143.0 4 0.3277892150330401
0 1 0 0 0 0 1 1 0 1 1 0 0 1 0 0 0 1 0 0 1 1 1 0 0 0 0 0 1 0 0 1 1 1 0 0 1 1 0 1 10171.0 9004.0 10690.0 10983.0 4 0.1733225843040802
0 1 1 0 0 0 1 0 0 1 0 0 1 1 1 1 1 0 0 1 0 1 0 1 1 0 0 0 1 1 0 1 0 1 0 0 1 1 1 0 10858.0 9015.0 10130.0 10851.0 4 0.17409567793169764
1 1 0 1 0 1 0 0 0 0 0 0 1 1 1 0 1 0 0 0 1 1 1 0 1 0 1 0 0 0 0 1 1 0 1 0 1 1 0 0 10106.0 9107.0 11230.0 10710.0 4 0.13271394577628448
0 1 1 0 0 0 1 0 0 1 0 0 1 1 1 1 1 0 0 0 0 0 1 1 1 0 1 1 0 0 0 1 0 1 1 1 0 1 1 0 10511.0 8402.0 11484.0 10702.0 4 0.059087893518016
0 0 1 1 0 0 1 0 0 0 1 0 0 1 1 1 0 1 0 1 1 1 1 0 1 0 1 0 0 0 0 1 1 0 1 0 0 1 0 0 9294.0 8082.0 11711.0 10691.0 4 0.09361332762896003
0 1 1 0 1 1 1 1 0 0 0 0 0 0 0 0 0 1 0 1 1 0 0 1 0 0 1 0 1 0 1 0 1 1 1 1 0 1 0 0 10537.0 8464.0 10468.0 10685.0 4 0.17283602821811267
1 0 0 0 0 1 1 1 0 1 0 0 1 1 0 1 0 0 0 0 1 1 0 0 1 1 0 0 0 1 1 0 1 1 0 0 0 0 0 1 12083.0 7733.0 8496.0 10374.0 4 1000000000000000.2
0 1 0 1 1 0 1 0 1 1 0 1 0 0 0 0 0 0 0 1 1 1 1 0 1 0 1 0 0 0 0 1 1 0 1 0 1 1 0 0 10000.0 9601.0 11029.0 10357.0 4 0.16040063002770028
0 0 1 0 1 1 1 1 0 0 0 0 0 0 0 0 1 1 1 1 0 1 0 1 1 0 0 0 1 1 0 1 0 1 0 0 1 1 1 0 11031.0 9342.0 9778.0 10294.0 4 0.22530503699423193
1 1 0 1 0 1 0 0 0 0 0 1 1 1 1 0 1 0 0 1 1 0 1 1 0 0 1 1 1 0 0 0 1 0 0 0 1 0 1 0 9502.0 9401.0 11544.0 10275.0 4 0.1452395132325875
1 1 0 1 0 0 0 0 0 1 0 0 0 1 1 1 0 0 0 1 0 1 0 1 1 0 1 1 1 0 0 0 0 0 0 0 1 1 1 1 10460.0 8933.0 11593.0 10259.0 4 0.19523173547753853
1 1 1 0 0 0 1 1 0 0 0 0 1 0 0 0 1 1 1 0 0 0 1 1 1 0 1 0 0 0 0 1 0 1 1 1 0 1 1 0 10646.0 8381.0 11833.0 10180.0 4 1000000000000000.0
0 0 1 0 0 1 1 0 1 1 1 1 1 0 0 0 1 0 1 1 1 1 0 1 0 0 0 0 0 0 0 1 1 1 0 0 1 1 0 0 11389.0 8038.0 8947.0 10159.0 4 0.3525288892546758
1 1 0 1 0 1 1 1 1 1 0 0 0 1 0 0 0 0 0 0 0 1 0 1 0 1 0 0 0 1 1 1 0 0 1 1 1 0 1 0 11158.0 9555.0 10002.0 10155.0 4 0.16465001780726646
1 1 0 1 0 1 0 0 0 1 0 0 1 1 1 0 1 0 0 0 1 0 0 0 1 1 1 0 1 0 0 0 1 0 0 0 1 0 1 0 9273.0 9633.0 9496.0 10126.0 4 0.45941605336359864
0 0 0 1 0 1 0 1 1 1 0 1 0 0 0 1 1 1 0 0 1 1 0 0 1 1 1 0 0 1 1 0 1 0 1 0 0 0 0 0 11225.0 9138.0 9811.0 10020.0 4 0.15669154002844463
0 0 0 0 1 1 1 1 0 0 0 0 0 0 0 0 1 1 1 0 0 0 1 1 1 0 1 1 0 0 0 1 0 1 1 1 0 1 1 0 10648.0 8127.0 11119.0 9904.0 4 0.1286286050570336
1 1 0 1 1 0 0 1 1 0 1 0 0 1 0 1 0 1 0 0 1 0 0 1 0 0 1 0 1 0 1 0 1 0 1 0 0 0 0 0 10552.0 9108.0 10769.0 9772.0 4 0.1002204239464785
1 1 0 1 0 1 0 0 0 0 0 0 0 0 0 0 1 1 1 0 0 0 1 1 1 0 1 1 0 0 0 1 0 1 1 1 0 1 1 0 9764.0 8938.0 11464.0 9609.0 4 0.19550774393464632
0 0 1 0 0 0 1 1 0 1 1 0 0 1 0 0 0 1 0 0 1 1 1 0 0 0 0 0 1 0 0 1 1 1 1 0 1 0 1 1 10332.0 9148.0 10978.0 9553.0 4 0.19365408489154606
0 1 0 0 0 1 1 1 1 0 0 1 0 0 0 0 0 1 0 0 0 0 1 1 1 0 0 0 0 0 1 0 1 1 1 1 1 1 0 0 10553.0 8978.0 11102.0 9422.0 4 0.10009165813450088
1 1 0 0 0 0 1 0 0 0 1 0 0 0 1 1 0 0 0 0 1 1 0 1 1 0 0 0 1 1 1 1 0 1 0 0 1 1 1 0 10896.0 8303.0 10839.0 9348.0 4 0.1483374920504339
0 1 0 0 0 0 1 1 0 1 0 1 1 0 0 1 0 0 0 0 1 1 0 0 1 0 1 1 0 0 0 1 0 1 1 1 0 1 1 0 10906.0 7053.0 10771.0 9285.0 4 0.3409792350773415
1 1 0 1 1 0 0 1 1 0 1 0 0 1 0 1 0 1 0 1 0 0 0 0 0 1 1 1 0 0 1 0 1 0 0 1 1 0 1 0 9720.0 9711.0 11244.0 9108.0 4 0.2265470965916433
1 1 0 1 1 0 0 1 1 0 1 0 0 0 0 1 0 1 0 0 0 0 0 1 0 0 0 1 1 0 0 0 1 0 0 0 1 1 1 1 9647.0 9818.0 11717.0 8899.0 4 0.25351831669505165
1 1 1 1 1 0 0 1 1 1 0 1 0 0 0 0 0 1 0 1 1 0 0 0 0 0 0 1 0 0 1 1 1 0 0 0 1 0 0 0 8317.0 10104.0 8624.0 8621.0 4 2000000000000000.2
1 0 0 1 1 0 1 0 0 1 1 1 1 0 0 0 0 1 0 0 0 0 1 0 1 0 1 0 0 0 0 1 0 1 1 1 0 1 1 0 10602.0 8520.0 11740.0 8138.0 4 0.40881598881707193
0 0 0 0 1 1 1 1 0 1 1 1 0 0 0 0 1 0 0 0 1 0 0 1 0 0 0 0 0 0 1 0 0 1 1 0 1 1 1 0 11613.0 7230.0 10062.0 7142.0 4 1000000000000000.2
0 0 0 1 0 1 0 1 1 1 0 0 0 1 0 0 0 0 1 0 1 1 0 1 0 0 0 0 0 1 0 1 1 1 0 0 1 1 0 0 10334.0 7184.0 7603.0 11244.0 5 3000000000000000.0
1 1 0 1 1 0 0 1 1 0 1 0 0 0 0 1 0 1 0 0 0 0 0 1 0 0 0 1 1 0 1 0 1 0 0 0 1 0 1 0 8967.0 9478.0 10463.0 7331.0 5 3000000000000000.0
1 1 0 0 0 0 1 0 0 0 1 1 1 0 0 0 0 1 0 1 1 0 0 1 0 1 0 0 0 0 1 0 0 1 1 0 1 1 1 0 9859.0 7410.0 11232.0 7399.0 5 1000000000000000.6
1 0 1 1 1 0 0 1 1 1 0 0 0 0 0 0 0 0 1 0 1 1 0 1 0 0 0 0 0 1 0 1 1 1 0 0 1 1 0 1 11196.0 8493.0 8774.0 10966.0 5 1000000000000000.5
