1 0 1 1 1 0 1 1 1 1 1 0 1 1 0 1 1 0 0 0 0 1 1 0 1 0 1 0 0 1 1 1 1 1 0 1 0 0 0 0 0 1 1 0 1 1 1 1 1 1 0 1 1 1 0 0 1 1 1 0 1 0 1 1 0 0 1 1 0 1 1 0 1 0 1 1 1 1 1 1 1 0 0 0 0 0 1 1 0 0 1 1 1 1 1 1 1 0 0 1 33205.0 30065.0 35623.0 0 1000000000000000.4
1 0 1 1 1 0 1 1 1 1 1 0 1 1 0 1 1 0 1 0 0 1 1 0 1 0 1 0 0 1 1 1 1 1 0 1 0 0 0 0 0 1 1 0 1 1 1 1 1 1 0 1 1 1 0 0 1 1 1 0 1 0 1 1 0 0 1 1 0 1 1 0 1 0 1 0 1 1 1 1 1 1 0 0 0 0 1 1 1 0 0 0 1 1 1 1 1 0 1 0 33544.0 30186.0 35082.0 0 0.1832820429811413
1 0 1 1 1 0 1 1 1 0 1 0 1 1 0 1 1 1 0 0 0 1 1 0 1 0 1 0 0 1 1 1 1 1 0 1 0 0 0 0 0 1 1 0 0 1 1 1 1 1 0 1 1 1 0 0 1 1 1 0 1 0 1 1 0 0 1 1 0 1 1 0 1 0 1 1 1 1 1 1 1 0 0 0 0 0 1 1 0 0 1 1 1 1 1 1 0 0 1 1 33824.0 29359.0 34825.0 0 0.16708514497520896
1 0 1 1 1 0 1 1 1 0 1 0 1 1 0 1 1 1 0 0 0 1 1 0 1 0 1 0 0 1 1 1 1 1 0 1 0 0 0 0 0 1 1 0 0 1 1 1 1 1 0 1 1 1 0 0 1 1 1 0 1 0 1 1 0 0 1 1 0 1 1 0 1 0 1 1 1 1 1 1 1 0 0 0 0 0 1 1 0 0 1 1 1 1 1 1 1 0 1 0 33512.0 30223.0 34539.0 0 0.0895336332510285
1 0 1 1 1 0 1 1 1 0 0 0 1 1 0 1 1 1 1 0 0 1 1 0 1 0 1 0 0 1 1 1 1 1 0 1 0 0 0 0 0 1 1 0 0 1 1 1 1 1 0 1 1 1 0 0 1 1 1 0 1 1 1 1 0 0 1 1 0 1 1 0 1 0 1 0 1 1 1 1 1 1 0 0 0 0 1 1 1 0 0 0 1 1 1 1 1 0 1 0 33547.0 30081.0 34468.0 0 0.08987419036908657
1 0 1 1 1 0 1 1 1 0 1 1 1 1 0 1 1 1 0 0 0 1 1 0 1 0 1 0 0 1 1 1 1 1 0 1 0 0 0 0 0 1 1 0 0 1 1 1 1 1 0 1 1 1 0 0 1 1 1 0 1 1 1 1 0 0 1 1 0 1 1 0 1 0 1 0 1 1 1 1 1 1 0 0 0 0 1 1 1 0 0 0 1 1 1 1 1 0 1 0 33842.0 30667.0 34387.0 0 0.06348507805971695
1 0 1 1 1 0 1 1 1 1 1 0 1 1 0 1 1 1 0 0 0 1 1 0 1 0 1 0 0 1 1 1 1 1 0 1 0 0 0 0 0 1 1 0 1 1 1 1 1 1 0 1 1 1 0 0 1 1 1 0 0 1 1 1 0 0 1 0 0 1 1 0 1 1 0 1 1 1 1 1 1 0 0 0 0 0 1 0 1 0 0 0 1 1 1 1 1 0 1 1 33322.0 31183.0 34374.0 0 0.09119333142441732
1 0 1 1 1 0 1 1 1 1 1 0 1 1 0 1 1 1 0 0 0 1 1 0 1 0 1 0 0 1 1 1 0 1 0 1 0 0 0 0 0 1 1 0 0 1 1 0 1 1 0 1 1 1 0 0 1 1 1 0 1 1 1 1 0 0 1 1 0 1 1 0 1 0 1 1 1 1 1 1 1 1 1 0 0 0 0 0 1 0 0 0 1 1 1 1 1 0 1 0 34029.0 29589.0 34370.0 0 0.08440021603053409
1 0 1 1 1 0 1 1 1 1 1 0 1 1 0 1 1 0 0 0 0 1 1 0 1 0 1 0 0 1 1 1 1 1 0 1 0 0 0 0 0 1 1 0 1 1 1 1 1 1 0 1 1 1 0 0 1 1 1 0 1 1 1 1 0 1 1 1 0 1 1 1 1 0 1 0 1 0 1 1 1 1 0 0 0 0 1 0 1 0 0 0 1 1 1 1 1 0 1 0 34222.0 29590.0 34239.0 0 0.09708751930507056
1 0 1 1 1 0 1 1 1 1 1 0 1 1 0 1 1 1 0 0 0 1 1 0 1 0 1 0 0 1 1 1 1 1 0 1 0 0 0 0 0 1 1 0 1 1 1 1 1 1 0 1 1 1 0 0 1 1 1 0 1 1 1 1 0 0 1 1 0 1 1 0 1 1 0 0 1 1 1 1 1 1 0 1 0 0 1 0 1 0 0 0 1 1 1 1 1 0 0 0 33317.0 32372.0 34136.0 0 0.18431726297956078
1 0 1 1 1 0 1 1 1 1 1 0 1 1 0 1 1 1 0 0 0 1 1 0 1 0 1 0 0 1 1 1 1 1 0 1 0 0 0 0 0 1 1 0 1 1 1 1 1 1 0 1 1 1 0 0 1 1 1 0 0 1 1 1 0 0 1 0 0 1 1 0 1 1 0 1 1 1 1 1 1 1 0 0 0 0 1 0 1 0 0 0 1 1 1 1 1 0 1 0 33398.0 31429.0 33910.0 0 0.13522273904079418
1 0 1 1 1 0 1 1 1 0 0 0 1 1 0 1 1 1 1 0 0 1 1 0 1 0 1 0 0 1 1 1 0 1 0 1 0 0 0 0 0 1 1 0 0 1 1 1 1 1 0 1 1 1 0 0 1 1 1 0 1 1 1 1 0 0 1 1 0 1 1 0 1 0 1 1 1 1 1 1 1 1 1 0 0 0 0 0 1 0 0 0 1 1 1 1 1 0 1 0 34006.0 29974.0 33856.0 0 0.04752250865757925
1 0 1 1 1 0 1 1 1 1 1 0 1 1 0 1 1 1 0 0 0 1 1 0 1 0 1 0 0 1 1 1 1 1 0 1 0 0 0 0 0 1 1 0 1 1 1 1 1 1 0 1 1 1 0 0 1 1 1 0 1 1 1 1 0 1 1 1 0 1 1 1 1 0 1 1 1 0 1 0 1 0 0 0 0 0 0 0 1 0 0 0 1 1 1 1 1 0 1 0 34174.0 29953.0 33847.0 0 0.026423537966900498
1 0 1 1 1 0 1 1 1 0 1 0 1 1 0 1 1 1 0 0 0 1 1 0 1 0 1 0 1 1 1 1 1 1 0 1 0 0 0 0 0 1 1 0 1 1 1 0 1 1 0 1 1 1 1 0 0 1 1 1 1 1 1 1 0 0 0 0 0 1 1 0 1 0 1 1 1 1 1 1 1 1 0 0 0 0 0 0 1 0 0 1 1 1 1 1 0 0 1 1 34605.0 29352.0 33833.0 0 0.060553349344969726
1 0 1 1 1 0 1 1 1 1 1 0 1 1 0 1 1 0 1 0 0 1 1 0 1 0 1 0 0 1 1 1 1 1 0 1 0 0 0 0 0 1 1 0 1 1 1 1 1 1 0 1 1 1 0 0 1 1 1 0 1 0 1 1 0 0 0 1 0 1 1 0 1 1 0 1 1 1 1 1 1 1 0 0 0 0 1 0 1 0 0 0 1 1 1 1 1 0 1 0 33828.0 30758.0 33802.0 0 0.1031530425176066
1 0 1 1 0 0 1 1 1 1 1 1 1 1 0 1 1 0 0 1 0 1 1 0 1 1 1 0 0 1 1 1 0 1 0 1 0 0 0 0 0 1 1 0 1 1 1 1 1 1 0 1 1 1 0 0 1 1 1 0 1 1 1 1 0 0 1 0 0 1 1 0 1 0 1 1 1 1 1 1 1 1 1 0 0 0 0 0 1 0 0 0 1 1 1 1 1 0 1 0 34452.0 30087.0 33719.0 0 0.0925912970692094
1 0 1 1 1 0 1 1 1 0 1 0 1 1 0 1 1 1 0 0 0 1 1 0 1 0 1 0 0 1 1 1 0 1 0 1 0 0 0 0 0 1 1 0 0 1 1 1 1 1 0 1 1 1 0 0 1 1 1 0 1 1 1 1 0 0 1 1 0 1 1 0 1 0 1 1 1 1 1 1 1 1 1 0 0 0 0 0 1 0 0 0 1 1 1 1 1 0 1 0 34150.0 30199.0 33661.0 0 0.09773736184350318
1 0 1 1 1 0 1 1 1 0 1 0 1 1 0 1 1 1 0 0 0 1 1 0 1 0 1 0 1 1 1 1 1 1 0 1 0 0 0 0 0 1 1 0 1 1 1 0 1 1 0 1 1 1 1 0 0 1 1 1 1 1 1 1 0 0 0 0 0 1 1 0 1 1 0 1 1 1 1 1 1 1 0 0 0 0 0 0 1 0 0 1 1 1 1 1 0 0 1 1 34509.0 29861.0 33306.0 0 0.16429628079288583
1 0 1 1 1 0 1 1 1 1 1 0 1 1 0 1 1 1 0 0 0 1 1 0 1 0 1 0 0 1 1 1 0 1 0 1 0 0 0 0 0 1 1 0 0 1 1 0 1 1 0 1 1 1 0 0 1 1 1 0 1 1 1 1 0 0 1 1 0 1 1 0 1 1 1 0 1 1 1 1 1 1 0 0 0 0 1 0 1 0 0 0 1 1 1 1 1 0 1 0 33938.0 30244.0 33263.0 0 0.09098596646917434
1 0 1 1 1 0 1 1 1 1 1 0 1 1 0 1 1 1 0 0 0 1 1 0 1 0 1 0 0 1 1 1 0 1 0 1 0 0 0 0 0 1 1 0 1 1 1 1 1 1 0 1 1 1 1 0 1 1 1 0 0 1 1 1 0 0 1 0 0 1 1 0 1 1 0 1 1 1 1 1 1 1 0 0 0 0 1 0 1 0 0 0 1 1 1 1 1 0 1 0 33487.0 31365.0 33209.0 0 0.06673936644257099
1 0 1 1 1 0 1 1 1 0 1 0 1 1 0 1 1 1 0 0 0 1 1 0 1 0 1 0 1 1 1 1 1 1 0 1 0 0 0 0 0 1 1 0 1 1 1 0 1 1 0 1 1 1 1 0 0 1 1 1 1 1 1 1 0 0 0 0 0 1 1 0 1 1 0 1 1 1 1 1 1 1 1 0 0 0 0 0 1 0 0 0 1 1 1 1 1 0 1 0 34217.0 30556.0 33185.0 0 0.040438885974038816
1 0 1 1 1 0 1 1 1 0 1 1 1 1 0 1 1 1 0 0 0 1 1 0 1 0 1 0 0 1 1 1 1 1 0 1 0 0 0 0 0 1 1 0 0 1 1 1 1 1 0 1 1 1 0 0 1 1 1 0 1 1 1 1 0 0 0 1 0 1 1 0 1 1 0 1 1 1 1 1 1 1 0 0 0 0 1 0 1 0 0 0 1 1 1 1 1 0 1 0 34126.0 31239.0 33107.0 0 0.08135465665688416
1 0 1 1 0 0 1 1 1 1 1 1 1 1 0 1 1 1 1 0 0 1 1 0 1 0 1 0 0 1 1 1 0 1 0 1 0 0 0 0 0 1 1 0 0 1 1 1 1 1 0 1 1 1 0 0 1 1 1 0 1 1 1 1 0 0 1 1 0 1 1 0 1 1 0 1 1 1 1 1 1 1 0 0 0 1 0 0 1 0 0 0 1 1 1 1 1 0 1 0 34671.0 30483.0 33035.0 0 0.07388338277167095
1 0 1 1 1 0 1 1 1 0 1 0 1 1 0 1 1 1 0 0 0 1 1 0 1 0 1 0 1 1 1 1 1 1 0 1 0 0 0 0 0 1 1 0 1 1 1 1 1 1 0 1 1 1 0 0 1 1 1 0 1 1 1 1 0 0 1 0 0 1 0 0 1 1 0 1 1 1 1 1 1 1 0 0 0 0 1 0 1 0 0 0 1 1 1 1 1 0 1 0 34175.0 31675.0 33025.0 0 0.11946896962318146
0 0 1 1 0 0 1 1 1 1 1 1 1 1 0 1 1 0 0 1 0 1 1 0 1 1 1 0 0 1 1 1 0 1 0 1 0 0 0 0 0 1 1 0 1 1 1 1 1 1 0 1 1 1 0 0 1 1 1 0 1 1 1 1 0 0 1 0 0 1 1 0 1 1 0 1 1 1 1 1 1 1 0 0 0 0 1 0 1 0 0 0 1 1 1 1 1 0 1 0 34197.0 30606.0 32721.0 0 0.12293838019129183
1 0 1 1 0 0 1 1 1 1 1 1 1 1 0 1 1 0 0 1 0 1 1 0 1 1 1 0 0 1 1 1 0 1 0 1 0 0 0 0 0 1 1 0 1 1 1 1 1 1 0 1 1 1 0 0 1 1 1 0 1 1 1 1 0 0 1 0 0 1 0 0 1 1 0 1 1 1 1 1 1 1 0 0 0 0 1 0 1 0 0 0 1 1 1 1 1 0 1 0 34266.0 30505.0 32535.0 0 0.10902283127050146
1 0 1 1 1 0 1 1 1 0 1 1 1 1 0 1 1 1 0 0 0 1 1 0 1 0 0 0 0 1 1 1 1 1 0 1 0 0 0 0 0 1 1 1 1 1 1 1 1 1 0 1 1 1 0 0 1 1 1 0 0 1 1 0 0 0 1 0 0 1 1 0 1 1 0 0 1 1 1 1 1 1 0 1 1 0 1 0 1 0 0 0 1 1 1 1 1 0 1 0 30543.0 33683.0 32461.0 0 0.2994314226277007
1 0 1 1 1 0 1 1 1 0 0 0 1 1 0 1 1 1 0 0 0 1 1 0 1 0 1 1 1 1 1 1 1 1 0 1 0 0 0 0 0 1 1 0 1 1 1 1 1 1 0 1 1 1 0 0 1 1 1 0 0 1 1 0 0 0 1 0 0 1 1 0 1 1 0 0 1 1 1 1 1 1 0 1 0 0 1 1 1 0 0 0 1 1 1 1 1 0 0 0 31264.0 32663.0 32417.0 0 0.258266303845535
1 0 1 1 1 0 1 1 1 0 1 1 1 1 0 1 1 1 0 0 0 1 1 0 1 0 1 0 0 1 1 1 1 1 0 1 0 0 0 0 0 1 1 1 1 1 1 1 1 1 0 1 1 1 0 0 1 1 1 0 0 1 1 0 0 0 1 0 0 1 1 0 1 1 0 0 1 1 1 1 1 1 0 1 1 0 1 0 1 0 0 0 1 1 1 1 1 0 0 0 30523.0 33723.0 32406.0 0 1000000000000000.1
1 0 1 1 0 0 1 1 1 1 1 0 1 1 0 1 1 0 0 0 0 1 1 0 1 1 1 0 1 1 1 1 0 1 0 1 1 1 0 0 0 1 0 0 1 1 1 0 1 1 0 1 1 1 1 0 0 1 1 1 1 1 1 1 0 0 0 0 0 1 1 0 1 1 0 1 1 1 1 1 1 1 0 0 0 0 1 0 1 0 0 0 1 1 1 1 1 0 1 0 34698.0 29366.0 32227.0 0 0.08884195993142074
1 0 1 1 1 0 1 1 1 0 0 0 1 1 0 1 1 1 0 0 0 1 1 0 1 0 1 0 1 1 1 1 1 1 0 1 0 0 0 0 0 1 1 0 1 1 1 1 1 1 0 1 1 1 0 0 1 1 1 0 1 0 1 1 0 0 0 1 0 1 1 0 1 1 0 1 1 1 1 1 1 1 0 0 0 1 1 0 1 0 0 0 1 1 1 1 1 0 1 0 34721.0 31779.0 32183.0 0 0.17142834790611763
1 0 1 1 0 0 1 1 1 1 1 1 1 1 0 1 1 0 0 1 0 1 1 0 1 1 1 0 0 1 1 1 0 1 0 1 0 0 0 0 0 1 1 0 0 1 1 1 1 0 1 1 0 1 1 0 0 0 1 1 1 0 1 1 0 1 1 1 0 1 1 0 1 0 1 1 1 1 1 1 1 1 1 0 0 0 0 0 1 0 0 0 1 1 1 1 1 0 1 0 34983.0 28684.0 32124.0 0 0.16596424864192555
1 0 1 1 1 0 1 1 1 0 1 1 1 1 0 1 1 1 0 0 0 1 1 0 1 0 0 0 0 1 1 1 1 1 0 1 1 1 0 0 0 1 1 1 1 1 1 1 1 1 1 1 1 1 0 0 1 1 1 0 0 1 1 1 0 0 0 0 0 1 1 0 1 1 0 0 1 1 1 1 1 1 0 1 0 0 1 0 1 0 0 0 1 1 1 1 1 0 0 0 31137.0 34155.0 32004.0 0 1000000000000000.2
1 0 1 1 1 0 1 1 1 0 1 1 1 1 0 1 1 1 0 0 0 1 1 0 1 0 1 0 0 1 1 1 0 1 0 1 0 0 0 0 0 1 1 0 0 1 1 0 1 1 0 1 0 0 1 0 0 0 1 1 1 1 1 1 0 1 1 1 0 1 1 1 1 1 0 1 1 0 1 1 1 1 0 0 0 0 1 0 1 0 0 0 1 1 1 1 1 0 1 0 34933.0 29073.0 31485.0 0 0.2697086552875249
1 0 1 1 1 0 1 1 1 0 1 1 1 1 0 1 1 1 0 0 0 1 1 0 1 0 1 0 0 1 1 1 0 1 0 1 1 1 0 0 0 1 1 1 1 1 1 1 1 1 0 1 1 1 0 0 1 1 1 0 0 1 1 0 0 0 1 0 0 1 1 0 1 1 0 0 1 1 1 1 1 1 0 1 0 0 1 0 1 0 0 0 1 1 1 1 1 0 0 0 31225.0 33689.0 31256.0 0 0.09044061034954687
0 0 1 1 0 0 1 1 1 1 1 1 1 1 0 1 1 1 1 0 0 1 1 0 1 0 1 0 0 1 1 1 0 1 0 1 0 0 0 0 0 1 1 0 1 1 1 1 1 0 1 1 0 1 1 0 0 0 1 1 1 0 0 1 0 1 1 1 0 1 1 1 1 1 0 1 1 0 1 1 1 1 0 0 0 1 0 0 1 0 0 1 1 1 1 1 0 0 1 1 35123.0 27911.0 31190.0 0 0.09546757242193081
1 0 1 1 1 0 1 1 1 1 1 0 1 1 0 1 1 1 0 0 0 1 1 0 0 0 1 1 1 1 0 1 0 1 0 1 1 0 0 0 0 1 1 0 0 1 1 1 1 1 0 1 1 1 0 0 1 1 1 0 0 1 1 1 0 0 1 0 0 1 1 0 1 1 0 0 1 1 1 1 1 1 0 1 0 0 0 0 1 0 0 0 1 1 1 1 1 0 0 0 31610.0 32540.0 31155.0 0 0.14315675725890747
0 0 1 1 0 0 1 1 1 1 1 1 1 1 0 1 1 0 0 0 0 1 1 0 1 1 1 0 0 1 1 1 0 1 1 1 0 0 0 0 0 1 1 0 1 1 1 1 1 0 1 1 0 1 1 0 0 0 1 1 1 0 0 1 0 1 1 1 0 1 1 1 1 1 0 1 1 0 1 1 1 1 0 0 0 1 0 0 1 0 0 1 1 1 1 1 0 0 1 1 35282.0 27431.0 31101.0 0 1000000000000000.0
1 0 1 1 0 0 1 1 1 1 1 1 1 1 0 1 1 0 0 1 0 1 1 0 1 1 1 0 0 1 1 1 0 1 0 1 0 0 0 0 0 1 1 0 0 1 1 0 1 0 1 1 0 1 1 0 0 0 1 1 1 0 1 1 0 1 1 1 0 1 1 1 1 1 0 1 1 0 1 1 1 1 0 0 0 0 1 0 1 0 0 0 1 1 1 1 1 0 1 0 35008.0 27985.0 31001.0 0 0.15319818520976275
0 0 1 1 0 0 1 0 1 1 1 1 1 1 0 1 1 1 0 0 0 1 1 0 1 1 1 0 0 1 1 1 0 1 1 1 0 0 0 0 0 1 1 0 1 1 1 1 1 0 1 1 0 1 1 0 0 0 1 1 1 0 0 1 0 1 1 1 0 1 1 1 1 1 0 1 1 0 1 1 1 1 0 0 0 1 0 0 1 0 0 1 1 1 1 1 0 0 1 1 35183.0 27680.0 30961.0 0 0.12550097333147478
0 0 1 1 0 0 1 1 1 1 1 1 1 1 0 1 1 0 0 0 0 1 1 0 1 1 1 0 0 1 1 1 0 1 1 1 0 0 0 0 0 1 1 0 1 1 1 1 1 0 1 1 0 1 1 0 0 0 1 1 1 0 1 1 0 1 1 1 0 1 1 1 1 1 0 1 1 0 1 1 1 1 0 0 0 1 0 0 1 0 0 0 1 1 1 1 1 0 1 0 35505.0 28759.0 30890.0 0 1000000000000000.0
1 0 1 1 1 0 1 1 1 0 1 0 1 1 0 1 1 1 0 0 0 1 1 0 0 0 1 1 1 1 1 1 0 1 0 1 0 1 0 0 0 1 0 1 1 1 1 1 1 1 0 1 1 1 0 0 1 1 1 0 0 1 1 1 1 0 1 0 0 1 0 0 1 1 0 0 1 1 1 1 1 1 0 0 0 0 0 0 1 0 0 0 1 1 1 1 1 0 1 0 31707.0 32418.0 30835.0 0 0.3853376770770891
1 0 1 1 0 0 1 1 1 1 1 1 1 1 0 1 1 0 0 1 0 1 1 0 1 1 1 0 0 1 1 1 0 1 0 1 0 0 0 0 0 1 1 0 0 1 1 1 1 0 1 1 0 1 1 0 0 0 1 1 1 0 1 1 0 1 1 1 0 1 1 0 1 1 0 1 1 1 1 1 1 1 0 0 0 1 0 0 1 0 0 0 1 1 1 1 1 0 1 0 35034.0 29231.0 30689.0 0 0.10697625799099048
1 0 1 1 0 0 1 1 1 1 1 1 1 1 0 1 1 0 0 0 0 1 1 0 1 1 1 0 0 1 0 1 0 1 1 1 0 0 0 0 0 1 1 0 1 1 1 1 1 0 1 1 0 1 1 0 0 0 1 1 1 0 1 1 0 1 1 1 0 1 1 1 1 1 0 1 1 0 1 1 1 1 0 0 0 1 0 0 1 0 0 0 1 1 1 1 1 0 1 0 35324.0 28777.0 30623.0 0 1000000000000000.1
1 0 1 1 1 0 1 1 1 1 1 0 1 1 0 1 1 0 1 0 0 1 0 0 1 0 1 0 0 1 1 1 1 1 0 1 0 0 0 0 0 1 1 0 1 1 1 1 1 1 0 1 1 1 0 0 1 1 1 0 1 1 1 1 0 1 1 0 0 1 1 1 1 0 1 0 1 0 0 0 1 1 0 0 0 0 1 1 0 0 1 1 1 1 1 1 0 0 1 1 32665.0 26717.0 35015.0 1 2000000000000000.0
1 0 1 1 1 0 1 1 1 1 1 0 1 1 0 1 1 0 1 0 1 1 0 0 1 0 1 0 0 1 1 1 1 1 0 1 0 0 0 0 0 1 1 0 1 1 1 1 1 1 0 1 1 1 0 0 1 1 1 0 1 1 1 1 0 1 1 0 0 1 1 1 1 0 1 0 1 0 0 0 1 1 0 0 0 0 1 1 0 0 1 1 1 1 1 1 0 0 0 1 32432.0 26982.0 34904.0 1 0.2465630834198086
1 0 1 1 1 0 1 1 1 1 1 0 1 1 0 1 1 0 1 0 0 1 1 0 1 0 1 0 0 1 1 1 0 1 0 1 0 0 0 0 0 1 1 0 0 1 1 0 1 1 0 1 1 1 0 0 1 1 1 0 1 1 1 1 0 0 1 1 0 1 1 0 1 0 1 1 1 1 1 1 1 1 1 0 0 0 0 0 1 0 0 0 1 1 1 1 1 0 1 0 33422.0 28830.0 34856.0 1 0.09068087071955583
0 0 1 1 0 0 1 1 1 1 1 1 0 1 0 1 1 1 1 0 0 1 1 0 1 0 1 0 0 1 1 1 0 1 0 1 0 0 0 0 0 1 1 0 0 1 1 1 1 1 0 1 1 1 0 0 1 1 1 0 1 1 1 1 0 0 1 1 0 1 1 0 1 1 0 1 1 1 1 1 1 0 0 0 0 0 1 1 1 0 0 1 0 1 1 1 1 0 1 0 32876.0 29437.0 34796.0 1 0.11759663880526336
1 0 1 1 1 0 1 1 1 0 1 0 1 1 0 1 1 0 0 0 0 1 1 0 1 0 1 0 0 1 1 1 1 1 0 1 0 0 0 0 0 1 1 0 1 1 1 1 1 1 0 1 1 1 0 0 1 1 1 0 1 0 1 1 0 0 1 1 0 1 1 0 1 0 1 1 1 1 1 1 1 0 0 0 0 0 1 1 0 0 1 1 1 1 1 1 1 0 0 1 32775.0 29951.0 34747.0 1 0.095936998862683
1 0 1 0 1 0 1 1 1 1 1 0 1 1 0 1 1 0 0 0 0 1 0 1 1 0 1 0 0 1 1 1 0 1 0 1 0 0 0 0 0 1 1 0 0 1 1 1 1 1 0 1 1 1 0 0 1 1 1 0 1 0 1 1 0 0 1 1 0 1 1 0 1 0 1 1 1 1 1 1 1 0 0 0 0 0 1 1 0 0 1 1 1 1 1 1 1 0 1 1 33449.0 27861.0 34657.0 1 0.2797863249603655
1 0 1 1 1 0 1 1 1 1 0 0 1 1 0 1 1 1 0 0 0 1 1 0 1 0 1 0 0 1 1 1 0 1 0 1 0 0 0 0 0 1 1 0 0 1 1 1 1 1 0 1 1 1 0 0 1 1 1 0 1 0 1 1 0 0 1 1 0 1 1 0 1 0 1 1 1 1 1 1 1 0 0 0 0 0 1 1 0 0 1 1 1 1 1 1 0 0 1 1 33787.0 29030.0 34347.0 1 0.13787619791859418
0 0 1 1 0 0 1 1 1 1 1 1 0 1 0 1 1 1 1 0 0 1 1 0 1 0 1 0 0 1 1 1 0 1 0 1 0 0 0 0 0 1 1 0 0 1 1 1 1 1 0 1 1 1 0 0 1 1 1 0 1 1 1 1 0 0 1 1 0 1 1 0 1 1 0 1 1 1 1 1 1 1 0 1 1 0 1 0 1 0 0 0 1 1 1 1 1 0 0 0 32956.0 31136.0 34158.0 1 0.11085241573489714
1 0 1 1 1 0 1 1 1 0 1 0 1 1 0 1 1 1 0 0 0 1 1 0 1 0 1 0 0 1 1 1 0 1 0 1 0 0 0 0 0 1 1 0 0 1 1 1 1 1 0 1 1 1 0 0 1 1 1 0 1 0 1 1 0 0 1 1 0 1 1 0 1 0 1 1 1 1 1 1 1 0 0 0 0 0 1 1 0 0 1 1 1 1 1 1 0 0 1 1 33766.0 29256.0 34032.0 1 0.07916597413981497
1 0 1 1 0 0 1 1 1 1 1 0 1 1 0 1 1 0 0 0 0 1 1 0 1 1 1 0 1 1 1 1 0 1 0 1 1 1 0 0 0 1 1 0 1 1 1 1 1 1 0 0 1 1 0 0 1 1 1 0 1 1 1 1 0 0 1 1 0 1 0 0 1 0 0 0 1 1 1 1 1 0 0 0 0 0 1 1 1 0 0 0 1 1 1 1 1 0 1 1 33831.0 28907.0 33989.0 1 0.05711739623659587
1 0 1 1 1 0 1 1 1 1 1 0 1 1 0 1 1 1 0 0 0 1 1 0 1 0 1 0 0 1 1 1 0 1 0 1 0 0 0 0 0 1 1 0 0 1 1 0 1 1 0 1 1 1 0 0 1 1 1 0 1 1 1 1 0 0 1 1 0 1 1 0 1 0 1 1 1 1 1 1 1 1 0 0 0 0 1 0 1 0 0 0 1 1 1 1 1 1 0 0 33742.0 30260.0 33914.0 1 0.030742763578071104
1 0 1 1 1 0 1 1 1 0 1 1 1 1 0 1 1 1 0 0 0 1 1 0 1 0 1 0 0 1 1 1 1 1 0 1 0 0 0 0 0 1 1 1 0 1 1 1 1 1 0 1 1 1 0 0 1 1 1 0 1 1 1 1 0 0 1 1 0 1 1 0 1 0 1 0 1 1 1 1 1 1 0 0 0 0 0 1 1 0 0 0 1 1 1 1 1 0 1 0 33395.0 31305.0 33896.0 1 0.07459885452121023
1 0 1 1 1 0 1 1 1 0 1 0 1 1 0 1 1 1 0 0 0 1 1 0 1 0 1 0 0 1 1 1 0 1 1 1 0 0 0 0 0 1 1 0 0 1 1 0 1 1 0 1 1 1 0 0 1 1 1 0 1 1 1 1 0 0 1 1 0 1 1 0 1 0 1 1 1 1 1 1 1 1 1 0 0 0 0 0 1 0 0 0 1 1 1 1 1 0 1 0 34050.0 29868.0 33710.0 1 0.13495137692892303
1 0 1 1 1 0 1 1 1 1 1 0 1 1 0 1 1 1 0 0 0 1 1 0 1 0 1 0 0 1 1 1 1 1 0 1 0 0 0 0 0 1 1 0 1 1 1 1 1 1 0 1 1 1 0 0 1 1 1 0 1 1 1 1 0 0 1 1 0 1 1 0 1 1 1 1 1 0 1 0 1 0 0 0 0 0 0 0 1 0 0 0 1 1 1 1 1 0 1 0 33823.0 30239.0 33425.0 1 0.09919178955206853
1 0 1 1 1 0 1 1 1 1 1 0 1 1 0 1 0 1 0 0 0 1 1 0 1 1 1 0 0 1 1 1 0 1 0 1 0 0 0 0 0 1 1 0 1 1 1 1 1 1 0 1 1 1 0 0 1 1 1 0 0 1 1 1 0 0 1 0 0 1 1 0 1 1 0 1 1 1 0 1 1 1 0 0 0 0 1 0 1 0 1 0 1 1 1 1 1 0 1 0 33728.0 30422.0 33423.0 1 0.045487362737194746
1 0 1 1 1 0 1 1 1 0 0 0 1 1 0 1 1 1 0 0 0 1 1 0 1 0 1 0 0 1 1 1 0 1 0 1 0 1 0 0 0 1 1 0 0 1 1 1 1 1 0 1 1 1 0 0 1 0 1 0 1 1 1 1 0 0 1 1 0 1 1 0 1 0 1 1 1 1 1 1 1 1 1 0 0 0 1 0 1 0 0 0 1 1 1 1 1 0 1 0 34215.0 30046.0 33376.0 1 0.11005420029070397
1 0 1 1 1 0 1 1 1 0 0 0 1 1 0 1 1 1 0 0 1 1 1 0 1 0 1 0 0 1 0 1 0 1 0 1 0 0 0 0 0 1 1 0 1 1 1 1 1 1 0 1 1 1 0 0 1 1 1 0 1 1 1 1 0 0 1 1 0 1 1 0 1 0 1 0 1 1 1 1 1 1 0 0 0 0 1 1 1 0 0 0 1 1 1 1 1 0 1 0 33841.0 30585.0 33283.0 1 0.1425367038714716
1 0 1 1 1 0 1 1 1 1 1 0 1 1 0 1 1 0 1 0 0 1 1 0 1 0 1 0 0 1 1 1 1 1 1 1 0 0 0 0 0 1 1 0 1 1 1 1 1 1 0 1 1 1 0 0 1 1 1 0 1 0 1 0 0 0 1 0 0 1 1 0 1 1 0 0 1 1 1 1 1 1 0 1 0 0 1 1 1 0 0 0 1 1 1 1 1 0 0 0 31224.0 31616.0 33106.0 1 0.09114619313408659
1 0 1 1 1 0 1 1 1 0 1 0 1 1 0 1 1 1 0 0 0 1 1 0 1 0 1 0 0 1 1 1 1 1 0 1 0 0 0 0 0 1 1 0 1 1 1 1 1 1 0 1 1 1 0 0 1 1 1 0 0 1 1 1 0 0 1 0 0 1 1 0 1 1 0 1 1 1 1 1 1 1 0 0 0 0 1 0 1 0 0 0 1 1 1 1 1 0 1 0 32968.0 31315.0 33034.0 1 0.11860354085233235
1 0 1 1 1 0 1 1 1 0 1 0 1 1 0 1 1 1 0 0 0 1 1 0 1 0 1 0 1 1 1 1 1 1 0 1 0 0 0 0 0 1 1 0 1 1 1 0 1 1 0 1 1 1 0 0 1 1 1 0 0 1 1 1 0 0 1 0 0 1 1 0 1 1 0 1 1 1 1 1 1 1 0 0 0 0 1 0 1 0 0 0 1 1 1 1 1 1 0 0 32624.0 31671.0 32924.0 1 0.10055652787384961
1 0 1 1 1 0 1 1 1 1 1 0 1 1 0 1 1 1 0 0 0 1 1 0 1 0 1 0 0 1 1 1 1 1 0 1 1 0 0 0 0 1 1 0 1 1 1 1 1 1 0 1 1 0 0 0 1 1 1 0 0 1 1 1 0 0 1 0 0 1 1 0 1 1 0 1 1 1 1 1 1 1 0 0 0 0 0 0 1 0 0 0 1 1 1 1 1 0 1 0 33325.0 31494.0 32891.0 1 0.12240480197309257
0 0 1 1 0 0 1 1 1 1 1 1 1 1 0 1 1 1 1 0 0 1 1 0 1 0 1 0 0 1 1 1 0 1 0 1 0 0 0 0 0 1 1 0 0 1 1 1 1 1 0 1 1 1 0 0 1 1 1 0 1 1 1 1 0 0 1 1 0 1 1 0 1 1 0 1 1 1 1 1 1 1 0 0 0 1 0 0 1 0 0 0 1 1 1 1 1 0 1 0 34355.0 30327.0 32842.0 1 0.05131177185950106
1 0 1 1 1 0 1 1 1 1 1 0 1 1 0 1 1 0 0 0 0 1 1 0 1 0 1 0 0 1 1 1 0 1 0 1 0 0 0 0 0 1 1 0 1 1 1 1 1 1 0 1 0 1 0 1 1 0 1 0 1 1 1 1 0 0 1 1 0 1 1 0 1 1 1 0 1 1 1 1 1 1 0 0 0 0 1 1 1 0 0 0 1 1 1 1 1 0 0 0 33786.0 30858.0 32839.0 1 0.04307992053104797
1 0 1 1 1 0 1 1 1 1 1 0 1 1 0 1 1 1 0 0 0 0 1 0 1 0 1 0 0 1 1 1 1 1 0 1 0 0 0 0 0 1 1 0 1 1 1 1 1 1 0 1 1 1 0 0 1 1 1 0 1 1 1 1 0 1 1 1 0 1 1 1 0 0 1 0 1 0 1 1 1 1 0 0 0 1 0 0 1 1 0 0 1 1 1 1 1 0 1 0 34618.0 29665.0 32758.0 1 0.13389320571856844
1 0 1 1 1 0 1 1 1 0 1 0 1 1 0 1 1 1 0 0 0 1 1 0 1 0 1 0 1 1 1 1 1 1 0 1 0 0 0 0 0 1 1 0 1 1 1 0 1 1 0 1 1 1 1 0 0 1 1 1 1 1 1 1 0 0 0 0 0 1 1 0 1 1 1 0 1 1 1 1 1 1 0 1 0 0 1 0 1 0 0 0 1 1 1 1 1 0 0 0 33348.0 31580.0 32710.0 1 0.06788066516284982
1 0 1 1 1 0 1 1 1 0 1 0 1 1 0 1 1 1 0 0 0 1 1 0 1 0 1 0 0 1 1 1 1 1 0 1 0 0 0 0 0 1 1 0 0 1 1 1 1 1 0 1 1 1 0 0 1 1 1 0 1 0 1 1 0 0 1 1 0 1 1 1 1 1 0 1 1 0 1 1 1 1 0 0 0 0 1 0 1 0 0 0 1 1 1 1 1 0 1 0 34371.0 30267.0 32582.0 1 0.09340291500094818
1 0 1 1 1 0 1 1 1 0 1 0 1 1 0 1 1 1 0 0 0 1 1 0 1 0 1 0 0 1 1 1 0 1 0 1 0 0 0 0 0 1 1 0 0 1 1 1 1 1 0 1 1 1 0 0 1 1 1 0 1 1 1 1 0 0 1 1 0 1 1 0 1 1 1 0 1 1 1 1 1 1 0 0 0 0 1 0 1 0 0 0 1 1 1 1 1 0 1 0 34059.0 30854.0 32554.0 1 0.08862030269142696
0 0 1 1 1 0 1 1 1 0 0 0 1 1 0 1 1 1 0 0 0 1 1 1 1 0 1 0 1 1 1 1 1 1 0 1 0 0 0 0 0 1 1 0 1 1 1 1 1 1 0 1 1 1 0 0 1 1 1 0 0 1 1 0 0 0 1 0 0 1 1 0 1 1 0 0 1 1 1 1 1 1 0 1 0 0 1 1 1 0 0 0 1 1 1 1 1 0 0 0 31021.0 32053.0 32502.0 1 0.10233255728434759
1 0 1 1 1 0 1 1 1 0 1 0 1 1 0 1 1 1 0 0 0 1 1 0 1 0 1 0 0 1 1 1 1 1 0 1 1 0 0 0 0 1 1 0 0 1 1 1 1 1 0 1 1 0 0 0 1 1 1 0 0 1 1 1 0 0 1 1 0 1 1 0 1 1 0 0 1 1 1 1 1 1 0 1 0 0 1 0 1 0 0 0 1 1 1 1 1 0 0 0 32052.0 31965.0 32442.0 1 0.1914826839677009
1 0 1 1 1 0 1 1 1 0 0 0 1 1 0 1 1 1 1 0 0 0 1 0 1 0 1 0 0 1 1 1 1 1 0 1 0 0 1 0 0 1 1 0 0 1 1 1 1 1 0 1 1 1 0 0 1 1 1 0 1 1 1 1 0 0 1 0 0 1 1 0 1 1 0 1 1 1 1 1 1 1 0 0 0 1 1 0 1 0 0 0 1 1 1 1 1 0 1 0 33703.0 31002.0 32427.0 1 0.14139434029873035
1 0 1 1 1 0 1 1 1 0 1 1 1 1 0 1 1 1 0 0 0 1 1 0 1 0 1 0 0 1 1 1 0 1 0 1 0 0 0 0 0 1 1 0 0 1 1 1 1 1 0 1 1 1 0 0 1 1 1 0 1 1 1 1 0 0 1 1 0 1 1 0 1 1 0 0 1 1 1 1 1 1 0 1 0 0 1 0 1 0 0 0 1 1 1 1 1 0 0 0 32537.0 31931.0 32218.0 1 0.12467298503385169
0 0 1 1 1 0 1 1 1 0 1 1 1 1 0 1 1 1 0 0 0 1 1 0 1 0 1 0 0 1 1 1 1 1 0 1 0 0 0 0 0 1 1 1 1 1 1 1 1 1 0 1 1 1 0 0 1 1 1 0 0 1 1 0 0 0 1 0 0 1 1 0 1 1 0 0 1 1 1 1 1 1 0 1 1 0 1 0 1 0 0 0 1 1 1 1 1 0 0 0 30207.0 33567.0 32213.0 1 2000000000000000.0
1 0 1 1 1 0 1 1 1 0 0 0 1 1 0 1 1 1 0 0 0 1 1 0 1 0 1 0 1 1 1 1 1 1 0 1 0 0 0 0 0 1 1 0 1 1 1 1 1 1 0 1 1 1 0 0 1 1 1 0 0 1 1 0 0 0 1 0 0 1 1 0 1 1 0 0 1 1 1 1 1 1 0 1 0 0 1 1 1 0 0 0 1 1 1 1 1 0 0 0 30802.0 32121.0 31983.0 1 0.12168232109514471
1 0 1 1 1 0 1 1 1 0 0 0 1 1 0 1 1 1 0 0 0 1 1 0 1 0 1 0 0 1 1 1 1 1 1 1 0 0 0 0 0 1 1 1 1 1 1 1 1 1 0 1 1 1 0 0 1 1 1 0 0 1 1 0 0 0 1 0 0 1 1 0 1 1 0 0 1 1 1 1 1 1 0 1 1 0 1 0 1 0 0 0 1 1 1 1 1 0 0 0 30414.0 33415.0 31947.0 1 0.25788535680922225
1 0 1 1 1 0 1 1 1 0 0 0 1 1 0 1 1 1 0 0 1 1 1 0 1 0 1 0 0 1 0 1 0 1 0 1 0 0 0 0 0 1 1 0 1 1 1 1 1 1 0 1 1 1 0 0 1 1 1 0 1 1 1 1 0 0 1 0 0 1 1 0 1 1 0 1 1 1 1 1 1 1 0 0 0 1 1 0 1 0 0 0 1 1 1 1 1 0 1 0 33952.0 31192.0 31885.0 1 0.12194716270749467
0 0 1 1 0 0 1 1 1 1 1 1 1 1 0 1 1 0 0 0 0 1 1 0 1 1 1 0 0 1 1 1 0 1 1 1 0 0 0 0 0 1 1 0 1 1 1 0 1 0 1 1 0 1 1 0 0 0 1 1 1 0 0 1 0 1 1 1 0 1 1 1 1 0 1 1 1 1 1 1 1 1 0 0 0 1 0 0 1 0 0 1 1 1 1 1 1 0 1 0 34762.0 27968.0 31674.0 1 0.12930162570861187
1 0 1 1 1 0 1 1 1 0 0 0 1 1 0 1 1 1 0 0 0 1 1 0 1 0 1 0 1 1 1 1 1 1 0 1 0 0 0 0 0 1 1 0 1 1 1 1 1 1 0 1 1 1 0 0 1 1 1 0 0 1 1 0 0 0 1 0 0 1 1 0 1 1 0 0 1 1 1 1 1 1 0 1 0 0 1 0 1 0 0 0 1 1 1 1 1 0 1 0 31429.0 32111.0 31601.0 1 0.16432517353772327
1 0 1 1 0 0 1 1 1 1 1 0 1 1 0 1 1 0 1 1 0 0 0 0 1 0 1 0 0 1 0 1 1 1 0 1 1 0 0 0 0 1 1 0 1 1 0 1 1 1 1 1 0 1 1 0 0 0 1 1 1 0 1 1 0 1 1 1 0 1 1 0 1 0 1 1 1 1 1 1 1 1 1 0 0 0 0 0 1 0 0 0 1 1 1 1 1 0 1 0 34744.0 28422.0 31595.0 1 0.0363075912718588
1 0 1 1 1 0 1 1 1 0 1 1 1 1 0 1 1 1 0 0 0 1 1 0 1 0 1 0 0 1 1 1 1 1 0 1 0 0 0 0 0 1 1 1 1 1 1 1 1 1 0 1 1 1 0 0 1 1 1 0 0 1 1 0 0 0 1 0 0 1 1 0 1 1 0 0 1 1 1 1 1 1 0 0 0 0 1 0 1 0 0 0 1 1 1 1 1 0 1 0 31345.0 32256.0 31572.0 1 0.06924085447746497
1 0 1 1 1 0 1 1 1 0 0 0 1 1 0 1 1 1 1 0 0 1 1 0 1 0 1 0 0 1 1 1 0 1 0 1 0 0 0 0 0 1 1 0 0 1 1 0 1 1 0 1 0 0 1 0 0 0 1 1 1 1 1 1 0 1 1 1 0 1 1 1 1 1 0 1 1 0 1 1 1 1 0 0 0 0 1 0 1 0 0 0 1 1 1 1 1 0 1 0 34638.0 28487.0 31566.0 1 0.08740041316787553
1 0 1 1 1 0 1 1 1 0 1 0 1 1 0 1 1 1 0 0 0 1 1 0 1 0 1 1 1 1 0 1 0 1 0 1 1 0 0 0 0 1 1 0 0 1 1 1 1 1 0 1 1 1 0 0 1 1 1 0 0 1 1 1 0 0 1 0 0 1 1 0 1 1 0 1 1 1 1 1 1 0 0 0 0 0 1 0 1 0 0 0 1 1 1 1 1 0 0 0 32298.0 31974.0 31478.0 1 0.12593411605305976
1 0 1 1 1 0 1 1 1 0 0 0 1 1 0 1 1 1 0 0 1 1 1 0 1 0 1 0 0 1 1 1 0 1 0 1 0 0 0 0 0 1 1 0 0 1 1 1 1 1 0 1 1 1 0 0 1 1 1 0 1 0 1 1 0 1 1 1 0 1 1 1 1 1 0 1 1 0 1 1 1 1 0 0 0 0 0 0 1 0 0 0 1 1 1 1 0 0 1 1 34695.0 29095.0 31378.0 1 0.0876078484901362
1 0 1 1 1 0 1 1 1 0 1 0 1 1 0 1 1 0 0 0 0 1 1 0 1 0 1 0 0 1 1 1 0 1 0 1 0 1 0 0 0 1 1 0 0 1 1 1 1 1 1 1 0 1 1 0 0 0 1 1 1 0 1 1 0 1 1 1 0 1 1 1 1 1 0 1 1 0 1 1 1 1 0 0 0 0 1 0 1 0 0 0 1 1 1 1 1 0 1 0 34621.0 29193.0 31245.0 1 0.08800893001933151
1 0 1 1 1 0 1 0 1 0 1 0 1 1 0 1 1 1 0 0 0 1 1 0 1 0 1 0 0 1 1 1 0 1 1 1 0 0 0 0 0 1 1 0 1 1 1 1 1 1 0 1 0 1 0 1 1 0 1 0 1 1 1 1 0 0 1 1 0 1 1 0 1 1 1 0 1 1 1 1 1 1 0 0 0 0 1 0 1 0 0 0 1 1 1 1 1 0 0 0 33431.0 31366.0 31085.0 1 0.0764916953180654
1 0 1 1 1 0 1 1 1 1 1 0 1 1 0 1 1 1 0 0 0 1 1 0 1 0 1 0 0 1 1 1 0 1 0 1 0 0 0 0 0 1 1 0 0 1 1 1 1 0 1 1 0 1 1 0 0 0 1 1 1 0 1 1 0 1 1 1 0 1 1 0 1 1 0 1 1 1 1 1 1 1 0 0 0 1 0 0 1 0 0 0 1 1 1 1 1 0 1 0 34664.0 29837.0 31027.0 1 0.05855264505384935
1 0 1 1 1 0 1 1 1 0 0 0 1 1 0 1 1 1 0 0 0 1 1 0 1 0 1 1 1 1 0 1 1 1 0 1 0 0 0 0 0 1 0 1 0 1 1 1 1 1 0 1 1 1 0 0 1 1 1 0 0 1 1 1 0 0 1 0 0 1 1 0 1 1 0 0 1 1 1 1 1 1 0 1 0 0 0 0 1 0 0 0 1 1 1 1 1 0 1 0 30907.0 32299.0 30999.0 1 0.11297364630123904
1 0 1 1 1 0 1 1 1 0 0 0 1 1 0 1 1 1 0 0 1 1 1 0 1 0 1 1 1 1 0 1 1 1 0 1 0 0 0 0 0 1 0 1 0 1 1 1 1 1 0 1 1 1 0 0 1 1 1 0 0 1 1 1 0 0 1 0 0 1 1 0 1 1 0 0 1 1 1 1 1 1 0 1 0 0 0 0 1 0 0 0 1 1 1 1 1 0 0 0 30674.0 32564.0 30888.0 1 0.27343279898403156
1 0 1 1 0 0 1 1 1 1 1 0 1 1 0 1 1 0 1 0 0 0 0 0 1 0 1 0 0 1 0 1 1 1 0 1 1 0 0 0 0 1 1 0 1 1 0 1 1 1 1 1 0 1 1 0 1 0 1 1 1 0 1 1 0 1 1 1 0 1 1 1 1 1 0 1 1 0 1 1 1 1 0 0 0 0 1 0 1 0 0 0 1 1 1 1 1 0 1 0 34923.0 28235.0 30831.0 1 0.07003515225918915
1 0 1 0 1 0 1 1 1 0 1 0 1 1 0 1 0 1 0 0 0 1 1 0 1 0 1 0 0 1 1 1 0 1 0 1 0 0 0 0 0 1 1 0 0 1 1 1 1 1 0 1 1 1 0 0 1 1 1 0 1 0 1 1 0 1 1 1 0 1 1 1 1 1 0 1 1 1 1 1 1 1 0 0 0 0 1 0 1 0 0 0 1 1 1 1 1 0 1 0 34259.0 30395.0 30796.0 1 0.07678096362607288
1 0 1 1 0 0 1 1 1 1 1 1 1 1 0 1 1 0 0 0 0 1 1 0 1 1 1 0 0 1 1 1 0 1 0 1 0 0 0 0 0 1 1 0 0 1 1 1 1 0 1 1 0 1 1 0 0 0 1 1 1 0 1 1 0 1 1 1 0 1 1 1 1 1 0 1 1 0 1 1 1 1 0 0 0 1 0 0 1 1 0 0 1 1 1 1 1 0 1 0 35328.0 28129.0 30659.0 1 1000000000000000.0
1 0 1 1 1 0 1 1 1 0 1 0 1 1 0 1 1 1 0 0 0 1 0 0 1 0 1 0 0 1 1 1 0 1 1 1 0 0 0 0 0 1 1 0 0 1 1 0 1 1 0 1 1 1 0 0 0 0 1 1 1 0 1 1 0 1 1 1 0 1 1 1 1 1 0 1 1 0 1 1 1 1 0 0 0 1 0 0 1 0 0 0 1 1 1 1 1 0 1 0 34905.0 28369.0 30630.0 1 0.11747680819036385
1 0 1 1 1 0 1 1 1 0 1 0 1 1 0 1 1 1 0 0 0 1 1 0 0 0 1 1 1 1 0 1 0 1 0 1 0 1 0 0 0 1 0 1 1 1 1 1 1 1 0 1 1 1 0 0 1 1 1 0 0 1 1 1 1 0 1 0 0 1 0 0 1 1 0 0 1 1 1 1 1 1 0 0 0 0 0 0 1 0 0 0 1 1 1 1 1 0 1 0 31210.0 32280.0 30375.0 1 0.13898942214476823
0 0 1 1 0 0 1 1 1 1 1 1 1 1 0 1 1 0 0 0 0 1 1 0 1 1 1 0 0 1 1 1 0 1 0 1 0 0 0 0 0 1 0 0 1 1 1 1 1 0 1 1 0 1 1 0 0 0 1 1 1 0 1 1 0 1 1 1 0 1 1 1 1 1 0 1 1 0 1 1 1 1 0 0 0 1 0 0 1 1 0 0 1 1 1 1 1 0 1 0 34998.0 28144.0 30180.0 1 1000000000000000.1
0 0 1 1 0 0 1 1 1 1 1 1 1 1 0 1 1 0 0 0 0 1 1 0 1 1 1 0 0 1 1 1 0 1 0 1 0 0 0 0 0 1 0 0 1 1 1 1 1 0 1 1 0 1 1 0 0 0 1 1 1 0 1 1 0 1 1 1 0 1 1 1 1 1 0 1 1 0 1 1 1 1 0 0 0 1 0 0 1 1 0 0 1 1 1 1 0 0 1 1 35310.0 27280.0 30466.0 2 3000000000000000.0
0 0 1 1 1 0 1 1 1 0 1 1 1 1 0 1 1 1 0 0 0 1 1 0 1 0 1 0 0 1 1 1 0 1 0 1 0 0 0 0 0 1 1 1 1 1 1 1 1 1 0 1 1 1 0 0 1 1 1 0 0 1 1 0 0 0 1 0 0 1 1 0 1 1 0 0 1 1 1 1 1 1 0 1 1 0 1 0 1 0 0 0 1 1 1 1 1 0 0 0 30149.0 33464.0 31420.0 2 2000000000000000.0
1 0 1 1 1 0 1 1 1 1 1 0 1 1 0 1 1 0 1 0 0 1 0 0 1 0 1 0 0 1 1 1 0 1 0 1 0 0 0 0 0 1 1 0 0 1 1 1 1 1 0 1 1 1 0 0 1 1 1 0 1 1 1 1 0 0 0 1 0 1 1 0 1 0 1 1 1 1 0 1 1 1 1 0 0 0 0 0 1 0 1 0 1 1 1 1 1 0 1 0 33121.0 27625.0 34452.0 2 1000000000000000.1
