1 0 1 1 1 0 1 1 1 1 1 0 1 1 0 1 1 0 1 0 0 1 0 0 1 0 1 0 0 1 1 1 1 1 0 1 0 0 0 0 0 1 1 0 0 1 1 1 1 1 0 1 1 1 0 0 1 1 1 0 1 1 1 1 0 0 1 1 0 1 1 0 1 0 1 1 1 1 1 1 1 0 0 0 0 0 1 1 0 0 1 1 1 1 1 1 1 0 1 0 33539.0 28688.0 36512.0 0 1000000000000000.0
1 0 1 1 1 0 1 1 1 1 1 0 1 1 0 1 1 0 1 0 0 1 0 0 1 0 1 0 0 1 1 1 1 1 0 1 0 0 0 0 0 1 1 0 0 1 1 1 1 1 0 1 1 1 0 0 0 0 1 0 0 1 1 1 0 0 1 1 0 1 1 0 1 0 1 1 1 1 1 1 1 0 0 1 0 0 1 1 0 0 1 1 1 1 1 1 1 0 0 1 32202.0 29030.0 36334.0 0 0.17228776108776248
1 0 1 1 1 0 1 1 1 1 1 0 1 1 0 1 1 0 1 0 0 1 0 0 1 0 1 0 0 1 1 1 1 1 0 1 0 0 0 0 0 1 1 0 0 1 1 1 1 1 1 1 1 1 0 0 1 1 1 0 1 0 1 1 0 0 1 1 0 1 1 0 1 0 1 1 1 1 1 1 1 0 0 0 0 0 1 1 0 0 1 1 1 1 1 1 0 0 1 1 33610.0 28131.0 36083.0 0 1000000000000000.1
1 0 1 1 1 0 1 1 1 1 1 0 1 1 0 1 1 0 1 0 0 1 0 0 1 0 1 0 0 1 1 1 1 1 0 1 0 0 0 0 0 1 1 0 0 1 1 1 1 1 0 1 1 1 0 0 1 1 1 0 1 1 1 1 0 0 1 1 0 1 1 0 1 0 1 1 1 1 1 1 1 0 0 0 0 0 1 1 1 0 0 0 1 1 1 1 1 0 1 0 33584.0 28620.0 35964.0 0 0.08958016129507465
1 0 1 1 1 0 1 1 1 1 1 0 1 1 0 1 0 0 1 0 0 1 0 0 1 0 1 0 0 1 1 1 1 1 0 1 0 0 0 0 0 1 1 0 0 1 1 1 1 1 0 1 1 1 0 0 1 1 1 0 1 1 1 1 0 0 1 1 0 1 1 0 1 0 1 1 1 1 1 1 1 0 0 0 0 0 1 1 1 0 0 0 1 1 1 1 1 0 1 1 34072.0 28507.0 35846.0 0 0.14359583586876407
1 0 1 1 1 0 1 1 1 1 1 0 1 1 0 1 1 0 0 0 0 1 1 0 1 0 1 0 0 1 1 1 1 1 0 1 0 0 0 0 0 1 1 0 1 1 1 1 1 1 0 1 1 1 0 0 1 1 1 0 1 0 1 1 0 0 1 1 0 1 1 0 1 0 1 1 1 1 1 1 1 0 0 0 0 0 1 1 0 0 1 1 1 1 1 1 0 0 1 1 33825.0 29184.0 35794.0 0 0.10283693440094693
1 0 1 1 1 0 1 1 1 1 1 0 1 1 0 1 1 0 1 0 0 1 0 0 1 1 1 0 0 1 1 1 1 1 0 1 0 0 0 0 0 1 1 0 1 1 1 1 1 1 0 1 1 1 0 0 1 1 1 0 1 1 1 1 0 0 1 1 0 1 1 0 1 1 1 1 1 1 1 1 1 1 0 0 0 0 1 0 1 0 0 0 1 1 1 1 1 0 0 0 35066.0 30235.0 35773.0 0 0.15865310874239524
1 0 1 1 1 0 1 1 1 1 1 0 1 1 0 1 1 0 1 0 0 1 1 0 1 0 0 0 0 1 1 1 1 1 0 1 0 0 0 0 0 1 1 0 1 1 1 1 1 1 0 1 1 1 0 0 1 1 1 0 1 0 1 1 0 0 1 1 0 1 1 0 1 0 1 0 1 1 1 1 1 1 1 0 0 0 1 1 1 0 0 0 1 1 1 1 1 0 1 0 32987.0 30239.0 35542.0 0 0.17774360103597253
1 0 1 1 1 0 1 1 1 1 1 0 1 1 0 1 1 0 1 0 0 1 0 0 1 0 0 0 0 1 1 1 1 1 0 1 0 0 0 0 0 1 1 1 1 1 1 1 1 1 0 1 1 1 0 0 0 0 1 0 0 1 1 1 0 0 1 1 0 1 1 0 1 0 1 1 1 1 1 1 1 1 0 1 0 0 1 1 1 0 0 0 1 1 1 1 1 0 0 0 31919.0 30650.0 35376.0 0 0.12019249129289614
1 0 1 1 1 0 1 1 1 0 1 1 1 1 0 1 1 1 0 0 0 1 1 0 1 0 0 0 0 1 1 1 1 1 0 1 0 0 0 0 0 1 1 1 1 1 1 1 1 1 0 1 1 1 0 0 0 1 1 0 0 1 1 1 0 0 1 1 0 1 1 0 1 0 1 1 1 1 0 1 1 0 0 0 0 0 1 1 0 0 1 1 1 1 1 1 1 0 0 1 31835.0 30723.0 35354.0 0 0.08458915836236269
1 0 1 1 1 0 1 1 1 1 1 0 1 1 0 1 1 1 0 0 0 1 1 0 1 0 1 0 0 1 1 1 1 1 0 1 0 0 0 0 0 1 1 1 1 1 1 1 1 1 0 1 1 1 0 0 0 0 1 0 0 1 1 1 0 0 1 1 0 1 1 0 1 0 1 1 1 1 1 1 1 1 0 1 0 0 1 1 1 0 0 0 1 1 1 1 0 0 0 0 33335.0 31518.0 35311.0 0 0.05367762318301322
1 0 1 1 1 0 1 1 1 1 1 0 1 1 0 1 0 1 0 0 0 0 1 0 1 0 0 1 0 1 1 1 1 1 0 1 1 0 0 0 0 1 1 0 1 1 1 1 1 1 0 1 1 1 0 0 0 1 1 0 1 1 1 1 0 0 1 1 0 1 1 0 1 0 1 1 1 1 1 1 1 0 0 0 0 0 1 1 0 0 1 1 1 1 1 1 0 0 1 1 34787.0 30423.0 35270.0 0 0.1454392936762634
1 0 1 1 1 0 1 1 1 1 1 0 1 1 0 1 1 1 0 0 0 1 1 0 1 0 0 0 0 1 1 1 1 1 0 1 0 0 0 0 0 1 1 1 1 1 1 1 1 1 0 1 1 1 0 0 0 0 1 0 0 1 1 1 0 0 1 1 0 1 1 0 1 0 1 1 1 1 1 1 1 1 0 1 0 0 1 1 1 0 0 0 1 1 1 1 1 0 0 0 32735.0 32359.0 35195.0 0 0.1097686701740983
1 0 1 1 1 0 1 1 1 1 1 0 1 1 0 1 1 1 0 0 0 1 1 0 1 0 1 0 0 1 1 1 1 1 0 1 0 0 0 0 0 1 1 0 1 1 1 1 1 1 0 1 1 1 0 0 1 1 1 0 1 1 1 1 0 0 1 0 0 1 0 0 1 0 1 1 1 1 1 1 1 1 0 1 0 0 1 1 0 0 0 0 1 1 1 1 1 0 1 0 33853.0 31383.0 35147.0 0 0.0912593701993446
1 0 1 1 1 0 1 1 1 1 1 0 1 1 0 1 0 1 0 0 0 0 1 0 1 0 0 1 0 1 1 1 1 1 0 1 1 0 0 0 0 1 1 0 1 1 1 1 1 1 0 1 1 1 0 0 0 1 1 0 1 1 1 1 0 0 1 1 0 1 1 0 1 0 1 1 1 1 1 1 1 0 0 0 0 0 1 1 0 0 1 1 1 1 1 1 1 0 1 0 34475.0 31287.0 34984.0 0 0.10711624829397948
1 0 1 1 0 0 1 1 1 1 1 1 1 1 0 1 1 1 0 0 0 1 1 0 1 1 1 0 0 1 1 1 1 1 0 1 0 0 0 0 0 1 1 0 1 1 1 1 1 1 0 1 1 1 0 0 1 1 1 0 1 1 1 1 0 0 1 1 0 1 1 0 1 1 1 1 1 1 1 1 1 0 0 0 0 0 1 0 1 0 1 0 1 1 1 1 1 0 0 0 35137.0 31205.0 34959.0 0 0.0999818880315612
1 0 1 1 1 0 1 1 1 1 1 0 1 1 0 1 1 1 0 0 0 1 1 0 1 0 1 0 0 1 1 1 1 1 0 1 0 0 0 0 0 1 1 0 1 1 1 1 1 1 0 1 1 1 0 0 1 1 1 0 1 1 1 0 0 0 1 0 0 1 0 0 1 0 1 1 1 1 1 1 1 1 0 1 0 0 1 1 1 0 0 0 1 1 1 1 1 0 1 0 33497.0 31468.0 34897.0 0 0.08353197083605599
1 0 1 1 1 0 1 1 1 1 1 0 1 1 0 1 1 1 0 0 0 0 1 0 1 0 1 0 0 1 1 1 1 1 0 1 1 0 0 0 0 1 1 0 1 1 1 1 1 1 0 1 1 1 0 0 0 1 1 1 1 1 1 1 0 0 1 0 0 1 1 0 1 0 0 1 1 1 1 1 1 1 0 1 0 0 1 1 1 0 0 0 1 1 1 1 1 0 0 0 33983.0 31657.0 34714.0 0 0.11088408808151953
1 0 1 1 1 0 1 1 1 1 1 0 1 1 0 1 1 1 0 0 0 1 1 0 1 0 1 0 0 1 1 1 1 1 0 1 0 0 0 0 0 1 1 0 1 1 1 1 1 1 0 1 1 1 0 0 1 1 1 0 1 1 1 1 0 0 1 0 0 1 0 0 1 1 0 1 1 1 1 1 1 1 1 0 0 0 1 0 1 0 0 0 1 1 1 1 1 0 1 0 34281.0 31317.0 34643.0 0 0.0910693852425628
1 0 1 1 1 0 1 1 1 1 1 0 1 1 0 1 1 1 0 0 0 1 1 0 1 0 0 0 0 1 1 1 1 1 0 1 0 0 0 0 0 1 1 1 1 1 1 1 1 1 0 1 1 1 0 0 1 1 1 0 1 0 1 1 0 0 1 1 0 1 1 0 1 0 1 1 1 1 1 1 1 0 0 0 0 0 1 0 0 0 1 1 1 1 1 1 1 0 1 0 33261.0 31759.0 34515.0 0 0.08142656201629095
1 0 1 1 1 0 1 1 1 1 1 0 1 1 0 1 0 1 0 0 0 1 1 0 1 1 1 1 0 1 1 1 1 1 0 1 0 0 0 0 0 1 1 0 1 1 1 1 1 1 0 1 0 0 0 0 1 1 1 0 1 1 1 1 0 0 1 0 0 1 1 0 1 0 0 1 1 1 1 1 1 1 0 1 0 0 1 1 1 0 0 0 1 1 1 1 1 0 0 0 33649.0 31775.0 34440.0 0 0.08348424525620853
1 0 1 1 1 0 1 1 1 0 1 1 1 1 0 1 1 1 0 0 0 1 1 0 1 0 0 0 0 1 1 1 1 1 0 1 0 0 0 0 0 1 1 1 1 1 1 1 1 1 0 1 1 1 0 0 0 0 1 0 0 1 1 1 0 0 1 1 0 1 1 0 1 0 1 1 1 1 1 1 1 1 0 1 0 0 1 1 1 0 0 0 1 1 1 1 1 0 0 0 32456.0 32606.0 34433.0 0 0.18663332887563677
1 0 1 1 1 0 1 1 1 1 1 0 1 1 0 1 1 1 0 0 0 1 1 0 1 0 1 0 0 1 1 1 1 1 0 1 0 0 0 0 0 1 1 0 1 1 1 1 1 1 0 1 1 1 0 0 1 1 1 0 1 1 1 1 0 0 1 1 0 1 1 0 1 1 0 0 1 1 1 1 1 1 0 1 0 0 1 0 1 0 0 0 1 1 1 1 1 0 0 0 33317.0 32372.0 34136.0 0 0.11833289136313568
1 0 1 1 1 0 1 1 1 0 1 1 1 1 0 1 1 1 0 0 0 1 1 0 1 0 1 0 0 1 1 1 1 1 0 1 0 0 0 0 0 1 1 0 1 1 1 1 1 1 0 1 1 1 0 0 1 1 1 0 1 1 1 1 0 0 1 1 0 1 1 0 1 1 1 1 1 1 1 1 1 1 0 0 0 0 1 0 1 0 0 0 1 1 1 1 1 0 0 0 34758.0 32075.0 34109.0 0 0.10048827311888166
1 0 1 1 1 0 1 1 1 1 1 0 1 1 0 1 1 1 0 0 0 1 1 0 1 0 0 0 0 1 1 1 1 1 0 1 0 0 0 0 0 1 1 1 1 1 1 1 1 1 0 1 1 1 0 0 0 1 1 1 1 1 1 1 0 0 1 1 0 1 1 0 1 1 0 0 1 1 1 1 1 1 0 1 0 0 1 0 1 0 0 0 1 1 1 1 1 0 0 0 33120.0 32803.0 34061.0 0 0.09406769331222607
1 0 1 1 0 0 1 1 1 0 1 1 1 1 0 1 1 1 0 0 0 1 1 0 1 1 1 0 0 1 1 1 1 1 0 1 0 0 0 0 0 1 1 0 1 1 1 1 1 1 0 1 1 1 0 0 1 1 1 0 1 1 1 1 0 0 1 1 0 1 1 0 1 1 1 1 1 1 1 1 1 1 0 0 0 0 1 0 1 0 0 0 1 1 1 1 1 0 0 0 35227.0 31338.0 33893.0 0 0.08220497296573931
1 0 1 1 1 0 1 1 1 1 1 0 1 1 0 1 1 1 0 0 0 1 1 0 1 0 1 0 0 1 1 1 1 1 0 1 0 0 0 0 0 1 1 1 1 1 1 1 1 1 0 1 1 1 0 0 1 1 1 0 1 1 1 1 0 0 1 0 0 1 0 0 1 1 0 1 1 1 1 1 1 1 0 0 0 0 1 0 1 0 0 0 1 1 1 1 1 0 1 0 33991.0 32121.0 33874.0 0 0.0631169539014175
1 0 1 1 1 0 1 1 1 1 1 0 1 1 0 1 0 1 0 0 0 0 1 0 1 0 1 1 0 1 1 1 1 1 0 1 1 0 0 0 0 1 1 0 1 1 1 1 1 1 0 1 1 1 0 0 0 1 1 0 1 1 1 1 0 0 1 1 0 1 1 0 1 1 1 1 1 1 1 1 1 0 0 0 0 0 1 0 1 0 1 0 1 1 1 1 1 0 0 0 35078.0 31936.0 33868.0 0 0.08214114667735149
1 0 1 1 1 0 1 1 1 1 1 0 1 1 0 1 1 1 0 0 0 0 1 0 1 0 1 0 0 1 1 1 1 1 0 1 1 0 0 0 0 1 1 0 1 1 1 1 1 1 0 1 1 1 0 0 0 1 1 1 1 1 1 1 0 0 1 1 0 1 1 0 1 1 0 0 1 1 1 1 1 1 0 1 0 0 1 0 1 0 0 0 1 1 1 1 1 0 0 0 34399.0 32331.0 33774.0 0 0.10784503544969218
1 0 1 1 1 0 1 1 1 0 1 0 1 1 0 1 1 1 0 0 0 1 1 0 1 0 1 1 0 1 1 1 1 1 0 1 0 0 0 0 0 1 1 0 1 1 1 1 1 1 0 1 1 1 0 0 1 1 1 0 1 1 1 1 0 0 1 1 0 1 1 0 1 1 0 0 1 1 1 1 1 1 0 1 0 0 1 0 1 0 0 0 1 1 1 1 1 0 0 0 33349.0 32800.0 33694.0 0 0.0739657698567266
1 0 1 1 1 0 1 1 1 1 1 0 1 1 0 1 1 1 0 0 0 1 1 0 1 0 1 0 0 1 1 1 1 1 0 1 0 0 0 0 0 1 1 1 1 1 1 1 1 1 0 1 1 1 0 0 0 1 1 0 0 1 1 0 0 0 0 1 0 1 1 0 1 1 1 0 1 1 1 1 1 1 0 1 1 0 1 0 1 0 0 0 1 1 1 1 1 0 0 0 32023.0 33312.0 33684.0 0 0.15930127479238043
1 0 1 1 1 0 1 1 1 1 1 0 1 1 0 1 1 1 0 0 0 1 1 0 1 0 0 0 0 1 1 1 1 1 0 1 0 0 0 0 0 1 1 1 1 1 1 1 1 1 0 1 1 1 0 0 1 1 1 0 0 1 1 1 0 0 1 0 0 1 1 0 1 1 0 0 1 1 1 1 1 1 0 1 1 0 1 0 1 0 0 0 1 1 1 1 1 0 0 0 30778.0 33571.0 33578.0 0 0.11432612543264271
1 0 1 1 1 0 1 1 1 1 1 1 1 1 0 1 1 0 1 0 0 1 0 0 1 0 1 0 0 1 1 1 1 1 0 1 0 0 0 0 0 1 1 0 0 1 1 1 1 1 0 1 1 1 0 0 0 0 1 1 1 0 1 1 0 1 1 1 0 1 1 1 1 1 0 1 1 0 1 1 1 1 0 0 0 1 1 0 1 0 0 0 1 1 1 1 1 0 1 0 35521.0 28788.0 33549.0 0 0.1441984944076964
1 0 1 1 1 0 1 1 1 1 1 0 1 1 0 1 1 1 0 0 0 1 1 0 1 0 1 0 0 1 1 1 1 1 0 1 0 0 0 0 0 1 1 1 1 1 1 1 1 1 0 1 1 1 0 0 1 1 1 0 0 1 1 0 0 0 1 0 0 1 1 0 1 1 0 0 1 1 1 1 1 1 0 1 1 0 1 0 1 0 0 0 1 1 1 1 1 0 0 0 30802.0 33476.0 33168.0 0 0.17748279059374816
1 0 1 1 1 0 1 1 1 1 1 0 1 1 0 1 0 1 0 0 0 0 1 0 1 0 1 1 0 1 1 1 1 1 0 1 1 0 0 0 0 1 1 0 1 1 1 1 1 1 0 1 1 1 0 0 0 1 1 1 1 1 1 1 0 0 0 0 0 1 1 0 1 1 0 1 1 1 1 1 1 1 0 0 0 0 0 0 1 0 0 1 1 1 1 1 0 0 1 1 35478.0 30872.0 33055.0 0 0.12908537102742476
1 0 1 1 1 0 1 1 1 1 1 1 1 1 0 1 1 1 0 0 0 1 1 0 1 0 0 0 0 1 1 1 1 1 0 1 1 1 0 0 0 1 1 0 1 1 1 1 1 1 0 1 1 1 0 0 0 1 1 0 1 0 1 1 0 0 0 1 0 1 1 0 1 1 0 0 1 1 1 1 1 1 0 1 1 0 1 0 1 0 0 0 1 1 1 1 1 0 0 0 32516.0 33339.0 33036.0 0 0.13138918908750258
1 0 1 1 1 0 1 1 1 0 1 1 1 1 0 1 1 1 0 0 0 1 1 0 1 0 0 0 0 1 1 1 1 1 0 1 0 0 0 0 0 1 1 1 1 1 1 1 1 1 0 1 1 1 0 0 0 1 1 0 1 0 1 1 0 0 0 1 0 1 1 0 1 1 0 1 1 1 1 1 1 1 0 0 0 1 1 0 1 0 0 0 1 1 1 1 1 0 1 1 34154.0 32357.0 32775.0 0 0.09441517585461943
1 0 1 1 1 0 1 1 1 1 1 0 1 1 0 1 0 1 0 0 0 0 1 0 1 0 1 1 0 1 1 1 1 1 0 1 1 0 0 0 0 1 1 0 1 1 1 1 1 1 0 1 1 1 0 0 0 1 1 1 1 1 1 1 0 0 0 0 0 1 1 0 1 1 0 1 1 1 1 1 1 1 0 0 0 0 0 0 1 0 0 1 1 1 1 1 1 0 1 0 35166.0 31736.0 32769.0 0 0.04130132368042185
1 0 1 1 1 0 1 1 1 0 1 1 1 1 0 1 1 1 0 0 0 1 1 0 1 0 0 0 0 1 1 1 1 1 0 1 0 0 0 0 0 1 1 1 1 1 1 1 1 1 0 1 1 1 0 0 1 1 1 0 0 1 1 0 0 0 1 1 0 1 1 0 1 1 0 0 1 1 1 1 1 1 0 1 1 0 1 0 1 0 0 0 1 1 1 1 1 0 0 0 30580.0 33878.0 32732.0 0 1000000000000000.1
1 0 1 1 1 0 1 1 1 1 1 0 1 1 0 1 0 1 0 0 0 0 1 0 1 0 0 1 0 1 1 1 1 1 0 1 1 0 0 0 0 1 1 0 1 1 1 1 1 1 0 1 1 1 0 0 0 1 1 0 1 1 1 1 0 0 1 1 0 1 1 0 1 1 0 0 1 1 1 1 1 1 0 1 0 1 1 0 1 0 0 0 1 1 1 1 1 0 0 0 33468.0 32818.0 32495.0 0 0.21355042359906493
1 0 1 1 1 0 1 1 1 1 1 0 1 1 0 1 1 0 0 0 0 1 1 0 1 1 1 0 0 1 1 1 0 1 0 1 0 0 0 0 0 1 1 0 0 1 1 1 1 1 0 1 1 1 0 0 0 0 1 1 1 0 1 1 0 1 1 1 0 1 1 1 1 1 0 1 1 0 1 1 1 1 0 0 0 1 0 0 1 0 0 0 1 1 1 1 1 0 1 0 35617.0 29006.0 32213.0 0 0.17196559758640578
1 0 1 1 1 0 1 1 1 0 1 0 1 1 0 1 1 1 0 0 0 1 0 0 1 0 1 0 0 1 1 1 1 1 0 1 0 0 0 0 0 1 1 0 0 1 1 1 1 1 0 1 1 1 0 0 0 0 1 1 1 0 1 1 0 1 1 1 0 1 1 1 1 1 0 1 1 0 1 1 1 1 0 0 0 1 1 0 1 0 0 0 1 1 1 1 1 0 1 0 35547.0 29072.0 32073.0 0 0.08393863961420839
1 0 1 1 1 0 1 1 1 0 1 1 1 1 0 1 1 1 0 0 0 1 1 0 1 0 0 0 0 1 1 1 1 1 0 1 1 1 0 0 0 1 1 1 1 1 1 1 1 1 1 1 1 1 0 0 1 1 1 0 0 1 1 1 0 0 0 0 0 1 1 0 1 1 0 0 1 1 1 1 1 1 0 1 0 0 1 0 1 0 0 0 1 1 1 1 1 0 0 0 31137.0 34155.0 32004.0 0 1000000000000000.1
1 0 1 1 1 0 1 1 1 1 1 0 1 1 0 1 0 1 0 0 0 1 1 0 1 0 0 0 0 1 1 1 1 1 0 1 1 1 0 0 0 1 1 1 1 1 1 1 1 1 1 1 1 1 0 0 1 1 1 0 0 1 1 1 0 0 0 0 0 1 1 0 1 1 0 0 1 1 1 1 1 1 0 1 0 0 1 0 1 0 0 0 1 1 1 1 1 0 0 0 31308.0 33768.0 31961.0 0 0.18387806415912858
1 0 1 1 0 0 1 1 1 1 1 1 1 1 0 1 1 1 0 0 0 1 1 0 1 1 1 0 1 1 1 1 0 1 0 1 0 0 0 0 0 1 1 1 1 1 1 1 1 1 0 1 1 1 0 0 1 1 1 0 0 1 1 0 0 0 0 0 0 1 1 0 1 1 0 0 1 1 1 1 1 1 0 1 1 0 1 0 1 0 0 0 1 1 1 1 1 0 0 0 31721.0 33473.0 31852.0 0 0.16905145629550083
0 0 1 1 0 0 1 1 1 1 1 1 1 1 0 1 0 1 1 0 0 1 1 0 1 0 1 0 0 1 1 1 1 1 0 1 0 0 0 0 0 1 1 0 0 1 1 1 1 1 1 1 1 1 0 0 0 0 1 1 1 0 1 1 0 1 1 1 0 1 1 1 1 1 0 1 1 0 1 1 1 1 0 0 0 1 0 0 1 0 0 0 1 1 1 1 1 0 1 0 35490.0 29561.0 31691.0 0 0.1295067975594432
1 0 1 1 0 0 1 1 1 1 1 1 1 1 0 1 1 1 0 0 0 1 1 0 1 1 1 0 0 1 1 1 0 1 0 1 0 0 0 0 0 1 1 0 0 1 1 1 1 1 0 1 1 1 0 0 0 0 1 1 1 0 1 1 0 1 1 1 0 1 1 1 1 1 0 1 1 0 1 1 1 1 0 0 0 1 0 0 1 0 0 0 1 1 1 1 1 0 1 0 36264.0 29388.0 31660.0 0 1000000000000000.1
1 0 1 1 0 0 1 1 1 1 1 1 1 1 0 1 1 1 0 0 0 1 1 0 1 1 1 0 0 1 1 1 0 1 0 1 0 0 0 0 0 1 1 0 0 1 1 1 1 1 0 1 1 1 0 0 0 0 1 1 1 0 1 1 0 1 1 1 0 1 1 1 1 1 0 1 1 0 1 1 1 1 0 0 0 1 0 0 1 0 0 0 1 1 1 1 1 1 0 0 35820.0 29893.0 31482.0 0 0.2626334925745664
1 0 1 1 1 0 1 1 1 0 1 0 1 1 0 1 1 1 0 0 0 1 1 0 1 1 1 0 0 1 1 1 0 1 0 1 0 0 0 0 0 1 1 0 1 1 1 1 1 1 1 1 0 1 1 0 0 0 1 0 1 0 1 1 0 1 1 1 0 1 1 0 1 1 0 1 1 1 1 1 1 1 0 0 0 1 0 0 1 0 0 0 1 1 1 1 1 0 1 0 35360.0 31277.0 31474.0 0 1000000000000000.0
1 0 1 1 1 0 1 1 1 1 1 0 1 1 0 1 1 0 1 0 0 1 0 0 1 1 1 0 0 1 1 1 1 1 0 1 0 0 0 0 0 1 1 0 0 1 1 1 1 1 0 1 1 1 0 0 0 0 1 0 0 1 1 1 0 0 1 1 0 1 1 0 1 0 1 1 1 1 1 1 1 0 0 0 0 0 1 1 0 0 1 1 1 1 1 1 1 0 0 1 33017.0 28258.0 36378.0 1 1000000000000000.1
1 0 1 1 1 0 1 1 1 1 1 0 1 1 0 1 1 0 1 0 0 1 0 0 1 0 1 0 0 1 1 1 1 1 0 1 0 0 0 0 0 1 1 0 0 1 1 1 1 1 0 1 1 1 0 0 1 1 1 0 1 0 1 1 0 0 1 1 0 1 1 0 1 0 1 1 1 1 1 1 1 0 0 0 0 0 1 1 0 0 1 1 1 1 1 1 0 0 1 1 33438.0 27764.0 35882.0 1 1000000000000000.0
1 0 1 1 1 0 1 1 1 0 1 1 1 1 0 1 1 1 0 0 0 1 1 0 1 0 0 0 0 1 1 1 1 1 0 1 0 0 0 0 0 1 1 1 1 1 1 1 1 1 0 1 1 1 0 0 0 1 1 0 0 1 1 0 0 0 1 0 0 1 1 0 1 1 0 0 1 1 1 1 1 1 0 1 1 0 1 0 1 0 0 0 1 1 1 1 1 1 0 0 29874.0 33756.0 32057.0 1 1000000000000000.0
1 0 1 1 1 1 1 1 1 0 1 1 1 1 0 1 1 1 0 0 0 1 1 0 1 0 0 1 0 1 1 1 1 1 0 1 0 0 0 0 0 1 1 1 1 1 1 1 1 1 0 1 1 1 0 0 0 0 1 0 0 1 1 0 0 0 1 0 0 1 1 0 1 1 0 0 1 1 1 1 1 1 0 1 1 0 1 0 1 0 0 0 1 1 1 1 1 0 0 0 29899.0 33850.0 31932.0 1 1000000000000000.0
1 0 1 1 0 0 1 1 1 1 1 1 1 1 0 1 1 1 0 0 0 1 1 0 1 1 1 0 0 1 1 1 0 1 0 1 0 0 0 0 0 1 1 1 0 1 1 1 1 1 0 1 1 1 0 0 0 0 1 1 1 0 0 1 0 1 1 1 0 1 1 1 1 1 0 1 1 0 1 1 1 1 0 0 0 1 0 0 1 0 0 0 1 1 1 1 0 0 1 1 35771.0 28695.0 31267.0 1 1000000000000000.0
1 0 1 1 0 0 1 1 1 1 1 1 1 1 0 1 0 1 1 0 0 1 1 0 1 0 1 0 0 1 1 1 0 1 0 1 0 0 0 0 0 1 1 0 0 1 1 1 1 1 0 1 1 1 0 0 0 0 1 1 1 0 1 1 0 1 1 1 0 1 1 1 1 1 0 1 1 0 1 1 1 1 0 0 0 1 0 0 1 0 0 0 1 1 1 1 1 0 1 0 35576.0 29247.0 30890.0 1 1000000000000000.0
1 0 1 1 1 0 1 1 1 0 1 1 1 1 0 1 1 1 0 0 0 1 1 0 1 0 1 0 0 1 1 1 0 1 0 1 1 1 0 0 0 1 1 1 1 1 1 1 1 1 0 1 1 1 0 0 1 1 1 0 0 1 1 0 0 0 1 0 0 1 1 0 1 1 0 0 1 1 1 1 1 1 0 1 0 0 1 0 1 0 0 0 1 1 1 1 1 0 0 0 31225.0 33689.0 31256.0 1 0.2166914339298659
1 0 1 0 0 0 1 1 1 1 1 1 1 1 0 1 1 0 0 1 0 1 0 0 1 0 1 0 0 1 1 1 1 1 0 1 0 0 0 0 0 1 1 0 0 1 1 1 1 1 0 1 1 1 0 0 0 0 1 1 1 0 1 1 0 1 1 1 0 1 1 1 1 1 0 1 1 0 1 1 1 1 0 0 0 1 1 0 1 0 0 0 1 1 1 1 1 0 1 1 35613.0 27827.0 31788.0 1 0.18165738472253984
0 0 1 1 0 0 1 1 1 1 1 0 1 1 0 1 1 1 0 0 0 1 1 0 1 0 0 0 0 1 1 1 1 1 0 1 1 1 0 0 0 1 1 1 1 1 1 1 1 1 0 1 1 1 0 0 1 1 1 0 0 1 1 1 0 0 0 0 0 1 1 0 1 1 0 0 1 1 1 1 1 1 0 1 1 0 1 0 1 0 0 0 1 1 1 1 1 0 0 0 30604.0 33121.0 32164.0 1 0.15545529812193173
1 0 1 1 1 0 1 1 1 1 1 0 1 1 0 1 1 1 0 0 0 1 1 0 1 0 1 0 1 1 1 1 1 1 0 1 0 0 0 0 0 1 1 0 1 1 1 1 1 1 0 1 1 1 0 0 1 1 1 0 0 1 1 0 0 0 1 0 0 1 1 0 1 0 0 1 1 1 1 1 1 1 0 1 0 0 1 1 1 0 0 0 1 1 1 1 1 0 0 0 31889.0 32086.0 34249.0 1 0.15445970743859455
1 0 1 1 1 0 1 1 1 1 1 0 1 1 0 1 1 0 1 0 0 1 0 0 1 0 1 0 0 1 0 1 1 1 0 1 0 0 0 0 0 1 1 0 0 1 1 1 1 1 0 1 1 1 0 0 1 1 1 0 1 1 1 1 0 0 1 1 0 1 1 0 1 0 1 1 1 1 1 1 1 0 0 0 0 0 1 1 0 0 1 1 1 1 1 1 1 0 1 0 33042.0 28550.0 36052.0 1 0.15323763044313243
1 0 1 1 1 0 1 1 1 1 1 0 1 1 0 1 0 1 0 0 0 1 1 0 1 0 0 0 0 1 1 1 1 1 0 1 1 1 0 0 0 1 1 1 1 1 1 1 1 1 0 1 1 1 0 0 1 1 1 0 0 1 1 0 0 0 0 0 0 1 1 0 1 1 0 0 1 1 1 1 1 1 0 1 1 0 1 0 1 0 0 0 1 1 1 1 1 0 0 0 30328.0 33845.0 31562.0 1 0.14834946763825624
1 0 1 1 0 0 1 1 1 1 1 1 1 1 0 1 1 1 0 1 0 1 1 0 1 1 1 0 0 1 1 1 0 1 0 1 0 0 0 0 0 1 1 0 0 1 1 0 1 0 1 1 0 1 1 0 0 0 1 1 1 0 1 1 0 0 1 1 0 1 1 0 1 1 0 1 1 1 1 1 1 1 0 0 0 1 1 0 1 0 0 0 1 1 1 1 1 0 1 0 35547.0 29521.0 31389.0 1 0.1329201788617219
1 0 1 1 1 0 1 1 1 1 1 0 1 1 0 1 1 0 1 0 0 1 0 0 1 0 1 0 0 1 0 1 1 1 0 1 0 0 0 0 0 1 1 0 0 1 1 1 1 1 0 1 1 1 0 0 1 1 1 0 1 1 1 1 0 0 1 1 0 1 1 0 1 0 1 1 1 1 1 1 1 1 1 0 0 0 1 0 1 0 0 0 1 1 1 1 1 0 1 0 33809.0 28838.0 35750.0 1 0.13089286827061852
1 0 1 1 1 0 1 1 1 1 1 0 1 1 0 1 1 1 0 0 0 1 1 0 1 0 0 0 0 1 1 1 1 1 0 1 0 0 0 0 0 1 1 1 1 1 1 1 1 1 0 1 1 1 0 0 0 1 1 0 0 1 1 0 0 0 1 0 0 1 1 0 1 1 0 0 1 1 1 1 1 1 0 1 1 0 1 0 1 0 0 0 1 1 1 1 1 1 0 0 30153.0 33509.0 32819.0 1 0.1276150653761471
1 0 1 1 1 0 1 1 1 1 1 0 1 1 0 1 1 1 0 0 0 1 1 0 1 0 1 0 0 1 1 1 1 1 0 1 0 0 0 0 0 1 1 0 1 1 1 1 1 1 0 1 1 1 0 0 1 1 1 0 0 1 1 1 0 0 1 0 0 1 1 0 1 1 0 0 1 1 1 1 1 1 0 1 1 0 1 0 1 0 0 0 1 1 1 1 1 0 0 0 31625.0 32714.0 33887.0 1 0.12600662815434585
1 0 1 1 1 0 1 1 1 1 1 0 1 1 0 1 1 1 0 0 0 1 1 0 1 0 1 0 0 1 1 1 1 1 0 1 0 0 0 0 0 1 1 1 1 1 1 1 1 1 0 1 1 1 0 0 1 1 1 0 0 1 1 0 0 0 0 0 0 1 1 0 1 1 0 0 1 1 1 1 1 1 0 1 1 0 1 0 1 0 0 0 1 1 1 1 1 0 0 0 30508.0 33377.0 32512.0 1 0.12594439210544553
1 0 1 1 1 0 1 1 1 0 1 1 1 1 0 1 1 1 0 0 0 1 1 0 1 0 1 0 1 1 1 1 1 1 0 1 0 0 0 0 0 1 1 0 1 1 1 1 1 1 0 1 1 1 0 0 1 1 1 0 0 1 1 0 0 0 1 0 0 1 1 0 1 0 1 1 1 1 1 1 1 1 0 1 0 0 1 1 1 0 0 0 1 1 1 1 1 0 0 0 32409.0 32495.0 34042.0 1 0.12565680467761053
1 0 1 1 1 0 1 1 1 1 1 0 1 1 0 1 1 1 0 0 0 1 1 0 1 0 0 0 0 1 1 1 1 1 0 1 0 0 0 0 0 1 1 1 1 1 1 1 1 1 0 1 1 1 0 0 1 1 1 0 1 0 1 1 0 0 1 1 0 1 1 0 1 0 0 0 1 1 1 1 1 1 0 1 1 0 1 0 1 0 0 0 1 1 1 1 1 0 0 0 31406.0 33087.0 33612.0 1 0.11228246051300338
0 0 1 1 0 0 1 1 1 1 1 1 1 1 0 1 1 1 1 0 0 1 1 0 1 0 1 0 0 1 1 1 1 1 0 1 0 0 0 0 0 1 1 0 0 1 1 1 1 1 0 1 1 1 0 0 0 0 1 1 1 0 1 1 0 1 1 1 0 1 1 1 1 1 0 1 1 0 1 1 1 1 0 0 0 1 0 0 1 0 0 0 1 1 1 1 1 0 1 0 35426.0 29334.0 32295.0 1 0.1086348633875181
1 0 1 1 1 0 1 1 1 1 1 0 1 1 0 1 1 0 1 0 0 1 1 0 1 0 0 0 0 1 1 1 1 1 0 1 0 0 0 0 0 1 1 1 1 1 1 1 1 1 0 1 1 1 0 0 1 1 1 0 1 0 1 1 0 0 1 1 0 1 1 0 1 0 1 1 1 1 1 1 1 0 0 0 0 1 1 0 0 0 1 1 1 1 1 1 1 0 1 0 33128.0 31141.0 35070.0 1 0.10722859781775239
1 0 1 1 1 0 1 1 1 1 1 0 1 1 0 1 1 1 0 0 0 1 1 0 1 0 0 0 0 1 1 1 1 1 0 1 1 1 0 0 0 1 1 0 1 1 1 1 1 1 0 1 1 1 0 0 0 1 1 0 1 0 1 1 0 0 0 1 0 1 1 0 1 1 0 0 1 1 1 1 1 1 0 1 1 0 1 0 1 0 0 0 1 1 1 1 1 0 0 0 32365.0 32978.0 32922.0 1 0.10455233708322133
1 0 1 1 1 0 1 1 1 1 1 0 1 1 0 1 1 1 0 0 0 1 1 0 1 0 0 0 0 1 1 1 1 1 0 1 0 0 0 0 0 1 1 1 1 1 1 1 1 1 0 1 1 1 0 0 0 0 1 0 0 1 1 1 0 0 1 1 0 1 1 0 1 0 1 1 1 1 1 1 0 0 0 0 0 0 1 1 0 0 1 1 1 1 1 1 1 0 0 1 31625.0 30529.0 35333.0 1 0.10420357983523523
1 0 1 1 1 0 1 1 1 0 1 1 1 1 0 1 1 1 0 0 0 1 1 0 1 0 0 0 0 1 1 1 1 1 0 1 0 0 0 0 0 1 1 1 1 1 1 1 1 1 0 1 1 1 0 0 1 1 1 0 1 0 1 1 0 0 1 1 0 1 1 0 1 0 1 1 1 1 1 1 1 0 0 0 0 0 1 0 0 0 1 1 1 1 1 1 1 0 1 0 32982.0 32006.0 33753.0 1 0.10090910238511061
1 0 1 1 1 0 1 1 1 0 1 1 1 1 0 1 1 1 0 0 0 1 1 0 1 0 0 0 0 1 1 1 1 1 0 1 0 0 0 0 0 1 1 1 1 1 1 1 1 1 0 1 1 1 0 0 0 0 1 0 0 1 1 1 0 0 1 1 0 1 1 0 1 0 1 1 1 1 1 1 1 0 0 0 0 0 1 1 0 0 1 1 1 1 1 1 1 0 0 1 32305.0 31540.0 34768.0 1 0.0991385297194492
1 0 1 1 1 0 1 1 1 1 1 0 1 1 0 1 1 0 1 0 0 1 1 0 1 0 1 0 0 1 1 1 1 1 0 1 0 0 0 0 0 1 1 0 1 1 1 1 1 1 0 1 1 1 0 0 1 1 1 0 1 1 1 1 0 0 1 0 0 1 0 0 1 1 0 1 1 1 1 1 1 1 1 0 0 0 1 0 1 0 0 0 1 1 1 1 1 0 1 0 33674.0 30558.0 35129.0 1 0.09688572107974715
1 0 1 1 1 0 1 1 1 1 1 0 1 1 0 1 1 0 1 0 0 1 1 0 1 0 1 0 0 1 1 1 1 1 0 1 0 0 0 0 0 1 1 0 0 1 1 1 1 1 0 1 1 1 0 0 1 1 1 0 1 1 1 1 0 0 1 1 0 1 1 0 1 0 1 0 1 1 1 1 1 1 0 0 0 0 1 1 1 0 0 0 1 1 1 1 1 0 1 0 33514.0 29661.0 35635.0 1 0.09611878631070461
1 0 1 1 1 0 1 1 1 1 1 0 1 1 0 1 1 0 1 0 0 1 0 0 1 0 1 0 0 1 1 1 1 1 0 1 0 0 0 0 0 1 1 0 0 1 1 1 1 1 0 1 1 1 0 0 0 0 1 1 1 0 1 1 0 1 1 1 0 1 1 1 1 1 0 1 1 0 1 1 1 1 0 0 0 1 1 0 1 0 0 0 1 1 1 1 1 0 1 0 35370.0 28427.0 33435.0 1 0.09557942266502628
1 0 1 1 1 0 1 1 1 0 1 0 1 1 0 1 1 1 1 0 0 1 1 0 1 0 1 0 0 1 1 1 0 1 0 1 0 0 0 0 0 1 1 0 0 1 1 1 1 1 0 1 1 1 0 0 1 1 1 0 1 1 1 1 0 0 1 1 0 1 1 0 1 0 1 1 1 1 1 1 1 1 1 0 0 0 0 0 1 0 0 0 1 1 1 1 1 0 1 0 34415.0 30314.0 34417.0 1 0.09489916114786359
1 0 1 1 1 1 1 1 1 0 1 1 1 1 0 1 1 1 0 0 0 1 1 0 1 0 0 0 0 1 1 1 1 1 0 1 0 0 0 0 0 1 1 1 1 1 1 1 1 1 0 1 1 1 0 0 1 1 1 0 1 1 1 1 0 0 1 0 0 1 0 0 1 1 0 1 1 1 1 1 1 1 0 0 0 0 1 0 1 0 0 0 1 1 1 1 1 0 1 0 32882.0 32474.0 33039.0 1 0.09399015176862119
1 0 1 1 1 0 1 1 1 1 1 0 1 1 0 1 1 1 0 0 0 1 1 0 1 0 1 0 0 1 1 1 1 1 0 1 0 0 0 0 0 1 1 0 1 1 1 1 1 1 0 1 1 1 0 0 1 1 1 0 1 1 1 0 0 0 1 0 0 1 0 0 1 0 1 1 1 1 1 1 1 1 0 1 0 0 1 1 1 0 0 0 1 1 1 1 1 0 0 0 32593.0 31458.0 34325.0 1 0.09125381623031617
1 0 1 1 1 0 1 1 1 1 1 0 1 1 0 1 1 1 0 0 0 1 1 0 1 0 1 0 0 1 1 1 1 1 0 1 0 0 0 0 0 1 1 1 1 1 1 1 1 1 0 1 1 1 0 0 1 1 1 0 0 1 1 0 0 0 1 0 0 1 1 0 1 1 0 0 1 1 1 1 1 1 0 1 1 0 1 0 1 0 0 0 0 1 1 1 1 0 0 0 29988.0 33225.0 33097.0 1 0.09040896187207961
1 0 1 1 1 0 1 1 1 0 1 1 1 1 0 1 1 1 0 0 0 1 1 0 1 0 0 0 0 1 1 1 1 1 0 1 1 1 0 0 0 1 1 0 1 1 1 1 1 1 0 1 1 1 0 0 0 1 1 0 1 0 1 1 0 0 0 1 0 1 1 0 1 1 0 0 1 1 1 1 1 1 0 1 1 0 1 0 1 0 0 0 1 1 1 1 1 0 0 0 32086.0 33225.0 32160.0 1 0.08991927519283935
1 0 1 1 1 0 1 1 1 1 1 0 1 1 0 1 1 0 1 0 0 1 1 0 1 1 1 0 0 1 1 1 0 1 0 1 0 0 0 0 0 1 1 0 1 1 1 1 1 1 0 1 1 1 0 0 1 1 1 0 1 1 1 1 0 0 1 0 0 1 1 0 1 0 1 1 1 1 1 1 1 1 1 0 0 0 0 0 1 0 0 0 1 1 1 1 0 0 1 1 34632.0 29186.0 35550.0 1 0.08924603266800146
1 0 1 1 1 0 1 1 1 1 1 0 1 1 0 1 1 1 0 0 0 1 1 0 1 0 1 0 1 1 1 1 1 1 0 1 0 0 0 0 0 1 1 0 1 1 1 1 1 1 0 1 1 1 0 0 1 1 1 0 0 1 1 1 0 0 1 0 0 1 1 0 1 1 0 1 1 1 1 1 1 0 0 0 0 0 1 0 1 0 0 0 1 1 1 1 1 0 1 0 33377.0 31731.0 33922.0 1 0.08855110650979389
1 0 1 1 1 0 1 1 1 1 1 0 1 1 0 1 1 1 0 0 0 1 0 0 1 0 1 0 0 1 1 1 1 1 0 1 0 0 0 0 0 1 1 0 0 1 1 1 1 1 0 1 1 1 0 0 0 0 1 1 0 0 1 1 0 1 1 1 0 1 1 1 1 1 0 1 1 0 1 1 1 1 0 0 0 1 1 0 1 0 0 0 1 1 1 1 1 0 1 0 35174.0 29144.0 32814.0 1 0.0874231599194337
1 0 1 1 1 0 1 1 1 0 1 1 1 1 0 1 1 1 0 0 0 1 1 0 1 0 0 0 0 1 1 1 1 1 0 1 0 0 0 0 0 1 1 1 1 1 1 1 1 1 0 1 1 1 0 0 1 1 1 0 0 1 1 0 0 0 1 0 0 1 1 0 1 1 0 0 1 1 1 1 1 1 0 1 1 0 1 0 1 0 0 0 1 1 1 1 1 0 1 0 30543.0 33683.0 32461.0 1 0.08539635670138676
1 0 1 1 1 0 1 1 1 0 1 0 1 1 0 1 1 1 1 0 0 1 1 0 0 1 1 0 0 1 1 1 0 1 0 1 0 0 0 0 0 1 1 0 1 1 1 1 1 1 0 1 1 1 0 0 1 1 1 0 1 1 1 1 0 0 1 1 0 1 1 0 1 0 1 1 1 1 1 1 1 1 1 0 0 0 0 0 1 0 0 0 1 1 1 1 0 0 1 0 35034.0 29866.0 34557.0 1 0.08539549005670327
1 0 1 1 1 0 1 1 1 1 0 0 1 1 0 1 1 1 0 0 0 1 1 0 1 0 0 0 0 1 0 1 1 1 0 1 0 0 0 0 0 1 1 1 1 1 1 1 1 1 0 1 1 1 0 0 1 1 1 0 1 1 1 1 0 0 1 1 0 1 1 0 1 1 1 1 1 1 1 1 1 1 0 0 0 0 1 0 1 0 0 0 1 1 1 1 1 0 0 0 33284.0 32207.0 33541.0 1 0.08308559553058001
1 0 1 1 1 0 1 1 1 1 1 0 1 1 0 1 1 0 1 0 0 1 1 0 1 1 1 0 0 1 1 1 0 1 0 1 0 0 0 0 0 1 1 0 1 1 1 1 1 1 0 1 1 1 0 0 1 1 1 0 1 1 1 1 0 0 1 0 0 1 1 0 1 0 1 1 1 1 1 1 1 1 1 0 0 0 0 0 1 0 0 0 1 1 1 1 1 0 1 0 34320.0 30050.0 35264.0 1 0.08289483872641706
1 0 1 1 1 0 1 1 1 1 1 0 1 1 0 1 0 1 0 0 0 1 1 0 1 0 1 1 0 1 1 1 1 1 0 1 0 0 0 0 0 1 1 0 1 1 1 1 1 1 0 1 0 0 0 0 1 1 1 0 1 1 1 1 0 0 1 1 0 1 1 0 1 1 1 0 1 1 1 1 1 1 0 0 0 0 1 0 1 0 0 0 1 1 1 1 1 0 1 0 34893.0 31617.0 33229.0 1 0.08138127323936915
1 0 1 1 1 0 1 1 1 1 1 0 1 1 0 1 1 1 0 0 0 1 1 0 1 0 1 0 0 1 1 1 1 1 0 1 0 0 0 0 0 1 1 0 1 1 1 1 1 1 0 1 1 1 0 0 1 1 1 0 1 0 1 1 0 0 0 1 0 1 1 0 1 1 0 0 1 1 1 1 1 1 0 1 1 0 1 0 1 0 0 0 1 1 1 1 1 0 0 0 32662.0 32802.0 33293.0 1 0.08118765656969225
1 0 1 1 1 0 1 1 1 1 1 0 1 1 0 1 1 0 1 0 0 1 0 0 1 0 1 1 0 1 1 1 1 1 0 1 0 0 0 0 0 1 1 0 1 1 1 1 1 1 0 1 1 1 0 0 1 1 1 0 1 1 1 1 0 0 1 0 0 1 1 0 1 0 1 1 1 1 1 1 1 1 1 0 0 0 0 0 1 0 0 0 1 1 1 1 0 0 1 1 34098.0 28765.0 35751.0 1 0.08078626686608853
1 0 1 1 1 0 1 1 1 1 1 0 1 1 0 1 1 1 0 0 0 1 1 0 1 0 1 0 0 1 1 1 1 1 0 1 0 0 0 0 0 1 1 0 1 1 1 1 1 1 0 1 1 1 0 0 1 1 1 0 1 1 1 1 0 0 1 0 0 1 0 0 1 1 0 1 1 1 1 1 1 1 0 0 0 0 1 0 1 0 0 0 1 1 1 1 1 0 1 0 33954.0 31214.0 33666.0 1 0.07723363059007353
1 0 1 1 1 1 1 1 1 0 1 1 1 1 0 1 1 1 0 0 0 1 1 0 1 0 0 0 0 1 1 1 1 1 0 1 1 1 0 0 0 1 1 0 1 1 1 1 1 1 0 1 1 1 0 0 0 1 1 0 1 0 1 1 0 0 0 1 0 1 1 0 1 1 0 1 1 1 1 1 1 1 0 0 0 1 1 0 1 0 0 0 1 1 1 1 1 0 1 0 34387.0 32237.0 32696.0 1 0.07696159951909681
1 0 1 1 1 0 1 1 1 1 1 0 1 1 0 1 1 1 0 0 0 1 1 0 1 0 1 0 0 1 1 1 1 1 0 1 0 0 0 0 0 1 1 0 1 1 1 1 1 1 0 1 1 1 0 0 1 1 1 0 1 0 1 1 0 0 0 1 0 1 1 0 1 0 0 1 1 1 1 1 1 1 1 0 0 1 1 0 1 0 0 0 1 1 1 1 1 0 1 0 34533.0 31090.0 34334.0 1 0.07620667375019624
1 0 1 1 0 0 1 1 1 1 1 1 1 1 0 1 1 0 0 1 0 1 1 0 1 1 1 0 0 1 1 1 0 1 0 1 0 0 0 0 0 1 1 0 1 1 1 1 1 1 0 1 1 1 0 0 1 1 1 0 1 0 1 1 0 0 0 1 0 1 1 0 1 1 0 1 1 1 1 1 1 1 0 0 0 1 1 0 1 0 0 0 1 1 1 1 1 0 1 0 35221.0 30949.0 32254.0 1 0.07402638015002953
1 0 1 1 1 0 1 1 1 1 1 0 1 1 0 1 1 1 0 0 0 1 1 0 1 0 0 0 0 1 1 1 1 1 0 1 0 0 0 0 0 1 1 0 1 1 1 1 1 1 0 1 1 1 0 0 1 1 1 0 1 0 1 1 0 0 1 1 0 1 0 0 1 0 1 0 1 1 1 1 1 1 1 0 0 0 1 1 1 0 0 0 1 1 1 1 1 0 1 0 33347.0 30741.0 34677.0 1 0.07213569506210887
1 0 1 1 1 0 1 1 1 1 1 0 1 1 0 1 1 0 1 0 0 1 0 0 1 1 1 0 0 1 1 1 1 1 0 1 0 0 0 0 0 1 1 0 1 1 1 1 1 1 0 1 1 1 0 0 1 1 1 0 1 1 1 0 0 0 1 1 0 1 1 0 1 1 1 1 1 1 1 1 1 1 0 0 0 0 1 0 1 0 0 0 1 1 1 1 1 0 0 0 34206.0 30090.0 34846.0 1 0.07198904729097472
1 0 1 1 1 0 1 1 1 1 1 0 0 1 0 1 1 1 0 0 0 1 1 0 1 0 1 0 0 1 1 1 1 1 0 1 0 0 0 0 0 1 1 0 1 1 1 1 1 1 0 1 1 1 0 0 1 1 1 0 1 1 1 1 0 0 1 1 0 1 1 0 1 1 0 0 1 1 1 1 1 1 0 1 0 0 1 0 1 0 0 0 1 1 1 1 1 0 0 0 32730.0 31586.0 33988.0 1 0.07182498269017984
1 0 1 1 1 0 1 1 1 1 1 0 1 1 0 1 1 0 1 0 0 1 0 0 1 0 1 0 0 1 1 1 1 1 0 1 0 0 0 0 0 1 1 0 1 1 1 1 1 1 1 1 0 1 1 0 0 0 1 1 1 0 1 1 0 1 1 1 0 1 1 0 1 1 0 1 1 1 1 1 1 1 0 0 0 1 0 0 1 0 0 0 1 1 1 1 1 0 1 0 35062.0 29675.0 33063.0 1 0.06799326292269009
