0 0 1 1 0 0 1 1 1 1 1 0 0 1 0 1 1 0 0 0 1 1 0 1 0 0 0 0 0 0 0 1 1 0 0 1 0 1 0 1 0 0 1 0 0 1 1 0 1 1 0 1 0 0 1 0 1 1 1 0 1 1 1 1 0 1 1 1 0 1 1 1 1 1 0 1 1 0 0 0 1 0 1 0 0 0 0 1 1 0 0 1 0 1 1 1 1 0 1 1 28058.0 22006.0 31785.0 0 2000000000000000.0
0 0 1 1 1 0 1 0 1 0 1 0 1 1 0 1 1 0 0 0 0 1 1 0 1 0 1 0 0 0 0 0 1 0 0 1 0 1 0 0 0 1 1 0 0 1 1 0 1 1 0 1 0 0 1 0 1 1 1 0 1 1 1 1 0 1 1 1 0 1 1 1 1 1 0 0 1 1 0 1 1 1 1 0 1 0 0 0 1 0 1 0 0 1 1 1 1 0 1 1 27733.0 25408.0 31351.0 0 0.44455767070795915
1 0 1 0 0 0 1 0 1 1 1 0 1 1 0 1 1 0 0 0 0 1 1 0 1 0 1 0 0 1 0 0 1 1 0 0 1 0 1 1 0 1 1 1 0 1 0 0 1 1 0 1 0 0 0 0 1 1 1 1 0 1 1 1 0 1 1 1 0 1 1 1 1 0 0 0 1 1 0 1 1 1 1 0 0 0 1 1 1 0 0 1 0 1 1 0 0 0 1 0 28007.0 23571.0 30884.0 0 0.360517517978705
0 0 1 1 0 0 1 1 1 1 1 0 0 1 0 1 1 0 0 0 1 1 0 1 0 0 0 0 0 0 0 1 1 0 0 1 0 1 0 1 0 0 1 0 0 0 1 1 1 1 0 1 1 0 0 0 1 1 1 1 0 1 1 1 0 1 1 1 0 1 1 1 1 1 0 0 1 1 0 1 1 1 1 0 1 0 0 0 1 0 1 0 0 1 0 1 1 0 1 0 28074.0 23003.0 30427.0 0 0.2450305854504274
1 0 1 1 1 0 1 0 1 1 1 0 1 1 0 1 1 0 0 0 0 0 1 1 0 1 0 0 0 0 0 1 0 1 0 1 0 1 0 1 0 1 1 0 0 1 0 0 1 1 0 1 0 0 1 0 1 1 1 0 1 1 1 1 0 0 1 0 0 1 1 1 1 1 0 0 0 1 0 1 1 1 1 1 1 0 0 0 1 0 0 0 0 1 1 1 1 0 1 0 27012.0 25766.0 29934.0 0 0.4708674189259112
1 0 1 0 0 0 1 0 1 1 1 0 1 1 0 1 1 0 0 0 0 1 1 0 1 0 1 0 0 1 0 0 1 1 0 0 1 0 1 0 0 1 0 1 0 0 1 0 1 1 0 1 0 0 1 0 1 1 1 0 1 1 1 1 1 1 1 1 0 1 1 1 1 1 0 1 1 0 0 0 1 0 0 0 0 0 1 1 1 0 0 1 0 1 1 0 0 0 1 1 28134.0 23121.0 29694.0 0 0.19658418282041534
1 0 1 0 0 0 1 0 1 1 1 1 1 1 0 1 1 0 0 0 0 1 1 0 1 0 1 1 0 1 0 0 1 1 0 0 0 1 0 0 0 1 0 1 0 0 1 0 1 1 0 1 0 0 1 0 1 1 1 0 1 1 1 1 0 1 1 1 0 1 1 1 0 1 0 1 1 0 0 0 1 0 1 0 0 0 0 1 1 0 0 1 1 1 0 1 1 0 1 1 28652.0 23014.0 29691.0 0 0.2739198776029441
0 0 1 1 1 0 1 1 1 0 1 0 1 1 0 1 1 0 0 0 1 1 1 0 0 0 1 1 1 0 1 1 0 0 0 0 1 1 0 0 0 1 0 0 1 1 1 0 0 1 0 1 1 1 0 0 1 1 1 0 1 1 1 1 0 1 1 1 0 1 1 1 1 1 0 1 1 0 0 0 1 0 1 0 0 0 0 1 0 0 0 1 0 0 1 1 1 0 0 0 27914.0 25023.0 29514.0 0 0.10743082590444525
0 0 1 1 0 0 1 1 1 1 1 0 0 1 0 1 1 0 0 0 1 0 1 0 0 0 1 1 0 0 1 0 1 0 0 0 0 0 0 0 0 0 1 1 0 0 1 1 1 1 0 1 1 1 0 0 1 1 1 1 0 1 1 1 0 1 1 1 0 1 1 1 1 1 0 0 1 1 0 1 1 1 1 0 1 0 0 0 1 0 1 0 0 1 0 1 1 0 1 0 27920.0 23808.0 29485.0 0 0.1323191205477534
1 0 1 0 0 0 1 1 0 0 1 0 1 1 0 1 1 1 0 0 1 0 1 0 0 1 0 0 0 1 1 1 1 0 1 0 1 1 0 0 0 1 0 0 1 1 1 0 0 1 0 1 1 1 0 0 1 1 1 0 1 1 1 1 0 1 1 1 0 1 1 1 1 1 0 1 1 0 0 0 1 0 1 0 0 0 1 1 1 1 0 1 0 1 1 0 0 0 1 0 29535.0 24032.0 29462.0 0 0.2988677665390951
1 0 1 0 0 0 1 0 1 1 1 1 1 1 0 1 1 0 0 0 0 1 1 0 1 0 1 1 0 1 0 0 1 1 0 0 0 1 0 0 0 1 0 1 0 0 1 0 1 1 0 1 0 0 1 0 1 1 1 0 1 1 1 1 0 1 1 1 0 1 1 1 1 1 0 0 1 1 0 1 1 1 1 0 1 0 0 0 1 0 1 0 0 1 0 1 1 0 1 0 28053.0 24804.0 29265.0 0 0.15846123517820893
0 0 1 1 1 0 1 1 1 0 1 0 1 1 0 1 0 0 0 0 1 0 1 0 0 0 1 1 1 0 1 1 0 1 0 1 0 1 0 0 0 1 0 0 1 1 1 0 0 1 0 1 1 1 0 0 1 1 1 0 1 1 1 1 0 1 1 1 0 1 1 1 1 1 0 1 1 0 0 0 1 0 1 0 0 0 0 1 0 0 0 1 0 0 1 1 1 0 0 0 27827.0 25416.0 29212.0 0 0.1367909549899671
0 0 1 1 0 0 1 1 1 1 1 0 1 1 0 1 1 0 0 0 1 0 1 0 0 0 1 1 0 0 1 1 0 1 0 0 0 1 1 0 0 1 0 0 0 0 1 1 1 1 0 1 0 1 1 0 0 0 0 1 1 1 1 1 0 1 1 1 0 1 0 1 1 1 0 0 1 1 0 1 1 1 1 0 0 0 1 1 1 0 0 1 0 1 1 0 0 0 1 0 30139.0 22822.0 29185.0 0 0.12415385531506254
1 0 1 1 1 0 1 1 1 0 1 0 1 1 0 1 1 0 0 0 1 0 1 0 0 0 1 1 1 1 0 0 1 1 0 0 0 0 1 0 0 1 0 1 0 0 1 0 0 1 0 1 1 1 0 0 1 1 0 0 1 1 1 1 0 1 1 1 0 1 1 1 1 1 0 1 1 0 0 0 1 0 1 0 0 0 0 1 1 0 1 0 0 1 0 1 1 0 1 0 28252.0 24454.0 29015.0 0 0.2628981439995045
0 0 1 1 1 0 1 1 1 0 1 0 1 1 0 1 1 0 0 0 1 1 1 0 0 0 1 1 1 0 1 1 0 0 0 0 1 1 0 0 0 1 0 0 1 1 1 0 0 1 0 1 1 1 0 0 1 1 1 0 1 1 1 1 0 1 1 1 0 1 1 1 1 1 0 1 1 0 0 0 1 0 1 0 0 0 0 1 0 0 0 0 0 1 0 1 1 0 1 0 29337.0 25107.0 28834.0 0 0.20041070238405764
0 0 1 1 0 0 1 1 1 1 1 0 0 1 0 1 1 0 0 0 1 0 1 0 0 0 1 1 0 0 1 1 0 1 0 0 1 1 0 0 0 1 0 0 0 0 1 1 1 1 1 1 0 1 1 0 0 0 0 1 1 1 1 1 0 1 1 1 0 1 1 1 1 1 0 1 1 0 0 0 1 0 1 0 0 0 0 1 0 0 0 0 0 1 1 1 1 0 1 1 30223.0 22536.0 28831.0 0 0.21043702034637934
1 0 1 1 1 0 1 1 1 0 1 0 1 1 0 1 1 0 0 0 1 0 1 0 0 0 1 1 1 1 0 1 0 1 0 0 0 1 0 0 0 1 0 1 0 1 1 0 0 1 0 1 1 1 0 0 1 1 1 0 1 1 1 1 0 1 1 1 0 1 1 1 1 1 0 1 1 0 0 0 1 0 1 0 0 0 0 1 0 0 0 0 0 1 0 1 1 0 1 0 29110.0 25979.0 28713.0 0 0.2821738210872313
0 0 1 1 0 0 1 1 1 1 1 0 0 1 0 1 1 0 0 0 1 0 1 0 0 0 1 1 0 0 1 1 0 1 0 0 0 1 1 0 0 1 0 0 0 0 1 1 1 1 0 1 0 1 1 0 0 0 0 1 1 1 1 1 0 1 1 1 0 1 0 1 1 1 0 1 1 0 0 0 1 1 1 0 0 0 0 1 0 0 0 1 1 1 0 1 1 1 1 0 30907.0 22709.0 28278.0 0 1000000000000000.1
0 0 1 1 1 0 1 1 1 0 1 0 1 1 0 1 1 0 0 0 1 0 1 0 0 0 1 1 1 0 1 1 0 1 0 1 0 1 0 0 0 0 1 1 0 0 1 1 1 1 0 1 0 1 1 0 1 1 1 0 0 1 1 1 0 1 1 1 0 1 1 1 1 1 0 1 1 0 0 0 1 0 0 0 0 1 0 1 0 0 0 0 0 1 0 1 1 0 1 0 29439.0 25966.0 28137.0 0 0.1386335767050589
1 0 1 0 0 0 1 1 0 0 1 0 1 1 0 1 1 1 0 0 1 0 1 0 0 1 0 0 0 1 1 1 1 0 1 0 1 1 0 0 0 1 0 0 1 1 1 0 0 1 0 1 1 1 1 0 1 1 1 0 1 1 1 1 0 0 1 1 1 0 0 1 1 1 1 1 1 0 1 1 0 0 1 0 0 1 0 1 0 0 0 0 0 1 0 1 1 1 1 0 30132.0 24571.0 28054.0 0 0.31776351308454376
1 0 1 1 1 0 1 1 1 1 1 0 1 1 0 1 1 0 0 0 1 0 1 0 0 0 1 1 0 0 1 1 0 1 0 0 1 1 1 0 0 1 0 0 0 0 1 1 0 1 0 1 0 0 1 0 1 1 0 0 1 1 1 1 0 1 1 1 0 1 1 1 1 1 1 1 1 0 1 1 0 0 1 0 0 1 0 0 0 0 0 0 0 1 0 1 1 0 1 0 30283.0 24197.0 27663.0 0 0.3741602410481696
0 0 1 1 1 0 1 1 1 0 1 0 0 1 0 1 1 0 0 0 1 0 1 1 0 1 0 0 0 0 0 1 1 0 0 1 0 1 1 1 1 1 0 1 0 1 1 0 0 1 0 1 1 1 0 0 1 1 1 1 1 1 1 1 0 0 0 0 1 0 0 1 1 1 0 1 1 0 1 0 1 0 0 1 1 0 0 0 0 0 0 0 0 1 0 1 1 1 1 0 26889.0 25985.0 27472.0 0 1000000000000000.1
1 0 1 1 1 0 1 1 1 0 1 1 1 1 0 1 1 0 0 0 1 0 1 0 0 0 1 1 1 0 1 1 0 1 0 0 0 1 0 0 0 1 0 1 0 1 1 0 0 1 0 1 1 1 1 0 1 1 1 0 1 1 1 1 0 0 0 0 1 0 0 1 1 1 0 1 1 0 0 0 1 1 0 1 1 1 0 0 0 0 0 0 0 1 0 1 1 0 1 1 28193.0 26125.0 26818.0 0 0.33513603227294336
1 0 1 1 1 0 1 1 1 0 1 0 1 1 0 1 1 0 0 0 1 0 1 0 0 0 1 1 1 1 0 1 0 1 0 0 0 1 0 0 0 1 0 1 0 1 1 0 0 1 0 1 1 1 1 0 1 1 1 1 1 1 1 1 0 0 0 0 1 0 0 1 1 1 0 1 1 0 0 0 1 0 0 1 1 0 0 0 0 0 0 0 0 1 0 1 1 1 1 0 27911.0 26660.0 26646.0 0 2000000000000000.0
1 0 1 0 0 0 1 0 1 1 1 0 1 1 0 1 1 0 0 0 0 1 1 1 1 0 1 0 0 0 0 0 1 0 0 1 0 0 0 0 0 0 1 1 0 0 1 1 1 1 0 1 1 1 0 0 1 1 1 1 0 1 1 1 0 1 1 1 0 1 1 1 1 1 0 0 1 1 0 1 1 1 1 0 0 0 1 1 1 0 0 1 0 1 1 0 0 0 1 0 27234.0 22738.0 30970.0 1 1000000000000000.1
0 0 1 1 1 0 1 0 1 0 1 0 1 1 0 1 1 0 0 0 0 1 1 0 1 0 1 0 0 0 0 0 1 0 0 1 0 1 0 1 0 1 1 0 0 1 1 0 1 1 0 1 0 0 1 0 1 1 1 0 1 1 1 1 0 1 1 1 0 1 1 1 1 1 0 0 1 1 0 1 1 0 1 0 0 0 0 1 0 0 0 0 0 1 1 1 1 0 1 1 26937.0 24363.0 30799.0 1 1000000000000000.2
0 0 1 1 1 0 1 0 1 0 1 0 1 1 0 1 1 0 0 0 0 1 1 0 1 0 1 0 0 0 0 0 1 0 0 1 0 1 0 1 0 1 1 0 0 1 1 0 1 1 0 1 0 0 1 0 1 1 1 0 1 1 1 1 0 1 1 1 0 1 1 1 1 1 0 0 1 1 0 1 1 1 1 0 1 0 0 0 1 0 1 0 0 1 0 1 1 0 1 0 27277.0 25018.0 30461.0 1 0.24998486591867491
0 0 1 1 0 0 1 1 1 1 1 0 0 1 0 1 1 0 0 0 1 1 0 1 0 0 0 0 0 0 0 1 1 0 0 1 0 1 0 1 0 0 1 0 0 1 1 0 1 1 0 1 0 0 1 0 1 1 1 0 1 1 1 1 0 1 1 1 0 1 1 1 1 1 0 1 1 0 0 0 1 0 1 0 0 0 0 1 1 0 0 1 0 1 0 1 1 0 1 0 27295.0 21563.0 30359.0 1 1000000000000000.0
0 0 1 1 0 0 1 0 1 1 1 0 1 1 0 1 1 0 0 0 0 1 1 0 1 0 1 0 0 1 1 1 0 1 0 1 0 0 0 0 0 0 1 1 0 0 1 1 1 1 0 1 1 1 0 0 1 1 0 1 0 1 1 1 0 1 1 1 0 1 1 1 1 1 0 1 1 0 0 0 1 0 0 0 0 0 1 1 1 0 0 1 0 1 1 0 0 0 1 0 27857.0 23198.0 30321.0 1 0.15866414943862317
1 0 1 1 1 0 1 1 1 1 1 0 0 1 0 1 1 0 0 0 1 0 1 0 0 1 0 0 0 0 0 1 0 1 0 1 0 0 0 0 1 0 1 1 0 0 1 1 1 1 0 1 1 1 0 0 1 1 0 1 0 1 1 1 0 1 1 1 0 1 1 1 1 1 0 1 1 0 0 0 1 0 0 0 0 0 1 1 1 0 0 1 0 1 1 0 0 0 1 0 28002.0 22892.0 30127.0 1 0.14325259793653916
1 0 1 0 0 0 1 0 1 1 1 0 1 1 0 1 1 0 0 0 0 1 1 1 1 0 1 0 0 0 0 0 1 0 0 1 0 0 0 0 0 0 1 1 0 0 1 1 1 1 0 1 1 1 0 0 1 1 1 1 0 1 1 1 0 1 1 1 0 1 1 1 1 1 0 0 1 1 0 1 1 1 1 0 1 0 0 0 1 0 1 0 0 1 0 1 1 0 1 0 27450.0 24073.0 30038.0 1 0.27783325477747145
1 0 1 1 1 0 1 1 1 1 1 0 0 1 0 1 1 0 0 0 1 0 1 0 0 0 1 1 1 0 1 1 0 0 0 0 1 1 0 0 0 1 0 0 1 1 1 0 0 1 0 1 1 1 0 0 1 1 1 0 1 1 1 1 0 1 1 1 0 1 1 1 1 1 0 1 1 0 0 0 1 0 1 0 0 0 0 1 0 0 0 1 0 0 1 1 1 0 0 0 27714.0 24241.0 29653.0 1 0.21023183031506626
1 0 1 1 1 0 1 0 1 1 1 0 1 1 0 1 1 0 0 0 0 0 1 1 0 1 0 0 0 0 0 1 0 1 0 1 0 1 0 1 0 1 1 0 0 1 0 0 1 1 0 1 0 0 1 0 1 1 1 0 1 1 1 1 0 0 1 0 0 1 1 1 1 1 0 0 0 1 0 1 1 1 1 1 1 0 0 0 1 0 1 0 0 1 0 1 1 0 1 0 26997.0 25376.0 29608.0 1 0.181791569371115
1 0 1 0 0 0 1 0 1 1 1 0 1 1 0 1 1 0 0 0 0 1 1 0 1 0 1 0 0 1 0 0 1 1 0 0 1 0 1 0 0 1 0 1 0 0 1 0 1 1 0 1 0 0 1 0 1 1 1 0 1 1 1 1 1 1 1 1 0 1 1 1 1 1 0 1 1 0 0 0 1 0 0 0 0 0 1 1 1 0 0 1 0 1 1 0 1 0 1 0 27822.0 23985.0 29408.0 1 0.11574660303075036
0 0 1 1 1 0 1 1 1 1 1 0 0 1 0 1 1 0 0 0 1 0 1 0 0 0 1 1 0 0 1 1 0 1 0 0 1 1 0 0 0 1 0 0 0 0 1 1 1 1 1 1 0 1 1 0 1 1 1 0 1 1 1 1 0 1 1 1 0 1 1 1 0 1 0 1 1 0 0 0 1 0 1 0 0 0 0 1 0 0 0 1 0 0 1 1 1 0 0 0 28203.0 23703.0 29360.0 1 0.25528927828585724
0 0 1 0 1 0 1 1 1 0 1 0 1 1 0 1 1 0 0 0 1 0 1 0 0 0 1 1 1 0 1 1 0 1 0 1 0 0 0 0 0 0 1 1 0 0 1 1 1 1 0 1 1 1 0 0 1 1 0 1 0 1 1 1 0 1 1 1 0 1 1 1 1 1 0 1 1 0 0 0 1 0 0 0 0 0 1 1 1 0 0 1 0 1 1 0 0 0 1 0 28556.0 23812.0 29281.0 1 0.19113429876002866
0 0 1 1 0 0 1 1 1 1 1 0 0 1 0 1 1 0 0 0 1 0 1 0 0 0 1 1 0 0 1 1 0 1 0 0 1 1 1 0 0 1 0 0 0 0 1 1 1 1 0 1 1 1 0 0 1 1 0 1 0 1 1 1 0 1 1 1 0 1 1 1 1 1 0 1 1 0 0 0 1 0 0 0 0 0 1 1 1 0 0 1 0 1 1 0 0 0 1 0 28957.0 22257.0 29251.0 1 0.361008377323317
0 1 1 0 0 0 1 1 1 1 1 0 0 1 0 1 1 0 0 0 1 0 1 0 0 0 1 1 1 0 1 1 0 0 0 0 1 1 0 0 0 1 0 0 1 1 1 0 0 1 0 1 1 1 0 0 1 1 1 1 1 1 1 1 0 1 1 1 0 1 1 1 1 1 0 1 1 0 0 0 1 0 1 0 0 0 0 1 0 0 0 1 0 0 1 1 1 0 1 0 28601.0 22734.0 29033.0 1 0.27571424114169424
1 0 1 0 0 0 1 1 1 1 1 0 0 1 0 1 1 0 0 0 1 0 1 0 0 0 1 1 1 0 1 1 0 0 0 0 1 1 0 0 0 1 0 0 1 0 1 0 0 1 0 1 1 1 0 0 1 1 1 1 1 1 1 1 0 1 1 1 0 1 1 1 1 1 0 1 1 0 0 0 1 0 1 1 0 0 0 1 0 0 0 1 0 0 1 1 1 0 1 0 28591.0 22824.0 28986.0 1 0.057116231372168216
0 0 1 0 0 0 1 1 1 0 1 0 1 1 0 1 1 0 0 0 1 0 1 0 0 0 1 1 1 0 1 1 0 1 0 1 0 0 0 0 0 0 1 1 0 0 1 1 1 1 0 1 1 1 0 0 1 1 0 1 0 1 1 1 0 1 1 1 0 1 1 1 1 1 0 1 1 0 0 0 1 0 1 0 0 0 0 1 0 0 0 0 0 1 1 1 1 0 1 1 29055.0 24015.0 28950.0 1 0.08779286470411127
0 0 1 1 0 0 1 1 1 1 1 0 0 1 0 1 1 0 0 0 1 0 1 0 0 0 1 1 0 0 1 1 0 1 0 0 1 1 1 0 0 1 0 0 0 0 1 1 1 1 0 1 0 0 1 0 1 1 0 0 0 1 1 1 0 1 1 1 0 1 1 1 1 1 0 1 1 0 0 0 1 0 1 0 0 0 0 1 1 0 1 0 0 1 0 1 1 0 1 1 29142.0 22745.0 28854.0 1 0.07353325234634019
1 0 1 1 1 0 1 1 1 1 1 0 0 1 0 1 1 0 0 0 1 0 1 0 0 0 1 1 0 0 1 1 0 1 0 0 1 1 1 0 0 1 0 0 0 0 1 1 0 1 0 1 0 0 1 0 1 1 0 0 1 1 1 1 0 1 1 1 0 1 1 1 1 1 0 1 1 0 0 0 1 0 1 0 0 0 0 1 0 0 0 0 0 1 1 1 1 0 1 1 29206.0 23278.0 28848.0 1 0.0839944710453968
1 0 1 1 1 0 1 1 1 0 1 0 1 1 0 1 1 0 0 0 1 1 1 0 0 0 1 1 1 0 1 1 0 0 0 0 1 1 0 0 0 1 0 0 1 1 1 0 0 1 0 1 1 1 0 0 1 1 1 0 1 0 1 1 0 1 1 1 0 1 1 1 1 1 0 1 1 0 0 0 1 0 1 0 0 0 0 1 0 0 0 1 0 0 1 1 1 0 0 0 27817.0 25119.0 28791.0 1 0.10988615150205376
0 0 1 0 0 0 1 1 1 0 1 0 1 1 0 1 1 0 0 0 1 0 1 0 0 0 1 1 1 0 1 1 0 1 0 1 0 0 0 0 0 0 1 1 0 0 1 1 1 1 0 1 1 1 0 0 1 1 0 1 0 1 1 1 0 1 1 1 0 1 1 1 1 1 0 1 1 0 0 0 1 0 0 0 0 0 1 1 1 0 0 1 0 1 0 1 1 0 1 0 29260.0 24240.0 28735.0 1 0.10975121241641564
0 0 1 1 0 0 1 1 1 1 1 0 0 1 0 1 1 0 0 0 1 0 1 0 0 0 1 1 0 0 1 1 0 1 0 0 1 1 1 0 0 1 0 0 0 0 1 1 1 1 0 1 0 0 1 0 1 1 0 0 1 1 1 1 0 1 1 1 0 1 1 1 1 1 0 1 1 0 0 0 1 0 1 0 0 0 0 1 0 0 0 0 0 1 1 1 1 0 1 1 29456.0 22947.0 28638.0 1 0.09769207261171875
1 0 1 1 1 0 1 1 1 1 1 0 0 1 0 1 1 0 0 0 1 0 1 0 0 0 1 1 0 0 1 1 0 1 0 0 1 1 1 0 0 1 0 0 0 0 1 1 0 1 0 1 0 0 1 0 1 1 0 0 1 1 1 1 0 1 1 1 0 1 1 1 1 1 0 1 1 0 0 0 1 0 0 0 0 0 1 1 1 0 0 1 0 1 0 1 1 0 1 0 29411.0 23503.0 28633.0 1 0.11898841038718404
0 0 1 1 0 0 1 1 1 1 1 0 0 1 0 1 1 0 0 0 0 0 1 0 0 0 1 1 0 0 1 1 0 1 0 0 0 1 1 0 0 1 0 0 0 0 1 1 1 1 0 1 0 1 1 0 0 0 0 1 1 1 1 1 0 1 1 1 0 1 1 1 1 1 0 1 1 0 0 0 1 1 1 0 0 0 0 1 0 1 0 0 0 1 1 1 1 0 1 1 30066.0 22288.0 28500.0 1 0.28216182187462585
1 0 1 1 1 0 1 1 1 0 1 0 1 1 0 1 1 0 0 0 1 0 1 0 0 0 1 1 1 1 0 0 1 1 0 0 1 0 1 0 0 1 0 1 0 0 1 0 0 1 0 1 1 1 0 0 1 1 1 0 0 1 1 1 0 0 1 1 1 0 0 1 1 1 1 1 1 0 1 1 0 0 1 0 0 1 0 1 0 0 0 0 0 1 0 1 1 0 1 0 29107.0 25397.0 28491.0 1 0.15779015312863848
1 0 1 0 0 0 1 0 1 1 1 1 1 1 0 1 1 0 0 0 0 1 1 0 1 0 1 1 0 1 0 1 1 1 0 0 1 0 1 0 0 1 0 1 0 0 1 0 0 1 0 1 0 0 1 0 1 1 1 0 1 1 1 1 0 1 1 1 0 1 1 1 0 1 0 1 1 0 0 0 1 0 1 0 0 0 0 1 0 0 0 1 1 1 0 1 1 1 1 0 29211.0 24548.0 28367.0 1 0.19908513452384016
1 1 1 1 1 0 1 1 1 0 1 0 1 1 0 1 1 0 0 0 1 0 1 0 0 0 1 1 1 1 0 1 0 0 0 0 1 1 0 0 0 1 0 0 1 1 1 0 0 1 0 1 1 1 0 0 1 1 1 0 1 0 1 1 0 1 1 1 0 1 1 1 1 1 0 1 1 0 0 0 1 0 1 0 0 0 0 1 0 0 0 1 0 0 1 1 1 0 0 0 28019.0 25819.0 28343.0 1 0.2565337520986025
0 0 1 1 1 0 1 1 1 0 1 0 1 1 0 1 1 0 0 0 1 0 1 0 0 0 1 1 1 0 1 1 0 1 0 0 0 1 0 0 0 1 0 1 0 0 1 0 1 1 0 1 0 0 1 0 1 1 1 0 1 1 1 1 0 1 1 0 0 1 1 1 1 1 0 0 1 1 0 1 1 0 1 0 1 0 0 0 1 0 1 0 0 1 0 1 1 0 1 0 28586.0 25974.0 28090.0 1 0.1977265332092501
0 0 1 0 0 0 1 1 1 0 1 0 0 1 0 1 1 1 0 0 1 0 1 0 0 0 1 1 1 0 1 1 0 1 0 0 0 1 1 0 0 1 0 1 0 0 1 0 1 1 0 1 0 0 0 0 1 1 1 0 1 1 1 1 0 1 1 1 0 1 1 1 1 1 0 1 1 0 0 0 1 0 1 0 0 0 0 1 0 0 0 0 0 1 1 1 1 0 1 1 29529.0 24034.0 27698.0 1 0.18203907708707595
1 0 1 1 1 0 1 1 1 1 1 0 0 1 0 1 1 0 0 0 1 0 1 0 0 0 1 1 0 0 1 1 0 1 0 0 1 1 1 0 0 1 0 0 0 0 1 1 0 1 0 1 0 0 1 0 1 1 0 0 1 1 1 1 0 1 1 1 0 1 1 1 1 1 1 1 1 0 1 1 0 0 1 0 0 1 0 0 0 0 0 0 0 1 0 1 1 0 1 0 29696.0 23411.0 27515.0 1 0.16711592260483743
1 0 1 0 0 0 1 1 1 0 1 0 0 1 0 1 1 1 0 0 1 0 1 0 0 0 1 1 1 0 1 1 0 1 0 1 0 1 0 0 0 0 1 1 0 0 1 1 1 1 0 1 0 1 1 0 1 1 1 0 0 1 1 1 1 1 1 1 0 1 1 1 1 1 0 1 1 0 0 0 1 0 0 0 0 1 0 1 0 0 0 0 0 1 0 1 1 0 1 0 29329.0 25248.0 27384.0 1 0.14860534007728338
0 0 1 1 0 0 1 1 1 1 1 0 0 1 0 1 1 0 0 0 1 0 1 0 0 0 1 1 0 0 1 1 0 1 0 0 1 1 1 0 0 1 0 0 0 0 1 1 1 1 0 1 0 0 1 0 1 1 1 0 0 1 1 1 0 0 1 1 1 0 0 1 1 1 1 1 1 0 1 1 0 0 1 0 0 1 0 0 0 0 0 0 0 1 0 1 1 0 1 1 29732.0 23059.0 27325.0 1 0.2576847394904609
0 0 1 0 0 0 1 1 1 0 1 0 0 1 0 1 1 1 0 0 1 0 1 0 0 0 1 1 1 0 1 1 0 1 0 0 0 1 0 0 0 1 0 1 0 0 1 0 1 1 0 1 0 0 1 0 1 1 1 0 1 1 1 1 0 1 1 1 0 1 1 1 0 1 0 1 1 0 0 0 1 0 1 0 0 0 0 1 0 0 0 1 1 1 0 1 1 1 1 0 29582.0 23491.0 27008.0 1 0.1864464326160294
1 0 1 0 0 0 1 1 1 0 1 0 0 1 0 1 1 1 0 0 1 0 1 0 0 0 1 1 1 0 1 1 0 0 0 0 0 1 0 0 1 1 0 1 0 0 1 0 1 1 0 1 0 0 1 0 1 1 1 0 1 1 1 1 0 1 1 1 0 1 1 1 1 1 0 1 1 0 0 0 1 1 1 0 0 0 0 1 0 0 0 0 1 1 1 1 1 0 1 0 30192.0 23772.0 26770.0 1 1000000000000000.0
1 0 1 1 1 0 1 1 1 0 1 1 1 1 0 1 1 0 0 0 1 0 1 0 0 0 1 1 1 0 1 1 0 1 0 0 0 1 0 0 0 1 0 1 0 1 1 0 0 1 0 1 1 1 1 0 1 1 1 0 1 1 1 1 0 0 0 0 1 0 0 1 1 1 0 1 1 0 0 0 1 1 0 1 1 0 0 0 0 0 0 0 0 1 0 1 1 0 1 1 27719.0 25984.0 26749.0 1 1000000000000000.0
0 0 1 1 0 0 1 1 1 1 1 0 0 1 0 1 1 0 0 1 1 0 1 0 0 0 1 1 0 0 1 1 0 1 0 0 1 1 1 0 0 1 0 0 0 0 1 1 1 1 0 1 0 0 1 0 1 1 1 0 0 1 1 1 0 1 1 1 0 1 1 1 1 1 0 1 1 0 0 0 1 0 0 0 0 1 0 1 0 0 0 0 0 1 0 1 1 0 1 0 29576.0 24067.0 26660.0 1 1000000000000000.0
0 0 1 1 0 0 1 1 1 1 1 0 0 1 0 1 1 0 0 0 1 1 0 1 0 0 0 0 0 0 0 1 1 0 0 1 0 1 0 1 0 0 1 0 0 1 1 0 1 1 0 1 0 0 1 0 1 1 1 0 1 1 1 1 0 1 1 1 0 1 1 1 1 1 0 1 1 0 0 0 1 0 1 0 0 0 0 1 0 0 0 0 0 1 1 1 1 0 1 1 27247.0 21504.0 30296.0 2 2000000000000000.0
1 0 1 0 1 0 1 0 1 1 1 0 1 1 0 1 1 0 0 0 0 1 1 0 1 0 1 0 0 0 0 0 1 0 0 1 0 1 0 1 0 1 1 0 0 1 0 0 1 1 0 1 0 0 1 0 1 1 1 0 1 1 1 1 0 1 1 1 0 1 1 1 0 1 0 1 1 0 0 0 1 0 1 0 0 0 0 1 1 0 0 1 1 1 0 1 1 0 1 1 27689.0 22090.0 30223.0 2 0.10933745975177259
0 0 1 1 0 0 1 1 1 1 1 0 0 1 0 1 1 0 0 0 1 1 0 1 0 0 0 0 0 0 0 1 1 0 0 1 0 1 1 0 0 1 0 1 0 0 1 0 1 1 0 1 0 0 1 0 1 1 1 0 1 1 1 1 1 1 1 1 0 1 1 1 1 1 0 1 1 1 0 0 1 0 0 0 0 0 1 1 0 0 0 1 0 1 1 0 0 0 1 1 27279.0 22841.0 30069.0 2 0.0844921801903185
1 0 1 0 0 0 1 0 1 1 1 0 1 1 0 1 1 0 0 0 0 1 1 0 1 0 1 0 0 1 0 0 1 1 0 0 1 1 0 0 0 1 0 0 1 1 1 0 0 1 0 1 1 1 0 0 1 1 1 1 1 1 1 1 0 1 1 1 0 1 1 1 1 1 0 1 1 0 0 0 1 0 1 0 0 0 0 1 0 0 0 1 0 0 1 1 1 0 1 0 27312.0 22717.0 30067.0 2 0.09011238066288163
1 0 1 1 1 0 1 1 1 1 1 0 0 1 0 1 1 0 0 0 1 0 1 0 0 1 1 0 0 0 0 1 0 1 0 1 0 0 0 0 1 0 1 1 0 0 1 1 1 1 0 1 1 1 0 0 1 1 0 1 0 0 1 1 0 1 1 1 0 1 1 1 1 1 0 1 1 0 0 0 1 0 1 0 0 0 0 1 0 0 1 1 0 0 1 1 1 0 0 0 27314.0 23437.0 30001.0 2 0.08563324711798133
1 0 1 0 1 0 1 0 1 1 1 0 1 1 0 1 1 0 0 0 0 1 1 0 1 0 0 0 0 0 0 0 1 0 0 1 0 1 0 1 0 1 1 0 0 1 0 0 1 1 0 1 0 0 1 0 1 1 1 0 1 1 1 1 0 1 1 1 0 1 1 1 1 1 0 0 1 1 0 1 1 1 1 0 1 0 0 0 1 0 1 0 0 1 0 1 1 0 1 1 26802.0 23857.0 29967.0 2 0.2532250989164897
1 0 1 0 1 0 1 0 1 1 1 0 1 1 0 1 1 0 0 0 0 1 1 0 1 0 1 0 0 0 0 0 1 0 0 1 0 1 0 1 0 1 1 0 0 1 0 0 1 1 0 1 0 0 1 0 1 1 1 0 1 1 1 1 0 1 1 1 0 1 1 1 1 1 0 0 1 1 0 1 1 1 1 0 1 0 0 0 1 0 1 0 0 1 0 1 1 0 1 0 27090.0 23880.0 29797.0 2 0.12376118225412835
1 0 1 0 0 0 1 0 1 1 1 0 1 1 0 1 1 0 1 0 0 1 1 0 1 0 1 0 0 1 0 0 1 1 0 0 1 0 1 1 0 1 1 0 0 1 0 0 1 1 0 1 1 1 0 0 0 1 1 0 0 1 1 1 0 0 1 1 1 0 0 1 0 1 1 1 1 0 1 1 0 0 1 0 0 1 1 1 0 0 0 0 0 1 0 1 1 0 1 0 27973.0 22154.0 29764.0 2 0.09141715054265823
1 0 1 0 0 0 1 0 1 1 1 0 1 1 0 1 1 0 1 0 0 1 1 0 1 0 1 0 0 1 0 0 1 1 0 0 1 0 1 1 0 1 1 0 0 1 0 0 1 1 0 1 1 1 0 0 0 1 1 0 0 1 1 1 0 0 1 1 1 0 0 1 1 1 1 1 1 0 1 1 0 0 1 0 0 1 0 1 0 0 0 0 0 1 0 1 1 0 1 0 27997.0 22482.0 29559.0 2 0.22476184592080034
0 0 1 1 1 0 0 1 1 1 1 0 0 1 0 1 1 0 1 0 0 0 1 1 0 1 0 0 0 0 0 1 0 1 0 1 0 0 0 0 0 0 1 1 0 0 1 1 1 1 0 1 1 1 0 0 1 1 0 1 0 1 1 1 0 1 1 1 0 1 1 1 1 1 0 1 1 0 0 0 1 0 0 0 0 0 0 1 0 0 0 0 0 1 1 1 1 0 1 1 27341.0 22882.0 29538.0 2 0.11406757957447103
1 0 1 1 1 0 1 1 1 0 1 0 1 1 0 1 1 0 0 0 1 0 1 0 1 0 1 0 0 1 0 0 1 1 0 0 0 0 1 1 0 1 0 1 0 0 1 0 0 1 0 1 1 1 0 0 1 1 1 0 0 1 1 1 0 0 0 0 1 0 0 1 0 0 1 0 1 0 1 1 0 0 1 1 1 1 1 0 1 1 1 1 0 0 0 1 1 0 1 1 25754.0 23897.0 29433.0 2 0.34445369363433465
0 1 1 0 0 0 1 1 1 1 1 0 0 1 0 1 1 0 0 0 1 0 0 0 1 0 1 0 0 1 0 0 1 1 0 0 1 0 1 0 0 1 0 1 0 0 1 0 1 1 0 1 0 1 1 0 1 1 1 0 1 1 1 1 1 1 1 1 0 1 1 1 1 1 0 1 1 0 0 0 1 0 0 0 0 0 0 1 1 0 0 1 0 1 1 0 0 0 1 1 28486.0 22061.0 29211.0 2 0.19112113047466406
0 0 1 1 1 0 0 1 1 1 1 0 0 1 0 1 1 0 1 0 0 0 1 1 0 1 0 0 0 0 0 1 0 1 0 1 0 0 0 0 0 0 1 1 0 0 1 1 1 1 0 1 1 1 0 0 1 1 0 1 0 1 1 1 0 1 1 1 0 1 1 1 1 1 0 1 1 0 0 0 1 0 0 0 0 0 1 1 0 0 0 0 0 1 0 1 1 1 1 0 27522.0 23223.0 29205.0 2 0.1264250832449419
0 0 1 1 0 0 1 1 1 1 1 0 0 1 0 1 1 0 0 0 1 0 1 0 0 0 1 1 0 0 1 1 0 1 0 0 0 1 0 0 0 0 1 1 1 0 1 0 1 1 0 1 0 0 1 0 1 1 1 0 1 1 1 1 1 1 1 1 0 1 1 1 1 1 0 1 1 0 0 0 1 0 0 0 0 0 1 1 1 0 0 0 0 1 1 0 0 0 1 1 28316.0 22156.0 29050.0 2 0.20231043470966223
0 0 1 1 0 0 1 1 1 1 1 0 0 1 0 1 1 0 0 0 1 0 1 0 0 0 1 1 0 0 1 1 0 1 0 0 1 1 1 0 0 1 0 0 0 0 1 1 1 1 0 1 0 0 1 0 1 1 0 0 1 1 1 1 0 1 1 1 0 1 1 1 1 1 0 1 1 0 0 0 1 0 1 0 0 0 1 1 1 0 0 1 0 1 1 0 0 0 1 0 28908.0 21994.0 29009.0 2 0.08615261017240322
1 0 1 0 0 0 1 0 1 1 1 0 1 1 0 1 1 0 0 0 0 1 1 0 1 0 1 0 0 1 0 0 1 1 0 0 1 0 1 0 0 1 0 1 0 0 1 0 1 1 0 1 0 0 1 0 1 1 1 0 1 1 1 1 0 1 1 1 0 0 1 1 1 1 0 1 1 0 0 0 1 0 1 0 0 0 0 1 0 0 0 1 0 1 1 1 1 0 1 1 27873.0 23188.0 28972.0 2 0.10207558918680262
0 0 1 1 1 0 1 1 1 0 1 0 0 1 0 1 1 0 0 0 1 0 1 1 0 1 0 0 0 0 0 1 1 0 0 1 0 1 1 1 0 0 1 0 0 0 0 0 1 1 0 1 0 0 0 0 1 1 1 0 1 1 1 1 0 1 1 1 0 1 1 1 1 1 0 0 1 1 0 1 1 1 1 0 1 0 0 0 1 0 1 0 0 1 0 1 1 0 1 0 27977.0 23566.0 28955.0 2 0.06605165548345367
1 0 1 0 0 0 1 0 1 1 1 1 1 1 0 1 1 0 0 0 0 1 1 0 1 0 1 1 0 1 0 1 1 1 0 0 1 0 1 0 0 1 0 1 0 0 1 0 0 1 0 1 0 0 1 0 1 1 1 0 1 1 1 1 0 1 1 1 0 1 1 1 0 1 0 1 1 0 0 0 1 0 1 0 0 0 0 1 1 0 1 0 0 1 0 1 1 0 1 1 28882.0 23793.0 28867.0 2 0.10796474112940718
0 0 1 1 0 0 1 0 1 1 1 0 1 1 0 1 1 0 0 0 0 1 1 0 1 0 1 0 0 1 0 0 1 1 0 0 1 0 1 1 0 1 0 1 0 0 1 0 0 1 0 1 1 1 0 0 0 1 1 0 0 1 1 1 0 0 0 0 1 0 0 1 1 1 1 0 1 0 1 0 0 0 1 1 1 1 1 0 1 1 1 1 1 1 0 1 1 0 0 1 26174.0 24707.0 28773.0 2 0.3727208833711024
1 0 1 1 1 0 1 1 1 0 1 0 1 1 0 1 1 0 0 0 1 0 1 0 0 0 1 1 1 1 0 0 1 1 0 0 0 0 1 0 0 1 0 1 0 0 1 0 0 1 0 1 1 1 0 0 1 1 0 1 0 0 1 1 0 1 1 1 0 1 1 1 1 1 0 1 1 0 0 0 1 0 1 0 0 0 0 1 0 0 1 1 0 1 1 1 1 0 0 0 26977.0 24806.0 28726.0 2 0.13501376287750366
0 0 1 1 0 0 1 1 1 1 1 0 0 1 0 1 1 0 0 0 1 0 1 0 0 0 1 1 0 0 1 1 0 1 0 0 1 1 1 0 0 1 0 0 0 0 1 1 1 1 0 1 0 0 1 0 1 1 0 0 1 1 1 1 1 1 1 1 0 1 1 1 1 1 0 1 1 0 0 0 1 0 1 0 0 0 0 1 0 0 0 0 0 1 1 1 1 0 1 0 29010.0 23475.0 28609.0 2 0.09306099124504612
0 0 1 1 1 0 1 1 1 1 1 0 0 1 0 1 1 0 0 0 1 0 1 0 0 0 1 1 0 0 1 1 0 1 0 0 1 1 0 0 0 1 0 0 0 0 1 1 1 1 1 1 0 1 1 0 0 0 0 1 1 1 1 1 0 1 1 1 0 1 1 1 1 0 0 1 1 0 0 0 1 1 1 0 0 0 0 1 0 0 0 0 0 1 0 0 1 0 1 1 29438.0 21769.0 28495.0 2 0.18134643808457548
0 0 1 1 0 0 1 1 1 1 1 0 0 1 0 1 1 0 0 0 1 0 1 0 0 0 1 1 0 0 1 1 0 1 0 0 0 1 0 0 0 1 0 1 0 0 1 0 1 1 0 1 0 0 1 0 1 1 1 0 1 1 1 1 0 1 1 1 0 1 1 1 0 1 0 1 1 0 0 0 1 0 1 0 0 0 0 1 0 0 0 1 1 1 0 1 1 0 1 1 29110.0 22332.0 28461.0 2 0.1728338147347252
1 0 1 0 0 0 1 0 1 1 1 1 1 1 0 1 1 0 0 0 0 1 1 0 1 0 1 1 0 1 0 0 1 1 0 0 1 0 1 0 0 1 0 1 0 0 1 0 0 1 0 1 1 1 1 0 1 1 1 0 0 1 1 1 1 0 0 1 0 1 1 1 0 0 0 0 0 1 0 0 1 0 0 1 0 1 1 1 0 1 0 0 0 1 1 1 1 0 1 1 25520.0 24915.0 28400.0 2 1000000000000000.0
0 0 1 1 0 0 1 1 1 1 1 0 0 1 0 1 1 0 0 0 1 0 1 0 0 0 1 1 0 0 1 1 0 1 0 0 1 0 1 0 0 1 0 1 0 0 1 1 0 1 0 1 1 1 0 0 1 1 1 0 0 1 1 1 0 0 0 0 1 0 0 1 0 0 1 0 1 0 1 1 0 0 1 1 1 1 1 0 1 1 1 1 0 1 0 1 1 1 1 0 27507.0 24883.0 28312.0 2 0.08494086623220978
0 1 1 0 0 0 1 1 1 1 1 0 0 1 0 1 1 0 0 0 1 0 1 0 0 0 1 1 0 0 1 1 0 1 0 0 1 1 0 0 0 1 0 0 0 0 1 1 1 1 1 1 0 1 1 0 0 0 0 1 1 1 1 1 0 1 1 1 0 1 1 1 1 1 0 1 1 0 0 0 1 0 1 0 0 0 0 1 0 0 0 0 0 1 1 1 1 0 1 1 30023.0 22022.0 28309.0 2 1000000000000000.0
0 0 1 1 0 0 1 1 1 1 1 0 0 1 0 1 1 0 0 0 1 0 1 0 0 0 1 1 0 0 1 1 0 1 0 0 1 1 1 0 0 1 0 0 0 0 1 1 1 1 0 1 0 0 1 0 1 1 0 0 1 1 1 1 0 1 1 1 0 1 1 1 1 1 0 1 1 0 0 0 1 0 1 0 0 0 0 1 1 0 1 0 0 1 0 1 1 0 1 0 29349.0 22760.0 28302.0 2 0.11673845796720325
1 0 1 1 1 0 1 1 1 0 1 0 1 1 0 1 1 0 0 0 1 1 1 0 0 0 1 1 1 0 1 0 1 1 0 0 1 0 1 0 0 1 0 1 0 0 1 0 0 1 0 1 1 1 0 0 1 1 1 0 0 1 1 1 0 0 1 1 1 0 0 1 1 1 1 1 1 0 1 1 0 0 1 0 0 1 0 0 0 0 0 0 0 1 0 1 1 0 1 0 28913.0 24827.0 28252.0 2 0.03859880374683197
0 0 1 1 1 0 1 1 1 0 1 0 1 1 0 1 1 0 0 0 1 0 1 0 0 0 1 1 1 0 1 1 0 1 0 0 0 1 0 0 0 1 0 1 0 1 1 0 0 1 0 1 1 1 1 0 1 1 1 1 1 1 1 1 0 0 0 1 0 1 1 1 1 1 0 1 1 0 0 0 1 0 1 0 0 0 0 1 0 0 0 0 0 1 0 1 1 0 1 0 28954.0 24824.0 28247.0 2 0.21263988456264615
1 0 1 1 1 0 1 1 1 0 1 0 1 1 0 1 1 0 0 0 1 0 1 0 0 0 1 1 1 1 0 0 1 1 0 0 1 0 1 0 0 1 0 1 0 0 1 0 0 1 0 1 1 1 0 0 1 1 1 0 0 1 1 1 0 0 1 1 1 0 0 1 1 1 1 1 1 0 1 1 0 0 1 0 0 1 0 0 0 0 0 0 0 1 0 1 1 0 1 0 28830.0 25377.0 27537.0 2 0.3831560069455232
1 1 0 1 0 1 0 1 1 0 1 0 0 1 0 1 0 1 1 0 0 0 0 0 1 0 0 1 0 1 0 1 0 0 0 1 0 1 1 1 0 1 1 0 0 1 0 0 1 1 0 1 0 0 1 0 1 1 1 1 1 1 1 1 0 1 1 1 0 0 1 1 1 1 0 0 1 1 0 1 1 1 1 0 1 0 0 0 1 0 1 0 0 1 0 1 1 0 1 0 28983.0 24363.0 27509.0 2 0.21597732310212733
0 0 1 1 1 0 1 1 1 1 1 0 0 1 0 1 1 0 0 0 1 0 1 0 0 0 1 1 0 0 1 1 0 1 0 0 1 1 0 0 0 1 0 0 0 0 1 1 1 1 0 1 0 0 0 0 1 1 1 0 1 1 1 1 0 1 1 1 0 0 1 1 1 1 0 1 0 1 0 1 0 1 0 0 0 0 1 0 1 0 0 0 0 1 0 1 1 0 1 0 29024.0 23450.0 27470.0 2 0.05812101577456201
0 0 1 1 1 0 1 1 1 0 1 0 1 1 0 1 1 0 0 0 1 0 1 0 0 0 1 1 1 0 1 1 0 1 0 0 0 1 0 0 0 0 1 1 0 0 1 1 1 1 0 1 0 1 1 0 1 1 1 0 0 1 1 1 0 1 1 1 0 1 1 1 1 1 0 1 1 0 0 0 1 0 0 0 0 1 0 1 0 0 0 0 0 1 0 1 1 0 1 0 29005.0 25011.0 27408.0 2 0.15788993877327484
0 0 1 0 0 0 1 1 1 0 1 0 0 1 0 1 1 1 0 0 1 0 1 0 0 0 1 1 1 0 1 1 0 1 0 0 0 1 0 0 0 1 0 1 0 0 1 0 1 1 0 1 0 0 1 0 1 1 1 0 1 1 1 1 0 1 1 1 0 1 1 1 0 1 0 1 1 0 0 0 1 0 1 0 0 0 0 1 0 0 0 1 1 1 0 1 1 0 1 1 29718.0 23003.0 27301.0 2 0.2133545267453533
1 0 1 1 1 0 1 1 1 0 1 0 1 1 0 1 1 0 0 0 1 0 1 0 0 0 1 1 1 0 1 1 0 1 0 0 0 1 0 0 1 1 0 1 0 1 1 0 0 1 0 1 1 1 0 0 1 1 1 1 1 1 1 1 0 0 0 0 1 0 0 1 1 1 0 1 1 0 0 0 1 0 0 1 1 0 0 1 0 0 0 0 0 1 0 1 1 0 1 0 27756.0 25431.0 27108.0 2 0.15308837490965976
1 0 1 1 1 0 1 1 1 0 1 1 1 1 0 1 1 0 0 0 1 0 1 0 0 0 1 1 1 0 1 1 0 1 0 0 0 1 1 0 0 1 0 1 0 1 1 0 0 1 0 1 1 1 1 0 1 1 1 1 1 1 1 1 0 0 0 0 1 0 0 1 1 0 0 1 1 0 0 0 1 0 0 1 1 0 0 0 0 0 0 0 0 1 0 1 1 0 1 1 27623.0 25626.0 27097.0 2 0.11062193154368592
0 0 1 0 0 0 1 1 1 0 1 0 0 1 0 1 1 1 0 0 1 0 1 0 0 0 1 1 1 0 1 1 0 1 0 0 0 1 0 0 0 1 0 1 0 1 1 0 1 1 0 1 0 0 1 0 1 1 1 0 1 1 1 1 0 1 1 1 1 0 0 1 1 1 1 1 1 0 1 1 0 0 1 0 0 1 0 1 0 0 0 0 0 1 0 1 1 0 1 0 29478.0 23650.0 27035.0 2 0.10585238616200206
1 0 1 1 1 0 1 1 1 0 1 1 1 1 0 1 1 0 0 0 1 0 1 0 0 0 1 1 1 0 1 1 0 1 0 0 0 1 0 0 0 1 0 1 0 1 1 0 0 1 0 1 1 1 1 0 1 1 1 1 1 1 1 1 0 0 0 0 1 0 0 1 1 1 0 1 1 0 0 0 1 0 0 1 1 0 0 0 0 0 0 0 0 1 0 1 1 0 1 1 27922.0 25717.0 26986.0 2 0.17004471559476259
0 0 1 1 0 0 1 1 1 1 1 0 0 1 0 1 1 0 0 1 1 0 1 0 0 0 1 1 0 0 1 1 0 1 0 0 1 1 1 0 0 1 0 0 0 0 1 1 1 1 0 1 0 0 1 0 1 1 1 0 0 1 1 1 0 0 1 1 1 0 0 1 1 1 1 1 1 0 1 1 0 0 1 0 0 1 0 0 0 0 0 0 0 1 0 1 1 0 1 0 29758.0 23676.0 26672.0 2 0.17747504902738154
1 0 1 1 1 0 1 1 1 0 1 0 1 1 0 1 1 0 0 0 1 0 1 0 0 0 1 1 1 0 1 1 0 1 0 0 0 1 0 0 0 1 0 1 0 1 1 0 0 1 0 1 1 1 1 0 1 1 1 1 1 1 1 1 0 0 0 0 1 0 0 1 1 1 0 1 1 0 0 0 1 0 0 1 1 0 0 0 0 0 0 0 0 1 0 1 1 1 1 0 27635.0 25844.0 26579.0 2 1000000000000000.0
0 0 1 0 0 0 1 1 1 0 1 0 0 1 0 1 1 1 0 0 1 0 1 0 0 0 1 1 1 0 1 1 0 0 0 0 0 1 0 0 1 1 0 1 0 0 1 0 1 1 0 1 0 0 1 0 1 1 1 0 1 1 1 1 0 1 1 1 0 1 1 1 1 1 0 1 1 0 0 0 1 1 1 0 0 0 0 1 0 0 0 0 1 1 1 1 1 0 1 0 29876.0 23616.0 26577.0 2 1000000000000000.1
