1 0 1 1 1 0 1 1 1 1 1 0 1 1 0 1 1 0 0 0 0 1 1 0 1 0 1 0 0 1 1 1 0 1 0 1 0 0 0 1 0 1 1 0 0 1 1 1 1 1 0 0 1 1 0 0 1 1 1 0 0 1 1 1 1 0 1 1 1 1 0 0 1 0 0 0 1 1 1 1 1 0 0 0 0 0 1 1 0 0 1 1 1 1 1 1 0 0 1 1 31093.0 27705.0 34728.0 0 1000000000000000.1
1 0 1 1 0 1 1 0 1 1 1 0 1 1 0 1 1 0 1 0 0 1 1 0 1 0 1 0 0 0 1 1 0 1 0 1 0 0 0 0 0 1 1 0 1 1 1 1 1 1 0 0 1 1 0 0 1 1 1 1 1 1 1 1 0 1 1 1 0 1 1 1 1 1 1 1 1 0 0 0 1 0 0 0 0 0 1 1 1 0 0 1 0 1 1 1 1 0 0 0 31257.0 25934.0 34016.0 0 0.42126329984868127
1 0 1 1 1 0 1 1 1 0 0 0 1 1 0 1 1 0 0 0 0 1 1 0 1 0 1 0 0 1 1 1 0 1 0 1 0 0 0 0 0 1 1 0 0 1 1 1 1 1 0 1 1 1 0 0 1 1 1 0 1 1 1 1 0 1 1 1 0 1 1 1 1 1 1 1 1 0 0 1 1 0 0 0 0 1 1 1 1 0 0 1 0 1 1 1 0 0 1 0 33323.0 27413.0 33648.0 0 0.49346560648302495
1 0 1 1 1 1 1 1 1 0 0 0 1 1 0 1 1 0 1 0 0 1 1 0 1 0 1 0 0 1 1 1 0 1 0 1 0 0 0 0 0 1 1 0 1 1 1 1 1 1 0 0 1 1 0 0 1 1 1 1 0 1 1 1 0 0 1 0 0 1 1 0 1 1 0 0 1 1 1 1 1 1 0 0 0 0 1 1 1 0 0 1 0 1 1 1 1 0 1 0 31029.0 29182.0 33527.0 0 0.2599978174516449
1 0 1 1 0 1 1 0 1 1 1 0 1 1 0 1 1 0 1 0 0 1 1 0 1 0 1 0 0 1 1 1 0 1 0 1 0 0 0 0 0 1 1 0 1 1 1 1 1 1 0 0 1 1 0 0 1 1 1 0 1 1 1 1 0 0 1 1 0 1 1 0 1 0 1 0 1 1 1 1 1 1 1 0 0 0 0 0 1 0 0 0 1 1 1 1 1 0 1 0 31559.0 27683.0 33245.0 0 0.19405553187559652
1 0 1 1 1 0 1 1 1 1 1 0 1 1 0 1 1 0 0 0 0 1 1 0 1 0 1 0 0 1 1 1 0 1 0 1 0 0 0 1 0 1 1 0 0 1 1 1 1 1 0 0 1 1 0 0 1 1 1 0 1 1 1 1 0 0 1 1 1 1 1 0 1 1 0 0 1 1 1 1 0 1 0 0 0 0 1 1 1 0 0 0 1 1 1 1 1 0 0 0 31238.0 28415.0 33232.0 0 0.04219138005709405
1 0 1 1 0 1 1 0 1 1 1 0 1 1 0 1 1 1 1 0 0 1 1 0 1 0 1 0 0 1 1 1 0 1 0 1 0 0 0 0 0 1 1 0 0 1 1 0 1 1 0 1 0 0 1 0 0 0 1 1 1 1 1 1 0 1 1 1 0 1 1 1 1 1 0 1 1 0 0 1 1 0 0 0 0 0 1 1 0 0 0 1 1 1 1 1 0 0 1 1 33403.0 25638.0 33229.0 0 1000000000000000.0
1 0 1 1 1 0 1 1 1 0 0 0 1 1 0 1 1 0 0 0 0 1 1 0 1 0 1 0 0 1 1 1 0 1 0 1 0 0 0 0 0 1 1 0 1 1 1 1 1 1 0 1 1 1 0 0 1 1 1 0 1 1 1 1 0 1 1 1 0 1 1 1 1 1 1 1 1 0 0 0 1 0 0 0 0 0 1 1 1 0 0 1 0 1 1 1 1 0 0 0 31957.0 28587.0 33174.0 0 0.06182083341591088
1 0 1 1 0 0 1 1 1 1 1 0 1 1 0 1 1 0 0 0 0 1 1 0 1 0 1 0 0 1 1 1 0 1 0 1 0 0 0 0 1 1 1 0 0 1 1 1 1 1 0 0 1 1 0 1 1 0 1 0 1 1 1 1 0 0 1 1 0 1 1 1 1 1 1 1 1 0 0 1 1 0 0 0 0 1 1 1 1 0 0 1 0 1 1 1 0 0 1 0 33756.0 26347.0 33140.0 0 0.12162102210669869
1 0 1 1 1 0 1 1 1 0 0 0 1 1 0 1 1 1 0 0 0 1 1 0 1 0 1 0 0 1 1 1 0 1 0 1 0 0 0 0 0 1 1 0 0 1 1 1 1 1 0 1 1 1 0 0 1 1 1 0 1 1 1 1 0 0 1 1 0 1 1 0 1 0 1 1 1 1 1 1 1 1 1 0 0 0 0 0 1 0 0 0 1 1 1 1 1 0 1 0 33741.0 29859.0 33100.0 0 0.2937129354319146
1 0 1 1 1 0 1 1 1 0 0 0 1 1 0 1 1 1 1 0 0 1 1 0 1 0 1 0 0 1 1 1 0 1 0 1 0 0 0 0 0 1 1 0 0 1 1 0 1 1 0 1 0 0 1 0 0 0 1 1 1 1 1 1 0 1 1 1 0 1 1 1 1 1 0 1 1 0 0 1 1 0 0 0 0 0 1 1 0 0 0 1 1 1 1 1 0 0 1 1 33857.0 26506.0 32695.0 0 0.3097513666476885
1 0 1 1 1 0 1 1 1 0 0 0 1 1 0 1 1 1 0 0 0 1 1 0 1 0 1 0 0 1 1 1 0 1 0 1 0 0 0 0 0 1 1 0 0 1 1 1 1 1 0 1 1 1 0 0 1 1 1 1 0 1 1 1 0 0 1 0 0 1 1 0 1 1 0 0 1 1 1 1 1 1 0 0 0 0 1 1 1 0 0 1 0 1 1 1 1 0 1 0 31752.0 30152.0 32615.0 0 0.13142818534655082
0 0 1 1 0 0 1 1 1 1 1 0 1 1 0 1 1 0 0 0 0 1 1 0 1 1 1 0 1 1 1 1 0 1 0 1 1 1 0 0 0 1 0 0 1 1 1 0 1 1 0 1 1 1 1 0 0 1 1 1 1 1 1 1 0 0 0 0 0 1 1 0 1 1 0 1 1 1 1 1 1 1 0 0 0 0 0 0 1 0 0 1 1 1 1 1 0 0 1 1 34517.0 28349.0 32433.0 0 0.3045127771125421
1 0 1 1 0 0 1 1 1 1 1 0 1 1 0 1 1 0 0 0 0 1 1 0 1 0 1 0 0 1 1 1 0 1 0 1 0 0 0 0 1 1 1 0 0 1 1 1 1 1 0 0 1 1 0 1 1 0 1 0 1 1 1 1 0 0 1 1 0 1 1 0 1 1 1 0 1 1 1 1 1 1 0 0 0 0 1 1 1 0 0 0 1 1 1 1 1 0 1 0 33780.0 28723.0 32271.0 0 0.12771024329397848
1 0 1 1 0 0 1 1 1 1 1 0 1 1 0 1 1 0 1 0 0 1 0 0 1 0 1 0 0 1 0 1 1 1 0 0 1 0 0 0 0 1 0 0 1 1 1 1 1 1 0 1 1 1 0 0 1 1 1 0 1 1 1 1 0 1 1 1 0 1 1 1 1 1 0 1 1 1 1 1 1 1 0 0 0 0 0 0 1 0 0 0 1 1 1 1 1 0 1 0 33923.0 28374.0 32231.0 0 0.08852202805843465
0 0 1 1 1 0 1 1 1 0 0 0 1 1 0 1 1 0 1 0 0 1 1 0 1 0 1 0 0 1 1 1 0 1 0 1 0 0 0 0 0 1 1 0 0 1 1 1 1 1 0 1 1 1 0 0 1 1 1 0 0 1 1 1 0 0 1 0 0 1 1 1 1 1 0 0 0 1 1 1 1 1 1 1 1 1 0 0 1 0 0 0 0 1 1 1 1 0 1 0 29758.0 30173.0 32106.0 0 1000000000000000.1
0 0 1 1 1 1 1 0 1 1 1 0 1 1 0 1 1 1 0 0 0 1 1 0 1 0 1 0 0 1 1 1 0 1 0 1 0 0 0 0 0 1 1 0 0 1 1 1 1 1 0 1 1 1 0 0 1 1 1 0 0 1 1 1 1 0 1 0 0 1 1 0 1 1 0 0 1 1 1 1 1 1 0 0 0 1 0 0 1 0 0 0 1 1 1 1 1 0 1 0 30853.0 30361.0 31766.0 0 0.4380107085659747
1 0 1 1 0 0 1 1 1 1 1 0 1 1 0 1 1 0 0 0 0 1 1 0 1 0 1 0 0 1 1 1 0 1 0 1 0 0 1 0 1 1 1 0 1 1 1 1 1 1 0 0 1 1 0 0 1 1 1 0 1 1 1 1 0 0 1 1 1 1 0 0 1 1 0 1 1 0 1 1 1 1 0 0 0 0 0 0 1 1 0 0 1 1 1 1 1 0 1 0 33813.0 28491.0 31572.0 0 0.13659813742887944
1 0 1 1 1 0 1 0 1 1 1 0 1 1 0 1 1 0 0 1 0 1 1 0 1 0 1 0 0 1 1 1 1 1 0 1 1 1 0 0 0 1 0 1 0 1 1 1 1 1 0 1 1 1 0 0 1 1 1 0 0 1 1 1 0 0 1 0 0 1 1 0 1 1 0 0 1 1 1 1 1 1 0 0 0 1 0 0 1 0 0 0 1 1 1 1 1 0 1 0 31165.0 30830.0 31345.0 0 0.10302372128563603
0 0 1 1 0 1 1 0 1 1 0 0 1 1 0 1 1 1 0 0 0 1 1 0 1 0 1 0 0 1 1 1 0 1 0 1 0 0 0 0 0 1 1 0 0 1 1 1 1 1 1 1 0 1 1 0 0 0 1 1 1 1 1 1 0 1 1 1 0 1 1 1 1 1 0 1 1 1 1 1 1 1 0 0 0 0 0 0 1 0 0 0 1 1 1 1 1 0 1 0 34060.0 29053.0 31264.0 0 0.24548415741596183
1 0 1 0 1 0 1 1 1 0 1 0 1 1 0 1 0 1 0 0 0 1 1 0 1 0 1 0 0 1 1 1 0 1 0 1 0 0 0 0 0 1 1 0 0 1 1 1 1 1 0 1 1 1 0 0 1 1 1 0 1 1 1 1 0 1 1 1 0 1 1 1 1 1 0 0 1 1 1 1 1 1 1 0 0 0 0 0 1 0 0 0 1 1 1 1 1 0 1 0 33564.0 30107.0 31133.0 0 0.16215785812633754
1 0 1 1 1 0 1 1 1 1 1 0 1 1 0 1 1 1 0 0 0 1 1 0 0 0 1 1 1 1 0 1 0 1 0 1 0 1 0 0 0 1 0 1 0 1 1 1 1 1 0 1 1 1 0 0 1 1 1 0 0 1 1 1 0 0 1 0 0 1 1 0 1 1 0 1 1 1 1 1 1 1 0 0 0 0 0 0 1 0 0 0 1 1 1 1 0 0 1 0 31961.0 30802.0 31065.0 0 0.16021527915784448
1 0 1 1 0 0 1 1 1 1 1 0 1 1 0 1 1 0 1 0 0 1 0 0 1 0 1 0 0 1 1 1 0 1 0 1 0 0 0 0 0 1 1 0 0 1 1 1 1 1 1 1 0 1 1 0 0 0 1 1 1 0 1 1 0 1 1 1 0 1 1 1 1 1 0 1 1 0 1 1 1 1 0 0 0 0 0 0 1 1 0 0 1 1 1 1 1 0 1 0 34627.0 27535.0 30905.0 0 0.13278648598899184
1 0 1 1 1 0 1 1 1 0 0 0 1 1 0 1 1 1 0 0 0 1 1 0 1 0 1 0 0 1 1 1 0 1 0 1 1 0 0 0 0 1 1 0 0 1 1 1 1 1 0 1 1 1 0 0 1 1 1 0 0 1 1 1 0 0 1 0 0 1 1 0 1 1 0 1 1 1 1 1 1 1 0 0 0 0 0 0 1 0 0 0 1 1 1 1 1 0 1 0 32365.0 30669.0 30804.0 0 0.434624223217313
1 0 1 1 0 0 1 1 1 1 1 0 1 1 0 1 1 1 0 0 0 1 1 0 0 0 1 1 1 1 0 1 0 1 0 1 0 1 0 0 0 1 0 1 0 1 1 1 1 1 0 1 1 1 0 0 1 1 1 0 0 1 1 1 0 0 1 0 0 1 1 0 1 1 0 1 1 1 1 1 1 1 0 0 0 0 0 0 1 0 0 0 1 1 1 1 1 0 1 0 31869.0 30840.0 30529.0 0 0.21654210102139865
1 0 1 1 1 0 1 1 1 0 1 0 1 1 0 1 1 1 0 0 0 1 1 0 0 0 1 1 1 1 0 1 1 1 0 1 0 1 0 0 0 1 0 1 0 1 1 1 1 1 0 1 1 1 0 0 1 1 1 0 0 1 1 1 0 0 1 0 0 1 1 0 1 1 0 0 1 1 1 1 1 1 0 0 0 0 0 0 1 0 0 0 1 1 1 1 1 0 1 0 30922.0 31500.0 30526.0 0 1000000000000000.1
1 0 1 1 1 0 1 1 0 0 1 0 1 1 0 1 1 1 0 0 0 1 0 0 1 0 1 0 0 1 1 1 0 1 0 1 0 0 0 0 0 1 1 0 0 1 1 1 1 1 1 1 0 1 1 0 0 0 1 1 1 0 1 1 0 1 1 1 0 1 1 1 1 1 0 1 1 0 1 1 1 1 0 0 0 0 0 0 1 1 0 0 1 1 1 1 1 0 1 0 34664.0 28630.0 30130.0 0 2000000000000000.0
1 0 1 1 1 0 1 0 1 1 1 0 1 1 0 1 1 0 0 0 0 1 1 0 1 0 1 0 0 1 1 1 1 1 0 1 0 0 0 0 0 0 1 0 0 1 1 0 1 1 0 1 1 1 0 0 1 1 1 0 1 1 1 1 0 1 1 1 0 1 1 1 1 1 1 1 1 0 0 0 1 0 0 0 0 0 1 1 1 0 0 1 0 1 1 1 1 0 0 0 30077.0 26291.0 33764.0 1 2000000000000000.0
0 0 1 1 0 0 1 1 1 1 1 0 1 1 0 1 1 0 1 0 0 1 0 0 1 0 1 0 0 1 0 1 1 1 0 0 1 0 0 0 0 1 0 1 1 1 1 1 1 1 0 1 1 1 0 0 1 1 0 1 0 1 1 1 0 1 1 1 0 1 1 1 1 0 0 1 1 0 0 1 1 1 0 0 0 0 1 1 1 0 0 0 1 1 1 1 1 0 1 0 32109.0 25972.0 33217.0 1 0.29930494196608387
1 0 1 1 0 0 1 1 1 1 1 0 1 1 0 1 1 0 1 0 0 1 0 0 1 0 1 0 0 1 0 1 1 1 0 0 1 0 0 0 0 1 0 0 1 1 1 1 1 1 0 1 1 1 0 0 1 1 0 1 0 1 1 1 0 0 1 1 0 0 0 1 1 1 1 1 1 0 0 1 1 0 0 0 0 0 1 1 1 0 0 1 1 1 1 1 1 0 1 0 32289.0 24988.0 33098.0 1 1000000000000000.1
1 0 1 1 1 0 1 1 1 0 1 0 1 1 0 1 0 0 0 0 0 1 1 0 1 0 1 0 0 1 1 1 0 1 0 1 0 0 0 1 0 1 1 0 0 1 1 1 1 1 0 0 1 1 0 0 1 1 1 0 0 1 1 1 1 0 1 1 1 1 0 0 1 0 0 0 1 1 1 1 1 0 0 0 0 0 1 1 0 0 1 1 1 1 1 1 0 0 1 1 30555.0 27451.0 33047.0 1 0.08108450674225197
1 0 1 1 1 0 1 1 1 0 0 0 1 1 0 1 1 1 0 0 0 1 1 0 1 0 1 0 0 1 1 1 1 1 0 1 0 0 0 0 0 1 1 0 0 1 1 0 1 1 0 1 1 1 0 0 1 1 1 0 1 1 1 1 0 1 1 1 0 1 1 1 1 1 0 1 1 0 0 1 1 0 0 0 0 1 1 0 1 0 0 1 0 1 1 1 0 0 1 0 32626.0 27484.0 33035.0 1 0.1634377787398729
1 0 1 1 0 0 1 1 1 1 1 1 1 1 0 1 1 0 0 0 0 1 1 0 1 1 1 0 0 1 1 1 0 1 0 1 0 0 0 0 0 1 1 0 0 1 1 1 1 1 0 1 1 1 0 0 1 1 1 0 1 1 1 1 0 0 1 1 1 1 1 0 1 1 0 0 1 1 1 1 0 1 0 0 0 0 1 1 1 0 0 0 1 1 1 1 1 0 0 0 32164.0 28938.0 32975.0 1 0.07396665253900186
1 0 1 1 0 1 1 0 1 1 1 0 1 1 0 1 1 0 1 0 0 1 1 0 1 0 1 0 0 1 1 1 0 1 0 1 0 0 0 0 0 1 1 0 1 1 1 1 1 1 0 0 1 1 0 0 1 1 1 0 1 1 1 1 0 0 1 1 0 1 1 1 1 1 0 1 1 1 1 1 1 1 0 0 0 0 0 0 1 0 0 0 1 1 1 1 1 0 1 0 32849.0 28527.0 32946.0 1 0.028090178402094303
1 0 1 1 0 0 1 1 1 1 1 0 1 1 0 1 1 0 1 0 0 1 1 0 1 0 1 0 0 1 1 1 0 1 0 1 0 0 0 0 0 1 1 0 0 1 1 0 1 1 0 1 0 0 1 0 0 0 1 1 1 1 1 1 0 1 1 1 0 1 1 1 1 1 0 1 1 0 0 1 1 0 0 0 0 0 1 1 0 0 0 1 1 1 1 1 0 0 1 1 33448.0 25233.0 32925.0 1 0.17210264505634576
1 0 1 1 0 1 1 0 1 1 1 0 1 1 0 1 1 1 0 0 0 1 1 0 1 0 1 0 0 1 1 1 0 1 0 1 0 0 0 0 0 1 1 0 0 1 1 0 1 1 0 1 0 0 1 0 0 0 1 1 1 1 1 1 0 1 1 1 0 1 1 1 1 1 0 1 1 0 0 1 1 0 0 0 0 0 1 1 1 0 0 1 1 1 1 1 1 0 1 0 33330.0 26617.0 32864.0 1 0.1778714360245141
1 0 1 1 1 0 0 1 1 1 1 0 1 1 0 1 1 0 0 0 0 1 1 0 1 0 1 0 0 1 1 1 0 1 0 1 0 0 0 0 0 1 1 0 0 1 1 1 1 1 0 1 1 1 0 0 1 1 1 1 0 1 1 1 0 0 1 0 0 1 1 0 1 1 0 0 1 1 1 1 1 1 0 0 0 0 1 1 1 0 0 1 0 1 1 1 1 0 1 0 31148.0 29118.0 32811.0 1 0.09111007320364962
1 0 1 1 1 0 1 1 1 1 1 0 1 1 0 1 1 0 0 0 0 1 1 0 1 0 1 0 0 1 1 1 0 1 0 1 0 0 0 1 0 1 1 0 0 1 1 1 1 1 0 0 1 1 0 0 1 1 1 0 1 1 1 1 0 0 1 1 0 1 1 0 1 1 0 0 1 1 1 1 1 1 0 0 0 0 1 0 1 0 0 0 1 1 1 1 1 0 1 0 32512.0 29033.0 32760.0 1 0.11155507778171837
1 0 1 1 1 0 1 1 1 0 1 0 1 1 0 1 1 0 0 0 0 1 1 0 1 0 1 0 0 1 1 1 0 1 0 1 0 0 0 0 0 1 1 0 0 1 1 1 1 1 0 0 1 1 0 1 1 0 1 0 1 1 1 1 0 0 1 1 0 1 1 0 1 1 1 0 1 1 1 1 1 1 0 0 0 0 1 1 0 0 0 1 1 1 1 1 0 0 1 1 33390.0 28519.0 32692.0 1 0.11219944321348876
1 0 1 1 0 0 1 1 1 1 1 0 1 1 0 1 1 0 0 0 0 1 1 0 1 0 1 0 0 1 1 1 0 1 0 1 0 0 1 0 1 1 1 0 1 1 1 1 1 1 0 0 1 1 0 0 1 1 1 0 1 1 1 1 0 0 1 1 1 1 0 0 1 1 0 0 1 1 1 1 1 0 0 0 0 0 1 1 0 0 0 1 1 1 1 1 1 0 1 0 32600.0 29081.0 32624.0 1 0.05246704763708265
1 0 1 1 0 1 1 0 1 1 1 0 1 1 0 1 1 1 1 0 0 1 0 0 1 0 1 0 0 1 0 1 1 1 0 0 1 0 0 0 0 1 1 0 1 1 1 1 1 1 0 1 1 1 0 0 1 1 1 0 1 1 1 1 0 1 1 1 0 1 1 1 1 1 0 1 1 1 1 1 1 1 0 0 0 0 0 0 1 0 0 0 1 1 1 1 1 0 0 0 33431.0 29183.0 32612.0 1 0.12495800257464454
1 0 1 1 1 0 1 1 0 0 1 0 1 1 0 1 1 1 0 0 1 1 0 0 1 0 1 0 0 1 1 1 0 1 0 1 0 0 0 0 0 1 1 0 1 1 1 0 1 1 0 1 1 1 1 0 0 1 1 1 1 1 1 1 0 0 0 0 0 1 1 0 1 1 0 1 1 1 1 1 1 1 0 0 0 0 0 0 1 0 0 1 1 1 1 1 0 0 1 1 33746.0 28105.0 32084.0 1 0.3255886946658091
1 0 1 1 1 0 1 1 1 0 0 0 1 1 0 1 1 1 0 0 0 1 1 0 1 0 1 0 0 1 1 1 0 1 0 1 0 0 0 0 0 1 1 0 0 1 1 0 1 1 0 1 0 0 1 0 0 0 1 1 1 1 1 1 0 1 1 1 0 1 1 1 1 1 0 1 1 0 1 1 1 0 0 0 0 0 1 1 0 0 0 1 1 1 1 1 0 0 1 1 34093.0 27297.0 31962.0 1 0.15129266542231348
1 0 1 1 1 0 1 1 1 0 1 0 1 1 0 1 1 0 0 0 0 1 1 0 1 0 1 0 0 1 1 1 0 1 0 1 0 0 0 0 1 1 1 0 0 1 1 1 1 1 0 0 1 1 0 1 1 0 1 0 1 1 1 1 0 0 1 1 0 1 1 0 1 1 1 0 1 1 1 1 1 1 0 0 0 0 1 1 1 0 0 0 1 1 1 1 1 0 0 0 32822.0 29452.0 31760.0 1 0.1726821155337633
0 0 1 1 1 1 1 0 1 1 1 0 1 1 0 1 1 1 0 0 0 1 1 0 1 0 1 0 0 1 1 1 0 1 0 1 0 0 0 0 0 1 1 0 0 0 1 1 1 1 0 1 1 1 0 0 1 1 1 0 0 1 1 1 1 0 1 0 0 1 1 0 1 1 0 0 1 1 1 1 1 1 0 1 0 0 0 0 1 0 0 0 1 1 1 1 1 0 1 0 30338.0 30304.0 31724.0 1 0.13623379777016645
0 0 1 1 0 0 1 1 1 1 1 0 1 1 0 1 1 0 0 0 0 1 1 0 1 0 1 0 0 1 1 1 0 1 0 1 0 0 0 0 0 0 1 0 0 1 1 1 1 1 0 1 0 1 1 0 0 0 1 1 1 1 1 1 0 1 1 1 0 1 1 1 1 1 0 1 1 1 1 1 1 1 0 0 0 0 0 0 1 0 0 1 1 1 1 1 0 0 1 1 34149.0 27110.0 31718.0 1 0.1270254484633431
1 0 1 1 1 0 1 1 1 1 1 0 1 1 1 1 1 1 0 0 0 0 1 0 0 0 1 0 0 1 1 1 0 1 0 1 0 0 0 1 0 1 1 0 0 1 1 1 1 1 0 0 1 1 0 0 1 1 1 0 1 1 1 1 0 0 1 1 0 1 1 0 1 1 0 0 1 1 1 1 1 1 0 0 0 0 1 0 1 0 0 0 1 1 1 1 1 0 1 0 33254.0 29773.0 31706.0 1 0.1820959069285585
1 0 1 1 1 0 1 1 1 0 1 0 1 1 0 1 0 0 1 0 0 1 1 0 1 0 1 0 0 1 1 1 0 1 0 1 0 0 0 0 1 1 1 0 0 1 1 1 1 1 0 0 1 1 0 1 1 0 1 0 1 1 1 1 0 0 1 1 0 1 1 0 1 1 1 0 1 1 1 1 1 1 1 0 0 0 0 0 1 0 0 0 1 1 1 1 1 0 1 0 33449.0 29251.0 31607.0 1 0.062194163054532764
1 0 1 1 0 0 1 1 1 1 1 0 1 1 0 1 1 0 1 0 0 1 0 0 1 0 1 0 0 1 0 1 1 1 0 1 1 0 0 0 0 1 0 0 1 1 1 1 1 1 1 1 0 1 1 0 0 0 1 1 1 0 1 1 0 1 1 1 0 1 1 1 0 1 0 1 1 0 0 1 1 1 0 0 0 0 0 0 1 0 0 1 1 1 1 1 0 0 1 1 34174.0 26035.0 31564.0 1 0.18502577722765118
1 0 1 1 1 0 1 1 1 0 0 0 1 1 0 1 1 1 0 0 0 1 1 0 1 0 0 0 0 1 1 1 0 1 0 1 0 0 0 0 0 1 1 0 0 1 1 1 1 1 0 0 1 1 0 1 1 0 1 0 1 1 1 1 0 0 1 1 0 1 1 0 1 1 1 0 1 1 1 1 1 1 0 0 0 0 1 1 1 0 0 0 1 1 1 1 1 0 1 0 32854.0 29825.0 31463.0 1 0.12379779048078023
0 0 1 1 1 1 1 0 1 1 1 0 1 1 0 1 1 1 0 0 0 1 1 0 1 0 1 0 0 1 1 1 0 1 0 1 0 0 0 0 0 1 1 0 0 1 1 1 1 1 0 1 1 1 0 0 1 1 1 0 0 1 1 1 0 0 1 0 0 1 1 0 1 1 0 0 1 1 1 1 1 1 0 0 0 0 0 0 1 0 0 0 1 1 1 1 1 1 1 0 30689.0 30180.0 31433.0 1 0.15319255508653484
0 0 1 1 1 0 1 1 1 1 0 0 1 1 0 1 1 1 0 0 0 1 1 0 1 0 1 0 0 1 1 1 0 1 0 1 0 0 0 0 0 1 1 0 0 1 1 1 1 1 1 1 0 1 1 0 0 0 1 1 1 0 1 1 0 1 1 1 0 1 1 1 1 1 0 1 1 0 0 1 1 0 0 0 1 0 0 0 1 0 0 0 1 1 1 1 1 0 1 0 33572.0 28819.0 31235.0 1 0.15860417503264948
1 0 1 1 1 0 1 1 0 0 1 0 1 1 0 1 1 1 0 0 0 1 0 0 1 0 1 0 0 1 1 1 0 1 0 1 0 0 0 0 0 1 1 0 0 1 1 1 1 1 1 1 0 1 1 0 0 0 1 1 1 0 1 1 0 1 1 1 0 1 1 1 1 1 0 0 1 1 1 1 1 0 0 0 0 0 1 1 0 0 0 1 1 1 1 1 1 0 1 0 33451.0 29220.0 31182.0 1 0.07819230856981751
1 0 1 1 1 0 1 1 1 0 1 0 1 1 0 1 1 1 0 0 0 1 1 0 1 0 1 0 0 1 1 1 0 1 0 1 0 0 0 0 0 1 1 0 0 0 1 1 1 1 0 1 1 1 0 0 1 1 1 0 0 1 1 1 1 0 1 0 0 1 1 0 1 1 0 0 1 1 1 1 1 1 0 1 0 0 0 0 1 0 0 0 1 1 1 1 1 0 1 0 31141.0 30815.0 31007.0 1 0.19617189926756945
1 0 1 1 1 0 1 1 1 0 1 0 1 1 0 1 1 0 0 0 0 1 1 0 1 0 1 0 0 1 1 1 0 1 0 1 0 0 0 0 0 0 1 0 0 1 1 1 1 1 0 1 0 1 1 0 0 0 1 1 1 1 1 1 0 1 1 1 0 1 1 1 1 1 0 1 1 1 1 1 1 1 0 0 0 0 0 0 1 0 0 0 1 1 1 1 1 0 1 0 33792.0 28597.0 30874.0 1 0.17144306280384808
1 0 1 1 0 0 1 1 1 1 1 0 1 1 0 1 1 0 0 0 0 1 1 0 1 0 1 0 0 1 1 1 0 1 0 1 0 0 1 0 1 1 1 0 1 1 1 1 1 1 0 1 1 1 0 0 1 1 1 0 0 1 1 1 0 0 1 0 0 1 1 0 1 1 0 0 1 1 1 1 1 1 0 0 0 0 0 0 1 0 0 0 1 1 1 1 1 0 1 0 31512.0 29849.0 30554.0 1 0.11261352205648707
0 0 1 1 0 1 1 0 1 1 0 0 1 1 0 1 0 1 0 0 0 1 1 0 1 0 1 0 0 1 1 1 0 1 0 1 0 0 0 0 0 1 1 0 0 1 1 1 1 1 1 1 0 1 1 0 0 0 1 1 1 1 1 1 0 1 1 1 0 1 1 1 1 1 0 1 1 1 1 1 1 1 0 0 0 0 0 0 1 0 0 0 1 1 1 1 1 0 1 0 33952.0 28913.0 30459.0 1 0.10937091884906174
0 0 1 1 0 0 1 1 1 0 1 0 1 1 0 1 1 1 0 0 0 1 1 0 0 0 1 1 1 1 0 1 0 1 0 1 0 1 0 0 0 1 0 1 0 1 1 1 1 1 0 1 1 1 0 0 1 1 1 0 0 1 1 1 0 0 1 0 0 1 1 0 1 1 0 1 1 1 1 1 1 1 0 0 0 0 0 1 1 0 0 0 1 1 1 1 1 0 1 0 31400.0 30590.0 30414.0 1 0.15773035549897388
1 0 1 1 1 0 1 1 0 0 1 0 1 1 0 1 1 1 0 0 0 1 1 0 0 0 1 1 1 1 0 1 1 1 0 1 0 1 0 0 0 1 0 1 0 1 1 1 1 1 0 1 1 1 0 0 1 1 1 0 0 1 1 1 0 0 1 0 0 1 1 0 1 1 0 0 1 1 1 1 1 1 0 0 0 0 0 0 1 0 0 0 1 1 1 1 1 0 1 0 30406.0 31097.0 30176.0 1 0.2235584539327714
1 0 1 1 1 0 1 1 1 0 0 0 1 1 0 1 1 1 0 0 0 1 1 0 1 0 0 0 0 1 1 1 0 1 0 1 1 0 0 0 0 1 1 0 0 1 1 1 1 0 0 1 1 1 0 0 1 1 1 0 0 1 1 1 0 0 1 0 0 1 1 1 1 1 0 1 1 1 1 1 1 1 0 0 0 0 0 0 1 0 0 0 1 1 1 1 1 0 1 0 31530.0 30016.0 29936.0 1 0.17566805816530304
1 0 1 1 1 0 1 1 1 0 1 0 1 1 0 1 1 1 0 0 0 1 0 0 1 0 1 0 0 1 1 1 0 1 0 1 0 0 0 0 0 1 1 0 0 1 1 1 1 1 1 1 0 1 1 0 0 0 1 1 1 0 0 1 0 1 1 1 0 1 1 1 1 1 0 1 1 0 1 1 1 1 0 0 0 0 0 0 1 1 0 0 1 1 1 1 0 0 1 1 34650.0 27433.0 29879.0 1 1000000000000000.0
1 0 1 1 1 0 1 1 1 0 1 0 1 1 0 1 1 1 0 0 0 1 1 0 0 0 1 1 1 1 0 1 0 1 0 1 0 1 0 0 0 1 0 1 0 1 1 1 1 1 0 1 1 1 0 0 1 1 1 0 0 1 1 1 0 0 1 0 0 1 1 0 1 1 0 0 1 1 1 1 1 1 0 0 0 0 0 0 1 0 0 0 1 1 1 1 1 0 1 0 30864.0 31397.0 29733.0 1 1000000000000000.1
0 0 1 1 0 0 1 1 1 1 1 0 1 1 0 1 0 1 0 0 0 1 1 0 0 0 1 1 1 1 0 1 0 1 0 1 0 1 0 0 0 1 0 1 0 1 1 1 1 1 0 1 1 1 0 0 1 1 1 0 0 1 1 1 0 0 1 0 0 1 1 0 1 1 0 1 1 1 1 1 1 1 0 0 0 0 0 0 1 0 0 0 1 1 1 1 1 0 1 0 31445.0 30544.0 29531.0 1 0.34980869006746684
1 0 1 1 1 0 1 1 1 1 1 0 1 1 1 1 1 1 0 0 0 0 1 0 0 0 1 1 1 1 0 1 0 1 0 0 0 0 0 0 0 1 0 1 0 1 1 0 0 1 1 1 1 1 0 0 1 1 1 0 1 0 1 1 0 1 1 1 0 1 0 1 1 1 0 0 1 1 1 1 1 1 0 0 0 0 0 0 1 0 0 0 1 1 1 1 1 0 1 0 31911.0 29953.0 28160.0 1 1000000000000000.1
1 0 1 1 1 0 1 1 1 0 1 0 1 1 0 1 0 1 0 0 0 1 1 0 0 0 1 1 1 1 0 1 0 1 0 1 0 1 0 0 0 1 0 1 0 1 1 1 1 1 0 1 1 1 0 0 1 1 1 0 0 1 1 1 0 0 1 0 0 1 1 0 1 1 0 0 1 1 1 1 1 1 0 0 0 0 0 0 1 0 0 0 1 1 1 1 1 0 1 0 30756.0 31257.0 28928.0 2 2000000000000000.0
0 0 1 1 0 0 1 0 1 1 1 0 1 1 0 1 1 0 1 0 0 1 0 0 1 0 1 0 0 1 0 1 1 1 0 0 1 0 0 0 0 1 0 0 1 1 1 1 1 1 0 1 1 1 0 0 1 1 0 1 0 1 1 1 0 1 1 1 0 1 1 1 1 1 0 1 1 0 0 1 1 0 0 0 0 0 1 1 1 0 0 1 1 1 1 1 1 0 1 0 31439.0 25110.0 33216.0 2 1000000000000000.1
0 0 1 1 0 0 1 1 1 1 1 0 1 1 0 1 1 0 1 0 0 1 0 0 1 0 1 0 0 1 0 1 1 1 0 0 1 0 0 0 0 1 0 0 1 1 1 1 1 1 0 1 1 1 0 0 1 1 0 1 0 1 1 1 0 0 1 1 0 0 0 1 1 1 1 1 1 0 0 1 1 0 0 0 0 0 1 1 1 0 0 1 1 1 1 1 1 0 1 0 31973.0 24832.0 32905.0 2 1000000000000000.0
0 0 1 1 0 1 1 0 1 1 1 0 1 1 0 1 1 1 0 0 0 1 1 0 1 0 1 0 0 1 1 1 0 1 0 1 0 0 0 0 0 1 1 0 0 1 1 1 1 1 0 1 1 1 0 0 1 1 1 0 0 1 1 1 0 0 1 0 0 1 1 1 1 1 0 0 0 1 0 1 1 1 1 1 1 0 0 0 1 0 0 0 0 1 1 1 1 0 1 0 28936.0 29017.0 32062.0 2 1000000000000000.0
1 0 1 1 1 0 1 1 0 0 1 0 1 1 0 1 1 1 0 0 0 1 0 0 1 0 1 0 0 1 1 1 0 1 0 1 0 0 0 0 0 1 1 0 0 1 1 1 1 1 1 1 0 1 1 0 0 0 1 1 1 0 0 1 0 1 1 1 0 1 1 1 1 1 0 1 1 0 1 1 1 1 0 0 0 0 0 0 1 1 0 0 1 1 1 1 0 0 1 1 34134.0 27030.0 29529.0 2 1000000000000000.0
0 0 1 1 0 1 1 0 1 1 0 0 1 1 0 1 1 1 0 0 0 1 1 0 1 0 1 0 0 1 1 1 0 1 0 1 0 0 0 0 0 1 1 0 0 1 1 1 1 1 1 1 0 1 1 0 0 0 1 1 1 0 1 1 0 1 1 1 0 1 1 1 1 1 0 1 1 0 1 1 1 1 0 0 0 0 0 0 1 1 0 0 1 1 1 1 1 0 1 0 33801.0 28279.0 30004.0 2 0.15083738478857292
1 0 1 1 1 0 1 1 1 0 1 0 1 1 0 1 1 1 0 0 0 1 1 0 0 0 1 1 1 1 0 1 0 1 0 1 0 1 0 0 0 1 0 1 0 1 1 0 0 1 0 1 1 1 0 0 1 1 1 0 1 1 1 0 0 1 1 1 0 1 1 1 1 1 0 0 1 1 1 1 1 1 0 0 0 0 0 0 1 0 0 0 1 1 1 1 1 0 1 0 31309.0 30482.0 29147.0 2 0.14637747602178
0 0 1 1 0 0 1 1 1 1 1 0 1 1 0 1 1 0 0 0 0 1 1 0 1 1 1 0 1 1 1 1 0 1 0 1 1 1 0 0 0 1 0 0 1 1 1 0 1 1 0 1 1 1 1 0 0 1 1 1 1 1 1 1 0 0 0 0 0 1 0 1 1 1 0 0 1 1 1 1 1 1 0 0 0 0 0 0 1 0 0 0 1 1 1 1 1 0 1 0 33462.0 28758.0 30447.0 2 0.1442980965832674
1 0 1 1 1 0 1 1 1 0 0 0 1 1 0 1 1 1 0 0 0 1 1 0 1 0 0 0 0 1 1 1 0 1 0 1 0 0 0 0 0 1 1 0 0 1 1 1 1 1 0 1 1 1 0 0 1 1 1 0 0 1 1 1 0 0 1 0 0 1 1 1 1 1 0 0 0 1 0 1 1 1 1 1 1 0 0 0 1 0 0 0 1 1 1 1 1 0 1 0 29636.0 30242.0 31275.0 2 0.14058430914796954
1 0 1 1 0 0 1 1 1 1 1 0 1 1 0 1 1 1 0 0 0 1 1 0 0 0 1 1 1 1 0 1 0 1 0 1 0 1 0 0 0 1 0 1 0 1 1 1 1 1 0 1 1 1 0 0 1 1 1 0 0 1 1 1 0 0 1 0 0 1 1 0 1 1 0 0 1 1 1 1 1 1 0 0 0 0 0 0 1 0 0 0 1 1 1 1 1 0 1 0 30918.0 30658.0 29672.0 2 0.1374487112845935
1 0 0 1 1 0 1 1 1 0 0 0 1 1 0 1 1 1 0 0 0 1 1 0 0 0 1 1 1 1 0 1 0 1 0 1 0 1 0 0 0 1 0 1 0 1 1 1 1 1 0 1 1 1 0 0 1 1 1 0 0 1 1 1 0 0 1 0 0 1 1 0 1 1 0 0 1 1 1 1 1 1 1 0 0 0 0 0 1 0 0 0 1 1 1 1 1 0 1 0 30541.0 30802.0 29867.0 2 0.13608843753894095
0 0 1 1 0 0 1 1 1 1 1 0 1 1 0 1 0 1 0 0 0 1 1 0 0 0 1 1 1 1 0 1 0 1 0 1 0 1 0 0 0 1 0 1 0 1 1 1 0 1 0 1 1 1 0 0 1 1 1 0 1 1 1 1 0 0 1 1 0 1 1 0 1 0 1 1 1 1 1 1 1 1 1 0 0 0 0 0 1 0 0 0 1 1 1 1 1 0 1 0 32670.0 29707.0 31093.0 2 0.13444423837130703
1 0 1 1 1 0 1 0 1 1 1 0 1 1 0 1 1 0 0 0 0 1 1 0 1 0 1 0 0 1 1 1 1 1 0 1 1 1 0 0 0 1 0 1 0 1 1 1 1 1 0 1 1 1 0 0 1 1 1 0 0 1 1 1 0 0 1 0 0 1 1 0 1 1 0 0 1 1 1 1 1 1 0 0 0 0 0 0 1 0 0 0 1 1 1 1 1 0 1 0 30069.0 30045.0 31242.0 2 0.13372702490466068
1 0 1 1 1 0 1 1 1 0 1 0 1 1 0 1 0 0 0 0 0 1 1 0 1 0 1 0 0 1 1 1 0 1 0 1 0 0 0 0 0 0 1 0 0 1 1 1 1 1 0 1 1 1 0 0 1 1 1 0 1 1 1 1 0 1 1 1 0 1 1 1 1 1 0 1 1 1 1 1 1 1 0 0 0 0 0 0 1 0 0 0 1 1 1 1 1 0 1 0 32989.0 29057.0 30832.0 2 0.13150083297057338
0 0 1 1 0 0 1 1 1 1 1 0 1 1 0 1 1 0 0 0 0 1 1 0 1 1 1 0 1 1 1 1 0 1 0 1 1 1 0 0 0 1 0 0 1 1 1 0 1 1 0 1 1 1 1 0 0 1 1 1 1 1 1 1 0 0 0 0 0 1 1 0 1 1 0 0 1 1 1 1 1 1 0 1 1 0 0 0 0 0 0 0 0 1 1 1 1 0 1 0 31711.0 29755.0 31136.0 2 0.13043596996702533
1 0 1 1 1 0 1 1 1 0 0 0 1 1 0 1 1 0 0 0 0 1 1 0 1 0 1 0 0 1 1 1 0 1 0 1 0 0 0 0 0 0 1 0 0 1 1 1 1 1 0 1 1 1 0 0 1 1 1 0 1 1 1 1 0 1 1 1 0 1 1 1 1 1 0 1 1 1 1 1 1 0 0 0 0 0 0 1 1 0 0 1 1 1 1 1 0 0 1 0 32316.0 27985.0 32218.0 2 0.1299346520675692
1 0 1 1 1 0 1 1 1 0 0 0 1 1 0 1 1 1 0 0 0 1 1 0 1 0 1 0 0 1 1 1 1 1 0 1 0 0 0 0 0 1 0 1 0 1 1 1 1 1 0 1 1 1 0 0 1 1 1 0 0 1 1 1 0 0 1 0 0 1 1 0 1 1 0 1 1 1 1 1 1 1 0 0 0 0 0 0 1 0 0 0 1 1 1 0 1 0 1 0 30249.0 29808.0 30241.0 2 0.12961039805244062
1 0 1 1 0 0 1 1 1 1 1 0 1 1 0 1 1 0 1 0 0 1 0 0 1 0 1 0 0 1 0 1 1 1 0 0 1 0 0 0 0 1 0 0 1 1 1 1 1 1 1 1 0 1 1 0 0 0 1 1 1 0 1 1 0 1 1 1 0 1 1 1 0 1 0 1 1 0 0 1 1 0 0 0 0 1 1 1 1 0 0 1 1 1 1 1 0 0 1 0 33707.0 25210.0 31647.0 2 0.12910286858421263
0 0 1 1 0 0 1 1 1 1 1 0 1 1 0 1 1 0 1 0 0 1 0 0 1 0 1 0 0 1 0 1 1 1 0 0 1 0 0 0 0 1 0 1 1 1 1 1 1 1 0 1 1 1 0 0 1 1 0 1 0 1 1 1 0 1 1 1 0 1 1 1 1 0 0 1 1 0 0 0 1 0 0 0 0 0 1 1 1 0 0 1 0 1 1 1 1 0 1 0 30215.0 25569.0 33138.0 2 0.1250398236736193
1 0 1 0 1 0 1 1 1 0 1 0 1 1 0 1 0 1 0 0 1 1 1 0 1 0 1 0 0 1 1 1 0 1 0 1 0 0 0 0 0 1 1 0 0 1 1 0 1 1 0 1 0 0 0 0 0 0 1 1 1 1 1 1 0 1 1 1 0 1 1 1 1 1 0 1 1 0 0 1 1 0 0 0 0 0 1 1 0 0 0 1 1 1 1 1 0 0 1 1 33932.0 26163.0 31275.0 2 0.1193854558591212
1 0 1 1 1 0 1 1 1 0 1 0 1 1 0 1 1 1 0 0 0 1 1 0 0 0 1 1 1 1 0 1 0 1 0 1 0 1 0 0 0 1 1 1 0 1 1 0 0 1 0 1 1 1 0 0 1 1 1 0 1 1 1 0 0 1 1 1 0 1 1 0 1 1 0 0 1 1 1 1 1 1 0 0 0 0 0 0 1 0 0 0 1 1 1 1 1 0 1 0 31004.0 30640.0 29448.0 2 0.11922072378997316
1 0 1 1 0 0 1 1 1 1 1 0 1 1 0 1 1 0 0 0 0 1 1 0 1 0 1 0 0 1 1 1 0 1 0 1 0 0 1 0 1 1 0 0 1 1 1 1 1 1 0 0 1 1 0 0 1 1 1 0 1 1 1 1 0 0 1 1 1 1 0 0 1 1 0 1 1 0 1 1 1 1 0 0 0 0 0 0 1 0 0 1 1 1 1 1 0 0 1 1 33574.0 27293.0 31866.0 2 0.11722367194517082
1 0 1 1 1 0 1 1 1 0 0 0 1 1 0 1 1 0 0 0 0 1 1 0 1 0 1 0 0 1 1 1 1 1 0 1 0 0 0 0 0 0 1 0 0 1 1 0 1 1 0 1 1 1 0 0 1 1 1 0 1 1 1 1 0 1 1 1 0 1 1 1 1 1 0 1 1 0 0 1 1 0 0 0 0 1 1 1 1 0 0 1 0 1 1 1 0 0 1 0 31219.0 25711.0 33019.0 2 0.11659862589992874
1 0 1 1 1 0 1 1 1 0 0 0 1 1 0 1 1 1 0 0 0 1 1 0 1 0 1 0 0 1 1 1 0 1 0 1 0 0 0 0 0 1 1 0 0 1 1 1 1 1 0 1 1 1 0 0 1 1 1 0 0 1 1 1 0 0 1 0 0 1 1 1 1 1 0 0 0 1 0 1 1 1 1 1 1 0 0 0 1 0 0 0 0 1 1 1 1 0 1 0 29706.0 30041.0 31721.0 2 0.11385672444936026
1 0 1 1 1 0 1 1 1 0 1 0 1 1 0 1 0 0 0 0 0 1 1 0 1 0 1 0 0 1 1 1 0 1 0 1 0 0 0 0 0 1 0 0 0 1 1 1 1 1 0 1 1 1 0 0 1 1 1 0 1 1 1 1 0 1 1 1 0 1 1 1 1 1 0 0 1 1 1 1 1 1 0 0 0 1 0 1 1 0 0 1 1 1 1 1 0 0 1 0 33167.0 28922.0 31460.0 2 0.11239362450010862
0 0 1 1 0 1 1 0 1 1 1 0 1 1 0 1 1 1 0 0 0 1 1 0 1 0 1 0 0 1 1 1 0 1 0 1 0 0 0 0 1 1 1 0 0 1 1 1 1 1 0 0 1 1 0 0 1 1 1 0 1 1 1 1 0 0 1 1 1 1 1 0 1 1 0 0 1 1 1 1 1 1 1 0 0 0 0 0 1 0 0 0 1 1 1 1 1 0 1 0 32074.0 28467.0 32024.0 2 0.11197341206118885
1 0 0 1 1 0 1 1 1 0 1 0 1 1 0 1 1 1 0 0 0 1 1 0 0 0 1 1 1 1 0 1 0 1 0 1 0 1 0 0 0 1 0 1 0 1 1 1 1 1 0 1 1 1 0 0 1 1 1 0 0 1 1 1 0 0 1 0 0 1 1 0 1 1 0 0 1 1 1 1 1 1 0 0 0 0 0 0 1 0 0 0 1 1 1 1 1 0 1 0 30623.0 31039.0 29451.0 2 0.111140746246533
1 0 1 1 1 0 1 1 1 0 0 0 1 1 0 1 1 0 0 0 0 1 1 0 1 0 1 0 0 1 1 1 0 1 0 1 0 0 0 0 0 1 1 0 0 1 1 1 1 1 0 1 1 1 0 0 1 1 1 0 1 1 1 1 0 1 1 1 0 0 1 1 1 1 1 1 1 0 0 1 1 0 0 0 0 1 1 1 1 0 0 1 0 1 1 1 0 0 1 0 32626.0 26734.0 32853.0 2 0.11103686508038377
1 0 1 1 1 0 1 0 1 1 1 0 1 1 0 1 1 0 0 0 0 1 1 0 1 0 1 0 0 1 1 1 1 1 0 1 0 0 0 0 0 0 1 0 0 1 1 0 1 1 0 1 1 1 0 0 1 1 1 0 1 1 1 1 0 1 1 1 0 1 1 1 1 1 0 1 1 0 0 0 1 0 0 0 0 0 1 1 1 0 0 1 0 1 1 1 1 0 0 0 29278.0 26129.0 33209.0 2 0.1110271423698859
1 0 1 1 1 0 1 1 1 0 0 0 1 1 0 1 1 1 0 0 0 1 1 0 1 0 1 0 0 1 1 1 0 1 0 1 0 0 0 0 0 1 1 0 0 1 1 1 1 1 0 1 1 1 0 0 1 1 1 1 0 1 1 1 0 0 1 0 0 1 1 1 1 1 0 1 1 0 0 1 1 0 0 0 0 0 1 1 1 0 0 1 1 0 1 1 1 0 1 0 31866.0 27994.0 32847.0 2 0.10920327193103517
1 0 1 1 1 0 1 1 1 1 1 0 1 1 0 1 1 0 0 0 0 1 1 0 1 0 1 0 0 1 1 1 0 1 0 1 0 0 0 1 0 1 1 0 0 1 1 1 1 1 0 0 1 1 0 0 1 1 1 0 1 1 1 1 0 0 1 1 1 1 0 0 1 1 0 1 1 0 1 1 1 1 0 0 0 0 0 0 1 1 0 0 0 1 1 1 1 0 1 0 32384.0 27860.0 32411.0 2 0.10891772509366426
0 0 1 1 0 1 1 0 1 1 1 1 1 1 0 1 1 1 0 0 0 1 1 0 1 0 1 0 0 1 1 1 0 1 0 1 0 0 0 0 1 1 1 0 0 1 1 0 1 1 0 1 0 0 1 0 0 0 1 1 1 1 1 1 0 1 1 1 0 1 1 1 1 1 0 1 1 0 0 1 1 0 0 0 0 0 1 1 1 0 0 1 1 1 1 1 1 0 0 0 32712.0 26933.0 32274.0 2 0.10875426958241222
1 0 1 1 1 0 1 1 1 0 0 0 1 1 0 1 1 1 0 0 0 1 1 0 1 0 1 0 0 1 1 1 0 1 0 1 0 0 0 1 0 1 1 0 0 1 1 1 1 1 0 0 1 1 0 0 1 1 1 0 1 1 1 1 0 0 1 1 0 1 1 0 1 1 0 0 1 1 1 1 1 1 0 0 0 0 1 0 1 0 0 0 1 1 1 1 1 0 1 0 32545.0 29453.0 31593.0 2 0.10858943443169666
1 0 1 1 1 0 1 0 1 1 1 0 1 1 0 1 1 0 0 1 0 1 1 0 1 0 1 0 0 1 1 1 1 1 0 1 1 1 0 0 0 1 0 1 0 1 1 1 1 1 0 1 1 1 0 0 1 1 1 0 0 1 1 1 0 0 1 0 0 1 1 0 1 1 0 0 1 1 1 1 1 1 0 0 0 0 0 0 0 0 0 0 1 1 1 1 1 0 1 0 30187.0 30459.0 30599.0 2 0.10097741877373331
1 0 1 1 0 1 1 0 1 1 1 0 1 1 0 1 1 0 1 0 0 1 1 0 1 1 1 0 0 1 1 1 0 1 0 1 0 0 0 0 0 0 0 0 1 1 1 1 1 1 0 1 1 1 0 0 1 1 1 0 1 1 1 1 0 1 1 1 0 1 1 1 1 1 1 0 1 0 0 0 1 0 0 0 0 0 1 1 1 0 0 1 0 1 1 1 1 0 0 0 30393.0 26435.0 32979.0 2 0.10091444203858839
1 0 1 1 0 0 1 1 1 1 1 0 1 1 0 1 1 0 0 0 0 1 1 0 1 0 1 0 0 1 1 1 0 1 0 1 0 0 1 0 1 1 1 0 0 1 1 1 1 1 0 0 1 1 0 0 1 1 1 0 1 1 1 1 0 0 1 1 1 1 0 0 1 1 0 0 1 1 1 1 1 0 0 0 0 0 1 1 0 0 0 1 1 1 1 1 0 0 1 1 32469.0 27632.0 32547.0 2 0.09540661444243154
