1 0 1 1 1 0 1 1 1 1 1 0 1 1 0 1 1 0 1 0 0 1 0 0 1 1 1 0 0 1 1 1 1 1 0 1 0 0 0 0 0 1 1 0 1 1 1 1 1 1 0 1 1 1 0 0 1 1 1 0 0 1 1 1 0 0 1 1 0 1 1 0 1 0 1 1 1 1 1 1 1 1 1 1 0 0 1 1 1 0 0 0 1 1 1 1 0 0 0 0 33910.0 29642.0 37817.0 0 1000000000000000.1
1 0 1 1 1 0 1 1 1 1 1 0 1 1 0 1 1 0 1 0 0 1 0 0 1 1 1 0 0 1 1 1 1 1 0 1 0 0 0 0 0 1 1 0 1 1 1 1 1 1 0 1 1 1 0 0 0 1 1 0 1 1 1 1 0 0 1 1 0 1 1 0 1 0 1 1 1 1 1 1 1 1 0 1 0 0 1 1 1 0 0 0 1 1 1 1 0 0 1 0 35065.0 29159.0 37321.0 0 0.1558014902516607
1 0 1 1 0 0 1 1 1 1 1 1 1 1 0 1 1 1 0 0 0 1 0 0 1 1 1 0 0 1 1 1 1 1 0 1 0 0 0 0 0 1 1 0 1 1 1 1 1 1 0 1 1 1 0 0 1 1 1 0 0 1 1 1 0 0 1 1 0 1 0 0 1 0 1 1 1 1 1 1 1 1 1 1 0 0 1 1 1 0 0 1 1 1 1 1 0 0 0 0 34352.0 29924.0 36941.0 0 0.1868992440691547
1 0 1 1 1 0 1 1 1 1 1 0 1 1 0 1 1 0 1 0 1 1 0 0 1 1 1 0 0 1 1 1 1 1 0 1 0 0 0 0 0 1 1 0 1 1 1 1 1 1 0 1 1 1 0 0 1 1 1 0 1 1 1 1 0 0 1 1 0 1 1 0 1 0 1 1 1 1 1 1 1 1 1 0 0 0 0 0 1 0 0 0 1 1 1 1 0 0 1 0 35497.0 28792.0 36655.0 0 0.21872228460611087
1 0 1 1 1 0 1 1 1 1 1 0 1 1 0 1 1 0 1 0 0 1 0 0 1 0 1 0 0 1 1 1 1 1 0 1 0 0 0 0 0 1 1 0 1 1 1 1 1 1 0 1 1 1 0 0 1 1 1 0 1 1 1 1 0 0 1 1 0 1 0 0 1 0 1 1 1 1 1 1 1 1 0 1 0 0 1 1 1 0 0 0 1 1 1 1 1 0 0 0 33578.0 30099.0 36276.0 0 0.10627668193656667
1 0 1 1 1 0 1 1 1 1 1 0 1 1 0 1 1 0 1 0 0 1 0 0 1 1 1 0 0 1 1 1 1 1 0 1 0 0 0 0 0 1 1 0 1 1 1 1 1 1 0 1 1 1 0 0 0 1 1 0 1 1 1 1 0 0 1 1 0 1 1 0 1 0 1 1 1 1 1 1 1 1 0 1 0 0 1 0 1 0 0 0 1 1 1 1 1 0 0 0 34168.0 30020.0 36196.0 0 0.06640994259202707
1 0 1 1 1 0 1 1 1 1 1 0 1 1 0 1 1 0 1 0 0 1 0 0 1 1 1 0 0 1 1 1 1 1 0 1 0 0 0 0 0 1 1 0 1 1 1 1 1 1 0 1 1 1 0 0 0 0 1 0 0 1 1 1 0 0 1 1 0 1 1 0 1 0 1 1 1 1 1 1 1 1 0 1 1 0 1 0 1 0 0 0 1 1 1 1 1 0 0 0 33386.0 30478.0 36181.0 0 0.059906561905435834
1 0 1 1 1 0 1 1 1 1 1 0 1 1 1 1 1 0 1 0 0 1 0 0 1 1 1 0 0 1 1 1 1 1 0 1 0 0 0 0 0 1 1 0 1 1 1 1 1 1 0 1 1 1 0 0 0 0 1 0 0 1 1 1 0 1 1 1 0 1 0 0 1 0 1 1 1 1 1 1 1 1 0 1 0 0 1 1 1 0 0 0 1 1 1 1 1 0 0 0 34270.0 30171.0 36130.0 0 0.08381800673239982
1 0 1 1 1 0 1 1 1 1 1 0 1 1 0 1 1 0 1 0 0 1 0 0 1 1 1 0 0 1 1 1 1 1 0 1 0 1 0 0 0 1 1 1 1 1 1 1 1 1 0 1 1 1 0 0 0 0 1 0 0 1 1 1 0 1 1 1 0 1 1 0 1 0 1 1 1 1 1 1 1 1 0 1 0 0 1 0 1 0 0 0 1 1 1 1 1 0 0 0 33684.0 30932.0 35948.0 0 0.12170473852833572
1 0 1 1 1 0 1 1 1 1 1 0 1 1 0 1 1 1 0 0 0 1 1 0 1 0 0 1 0 1 1 1 1 1 0 1 1 0 0 0 0 1 1 0 1 1 1 1 1 1 0 1 1 1 0 0 0 1 1 0 0 1 1 1 0 0 1 1 0 1 1 0 1 0 1 1 1 1 1 1 1 1 0 1 0 0 1 1 1 0 0 0 1 1 1 1 0 0 0 0 33698.0 31843.0 35815.0 0 0.06730291434596358
1 0 1 1 1 0 1 1 1 1 1 0 1 1 0 1 1 0 1 0 0 1 0 0 1 1 1 0 0 1 1 1 1 1 0 1 0 0 0 0 0 1 1 0 1 1 1 1 1 1 0 1 1 1 0 0 1 1 1 0 1 0 1 1 0 0 1 1 0 1 1 0 1 0 1 1 1 1 1 1 1 0 0 0 0 1 1 0 0 0 1 1 1 1 1 1 1 0 1 0 34611.0 29450.0 35795.0 0 0.07398271611522207
1 0 1 1 1 0 1 1 1 1 1 0 1 1 0 1 1 0 1 0 0 1 0 0 1 1 1 0 0 1 1 1 1 1 0 1 0 0 0 0 0 1 1 0 1 1 1 1 1 1 0 1 1 1 0 0 1 1 1 0 1 1 1 1 0 0 1 1 0 1 1 0 1 1 1 1 1 1 1 1 1 1 0 0 0 0 1 0 1 0 0 0 1 1 1 1 1 0 0 0 35066.0 30235.0 35773.0 0 0.058700345960784855
1 0 1 1 1 0 1 1 1 1 1 0 1 1 0 1 1 0 1 0 0 1 0 0 1 0 1 1 0 1 1 1 1 1 0 1 1 0 0 0 0 1 1 0 1 1 1 1 1 1 0 1 1 1 0 0 0 1 1 0 1 1 1 1 0 0 1 0 0 1 0 0 1 0 1 1 1 1 1 1 1 1 0 1 0 0 1 1 0 0 0 0 1 1 1 1 1 0 1 0 34065.0 30435.0 35722.0 0 0.07648371238154139
1 0 1 1 1 0 1 1 1 1 1 0 1 1 0 1 1 0 1 0 0 1 0 0 1 0 1 1 0 1 1 1 1 1 0 1 1 0 0 0 0 1 1 0 1 1 1 1 1 1 0 1 1 1 0 0 0 1 1 0 1 1 1 1 0 0 1 1 0 1 1 0 1 1 1 1 1 1 1 1 1 0 0 0 0 0 1 0 1 0 1 0 1 1 1 1 1 0 0 0 34729.0 30633.0 35636.0 0 0.11114044342563537
1 0 1 1 1 0 1 1 1 0 1 1 1 1 0 1 1 1 0 0 0 1 1 0 1 0 0 0 0 1 1 1 1 1 0 1 0 0 0 0 0 1 1 1 1 1 1 1 1 1 0 1 1 1 0 0 0 1 1 0 0 1 1 1 0 0 1 1 0 1 1 0 1 0 1 1 1 1 1 1 1 1 1 1 0 0 1 1 1 0 0 0 1 1 1 1 0 0 0 0 32530.0 31907.0 35618.0 0 0.07748363655479282
1 0 1 1 1 0 1 1 1 1 1 0 1 1 0 1 1 0 1 0 0 1 0 0 0 0 1 1 0 1 1 1 1 1 0 1 1 0 0 0 0 1 1 0 1 1 1 1 1 1 0 1 1 1 0 0 0 1 1 0 1 1 1 1 0 0 1 1 0 1 1 0 1 0 1 1 1 1 1 1 1 1 0 1 0 0 1 0 1 0 0 0 1 1 1 1 1 0 0 0 34191.0 30839.0 35552.0 0 0.06986906882352518
1 0 1 1 1 0 1 1 1 1 1 0 1 1 0 1 1 0 1 0 1 1 0 0 1 1 1 0 0 1 1 1 1 1 0 1 0 0 0 0 0 1 1 0 1 1 1 1 1 1 0 1 0 1 0 0 0 1 1 1 1 1 1 1 0 0 0 0 0 1 1 0 1 1 0 1 1 1 1 1 1 1 1 0 0 0 1 0 1 0 0 0 1 1 1 1 1 0 1 0 35513.0 29607.0 35483.0 0 0.0469111077457592
1 0 1 1 0 0 1 1 1 1 1 1 1 1 0 1 1 1 0 0 0 1 1 0 1 1 0 0 0 1 1 1 1 1 0 1 0 1 0 0 0 1 1 1 1 1 1 1 1 1 0 1 1 1 0 0 0 0 1 0 0 1 1 1 0 0 0 1 0 1 0 0 1 0 1 1 1 1 1 1 1 1 1 1 0 0 1 1 1 1 0 0 1 1 1 1 1 0 0 0 33563.0 31929.0 35376.0 0 0.02642960298910893
1 0 1 1 1 0 1 1 1 0 1 1 1 1 0 1 1 1 0 0 0 1 1 0 1 0 0 0 0 1 1 1 1 1 0 1 0 0 0 0 0 1 1 1 1 1 1 1 1 1 0 1 1 1 0 0 0 1 1 0 0 1 1 1 0 0 0 1 0 1 1 0 1 0 1 1 1 1 1 1 1 1 1 1 0 0 1 1 1 0 0 0 1 1 1 1 1 0 0 0 32520.0 32699.0 35363.0 0 0.02548183082520416
1 0 1 1 1 0 1 1 1 1 1 1 1 1 0 1 1 1 0 0 0 1 1 0 1 0 0 0 0 1 1 1 1 1 0 1 0 0 0 0 0 1 1 1 1 1 1 1 1 1 0 1 1 1 0 0 0 0 1 0 0 1 1 1 0 0 1 1 0 1 1 0 1 0 1 1 1 1 1 1 1 1 0 1 0 0 1 1 1 0 0 0 1 1 1 1 1 0 0 0 32886.0 32720.0 35309.0 0 0.06636222884142728
1 0 1 1 1 0 1 1 1 1 1 0 1 1 0 1 1 1 0 0 0 0 1 0 1 0 0 1 0 1 1 1 1 1 0 1 1 0 0 0 0 1 1 0 1 1 1 1 1 1 0 1 0 1 0 0 0 1 1 0 1 1 1 1 0 0 1 1 0 1 1 0 1 0 1 1 1 1 1 1 1 0 0 0 0 0 1 1 0 0 1 1 1 1 1 1 1 0 1 0 34512.0 31303.0 35309.0 0 0.07224166932673791
1 0 1 1 1 0 1 1 1 0 1 1 1 1 0 1 1 1 0 0 0 1 1 0 1 1 0 0 0 1 1 1 1 1 0 1 0 1 0 0 0 1 1 1 1 1 1 1 1 1 0 1 1 1 0 0 0 0 1 0 0 1 1 1 0 0 0 1 0 1 0 0 1 0 1 1 1 1 1 1 1 1 1 1 0 0 1 1 1 0 0 0 1 1 1 1 1 0 0 0 33108.0 32476.0 35282.0 0 0.08156477261056566
1 0 1 1 1 0 1 1 1 1 1 0 1 1 0 1 0 1 0 0 0 0 1 0 1 0 0 1 0 1 1 1 1 1 0 1 1 0 0 0 0 1 1 0 1 1 1 1 1 1 0 1 1 1 0 0 0 1 1 0 1 1 1 1 0 0 1 1 0 1 1 0 1 0 1 1 1 1 1 1 1 0 0 0 0 0 1 1 0 0 1 1 1 1 1 1 0 0 1 1 34787.0 30423.0 35270.0 0 0.06675267662970928
1 0 1 1 1 0 1 1 1 1 1 1 1 1 0 1 1 1 0 0 0 1 1 0 1 0 0 0 0 1 1 1 1 1 0 1 0 0 0 0 0 1 1 1 1 1 1 1 1 1 0 1 1 1 0 0 0 0 1 0 0 1 1 1 0 0 1 1 0 1 1 0 1 0 1 1 1 1 1 1 1 1 1 0 0 0 1 0 1 0 0 0 1 1 1 1 1 0 1 0 33810.0 31925.0 35227.0 0 0.032550039353689754
1 0 1 1 1 0 1 1 1 1 1 0 1 1 0 1 1 0 1 0 0 1 0 0 1 1 1 0 0 1 1 1 1 1 0 1 0 0 0 0 0 1 1 0 1 1 1 1 1 1 0 1 0 1 0 0 0 1 1 0 1 0 1 1 0 0 0 1 0 1 1 0 1 1 0 1 1 1 1 1 1 1 0 0 0 1 1 1 1 0 0 0 1 1 1 1 1 0 1 1 35515.0 29556.0 35222.0 0 0.05112934753087055
1 0 1 1 1 0 1 1 1 1 1 0 1 1 0 1 1 1 0 0 0 1 1 0 1 0 1 0 0 1 1 1 1 1 0 1 0 0 0 0 0 1 1 0 1 1 1 1 1 1 0 1 1 1 0 0 1 1 1 0 1 1 1 1 0 0 1 0 0 1 0 0 1 0 1 1 1 1 1 1 1 1 0 1 0 0 1 1 0 0 0 0 1 1 1 1 1 0 1 0 33853.0 31383.0 35147.0 0 0.05838205359135856
1 0 1 1 1 0 1 1 1 1 1 0 1 1 0 1 1 1 0 0 0 1 1 0 1 0 1 0 0 1 1 1 0 1 0 1 0 0 0 0 0 1 1 1 1 1 1 1 1 1 0 1 1 1 0 0 0 0 1 0 0 1 1 1 0 0 1 1 0 1 1 0 1 0 1 1 1 1 1 1 1 1 0 1 0 0 1 1 1 0 0 0 1 1 1 1 0 0 1 0 34181.0 31425.0 35090.0 0 0.03667911568986452
1 0 1 1 1 0 1 1 1 0 1 1 1 1 0 1 1 1 0 0 0 1 1 0 1 1 0 0 0 1 1 1 1 1 0 1 0 0 0 0 0 1 1 1 1 1 1 1 1 1 0 1 1 1 0 0 0 0 1 0 0 1 1 1 0 0 1 1 0 1 1 0 1 0 1 1 1 1 1 1 1 1 1 0 0 0 1 0 1 0 0 0 1 1 1 1 1 0 1 0 34225.0 31927.0 35072.0 0 0.020342772838781276
1 0 1 1 1 0 1 1 1 0 1 1 1 1 0 1 1 1 0 0 0 1 1 0 1 0 0 1 0 1 1 1 1 1 0 1 1 0 0 0 0 1 1 0 1 1 1 1 1 1 0 1 1 1 0 0 0 1 1 0 0 1 1 1 0 0 1 1 0 1 1 0 1 0 1 1 1 1 1 1 1 1 0 1 0 0 1 1 1 0 0 0 1 1 1 1 0 0 0 0 33419.0 32090.0 35053.0 0 0.07298129844174403
1 0 1 1 1 0 1 1 1 1 1 0 1 1 0 1 1 1 0 0 0 1 1 0 1 0 1 0 0 1 1 1 1 1 0 1 1 0 0 0 0 1 1 0 1 1 1 1 1 1 0 1 0 1 0 0 0 1 1 0 1 1 1 1 0 0 1 1 0 1 1 0 1 0 1 1 1 1 1 1 1 1 0 1 0 0 1 0 1 0 0 0 1 1 1 1 1 0 0 0 34859.0 32140.0 35000.0 0 0.05285712323277515
1 0 1 1 1 0 1 1 1 1 1 0 1 1 0 1 1 1 0 0 0 1 1 0 1 0 0 0 0 1 1 1 1 1 0 1 0 0 0 0 0 1 1 1 1 1 1 1 1 1 0 1 1 1 0 0 0 0 1 0 0 1 1 1 0 0 1 1 0 1 1 0 1 0 1 1 1 1 1 1 1 1 0 1 1 0 1 0 1 0 0 0 1 1 1 1 1 0 0 0 32510.0 32928.0 34970.0 0 0.04671940707176251
1 0 1 1 0 0 1 1 1 1 1 1 1 1 0 1 1 1 0 0 0 1 1 0 1 1 1 0 0 1 1 1 1 1 0 1 0 0 0 0 0 1 1 0 1 1 1 1 1 1 0 1 1 1 0 0 1 1 1 0 1 1 1 1 0 0 1 1 0 1 1 0 1 1 1 1 1 1 1 1 1 0 0 0 0 0 1 0 1 0 1 0 1 1 1 1 1 0 0 0 35137.0 31205.0 34959.0 0 0.10605858854255933
1 0 1 1 1 0 1 1 1 1 1 0 1 1 0 1 1 1 0 0 0 0 1 0 1 0 0 1 0 1 1 1 1 1 0 1 1 0 0 0 0 1 1 0 1 1 1 1 1 1 0 1 1 1 0 0 0 0 1 0 0 1 1 1 0 0 1 1 0 1 1 0 1 0 1 1 1 1 1 1 1 1 0 1 0 0 1 1 1 0 0 0 1 1 1 1 1 0 0 0 33592.0 32379.0 34825.0 0 0.05755573743594212
1 1 1 1 1 0 1 1 1 1 1 0 1 1 0 1 1 1 0 0 0 0 1 0 1 0 0 1 0 1 1 1 1 1 0 1 1 0 0 0 0 1 1 0 1 1 1 1 1 1 0 1 1 1 0 0 0 1 1 0 0 1 1 1 0 0 1 1 0 1 1 0 1 0 1 1 1 1 1 1 1 1 0 1 0 0 1 0 1 0 0 0 1 1 1 1 1 0 0 0 33631.0 32598.0 34747.0 0 0.05641530183894469
1 0 1 1 1 0 1 1 1 1 1 0 1 1 0 1 1 0 1 0 1 1 0 0 1 1 1 0 0 1 1 1 1 1 0 1 0 0 0 0 0 1 1 0 1 1 1 1 1 1 0 1 0 1 0 0 0 1 1 0 1 0 1 1 0 0 0 1 0 1 1 0 1 1 0 1 1 1 1 1 1 1 0 0 0 1 1 0 1 0 0 0 1 1 1 1 1 0 1 1 35909.0 29811.0 34729.0 0 0.07234210515445957
1 0 1 1 1 1 1 1 1 0 1 1 1 1 0 1 1 1 0 0 0 1 1 0 1 0 0 0 0 1 1 1 1 1 0 1 1 0 0 0 0 1 1 0 1 1 1 1 1 1 0 1 1 1 0 0 0 1 1 0 1 1 1 1 0 0 1 1 0 1 1 0 1 0 1 1 1 1 1 1 1 1 0 1 0 0 1 0 1 0 0 0 1 1 1 1 1 0 0 0 33821.0 32617.0 34645.0 0 0.057001267841539416
1 0 1 1 1 0 1 1 1 0 1 1 1 1 0 1 1 1 0 0 0 1 1 0 1 1 0 0 0 1 1 1 1 1 0 1 0 1 0 0 0 1 1 1 1 1 1 1 1 1 0 1 1 1 0 0 0 0 1 0 0 1 1 1 0 1 1 1 0 1 1 0 1 0 1 1 1 1 1 1 1 1 0 1 0 0 1 0 1 0 0 0 1 1 1 1 1 0 0 0 33337.0 32838.0 34488.0 0 0.131008879735712
1 0 1 1 1 0 1 1 1 1 1 0 1 1 0 1 0 1 0 0 0 1 0 0 1 0 1 1 0 1 1 1 1 1 0 1 1 0 0 0 0 1 1 0 1 1 1 1 1 1 0 1 1 1 0 0 0 1 1 0 1 1 1 1 0 0 1 1 0 1 1 0 1 1 1 1 1 1 1 1 1 0 0 0 0 0 1 0 1 0 1 0 1 1 1 1 1 0 0 0 35228.0 31252.0 34345.0 0 0.07505683912612736
1 0 1 1 1 0 1 1 1 1 1 0 1 1 0 1 0 1 0 0 0 0 1 0 1 0 1 1 0 1 1 1 1 1 0 1 1 0 0 0 0 1 1 0 1 1 1 1 1 1 0 1 1 1 0 0 0 1 1 0 1 1 1 1 0 0 1 1 0 1 1 0 1 0 1 1 1 1 1 1 1 1 0 1 0 0 1 0 1 0 0 0 1 1 1 1 1 0 0 0 34925.0 32400.0 34327.0 0 0.0733844304611327
1 0 1 1 1 0 1 1 1 1 1 0 1 1 0 1 1 1 0 0 0 1 1 0 1 0 1 1 0 1 1 1 1 1 0 1 0 0 0 0 0 1 1 0 1 1 1 1 1 1 0 1 1 1 0 0 1 1 1 0 1 1 1 1 0 0 1 1 0 1 0 0 1 1 0 0 1 1 1 1 1 1 0 1 0 0 1 0 1 0 0 0 1 1 1 1 1 0 0 0 33532.0 32657.0 34191.0 0 0.0645255354291536
1 0 1 1 1 0 1 1 1 1 1 0 1 1 0 1 0 1 0 0 0 1 0 0 1 0 1 1 0 1 1 1 1 1 0 1 1 0 0 0 0 1 1 0 1 1 1 1 1 1 0 1 1 1 0 0 0 1 1 0 1 1 1 1 0 0 1 1 0 1 1 0 1 1 1 1 1 1 1 1 1 1 0 0 0 0 1 0 1 0 0 0 1 1 1 1 1 0 0 0 35748.0 31499.0 34155.0 0 0.12169720855673855
1 0 1 1 1 0 1 1 1 1 1 0 1 1 0 1 1 0 1 0 0 1 0 0 1 1 1 0 0 1 1 1 1 1 0 1 1 0 0 0 0 1 1 0 1 1 1 1 1 1 0 1 1 1 0 0 0 1 1 1 1 1 1 1 0 0 0 0 0 1 1 0 1 1 1 1 1 0 1 1 1 1 0 0 0 1 0 0 1 0 0 0 1 1 1 1 1 0 1 0 35919.0 29132.0 34137.0 0 0.10161566355939175
1 0 1 1 1 0 1 1 1 0 1 1 1 1 0 1 1 1 0 0 0 1 1 0 1 0 0 1 0 1 1 1 1 1 0 1 1 0 0 0 0 1 1 0 1 1 1 1 1 1 0 1 1 1 0 0 0 0 1 0 0 1 1 1 0 1 1 1 0 1 1 0 1 0 1 1 1 1 1 1 1 1 0 1 0 0 1 0 1 0 0 0 1 1 1 1 1 0 0 0 33687.0 33001.0 33993.0 0 0.05401302226275357
1 0 1 1 1 0 1 1 1 0 1 1 1 1 0 1 1 1 0 0 0 0 1 0 1 0 1 0 0 1 1 1 1 1 0 1 1 0 0 0 0 1 1 0 1 1 1 1 1 1 0 1 1 1 0 0 0 1 1 1 1 1 1 1 0 0 1 1 0 1 1 0 1 1 1 1 1 1 1 1 1 0 0 0 0 0 1 0 1 0 1 0 1 1 1 1 1 0 0 0 35320.0 31787.0 33937.0 0 0.060867868543296136
1 0 1 1 1 0 1 1 1 1 1 0 1 1 0 1 0 1 0 0 0 0 1 0 1 0 1 1 0 1 1 1 1 1 0 1 1 0 0 0 0 1 1 0 1 1 1 1 1 1 0 1 1 1 0 0 0 1 1 0 1 1 1 1 0 0 1 1 0 1 1 0 1 1 1 1 1 1 1 1 1 0 0 0 0 0 1 0 1 0 1 0 1 1 1 1 1 0 0 0 35078.0 31936.0 33868.0 0 0.05665801977109673
1 0 1 1 1 0 1 1 1 1 1 0 1 1 0 1 1 0 1 0 0 1 1 0 1 0 0 0 0 1 1 1 1 1 0 1 1 0 0 0 0 1 1 1 1 1 1 1 1 1 0 1 1 1 0 0 0 1 1 0 0 1 1 0 0 0 0 1 0 1 1 0 1 1 1 0 1 1 1 1 1 1 0 1 1 0 1 0 1 0 0 0 1 1 1 1 1 0 0 0 31323.0 33154.0 33839.0 0 0.13047622161462175
1 0 1 1 1 0 1 1 1 1 1 0 1 1 0 1 1 1 0 0 0 1 1 0 1 0 1 0 0 1 1 1 1 1 0 1 0 0 0 0 0 1 1 1 1 1 1 1 1 1 0 1 1 1 0 0 0 1 1 0 0 1 1 0 0 0 0 1 0 1 1 0 1 1 1 0 1 1 1 1 1 1 0 1 1 0 1 0 1 0 0 0 1 1 1 1 1 0 0 0 32023.0 33312.0 33684.0 0 0.08363562685988835
1 0 1 1 1 0 1 1 1 1 1 0 1 1 0 1 0 1 0 0 0 0 1 0 1 0 1 1 0 1 1 1 1 1 1 1 1 0 0 0 0 1 1 0 1 1 1 1 1 1 0 1 1 1 0 0 0 1 1 0 1 1 1 1 0 0 1 1 0 1 1 0 1 1 1 1 1 1 1 1 1 0 0 0 0 0 1 0 1 0 0 0 1 1 1 1 1 0 0 0 35377.0 32303.0 33671.0 0 0.08297421961101528
1 0 1 1 1 0 1 1 1 1 1 0 1 1 0 1 1 1 0 0 0 1 1 0 1 0 0 0 0 1 1 1 1 1 0 1 0 0 0 0 0 1 1 1 1 1 1 1 1 1 0 1 1 1 0 0 1 1 1 0 0 1 1 1 0 0 1 0 0 1 1 0 1 1 0 0 1 1 1 1 1 1 0 1 1 0 1 0 1 0 0 0 1 1 1 1 1 0 0 0 30778.0 33571.0 33578.0 0 1000000000000000.0
1 0 1 1 1 0 1 1 1 1 1 0 1 1 0 1 1 1 0 0 0 1 0 0 1 0 0 1 1 1 1 1 1 1 0 1 0 0 0 0 0 1 1 1 1 1 1 1 1 1 0 1 1 1 0 0 0 1 1 0 0 1 1 0 0 0 0 1 0 1 1 0 1 1 1 0 1 1 1 1 1 1 0 1 1 0 1 0 1 0 0 0 1 1 1 1 1 0 0 0 32043.0 33429.0 33531.0 0 0.11642212308808302
1 0 1 1 1 0 1 1 1 1 1 0 1 1 0 1 1 1 0 0 0 1 1 0 1 0 0 0 0 1 1 1 1 1 0 1 0 0 0 0 0 1 1 1 1 1 1 1 1 1 0 1 1 1 0 0 0 1 1 0 0 1 1 0 0 0 0 1 0 1 1 1 1 1 1 0 1 1 1 1 1 1 0 1 1 0 1 0 1 0 0 0 1 1 1 1 1 0 0 0 31901.0 33518.0 33515.0 0 0.09484582203923987
1 0 1 1 1 0 1 1 1 0 1 1 1 1 0 1 1 1 0 0 0 1 1 0 1 0 0 0 0 1 1 1 1 1 0 1 0 0 0 0 0 1 1 1 1 1 1 1 1 1 0 1 1 1 0 0 0 1 1 0 0 1 1 1 0 0 0 1 0 1 1 0 1 1 1 0 1 1 1 1 1 1 0 1 1 0 1 0 1 0 0 0 1 1 1 1 1 0 0 0 31720.0 33654.0 33332.0 0 0.10128011101719217
1 0 1 1 1 0 1 1 1 0 1 0 1 1 0 1 1 1 0 0 0 0 1 0 1 0 0 1 1 1 1 1 1 1 0 1 1 0 0 0 0 1 1 0 1 1 1 1 1 1 0 1 1 1 0 0 0 1 1 0 1 1 1 1 0 0 1 1 0 1 1 0 1 1 1 1 1 1 1 1 1 1 0 0 0 0 1 0 1 0 0 0 1 1 1 1 1 0 0 0 35043.0 32734.0 33325.0 0 0.07134272843070893
1 0 1 1 1 0 1 1 1 1 1 0 1 1 0 1 1 1 0 0 0 1 1 0 1 0 0 1 0 1 1 1 1 1 0 1 1 0 0 0 0 1 1 0 1 1 1 1 1 1 0 1 1 1 0 0 0 1 1 0 1 0 1 1 0 0 0 1 0 1 1 0 1 1 0 0 1 1 1 1 1 1 0 1 1 0 1 0 1 0 0 0 1 1 1 1 1 0 0 0 32806.0 33513.0 33170.0 0 0.1156454677686424
1 0 1 1 1 0 1 1 1 1 1 0 1 1 0 1 1 1 0 0 0 0 1 0 1 0 1 0 0 1 1 1 1 1 0 1 1 0 0 0 0 1 1 1 1 1 1 1 1 1 0 1 1 1 0 0 0 1 1 0 0 1 1 0 0 0 0 1 0 1 1 0 1 1 1 0 1 1 1 1 1 1 0 1 1 0 1 0 1 0 0 0 1 1 1 1 1 0 0 0 32455.0 33697.0 33088.0 0 0.11659512612409453
1 0 1 1 1 0 1 1 1 1 1 0 1 1 0 1 0 1 0 0 0 0 1 0 1 0 1 1 0 1 1 1 1 1 0 1 1 0 0 0 0 1 1 0 1 1 1 1 1 1 0 1 1 1 0 0 0 1 1 1 1 1 1 1 0 0 0 0 0 1 1 0 1 1 0 1 1 1 1 1 1 1 0 0 0 0 1 0 1 0 1 0 1 1 1 1 1 0 1 0 35495.0 31759.0 33069.0 0 0.09424617316063147
1 0 1 1 1 0 1 1 1 1 1 0 1 1 0 1 1 1 0 0 0 1 0 0 1 0 1 0 0 1 1 1 1 1 0 1 0 0 0 0 0 1 1 0 0 1 1 1 1 1 0 1 1 1 0 0 0 0 1 1 1 0 1 1 0 1 1 1 0 1 1 1 1 1 0 1 1 0 1 1 1 1 0 0 0 1 1 0 1 0 0 0 1 1 1 1 1 0 1 0 35977.0 29186.0 32949.0 0 0.12876644223545675
1 0 1 1 1 0 1 1 1 0 1 1 1 1 0 1 1 1 0 0 0 1 1 0 1 0 0 1 0 1 1 1 1 1 0 1 0 0 0 0 0 1 1 1 1 1 1 1 1 1 0 1 1 1 0 0 0 1 1 0 0 1 1 0 0 0 0 1 0 1 1 0 1 1 1 0 1 1 1 1 1 1 0 1 1 0 1 0 1 0 0 0 1 1 1 1 1 0 0 0 31322.0 34051.0 32839.0 0 0.1137090954326897
1 0 1 1 1 0 1 1 1 0 1 1 1 1 0 1 1 1 0 0 0 1 1 0 1 0 0 0 0 1 1 1 1 1 0 1 0 0 0 0 0 1 1 1 1 1 1 1 1 1 0 1 1 1 0 0 0 1 1 0 0 1 1 0 0 0 0 1 0 1 1 1 1 1 1 0 1 1 1 1 1 1 0 1 1 0 1 0 1 0 0 0 1 1 1 1 1 0 0 0 31622.0 33765.0 32753.0 0 0.17335511208071336
1 0 1 1 1 0 1 1 1 0 1 0 1 1 0 1 1 1 0 0 0 0 1 0 1 0 0 1 0 1 1 1 1 1 0 1 1 0 0 0 0 1 1 0 1 1 1 1 1 1 0 1 1 1 0 0 0 1 1 0 1 1 1 1 0 0 1 1 0 1 1 0 1 1 0 0 1 1 1 1 1 1 0 1 0 1 1 0 1 1 0 0 1 1 1 1 1 0 0 0 33547.0 33036.0 32579.0 0 0.08716076587874641
1 0 1 1 1 0 1 1 1 0 1 0 1 1 0 1 0 1 0 0 0 0 1 0 1 0 1 1 0 1 1 1 1 1 0 1 1 0 1 0 0 1 1 0 1 1 1 1 1 1 0 1 0 1 0 0 0 1 1 1 1 1 1 1 0 0 0 0 0 1 1 0 1 1 0 1 1 1 1 1 1 1 1 0 0 0 1 0 1 0 0 0 1 1 1 1 1 0 1 0 35573.0 32178.0 32416.0 0 0.12555686162069946
1 0 1 1 1 0 1 1 1 0 1 1 1 1 0 1 1 1 0 0 0 1 1 0 1 0 0 0 0 1 1 1 1 1 0 1 1 0 0 0 0 1 1 1 1 1 1 1 1 1 1 1 1 1 0 0 1 1 1 0 0 1 1 1 0 0 0 0 0 1 1 0 1 1 0 0 1 1 1 1 1 1 0 1 0 0 1 0 1 0 1 0 1 1 1 1 1 0 0 0 31268.0 34174.0 32231.0 0 1000000000000000.1
1 0 1 1 1 0 1 1 1 1 1 0 1 1 0 1 0 1 0 0 0 0 1 0 1 0 1 1 0 1 1 1 1 1 0 1 1 0 0 0 0 1 1 0 1 1 1 1 1 1 0 1 1 1 0 0 0 1 1 1 1 1 1 1 0 0 0 0 0 1 1 0 1 1 1 1 1 0 1 1 1 1 0 0 0 1 0 0 1 0 0 0 1 1 1 1 1 0 1 0 35885.0 30861.0 32082.0 0 0.08483256327322426
1 0 1 1 1 0 1 1 1 0 1 0 1 1 0 1 0 1 0 0 0 0 1 0 1 0 1 1 0 1 1 1 1 1 0 1 1 0 0 0 0 1 1 0 1 1 1 1 1 1 0 1 1 1 0 0 0 1 1 0 0 1 1 0 0 0 0 1 0 1 1 1 1 1 1 0 1 1 1 1 1 1 0 1 1 0 1 0 1 0 0 0 1 1 1 1 1 0 0 0 33104.0 33334.0 31981.0 0 0.08108570934839303
1 0 1 1 0 0 1 1 1 1 1 1 1 1 0 1 1 1 0 0 0 1 1 0 1 1 1 0 0 1 1 1 0 1 0 1 0 0 0 0 0 1 1 0 0 1 1 1 1 1 0 1 1 1 0 0 0 0 1 1 1 0 1 1 0 1 1 1 0 1 1 1 1 1 0 1 1 0 1 1 1 1 0 0 0 1 0 0 1 0 0 0 1 1 1 1 0 0 1 1 36576.0 28524.0 31946.0 0 2000000000000000.0
1 0 1 1 1 0 1 1 1 0 1 0 1 1 0 1 0 1 0 0 0 0 1 0 1 0 1 1 0 1 1 1 1 1 0 1 1 0 1 0 0 1 1 0 1 1 1 1 1 1 0 1 0 1 0 0 0 1 1 0 1 0 1 1 0 0 0 1 0 1 1 0 1 1 0 1 1 1 1 1 1 1 0 0 0 1 1 0 1 0 0 0 1 1 1 1 1 0 1 1 35969.0 32382.0 31662.0 0 0.06017145738782026
1 0 1 1 0 0 1 1 1 1 1 1 1 1 0 1 1 1 0 0 0 1 1 0 1 1 1 0 0 1 1 1 0 1 0 1 0 0 0 0 0 1 1 0 0 1 1 1 1 1 0 1 1 1 0 0 0 0 1 1 1 0 1 1 0 1 1 1 0 1 1 1 1 1 0 1 1 0 1 1 1 1 0 0 0 1 0 0 1 0 0 0 1 1 1 1 1 0 1 0 36264.0 29388.0 31660.0 0 1000000000000000.1
1 0 1 1 1 0 1 1 1 1 1 0 1 1 0 1 1 0 1 0 0 1 0 0 1 1 1 0 0 1 1 1 1 1 0 1 0 0 0 0 0 1 1 0 1 1 1 1 1 1 0 1 1 1 0 0 0 0 1 0 0 1 1 1 0 0 1 1 0 1 1 0 1 0 1 1 1 1 1 1 1 0 0 0 0 0 1 1 1 0 0 1 1 1 1 1 0 0 1 1 34432.0 28166.0 37176.0 1 1000000000000000.1
1 0 1 1 1 0 1 1 1 0 1 1 1 1 0 1 1 1 0 0 0 1 1 0 1 0 0 0 0 1 1 1 1 1 0 1 1 1 0 0 0 1 1 1 1 1 1 1 1 1 1 1 1 1 0 0 1 1 1 0 0 1 1 1 0 0 0 0 0 1 1 0 1 1 0 0 1 1 1 1 1 1 0 1 0 0 1 0 1 0 0 0 1 1 1 1 1 0 0 0 31137.0 34155.0 32004.0 1 1000000000000000.1
1 0 1 1 1 0 1 1 1 0 1 0 1 1 0 1 0 1 0 0 0 0 1 0 1 0 1 1 0 1 1 1 1 1 0 1 1 0 1 0 0 1 1 0 1 1 1 1 1 1 0 1 0 0 0 0 0 1 1 1 1 1 1 1 0 0 0 0 0 1 1 0 1 1 0 1 1 1 1 1 1 1 0 1 0 0 1 0 1 0 0 0 1 1 1 1 1 0 0 0 33992.0 32636.0 31038.0 1 1000000000000000.1
1 0 1 1 1 0 1 1 1 1 1 0 1 1 0 1 1 0 1 0 1 1 0 0 1 1 1 0 0 1 1 1 1 1 0 1 0 0 0 0 0 1 1 0 1 1 0 1 1 1 0 1 1 1 0 0 1 1 1 0 1 1 1 1 0 0 1 1 0 1 1 0 1 0 1 1 1 1 1 1 1 1 1 0 0 0 0 0 1 0 0 0 1 1 1 1 0 0 1 0 35049.0 28048.0 35711.0 1 1000000000000000.0
1 0 1 1 0 0 1 1 1 1 1 0 1 1 0 1 1 1 0 0 0 1 0 0 1 0 1 0 0 1 1 1 1 1 0 1 0 0 0 0 0 1 1 0 0 1 1 1 1 1 0 1 1 1 0 0 0 0 1 1 1 0 1 1 0 1 1 1 0 1 1 1 1 1 0 1 1 0 1 1 1 1 0 0 0 1 1 1 1 0 0 0 1 1 1 1 1 0 1 0 35878.0 28353.0 32966.0 1 1000000000000000.0
1 0 1 1 1 0 1 1 1 1 1 0 1 1 0 1 1 1 0 0 0 1 1 0 1 0 0 0 0 1 1 1 1 1 0 1 0 0 0 0 0 1 1 1 1 1 1 1 1 1 0 1 1 1 0 0 0 1 1 0 0 1 1 0 0 0 1 0 0 1 1 0 1 1 0 0 1 1 1 1 1 1 0 1 1 0 1 0 1 0 0 0 1 1 1 1 1 1 0 0 30153.0 33509.0 32819.0 1 1000000000000000.0
1 0 1 1 1 0 1 1 1 0 1 1 1 1 0 1 1 1 0 0 0 1 1 0 1 0 0 0 0 1 1 1 1 1 0 1 0 0 0 0 0 1 1 1 1 1 1 1 1 1 0 1 1 1 0 0 1 1 1 0 0 1 1 0 0 0 1 1 0 1 1 0 1 1 0 0 1 1 1 1 1 1 0 1 1 0 1 0 1 0 0 0 1 1 1 1 1 0 0 0 30580.0 33878.0 32732.0 1 0.2798875805129444
1 0 1 1 1 0 1 1 1 1 1 0 1 1 0 1 1 0 1 0 0 1 0 0 1 1 1 0 0 1 1 1 1 1 0 1 0 0 0 0 0 1 1 0 1 1 1 1 1 1 0 1 1 1 0 0 1 1 1 0 1 1 1 1 0 0 1 1 0 1 1 0 1 0 1 1 1 1 1 1 1 1 1 0 0 0 0 0 1 0 0 0 1 1 1 1 0 0 1 0 34826.0 28517.0 36194.0 1 0.20116449265009928
1 0 1 1 1 0 1 1 1 1 1 0 1 1 0 1 1 1 0 0 0 1 1 0 1 0 0 0 0 1 1 1 1 1 0 1 0 0 0 0 0 1 1 1 1 1 1 1 1 1 0 1 1 1 0 0 0 1 1 0 0 0 1 1 0 0 1 1 0 1 1 0 1 0 1 1 1 1 1 1 1 1 1 1 0 0 1 1 1 0 0 0 1 1 1 1 0 0 0 0 32396.0 31600.0 35464.0 1 0.19743951102346138
1 0 1 1 1 0 1 1 1 1 1 0 1 1 0 1 1 1 0 0 0 1 1 0 1 0 0 0 0 1 1 1 1 1 0 1 0 0 0 0 0 1 1 1 1 1 1 1 1 1 0 1 1 1 0 0 1 1 1 0 1 0 1 1 0 0 1 1 0 1 1 0 1 0 0 0 1 1 1 1 1 1 0 1 1 0 1 0 1 0 0 0 1 1 1 1 1 0 0 0 31406.0 33087.0 33612.0 1 0.18981815613414935
1 0 1 1 1 0 1 1 1 1 1 0 1 1 0 1 1 1 0 0 0 1 1 0 1 0 0 0 0 1 1 1 1 1 0 1 0 0 0 0 0 1 1 1 1 1 1 1 1 1 0 1 1 1 0 0 0 0 1 0 0 1 1 1 0 0 1 1 0 1 1 0 1 0 1 1 1 1 1 1 1 1 0 1 0 0 1 1 1 0 0 0 1 1 1 1 1 0 0 0 32735.0 32359.0 35195.0 1 0.18036150834502762
1 0 1 1 1 0 1 1 1 1 1 0 1 1 0 1 0 1 0 0 0 0 1 0 1 0 1 1 0 1 1 1 1 1 0 1 1 0 0 0 0 1 1 0 1 1 1 1 1 1 0 1 1 1 0 0 0 1 1 0 1 1 1 1 0 0 1 1 0 1 1 0 1 1 1 1 1 1 1 1 1 0 0 0 0 0 1 0 1 0 0 0 1 1 1 1 1 0 0 0 34926.0 31910.0 33455.0 1 0.16389175317095825
1 0 1 1 1 0 1 1 1 1 1 1 1 1 0 1 1 1 0 0 0 1 1 0 1 0 0 0 0 1 1 1 1 1 0 1 1 1 0 0 0 1 1 0 1 1 1 1 1 1 0 1 1 1 0 0 0 1 1 0 1 0 1 1 0 0 0 1 0 1 1 0 1 1 0 0 1 1 1 1 1 1 0 1 1 0 1 0 1 0 0 0 1 1 1 1 1 0 0 0 32516.0 33339.0 33036.0 1 0.15845511618747443
1 0 1 1 0 0 1 1 1 1 1 1 1 1 0 1 1 1 0 0 0 1 1 0 1 1 1 0 0 1 1 1 0 1 0 1 0 0 0 0 0 1 1 0 0 1 1 1 1 1 0 1 1 1 0 0 0 0 1 1 1 0 1 1 0 1 1 1 0 1 1 1 1 1 0 1 1 0 1 1 1 1 0 0 0 1 0 0 1 0 0 0 1 1 1 1 1 1 0 0 35820.0 29893.0 31482.0 1 0.1549750270124673
1 0 1 1 1 0 1 1 1 1 1 0 1 1 0 1 1 0 1 0 0 1 0 0 1 1 1 0 0 1 1 1 1 1 0 1 0 0 0 0 0 1 1 0 1 1 1 1 1 1 0 1 1 1 0 0 0 0 1 0 0 1 1 0 0 0 1 1 0 1 1 0 1 0 1 1 1 1 1 1 1 0 0 1 1 0 1 0 1 0 0 1 1 1 1 1 1 0 0 0 32161.0 30332.0 35843.0 1 0.15365003980410336
1 0 1 1 1 0 1 1 1 1 1 0 1 1 0 1 1 0 1 0 0 1 0 0 1 1 1 0 0 1 1 1 1 1 0 1 1 0 0 0 0 1 1 0 1 1 1 1 1 1 0 1 1 1 0 0 0 1 1 0 0 1 1 1 0 0 1 1 0 1 1 0 1 0 1 1 1 1 1 1 1 1 0 1 0 0 1 1 1 0 0 0 1 1 1 1 0 0 0 0 34149.0 29758.0 36800.0 1 0.15091845142320287
1 0 1 1 1 0 1 1 1 0 1 1 1 1 0 1 1 1 0 0 0 1 0 0 1 0 1 0 0 1 1 1 1 1 0 1 0 0 0 0 0 1 1 0 0 1 1 1 1 1 0 1 1 1 0 0 0 0 1 1 1 0 1 1 0 1 1 1 0 1 1 1 1 1 0 1 1 0 1 1 1 1 0 0 0 1 1 0 1 0 0 0 1 1 1 1 1 0 1 0 35698.0 29433.0 32187.0 1 0.14805236337957864
1 0 1 1 1 0 1 0 1 1 1 0 1 1 0 1 1 0 1 0 0 1 0 0 1 0 1 0 0 1 1 1 1 1 1 1 0 0 0 0 0 1 1 0 1 1 1 1 1 1 0 1 1 1 0 0 1 1 1 0 1 1 1 1 0 0 1 1 0 1 0 0 1 0 1 1 1 1 1 1 1 1 0 0 0 1 1 1 1 0 0 0 1 1 1 1 1 0 1 0 34406.0 29130.0 36046.0 1 0.14786309173003842
1 0 1 1 0 0 1 1 1 1 1 1 1 1 0 1 1 1 0 0 0 1 0 0 1 1 1 0 0 1 1 1 1 1 0 1 0 0 0 0 0 1 1 0 1 1 1 1 1 1 0 1 1 1 0 0 1 1 1 0 0 1 1 1 0 0 1 1 0 1 1 0 1 0 1 1 1 1 1 1 1 1 1 1 0 0 1 1 1 0 0 0 1 1 1 1 0 0 0 0 34292.0 29909.0 36508.0 1 0.14701250226459434
1 0 1 1 0 0 1 1 1 1 1 1 1 1 0 1 1 1 0 0 0 1 1 0 1 1 1 0 0 1 1 1 1 1 0 1 1 0 0 0 0 1 1 0 1 1 1 1 1 1 0 1 1 1 0 0 0 1 1 0 1 0 1 1 0 0 0 1 0 1 1 0 1 1 0 0 1 1 1 1 1 1 0 1 1 0 1 0 1 0 0 0 1 1 1 1 1 0 0 0 33848.0 32645.0 33151.0 1 0.14642765135074162
1 0 1 1 1 0 1 1 1 1 1 0 1 1 0 1 1 1 0 0 0 1 1 0 1 0 1 0 0 1 1 1 1 1 0 1 0 0 0 0 0 1 1 1 1 1 1 1 1 1 0 1 1 1 0 0 0 0 1 0 1 1 1 1 0 0 1 1 0 1 1 0 1 1 1 1 1 1 1 1 1 1 0 0 0 0 1 0 1 0 0 0 1 1 1 1 1 0 0 0 34818.0 32214.0 34244.0 1 0.14067821886053
1 0 1 0 1 0 1 1 1 1 1 0 1 1 0 1 1 1 0 0 0 1 1 0 1 0 0 1 0 1 1 1 1 1 0 1 1 0 0 0 0 1 1 0 1 1 1 1 1 1 0 1 1 1 0 0 0 1 1 0 1 0 1 1 0 0 0 1 0 1 1 0 1 0 1 1 1 1 1 1 1 1 1 1 0 0 1 1 1 0 0 0 1 1 1 1 0 0 0 0 33636.0 31165.0 34566.0 1 0.13914862961294516
1 0 1 1 1 0 1 1 1 1 1 0 1 1 0 1 1 0 1 0 0 1 0 0 1 1 1 0 0 1 1 1 1 1 0 1 1 0 0 0 0 1 1 0 1 1 1 1 1 1 0 1 1 1 0 0 0 1 1 1 1 1 1 1 0 0 0 0 0 1 1 0 1 1 1 1 1 0 1 1 1 1 0 0 0 1 0 0 1 0 1 0 1 1 1 1 1 0 0 0 35167.0 29148.0 33978.0 1 0.13857252499221565
1 0 1 1 1 0 1 1 1 1 1 0 1 1 0 1 0 1 0 0 0 0 1 0 1 0 1 1 0 1 1 1 1 1 0 1 1 0 0 0 0 1 1 0 1 1 1 1 1 1 0 1 1 1 0 0 0 0 1 1 1 0 0 1 0 1 1 1 0 1 1 0 1 1 1 1 1 1 1 1 1 1 0 0 0 0 1 0 1 0 0 0 1 1 1 1 1 0 0 0 35479.0 31433.0 31828.0 1 0.1348546710448235
1 0 1 1 1 0 1 1 1 0 1 1 1 1 0 1 1 1 0 0 0 1 1 0 1 0 1 1 0 1 1 1 1 1 0 1 0 0 0 0 0 1 1 0 1 1 1 1 1 1 0 1 1 1 0 0 1 1 1 0 1 1 1 1 0 0 1 1 0 1 0 0 1 1 0 0 1 1 1 1 1 1 0 1 0 0 1 0 1 0 0 0 1 1 1 1 1 0 0 0 33253.0 32904.0 33429.0 1 0.13357534738245172
1 0 1 1 1 0 1 1 1 0 1 1 1 1 0 1 1 1 0 0 0 1 1 0 1 0 1 0 0 1 1 1 1 1 0 1 1 0 0 0 0 1 1 0 1 1 1 1 1 1 0 1 1 1 0 0 0 1 1 1 1 1 1 1 0 0 0 0 0 1 1 0 1 1 1 1 1 0 1 1 1 1 0 0 0 1 0 0 1 0 0 0 1 1 1 1 1 0 1 0 35611.0 30972.0 32473.0 1 0.12693244985472962
1 0 1 1 1 0 1 1 1 0 1 1 1 1 0 1 1 1 0 0 0 1 0 0 1 0 0 1 1 1 1 1 1 1 0 1 0 0 0 0 0 1 1 1 1 1 1 1 1 1 0 1 1 1 0 0 0 1 1 0 0 1 1 0 0 0 0 1 0 1 1 0 1 1 1 0 1 1 1 1 1 1 0 1 1 0 1 0 1 0 0 0 1 1 1 1 1 0 0 0 31764.0 33676.0 32769.0 1 0.12006822923359896
1 0 1 1 1 0 1 1 1 1 1 0 1 0 0 1 1 0 1 0 0 1 0 0 1 0 1 0 0 1 1 1 1 1 0 1 0 0 0 0 0 1 1 0 1 1 1 1 1 1 0 1 1 1 0 0 1 1 1 0 1 1 1 1 0 0 1 1 0 1 1 0 1 0 1 1 1 1 1 1 1 1 0 1 1 0 1 0 1 0 0 0 1 1 1 1 1 0 0 0 32968.0 30259.0 35766.0 1 0.11773741874942742
1 0 1 1 1 0 1 1 1 0 1 0 1 1 0 1 1 1 0 0 0 0 1 0 1 0 1 0 0 1 1 1 1 1 0 1 1 0 0 0 0 1 1 1 1 1 1 1 1 1 0 1 1 1 0 0 0 1 1 0 0 1 1 0 0 0 0 1 0 1 1 0 1 1 1 0 1 1 1 1 1 1 0 1 1 0 1 0 1 0 0 0 1 1 1 1 1 0 0 0 32025.0 33583.0 32212.0 1 0.11760877325412916
1 0 1 1 0 0 1 1 1 1 1 1 1 1 0 1 1 1 0 0 0 1 0 0 1 1 1 0 0 1 1 1 1 1 0 1 0 0 0 0 0 1 1 0 1 1 1 1 1 1 0 1 1 1 0 0 0 1 1 0 1 1 1 1 0 0 1 1 0 1 1 0 1 1 1 1 1 1 1 1 1 0 0 1 0 0 1 0 1 0 0 0 1 1 1 1 1 0 0 0 34581.0 30685.0 34692.0 1 0.11614359530486792
1 0 1 1 1 0 1 1 1 1 1 0 1 1 0 1 0 1 0 0 0 0 1 0 1 0 1 0 0 1 1 1 1 1 0 1 0 0 0 0 0 1 1 0 0 1 1 1 1 1 0 1 1 1 0 0 0 0 1 1 1 0 1 1 0 1 1 1 0 1 1 1 1 1 0 1 1 0 1 1 1 1 0 0 0 1 1 0 1 0 0 0 1 1 1 1 1 0 1 0 35719.0 29730.0 31667.0 1 0.11167331284258983
1 0 1 1 1 0 1 1 1 1 1 0 1 1 0 1 0 1 0 0 0 1 1 0 1 0 0 0 0 1 1 1 1 1 0 1 1 1 0 0 0 1 1 1 1 1 1 1 1 1 1 1 1 1 0 0 1 1 1 0 0 1 1 1 0 0 0 0 0 1 1 0 1 1 0 0 1 1 1 1 1 1 0 1 0 0 1 0 1 0 0 0 1 1 1 1 1 0 0 0 31308.0 33768.0 31961.0 1 0.1062813340010296
1 0 1 1 0 0 1 1 1 1 1 1 1 1 0 1 1 1 0 0 0 1 1 0 1 1 1 0 0 1 1 1 1 1 0 1 0 0 0 0 0 1 1 0 1 1 1 1 1 1 0 1 1 1 0 0 1 1 1 0 1 1 1 1 0 0 0 1 0 1 1 0 1 1 1 1 1 1 1 1 1 0 0 0 0 0 1 0 1 0 1 0 1 1 1 1 1 0 0 0 34843.0 31106.0 34303.0 1 0.10153041206102774
