0 1 0 1 1 1 1 1 1 0 0 0 1 1 1 1 0 1 1 1 1 0 0 1 1 0 1 0 1 1 0 1 1 0 1 0 1 1 1 1 15324.0 13785.0 15351.0 17477.0 0 1000000000000000.1
0 1 0 0 1 1 1 1 1 0 0 1 1 1 1 1 0 1 1 1 1 0 1 1 1 0 1 0 1 1 0 1 1 0 1 0 1 1 0 1 15394.0 13121.0 14695.0 17435.0 0 0.25471027942484126
0 1 0 1 1 1 1 1 1 0 0 0 1 1 1 1 0 1 1 1 1 1 0 1 1 0 1 0 0 1 0 1 1 0 1 0 1 1 1 1 15539.0 13014.0 15646.0 17347.0 0 0.10170234178372961
0 1 0 1 1 1 1 1 1 0 0 1 1 1 1 1 0 1 1 1 1 1 0 1 1 0 1 0 0 1 0 1 1 0 1 0 1 1 0 1 16052.0 12961.0 15180.0 17324.0 0 0.2848451723258899
1 1 0 0 1 1 1 1 1 0 0 0 1 1 1 1 0 1 1 1 1 1 0 1 1 0 1 0 0 1 0 1 1 1 1 0 1 1 0 1 16552.0 12416.0 14895.0 17323.0 0 0.2126899277813139
1 1 0 1 1 1 1 1 1 0 0 0 1 1 1 1 0 1 1 1 1 0 0 1 1 0 1 0 0 1 0 1 1 0 1 0 1 1 1 1 15705.0 13437.0 15780.0 17240.0 0 0.13638880934137787
1 1 0 0 1 1 1 1 1 0 0 1 1 1 1 1 0 1 1 1 1 0 0 1 1 0 1 0 1 1 0 1 1 0 1 0 1 1 1 1 16360.0 13555.0 15648.0 17211.0 0 0.13986805472585379
0 1 0 1 1 1 1 1 1 0 0 1 0 1 1 1 0 1 1 1 1 0 0 1 1 0 1 0 1 1 0 1 1 0 1 0 1 1 1 1 15563.0 13815.0 15578.0 17133.0 0 0.15644324096085643
1 1 0 0 0 1 1 1 1 0 0 1 1 1 1 1 0 1 1 1 1 1 0 1 1 0 1 0 0 1 0 1 1 1 1 0 1 1 1 1 16902.0 12350.0 16195.0 17096.0 0 0.2204655103074307
0 1 0 1 1 1 1 1 1 0 0 1 1 1 1 1 0 1 1 1 1 1 1 1 0 0 1 0 0 1 0 1 1 0 1 0 1 1 1 1 15524.0 12653.0 16140.0 17081.0 0 0.10436744645327885
1 1 0 0 1 1 1 1 1 0 0 1 1 1 1 1 0 1 1 1 1 1 0 1 1 0 1 0 0 1 0 1 1 0 1 0 1 1 1 1 16575.0 12784.0 15943.0 17081.0 0 0.10455776450975404
0 1 0 1 1 1 1 1 1 0 0 1 1 1 1 1 0 1 1 1 1 1 0 1 0 0 1 0 1 1 0 1 1 0 1 0 1 1 1 1 15898.0 13128.0 15678.0 17045.0 0 0.09471031806785572
0 1 0 1 1 1 1 1 1 0 0 1 1 1 1 1 0 1 1 0 1 0 0 1 1 0 1 0 1 1 0 1 1 0 1 0 1 1 0 1 15648.0 13627.0 14492.0 17030.0 0 0.12200748200238405
1 1 0 0 1 1 1 1 1 0 0 1 1 1 1 1 0 1 1 0 1 1 0 1 1 0 1 0 1 1 0 1 1 0 1 0 1 1 0 1 16625.0 13232.0 14866.0 17028.0 0 0.15013436435494518
0 1 0 0 1 1 1 1 0 0 0 1 1 1 1 1 0 1 1 1 1 1 0 1 1 0 1 0 1 1 0 1 1 1 1 0 1 1 1 1 16940.0 12461.0 15857.0 16964.0 0 0.15125287628768086
0 1 0 1 1 1 1 1 1 0 0 1 1 1 1 1 0 1 1 0 1 1 0 1 1 0 1 0 0 1 0 1 1 0 1 0 1 1 1 1 16074.0 13163.0 15773.0 16949.0 0 0.12003831734050206
1 1 0 0 1 1 1 1 1 0 0 1 1 1 1 1 1 1 1 1 1 0 0 1 1 0 1 0 0 1 0 1 1 0 1 0 1 1 1 1 16507.0 13351.0 15880.0 16913.0 0 0.13497940610990566
0 1 0 1 1 1 1 1 1 0 0 1 1 1 1 1 0 1 1 1 1 0 0 1 1 0 1 0 1 1 0 0 1 0 1 0 1 1 1 1 15767.0 13668.0 15838.0 16901.0 0 0.06534159879987982
1 1 0 1 1 1 1 1 1 0 0 1 0 1 1 1 0 1 1 1 1 0 0 1 1 0 1 0 0 1 0 1 1 0 1 0 1 1 1 1 15944.0 13467.0 16007.0 16896.0 0 0.11156696484621148
0 1 0 1 1 0 1 1 1 0 0 1 1 1 1 1 0 1 1 1 1 1 0 1 1 0 1 0 0 1 0 1 1 1 1 0 1 1 1 1 16373.0 12757.0 16474.0 16877.0 0 0.11455749010306367
1 1 0 0 1 1 1 1 1 0 0 1 1 1 1 1 0 1 1 1 1 0 0 1 1 0 1 0 0 1 1 1 1 0 1 0 1 1 1 1 16786.0 13287.0 15792.0 16868.0 0 0.14882933674070467
1 1 0 0 1 1 1 1 0 0 0 1 1 1 1 1 0 1 1 1 1 1 0 1 1 0 1 0 1 1 0 1 1 0 1 0 1 1 1 1 16859.0 12780.0 16130.0 16830.0 0 0.08888592001822125
1 1 0 1 1 0 1 1 1 0 0 1 1 1 1 1 0 1 1 1 1 1 0 1 1 0 1 0 0 1 0 1 1 0 1 0 1 1 1 1 16292.0 13076.0 16747.0 16743.0 0 0.1420366645324227
1 1 0 0 1 1 1 1 0 0 0 1 1 1 1 1 0 1 1 1 1 1 0 1 1 0 1 0 0 1 0 1 1 1 1 0 1 1 1 1 17321.0 12113.0 16286.0 16727.0 0 1000000000000000.1
0 1 0 1 1 1 1 1 1 0 0 0 0 1 1 1 0 1 0 1 1 0 1 1 1 0 1 0 1 1 0 1 1 0 1 0 1 1 1 1 14161.0 13733.0 15816.0 16718.0 0 1000000000000000.0
0 1 0 1 1 1 1 1 1 0 0 1 1 1 1 1 0 1 0 1 1 0 0 1 1 0 1 0 1 1 0 1 1 0 1 0 1 1 1 1 15294.0 13826.0 15865.0 16658.0 0 0.12390349652506824
1 1 0 1 1 0 1 1 1 0 0 1 0 1 1 1 0 1 1 1 1 0 1 1 1 0 1 0 0 1 0 1 1 0 1 0 1 1 1 1 15218.0 13148.0 16621.0 16539.0 0 0.16823126713300854
1 1 0 1 1 0 1 1 1 0 0 1 0 1 1 1 0 1 1 1 1 0 0 1 1 0 1 0 1 1 0 1 1 0 1 0 1 1 1 1 15592.0 13623.0 16159.0 16503.0 0 0.1015240069444782
1 1 0 0 1 1 1 1 0 0 0 1 1 1 1 1 0 1 1 1 1 1 0 1 1 0 1 0 0 1 1 1 1 0 1 0 1 1 1 1 17285.0 12512.0 16274.0 16487.0 0 0.16974776365130062
1 1 0 0 1 1 1 1 1 0 0 1 1 1 1 1 0 1 1 0 1 1 0 1 1 0 1 0 1 1 0 0 1 0 1 0 1 1 1 1 16555.0 13168.0 15819.0 16475.0 0 0.05738828130940656
1 1 0 0 1 1 1 1 1 0 0 1 1 1 1 1 1 1 1 1 1 0 0 1 1 0 1 0 1 1 0 1 1 0 1 0 1 0 0 1 16069.0 13732.0 14218.0 16440.0 0 1000000000000000.0
1 1 0 0 1 1 1 1 0 0 0 1 1 1 1 1 0 1 1 0 1 0 0 1 1 0 1 0 1 1 0 1 1 1 1 0 1 1 1 1 16917.0 12779.0 15598.0 16433.0 0 0.10038568497853328
1 1 0 1 1 0 1 1 1 0 0 1 1 1 1 1 0 1 1 1 1 0 0 1 1 0 1 0 1 1 0 0 1 0 1 0 1 1 1 1 15796.0 13476.0 16419.0 16271.0 0 0.17257345700208587
0 1 0 1 1 1 1 1 1 0 0 1 0 1 1 1 0 1 0 0 1 0 0 1 1 0 1 0 1 1 0 1 1 1 1 0 1 1 1 1 15532.0 13690.0 15637.0 16181.0 0 0.13340591961154202
1 1 0 0 1 0 1 1 0 0 0 1 1 1 1 1 1 1 1 1 1 1 0 1 1 0 1 0 0 1 0 1 1 1 1 0 1 1 1 1 17116.0 12065.0 16670.0 16036.0 0 1000000000000000.1
1 1 0 1 1 0 1 1 1 0 0 1 1 1 1 1 0 1 0 1 1 0 0 1 1 0 1 0 1 1 0 1 1 0 1 0 1 1 1 1 15323.0 13634.0 16446.0 16028.0 0 0.06477100613332953
1 1 0 1 1 1 1 1 1 0 0 1 0 1 1 1 0 1 0 0 1 0 0 1 1 0 1 0 0 1 0 1 1 1 1 0 1 1 1 1 15913.0 13342.0 16066.0 15944.0 0 0.11498554638940803
1 1 0 1 1 0 1 1 0 0 0 1 1 1 1 1 0 1 1 1 1 1 0 1 1 0 1 0 1 1 0 0 1 0 1 0 1 1 1 1 16295.0 12701.0 16901.0 15890.0 0 0.19255726964783745
1 1 0 0 1 0 1 1 1 0 0 1 1 1 1 1 0 1 1 0 1 1 0 1 1 0 1 0 1 1 1 0 1 0 1 0 1 1 1 1 16629.0 13056.0 16115.0 15739.0 0 0.17760374613771912
1 1 0 1 1 0 1 1 1 0 0 1 1 1 1 1 0 1 1 1 1 0 0 1 1 0 1 0 1 1 0 0 0 1 1 0 1 1 1 1 16059.0 13212.0 15957.0 15675.0 0 0.09314093274675975
1 1 0 1 1 0 1 1 0 0 0 1 1 1 1 1 0 1 0 1 1 1 0 1 1 0 1 0 1 1 0 1 1 0 1 0 1 1 1 1 15822.0 12859.0 16928.0 15647.0 0 0.21306693577671565
1 1 0 1 1 0 1 1 1 0 0 1 0 1 1 1 0 1 0 0 1 0 0 1 1 0 1 0 1 1 0 1 1 1 1 0 1 1 1 1 15561.0 13498.0 16218.0 15551.0 0 0.1397799172342385
1 1 0 1 1 1 1 1 1 0 0 1 0 1 1 1 0 1 0 0 1 0 0 1 1 0 1 0 1 1 0 0 1 0 1 0 1 1 1 1 15170.0 13638.0 15877.0 15445.0 0 0.13382708101580199
1 1 0 1 1 0 1 1 0 0 0 1 1 1 1 1 0 1 0 1 1 1 0 1 1 0 1 0 0 1 1 1 1 0 1 0 1 1 1 1 16248.0 12591.0 17072.0 15304.0 0 1000000000000000.2
1 1 0 1 1 1 1 0 1 0 0 1 0 1 0 1 0 1 1 0 1 0 0 1 1 0 1 0 1 1 0 1 1 0 1 0 1 1 1 1 15125.0 13861.0 14482.0 15220.0 0 0.38177810513152405
1 1 0 1 1 1 1 1 1 0 0 1 0 1 0 1 0 1 0 0 1 0 0 1 1 0 1 0 1 1 0 1 1 0 1 0 1 1 1 1 15349.0 13872.0 15337.0 15210.0 0 1000000000000000.0
1 1 0 1 1 0 1 1 1 0 0 1 0 1 1 1 0 1 0 0 1 1 0 1 1 0 1 0 0 1 1 1 1 0 1 0 1 1 1 1 15740.0 13126.0 16501.0 15181.0 0 0.10871897904585688
1 1 0 1 1 0 1 1 1 0 0 1 0 1 1 1 0 1 0 0 1 0 1 1 1 0 1 0 1 1 0 0 1 0 1 0 1 1 1 1 14444.0 13319.0 16491.0 15088.0 0 0.3921153578416048
1 1 0 0 1 1 1 1 0 0 0 1 1 1 1 1 0 1 0 0 1 1 0 1 1 0 1 0 1 1 1 0 1 0 1 0 1 1 1 1 16511.0 12683.0 16144.0 15036.0 0 0.27055062497163557
1 1 0 1 1 0 1 1 1 0 0 1 0 1 0 1 0 1 0 0 1 1 0 1 1 0 1 0 1 1 0 0 1 1 1 0 1 1 1 1 15843.0 13079.0 16209.0 14402.0 0 1000000000000000.0
0 1 0 1 0 1 1 1 1 0 0 0 1 1 1 1 0 1 1 1 1 1 0 1 1 0 1 0 0 1 0 1 1 1 1 0 1 1 0 1 15655.0 12273.0 14912.0 17313.0 1 1000000000000000.1
1 1 0 1 0 0 1 1 0 0 0 1 1 1 1 1 0 1 1 1 1 1 0 1 1 0 1 0 1 1 0 1 1 0 1 0 1 1 1 1 15991.0 12445.0 16728.0 16190.0 1 1000000000000000.1
1 1 0 1 0 0 1 1 0 0 0 1 1 1 1 1 0 1 1 1 1 1 0 1 1 0 1 0 0 0 0 1 1 1 1 0 1 1 1 1 16012.0 11281.0 16683.0 15125.0 1 1000000000000000.1
1 1 0 0 0 1 1 1 1 0 0 0 1 1 1 1 0 1 1 1 1 0 1 1 1 0 1 0 1 1 0 1 1 0 1 0 0 1 1 1 14413.0 12162.0 15078.0 17209.0 1 1000000000000000.0
0 1 0 1 1 1 1 0 1 0 0 1 1 1 1 1 0 1 1 1 1 0 0 1 1 0 1 0 1 1 0 1 1 0 1 0 1 1 1 1 15070.0 13815.0 15010.0 16668.0 1 1000000000000000.0
0 1 0 1 1 1 1 1 1 0 0 1 1 1 1 1 0 1 1 0 1 1 0 1 1 0 1 0 1 1 0 1 1 0 1 0 1 0 0 1 15636.0 13544.0 14111.0 16476.0 1 1000000000000000.0
1 0 0 0 1 1 1 1 0 0 0 1 1 1 1 1 0 1 1 1 1 1 0 1 1 0 1 0 1 1 0 0 1 1 1 0 1 1 1 1 17282.0 11642.0 15836.0 15593.0 1 1000000000000000.0
1 1 0 1 1 0 1 1 1 0 0 1 0 1 1 1 0 1 0 1 1 1 0 1 1 0 1 0 0 0 1 1 1 0 1 0 1 1 1 1 15488.0 12734.0 16693.0 14643.0 1 1000000000000000.0
1 1 0 0 1 1 1 1 0 0 0 1 1 1 1 1 0 1 1 1 1 1 0 1 1 0 1 0 0 1 0 0 1 1 1 0 1 1 1 1 17040.0 11742.0 16253.0 16125.0 1 0.2744842203326309
0 1 0 0 1 1 1 0 1 1 0 1 1 1 1 1 0 1 1 1 1 0 0 1 1 0 1 0 1 1 0 1 1 0 1 0 1 1 1 1 15386.0 13378.0 14261.0 16966.0 1 0.2526391398642496
1 1 0 0 1 1 1 1 1 0 0 1 1 1 1 0 0 1 1 0 1 1 0 1 1 0 1 0 1 1 0 1 1 0 1 0 1 1 0 1 15815.0 13194.0 14573.0 16869.0 1 0.2318446700796968
1 1 0 0 1 1 1 1 0 0 0 1 1 1 1 1 0 1 1 0 1 1 0 1 1 0 1 0 1 0 1 0 1 0 1 0 1 1 1 1 16824.0 12399.0 15949.0 14919.0 1 0.2041694907632348
1 1 0 0 0 1 1 1 0 0 0 1 1 1 1 1 0 1 1 1 1 1 0 1 1 0 1 0 0 1 0 1 1 1 1 0 1 1 1 1 16736.0 11486.0 16080.0 16425.0 1 0.19215714392328517
1 1 0 1 1 0 1 1 1 0 0 1 0 1 1 1 0 1 0 1 1 1 0 1 1 0 1 0 1 1 0 1 0 1 1 0 1 1 1 1 15766.0 13235.0 16288.0 15352.0 1 0.19045218885317333
0 1 0 1 1 1 1 1 1 0 0 1 0 1 0 1 0 1 1 1 1 0 0 1 1 0 1 0 1 1 0 1 1 0 1 0 1 1 1 1 15461.0 13678.0 15005.0 16296.0 1 0.1901605796831559
1 1 0 0 1 1 1 1 0 0 0 1 1 1 1 1 0 1 1 0 1 1 0 1 1 0 1 0 1 1 0 1 0 1 1 0 1 1 1 1 16933.0 12411.0 15275.0 15810.0 1 0.17778802977770236
1 1 0 0 0 1 1 1 1 0 0 0 1 1 1 1 0 1 1 1 1 0 1 1 1 0 1 0 1 1 0 1 1 0 1 0 1 1 0 1 14916.0 12752.0 14700.0 17290.0 1 0.16922471626145386
0 1 0 1 1 1 1 1 1 0 0 0 0 1 1 1 0 1 1 1 1 0 1 1 1 0 1 0 0 1 0 1 1 0 1 0 1 1 1 1 14465.0 13086.0 15520.0 17143.0 1 0.16329716965191426
1 1 0 0 1 1 1 1 1 0 0 1 1 1 1 1 0 1 1 0 1 1 0 1 1 0 1 0 1 0 1 0 1 0 1 0 1 0 1 1 16313.0 13091.0 15086.0 14746.0 1 0.1521112469980154
0 1 0 1 1 1 1 1 1 0 0 0 0 1 1 1 0 1 0 1 1 0 1 1 1 0 1 0 0 1 0 1 1 1 1 0 1 1 1 1 14623.0 13066.0 15972.0 16615.0 1 0.14768452588550746
1 1 0 1 1 0 1 1 0 0 0 1 1 1 1 1 0 1 1 1 1 1 0 1 1 0 1 0 0 1 0 1 1 0 1 0 1 1 1 1 16126.0 12212.0 16632.0 16072.0 1 0.14628883451260769
0 1 0 0 1 1 1 1 0 0 0 1 1 1 1 1 0 1 1 1 1 1 0 1 1 0 1 0 0 1 0 1 1 1 1 0 1 1 1 1 16490.0 11601.0 15555.0 16544.0 1 0.14488679628795464
1 1 0 1 1 0 1 1 1 0 0 1 0 1 1 1 0 1 0 1 0 1 0 1 1 0 1 0 1 1 0 1 1 0 1 0 1 1 1 1 15113.0 13093.0 16395.0 15017.0 1 0.1394521193009864
1 1 0 0 1 1 1 1 1 0 0 0 1 1 1 1 0 1 1 0 1 1 0 1 1 0 1 0 1 1 0 1 0 1 1 0 1 1 1 1 16375.0 13021.0 14870.0 16455.0 1 0.13943412879204553
0 1 0 1 1 1 1 1 1 0 0 1 0 1 1 1 0 1 0 1 1 0 0 1 1 0 1 0 1 1 0 1 1 0 1 0 1 1 1 1 14809.0 13602.0 15572.0 16288.0 1 0.1386427114285548
0 1 0 1 1 0 1 1 1 0 0 1 1 1 1 1 0 1 1 1 1 0 0 1 1 0 1 0 1 1 0 1 1 0 1 0 1 1 1 1 15246.0 13335.0 15721.0 16690.0 1 0.13809405506517455
1 1 0 1 1 0 1 1 1 0 0 1 1 1 1 1 0 1 0 0 1 0 0 1 1 0 1 0 1 1 0 1 1 0 1 0 1 1 1 1 15134.0 13529.0 16053.0 15604.0 1 0.1365152371133074
1 1 0 0 0 1 1 1 1 0 0 1 1 1 1 1 0 1 1 1 1 1 0 1 1 0 1 0 0 1 0 1 1 1 1 0 1 1 0 1 16691.0 12043.0 15209.0 17047.0 1 0.1354249877254184
1 1 0 0 1 1 1 1 1 0 0 1 1 1 1 1 0 1 1 1 0 1 0 1 1 0 1 0 1 1 0 0 1 0 1 0 1 1 1 1 16354.0 12867.0 15857.0 15968.0 1 0.13526920920557667
0 1 0 1 1 0 1 1 1 0 0 1 1 1 1 1 0 1 1 1 1 1 1 1 0 0 1 0 0 1 0 1 1 1 1 0 1 1 1 1 15634.0 12142.0 16448.0 16585.0 1 0.13470121126620094
1 1 0 1 1 0 1 1 1 0 0 1 0 1 1 1 0 1 1 1 1 0 0 1 1 0 1 0 1 1 0 0 1 0 1 0 1 1 1 1 15311.0 13252.0 16126.0 15901.0 1 0.13409882103732926
1 1 0 1 1 0 1 1 1 0 0 0 1 1 1 1 0 1 1 1 1 1 0 1 1 0 1 0 0 1 0 1 1 0 1 0 1 1 1 1 15568.0 12822.0 16227.0 16717.0 1 0.13090665709571894
1 1 0 0 1 1 1 1 0 0 0 1 1 1 1 1 0 1 1 1 1 1 0 1 1 0 1 0 0 0 1 1 1 0 1 0 1 1 1 1 16844.0 12015.0 16073.0 15525.0 1 0.12842267818530315
1 0 0 0 1 1 1 1 1 0 0 1 1 1 1 1 0 1 1 1 1 1 0 1 1 0 1 0 0 1 0 1 1 1 1 0 1 1 1 1 17279.0 12017.0 15682.0 16446.0 1 0.12803417448573032
1 1 0 1 1 1 1 1 1 0 0 0 1 1 1 1 0 1 0 1 1 0 0 1 1 0 1 0 0 1 0 1 1 0 1 0 1 1 1 1 14951.0 13224.0 15774.0 16395.0 1 0.1259607847320489
1 1 0 0 0 1 1 1 1 0 0 0 0 1 1 1 0 1 1 1 1 0 1 1 1 0 1 0 1 1 0 1 1 0 1 0 1 1 1 1 14642.0 12835.0 15393.0 16969.0 1 0.12356660392249894
1 1 0 0 0 1 1 1 1 0 0 1 1 1 1 1 0 1 1 0 1 1 0 1 1 0 1 0 1 1 0 1 1 0 1 0 1 1 1 1 16251.0 12912.0 15646.0 16775.0 1 0.12099587905264247
0 1 0 1 1 1 1 1 1 0 0 0 1 1 1 1 0 1 1 1 1 0 0 1 1 0 1 0 1 1 0 0 1 0 1 0 1 1 1 1 15043.0 13414.0 15318.0 16875.0 1 0.12043013534461726
0 1 0 1 1 1 1 1 1 0 0 1 1 1 1 1 0 1 0 1 1 0 0 1 1 0 1 0 1 1 0 0 1 0 1 0 1 1 1 1 15013.0 13455.0 15832.0 16056.0 1 0.11945796255780536
1 1 0 0 0 1 1 1 1 0 0 1 1 1 1 0 0 1 1 1 1 1 0 1 1 0 1 0 0 1 0 1 1 1 1 0 1 1 1 1 16092.0 12312.0 15902.0 16937.0 1 0.11811139807129217
1 1 0 1 1 0 1 1 0 0 0 1 1 1 1 1 0 1 1 0 1 1 0 1 1 0 1 0 1 1 0 0 1 0 1 0 1 1 1 1 16106.0 12596.0 16508.0 15466.0 1 0.11391913042569765
1 1 0 0 1 0 1 1 0 0 0 1 1 1 1 1 1 1 1 0 1 1 0 1 1 0 1 0 1 1 0 1 1 0 1 0 1 1 1 1 16465.0 12627.0 16121.0 15715.0 1 0.11229706965777467
1 1 0 1 1 0 1 1 1 0 0 1 1 1 1 1 0 1 0 1 1 0 0 1 1 0 1 0 0 1 1 0 1 0 1 0 1 1 1 1 15468.0 12995.0 16557.0 15083.0 1 0.11032835085813111
1 1 0 0 0 1 1 1 0 0 0 1 1 1 1 1 0 1 1 1 1 1 0 1 1 0 1 0 0 1 1 1 1 0 1 0 1 1 1 1 16700.0 11885.0 16068.0 16185.0 1 0.10726139716633439
0 1 0 1 1 1 1 1 1 0 0 0 1 1 1 1 0 1 1 1 1 1 0 1 1 0 1 0 0 1 0 1 1 0 1 0 1 1 0 1 15328.0 12707.0 14660.0 17298.0 1 0.10380551030852408
1 1 0 0 1 0 1 1 1 0 0 1 1 1 1 1 0 1 1 0 1 1 0 1 1 0 1 0 1 1 1 0 1 0 1 0 1 1 0 1 16418.0 12749.0 15129.0 15690.0 1 0.10096359609659833
1 1 0 0 1 1 1 1 1 0 0 0 0 1 1 1 0 1 1 1 1 1 0 1 1 0 1 0 0 1 0 1 1 1 1 0 1 1 1 1 16278.0 12499.0 15588.0 17002.0 1 0.10079863248632338
1 1 0 1 1 0 1 1 0 0 0 1 1 1 1 1 0 1 1 1 1 0 0 1 1 0 1 0 1 1 0 1 1 0 1 0 1 1 1 1 15911.0 12983.0 16337.0 16202.0 1 0.09770562130316694
1 1 0 0 1 1 1 1 0 0 0 1 1 1 1 1 0 1 1 0 1 1 0 1 1 0 1 0 1 1 0 1 1 0 1 0 1 1 1 1 16670.0 12675.0 15737.0 16406.0 1 0.09682735984065263
1 1 0 0 1 1 1 1 1 0 0 0 1 1 1 1 0 1 1 1 1 1 0 1 1 0 1 0 0 1 0 1 1 0 1 0 1 1 1 1 15851.0 12530.0 15423.0 17055.0 1 0.09535593503888407
