0 1 0 1 1 1 1 1 1 0 0 0 1 1 1 1 0 1 1 1 1 0 0 1 1 0 1 0 1 1 0 1 1 0 1 0 1 1 1 1 15324.0 13785.0 15351.0 17477.0 0 1000000000000000.1
0 1 0 1 1 1 1 1 1 0 0 0 1 1 1 1 0 1 1 1 1 1 0 1 1 0 1 0 0 1 0 1 1 0 1 0 1 1 1 1 15539.0 13014.0 15646.0 17347.0 0 0.11679551148212602
0 1 0 1 1 1 1 1 1 0 0 1 1 1 1 1 0 1 1 1 1 1 0 1 1 0 1 0 0 1 0 1 1 0 1 0 1 1 0 1 16052.0 12961.0 15180.0 17324.0 0 0.28580240781400573
1 1 0 0 1 1 1 1 1 0 0 0 1 1 1 1 0 1 1 1 1 1 0 1 1 0 1 0 0 1 0 1 1 1 1 0 1 1 0 1 16552.0 12416.0 14895.0 17323.0 0 0.2143661833133817
1 1 0 1 1 1 1 1 1 0 0 0 1 1 1 1 0 1 1 1 1 0 0 1 1 0 1 0 0 1 0 1 1 0 1 0 1 1 1 1 15705.0 13437.0 15780.0 17240.0 0 0.15633272651270802
1 1 0 0 1 1 1 1 1 0 0 1 1 1 1 1 0 1 1 1 1 0 0 1 1 0 1 0 1 1 0 1 1 0 1 0 1 1 1 1 16360.0 13555.0 15648.0 17211.0 0 0.16675572987457796
0 1 0 1 1 1 1 1 1 0 0 1 0 1 1 1 0 1 1 1 1 0 0 1 1 0 1 0 1 1 0 1 1 0 1 0 1 1 1 1 15563.0 13815.0 15578.0 17133.0 0 0.15706239840963823
1 1 0 0 0 1 1 1 1 0 0 1 1 1 1 1 0 1 1 1 1 1 0 1 1 0 1 0 0 1 0 1 1 1 1 0 1 1 1 1 16902.0 12350.0 16195.0 17096.0 0 0.22504123486794012
0 1 0 1 1 1 1 1 1 0 0 1 1 1 1 1 0 1 1 1 1 1 1 1 0 0 1 0 0 1 0 1 1 0 1 0 1 1 1 1 15524.0 12653.0 16140.0 17081.0 0 0.11999728169185392
1 1 0 0 1 1 1 1 1 0 0 1 1 1 1 1 0 1 1 1 1 1 0 1 1 0 1 0 0 1 0 1 1 0 1 0 1 1 1 1 16575.0 12784.0 15943.0 17081.0 0 0.12886924133229316
0 1 0 1 1 1 1 1 1 0 0 1 1 1 1 1 0 1 1 1 1 1 0 1 0 0 1 0 1 1 0 1 1 0 1 0 1 1 1 1 15898.0 13128.0 15678.0 17045.0 0 0.10485267547630951
0 1 0 1 1 1 1 1 1 0 0 1 1 1 1 1 0 1 1 0 1 0 0 1 1 0 1 0 1 1 0 1 1 0 1 0 1 1 0 1 15648.0 13627.0 14492.0 17030.0 0 0.18208950491371786
1 1 0 0 1 1 1 1 1 0 0 1 1 1 1 1 0 1 1 0 1 1 0 1 1 0 1 0 1 1 0 1 1 0 1 0 1 1 0 1 16625.0 13232.0 14866.0 17028.0 0 0.24740942313015526
0 1 0 0 1 1 1 1 0 0 0 1 1 1 1 1 0 1 1 1 1 1 0 1 1 0 1 0 1 1 0 1 1 1 1 0 1 1 1 1 16940.0 12461.0 15857.0 16964.0 0 0.20338054006839704
0 1 0 1 1 1 1 1 1 0 0 1 1 1 1 1 0 1 1 0 1 1 0 1 1 0 1 0 0 1 0 1 1 0 1 0 1 1 1 1 16074.0 13163.0 15773.0 16949.0 0 0.12424278438868819
0 1 0 1 1 1 1 1 1 0 0 1 1 1 1 1 0 1 1 1 1 0 0 1 1 0 1 0 1 1 0 0 1 0 1 0 1 1 1 1 15767.0 13668.0 15838.0 16901.0 0 0.07783418873491978
1 1 0 1 1 1 1 1 1 0 0 1 0 1 1 1 0 1 1 1 1 0 0 1 1 0 1 0 0 1 0 1 1 0 1 0 1 1 1 1 15944.0 13467.0 16007.0 16896.0 0 0.14190386591382417
1 1 0 0 1 1 1 1 1 0 0 1 1 1 1 1 0 1 1 1 1 0 0 1 1 0 1 0 0 1 1 1 1 0 1 0 1 1 1 1 16786.0 13287.0 15792.0 16868.0 0 0.15632202043283497
1 1 0 0 1 1 1 1 0 0 0 1 1 1 1 1 0 1 1 1 1 1 0 1 1 0 1 0 1 1 0 1 1 0 1 0 1 1 1 1 16859.0 12780.0 16130.0 16830.0 0 0.08896142702417026
1 1 0 1 1 0 1 1 1 0 0 1 1 1 1 1 0 1 1 1 1 1 0 1 1 0 1 0 0 1 0 1 1 0 1 0 1 1 1 1 16292.0 13076.0 16747.0 16743.0 0 0.15955288253413927
1 1 0 0 1 1 1 1 0 0 0 1 1 1 1 1 0 1 1 1 1 1 0 1 1 0 1 0 0 1 0 1 1 1 1 0 1 1 1 1 17321.0 12113.0 16286.0 16727.0 0 2000000000000000.0
0 1 0 1 1 1 1 1 1 0 0 0 0 1 1 1 0 1 0 1 1 0 1 1 1 0 1 0 1 1 0 1 1 0 1 0 1 1 1 1 14161.0 13733.0 15816.0 16718.0 0 1000000000000000.0
0 1 0 1 1 1 1 1 1 0 0 1 1 1 1 1 0 1 0 1 1 0 0 1 1 0 1 0 1 1 0 1 1 0 1 0 1 1 1 1 15294.0 13826.0 15865.0 16658.0 0 0.12459816097979903
1 1 0 1 1 0 1 1 1 0 0 1 0 1 1 1 0 1 1 1 1 0 1 1 1 0 1 0 0 1 0 1 1 0 1 0 1 1 1 1 15218.0 13148.0 16621.0 16539.0 0 0.19573949382006056
1 1 0 1 1 0 1 1 1 0 0 1 0 1 1 1 0 1 1 1 1 0 0 1 1 0 1 0 1 1 0 1 1 0 1 0 1 1 1 1 15592.0 13623.0 16159.0 16503.0 0 0.10261130783014381
1 1 0 0 1 1 1 1 0 0 0 1 1 1 1 1 0 1 1 1 1 1 0 1 1 0 1 0 0 1 1 1 1 0 1 0 1 1 1 1 17285.0 12512.0 16274.0 16487.0 0 0.22740714833761844
1 1 0 0 1 1 1 1 1 0 0 1 1 1 1 1 0 1 1 0 1 1 0 1 1 0 1 0 1 1 0 0 1 0 1 0 1 1 1 1 16555.0 13168.0 15819.0 16475.0 0 0.0694983466135276
1 1 0 0 1 1 1 1 1 0 0 1 1 1 1 1 1 1 1 1 1 0 0 1 1 0 1 0 1 1 0 1 1 0 1 0 1 0 0 1 16069.0 13732.0 14218.0 16440.0 0 1000000000000000.0
1 1 0 0 1 1 1 1 0 0 0 1 1 1 1 1 0 1 1 0 1 0 0 1 1 0 1 0 1 1 0 1 1 1 1 0 1 1 1 1 16917.0 12779.0 15598.0 16433.0 0 0.13256928781419705
1 1 0 1 1 0 1 1 1 0 0 1 1 1 1 1 0 1 1 1 1 0 0 1 1 0 1 0 1 1 0 0 1 0 1 0 1 1 1 1 15796.0 13476.0 16419.0 16271.0 0 0.17968717005922263
0 1 0 1 1 1 1 1 1 0 0 1 0 1 1 1 0 1 0 0 1 0 0 1 1 0 1 0 1 1 0 1 1 1 1 0 1 1 1 1 15532.0 13690.0 15637.0 16181.0 0 0.13697403530394928
1 1 0 1 1 0 1 1 1 0 0 1 1 1 1 1 0 1 0 1 1 0 0 1 1 0 1 0 1 1 0 1 1 0 1 0 1 1 1 1 15323.0 13634.0 16446.0 16028.0 0 0.11024326724977901
1 1 0 0 1 1 1 1 1 0 0 1 1 1 1 1 0 1 1 1 0 1 0 1 1 0 1 0 1 1 0 0 1 0 1 0 1 1 1 1 16354.0 12867.0 15857.0 15968.0 0 0.16887610774089556
1 1 0 1 1 0 1 1 0 0 0 1 1 1 1 1 0 1 1 1 1 1 0 1 1 0 1 0 1 1 0 0 1 0 1 0 1 1 1 1 16295.0 12701.0 16901.0 15890.0 0 0.2625435245690052
1 1 0 0 1 0 1 1 1 0 0 1 1 1 1 1 0 1 1 0 1 1 0 1 1 0 1 0 1 1 1 0 1 0 1 0 1 1 1 1 16629.0 13056.0 16115.0 15739.0 0 0.23953797627753265
1 1 0 1 1 0 1 1 1 0 0 1 0 1 1 1 0 1 0 0 1 0 0 1 1 0 1 0 1 1 0 1 1 1 1 0 1 1 1 1 15561.0 13498.0 16218.0 15551.0 0 0.1708916271152236
1 1 0 1 1 1 1 1 1 0 0 1 0 1 1 1 0 1 0 0 1 0 0 1 1 0 1 0 1 1 0 0 1 0 1 0 1 1 1 1 15170.0 13638.0 15877.0 15445.0 0 0.15641481036613528
1 1 0 1 1 0 1 1 0 0 0 1 1 1 1 1 0 1 0 1 1 1 0 1 1 0 1 0 0 1 1 1 1 0 1 0 1 1 1 1 16248.0 12591.0 17072.0 15304.0 0 1000000000000000.2
1 1 0 1 1 1 1 0 1 0 0 1 0 1 0 1 0 1 1 0 1 0 0 1 1 0 1 0 1 1 0 1 1 0 1 0 1 1 1 1 15125.0 13861.0 14482.0 15220.0 0 0.38247276958625487
1 1 0 1 1 1 1 1 1 0 0 1 0 1 0 1 0 1 0 0 1 0 0 1 1 0 1 0 1 1 0 1 1 0 1 0 1 1 1 1 15349.0 13872.0 15337.0 15210.0 0 1000000000000000.1
1 1 0 1 1 0 1 1 1 0 0 1 0 1 1 1 0 1 0 0 1 1 0 1 1 0 1 0 0 1 1 1 1 0 1 0 1 1 1 1 15740.0 13126.0 16501.0 15181.0 0 0.13270189181040926
1 1 0 1 1 0 1 1 1 0 0 1 0 1 1 1 0 1 0 0 1 0 1 1 1 0 1 0 1 1 0 0 1 0 1 0 1 1 1 1 14444.0 13319.0 16491.0 15088.0 0 0.4567646858457506
1 1 0 0 1 1 1 1 0 0 0 1 1 1 1 1 0 1 0 0 1 1 0 1 1 0 1 0 1 1 1 0 1 0 1 0 1 1 1 1 16511.0 12683.0 16144.0 15036.0 0 0.31779447957051665
1 1 0 1 1 0 1 1 1 0 0 1 0 1 0 1 0 1 0 0 1 1 0 1 1 0 1 0 1 1 0 0 1 1 1 0 1 1 1 1 15843.0 13079.0 16209.0 14402.0 0 1000000000000000.1
0 1 0 1 1 1 1 1 1 0 0 0 1 1 1 1 0 1 1 1 1 1 0 1 1 0 1 0 0 1 0 1 1 0 1 0 1 1 0 1 15328.0 12707.0 14660.0 17298.0 1 1000000000000000.1
1 1 0 1 0 0 1 1 0 0 0 1 1 1 1 1 0 1 1 1 1 1 0 1 1 0 1 0 0 0 0 1 1 1 1 0 1 1 1 1 16012.0 11281.0 16683.0 15125.0 1 1000000000000000.1
1 1 0 1 1 0 1 1 1 0 0 1 0 1 1 1 0 1 0 0 1 1 0 1 1 0 1 0 1 1 1 1 0 0 1 0 1 1 1 1 15541.0 13529.0 15883.0 14688.0 1 1000000000000000.1
1 1 0 0 0 1 1 1 1 0 0 0 1 1 1 1 0 1 1 1 1 0 1 1 1 0 1 0 1 1 0 1 1 0 1 0 0 1 1 1 14413.0 12162.0 15078.0 17209.0 1 1000000000000000.0
0 1 0 1 1 1 1 0 1 0 0 1 1 1 1 1 0 1 1 1 1 0 0 1 1 0 1 0 1 1 0 1 1 0 1 0 1 1 1 1 15070.0 13815.0 15010.0 16668.0 1 1000000000000000.0
0 1 0 1 1 1 1 1 1 0 0 1 1 1 1 1 0 1 1 0 1 1 0 1 1 0 1 0 1 1 0 1 1 0 1 0 1 0 0 1 15636.0 13544.0 14111.0 16476.0 1 1000000000000000.0
1 1 0 1 0 0 1 1 0 0 0 1 1 1 1 1 0 1 1 1 1 1 0 1 1 0 1 0 1 1 0 1 1 0 1 0 1 1 1 1 15991.0 12445.0 16728.0 16190.0 1 1000000000000000.0
1 0 0 0 1 1 1 1 0 0 0 1 1 1 1 1 0 1 1 1 1 1 0 1 1 0 1 0 1 1 0 0 1 1 1 0 1 1 1 1 17282.0 11642.0 15836.0 15593.0 1 1000000000000000.0
1 1 0 0 1 1 1 1 0 0 0 1 1 1 1 1 0 1 1 1 1 1 0 1 1 0 1 0 0 1 0 0 1 1 1 0 1 1 1 1 17040.0 11742.0 16253.0 16125.0 1 0.24404874110242006
0 1 0 0 1 1 1 0 1 1 0 1 1 1 1 1 0 1 1 1 1 0 0 1 1 0 1 0 1 1 0 1 1 0 1 0 1 1 1 1 15386.0 13378.0 14261.0 16966.0 1 0.23702768232124724
1 1 0 0 1 1 1 1 1 0 0 1 1 1 1 0 0 1 1 0 1 1 0 1 1 0 1 0 1 1 0 1 1 0 1 0 1 1 0 1 15815.0 13194.0 14573.0 16869.0 1 0.2198649151592952
1 1 0 1 1 0 1 1 1 0 0 1 0 1 1 1 0 1 0 0 1 1 0 1 1 0 1 0 0 1 0 1 1 1 1 0 1 1 1 1 15776.0 12727.0 16513.0 15421.0 1 0.19757586588563086
1 1 0 1 1 0 1 1 0 0 0 1 1 1 1 1 0 1 1 1 1 1 0 1 1 0 1 0 0 1 0 1 1 0 1 0 1 1 1 1 16126.0 12212.0 16632.0 16072.0 1 0.19191990974059966
1 1 0 0 0 1 1 1 1 0 0 0 1 1 1 1 0 1 1 1 1 0 1 1 1 0 1 0 1 1 0 1 1 0 1 0 1 1 0 1 14916.0 12752.0 14700.0 17290.0 1 0.18507095939046453
1 1 0 0 0 1 1 1 0 0 0 1 1 1 1 1 0 1 1 1 1 1 0 1 1 0 1 0 0 1 0 1 1 1 1 0 1 1 1 1 16736.0 11486.0 16080.0 16425.0 1 0.1843858446282436
1 1 0 0 1 1 1 1 0 0 0 1 1 1 1 1 0 1 0 1 1 1 0 1 1 0 1 0 0 1 1 1 1 0 1 0 1 1 1 1 16531.0 12299.0 16268.0 15642.0 1 0.17194814574622128
1 1 0 0 0 1 1 1 1 0 0 0 0 1 1 1 0 1 1 1 1 0 1 1 1 0 1 0 1 1 0 1 1 0 1 0 1 1 1 1 14642.0 12835.0 15393.0 16969.0 1 0.16758716172417928
1 1 0 0 1 1 1 1 0 0 0 1 1 1 1 1 0 1 1 0 1 1 0 1 1 0 1 0 1 1 0 1 0 1 1 0 1 1 1 1 16933.0 12411.0 15275.0 15810.0 1 0.15882483578970952
1 1 0 0 1 1 1 1 0 0 0 1 1 1 1 1 1 1 0 1 1 0 0 1 1 0 1 0 0 1 1 0 1 0 1 0 1 1 1 1 16182.0 12495.0 16172.0 14872.0 1 0.1587069802545867
1 1 0 0 1 1 1 1 1 0 0 0 1 1 1 1 0 1 1 0 1 1 0 1 1 0 1 0 1 1 0 1 0 1 1 0 1 1 1 1 16375.0 13021.0 14870.0 16455.0 1 0.1534021533298969
0 1 0 1 1 1 1 1 1 0 0 0 0 1 1 1 0 1 0 1 1 0 1 1 1 0 1 0 0 1 0 1 1 1 1 0 1 1 1 1 14623.0 13066.0 15972.0 16615.0 1 0.14800792116104888
0 1 0 1 1 0 1 1 1 0 0 1 1 1 1 1 0 1 1 1 1 0 0 1 1 0 1 0 1 1 0 1 1 0 1 0 1 1 1 1 15246.0 13335.0 15721.0 16690.0 1 0.1424612126830061
1 1 0 0 1 1 1 1 1 0 0 1 1 1 1 1 0 1 1 0 1 1 0 1 1 0 1 0 1 0 1 0 1 0 1 0 1 0 1 1 16313.0 13091.0 15086.0 14746.0 1 0.13964556728055127
1 1 0 0 1 0 1 1 0 0 0 1 1 1 1 1 1 1 1 0 1 1 0 1 1 0 1 0 1 1 0 1 1 0 1 0 1 1 1 1 16465.0 12627.0 16121.0 15715.0 1 0.1358291729454783
1 1 0 1 1 0 1 1 1 0 0 1 1 1 1 1 0 1 1 1 1 0 1 1 1 0 1 0 0 0 0 1 1 0 1 0 1 1 1 1 15262.0 12875.0 16713.0 15947.0 1 0.13575522115346833
0 1 0 1 1 1 1 1 1 0 0 0 0 1 1 1 0 1 1 1 1 0 0 1 1 0 1 0 1 1 0 1 1 0 1 0 1 1 1 1 14839.0 13561.0 15058.0 17107.0 1 0.1352100349963557
1 1 0 0 1 1 1 1 0 0 0 1 1 1 1 1 0 1 1 1 1 1 0 1 1 0 1 0 0 1 0 1 1 0 1 0 1 1 1 1 16409.0 11920.0 15828.0 16410.0 1 0.13466152784417085
1 1 0 1 1 0 1 1 1 0 0 1 1 1 1 1 0 1 0 1 1 0 0 1 1 0 1 0 0 1 1 0 1 0 1 0 1 1 1 1 15468.0 12995.0 16557.0 15083.0 1 0.13446715455355085
0 1 0 1 1 0 1 1 1 0 0 1 1 1 1 1 0 1 1 1 1 1 1 1 0 0 1 0 0 1 0 1 1 1 1 0 1 1 1 1 15634.0 12142.0 16448.0 16585.0 1 0.13414869041740016
1 1 0 1 1 0 1 1 1 0 0 1 0 1 1 1 0 1 0 1 0 1 0 1 1 0 1 0 1 1 0 1 1 0 1 0 1 1 1 1 15113.0 13093.0 16395.0 15017.0 1 0.13013822324338026
0 1 0 1 1 1 1 1 1 0 0 1 0 1 1 1 0 1 0 1 1 0 0 1 1 0 1 0 1 1 0 1 1 0 1 0 1 1 1 1 14809.0 13602.0 15572.0 16288.0 1 0.12612602167011244
0 1 0 0 1 1 1 1 0 0 0 1 1 1 1 1 0 1 1 1 1 1 0 1 1 0 1 0 0 1 0 1 1 1 1 0 1 1 1 1 16490.0 11601.0 15555.0 16544.0 1 0.12553577588737921
1 1 0 0 0 1 1 1 1 0 0 1 1 1 1 1 0 1 1 0 1 1 0 1 1 0 1 0 1 1 0 1 1 0 1 0 1 1 1 1 16251.0 12912.0 15646.0 16775.0 1 0.12484199540193891
1 1 0 0 1 1 1 1 0 0 0 1 1 1 1 1 0 1 1 0 1 1 0 1 1 0 1 0 1 0 1 0 1 0 1 0 1 1 1 1 16824.0 12399.0 15949.0 14919.0 1 0.12408087460137507
1 0 0 0 1 1 1 1 1 0 0 1 1 1 1 1 0 1 1 1 1 1 0 1 1 0 1 0 0 1 0 1 1 1 1 0 1 1 1 1 17279.0 12017.0 15682.0 16446.0 1 0.1237070691697551
1 1 0 1 1 0 1 1 1 0 0 1 1 1 1 1 0 1 0 0 1 0 0 1 1 0 1 0 1 1 0 1 1 0 1 0 1 1 1 1 15134.0 13529.0 16053.0 15604.0 1 0.12013158866370083
0 1 0 1 1 1 1 1 1 0 0 0 1 1 1 1 0 1 1 1 1 0 0 1 1 0 1 0 1 1 0 0 1 0 1 0 1 1 1 1 15043.0 13414.0 15318.0 16875.0 1 0.12002717762201241
1 1 0 0 0 1 1 1 1 0 0 1 1 1 1 1 0 1 1 1 1 1 0 1 1 0 1 0 0 1 0 1 1 1 1 0 1 1 0 1 16691.0 12043.0 15209.0 17047.0 1 0.11888977014658553
1 1 0 1 1 0 1 1 1 0 0 1 1 1 1 1 0 1 1 0 1 1 0 1 1 0 1 0 0 1 0 1 1 0 1 0 1 1 1 1 16103.0 12971.0 16354.0 16319.0 1 0.11877103361610883
0 1 0 1 1 1 1 1 1 0 0 1 0 1 0 1 0 1 1 1 1 0 0 1 1 0 1 0 1 1 0 1 1 0 1 0 1 1 1 1 15461.0 13678.0 15005.0 16296.0 1 0.11805128840615517
1 1 0 1 1 0 1 1 1 0 0 0 1 1 1 1 0 1 1 1 1 1 0 1 1 0 1 0 0 1 0 1 1 0 1 0 1 1 1 1 15568.0 12822.0 16227.0 16717.0 1 0.11604485685260893
1 1 0 0 1 1 1 1 1 0 0 1 1 1 1 1 0 1 1 1 1 1 0 1 1 0 1 0 0 1 0 1 1 0 1 0 1 1 0 1 16364.0 12477.0 14957.0 17032.0 1 0.11545245933501457
1 1 0 1 1 0 1 1 1 0 0 1 1 1 1 0 0 1 1 1 1 0 0 1 1 0 1 0 1 1 0 0 1 0 1 0 1 1 1 1 14986.0 13438.0 16126.0 16112.0 1 0.11324228734420402
1 1 0 1 1 0 1 1 0 0 0 1 1 1 1 1 0 1 1 0 1 1 0 1 1 0 1 0 1 1 0 0 1 0 1 0 1 1 1 1 16106.0 12596.0 16508.0 15466.0 1 0.11058584133538585
1 1 0 1 1 0 1 1 1 0 0 1 1 1 1 1 0 1 1 1 1 0 0 1 1 0 1 0 1 1 0 1 1 0 1 0 1 1 0 1 15866.0 13540.0 15466.0 16824.0 1 0.11037736928704073
1 1 0 0 0 1 1 1 0 0 0 1 1 1 1 1 0 1 1 1 1 1 0 1 1 0 1 0 0 1 1 1 1 0 1 0 1 1 1 1 16700.0 11885.0 16068.0 16185.0 1 0.10813130561671287
1 1 0 0 1 1 1 1 0 0 0 1 1 1 1 1 0 1 1 1 1 1 0 1 1 0 1 0 0 0 1 1 1 0 1 0 1 1 1 1 16844.0 12015.0 16073.0 15525.0 1 0.10776746872391507
1 1 0 0 1 1 1 1 1 0 0 0 1 1 1 1 0 1 1 1 1 0 0 1 1 0 1 0 1 1 0 1 1 0 1 0 1 1 1 1 15636.0 13301.0 15128.0 17185.0 1 0.10634025461123685
1 1 0 1 1 0 1 1 1 0 0 1 0 1 1 1 0 1 1 1 1 0 0 1 1 0 1 0 1 1 0 0 1 0 1 0 1 1 1 1 15311.0 13252.0 16126.0 15901.0 1 0.1058381639131308
0 1 0 1 1 1 1 1 1 0 0 1 1 1 1 0 0 1 1 1 1 0 0 1 1 0 1 0 1 1 0 0 1 0 1 0 1 1 1 1 14957.0 13630.0 15545.0 16742.0 1 0.10221490893103471
1 0 0 0 1 1 1 1 1 0 0 1 1 1 1 1 0 1 1 0 1 0 0 1 1 0 1 0 1 1 0 1 1 1 1 0 1 1 1 1 16875.0 12683.0 14994.0 16152.0 1 0.10045793487258915
0 1 0 1 1 0 1 1 1 0 0 1 1 1 1 1 0 1 1 0 1 1 0 1 1 0 1 0 1 1 0 1 1 0 1 0 1 1 1 1 15722.0 13319.0 15925.0 16556.0 1 0.09861234607508429
0 1 0 1 1 0 1 1 1 0 0 0 1 1 1 1 0 1 1 1 1 1 0 1 1 0 1 0 0 1 0 1 1 1 1 0 1 1 1 1 15649.0 12503.0 15954.0 16851.0 1 0.09586360202719707
1 1 0 0 1 1 1 1 1 0 0 1 1 1 1 1 0 1 1 1 1 0 0 1 1 0 1 0 1 1 0 0 1 0 1 0 1 1 1 1 16079.0 13184.0 15615.0 16609.0 1 0.09388910733760684
1 1 0 0 1 1 1 1 1 0 0 0 1 1 1 1 0 1 1 0 1 1 0 1 1 0 1 0 0 1 0 1 1 1 1 0 1 1 1 1 16574.0 12618.0 15488.0 16948.0 1 0.09353053658279176
1 1 0 0 1 1 1 1 0 0 0 1 1 1 1 1 0 1 1 1 1 0 0 1 1 0 1 0 0 1 1 1 1 0 1 0 1 1 1 1 16620.0 12423.0 15677.0 16197.0 1 0.08965254746526796
