1 1 0 0 0 1 1 1 1 0 0 0 1 1 1 1 0 1 1 1 1 0 1 1 1 0 1 0 1 1 0 1 1 0 1 0 1 1 0 1 14916.0 12752.0 14700.0 17290.0 0 1000000000000000.1
0 1 0 1 1 1 1 1 1 0 0 1 1 1 1 1 0 1 1 1 1 0 1 1 0 0 1 0 1 1 0 1 1 0 1 0 1 1 0 1 15098.0 13117.0 14859.0 17162.0 0 0.28615638403650545
1 1 0 1 0 1 1 1 1 0 0 1 1 1 1 1 0 1 1 1 1 1 0 1 1 0 1 0 0 1 0 1 1 0 0 0 0 1 1 1 14996.0 11889.0 15097.0 17048.0 0 0.2777321005193307
0 1 0 1 1 1 1 1 1 0 0 1 1 1 1 1 0 1 1 0 1 0 0 1 1 0 1 0 1 1 0 1 1 0 1 0 1 1 0 1 15648.0 13627.0 14492.0 17030.0 0 1000000000000000.2
1 1 0 1 0 1 1 1 1 0 0 0 1 1 1 1 0 1 1 1 1 0 1 1 0 0 1 0 1 1 0 1 1 0 0 0 1 1 1 1 14032.0 12688.0 14864.0 16990.0 0 1000000000000000.2
0 1 0 1 1 1 1 1 1 0 0 1 1 1 1 1 0 1 1 0 1 1 0 1 0 0 1 0 1 1 0 1 1 0 1 0 1 1 1 1 15709.0 13023.0 15285.0 16621.0 0 0.2807259731356091
0 1 0 1 1 1 1 1 1 0 0 1 1 1 1 1 0 1 1 1 1 1 0 1 1 0 1 0 0 1 0 1 1 0 1 0 1 1 1 0 15384.0 12508.0 15444.0 16572.0 0 0.23872140587681578
0 1 0 1 1 1 1 1 1 0 0 1 1 1 1 1 0 1 1 0 1 1 0 1 1 0 1 0 1 1 0 1 1 0 1 0 1 1 1 0 15645.0 13263.0 15353.0 16568.0 0 0.2196758415557442
1 1 0 0 1 1 1 1 0 1 0 1 1 1 1 1 0 1 1 0 1 1 0 1 0 0 1 0 1 1 0 1 1 1 0 0 0 1 0 1 15878.0 10856.0 13030.0 16493.0 0 2000000000000000.0
1 1 0 0 1 1 1 1 0 0 0 1 1 1 1 1 0 1 1 0 1 1 0 1 1 0 1 0 1 1 0 1 1 0 1 0 1 1 1 1 16670.0 12675.0 15737.0 16406.0 0 0.20463276563700028
1 1 0 0 1 0 1 1 1 0 0 1 1 1 1 1 0 1 1 1 1 0 0 1 1 0 1 0 1 1 0 1 1 0 1 0 1 1 1 1 15558.0 12851.0 15498.0 16398.0 0 0.12384683101658356
1 1 0 1 1 1 1 1 1 0 0 1 1 1 1 1 0 1 1 0 1 1 0 1 1 0 1 0 0 1 0 1 1 0 1 0 1 1 1 0 16026.0 12915.0 15782.0 16331.0 0 0.12649186047848532
1 1 0 0 1 0 1 1 1 0 0 1 1 1 1 1 0 1 1 0 1 1 0 1 1 0 1 0 1 1 0 1 1 0 1 0 1 1 1 1 16034.0 12835.0 15702.0 16264.0 0 0.12675145279043565
0 1 0 1 1 1 1 1 1 0 0 1 1 1 1 1 0 1 1 0 1 0 0 1 1 0 1 0 1 1 0 1 0 0 1 0 1 1 1 1 15210.0 13477.0 14558.0 16166.0 0 0.2606959782671008
0 1 0 1 1 0 1 1 0 0 0 1 1 1 1 1 0 1 1 0 1 1 0 1 1 0 1 0 1 1 0 1 1 0 1 0 1 1 1 1 15556.0 12455.0 15810.0 15885.0 0 0.22050637788268002
0 1 0 1 1 1 1 1 1 0 0 1 0 1 0 1 0 1 1 0 1 0 0 1 1 0 1 0 1 1 0 1 1 0 1 0 1 1 1 1 15272.0 13573.0 14612.0 15872.0 0 0.17445067226369446
1 1 0 1 0 0 1 1 0 0 0 1 1 1 1 1 0 1 1 0 1 1 0 1 1 0 1 0 1 1 0 1 1 0 1 0 1 1 1 1 15802.0 12340.0 16335.0 15766.0 0 0.235069608291965
1 1 0 1 1 0 1 1 1 0 1 0 1 1 1 1 0 1 1 0 1 0 0 1 1 0 1 0 1 1 0 1 0 0 1 0 1 1 1 1 15265.0 13443.0 15585.0 15738.0 0 0.2129718660305588
1 1 0 0 1 1 1 1 0 0 0 1 1 1 1 1 0 1 0 0 1 1 0 1 1 0 1 0 1 1 1 1 1 0 1 0 1 1 0 1 16581.0 12747.0 15191.0 15589.0 0 0.31884821356665477
1 1 0 1 1 0 1 1 1 0 0 1 1 1 1 1 0 1 1 0 1 0 1 1 0 0 1 0 1 1 0 0 1 0 1 0 1 1 1 1 14868.0 12756.0 16000.0 15555.0 0 0.3144485523776389
1 1 0 1 1 0 1 1 1 0 0 1 1 1 1 1 0 1 0 0 1 0 1 1 0 0 1 0 1 1 0 1 1 0 1 0 1 1 1 1 14395.0 12914.0 16027.0 15312.0 0 0.40598859075509286
1 1 0 1 0 0 1 1 0 0 0 1 1 1 1 1 0 1 1 0 1 1 0 1 1 0 1 0 1 1 0 1 0 1 1 0 1 1 1 1 16065.0 12076.0 15873.0 15170.0 0 0.26829044623160775
1 1 0 1 1 0 1 1 0 0 0 1 1 1 1 0 0 1 1 1 1 1 0 1 1 0 1 0 0 0 1 1 1 0 1 0 1 1 1 1 15751.0 12269.0 16584.0 15028.0 0 1000000000000000.2
1 1 0 0 1 1 1 1 0 0 0 1 1 1 1 1 0 1 1 0 1 1 0 1 1 0 1 0 1 0 1 0 1 0 1 0 1 1 1 1 16824.0 12399.0 15949.0 14919.0 0 1000000000000000.0
1 1 0 0 1 0 1 1 1 0 0 1 1 1 1 1 0 1 1 0 1 1 0 0 1 0 1 0 1 1 1 1 0 1 1 0 1 1 0 1 16078.0 12802.0 13889.0 14845.0 0 0.5485061268324206
1 1 0 1 1 0 1 1 1 0 1 0 1 1 0 1 0 1 0 0 1 0 1 1 0 0 1 0 1 1 0 1 1 0 1 0 1 1 1 1 14319.0 12935.0 15900.0 14677.0 0 0.41492183102198993
1 1 0 1 1 0 1 1 0 0 0 1 1 1 1 1 1 1 1 0 1 1 0 1 0 0 1 0 0 0 1 1 1 0 1 0 1 1 1 1 16154.0 11858.0 16228.0 14137.0 0 1000000000000000.6
1 1 0 0 0 1 1 1 1 0 0 0 1 1 1 1 0 1 1 1 1 0 1 1 1 0 1 0 1 1 0 1 1 0 0 0 1 1 1 1 14328.0 12692.0 14700.0 17263.0 1 2000000000000000.0
0 1 0 1 1 1 1 1 1 0 0 1 1 1 1 1 0 1 1 1 1 1 0 1 1 0 1 0 0 1 0 1 1 0 0 0 0 1 0 1 14539.0 11697.0 13586.0 17118.0 1 0.1766103263508522
1 1 0 0 1 1 1 1 1 0 0 1 1 1 1 1 0 1 1 1 1 1 0 1 1 0 1 0 0 1 0 1 1 0 0 1 0 1 0 1 15084.0 11297.0 13488.0 17040.0 1 1000000000000000.1
1 1 0 1 0 1 1 1 1 0 0 1 1 1 1 1 0 1 1 1 1 1 0 1 1 0 1 0 0 1 0 1 1 0 0 0 0 1 0 1 14785.0 11582.0 14111.0 16999.0 1 0.20103950950885688
0 1 0 0 1 1 1 0 1 1 0 1 1 1 1 1 0 1 1 1 1 0 0 1 1 0 1 0 1 1 0 1 1 0 1 0 1 1 1 1 15386.0 13378.0 14261.0 16966.0 1 1000000000000000.4
0 1 0 1 1 1 1 1 1 0 0 1 1 1 1 1 0 1 1 0 1 1 0 1 0 0 1 0 1 1 0 1 1 0 0 0 1 1 1 1 14910.0 12656.0 14299.0 16545.0 1 0.2666328222080263
1 1 0 1 1 0 1 1 1 0 0 1 1 1 1 1 0 1 1 1 1 1 0 1 1 0 1 0 0 1 0 1 1 0 0 0 0 1 1 1 14779.0 11812.0 15153.0 16537.0 1 0.1643657698877704
1 1 0 1 1 1 1 1 1 0 0 1 0 1 1 1 0 1 1 0 1 0 0 1 1 0 1 0 0 1 0 1 1 0 1 0 1 1 0 1 15544.0 13055.0 14628.0 16423.0 1 0.23802437492289516
0 1 0 1 1 1 1 1 1 0 0 1 1 1 1 1 0 1 1 1 1 0 1 1 0 0 1 0 1 1 0 1 1 0 1 0 1 1 1 0 14430.0 12664.0 15123.0 16410.0 1 0.11777102108856217
1 1 0 0 1 1 1 1 0 0 0 1 1 1 1 1 0 1 1 0 1 1 0 1 1 0 1 0 1 1 0 1 1 0 1 0 1 1 0 1 16459.0 12368.0 14751.0 16357.0 1 0.21538126482570913
1 1 0 1 0 1 1 1 1 0 0 1 1 1 1 1 0 1 1 1 1 0 1 1 0 0 1 0 1 1 0 1 1 0 1 0 1 1 1 0 14676.0 12549.0 15648.0 16291.0 1 0.24733888886817026
0 1 0 1 0 1 1 1 1 0 0 1 1 1 1 1 0 1 1 0 1 1 0 1 1 0 1 0 1 1 0 1 1 0 1 0 1 1 1 0 15060.0 12636.0 15147.0 16266.0 1 0.08877914140051632
1 1 0 1 1 0 1 1 0 0 0 1 1 1 1 0 0 1 1 1 1 1 0 1 1 0 1 0 1 1 0 1 1 0 0 0 1 1 1 1 14967.0 12667.0 15655.0 16257.0 1 0.1186469085604179
0 1 0 1 1 1 1 1 1 0 0 1 1 1 1 1 0 1 1 0 1 1 0 1 1 0 1 0 0 1 0 1 1 0 1 0 1 1 1 0 15195.0 12403.0 15051.0 16148.0 1 0.3379021560831782
1 1 0 1 0 1 1 1 1 0 0 1 1 1 1 1 0 1 1 0 1 1 0 1 1 0 1 0 0 1 0 1 1 0 1 0 1 1 1 0 15441.0 12288.0 15576.0 16029.0 1 0.16117078504260052
1 1 0 1 1 1 1 1 1 0 0 1 0 1 1 1 0 1 1 0 1 1 0 1 1 0 1 0 0 1 0 1 1 0 1 0 1 1 1 0 15541.0 12691.0 15489.0 15961.0 1 0.09295583891550241
1 1 0 0 1 1 1 1 0 1 0 1 1 1 1 1 0 1 1 0 1 1 0 1 1 0 1 0 0 1 0 1 1 0 1 0 1 1 1 0 16176.0 11614.0 14918.0 15958.0 1 0.21295699710628735
0 1 0 1 1 1 1 1 1 0 0 1 1 1 0 1 0 1 1 0 1 0 1 1 0 0 1 0 1 1 0 1 1 0 1 0 1 1 1 1 15018.0 13182.0 14879.0 15950.0 1 0.20033268247402242
1 1 0 1 0 1 1 1 1 0 0 0 1 1 0 1 0 1 1 0 1 0 1 1 0 0 1 0 1 1 0 1 1 0 1 0 1 1 1 1 14540.0 12813.0 14884.0 15805.0 1 0.2294279763405374
1 1 0 1 0 1 1 1 0 0 0 1 1 1 1 1 0 1 1 0 1 1 0 1 1 0 1 0 1 1 0 1 1 0 1 0 1 1 1 0 15725.0 12284.0 15763.0 15778.0 1 0.11120340865017556
1 1 0 1 1 1 1 1 1 0 0 1 1 1 1 1 0 1 1 0 1 1 0 1 1 0 1 0 0 1 0 1 0 1 1 0 1 1 1 0 16289.0 12651.0 15320.0 15735.0 1 0.1984066358928244
1 1 0 0 1 1 1 1 0 0 0 1 1 1 1 1 0 0 1 0 1 1 0 1 1 0 1 0 1 1 0 1 1 0 1 0 1 1 1 1 16509.0 11710.0 14878.0 15675.0 1 0.20658845080747187
1 1 0 1 0 0 1 1 0 0 0 1 1 1 1 0 0 1 1 0 1 1 0 1 1 0 1 0 1 1 0 1 1 0 1 0 1 1 1 1 14992.0 12302.0 16042.0 15607.0 1 0.17328945131005552
1 1 0 1 1 1 1 1 1 0 0 1 1 1 1 1 0 1 1 0 1 0 1 1 0 0 1 0 1 1 0 0 1 0 1 0 1 1 1 0 14791.0 12700.0 15428.0 15567.0 1 0.2144471459007165
1 1 0 1 1 0 1 1 0 0 0 1 1 1 1 1 0 1 1 0 1 1 0 1 1 0 1 0 1 1 0 1 1 0 1 0 1 1 1 0 15508.0 12207.0 15819.0 15267.0 1 0.24107391930225436
1 1 0 0 1 1 1 1 0 0 0 1 1 1 1 1 0 1 1 0 1 1 0 1 1 0 1 0 1 1 0 0 0 1 1 0 1 1 1 1 16652.0 12040.0 15242.0 15208.0 1 0.3833404844797646
1 1 0 1 1 1 1 1 1 0 0 1 0 1 0 1 0 1 1 0 1 1 0 1 1 0 0 0 0 1 0 1 1 0 1 0 1 1 1 1 15489.0 13028.0 14744.0 14949.0 1 0.27437250640403443
1 1 0 1 1 1 1 1 1 0 0 1 0 1 0 1 0 0 1 0 1 0 0 1 1 0 1 0 1 1 0 0 1 0 1 0 1 1 1 1 15661.0 12749.0 14451.0 14722.0 1 0.2610669961340581
1 1 0 1 1 0 1 1 0 0 0 1 1 1 1 1 0 1 0 0 1 1 1 1 1 0 1 0 1 0 0 1 1 0 0 0 1 1 1 1 14469.0 12275.0 16112.0 14641.0 1 1000000000000000.1
1 1 0 1 0 0 1 1 0 0 0 1 1 1 1 1 0 1 1 0 1 1 0 1 1 0 1 0 1 1 0 0 0 1 1 0 1 1 1 1 15784.0 11705.0 15840.0 14568.0 1 0.09425640829936002
1 1 0 1 0 0 1 1 0 0 0 1 1 1 1 1 0 1 1 0 1 1 0 1 0 1 1 0 0 1 1 1 0 1 1 0 1 1 1 1 15845.0 10992.0 15358.0 14521.0 1 0.2278143520518894
1 1 0 1 0 1 1 1 1 0 0 0 1 1 0 1 0 1 1 1 1 0 0 1 1 0 1 0 1 0 1 0 0 1 1 0 1 1 0 1 15674.0 12686.0 14067.0 14389.0 1 0.3564872468783217
1 1 0 1 0 0 1 1 0 0 1 1 1 1 1 1 0 1 1 0 1 1 0 1 1 0 1 0 1 1 0 0 0 1 1 0 1 1 1 0 15655.0 11357.0 16084.0 13995.0 1 0.3095482407859269
1 1 0 1 1 0 1 1 0 0 0 1 1 1 1 1 0 1 1 0 1 1 0 1 1 0 1 0 1 0 0 0 0 1 1 0 1 1 1 1 15928.0 11835.0 15845.0 13908.0 1 0.2639860463158869
1 1 0 1 1 0 1 1 0 0 0 1 1 1 1 1 0 1 1 0 1 1 0 1 0 1 1 0 0 0 1 1 0 1 1 0 1 1 1 1 15989.0 11122.0 15363.0 13861.0 1 0.2728130409050388
1 1 0 1 1 0 1 1 0 0 0 1 1 1 1 0 0 1 1 1 1 1 0 1 1 0 1 0 0 0 1 0 0 1 1 0 1 1 1 1 15733.0 11634.0 16089.0 13830.0 1 0.15387380901222997
1 1 0 0 1 1 1 1 0 0 0 1 1 1 1 1 0 0 1 0 1 1 0 1 1 0 1 0 1 0 1 0 0 1 1 0 1 1 0 1 16715.0 10863.0 13642.0 13543.0 1 3000000000000000.0
1 1 0 1 1 1 1 1 1 0 0 1 0 1 0 1 0 1 1 0 1 0 0 0 0 0 1 0 1 1 1 1 0 1 1 0 1 1 0 1 15332.0 13052.0 12740.0 13888.0 2 1000000000000000.2
1 1 0 0 1 1 1 1 0 0 1 1 1 1 1 1 0 1 1 0 0 1 0 1 0 0 1 0 0 0 1 1 0 1 1 0 1 1 1 1 16463.0 10652.0 15039.0 13054.0 2 1000000000000000.2
0 1 0 1 1 1 1 1 1 0 0 1 1 1 1 1 0 1 1 1 1 0 1 1 0 0 1 0 1 1 0 1 1 0 0 0 0 1 0 1 13585.0 11853.0 13265.0 16956.0 2 1000000000000000.1
1 1 0 1 1 0 1 1 0 0 1 0 0 1 1 1 0 1 0 0 1 0 1 1 0 0 1 0 1 1 0 1 1 0 1 0 1 1 1 1 13770.0 11984.0 16065.0 14473.0 2 1000000000000000.1
0 1 0 1 0 1 1 1 1 0 0 0 1 1 1 1 0 1 1 1 1 0 1 1 1 0 1 0 1 1 0 1 1 0 0 0 1 1 1 0 13137.0 12416.0 14201.0 16754.0 2 1000000000000000.0
1 1 0 0 0 1 1 1 0 1 0 1 1 1 1 1 0 1 1 0 1 1 0 1 0 0 1 0 1 1 0 1 1 1 0 0 0 1 0 1 15293.0 10229.0 12824.0 16191.0 2 1000000000000000.0
1 1 0 1 0 1 1 1 1 0 0 0 1 1 0 1 0 1 1 0 1 0 0 0 1 0 1 0 1 1 0 1 1 0 1 0 1 1 1 1 14395.0 13374.0 14099.0 15246.0 2 1000000000000000.0
1 1 0 0 1 1 1 1 0 0 0 1 1 1 1 1 0 0 1 0 1 1 0 1 1 0 1 0 1 1 1 1 1 0 1 0 1 1 1 0 16506.0 11542.0 14602.0 14951.0 2 1000000000000000.0
1 1 0 1 1 1 1 1 1 0 0 1 0 1 0 1 0 1 1 0 1 0 0 1 1 0 1 0 1 1 0 1 1 0 1 0 1 0 1 0 14547.0 13153.0 13643.0 14410.0 2 0.26374296117213103
1 1 0 0 1 1 1 1 0 0 1 1 1 1 1 1 0 0 1 0 1 1 0 1 1 0 1 0 1 1 0 1 1 0 0 0 1 1 0 1 16249.0 11448.0 13872.0 15778.0 2 0.26161150952312623
1 1 0 0 1 1 1 1 0 0 0 1 1 1 1 1 0 1 1 0 1 1 0 1 1 0 1 0 1 0 1 0 0 1 1 0 1 1 1 0 16208.0 11375.0 14765.0 13522.0 2 0.2557989829655393
1 1 0 1 1 0 1 1 0 0 0 1 1 1 1 1 0 1 1 0 1 1 0 1 0 1 1 0 0 0 1 0 0 1 1 0 1 1 1 1 15708.0 10751.0 15330.0 13259.0 2 0.244831004544322
0 1 0 1 1 1 1 1 1 0 0 1 1 1 1 1 0 1 1 0 1 1 0 1 1 0 1 0 1 1 0 1 0 0 1 0 1 1 1 0 14996.0 12806.0 14433.0 15655.0 2 0.23095812632756402
1 1 0 1 1 0 1 1 0 0 0 1 1 1 1 1 0 1 1 0 1 1 0 1 0 0 1 0 0 0 1 1 0 1 1 0 1 1 1 1 15820.0 10938.0 15232.0 13419.0 2 0.22292204617365718
1 1 0 1 0 0 1 1 1 0 1 0 0 1 1 1 0 1 0 0 1 0 1 1 0 0 1 0 1 1 0 1 1 0 1 0 1 1 1 1 13351.0 12221.0 15974.0 14842.0 2 0.20857971383340523
0 1 0 1 1 1 1 1 1 0 0 1 1 1 1 1 0 1 1 0 1 1 1 1 0 0 1 0 1 1 0 1 1 0 0 0 0 1 0 1 14061.0 11837.0 13469.0 16822.0 2 0.19231725678489245
0 1 0 1 1 1 1 1 1 0 0 1 1 1 1 1 0 1 1 0 1 1 0 1 1 0 1 0 0 1 0 1 1 0 0 0 0 1 0 1 14350.0 11592.0 13193.0 16694.0 2 0.19107583113655224
0 1 0 1 1 1 1 1 0 0 0 1 1 1 1 1 0 1 1 1 1 1 0 1 1 0 1 0 0 1 0 1 1 0 0 0 0 1 1 1 14584.0 11140.0 14457.0 16496.0 2 0.18473694690457068
0 1 0 1 1 1 1 1 0 0 0 1 1 1 1 1 0 0 1 0 1 1 0 1 1 0 1 0 1 1 0 0 1 0 1 0 1 1 1 1 15916.0 11823.0 15068.0 15365.0 2 0.18387439283077575
1 1 0 1 0 1 1 1 1 0 0 0 1 1 0 1 0 1 1 0 1 0 0 1 1 0 1 0 0 0 1 1 1 0 1 0 1 1 1 1 15264.0 12663.0 14853.0 14792.0 2 0.1800982660356198
1 1 0 1 1 0 1 1 0 0 0 1 1 1 1 1 0 1 1 0 1 1 0 1 1 0 1 0 1 1 1 1 0 1 0 0 1 0 0 1 15839.0 12449.0 13575.0 14580.0 2 0.17368231093982833
1 1 0 1 1 0 1 1 0 0 0 1 1 1 1 0 0 1 1 1 0 1 0 1 1 0 1 0 0 0 0 1 1 0 1 0 1 1 1 1 14485.0 11271.0 15783.0 14020.0 2 0.1648082782057762
1 1 0 1 1 0 1 1 1 0 1 0 1 1 1 1 0 1 0 0 0 1 1 1 0 0 1 0 1 1 0 1 1 0 1 0 1 1 1 0 13817.0 11995.0 15993.0 14072.0 2 0.16318803694372136
1 1 0 0 1 0 1 1 1 0 0 1 1 1 1 1 0 1 1 0 1 1 0 1 0 1 1 0 0 1 1 1 0 1 1 0 1 1 1 1 16077.0 11487.0 14725.0 15019.0 2 0.15581842511333385
1 1 0 0 1 0 1 1 0 0 1 1 1 1 1 1 0 1 1 0 1 1 0 1 1 0 1 0 1 1 0 1 1 1 0 0 0 1 0 1 15806.0 11005.0 14431.0 15883.0 2 0.15565460470702225
0 1 0 0 1 1 1 0 1 1 0 1 1 1 1 1 0 1 1 1 1 0 1 1 0 0 1 0 1 1 0 1 1 0 0 0 1 1 1 1 13848.0 12396.0 13249.0 16598.0 2 0.1525396855386803
1 1 0 1 0 1 1 1 1 0 0 0 1 1 1 1 0 1 1 0 1 0 1 1 0 0 1 0 1 1 0 0 1 0 1 0 1 1 1 1 14361.0 12579.0 15424.0 16040.0 2 0.1505406537790335
1 1 0 1 1 1 1 1 1 0 0 1 0 1 1 1 0 1 1 0 1 1 0 1 1 0 1 0 0 1 0 1 1 0 0 0 0 1 0 1 14696.0 11880.0 13631.0 16507.0 2 0.15051252448851463
1 1 0 1 1 0 1 1 1 0 0 1 1 1 1 1 0 1 1 0 1 1 0 1 1 0 1 0 0 1 0 1 1 0 1 0 1 1 1 0 15224.0 12211.0 15632.0 15518.0 2 0.1504290025764526
0 1 0 1 1 1 1 1 1 0 0 1 1 1 1 1 0 1 1 0 1 0 0 1 1 0 1 0 1 1 0 1 1 0 0 0 0 1 0 1 14135.0 12363.0 12898.0 16824.0 2 0.14921424896625834
1 1 0 0 0 0 1 1 1 0 1 0 0 1 1 1 0 1 0 0 1 0 1 1 1 0 1 0 1 1 0 1 1 0 1 0 1 1 1 1 13647.0 12225.0 15810.0 15115.0 2 0.14251571840070656
1 1 0 0 0 1 1 1 0 0 0 1 1 1 1 1 0 1 0 0 1 1 0 1 1 0 1 0 1 1 1 1 1 0 1 0 1 1 0 1 15996.0 12120.0 14985.0 15287.0 2 0.13915692351832648
1 1 0 1 1 1 1 1 1 0 0 1 0 1 0 1 0 1 1 0 1 1 0 1 1 0 1 0 0 1 0 1 1 0 1 0 1 1 1 0 15439.0 12554.0 14916.0 15124.0 2 0.13480126493913697
1 1 0 1 0 0 1 1 0 0 0 1 1 1 0 1 0 1 1 0 1 1 0 1 1 0 1 0 1 1 0 1 1 0 1 0 1 1 1 1 15700.0 12203.0 15762.0 14929.0 2 0.13137489166211191
0 1 0 1 1 1 1 1 1 0 0 1 0 1 0 1 0 1 1 0 1 0 0 1 1 0 1 0 1 1 0 1 1 0 1 0 1 1 0 1 15061.0 13266.0 13626.0 15823.0 2 0.12972730810752112
1 1 1 0 1 1 1 1 1 0 0 1 0 1 1 1 0 1 1 1 1 1 0 1 1 0 1 0 0 1 0 1 1 0 0 0 0 1 0 1 14402.0 11591.0 13083.0 16697.0 2 0.1250225016795137
