0 1 0 0 1 1 1 1 1 0 0 1 1 1 1 1 0 1 1 1 1 0 1 1 1 0 1 0 1 1 0 1 1 0 1 0 1 1 1 1 15605.0 13428.0 15681.0 17484.0 0 1000000000000000.1
0 1 0 1 1 1 1 1 1 0 0 0 1 1 1 1 0 1 1 1 1 0 0 1 1 0 1 0 1 1 0 1 1 0 1 0 1 1 1 1 15324.0 13785.0 15351.0 17477.0 0 0.11005936939828304
0 1 0 1 1 1 1 1 1 0 0 1 1 1 1 1 0 1 1 1 1 1 0 1 1 0 1 0 0 1 0 1 1 0 1 0 1 1 0 1 16052.0 12961.0 15180.0 17324.0 0 0.32076982410401256
1 1 0 0 1 1 1 1 1 0 0 0 1 1 1 1 0 1 1 1 1 1 0 1 1 0 1 0 0 1 0 1 1 1 1 0 1 1 0 1 16552.0 12416.0 14895.0 17323.0 0 0.2092848753306449
1 1 0 1 1 1 1 1 1 0 0 0 1 1 1 1 0 1 1 1 1 0 0 1 1 0 1 0 0 1 0 1 1 0 1 0 1 1 1 1 15705.0 13437.0 15780.0 17240.0 0 0.09251944930705258
1 1 0 0 1 1 1 1 1 0 0 1 1 1 1 1 0 1 1 1 1 0 0 1 1 0 1 0 1 1 0 1 1 0 1 0 1 1 1 1 16360.0 13555.0 15648.0 17211.0 0 0.13917784215188772
0 1 0 1 1 1 1 1 1 0 0 1 0 1 1 1 0 1 1 1 1 0 0 1 1 0 1 0 1 1 0 1 1 0 1 0 1 1 1 1 15563.0 13815.0 15578.0 17133.0 0 0.15302118233443734
1 1 0 0 0 1 1 1 1 0 0 1 1 1 1 1 0 1 1 1 1 1 0 1 1 0 1 0 0 1 0 1 1 1 1 0 1 1 1 1 16902.0 12350.0 16195.0 17096.0 0 0.2052889342689666
0 1 0 1 1 1 1 1 1 0 0 1 1 1 1 1 0 1 1 1 1 1 1 1 0 0 1 0 0 1 0 1 1 0 1 0 1 1 1 1 15524.0 12653.0 16140.0 17081.0 0 0.10797679813395289
1 1 0 0 1 1 1 1 1 0 0 1 1 1 1 1 0 1 1 1 1 1 0 1 1 0 1 0 0 1 0 1 1 0 1 0 1 1 1 1 16575.0 12784.0 15943.0 17081.0 0 0.10215191594854593
0 1 0 1 1 1 1 1 1 0 0 1 1 1 1 1 0 1 1 1 1 1 0 1 0 0 1 0 1 1 0 1 1 0 1 0 1 1 1 1 15898.0 13128.0 15678.0 17045.0 0 0.061774611252751105
0 1 0 1 1 1 1 1 1 0 0 1 1 1 1 1 0 1 1 0 1 0 0 1 1 0 1 0 1 1 0 1 1 0 1 0 1 1 0 1 15648.0 13627.0 14492.0 17030.0 0 0.17746561980365633
1 1 0 0 1 1 1 1 1 0 0 1 1 1 1 1 0 1 1 0 1 1 0 1 1 0 1 0 1 1 0 1 1 0 1 0 1 1 0 1 16625.0 13232.0 14866.0 17028.0 0 0.21895506707269688
0 1 0 0 1 1 1 1 0 0 0 1 1 1 1 1 0 1 1 1 1 1 0 1 1 0 1 0 1 1 0 1 1 1 1 0 1 1 1 1 16940.0 12461.0 15857.0 16964.0 0 0.14323998369409907
0 1 0 1 1 1 1 1 1 0 0 1 1 1 1 1 0 1 1 0 1 1 0 1 1 0 1 0 0 1 0 1 1 0 1 0 1 1 1 1 16074.0 13163.0 15773.0 16949.0 0 0.1183471476454613
1 1 0 0 1 1 1 1 1 0 0 1 1 1 1 1 1 1 1 1 1 0 0 1 1 0 1 0 0 1 0 1 1 0 1 0 1 1 1 1 16507.0 13351.0 15880.0 16913.0 0 0.12737324288995047
0 1 0 1 1 1 1 1 1 0 0 1 1 1 1 1 0 1 1 1 1 0 0 1 1 0 1 0 1 1 0 0 1 0 1 0 1 1 1 1 15767.0 13668.0 15838.0 16901.0 0 0.06376294821883685
1 1 0 1 1 1 1 1 1 0 0 1 0 1 1 1 0 1 1 1 1 0 0 1 1 0 1 0 0 1 0 1 1 0 1 0 1 1 1 1 15944.0 13467.0 16007.0 16896.0 0 0.11037466745030675
0 1 0 1 1 0 1 1 1 0 0 1 1 1 1 1 0 1 1 1 1 1 0 1 1 0 1 0 0 1 0 1 1 1 1 0 1 1 1 1 16373.0 12757.0 16474.0 16877.0 0 0.11218766768480531
1 1 0 0 1 1 1 1 1 0 0 1 1 1 1 1 0 1 1 1 1 0 0 1 1 0 1 0 0 1 1 1 1 0 1 0 1 1 1 1 16786.0 13287.0 15792.0 16868.0 0 0.13319974228150552
1 1 0 0 1 1 1 1 0 0 0 1 1 1 1 1 0 1 1 1 1 1 0 1 1 0 1 0 1 1 0 1 1 0 1 0 1 1 1 1 16859.0 12780.0 16130.0 16830.0 0 0.07092148772853896
1 1 0 1 1 0 1 1 1 0 0 1 1 1 1 1 0 1 1 1 1 1 0 1 1 0 1 0 0 1 0 1 1 0 1 0 1 1 1 1 16292.0 13076.0 16747.0 16743.0 0 0.09221393200217098
1 1 0 0 1 1 1 1 0 0 0 1 1 1 1 1 0 1 1 1 1 1 0 1 1 0 1 0 0 1 0 1 1 1 1 0 1 1 1 1 17321.0 12113.0 16286.0 16727.0 0 1000000000000000.1
0 1 0 1 1 1 1 1 1 0 0 0 0 1 1 1 0 1 0 1 1 0 1 1 1 0 1 0 1 1 0 1 1 0 1 0 1 1 1 1 14161.0 13733.0 15816.0 16718.0 0 1000000000000000.0
0 1 0 1 1 1 1 1 1 0 0 1 1 1 1 1 0 1 0 1 1 0 0 1 1 0 1 0 1 1 0 1 1 0 1 0 1 1 1 1 15294.0 13826.0 15865.0 16658.0 0 0.1223858928794371
1 1 0 1 1 0 1 1 1 0 0 1 0 1 1 1 0 1 1 1 1 0 1 1 1 0 1 0 0 1 0 1 1 0 1 0 1 1 1 1 15218.0 13148.0 16621.0 16539.0 0 0.16706267946446124
1 1 0 1 1 0 1 1 1 0 0 1 0 1 1 1 0 1 1 1 1 0 0 1 1 0 1 0 1 1 0 1 1 0 1 0 1 1 1 1 15592.0 13623.0 16159.0 16503.0 0 0.08570956590242598
1 1 0 0 1 1 1 1 0 0 0 1 1 1 1 1 0 1 1 1 1 1 0 1 1 0 1 0 0 1 1 1 1 0 1 0 1 1 1 1 17285.0 12512.0 16274.0 16487.0 0 0.16581184716951775
1 1 0 0 1 1 1 1 1 0 0 1 1 1 1 1 0 1 1 0 1 1 0 1 1 0 1 0 1 1 0 0 1 0 1 0 1 1 1 1 16555.0 13168.0 15819.0 16475.0 0 0.05587782374862486
1 1 0 0 1 1 1 1 1 0 0 1 1 1 1 1 1 1 1 1 1 0 0 1 1 0 1 0 1 1 0 1 1 0 1 0 1 0 0 1 16069.0 13732.0 14218.0 16440.0 0 1000000000000000.0
1 1 0 0 1 1 1 1 0 0 0 1 1 1 1 1 0 1 1 0 1 0 0 1 1 0 1 0 1 1 0 1 1 1 1 0 1 1 1 1 16917.0 12779.0 15598.0 16433.0 0 0.09735297309743438
1 1 0 1 1 0 1 1 1 0 0 1 1 1 1 1 0 1 1 1 1 0 0 1 1 0 1 0 1 1 0 0 1 0 1 0 1 1 1 1 15796.0 13476.0 16419.0 16271.0 0 0.1644459836166059
0 1 0 1 1 1 1 1 1 0 0 1 0 1 1 1 0 1 0 0 1 0 0 1 1 0 1 0 1 1 0 1 1 1 1 0 1 1 1 1 15532.0 13690.0 15637.0 16181.0 0 0.12014869126624086
1 1 0 0 1 0 1 1 0 0 0 1 1 1 1 1 0 1 1 1 1 1 0 1 1 0 1 0 1 1 1 1 1 0 1 0 1 1 1 1 16933.0 12668.0 16426.0 16094.0 0 0.07948484642337553
1 1 0 0 1 1 1 1 0 0 1 1 1 1 1 1 0 1 1 1 1 1 0 1 1 0 1 0 0 1 0 0 1 0 1 0 1 1 1 1 16878.0 11961.0 16761.0 16036.0 0 1000000000000000.0
1 1 0 0 1 0 1 1 0 0 0 1 1 1 1 1 1 1 1 1 1 1 0 1 1 0 1 0 0 1 0 1 1 1 1 0 1 1 1 1 17116.0 12065.0 16670.0 16036.0 0 0.23546100378740242
1 1 0 1 1 0 1 1 1 0 0 1 1 1 1 1 0 1 0 1 1 0 0 1 1 0 1 0 1 1 0 1 1 0 1 0 1 1 1 1 15323.0 13634.0 16446.0 16028.0 0 0.06191906611840743
1 1 0 1 1 1 1 1 1 0 0 1 0 1 1 1 0 1 0 0 1 0 0 1 1 0 1 0 0 1 0 1 1 1 1 0 1 1 1 1 15913.0 13342.0 16066.0 15944.0 0 0.11391986681896714
1 1 0 1 1 0 1 1 0 0 0 1 1 1 1 1 0 1 1 1 1 1 0 1 1 0 1 0 1 1 0 0 1 0 1 0 1 1 1 1 16295.0 12701.0 16901.0 15890.0 0 0.1398467358925465
1 1 0 0 1 1 1 1 1 0 0 1 1 1 1 1 0 1 1 0 1 1 0 1 1 0 1 0 1 1 0 0 0 1 1 0 1 1 1 1 16818.0 12904.0 15357.0 15879.0 0 0.2050081129320801
1 1 0 0 1 0 1 1 1 0 0 1 1 1 1 1 0 1 1 0 1 1 0 1 1 0 1 0 1 1 1 0 1 0 1 0 1 1 1 1 16629.0 13056.0 16115.0 15739.0 0 0.19974273674763443
1 1 0 1 1 0 1 1 1 0 0 1 1 1 1 1 0 1 1 1 1 0 0 1 1 0 1 0 1 1 0 0 0 1 1 0 1 1 1 1 16059.0 13212.0 15957.0 15675.0 0 0.09114547944254826
1 1 0 1 1 0 1 1 0 0 0 1 1 1 1 1 0 1 0 1 1 1 0 1 1 0 1 0 1 1 0 1 1 0 1 0 1 1 1 1 15822.0 12859.0 16928.0 15647.0 0 0.17781728826440976
1 1 0 1 1 0 1 1 1 0 0 1 0 1 1 1 0 1 0 0 1 0 0 1 1 0 1 0 1 1 0 1 1 1 1 0 1 1 1 1 15561.0 13498.0 16218.0 15551.0 0 0.13946664784597373
1 1 0 1 1 1 1 1 1 0 0 1 0 1 1 1 0 1 0 0 1 0 0 1 1 0 1 0 1 1 0 0 1 0 1 0 1 1 1 1 15170.0 13638.0 15877.0 15445.0 0 0.13262065762244885
1 1 0 1 1 0 1 1 0 0 0 1 1 1 1 1 0 1 0 1 1 1 0 1 1 0 1 0 0 1 1 1 1 0 1 0 1 1 1 1 16248.0 12591.0 17072.0 15304.0 0 1000000000000000.2
1 1 0 1 1 1 1 0 1 0 0 1 0 1 0 1 0 1 1 0 1 0 0 1 1 0 1 0 1 1 0 1 1 0 1 0 1 1 1 1 15125.0 13861.0 14482.0 15220.0 0 0.38032328407348526
1 1 0 1 1 1 1 1 1 0 0 1 0 1 0 1 0 1 0 0 1 0 0 1 1 0 1 0 1 1 0 1 1 0 1 0 1 1 1 1 15349.0 13872.0 15337.0 15210.0 0 1000000000000000.1
1 1 0 1 1 0 1 1 1 0 0 1 0 1 1 1 0 1 0 0 1 1 0 1 1 0 1 0 0 1 1 1 1 0 1 0 1 1 1 1 15740.0 13126.0 16501.0 15181.0 0 0.13039606919051067
1 1 0 1 1 0 1 1 1 0 0 1 0 1 1 1 0 1 0 0 1 0 1 1 1 0 1 0 1 1 0 0 1 0 1 0 1 1 1 1 14444.0 13319.0 16491.0 15088.0 0 0.39035181248924666
1 1 0 0 1 1 1 1 0 0 0 1 1 1 1 1 0 1 0 0 1 1 0 1 1 0 1 0 1 1 1 0 1 0 1 0 1 1 1 1 16511.0 12683.0 16144.0 15036.0 0 0.2607490137058461
1 1 0 1 1 0 1 1 1 0 0 1 0 1 0 1 0 1 0 0 1 1 0 1 1 0 1 0 1 1 0 0 1 1 1 0 1 1 1 1 15843.0 13079.0 16209.0 14402.0 0 1000000000000000.0
0 1 0 0 1 1 1 1 1 0 0 1 1 1 1 1 0 1 1 1 1 0 1 1 1 0 1 0 1 1 0 1 1 0 1 0 1 1 0 1 15394.0 13121.0 14695.0 17435.0 1 1000000000000000.1
0 1 0 1 1 1 1 1 1 0 0 1 1 1 1 1 0 1 1 0 1 1 0 1 1 0 1 0 1 1 0 1 1 0 1 0 1 0 0 1 15636.0 13544.0 14111.0 16476.0 1 1000000000000000.1
0 1 0 1 1 1 1 1 1 0 0 0 0 1 1 1 0 1 0 1 1 0 1 1 1 0 1 0 1 1 0 0 1 0 1 0 1 1 1 1 13880.0 13362.0 15783.0 16116.0 1 1000000000000000.1
1 1 0 0 1 1 1 1 1 0 0 1 1 1 1 1 0 1 1 0 1 1 0 1 1 0 1 0 1 0 1 0 1 0 1 0 1 0 1 1 16313.0 13091.0 15086.0 14746.0 1 1000000000000000.1
0 1 0 1 1 1 1 0 1 0 0 1 1 1 1 1 0 1 1 1 1 0 0 1 1 0 1 0 1 1 0 1 1 0 1 0 1 1 1 1 15070.0 13815.0 15010.0 16668.0 1 1000000000000000.0
1 1 0 0 0 1 1 1 0 0 0 1 1 1 1 1 0 1 1 1 1 1 0 1 1 0 1 0 0 1 0 1 1 1 1 0 1 1 1 1 16736.0 11486.0 16080.0 16425.0 1 1000000000000000.0
1 1 0 1 1 0 1 1 1 0 0 1 1 1 1 1 0 1 0 1 1 1 0 1 1 0 1 0 0 1 0 1 1 0 1 0 1 1 1 1 15538.0 12863.0 16741.0 15898.0 1 1000000000000000.0
1 0 0 0 1 1 1 1 0 0 0 1 1 1 1 1 0 1 1 1 1 1 0 1 1 0 1 0 1 1 0 0 1 1 1 0 1 1 1 1 17282.0 11642.0 15836.0 15593.0 1 1000000000000000.0
0 1 0 1 1 1 1 1 1 0 0 0 1 1 0 1 0 1 1 1 1 1 0 1 1 0 1 0 0 1 0 1 1 1 1 0 1 1 0 1 16138.0 12763.0 14545.0 16778.0 1 0.2873688592660648
0 1 0 1 1 1 1 1 1 0 0 0 0 1 1 1 0 1 0 1 1 0 1 1 1 0 1 0 1 1 0 1 1 0 1 0 1 1 0 1 13950.0 13426.0 14830.0 16669.0 1 0.2752778502471997
0 1 0 1 1 1 1 1 1 0 0 0 0 1 1 1 0 1 1 1 1 0 1 1 1 0 1 0 0 1 0 1 1 0 1 0 1 1 1 1 14465.0 13086.0 15520.0 17143.0 1 0.2596555735142564
1 1 0 0 1 1 1 1 0 0 0 1 1 1 1 1 0 1 1 0 1 1 0 1 1 0 1 0 1 1 0 1 0 1 1 0 1 1 1 1 16933.0 12411.0 15275.0 15810.0 1 0.22805062771694157
0 1 0 1 0 1 1 1 1 0 0 0 1 1 1 1 0 1 1 1 1 1 0 1 1 0 1 0 0 1 0 1 1 1 1 0 1 1 0 1 15655.0 12273.0 14912.0 17313.0 1 0.2254518620716185
0 1 0 0 1 1 1 0 1 1 0 1 1 1 1 1 0 1 1 1 1 0 0 1 1 0 1 0 1 1 0 1 1 0 1 0 1 1 1 1 15386.0 13378.0 14261.0 16966.0 1 0.22049245283967878
0 1 0 1 1 1 1 1 1 0 0 1 0 1 1 1 0 1 0 1 1 0 0 1 1 0 1 0 1 1 0 1 1 0 1 0 1 1 1 1 14809.0 13602.0 15572.0 16288.0 1 0.2196786325893624
1 1 0 1 1 0 1 1 1 0 0 1 0 1 1 1 0 1 0 1 1 1 0 1 1 0 1 0 1 1 0 1 0 1 1 0 1 1 1 1 15766.0 13235.0 16288.0 15352.0 1 0.20994025975068759
0 1 0 0 1 1 1 1 0 0 0 1 1 1 1 1 0 1 1 1 1 1 0 1 1 0 1 0 0 1 0 1 1 1 1 0 1 1 1 1 16490.0 11601.0 15555.0 16544.0 1 0.20333151183658527
1 1 0 1 1 0 1 1 0 0 0 1 1 1 1 1 0 1 1 0 1 1 0 1 1 0 1 0 1 1 0 0 1 0 1 0 1 1 1 1 16106.0 12596.0 16508.0 15466.0 1 0.19722072508477612
1 1 0 1 0 1 1 1 0 0 0 1 0 1 1 1 0 1 0 1 1 1 0 1 1 0 1 0 0 1 0 1 1 1 1 0 1 1 1 1 16016.0 12045.0 16735.0 15685.0 1 0.19520499230641758
1 1 0 0 1 1 1 1 0 0 0 1 1 1 1 1 0 1 1 1 1 1 0 1 1 0 1 0 0 1 0 1 1 1 1 0 1 1 0 1 17110.0 11806.0 15300.0 16678.0 1 0.18992859734999018
0 1 0 1 1 1 1 1 1 0 0 0 0 1 1 1 0 1 0 1 1 0 1 1 1 0 1 0 0 1 0 1 1 1 1 0 1 1 1 1 14623.0 13066.0 15972.0 16615.0 1 0.178965750503315
0 1 0 1 1 1 1 1 1 0 0 1 0 1 0 1 0 1 1 1 1 0 0 1 1 0 1 0 1 1 0 1 1 0 1 0 1 1 1 1 15461.0 13678.0 15005.0 16296.0 1 0.17798935236817368
1 1 0 0 1 1 1 1 0 0 0 1 1 1 1 1 0 1 1 1 1 1 0 1 1 0 1 0 0 1 0 0 1 1 1 0 1 1 1 1 17040.0 11742.0 16253.0 16125.0 1 0.17129871949789674
1 1 0 1 1 0 1 1 1 0 0 1 0 1 1 1 0 1 1 0 1 1 0 1 1 0 1 0 1 1 0 0 0 1 1 0 1 1 1 1 16050.0 12972.0 15868.0 15171.0 1 0.16653749097605075
0 1 0 0 1 1 1 1 1 0 0 1 1 1 1 1 0 1 1 1 1 0 1 1 1 0 1 0 0 1 0 1 1 0 1 0 1 1 1 1 15155.0 12568.0 15379.0 17064.0 1 0.16603338209039056
1 1 0 1 1 0 1 1 0 0 0 1 1 1 1 1 0 1 1 1 1 1 0 1 1 0 1 0 0 1 0 1 1 0 1 0 1 1 1 1 16126.0 12212.0 16632.0 16072.0 1 0.15564728399500546
1 1 0 1 1 0 1 1 1 0 0 1 0 1 1 1 0 1 1 1 1 0 0 1 1 0 1 0 1 1 0 0 1 0 1 0 1 1 1 1 15311.0 13252.0 16126.0 15901.0 1 0.15392935810573863
0 1 0 1 1 1 1 1 1 0 0 1 1 1 1 1 0 1 0 1 1 0 0 1 1 0 1 0 1 1 0 0 1 0 1 0 1 1 1 1 15013.0 13455.0 15832.0 16056.0 1 0.1538890781427167
1 1 0 0 1 1 1 1 0 0 0 1 1 1 1 1 0 1 1 1 1 1 0 1 1 0 1 0 0 0 1 1 1 0 1 0 1 1 1 1 16844.0 12015.0 16073.0 15525.0 1 0.15253117990707157
1 1 0 0 0 1 1 1 0 0 0 1 1 1 1 1 0 1 1 1 1 1 0 1 1 0 1 0 0 1 1 1 1 0 1 0 1 1 1 1 16700.0 11885.0 16068.0 16185.0 1 0.15127316993125428
1 1 0 1 1 0 1 1 1 0 0 0 1 1 1 1 0 1 1 1 1 1 0 1 1 0 1 0 0 1 0 1 1 0 1 0 1 1 1 1 15568.0 12822.0 16227.0 16717.0 1 0.15079438349566088
0 1 0 0 1 1 1 1 0 0 0 1 1 1 1 1 0 1 1 1 1 1 0 1 1 0 1 0 1 1 0 0 1 1 1 0 1 1 1 1 16659.0 12090.0 15824.0 16362.0 1 0.15064353043223588
1 1 0 0 1 1 1 1 0 0 0 1 1 1 1 1 0 1 1 0 1 1 0 1 1 0 1 0 1 0 1 0 1 0 1 0 1 1 1 1 16824.0 12399.0 15949.0 14919.0 1 0.14694930123974603
1 1 0 0 1 1 1 1 1 0 0 1 1 1 1 0 0 1 1 0 1 1 0 1 1 0 1 0 1 1 0 1 1 0 1 0 1 1 0 1 15815.0 13194.0 14573.0 16869.0 1 0.14599896480701602
1 1 0 1 1 0 1 1 0 0 0 1 1 1 1 1 0 1 1 0 1 1 0 1 1 0 1 0 1 1 0 0 0 1 1 0 1 1 1 1 16369.0 12332.0 16046.0 14870.0 1 0.14436601312264924
1 1 0 1 1 0 1 1 1 0 0 1 1 1 1 1 0 1 0 1 1 0 0 1 1 0 1 0 0 1 1 0 1 0 1 0 1 1 1 1 15468.0 12995.0 16557.0 15083.0 1 0.14160474158518416
1 1 0 1 1 0 1 1 1 0 0 1 0 1 1 1 0 1 0 1 0 1 0 1 1 0 1 0 1 1 0 1 1 0 1 0 1 1 1 1 15113.0 13093.0 16395.0 15017.0 1 0.14106090611336575
1 1 0 1 1 0 1 1 0 0 0 1 1 1 1 1 0 1 1 1 1 0 0 1 1 0 1 0 1 1 0 1 1 0 1 0 1 1 1 1 15911.0 12983.0 16337.0 16202.0 1 0.1373649778262194
1 1 0 0 1 1 1 1 1 0 0 0 1 1 1 1 0 1 1 1 1 1 0 1 1 0 1 0 0 1 0 1 1 0 1 0 1 1 1 1 15851.0 12530.0 15423.0 17055.0 1 0.13451420978080036
0 1 0 0 1 1 1 1 1 0 0 1 1 1 1 1 0 1 1 1 1 0 1 1 1 0 1 0 1 1 0 0 1 0 1 0 1 1 1 1 15324.0 13057.0 15648.0 16882.0 1 0.1172771949230706
1 1 0 0 1 1 1 1 1 0 0 0 1 1 1 1 0 1 1 1 1 0 0 1 1 0 1 0 1 1 0 1 1 0 1 0 1 1 1 1 15636.0 13301.0 15128.0 17185.0 1 0.11676330770590714
0 1 0 1 1 0 1 1 1 0 0 1 1 1 1 1 0 1 1 1 1 1 1 1 0 0 1 0 0 1 0 1 1 1 1 0 1 1 1 1 15634.0 12142.0 16448.0 16585.0 1 0.11339897224485104
1 1 0 0 1 1 1 1 1 0 0 0 0 1 1 1 0 1 1 1 1 1 0 1 1 0 1 0 0 1 0 1 1 1 1 0 1 1 1 1 16278.0 12499.0 15588.0 17002.0 1 0.11040206104138899
1 1 0 0 0 1 1 1 1 0 0 1 1 1 1 1 0 1 1 0 1 1 0 1 1 0 1 0 1 1 0 1 1 0 1 0 1 1 1 1 16251.0 12912.0 15646.0 16775.0 1 0.1075063717936143
1 1 0 0 0 1 1 1 1 0 0 1 1 1 1 0 0 1 1 1 1 1 0 1 1 0 1 0 0 1 0 1 1 1 1 0 1 1 1 1 16092.0 12312.0 15902.0 16937.0 1 0.1038305238582033
1 1 0 0 1 1 1 1 1 0 0 0 1 1 1 1 0 1 1 0 1 1 0 1 1 0 1 0 1 1 0 1 0 1 1 0 1 1 1 1 16375.0 13021.0 14870.0 16455.0 1 0.10154836799858223
1 1 0 1 1 0 1 1 1 0 0 1 0 1 1 1 0 1 1 1 1 0 0 1 1 0 1 0 1 1 0 1 1 0 1 0 1 1 0 1 15381.0 13316.0 15173.0 16454.0 1 0.09664561751656466
1 1 0 0 1 1 1 1 1 0 0 0 0 1 1 1 0 1 0 1 1 0 1 1 1 0 1 0 1 1 0 1 1 0 1 0 1 1 1 1 14473.0 13249.0 15593.0 16426.0 1 0.08658044899672193
