0 1 0 1 0 1 1 1 1 0 1 0 1 1 1 0 0 1 1 1 1 0 1 1 0 0 1 0 1 1 0 1 1 0 0 0 0 1 0 1 12216.0 11346.0 13212.0 16697.0 0 1000000000000000.2
1 1 0 0 1 1 1 1 0 0 0 0 1 1 1 0 1 1 1 0 1 0 1 1 0 0 1 0 1 1 0 1 1 0 0 0 0 1 0 1 12605.0 10764.0 12255.0 15506.0 0 0.4567498350028245
0 1 0 1 0 1 1 1 0 1 0 0 1 1 1 0 0 1 1 0 0 1 0 1 0 0 1 0 1 1 0 1 1 1 0 0 0 1 0 1 13057.0 10015.0 11879.0 15367.0 0 0.5511352991405162
0 1 0 1 1 1 1 1 1 0 0 1 0 1 0 1 0 1 1 0 1 0 1 1 0 0 1 0 1 1 0 1 1 0 0 0 0 1 0 1 12809.0 11387.0 12006.0 15325.0 0 0.2173768124505723
1 1 0 1 0 0 1 1 1 0 1 0 0 1 1 1 0 1 1 0 1 1 0 1 0 0 1 0 1 1 0 1 1 0 0 0 0 1 0 1 12970.0 10567.0 13233.0 15266.0 0 0.3729753902806483
1 1 1 0 1 0 1 0 1 1 0 0 0 1 1 0 1 1 1 0 1 0 1 1 0 0 1 0 1 1 0 1 1 0 0 0 0 1 0 1 11377.0 11637.0 11284.0 15173.0 0 2000000000000000.0
0 1 0 0 1 1 1 0 1 1 0 1 1 1 1 1 0 1 1 0 1 1 0 1 1 0 1 0 1 1 1 1 0 0 0 0 1 1 1 0 14411.0 12370.0 12283.0 15119.0 0 0.35788048277970774
1 1 0 0 1 1 1 1 0 0 0 0 1 1 1 0 1 1 1 0 1 0 1 1 0 0 1 0 1 1 0 1 1 0 1 0 1 1 1 0 13450.0 11575.0 14113.0 14960.0 0 0.17056086637468953
0 1 0 1 0 1 1 1 0 0 0 0 1 1 1 0 1 1 1 0 1 0 1 1 0 0 0 0 1 1 1 1 1 0 0 0 1 1 0 1 12469.0 11824.0 12432.0 14727.0 0 0.19081034700843674
1 1 0 0 0 1 1 1 0 1 0 1 1 1 1 0 0 1 1 0 0 1 0 1 1 0 1 0 1 0 0 1 1 0 0 0 1 1 0 1 14269.0 10992.0 12915.0 14700.0 0 0.5376242008416428
1 1 0 1 0 0 1 1 0 1 0 1 1 1 0 1 0 1 1 0 1 0 1 1 0 0 1 0 1 1 0 1 1 0 0 0 1 1 1 0 13453.0 10931.0 13636.0 14243.0 0 0.17949655093716546
1 1 0 0 1 0 1 1 0 0 0 1 1 1 1 1 0 1 1 0 1 1 0 1 1 0 1 0 1 1 1 1 0 1 0 0 1 1 1 0 15329.0 11172.0 13863.0 14197.0 0 1000000000000000.4
1 1 0 0 1 1 0 1 1 0 0 0 1 1 1 1 0 1 0 1 0 1 1 1 1 0 1 1 0 0 0 1 1 1 1 0 1 1 0 0 13460.0 10832.0 14069.0 13827.0 0 0.4455721658595545
1 1 1 0 1 1 1 0 1 0 1 1 0 1 0 1 0 1 0 1 1 0 1 1 1 0 0 0 1 1 0 1 1 0 0 0 1 1 1 0 12396.0 12743.0 13056.0 13396.0 0 1000000000000000.1
1 1 0 1 0 0 1 1 1 0 1 0 0 1 1 1 0 1 1 0 1 1 0 1 0 0 1 0 1 0 1 1 0 1 1 0 1 0 0 1 14504.0 11490.0 13632.0 13147.0 0 0.3349861508326117
0 1 0 1 0 1 1 0 1 0 1 1 0 1 0 1 0 1 0 1 1 0 1 1 1 0 0 0 1 1 0 1 1 0 0 0 1 1 1 0 11463.0 11998.0 13060.0 13145.0 0 0.2094329971206521
0 1 0 1 0 1 1 1 1 0 0 1 0 0 1 1 0 0 0 1 0 1 1 1 1 0 1 1 0 0 0 1 1 0 1 0 1 1 0 1 12820.0 10639.0 14359.0 13002.0 0 0.2446434483597015
1 1 0 0 0 1 1 1 0 1 0 1 1 1 1 0 0 1 1 0 0 1 0 1 1 0 1 0 1 0 1 0 0 1 1 0 1 1 1 0 15258.0 10863.0 14116.0 12903.0 0 0.33974635494959066
1 1 0 1 0 0 1 1 1 0 1 1 0 0 0 1 0 1 0 0 1 1 1 1 0 0 1 1 1 1 0 1 1 0 0 0 1 1 1 0 12468.0 11525.0 15145.0 12807.0 0 1000000000000000.0
1 1 0 1 0 0 1 0 1 0 1 0 0 0 0 1 0 1 0 0 1 1 1 1 0 0 1 1 1 1 0 1 1 0 0 0 1 1 1 1 11645.0 11807.0 14486.0 12747.0 0 0.42590570133560335
1 1 0 0 1 0 1 1 0 0 0 1 0 1 1 1 0 0 0 1 0 1 1 1 1 0 1 1 0 0 1 1 1 1 1 0 1 1 0 0 14325.0 9727.0 14610.0 12113.0 0 1000000000000000.2
1 1 0 1 1 1 1 0 1 0 1 0 0 1 0 1 0 1 1 0 0 1 1 1 0 0 1 0 1 0 1 0 0 0 0 0 1 1 0 1 13182.0 11680.0 12464.0 11964.0 0 0.39221391317522997
1 1 0 1 0 0 1 0 1 0 1 0 0 1 0 1 0 1 0 0 0 1 1 1 1 0 1 1 0 1 1 1 0 0 1 0 1 0 0 1 12425.0 12052.0 13518.0 11483.0 0 0.4086828206171028
1 1 0 1 0 0 1 0 1 0 1 0 0 1 0 1 0 1 0 0 0 1 1 1 0 0 1 1 1 0 1 1 0 0 1 0 1 1 0 1 12296.0 11587.0 13807.0 11037.0 0 1000000000000000.1
0 1 0 1 0 1 1 1 0 0 0 0 1 1 1 0 1 1 1 0 1 0 1 1 0 1 1 0 1 1 0 1 1 0 0 0 0 1 0 1 11877.0 10805.0 12403.0 15938.0 1 1000000000000000.1
0 1 0 0 1 1 0 1 0 1 0 1 1 1 1 0 1 1 1 0 1 0 1 1 0 0 1 0 1 1 0 1 1 0 0 0 0 1 0 1 12454.0 10259.0 11257.0 15354.0 1 0.2905725998535281
1 1 0 1 0 0 1 1 0 1 0 1 1 1 0 1 0 1 1 0 1 0 1 1 0 0 1 0 1 1 0 1 1 0 0 0 0 1 0 1 13407.0 10487.0 12764.0 14865.0 1 0.20176565057409662
0 1 1 1 0 1 1 0 1 0 0 0 1 0 1 0 1 1 1 0 1 0 1 1 0 0 1 0 1 1 0 1 1 0 0 0 0 1 0 1 10265.0 11375.0 11188.0 14581.0 1 1000000000000000.0
1 1 0 1 0 1 1 1 1 0 0 0 1 0 1 1 0 1 1 1 1 0 0 1 0 0 0 0 1 1 0 1 1 0 0 0 1 1 1 1 12460.0 11529.0 12855.0 14566.0 1 0.04807479017510502
0 1 0 0 1 1 0 1 0 1 0 1 1 1 1 0 1 1 1 0 1 0 1 1 1 0 0 0 1 1 0 1 1 0 0 0 1 1 1 0 12486.0 11417.0 12025.0 14504.0 1 0.15021314480748102
0 0 0 0 1 1 0 0 1 1 0 1 1 1 1 1 0 1 1 0 1 1 0 1 1 0 1 1 1 0 0 1 1 0 0 0 1 1 0 1 13499.0 11138.0 11267.0 14380.0 1 0.12972388540139554
0 0 0 0 1 1 1 0 1 1 0 1 1 1 1 1 0 1 1 0 1 1 0 1 1 0 1 0 1 1 1 1 0 0 0 0 1 1 1 0 14203.0 11410.0 11564.0 14167.0 1 0.15352621299585095
1 1 0 1 0 0 1 1 0 1 0 1 1 1 1 1 0 1 1 0 0 0 1 1 0 0 1 0 1 1 0 1 1 0 0 0 1 1 0 0 12954.0 10355.0 12868.0 14100.0 1 0.1051145801072683
0 1 1 1 0 1 1 0 1 0 0 0 1 1 0 1 0 1 1 1 1 0 0 1 0 0 0 0 1 1 1 1 1 0 0 0 1 1 0 1 11917.0 12031.0 10514.0 13972.0 1 0.2495871177497345
0 1 0 1 0 1 1 1 1 0 0 1 0 1 1 1 0 0 0 1 0 1 1 1 1 0 1 1 0 0 0 1 1 0 0 0 1 1 0 1 12688.0 10760.0 13724.0 13918.0 1 0.08786243973189425
0 1 0 1 0 1 1 0 1 0 1 1 0 1 0 1 0 1 0 1 1 0 1 1 1 0 0 0 1 1 0 1 1 0 0 0 0 1 0 1 11417.0 11554.0 12188.0 13767.0 1 0.14808641699859734
1 1 0 0 0 1 1 1 1 0 0 1 0 1 1 1 0 0 0 1 0 1 1 1 1 0 1 1 0 0 0 1 1 0 0 0 1 1 0 1 13000.0 10276.0 13501.0 13626.0 1 0.09564823790067978
1 1 0 0 1 0 0 1 0 1 0 1 0 1 1 1 0 0 0 1 0 1 1 1 1 0 1 0 1 1 0 1 1 0 1 0 1 1 0 1 14088.0 10099.0 13458.0 13552.0 1 0.08598185988980564
1 1 1 1 0 1 1 0 0 0 0 0 1 1 0 1 0 1 1 1 1 0 0 1 0 0 0 0 1 1 1 1 1 0 0 0 1 1 0 1 12582.0 11679.0 11130.0 13484.0 1 0.1917933872826406
1 1 0 0 1 0 1 1 0 1 0 0 0 1 0 1 0 0 0 1 0 1 1 1 1 0 1 0 1 1 0 1 1 0 1 0 1 1 0 1 14141.0 10514.0 13357.0 13457.0 1 0.07462236650373055
1 1 0 1 0 0 1 1 0 1 0 1 1 1 1 1 0 1 1 0 0 1 0 1 0 0 1 0 0 0 1 1 1 0 0 0 1 1 0 1 14407.0 10054.0 13366.0 13430.0 1 0.20910541559890816
0 1 0 1 0 1 1 1 0 1 0 1 1 1 1 0 0 1 1 0 0 1 0 1 0 0 1 0 1 0 1 1 0 0 0 0 1 1 0 1 13369.0 10611.0 11874.0 13408.0 1 0.13755065464526872
0 1 0 0 1 0 1 1 0 1 0 0 0 1 0 1 0 0 0 1 0 1 1 1 1 0 1 0 1 1 1 1 1 0 1 0 1 1 0 1 14186.0 10594.0 13072.0 13351.0 1 0.12588351242963303
0 1 0 1 0 1 1 1 1 0 0 0 1 0 0 0 1 1 1 0 0 1 1 1 0 0 1 0 1 1 0 0 1 0 1 0 1 1 0 1 12612.0 11436.0 13266.0 13301.0 1 0.09734872986981144
0 1 0 1 0 1 1 1 1 0 0 1 0 1 1 1 0 0 0 1 0 1 1 1 0 0 1 1 0 0 0 1 1 0 1 0 1 1 0 1 12672.0 10127.0 13920.0 13246.0 1 0.11419453878335438
1 1 0 0 1 1 0 1 1 0 0 1 0 1 1 1 0 0 0 1 0 1 1 1 1 0 1 1 0 0 0 1 1 0 1 0 1 1 0 1 13505.0 10464.0 13701.0 13236.0 1 0.08229653023231925
0 1 0 1 0 1 1 1 1 0 0 1 0 1 1 1 0 0 0 1 0 1 1 1 1 0 1 1 0 0 0 1 1 0 1 0 1 1 0 0 12608.0 10367.0 13988.0 13193.0 1 0.07056840371835735
1 0 0 1 0 1 1 1 1 1 0 1 0 0 1 1 0 1 1 1 1 0 0 1 0 0 1 0 1 0 1 1 0 0 0 0 1 1 0 1 13730.0 10775.0 11801.0 13172.0 1 0.1194433450409273
0 1 0 1 0 1 1 0 1 0 0 0 0 0 0 1 0 1 0 0 1 1 1 1 0 0 1 1 1 1 0 1 1 0 0 0 1 1 1 1 10866.0 11587.0 12939.0 13149.0 1 0.23710494750856376
0 1 0 1 0 1 1 1 1 0 0 0 1 0 0 0 1 1 1 0 1 0 1 1 1 1 0 0 1 1 0 1 1 0 1 0 1 0 0 0 11217.0 12090.0 11384.0 13113.0 1 0.19458091991540102
1 1 0 1 1 0 1 0 1 0 1 0 0 1 0 1 0 0 0 1 0 1 1 1 1 0 1 0 1 1 0 1 1 0 1 0 0 1 0 1 13049.0 11106.0 13718.0 13093.0 1 0.0956516685587972
1 1 0 0 1 1 1 1 0 1 1 1 1 1 1 0 0 1 1 0 1 0 0 1 0 0 0 0 0 1 1 1 0 0 1 0 1 0 0 1 14025.0 11029.0 11594.0 13085.0 1 0.13042680307397037
1 1 0 0 1 1 0 1 1 0 0 0 1 0 0 0 1 1 1 0 1 1 1 1 0 0 1 0 1 1 0 0 1 1 1 0 1 1 1 0 13264.0 10919.0 13334.0 13039.0 1 0.14390696463428815
0 1 0 1 0 1 1 1 0 1 0 1 1 1 1 0 0 1 1 0 0 1 0 1 0 0 1 0 1 0 1 1 0 1 1 0 1 0 0 1 14403.0 10999.0 12340.0 12957.0 1 0.13267245351127355
1 1 0 1 0 1 1 1 1 0 0 0 1 0 1 1 0 1 1 1 1 0 0 1 0 0 0 0 1 1 1 1 0 0 1 0 1 0 0 1 12598.0 11552.0 11403.0 12913.0 1 0.07307916105898077
1 1 0 0 1 1 1 1 0 1 0 1 1 1 1 0 0 1 1 0 0 1 0 1 0 0 1 0 1 0 1 0 0 0 1 0 1 1 0 1 14784.0 10750.0 12810.0 12892.0 1 0.1795258756582659
0 1 0 1 0 1 1 1 1 0 0 0 1 0 0 0 1 1 1 0 0 1 1 1 0 0 1 0 1 1 0 0 1 1 1 0 1 1 1 0 12856.0 11176.0 13988.0 12866.0 1 0.10681196478049765
1 1 0 0 0 1 1 1 1 0 0 0 1 0 0 0 1 1 1 0 1 0 1 1 1 1 0 0 1 1 0 1 1 0 1 0 1 0 0 0 11529.0 11606.0 11161.0 12821.0 1 0.12090615527689508
0 1 0 1 0 1 1 1 1 0 0 0 1 1 0 0 1 1 0 0 0 1 1 1 0 0 1 1 1 0 0 1 1 0 0 0 1 1 1 0 11073.0 11478.0 13407.0 12615.0 1 0.15197577261618525
0 1 0 1 1 1 1 1 1 0 0 1 0 1 0 1 0 1 0 0 0 1 1 1 0 0 1 1 1 0 0 1 1 0 0 0 1 1 1 0 12110.0 11517.0 13599.0 12610.0 1 0.10210529352592897
0 1 0 1 0 1 1 1 1 0 0 0 1 1 0 0 1 1 1 0 1 0 1 0 1 0 0 0 1 0 1 1 0 0 0 0 1 1 0 1 11374.0 12543.0 10832.0 12583.0 1 1000000000000000.1
1 1 1 1 0 1 1 0 1 0 0 0 1 1 0 1 0 1 1 1 1 0 0 1 0 0 0 0 1 1 1 1 0 0 1 0 1 0 0 1 12221.0 12281.0 10333.0 12474.0 1 1000000000000000.1
1 1 0 0 1 1 0 1 0 0 0 1 0 1 1 1 0 0 0 0 0 1 1 1 1 0 1 1 0 0 0 1 1 1 1 0 1 1 0 1 14062.0 9688.0 13651.0 12458.0 1 1000000000000000.0
1 1 0 0 1 1 1 1 0 1 0 1 1 1 1 0 0 1 1 0 0 1 0 1 0 0 1 0 1 0 1 0 0 1 1 0 1 1 1 0 15028.0 10490.0 13532.0 12457.0 1 0.07347241090636145
1 1 0 1 0 0 1 0 1 0 1 0 0 1 0 1 0 1 0 0 1 1 1 1 0 0 0 0 1 1 1 1 1 0 0 0 1 1 0 1 11973.0 11581.0 12717.0 12436.0 1 0.08159468788540028
1 1 0 0 1 1 0 1 0 0 0 1 1 0 0 0 1 1 1 0 1 1 1 1 0 0 1 0 1 1 0 0 1 1 1 0 1 1 1 0 13822.0 10309.0 13739.0 12394.0 1 0.13543590433615985
1 1 0 0 1 1 1 1 0 1 0 1 1 1 1 0 0 1 1 0 0 1 0 1 0 0 1 0 1 0 1 0 0 1 1 0 1 0 0 1 15019.0 10771.0 12290.0 12365.0 1 0.10083934519850077
0 1 1 1 1 1 1 0 1 0 0 0 1 1 0 1 0 1 1 0 0 1 0 1 1 0 0 1 1 0 0 1 0 0 0 0 1 1 0 1 11612.0 12403.0 10478.0 12360.0 1 0.1812910960852269
1 1 0 1 0 0 1 1 0 1 0 1 1 1 1 1 0 1 1 0 0 1 0 1 0 0 1 0 0 0 1 0 0 1 1 0 1 1 0 1 15188.0 9786.0 13857.0 12308.0 1 1000000000000000.1
1 1 1 1 1 1 1 0 0 0 1 0 1 1 1 1 0 1 1 0 0 1 0 1 0 0 1 0 1 0 1 0 0 0 0 0 1 1 0 1 13563.0 11394.0 12464.0 12285.0 1 0.17465478948776103
0 1 0 1 0 1 1 1 1 0 0 0 1 0 0 0 1 1 1 0 1 1 0 1 0 0 1 0 1 0 1 1 0 1 1 0 1 0 0 1 13228.0 11487.0 11695.0 12053.0 1 0.17668059248357196
1 1 0 1 0 0 1 0 1 0 1 0 0 1 1 1 0 0 0 1 0 1 1 1 1 0 1 1 0 0 0 1 1 0 1 0 1 1 0 0 11685.0 10109.0 14154.0 11930.0 1 1000000000000000.0
1 1 0 1 1 0 1 0 1 0 1 0 0 1 0 1 0 1 0 0 0 1 1 1 1 0 1 1 0 0 0 1 1 1 0 0 0 1 1 0 11750.0 10695.0 14103.0 11862.0 1 0.16063283931735817
1 1 1 1 1 1 1 0 0 0 1 0 1 1 1 1 0 1 1 0 0 1 0 1 0 0 1 0 1 0 1 0 1 0 0 0 1 0 1 0 12867.0 11226.0 12670.0 11602.0 1 0.3151716558091661
1 1 0 1 0 0 1 0 1 0 0 1 0 1 1 1 0 0 0 0 0 1 1 1 1 0 1 1 1 0 1 1 0 0 1 0 1 1 1 0 12358.0 11148.0 14129.0 10937.0 1 0.20102854695069333
1 1 1 0 1 0 1 0 1 0 1 1 0 1 0 1 0 1 0 1 1 1 1 0 1 0 0 1 0 0 0 1 0 0 1 0 1 1 0 1 11477.0 11793.0 12677.0 10910.0 1 0.2402232036445947
1 1 0 1 0 0 1 0 1 0 1 0 0 0 0 1 0 1 0 0 0 1 1 1 1 0 1 1 0 1 1 1 0 0 1 0 1 0 0 1 11758.0 11564.0 13167.0 10491.0 1 1000000000000000.1
0 0 0 0 1 1 0 0 1 1 0 1 1 1 1 1 0 1 1 0 1 1 0 1 0 0 1 0 1 1 0 1 1 0 0 0 0 1 0 1 12236.0 9025.0 9384.0 14109.0 2 1000000000000000.2
0 1 1 1 0 1 1 0 1 0 0 0 1 0 0 0 1 1 1 0 1 0 1 1 0 0 1 0 1 1 0 1 1 0 0 0 0 1 0 1 10163.0 11238.0 10615.0 13744.0 2 1000000000000000.1
1 1 0 0 1 0 0 1 0 1 0 1 0 1 1 1 0 0 0 1 0 1 1 1 1 0 1 1 0 0 0 1 1 1 1 0 1 1 0 0 13405.0 8888.0 13377.0 12041.0 2 1000000000000000.1
1 1 0 1 0 0 1 1 0 1 0 1 1 1 1 1 0 1 1 0 0 1 0 1 0 0 1 0 0 0 1 0 0 1 1 0 1 0 0 1 14511.0 9614.0 12879.0 11464.0 2 1000000000000000.1
0 1 0 1 0 1 1 1 1 0 0 0 1 0 0 0 1 1 1 0 1 0 1 0 1 0 0 0 1 0 1 1 1 1 0 0 1 0 1 0 10923.0 12080.0 11145.0 11225.0 2 1000000000000000.1
1 1 0 1 0 0 1 0 1 0 1 0 0 1 0 1 0 1 0 0 0 1 1 1 0 0 1 1 1 0 1 1 0 0 1 0 1 1 1 0 11628.0 11134.0 14071.0 10285.0 2 1000000000000000.1
1 1 0 1 1 0 1 0 1 0 1 0 0 1 0 1 0 1 0 0 0 1 1 1 0 0 1 1 1 0 1 0 1 0 0 0 1 0 1 0 11105.0 11308.0 13200.0 9978.0 2 1000000000000000.1
0 1 0 1 0 1 1 1 0 0 0 0 1 1 1 0 1 1 1 0 1 0 1 1 0 0 1 0 1 1 0 1 1 0 0 0 0 1 0 1 11708.0 10621.0 12272.0 15496.0 2 1000000000000000.0
0 1 1 1 1 1 1 0 1 0 0 0 1 0 0 1 0 1 1 0 0 1 0 1 1 0 0 1 1 0 0 1 1 0 0 0 1 1 0 0 10715.0 11612.0 10325.0 11480.0 2 0.4042717466107985
0 1 0 1 0 1 1 1 0 0 0 0 1 1 1 0 1 1 1 0 1 0 1 1 1 1 0 0 1 1 0 1 1 0 0 0 0 1 0 0 10984.0 10759.0 11577.0 14909.0 2 0.3382722499320254
1 1 1 0 1 0 1 0 1 1 0 0 0 1 0 0 0 1 1 0 1 0 0 1 0 0 0 0 1 1 1 1 1 0 0 0 1 1 0 1 11363.0 11662.0 9573.0 12989.0 2 0.3350674439803258
1 1 0 1 0 0 1 0 1 0 1 0 0 1 1 0 0 1 0 0 1 0 1 0 1 0 0 0 1 0 1 0 0 1 1 0 1 1 0 1 10871.0 11772.0 12669.0 10637.0 2 0.2620793805756638
0 1 0 1 0 1 1 1 0 1 0 1 1 1 1 0 0 1 1 0 0 1 0 1 0 0 1 1 1 0 0 1 0 0 0 0 1 1 1 0 12000.0 10279.0 12378.0 12934.0 2 0.21856995967056506
0 1 0 1 0 1 1 1 1 0 0 0 1 0 0 0 1 1 1 0 1 0 1 1 1 1 0 0 1 1 0 1 1 0 0 0 0 1 0 0 10381.0 10998.0 10768.0 13751.0 2 0.2061120016434151
0 1 0 1 1 0 0 1 0 0 0 1 0 1 1 1 0 0 0 1 0 1 1 1 1 0 1 1 0 0 1 1 1 1 1 0 1 1 0 0 13134.0 9405.0 13841.0 11637.0 2 0.20221620252237824
1 1 0 0 1 1 1 1 0 0 0 1 1 1 1 0 0 1 1 0 0 1 0 1 0 0 1 0 1 0 0 1 1 0 0 0 1 1 0 1 13204.0 10060.0 12126.0 13481.0 2 0.19259580478680904
1 1 0 0 1 1 0 1 1 1 0 1 1 1 1 0 0 1 1 0 1 1 0 1 0 0 1 0 1 0 1 0 0 0 0 0 1 1 0 1 13662.0 10847.0 11302.0 13650.0 2 0.19149788236724113
0 0 0 0 0 1 0 1 1 1 0 1 1 1 1 1 0 1 1 0 0 1 1 1 1 0 1 1 0 0 0 1 1 1 0 0 1 1 0 0 13161.0 9287.0 11765.0 13534.0 2 0.19097205867553854
0 0 0 1 1 1 1 1 1 0 0 1 0 1 0 1 0 1 0 0 0 1 1 1 0 0 1 0 1 0 1 1 0 1 1 0 1 0 0 1 13656.0 10820.0 11922.0 10768.0 2 0.18093402023550106
0 0 0 0 0 1 0 1 1 1 0 1 1 1 0 1 0 1 1 0 0 1 1 1 1 0 1 1 0 1 0 1 1 0 0 0 0 1 0 1 12753.0 9317.0 11049.0 14013.0 2 0.17742089889143817
0 1 0 1 0 0 1 0 1 0 1 0 0 1 0 1 0 1 0 0 0 1 1 1 0 0 1 1 1 0 1 1 0 0 1 0 1 1 0 1 11465.0 11075.0 13076.0 10854.0 2 0.17325869945671224
1 0 0 1 0 1 1 1 1 1 0 1 1 0 1 1 0 1 1 1 1 0 0 1 0 0 0 0 1 1 1 1 0 0 1 0 1 0 0 1 13949.0 11405.0 11409.0 12760.0 2 0.16539221180546973
0 1 0 0 0 1 1 1 1 0 0 1 0 1 1 1 0 0 0 1 0 1 1 1 1 0 1 1 0 0 0 1 1 0 1 0 1 0 0 1 12291.0 9959.0 12778.0 12675.0 2 0.15751432690184433
