1 1 0 0 1 1 1 1 1 0 0 0 1 1 1 1 0 1 1 1 1 0 1 1 1 0 1 0 1 1 0 1 1 0 0 0 1 1 0 1 14702.0 13012.0 13920.0 17516.0 0 2000000000000000.2
0 1 0 0 1 1 1 1 1 0 0 0 1 1 1 1 0 1 1 1 1 1 0 1 1 0 1 0 1 1 1 1 1 0 0 0 1 1 1 1 15547.0 13103.0 14454.0 17293.0 0 0.39748916488157804
1 1 0 0 1 1 1 1 1 0 0 0 0 1 1 1 0 1 1 1 1 0 1 1 1 0 1 0 1 1 0 1 1 0 1 0 1 1 1 1 15227.0 13462.0 15599.0 17271.0 0 0.12321703152333668
1 1 0 0 1 1 1 1 1 0 0 1 1 1 1 1 0 1 1 1 1 0 1 1 1 0 1 0 0 1 0 1 1 0 1 0 1 1 1 1 15986.0 13080.0 16110.0 17247.0 0 0.16141691253325324
1 1 0 0 1 1 1 1 1 0 0 1 1 1 1 1 0 1 1 1 1 1 0 1 1 0 1 0 0 1 0 1 1 0 1 0 1 1 1 1 16575.0 12784.0 15943.0 17081.0 0 0.2778016868139726
1 1 0 0 1 1 1 1 1 0 0 0 1 1 1 1 0 1 0 1 1 1 0 1 1 0 1 0 1 1 0 1 1 1 1 0 1 1 0 1 16248.0 13063.0 15191.0 16898.0 0 0.16908258654174052
1 1 0 0 1 1 1 1 0 0 0 1 1 1 1 1 0 1 1 1 1 1 0 1 1 0 1 0 1 1 0 1 1 0 1 0 1 1 1 1 16859.0 12780.0 16130.0 16830.0 0 0.20800950624400624
1 1 0 0 1 1 1 1 1 0 0 0 1 1 1 1 0 1 0 1 1 0 1 1 1 0 1 0 1 1 0 1 1 0 1 0 1 1 1 1 14958.0 13473.0 15886.0 16796.0 0 0.19712324845417245
0 1 0 0 1 1 1 1 1 0 0 1 1 1 1 1 0 1 0 1 1 1 0 1 1 0 1 0 1 1 0 1 1 1 1 0 1 1 1 1 16352.0 13112.0 15966.0 16790.0 0 0.12222282577244621
1 1 0 0 1 1 1 1 1 0 0 1 1 1 1 1 0 1 0 1 1 0 1 1 1 0 1 0 1 1 0 1 1 0 1 0 1 1 0 1 15471.0 13420.0 15420.0 16773.0 0 0.1814051654713848
1 1 0 0 1 1 1 1 0 0 0 1 1 1 1 1 0 1 1 1 1 1 0 1 1 0 1 0 0 1 0 1 1 1 1 0 1 1 0 1 17110.0 11806.0 15300.0 16678.0 0 0.33080713145238383
1 1 0 0 1 1 1 1 1 0 0 1 1 1 1 1 0 1 0 1 1 1 0 1 1 0 1 0 1 1 0 1 1 0 1 0 1 1 1 1 16271.0 13431.0 16239.0 16656.0 0 0.13646877182221617
1 1 0 0 1 1 1 1 0 0 0 1 1 1 1 1 0 1 1 1 1 1 0 1 1 0 1 0 0 1 1 1 1 0 1 0 1 1 1 1 17285.0 12512.0 16274.0 16487.0 0 0.3598975535595749
1 1 0 0 1 1 1 1 1 0 0 1 0 1 1 1 0 1 0 1 1 0 1 1 1 0 1 0 1 1 0 1 1 0 1 0 1 1 1 1 15197.0 13503.0 16113.0 16452.0 0 0.13616549040794595
1 1 0 0 1 1 1 1 0 0 0 1 1 1 1 1 0 1 1 1 1 0 1 1 1 0 1 0 1 1 0 0 1 0 1 0 1 1 1 1 15989.0 12705.0 16264.0 16394.0 0 0.10613109985937176
1 1 0 0 1 1 1 1 1 0 0 1 1 1 1 1 1 1 0 1 1 1 0 1 1 0 1 0 0 1 0 1 1 0 1 0 1 1 1 1 16418.0 13227.0 16471.0 16358.0 0 0.13964877144031795
1 1 0 0 1 1 1 1 1 0 0 1 1 1 1 1 0 1 0 1 1 1 0 1 1 0 1 0 0 1 1 1 1 0 1 0 1 1 1 1 16697.0 13163.0 16383.0 16313.0 0 0.1866357036710216
1 1 0 0 1 1 1 1 1 0 0 1 1 1 1 1 0 1 0 1 1 0 1 1 1 0 1 0 1 1 0 0 1 0 1 0 1 1 1 1 15401.0 13356.0 16373.0 16220.0 0 0.2018250030918095
1 1 0 0 1 1 1 1 1 0 0 1 0 1 1 1 0 1 0 1 1 0 1 1 1 0 1 0 0 1 1 1 1 0 1 0 1 1 1 1 15623.0 13235.0 16257.0 16109.0 0 0.14191843802267973
1 1 0 0 1 1 1 1 1 0 0 1 1 1 1 1 0 1 0 1 1 1 1 1 1 0 1 0 0 1 0 0 1 0 1 0 1 1 1 1 15616.0 12585.0 16668.0 16090.0 0 0.12574295996856968
1 1 0 0 1 0 1 1 1 0 0 0 1 1 1 1 0 1 0 1 1 1 1 1 1 0 1 0 1 1 0 0 1 1 1 0 1 1 1 1 15452.0 12680.0 16758.0 15988.0 0 0.22524536572811701
1 1 0 0 1 1 1 0 1 0 0 0 1 1 1 0 1 1 0 1 1 1 0 1 1 0 1 0 1 1 0 1 1 0 1 0 1 1 1 1 14356.0 13571.0 15099.0 15758.0 0 0.3700221475604355
1 1 0 0 1 1 1 0 1 0 0 0 0 1 1 1 0 1 0 1 1 0 1 1 1 0 1 0 1 1 1 1 1 0 1 0 1 1 1 1 14371.0 13617.0 15178.0 15668.0 0 0.2020519525315693
1 1 0 0 1 1 1 1 1 0 0 0 0 1 1 0 1 1 0 1 1 0 1 1 1 0 1 0 1 1 0 1 1 0 1 0 1 0 1 1 13583.0 13695.0 14856.0 15545.0 0 2000000000000000.0
0 1 0 0 1 0 1 1 0 0 1 1 1 1 1 1 0 1 0 1 1 1 0 1 1 0 1 0 1 1 0 1 1 1 1 0 1 1 1 1 16134.0 11956.0 16667.0 15534.0 0 0.39365120835030576
1 1 0 0 1 1 1 1 1 0 0 0 0 1 1 0 0 1 0 1 1 0 1 1 1 0 1 0 1 1 1 1 1 0 1 0 1 0 1 1 13862.0 13631.0 14768.0 15500.0 0 0.5496798084319875
1 1 0 0 1 1 1 1 1 0 0 1 0 1 1 1 0 1 0 1 1 0 1 1 1 0 1 0 0 0 1 0 1 1 1 0 1 1 1 1 15813.0 12560.0 16481.0 14862.0 0 0.41568473096684344
0 1 0 0 1 0 1 1 0 0 1 1 0 1 1 1 0 1 0 1 1 1 1 1 1 0 1 0 1 0 0 1 1 1 1 0 1 1 1 1 15284.0 11620.0 16937.0 14658.0 0 1000000000000000.5
1 1 0 0 1 1 1 1 0 0 0 1 1 1 1 1 0 0 1 1 1 1 0 1 1 0 1 0 0 0 1 0 1 1 1 0 1 1 1 1 17314.0 10872.0 15639.0 14509.0 0 2000000000000000.2
0 1 0 0 1 0 1 1 0 0 1 1 0 1 1 1 0 1 0 1 1 1 1 1 1 0 1 0 1 0 1 0 1 0 1 0 1 1 1 1 14967.0 11648.0 16892.0 13816.0 0 1000000000000000.2
1 1 0 0 1 1 1 1 1 0 0 0 1 1 1 1 0 1 1 1 1 0 1 1 1 0 1 0 1 1 0 1 1 0 0 0 0 1 0 1 13988.0 12115.0 13312.0 17386.0 1 2000000000000000.0
0 1 0 0 1 1 1 1 1 0 0 0 1 1 1 1 0 1 1 1 1 1 0 1 1 0 1 0 1 1 1 1 1 0 0 0 1 1 0 1 15336.0 12796.0 13468.0 17244.0 1 0.3019909220356423
1 1 0 0 1 1 1 1 1 0 0 0 1 1 1 1 0 1 1 1 1 0 1 1 1 0 1 0 0 1 0 1 1 0 1 0 1 1 1 1 15262.0 12826.0 15590.0 17221.0 1 0.05654425741185842
1 1 0 0 1 1 1 1 1 0 0 1 0 1 1 1 0 1 1 1 1 0 1 1 1 0 1 0 1 1 0 1 1 0 0 0 1 1 0 1 14941.0 13042.0 14147.0 17172.0 1 0.25838621137101614
1 1 0 0 1 1 1 1 1 0 0 0 0 1 1 1 0 1 1 1 1 0 1 1 1 0 1 0 0 1 0 1 1 1 1 0 1 1 1 1 15689.0 12795.0 15755.0 17168.0 1 0.0771441646562395
1 1 0 0 1 1 1 1 1 0 0 0 1 1 1 1 0 1 1 1 1 1 0 1 1 0 1 0 0 1 1 1 1 0 0 0 1 1 1 1 15928.0 12755.0 14883.0 17056.0 1 0.12009917437471557
1 1 0 0 1 1 1 1 1 0 0 0 1 1 1 1 0 1 1 1 1 1 0 1 1 0 1 0 0 1 1 1 1 0 1 0 0 1 1 1 16013.0 12225.0 15261.0 17002.0 1 0.08381709573688617
1 1 0 0 1 1 1 1 1 0 0 0 1 1 1 1 0 1 0 1 1 1 1 1 1 0 1 0 1 1 0 1 1 0 0 0 1 1 0 1 14613.0 12888.0 14511.0 16961.0 1 0.20907358783608618
0 1 0 0 1 1 1 1 1 0 0 1 1 1 1 1 0 1 1 1 1 1 0 1 1 0 1 0 0 1 0 1 1 0 1 0 1 1 1 1 15744.0 12272.0 15212.0 16898.0 1 0.08338974938104923
1 1 0 0 1 1 1 1 1 0 0 0 1 1 1 0 0 1 1 1 1 0 1 1 1 0 1 0 1 1 0 0 1 0 1 0 1 1 1 1 14621.0 13277.0 15566.0 16880.0 1 0.03631597428988964
1 1 0 0 1 1 1 1 1 0 0 1 0 1 1 1 0 1 1 1 1 0 1 1 1 0 1 0 0 1 0 1 1 0 1 0 1 1 1 1 15501.0 12856.0 15817.0 16877.0 1 0.04799973191701591
1 1 0 0 1 1 1 1 1 0 0 0 1 1 1 1 0 1 0 1 1 1 0 1 1 0 1 0 1 1 0 1 1 1 0 0 1 1 1 1 15660.0 13003.0 15191.0 16871.0 1 0.10877251536196994
1 1 0 0 1 1 1 1 1 0 0 0 0 1 1 1 0 1 1 1 1 0 0 1 1 0 1 0 1 1 0 1 1 0 1 0 1 1 1 1 15151.0 13077.0 14835.0 16815.0 1 0.18551024680558828
1 1 0 0 1 1 1 1 0 0 0 0 1 1 1 1 0 1 1 1 1 1 0 1 1 0 1 0 1 1 0 1 1 0 1 0 1 1 1 1 16135.0 12526.0 15610.0 16804.0 1 0.06306235741314989
1 1 0 0 1 1 1 1 1 0 0 1 1 1 1 1 0 1 0 1 1 0 1 1 1 0 1 0 1 1 0 1 1 0 0 0 1 1 1 1 14883.0 13360.0 15420.0 16746.0 1 0.10781787552082478
1 1 0 0 1 1 1 1 1 0 0 0 1 1 1 1 0 1 0 1 1 0 1 1 1 0 1 0 0 1 0 1 1 1 1 0 1 1 1 1 15420.0 12806.0 16042.0 16693.0 1 0.04816730134441485
1 1 0 0 1 1 1 1 1 0 0 0 0 1 1 1 0 1 1 1 1 0 1 1 1 0 1 0 1 1 0 0 1 0 1 0 1 1 1 1 14946.0 13091.0 15566.0 16669.0 1 0.05797853587798394
1 1 0 0 0 1 1 1 1 0 0 0 1 1 1 1 0 1 0 1 1 1 0 1 1 0 1 0 1 1 0 1 1 1 1 0 1 1 1 1 15874.0 12743.0 15971.0 16645.0 1 0.10386482503244249
1 1 0 0 1 1 1 1 1 0 0 0 1 1 1 0 0 1 0 1 1 0 1 1 1 0 1 0 1 1 0 1 1 0 1 0 1 1 1 1 14148.0 13435.0 15593.0 16637.0 1 0.07515863816474093
1 1 0 0 1 1 1 1 1 0 0 0 1 1 1 1 0 1 0 1 1 1 0 1 1 0 1 0 1 1 0 1 1 0 1 0 1 1 1 1 15547.0 13177.0 15719.0 16630.0 1 0.08759128117801757
1 1 0 0 1 1 1 1 0 0 0 1 1 1 1 1 0 1 1 1 1 0 1 1 1 0 1 0 0 1 0 1 1 0 1 0 1 1 1 1 15820.0 12216.0 15995.0 16576.0 1 0.092126894279513
1 1 0 0 1 1 1 1 1 0 0 1 0 1 1 1 0 1 1 1 1 0 0 1 1 0 1 0 0 1 1 1 1 0 1 0 1 1 1 1 16301.0 13063.0 15499.0 16498.0 1 0.0933484481383626
1 1 0 0 1 1 1 1 0 0 0 0 1 1 1 1 0 1 1 1 1 1 0 1 1 0 1 0 0 1 1 1 1 0 1 0 1 1 1 1 16561.0 12258.0 15754.0 16461.0 1 0.05271765702584959
1 1 0 0 1 1 1 1 1 0 0 0 1 1 1 1 0 1 0 1 1 0 1 1 1 0 1 0 0 1 1 1 1 0 1 0 1 1 1 1 15384.0 13205.0 16030.0 16453.0 1 0.057442353456104475
1 1 0 0 1 1 1 1 1 0 0 0 0 1 1 1 0 1 0 1 1 0 1 1 1 0 1 0 1 1 0 1 1 0 1 0 1 1 1 1 14473.0 13249.0 15593.0 16426.0 1 0.1405899344405637
1 1 0 0 1 1 1 1 0 0 0 1 1 1 1 1 0 1 1 1 1 1 0 1 1 0 1 0 0 1 0 1 1 0 1 0 1 1 1 1 16409.0 11920.0 15828.0 16410.0 1 0.07837639991545396
1 1 0 0 1 1 1 1 1 0 0 0 1 1 1 1 0 0 1 1 1 1 0 1 1 0 1 0 0 1 1 1 1 0 1 0 1 1 1 1 16566.0 12157.0 15010.0 16401.0 1 0.10485310674607491
1 1 0 1 0 1 1 1 1 0 0 0 1 1 1 0 0 1 0 1 1 0 1 1 1 0 1 0 0 1 0 1 1 0 1 0 1 1 1 1 13632.0 12944.0 16039.0 16390.0 1 0.22543055597549977
1 1 0 0 1 1 1 1 1 0 0 0 1 1 1 1 0 1 0 1 1 1 0 1 1 0 1 0 1 1 0 0 1 1 1 0 1 1 1 1 16178.0 12999.0 16144.0 16345.0 1 0.08517959043804674
1 1 0 0 1 1 1 1 0 0 0 1 0 1 1 1 1 1 1 1 1 0 1 1 1 0 1 0 0 1 0 1 1 0 1 0 1 1 1 1 15932.0 12648.0 16236.0 16328.0 1 0.06005021524206379
1 1 0 0 1 1 1 1 0 0 0 0 1 1 1 1 0 1 0 1 1 1 0 1 1 0 1 0 1 1 0 1 1 1 1 0 1 1 1 1 16293.0 12506.0 16062.0 16276.0 1 0.06544252198148903
1 1 0 0 1 0 1 1 1 0 0 0 1 1 1 1 0 1 0 1 1 1 1 1 1 0 1 0 1 1 0 1 1 0 1 0 1 1 1 1 14821.0 12858.0 16333.0 16273.0 1 0.0825625770038425
1 1 0 0 1 1 1 1 1 0 0 1 1 1 1 1 0 1 0 0 1 1 1 1 1 0 1 0 0 1 0 1 1 0 1 0 1 1 1 1 15708.0 12851.0 16308.0 16268.0 1 0.035256817993069164
1 1 0 0 1 1 1 0 1 0 0 0 1 1 1 1 0 1 0 1 1 1 1 1 1 0 1 0 1 1 0 1 1 0 1 0 1 1 1 1 14645.0 13338.0 15622.0 16251.0 1 0.09454402202247614
1 1 0 0 1 1 1 1 1 0 0 1 1 1 1 1 0 1 0 0 1 1 0 1 1 0 1 0 1 1 0 1 1 0 1 0 1 1 1 1 16082.0 13326.0 15846.0 16232.0 1 0.06762805046344719
1 1 0 0 1 1 1 1 0 0 0 1 1 1 1 1 0 1 1 1 1 1 0 1 1 0 1 0 1 1 0 0 1 0 1 0 1 1 1 1 16578.0 12409.0 16097.0 16228.0 1 0.09162697614853797
1 1 0 0 1 1 1 1 0 0 0 1 1 1 1 1 0 1 0 1 1 0 1 1 1 0 1 0 1 1 0 1 1 0 1 0 1 1 1 1 15516.0 12863.0 16291.0 16151.0 1 0.06871576588100853
1 1 0 0 1 1 1 0 1 0 0 0 1 1 1 0 0 1 1 1 1 0 1 1 1 0 1 0 1 1 0 1 1 1 1 0 1 0 1 1 14159.0 13445.0 14218.0 16120.0 1 0.2569312777811523
1 1 0 0 1 1 1 1 0 0 0 1 1 1 1 1 0 0 1 1 1 1 0 1 1 0 1 0 1 1 0 1 1 0 1 0 1 1 1 1 16698.0 11815.0 15271.0 16099.0 1 0.26517019159254634
0 1 0 0 1 0 1 1 0 0 1 1 1 1 1 1 0 1 1 1 1 1 0 1 1 0 1 0 1 1 0 1 1 0 1 0 1 1 1 1 15976.0 11976.0 16215.0 16062.0 1 0.09935479476289177
1 1 0 0 1 1 1 1 1 0 0 1 0 1 1 1 0 0 1 1 1 1 0 1 1 0 1 0 0 1 1 1 1 0 1 0 1 1 1 1 16805.0 12187.0 15237.0 16057.0 1 0.05983313980075019
1 1 0 0 1 1 1 1 0 0 0 1 1 1 1 1 0 1 0 1 1 0 1 1 1 0 1 0 0 1 0 1 1 1 1 0 1 1 1 1 15978.0 12196.0 16447.0 16048.0 1 0.03836493408794481
1 1 0 0 1 1 1 1 1 0 0 1 0 1 1 1 0 1 0 0 1 0 1 1 1 0 1 0 1 1 0 1 1 0 1 0 1 1 1 1 15008.0 13398.0 15720.0 16028.0 1 0.07412775335764055
1 1 0 0 1 1 1 1 1 0 0 1 1 1 1 1 0 1 0 1 1 1 0 1 1 0 1 0 0 1 0 0 1 1 1 0 1 1 1 1 16452.0 12393.0 16362.0 15951.0 1 0.11604177388126571
1 1 0 0 1 1 1 1 1 0 0 1 1 0 1 1 0 1 0 1 1 1 0 1 1 0 1 0 1 1 0 1 1 1 1 0 1 1 0 1 16305.0 12829.0 15360.0 15932.0 1 0.07219668269236898
1 1 0 0 1 1 1 1 0 0 0 1 1 1 1 1 0 1 1 1 1 1 0 1 1 0 1 0 0 1 1 0 1 0 1 0 1 1 1 1 17004.0 12141.0 16241.0 15885.0 1 0.13485237751220855
1 1 0 0 1 1 1 1 1 0 0 1 0 1 1 1 0 1 0 1 1 0 1 1 1 0 1 0 1 1 0 0 1 0 1 0 1 1 1 1 14916.0 13132.0 16080.0 15850.0 1 0.06188687986799443
1 1 0 0 1 1 1 1 1 0 0 1 1 0 1 1 0 1 0 1 1 0 1 1 1 0 1 0 1 1 0 1 1 0 1 0 1 1 1 1 15015.0 13239.0 16055.0 15830.0 1 0.03849836189216442
1 1 0 0 1 1 1 1 1 0 0 1 1 1 0 1 0 1 0 1 1 1 0 1 1 0 1 0 1 1 0 1 1 0 1 0 1 1 1 1 16169.0 13294.0 15666.0 15819.0 1 0.06967404065904756
1 1 0 0 1 1 1 1 1 0 0 1 1 1 1 1 0 1 0 0 1 0 1 1 1 0 1 0 1 1 0 0 1 0 1 0 1 1 1 1 15212.0 13251.0 15980.0 15796.0 1 0.055223300138485504
1 1 0 0 1 1 1 1 1 0 0 1 1 1 1 1 0 1 0 1 1 0 1 1 1 0 1 0 0 0 0 1 1 1 1 0 1 1 1 1 15703.0 12563.0 16361.0 15757.0 1 0.06576029076410009
1 1 0 0 1 1 1 1 0 0 0 1 1 1 1 1 0 0 1 1 1 1 0 1 1 0 1 0 0 1 1 1 1 0 1 0 1 1 1 1 17124.0 11547.0 15415.0 15756.0 1 1000000000000000.2
0 1 0 0 1 1 1 1 1 0 0 1 1 1 1 1 0 1 1 1 1 1 0 1 1 0 1 0 0 0 1 0 1 1 1 0 1 1 1 1 16810.0 12189.0 15882.0 15728.0 1 0.05229421823549886
1 1 0 0 1 1 1 1 0 0 0 1 1 1 1 1 0 1 1 1 1 1 0 1 1 0 1 0 1 1 0 0 1 1 1 0 1 0 1 1 16813.0 12430.0 15577.0 15701.0 1 0.08442018755938449
1 1 0 0 1 1 1 1 1 0 0 1 0 1 1 1 0 1 0 0 1 0 1 1 1 0 1 0 0 1 1 1 1 0 1 0 1 1 1 1 15434.0 13130.0 15864.0 15685.0 1 0.05500898952769161
1 1 0 0 1 1 1 1 0 0 0 1 1 1 1 1 0 1 0 1 1 1 0 1 1 0 1 0 0 1 1 1 1 0 1 0 1 1 1 1 16531.0 12299.0 16268.0 15642.0 1 0.10469774612027402
1 1 0 0 1 0 1 1 1 0 0 0 0 1 1 1 0 1 0 1 1 1 1 1 1 0 1 0 1 1 0 0 1 1 1 0 1 1 1 1 14967.0 12456.0 16465.0 15618.0 1 0.10635782255542053
1 1 0 0 1 1 1 1 0 0 0 0 1 1 1 1 0 1 0 1 1 1 1 1 1 0 1 0 0 1 1 0 1 0 1 0 1 1 1 1 15602.0 12059.0 16479.0 15470.0 1 0.1851673076585241
0 1 0 0 1 1 1 1 1 0 1 1 1 1 0 1 0 1 0 1 1 0 1 1 1 0 1 0 1 1 0 0 1 0 1 0 1 1 1 1 15218.0 13119.0 16035.0 15428.0 1 0.055779209117527234
1 1 0 0 1 1 1 1 1 0 0 1 1 1 1 1 0 1 0 1 0 1 0 1 1 0 1 0 0 1 1 1 1 0 1 0 1 1 1 1 16307.0 12757.0 16028.0 15382.0 1 0.056612306296378104
1 1 0 0 1 1 1 1 1 0 0 1 1 0 1 1 0 1 0 1 1 1 0 1 1 0 1 0 1 1 0 0 1 1 1 0 1 1 1 1 16235.0 12765.0 16313.0 15379.0 1 0.05251222679675584
1 1 0 0 1 0 1 1 1 0 0 1 0 1 1 1 0 1 0 1 1 0 1 1 1 0 1 0 1 1 0 0 1 1 1 0 1 1 1 1 15026.0 12621.0 16388.0 15354.0 1 0.0898090934889917
1 1 0 0 1 1 1 1 1 0 0 1 1 1 1 1 0 1 0 1 1 1 0 1 1 0 1 0 0 0 1 1 1 0 1 0 1 1 1 1 16256.0 12666.0 16182.0 15351.0 1 0.12844924571378158
1 1 0 0 1 1 1 1 1 0 0 0 1 1 1 1 0 1 0 1 1 1 1 1 1 0 1 0 0 0 1 0 1 0 1 0 1 1 1 1 15327.0 12426.0 16393.0 15179.0 1 0.09591090014339243
0 1 1 0 1 0 1 1 0 0 1 1 1 1 1 1 1 1 0 1 1 1 0 1 1 0 1 0 0 1 0 1 1 0 1 0 1 1 1 1 15405.0 12161.0 16454.0 15160.0 1 0.04489506411497763
1 1 0 0 1 1 1 1 1 0 0 0 0 1 1 0 1 1 0 0 1 0 1 1 1 0 1 0 1 1 0 1 1 0 1 0 1 0 1 1 13394.0 13590.0 14463.0 15121.0 1 2000000000000000.0
1 1 0 0 1 0 1 1 0 0 0 0 1 1 1 1 0 1 0 1 1 1 1 1 1 0 1 0 1 1 1 0 1 0 1 0 1 1 1 1 15250.0 12215.0 16631.0 15077.0 1 0.238619130931078
1 1 0 0 1 1 1 1 0 0 0 1 1 1 1 1 0 1 0 1 1 0 1 1 1 0 1 0 0 0 1 0 1 1 1 0 1 1 1 1 16132.0 11920.0 16659.0 14561.0 1 0.38641532088677655
1 1 0 0 1 1 1 1 1 0 0 1 1 0 1 1 0 1 0 1 1 0 1 1 1 0 1 0 0 0 1 0 1 1 1 0 1 1 1 1 15631.0 12296.0 16423.0 14240.0 1 0.1937681897575994
0 1 0 0 1 0 1 1 0 0 1 1 0 1 1 1 0 1 0 1 1 1 1 1 1 0 1 0 1 0 0 0 1 1 1 0 1 1 1 1 15003.0 11249.0 16904.0 14056.0 1 3000000000000000.0
