1 1 0 0 1 1 1 1 1 0 0 0 0 1 1 1 0 1 1 1 1 0 1 1 1 0 1 0 0 1 0 1 1 1 1 0 1 1 1 1 15689.0 12795.0 15755.0 17168.0 0 1000000000000000.1
1 1 0 0 1 1 1 1 1 0 0 1 1 1 1 1 0 1 1 1 1 1 0 1 1 0 1 0 0 1 0 1 1 0 1 0 1 1 1 1 16575.0 12784.0 15943.0 17081.0 0 0.18003992539889727
1 1 0 0 1 1 1 1 1 0 0 0 1 1 1 1 0 1 0 1 1 1 1 1 1 0 1 0 1 1 0 1 1 0 0 0 1 1 0 1 14613.0 12888.0 14511.0 16961.0 0 1000000000000000.1
1 1 0 0 1 1 1 1 1 0 0 0 1 1 1 1 0 1 0 1 1 1 0 1 1 0 1 0 1 1 0 1 1 1 1 0 1 1 0 1 16248.0 13063.0 15191.0 16898.0 0 0.24376020710550905
1 1 0 0 1 1 1 1 1 0 0 0 1 1 1 0 0 1 1 1 1 0 1 1 1 0 1 0 1 1 0 0 1 0 1 0 1 1 1 1 14621.0 13277.0 15566.0 16880.0 0 0.23359570677459557
1 1 0 0 1 1 1 1 1 0 0 1 0 1 1 1 0 1 1 1 1 0 1 1 1 0 1 0 0 1 0 1 1 0 1 0 1 1 1 1 15501.0 12856.0 15817.0 16877.0 0 0.13496818169768898
1 1 0 0 1 1 1 1 0 0 0 1 1 1 1 1 0 1 1 1 1 1 0 1 1 0 1 0 1 1 0 1 1 0 1 0 1 1 1 1 16859.0 12780.0 16130.0 16830.0 0 0.26426476336213034
1 1 0 0 1 1 1 1 1 0 0 0 1 1 1 1 0 1 0 1 1 0 1 1 1 0 1 0 1 1 0 1 1 0 1 0 1 1 1 1 14958.0 13473.0 15886.0 16796.0 0 0.19339724496327418
0 1 0 0 1 1 1 1 1 0 0 1 1 1 1 1 0 1 0 1 1 1 0 1 1 0 1 0 1 1 0 1 1 1 1 0 1 1 1 1 16352.0 13112.0 15966.0 16790.0 0 0.12358434324172089
1 1 0 0 1 1 1 1 1 0 0 1 1 1 1 1 0 1 0 1 1 0 1 1 1 0 1 0 1 1 0 1 1 0 1 0 1 1 0 1 15471.0 13420.0 15420.0 16773.0 0 0.22757741773262183
1 1 0 0 1 1 1 1 1 0 0 0 1 1 1 1 0 1 0 1 1 0 1 1 1 0 1 0 0 1 0 1 1 1 1 0 1 1 1 1 15420.0 12806.0 16042.0 16693.0 0 0.13430304521540623
1 1 0 0 1 1 1 1 1 0 0 1 1 1 1 1 0 1 0 1 1 1 0 1 1 0 1 0 1 1 0 1 1 0 1 0 1 1 1 1 16271.0 13431.0 16239.0 16656.0 0 0.16591574915557933
1 1 0 0 1 1 1 1 0 0 0 1 1 1 1 1 0 1 1 1 1 1 0 1 1 0 1 0 0 1 1 1 1 0 1 0 1 1 1 1 17285.0 12512.0 16274.0 16487.0 0 0.4105242139431061
1 1 0 0 1 1 1 1 1 0 0 1 0 1 1 1 0 1 0 1 1 0 1 1 1 0 1 0 1 1 0 1 1 0 1 0 1 1 1 1 15197.0 13503.0 16113.0 16452.0 0 0.20804689906806365
1 1 0 0 1 1 1 1 0 0 0 1 1 1 1 1 0 1 1 1 1 0 1 1 1 0 1 0 1 1 0 0 1 0 1 0 1 1 1 1 15989.0 12705.0 16264.0 16394.0 0 0.15823288354101966
1 1 0 0 1 1 1 1 1 0 0 1 1 1 1 1 1 1 0 1 1 1 0 1 1 0 1 0 0 1 0 1 1 0 1 0 1 1 1 1 16418.0 13227.0 16471.0 16358.0 0 0.1514195665153225
1 1 0 0 1 1 1 1 1 0 0 1 1 1 1 1 0 1 0 1 1 1 0 1 1 0 1 0 0 1 1 1 1 0 1 0 1 1 1 1 16697.0 13163.0 16383.0 16313.0 0 0.20215305971211758
1 1 0 0 1 1 1 1 1 0 0 1 1 1 1 1 0 1 0 1 1 0 1 1 1 0 1 0 1 1 0 0 1 0 1 0 1 1 1 1 15401.0 13356.0 16373.0 16220.0 0 0.22152704866228404
1 1 0 0 1 1 1 1 1 0 0 1 0 1 1 1 0 1 0 1 1 0 1 1 1 0 1 0 0 1 1 1 1 0 1 0 1 1 1 1 15623.0 13235.0 16257.0 16109.0 0 0.1260270655569031
1 1 0 0 1 0 1 1 1 0 0 0 1 1 1 1 0 1 0 1 1 1 1 1 1 0 1 0 1 1 0 0 1 1 1 0 1 1 1 1 15452.0 12680.0 16758.0 15988.0 0 0.28020420538162183
1 1 0 0 1 1 1 0 1 0 0 0 1 1 1 0 1 1 0 1 1 1 0 1 1 0 1 0 1 1 0 1 1 0 1 0 1 1 1 1 14356.0 13571.0 15099.0 15758.0 0 0.41419401708518866
1 1 0 0 1 1 1 0 1 0 0 0 0 1 1 1 0 1 0 1 1 0 1 1 1 0 1 0 1 1 1 1 1 0 1 0 1 1 1 1 14371.0 13617.0 15178.0 15668.0 0 0.19702651831667684
1 1 0 0 1 1 1 1 1 0 0 0 0 1 1 0 1 1 0 1 1 0 1 1 1 0 1 0 1 1 0 1 1 0 1 0 1 0 1 1 13583.0 13695.0 14856.0 15545.0 0 2000000000000000.2
1 1 0 0 1 1 1 1 1 0 0 0 0 1 1 0 0 1 0 1 1 0 1 1 1 0 1 0 1 1 1 1 1 0 1 0 1 0 1 1 13862.0 13631.0 14768.0 15500.0 0 0.4030839958536109
1 1 0 0 1 1 1 1 0 0 0 0 1 1 1 1 0 1 0 1 1 1 1 1 1 0 1 0 0 1 1 0 1 0 1 0 1 1 1 1 15602.0 12059.0 16479.0 15470.0 0 0.451596703312061
1 1 0 0 1 1 1 1 1 0 0 1 0 1 1 1 0 1 0 1 1 0 1 1 1 0 1 0 0 0 1 0 1 1 1 0 1 1 1 1 15813.0 12560.0 16481.0 14862.0 0 0.5072330613911457
1 1 0 0 1 1 1 1 0 0 0 1 1 1 1 1 0 1 0 1 1 0 1 1 1 0 1 0 0 0 1 0 1 1 1 0 1 1 1 1 16132.0 11920.0 16659.0 14561.0 0 0.5855333455744299
1 1 0 0 1 1 1 1 0 0 0 1 1 1 1 1 0 0 1 1 1 1 0 1 1 0 1 0 0 0 1 0 1 1 1 0 1 1 1 1 17314.0 10872.0 15639.0 14509.0 0 2000000000000000.2
0 1 0 0 1 0 1 1 0 0 1 1 0 1 1 1 0 1 0 1 1 1 1 1 1 0 1 0 1 0 0 0 1 1 1 0 1 1 1 1 15003.0 11249.0 16904.0 14056.0 0 2000000000000000.5
1 1 0 0 1 1 1 1 1 0 0 0 1 1 1 1 0 1 1 1 1 1 0 1 1 0 1 0 0 1 1 1 1 0 0 0 1 1 1 1 15928.0 12755.0 14883.0 17056.0 1 1000000000000000.2
1 1 0 0 1 1 1 1 1 0 0 0 0 1 1 0 0 1 1 1 1 0 1 1 1 0 1 0 0 1 0 1 1 1 1 0 1 1 1 1 14879.0 12757.0 15462.0 17009.0 1 0.1317385745791511
0 1 0 0 1 1 1 1 1 0 0 1 1 1 1 1 0 1 1 1 1 1 0 1 1 0 1 0 0 1 0 1 1 0 1 0 1 1 1 1 15744.0 12272.0 15212.0 16898.0 1 0.1286238352541587
1 1 0 0 1 1 1 1 1 0 0 0 1 1 1 1 0 1 0 1 1 1 0 1 1 0 1 0 1 1 0 1 1 1 0 0 1 1 1 1 15660.0 13003.0 15191.0 16871.0 1 0.19776669304432604
1 1 0 0 1 1 1 1 1 0 0 1 1 1 1 1 0 1 0 1 1 0 1 1 1 0 1 0 1 1 0 1 1 0 0 0 1 1 1 1 14883.0 13360.0 15420.0 16746.0 1 0.13320723944309146
1 1 0 0 1 1 1 1 1 0 0 0 0 1 1 1 0 1 1 1 1 0 1 1 1 0 1 0 1 1 0 0 1 0 1 0 1 1 1 1 14946.0 13091.0 15566.0 16669.0 1 0.15091122170415255
1 1 0 0 1 0 1 1 1 0 0 0 1 1 1 1 0 1 1 1 1 1 0 1 1 0 1 0 1 1 0 1 1 0 1 0 1 1 1 1 15499.0 12686.0 15575.0 16662.0 1 0.08732060852815786
1 1 0 0 0 1 1 1 1 0 0 0 1 1 1 1 0 1 0 1 1 1 0 1 1 0 1 0 1 1 0 1 1 1 1 0 1 1 1 1 15874.0 12743.0 15971.0 16645.0 1 0.11928730663549124
1 1 0 0 1 1 1 1 1 0 0 0 1 1 1 0 0 1 0 1 1 0 1 1 1 0 1 0 1 1 0 1 1 0 1 0 1 1 1 1 14148.0 13435.0 15593.0 16637.0 1 0.1996366945518366
1 1 0 0 1 1 1 1 1 0 0 0 1 1 1 1 0 1 0 1 1 1 0 1 1 0 1 0 1 1 0 1 1 0 1 0 1 1 1 1 15547.0 13177.0 15719.0 16630.0 1 0.11420533064631573
1 1 0 0 1 1 1 1 0 0 0 1 1 1 1 1 0 1 1 1 1 0 1 1 1 0 1 0 0 1 0 1 1 0 1 0 1 1 1 1 15820.0 12216.0 15995.0 16576.0 1 0.11406862216068638
1 1 0 0 1 1 1 1 0 0 0 0 1 1 1 1 0 1 1 1 1 1 0 1 1 0 1 0 0 1 1 1 1 0 1 0 1 1 1 1 16561.0 12258.0 15754.0 16461.0 1 0.09987035079340674
1 1 0 0 1 1 1 1 1 0 0 0 1 1 1 1 0 1 0 1 1 0 1 1 1 0 1 0 0 1 1 1 1 0 1 0 1 1 1 1 15384.0 13205.0 16030.0 16453.0 1 0.0754730118726946
1 1 0 0 1 1 1 1 1 0 0 0 0 1 1 1 0 1 0 1 1 0 1 1 1 0 1 0 1 1 0 1 1 0 1 0 1 1 1 1 14473.0 13249.0 15593.0 16426.0 1 0.2054092642103305
1 1 0 0 1 1 1 1 0 0 0 1 1 1 1 1 0 1 1 1 1 1 0 1 1 0 1 0 0 1 0 1 1 0 1 0 1 1 1 1 16409.0 11920.0 15828.0 16410.0 1 0.12377375204551411
1 1 0 0 1 1 1 1 1 0 0 0 1 1 1 1 0 0 1 1 1 1 0 1 1 0 1 0 0 1 1 1 1 0 1 0 1 1 1 1 16566.0 12157.0 15010.0 16401.0 1 0.17949923401002918
1 1 0 1 0 1 1 1 1 0 0 0 1 1 1 0 0 1 0 1 1 0 1 1 1 0 1 0 0 1 0 1 1 0 1 0 1 1 1 1 13632.0 12944.0 16039.0 16390.0 1 0.30053029739756665
1 1 0 0 1 1 1 1 1 0 0 0 1 1 1 1 0 1 0 1 1 1 0 1 1 0 1 0 1 1 0 0 1 1 1 0 1 1 1 1 16178.0 12999.0 16144.0 16345.0 1 0.12754103892555896
1 1 0 0 1 1 1 1 0 0 0 0 1 1 1 1 0 1 0 1 1 1 0 1 1 0 1 0 1 1 0 1 1 1 1 0 1 1 1 1 16293.0 12506.0 16062.0 16276.0 1 0.16594769031882076
1 1 0 0 1 0 1 1 1 0 0 0 1 1 1 1 0 1 0 1 1 1 1 1 1 0 1 0 1 1 0 1 1 0 1 0 1 1 1 1 14821.0 12858.0 16333.0 16273.0 1 0.17739069589994227
1 1 0 0 1 1 1 1 1 0 0 1 1 1 1 1 0 1 0 0 1 1 1 1 1 0 1 0 0 1 0 1 1 0 1 0 1 1 1 1 15708.0 12851.0 16308.0 16268.0 1 0.09095608542312497
1 1 0 0 1 1 1 1 1 0 0 1 1 1 1 1 0 1 0 0 1 1 0 1 1 0 1 0 1 1 0 1 1 0 1 0 1 1 1 1 16082.0 13326.0 15846.0 16232.0 1 0.14920485858451876
1 1 0 0 1 1 1 0 1 0 0 0 1 1 1 0 0 1 1 1 1 0 1 1 1 0 1 0 1 1 0 1 1 1 1 0 1 0 1 1 14159.0 13445.0 14218.0 16120.0 1 1000000000000000.1
1 1 0 0 1 1 1 1 0 0 0 1 1 1 1 1 0 0 1 1 1 1 0 1 1 0 1 0 1 1 0 1 1 0 1 0 1 1 1 1 16698.0 11815.0 15271.0 16099.0 1 0.29645641314496196
0 1 0 0 1 0 1 1 0 0 1 1 1 1 1 1 0 1 1 1 1 1 0 1 1 0 1 0 1 1 0 1 1 0 1 0 1 1 1 1 15976.0 11976.0 16215.0 16062.0 1 0.19801248304715552
1 1 0 0 1 1 1 1 1 0 0 1 0 1 1 1 0 1 0 0 1 0 1 1 1 0 1 0 1 1 0 1 1 0 1 0 1 1 1 1 15008.0 13398.0 15720.0 16028.0 1 0.08268215350446019
1 1 0 0 1 1 1 1 1 0 0 1 0 1 1 1 0 0 1 1 1 1 0 1 1 0 1 0 0 1 1 1 1 0 1 0 1 1 0 1 16594.0 11880.0 14251.0 16008.0 1 0.21445424334841345
1 1 0 0 1 1 1 1 1 0 0 1 1 1 1 1 0 1 0 1 1 1 0 1 1 0 1 0 0 1 0 0 1 1 1 0 1 1 1 1 16452.0 12393.0 16362.0 15951.0 1 0.10340319042748045
1 1 0 0 1 1 1 1 0 0 0 1 1 1 1 1 0 1 1 1 0 1 0 1 1 0 1 0 1 1 0 1 1 0 1 0 1 1 1 1 16469.0 12374.0 15775.0 15899.0 1 0.12026087102758315
1 1 0 0 1 1 1 1 0 0 0 1 1 1 1 1 0 1 1 1 1 1 0 1 1 0 1 0 0 1 1 0 1 0 1 0 1 1 1 1 17004.0 12141.0 16241.0 15885.0 1 0.24140140046770373
1 1 0 0 1 1 1 1 1 0 0 1 0 1 1 1 0 1 0 1 1 0 1 1 1 0 1 0 1 1 0 0 1 0 1 0 1 1 1 1 14916.0 13132.0 16080.0 15850.0 1 0.0925474411619637
1 1 0 0 1 1 1 1 1 0 0 1 1 0 1 1 0 1 0 1 1 0 1 1 1 0 1 0 1 1 0 1 1 0 1 0 1 1 1 1 15015.0 13239.0 16055.0 15830.0 1 0.0962830904416016
1 1 0 0 1 1 1 1 1 0 0 1 1 1 0 1 0 1 0 1 1 1 0 1 1 0 1 0 1 1 0 1 1 0 1 0 1 1 1 1 16169.0 13294.0 15666.0 15819.0 1 0.12620621465240947
1 1 0 0 1 1 1 1 1 0 0 1 1 1 1 1 0 1 0 0 1 0 1 1 1 0 1 0 1 1 0 0 1 0 1 0 1 1 1 1 15212.0 13251.0 15980.0 15796.0 1 0.11636016655551774
1 1 0 0 1 1 1 1 0 0 0 1 1 1 1 1 0 0 1 1 1 1 0 1 1 0 1 0 0 1 1 1 1 0 1 0 1 1 1 1 17124.0 11547.0 15415.0 15756.0 1 2000000000000000.0
1 1 0 0 1 1 1 1 1 0 0 1 0 1 1 1 0 1 0 0 1 0 1 1 1 0 1 0 0 1 1 1 1 0 1 0 1 1 1 1 15434.0 13130.0 15864.0 15685.0 1 0.14139889873478695
1 1 0 0 1 1 1 1 0 0 0 1 1 1 1 1 0 1 0 1 1 1 0 1 1 0 1 0 0 1 1 1 1 0 1 0 1 1 1 1 16531.0 12299.0 16268.0 15642.0 1 0.19346161755563668
1 1 0 0 1 1 1 1 1 0 0 1 1 1 1 1 0 1 0 1 0 1 0 1 1 0 1 0 0 1 1 1 1 0 1 0 1 1 1 1 16307.0 12757.0 16028.0 15382.0 1 0.1387933629555503
1 1 0 0 1 1 1 1 1 0 0 1 1 0 1 1 0 1 0 1 1 1 0 1 1 0 1 0 1 1 0 0 1 1 1 0 1 1 1 1 16235.0 12765.0 16313.0 15379.0 1 0.08780558636671161
1 1 0 0 1 1 1 1 1 0 0 1 1 1 1 1 0 1 0 1 1 1 0 1 1 0 1 0 0 0 1 1 1 0 1 0 1 1 1 1 16256.0 12666.0 16182.0 15351.0 1 0.15039088727352082
1 1 0 0 1 0 1 1 1 0 0 0 1 1 1 1 0 1 0 1 1 1 1 1 1 0 1 0 0 1 1 0 1 0 1 0 1 1 1 1 14966.0 12219.0 16444.0 15328.0 1 0.18176398802820923
1 1 0 0 1 1 1 1 1 0 0 0 1 1 1 1 0 1 0 1 1 1 1 1 1 0 1 0 0 0 1 0 1 0 1 0 1 1 1 1 15327.0 12426.0 16393.0 15179.0 1 0.1793206570887732
1 1 0 0 1 1 1 1 1 0 0 0 0 1 1 0 1 1 0 0 1 0 1 1 1 0 1 0 1 1 0 1 1 0 1 0 1 0 1 1 13394.0 13590.0 14463.0 15121.0 1 2000000000000000.2
1 1 0 0 1 0 1 1 0 0 0 0 1 1 1 1 0 1 0 1 1 1 1 1 1 0 1 0 1 1 1 0 1 0 1 0 1 1 1 1 15250.0 12215.0 16631.0 15077.0 1 1000000000000000.2
1 1 0 0 1 1 1 1 1 0 0 1 1 0 1 1 0 1 0 1 1 0 1 1 1 0 1 0 0 0 1 0 1 1 1 0 1 1 1 1 15631.0 12296.0 16423.0 14240.0 1 0.38791490221341446
1 1 0 0 1 1 1 1 0 0 0 1 1 1 1 1 0 1 0 0 1 1 1 1 1 0 1 0 0 0 1 0 1 0 1 0 1 1 1 1 15696.0 11711.0 16405.0 14110.0 1 1000000000000000.1
1 1 0 0 1 1 1 1 0 0 0 1 1 1 1 1 0 0 1 1 1 1 0 1 1 0 1 0 1 0 1 0 1 0 1 0 1 1 1 1 16852.0 11539.0 15483.0 14612.0 2 2000000000000000.2
1 1 0 0 1 1 1 1 1 0 0 0 1 1 1 0 0 1 1 1 1 0 1 1 1 0 1 0 1 1 0 0 1 0 1 0 1 1 0 1 14410.0 12970.0 14580.0 16831.0 2 1000000000000000.4
1 1 0 0 1 1 1 1 0 0 0 1 1 1 1 1 0 1 1 1 1 1 0 1 1 0 1 0 1 1 0 1 1 0 0 0 1 1 0 1 15849.0 12106.0 14158.0 16705.0 2 1000000000000000.2
1 1 0 0 1 1 1 1 1 0 0 0 0 1 1 0 1 1 0 1 1 0 1 1 1 0 1 0 0 1 1 1 1 0 1 0 1 0 1 1 14009.0 13427.0 15000.0 15202.0 2 1000000000000000.1
1 1 0 0 1 0 1 1 1 0 0 1 1 1 1 1 0 1 0 1 1 1 1 0 1 0 1 0 0 1 1 0 1 0 1 0 1 1 1 1 14806.0 12419.0 16153.0 14503.0 2 1000000000000000.1
0 1 0 0 1 1 1 1 1 0 0 0 0 1 1 0 1 1 0 1 1 0 1 1 1 0 1 0 1 1 0 1 1 0 1 0 1 1 1 1 13429.0 13355.0 15103.0 16206.0 2 1000000000000000.0
1 1 0 0 1 0 1 1 1 0 0 0 1 1 1 1 0 1 0 1 1 1 1 1 1 0 1 0 1 0 0 0 1 1 1 0 1 1 1 1 15011.0 12183.0 16557.0 15026.0 2 1000000000000000.0
1 1 0 0 1 1 1 0 1 0 0 0 0 1 1 1 0 1 0 1 1 0 1 1 1 0 1 0 1 1 1 1 1 0 1 0 1 1 0 1 14160.0 13310.0 14192.0 15619.0 2 0.3556166685561923
1 1 0 0 1 1 1 1 1 0 0 1 1 1 1 1 0 0 1 1 1 0 0 1 1 0 1 0 1 0 1 0 1 0 1 0 1 1 1 1 16353.0 12314.0 15001.0 14993.0 2 0.35006299160981785
1 1 0 0 1 1 1 1 0 0 0 0 1 1 1 1 0 1 0 1 1 1 1 1 1 0 1 0 0 0 1 0 1 0 1 0 1 1 1 1 15161.0 11562.0 16278.0 14508.0 2 0.3459595375877519
1 1 0 0 1 1 1 1 0 0 0 1 1 1 1 1 0 1 1 0 1 1 0 1 1 0 1 0 0 1 0 1 1 0 1 0 1 1 1 1 16220.0 11815.0 15435.0 15986.0 2 0.3376699150262937
1 1 0 0 1 1 1 1 1 0 0 0 1 1 1 1 0 1 0 1 1 1 0 1 1 0 1 0 1 1 0 1 1 0 1 0 1 1 0 1 15336.0 12870.0 14733.0 16581.0 2 0.31688664448844417
1 1 0 0 1 1 1 1 1 0 0 0 0 1 1 1 0 1 0 1 1 0 1 1 1 0 1 0 1 1 0 1 1 1 1 0 1 0 1 1 14708.0 13270.0 15073.0 15899.0 2 0.30481370264002294
1 1 0 0 1 1 1 1 0 0 0 1 1 1 1 1 0 1 0 1 1 1 0 1 1 0 1 0 1 1 0 1 1 0 1 0 1 1 1 1 16105.0 12567.0 16124.0 15985.0 2 0.2864037694955081
1 1 0 0 1 1 1 1 1 0 0 0 0 1 1 0 0 1 0 1 1 0 1 1 1 0 1 0 1 1 0 1 1 0 1 0 1 1 1 1 13663.0 13211.0 15300.0 16267.0 2 0.2829280543166447
1 1 0 0 1 1 1 1 1 0 0 1 1 1 1 1 0 0 0 1 1 1 0 1 1 0 1 0 0 1 1 1 1 0 1 0 1 1 1 1 16536.0 12198.0 15524.0 15582.0 2 0.2816461412007716
1 1 0 0 1 1 1 1 1 0 0 1 1 1 1 1 0 1 0 1 1 1 0 1 1 0 0 0 1 1 0 1 1 0 1 0 1 1 1 1 15442.0 13145.0 15345.0 15680.0 2 0.2761370193517232
1 1 0 0 1 1 1 1 0 0 0 1 1 1 1 1 0 1 1 1 1 1 0 1 1 0 1 0 0 0 1 1 1 0 1 0 1 1 1 1 16844.0 12015.0 16073.0 15525.0 2 0.2489127271755958
1 1 0 0 1 1 1 1 1 0 0 0 1 1 1 0 0 1 1 1 1 0 1 1 1 0 1 0 1 1 0 0 1 0 1 0 0 1 1 1 13907.0 12380.0 14958.0 16750.0 2 0.24875151314994662
1 1 0 0 1 1 1 1 1 0 0 0 0 1 1 1 0 1 0 1 1 0 1 1 1 0 1 0 0 1 1 1 1 0 1 0 1 1 1 1 14899.0 12981.0 15737.0 16083.0 2 0.24662718943252399
1 1 0 0 1 1 1 1 0 0 0 1 1 1 1 1 0 1 1 1 1 1 0 1 1 0 1 0 0 1 1 1 1 0 0 0 1 1 1 1 16486.0 12145.0 15288.0 16411.0 2 0.2424463055749636
1 1 0 0 1 1 1 0 1 0 0 0 1 1 1 0 0 1 1 1 1 0 1 1 1 0 1 0 0 1 0 1 1 1 1 0 1 1 1 1 14386.0 12757.0 14894.0 16544.0 2 0.23532907289149443
1 1 0 0 1 0 1 1 1 0 0 0 1 1 1 1 0 1 0 1 1 1 1 1 1 0 1 0 1 1 0 1 1 1 0 0 1 1 1 1 14934.0 12684.0 15805.0 16514.0 2 0.2214890476270963
1 1 0 0 0 1 1 1 1 0 0 0 1 1 1 1 0 1 0 1 1 1 0 1 1 0 1 0 1 1 0 1 1 1 1 0 1 1 0 1 15663.0 12436.0 14985.0 16596.0 2 0.21927566517019956
1 1 0 0 1 1 1 1 1 0 0 1 1 1 1 1 0 1 0 1 0 0 1 1 1 0 1 0 1 1 0 0 1 0 1 0 1 1 1 1 15011.0 12950.0 16018.0 15289.0 2 0.21818922897685272
