1 1 0 0 1 1 1 1 1 0 0 0 0 1 1 1 0 1 1 1 1 0 1 1 1 0 1 0 0 1 0 1 1 1 1 0 1 1 1 1 15689.0 12795.0 15755.0 17168.0 0 1000000000000000.2
1 1 0 0 1 1 1 1 1 0 0 0 1 1 1 1 0 1 1 1 1 1 0 1 1 0 1 0 0 1 1 1 1 0 0 0 1 1 1 1 15928.0 12755.0 14883.0 17056.0 0 0.29129541057265246
1 1 0 0 1 1 1 1 1 0 0 0 1 1 1 1 0 1 0 1 1 1 1 1 1 0 1 0 1 1 0 1 1 0 0 0 1 1 0 1 14613.0 12888.0 14511.0 16961.0 0 1000000000000000.4
1 1 0 0 1 1 1 1 1 0 0 0 1 1 1 1 0 1 0 1 1 1 0 1 1 0 1 0 1 1 0 1 1 1 1 0 1 1 0 1 16248.0 13063.0 15191.0 16898.0 0 0.3070383193835998
1 1 0 0 1 1 1 1 1 0 0 0 1 1 1 0 0 1 1 1 1 0 1 1 1 0 1 0 1 1 0 0 1 0 1 0 1 1 1 1 14621.0 13277.0 15566.0 16880.0 0 0.38579943900118285
1 1 0 0 1 1 1 1 0 0 0 1 1 1 1 1 0 1 1 1 1 1 0 1 1 0 1 0 1 1 0 1 1 0 1 0 1 1 1 1 16859.0 12780.0 16130.0 16830.0 0 0.28379510114550477
1 1 0 0 1 1 1 1 1 0 0 0 1 1 1 1 0 1 0 1 1 0 1 1 1 0 1 0 1 1 0 1 1 0 1 0 1 1 1 1 14958.0 13473.0 15886.0 16796.0 0 0.35669390838287424
0 1 0 0 1 1 1 1 1 0 0 1 1 1 1 1 0 1 0 1 1 1 0 1 1 0 1 0 1 1 0 1 1 1 1 0 1 1 1 1 16352.0 13112.0 15966.0 16790.0 0 0.24311738851342624
1 1 0 0 1 1 1 1 1 0 0 0 1 1 1 1 0 1 0 1 1 1 0 1 1 0 1 0 1 1 0 1 1 0 1 0 1 1 1 1 15547.0 13177.0 15719.0 16630.0 0 0.27953852301602555
1 1 0 0 1 1 1 1 0 0 0 1 1 1 1 1 0 1 1 1 1 1 0 1 1 0 1 0 0 1 1 1 1 0 1 0 1 1 1 1 17285.0 12512.0 16274.0 16487.0 0 1000000000000000.4
1 1 0 0 1 1 1 1 1 0 0 0 1 1 1 1 0 1 0 1 1 0 1 1 1 0 1 0 0 1 1 1 1 0 1 0 1 1 1 1 15384.0 13205.0 16030.0 16453.0 0 0.16626605344738335
1 1 0 0 1 1 1 1 1 0 0 1 0 1 1 1 0 1 0 1 1 0 1 1 1 0 1 0 1 1 0 1 1 0 1 0 1 1 1 1 15197.0 13503.0 16113.0 16452.0 0 0.24506434617479125
1 1 0 0 1 1 1 1 0 0 0 1 1 1 1 1 0 1 1 1 1 0 1 1 1 0 1 0 1 1 0 0 1 0 1 0 1 1 1 1 15989.0 12705.0 16264.0 16394.0 0 0.18061215251870613
1 1 0 0 1 1 1 1 1 0 0 1 1 1 1 1 1 1 0 1 1 1 0 1 1 0 1 0 0 1 0 1 1 0 1 0 1 1 1 1 16418.0 13227.0 16471.0 16358.0 0 0.1893796674310933
1 1 0 0 1 1 1 1 1 0 0 1 1 1 1 1 0 1 0 1 1 1 0 1 1 0 1 0 0 1 1 1 1 0 1 0 1 1 1 1 16697.0 13163.0 16383.0 16313.0 0 0.26231344143269447
1 1 0 0 1 1 1 1 1 0 0 1 1 1 1 1 0 1 0 1 1 0 1 1 1 0 1 0 1 1 0 0 1 0 1 0 1 1 1 1 15401.0 13356.0 16373.0 16220.0 0 0.2751468479813339
1 1 0 0 1 1 1 1 1 0 0 1 0 1 1 1 0 1 0 1 1 0 1 1 1 0 1 0 0 1 1 1 1 0 1 0 1 1 1 1 15623.0 13235.0 16257.0 16109.0 0 0.20330289343616198
1 1 0 0 1 0 1 1 1 0 0 0 1 1 1 1 0 1 0 1 1 1 1 1 1 0 1 0 1 1 0 0 1 1 1 0 1 1 1 1 15452.0 12680.0 16758.0 15988.0 0 1000000000000000.2
1 1 0 0 1 1 1 1 1 0 0 1 1 1 1 1 0 1 0 1 1 1 0 1 1 0 1 0 1 1 0 1 1 0 1 0 1 0 1 1 15594.0 13259.0 15261.0 15812.0 0 0.3071582005560173
1 1 0 0 1 1 1 0 1 0 0 0 1 1 1 0 1 1 0 1 1 1 0 1 1 0 1 0 1 1 0 1 1 0 1 0 1 1 1 1 14356.0 13571.0 15099.0 15758.0 0 0.4009073513882994
1 1 0 0 1 1 1 0 1 0 0 0 0 1 1 1 0 1 0 1 1 0 1 1 1 0 1 0 1 1 1 1 1 0 1 0 1 1 1 1 14371.0 13617.0 15178.0 15668.0 0 0.2394079672513876
1 1 0 0 1 1 1 1 1 0 0 0 0 1 1 0 1 1 0 1 1 0 1 1 1 0 1 0 1 1 0 1 1 0 1 0 1 0 1 1 13583.0 13695.0 14856.0 15545.0 0 2000000000000000.0
1 1 0 0 1 1 1 1 1 0 0 0 0 1 1 0 0 1 0 1 1 0 1 1 1 0 1 0 1 1 1 1 1 0 1 0 1 0 1 1 13862.0 13631.0 14768.0 15500.0 0 0.4425452139552857
1 1 0 0 1 1 1 1 0 0 0 0 1 1 1 1 0 1 0 1 1 1 1 1 1 0 1 0 0 1 1 0 1 0 1 0 1 1 1 1 15602.0 12059.0 16479.0 15470.0 0 1000000000000000.2
1 1 0 0 1 1 1 1 1 0 0 1 0 1 1 1 0 1 0 1 1 0 1 1 1 0 1 0 0 0 1 0 1 1 1 0 1 1 1 1 15813.0 12560.0 16481.0 14862.0 0 1000000000000000.2
1 1 0 0 1 1 1 1 1 0 0 0 0 1 1 0 0 1 1 1 1 0 1 1 1 0 1 0 0 1 0 1 1 1 1 0 1 1 1 1 14879.0 12757.0 15462.0 17009.0 1 1000000000000000.1
1 1 0 0 1 1 1 1 1 0 0 0 1 1 1 1 0 1 0 1 1 1 0 1 1 0 1 0 1 1 0 1 1 1 0 0 1 1 1 1 15660.0 13003.0 15191.0 16871.0 1 0.21520272909074123
1 1 0 0 1 1 1 1 1 0 0 1 1 1 1 1 0 1 0 1 1 0 1 1 1 0 1 0 1 1 0 1 1 0 0 0 1 1 1 1 14883.0 13360.0 15420.0 16746.0 1 0.17842809510707627
1 1 0 0 1 1 1 1 0 0 0 1 1 1 1 1 0 1 1 1 1 1 0 1 1 0 1 0 1 1 0 1 1 0 0 0 1 1 0 1 15849.0 12106.0 14158.0 16705.0 1 1000000000000000.1
1 1 0 0 0 1 1 1 1 0 0 0 1 1 1 1 0 1 0 1 1 1 0 1 1 0 1 0 1 1 0 1 1 1 1 0 1 1 1 1 15874.0 12743.0 15971.0 16645.0 1 0.20283536746618605
1 1 0 0 1 1 1 1 1 0 0 0 1 1 1 0 0 1 0 1 1 0 1 1 1 0 1 0 1 1 0 1 1 0 1 0 1 1 1 1 14148.0 13435.0 15593.0 16637.0 1 0.316628920248371
1 1 0 0 1 1 1 1 0 0 0 0 1 1 1 1 0 1 1 1 1 1 0 1 1 0 1 0 0 1 1 1 1 0 1 0 1 1 1 1 16561.0 12258.0 15754.0 16461.0 1 0.25521718349841793
1 1 0 0 1 1 1 1 1 0 0 0 0 1 1 1 0 1 0 1 1 0 1 1 1 0 1 0 1 1 0 1 1 0 1 0 1 1 1 1 14473.0 13249.0 15593.0 16426.0 1 0.2635808648592098
1 1 0 0 1 1 1 1 0 0 0 1 1 1 1 1 0 1 1 1 1 1 0 1 1 0 1 0 0 1 0 1 1 0 1 0 1 1 1 1 16409.0 11920.0 15828.0 16410.0 1 0.18294445803094359
1 1 0 0 1 1 1 1 1 0 0 0 1 1 1 1 0 0 1 1 1 1 0 1 1 0 1 0 0 1 1 1 1 0 1 0 1 1 1 1 16566.0 12157.0 15010.0 16401.0 1 0.38930138370115697
1 1 0 1 0 1 1 1 1 0 0 0 1 1 1 0 0 1 0 1 1 0 1 1 1 0 1 0 0 1 0 1 1 0 1 0 1 1 1 1 13632.0 12944.0 16039.0 16390.0 1 0.33036710679546294
1 1 0 0 1 1 1 1 1 0 0 0 1 1 1 1 0 1 0 1 1 1 0 1 1 0 1 0 1 1 0 0 1 1 1 0 1 1 1 1 16178.0 12999.0 16144.0 16345.0 1 0.21788222365355012
1 1 0 0 1 1 1 1 1 0 0 1 1 1 1 1 0 1 0 0 1 1 1 1 1 0 1 0 0 1 0 1 1 0 1 0 1 1 1 1 15708.0 12851.0 16308.0 16268.0 1 0.2586192257417047
1 1 0 0 1 1 1 1 1 0 0 0 1 1 1 1 0 1 0 1 1 0 1 1 1 0 1 0 1 1 0 0 1 0 1 0 1 1 1 1 14677.0 13102.0 15853.0 16194.0 1 0.19364742416569247
1 1 0 0 1 1 1 1 1 0 0 1 1 1 1 1 0 1 0 1 1 0 1 1 1 0 1 0 1 1 0 0 1 0 1 0 1 1 0 1 15190.0 13049.0 15387.0 16171.0 1 0.14865227775602757
1 1 0 0 1 1 1 0 1 0 0 0 1 1 1 0 0 1 1 1 1 0 1 1 1 0 1 0 1 1 0 1 1 1 1 0 1 0 1 1 14159.0 13445.0 14218.0 16120.0 1 0.22684303752646853
1 1 0 0 1 1 1 1 1 0 0 0 1 1 1 1 0 1 0 1 1 1 0 1 1 0 1 0 1 1 0 1 1 1 1 0 1 0 1 1 15782.0 13198.0 15199.0 16103.0 1 0.18263437617950298
1 1 0 0 1 1 1 1 1 0 0 1 0 1 1 1 0 0 1 1 1 1 0 1 1 0 1 0 0 1 1 1 1 0 1 0 1 1 0 1 16594.0 11880.0 14251.0 16008.0 1 0.36795251647299093
1 1 0 0 1 1 1 1 1 0 0 1 0 1 1 1 0 1 0 1 1 0 1 1 1 0 1 0 1 1 0 0 1 0 1 0 1 1 1 1 14916.0 13132.0 16080.0 15850.0 1 0.1220246169288147
1 1 0 0 1 1 1 1 1 0 0 1 1 0 1 1 0 1 0 1 1 0 1 1 1 0 1 0 1 1 0 1 1 0 1 0 1 1 1 1 15015.0 13239.0 16055.0 15830.0 1 0.1247109509403502
1 1 0 0 1 1 1 1 0 0 0 1 1 1 1 1 0 0 1 1 1 1 0 1 1 0 1 0 0 1 1 1 1 0 1 0 1 1 1 1 17124.0 11547.0 15415.0 15756.0 1 1000000000000000.1
1 1 0 0 1 1 1 1 1 0 0 1 0 1 1 1 0 1 0 0 1 0 1 1 1 0 1 0 0 1 1 1 1 0 1 0 1 1 1 1 15434.0 13130.0 15864.0 15685.0 1 0.09648088635769712
1 1 0 0 1 1 1 1 1 0 0 1 1 1 1 1 0 1 0 1 1 1 0 1 1 0 0 0 1 1 0 1 1 0 1 0 1 1 1 1 15442.0 13145.0 15345.0 15680.0 1 0.16555771192312135
1 1 0 0 1 1 1 1 0 0 0 1 1 1 1 1 0 1 1 1 1 1 0 1 1 0 1 0 0 0 1 1 1 0 1 0 1 1 1 1 16844.0 12015.0 16073.0 15525.0 1 0.24415171842725966
1 1 0 0 1 1 1 1 1 0 0 1 1 1 1 1 0 0 1 1 1 1 0 1 1 0 1 0 0 0 1 1 1 0 1 0 1 1 1 1 16849.0 11914.0 15329.0 15465.0 1 0.14553516715159864
1 1 0 0 1 1 1 1 1 0 0 1 1 1 1 1 0 1 0 1 1 1 0 1 1 0 1 0 0 0 1 1 1 0 1 0 1 1 1 1 16256.0 12666.0 16182.0 15351.0 1 0.33548775416584803
1 1 0 0 1 0 1 1 1 0 0 0 1 1 1 1 0 1 0 1 1 1 1 1 1 0 1 0 0 1 1 0 1 0 1 0 1 1 1 1 14966.0 12219.0 16444.0 15328.0 1 1000000000000000.1
1 1 0 0 1 1 1 1 1 0 0 0 1 1 1 1 0 1 0 1 1 1 1 1 1 0 1 0 0 0 1 0 1 0 1 0 1 1 1 1 15327.0 12426.0 16393.0 15179.0 1 0.3596514829370068
1 1 0 0 1 1 1 1 1 0 0 0 0 1 1 0 1 1 0 0 1 0 1 1 1 0 1 0 1 1 0 1 1 0 1 0 1 0 1 1 13394.0 13590.0 14463.0 15121.0 1 2000000000000000.5
1 1 0 0 1 1 1 1 0 0 0 1 1 1 1 1 0 0 1 1 1 1 0 1 1 0 1 0 1 0 1 0 1 0 1 0 1 1 1 1 16852.0 11539.0 15483.0 14612.0 1 1000000000000000.4
1 1 0 0 1 1 1 1 1 0 0 1 0 1 1 1 0 1 0 0 1 0 1 1 1 0 1 0 1 0 1 0 1 0 1 0 1 1 1 1 15162.0 13122.0 15932.0 14541.0 1 0.23569552676527103
1 1 0 0 1 1 1 1 1 0 0 1 1 0 1 1 0 1 0 1 1 0 1 1 1 0 1 0 0 0 1 0 1 1 1 0 1 1 1 1 15631.0 12296.0 16423.0 14240.0 1 0.3060886263140127
1 1 0 0 1 1 1 1 0 0 0 1 1 1 1 1 0 1 0 0 1 1 1 1 1 0 1 0 0 0 1 0 1 0 1 0 1 1 1 1 15696.0 11711.0 16405.0 14110.0 1 1000000000000000.2
1 1 0 0 1 1 1 1 1 0 0 0 1 1 1 0 0 1 1 1 1 0 1 1 1 0 1 0 1 1 0 0 1 0 1 0 1 1 0 1 14410.0 12970.0 14580.0 16831.0 2 2000000000000000.0
1 1 0 0 0 1 1 1 1 0 0 0 0 1 1 0 0 1 1 1 1 0 1 1 1 0 1 0 0 1 0 1 1 1 1 0 1 1 1 1 14294.0 12130.0 15256.0 16707.0 2 0.17133516869417498
1 1 0 0 1 1 1 1 1 0 0 0 0 1 1 0 0 1 1 1 1 0 1 1 1 0 1 0 0 1 0 1 1 0 1 0 1 1 1 1 13967.0 12564.0 15004.0 16692.0 2 0.10974298572644436
1 1 0 0 1 1 1 1 1 0 0 0 0 1 1 1 0 1 0 1 1 1 1 1 1 0 1 0 1 1 0 1 1 0 0 0 1 1 1 1 14339.0 12971.0 15204.0 16640.0 2 0.07583365791228669
1 1 0 0 1 1 1 1 1 0 0 0 1 1 1 1 0 1 0 1 1 0 0 1 1 0 1 0 1 1 0 1 1 1 1 0 1 1 0 1 15583.0 12974.0 14594.0 16608.0 2 0.11971590862539093
1 1 0 0 0 1 1 1 1 0 0 0 1 1 1 1 0 1 0 1 1 1 0 1 1 0 1 0 1 1 0 1 1 1 1 0 1 1 0 1 15663.0 12436.0 14985.0 16596.0 2 0.19366351238164634
1 1 0 0 1 1 1 1 1 0 0 0 1 1 1 1 0 1 0 1 1 1 0 1 1 0 1 0 1 1 0 1 1 0 1 0 1 1 0 1 15336.0 12870.0 14733.0 16581.0 2 0.2125065372948587
1 1 0 0 1 1 1 1 1 0 0 1 0 1 1 0 0 1 1 1 1 1 0 1 1 0 1 0 0 1 1 1 1 0 0 0 1 1 1 1 15357.0 12747.0 14817.0 16553.0 2 0.2080950694342314
1 1 0 0 1 1 1 0 1 0 0 0 1 1 1 0 0 1 1 1 1 0 1 1 1 0 1 0 0 1 0 1 1 1 1 0 1 1 1 1 14386.0 12757.0 14894.0 16544.0 2 0.15385988769239378
1 1 0 0 1 1 1 1 0 0 0 1 1 1 1 1 0 1 1 1 1 1 0 1 1 0 1 0 0 1 1 1 1 0 0 0 1 1 1 1 16486.0 12145.0 15288.0 16411.0 2 0.2640565323812796
1 1 0 0 1 1 1 1 1 0 0 0 1 1 1 1 0 1 0 1 1 0 1 1 1 0 1 0 0 1 0 1 1 0 1 0 1 1 1 1 14508.0 12613.0 15584.0 16376.0 2 0.19582281315339284
1 1 0 0 1 1 1 1 1 0 0 0 0 1 1 0 0 1 1 1 1 1 0 1 1 0 1 0 1 1 1 0 1 0 1 0 0 1 1 1 14887.0 12452.0 14944.0 16291.0 2 0.16101255567450484
1 1 0 0 1 1 1 1 1 0 0 0 1 1 1 1 0 1 0 1 1 1 0 1 1 0 1 0 0 1 1 1 1 0 1 0 1 1 1 1 15973.0 12909.0 15863.0 16287.0 2 0.1989234933719386
1 1 0 0 1 1 1 1 1 0 0 0 0 1 1 0 0 1 0 1 1 0 1 1 1 0 1 0 1 1 0 1 1 0 1 0 1 1 1 1 13663.0 13211.0 15300.0 16267.0 2 0.22431897778067073
1 1 0 0 1 1 1 1 1 0 0 1 1 1 1 1 0 1 0 1 1 1 0 1 1 0 1 0 0 1 0 1 1 0 1 0 1 1 1 1 15821.0 12571.0 15937.0 16236.0 2 0.13541492212236328
1 1 0 0 1 1 1 1 0 0 0 1 1 1 1 0 0 1 1 1 1 0 1 1 1 0 1 0 1 1 0 0 1 0 1 0 1 1 1 1 15179.0 12667.0 15971.0 16235.0 2 0.1933749150110368
0 1 0 0 1 1 1 1 1 0 0 0 0 1 1 0 1 1 0 1 1 0 1 1 1 0 1 0 1 1 0 1 1 0 1 0 1 1 1 1 13429.0 13355.0 15103.0 16206.0 2 1000000000000000.2
1 1 0 0 1 1 1 1 1 0 0 0 0 1 1 1 0 1 0 1 1 0 1 1 1 0 1 0 0 1 1 1 1 0 1 0 1 1 1 1 14899.0 12981.0 15737.0 16083.0 2 0.2512310262570479
1 1 0 0 1 1 1 1 0 0 0 0 0 1 1 1 0 1 0 1 1 0 1 1 1 0 1 0 1 1 0 1 1 1 1 0 1 1 1 1 15219.0 12578.0 15936.0 16072.0 2 0.11665003476736482
1 1 0 0 1 1 1 1 1 0 0 0 1 1 1 0 0 1 1 1 1 0 1 1 1 0 1 0 1 1 0 0 1 0 1 0 1 0 1 1 13944.0 13105.0 14588.0 16036.0 2 0.09872565510825351
1 1 0 0 1 1 1 1 1 0 0 0 0 1 1 1 0 1 0 0 1 0 1 1 1 0 1 0 1 1 0 1 1 0 1 0 1 1 1 1 14284.0 13144.0 15200.0 16002.0 2 0.1990999708636063
1 1 0 0 1 1 1 1 1 0 0 1 0 1 1 0 1 1 1 1 1 0 1 1 1 0 1 0 0 1 0 1 1 0 1 0 1 0 1 1 14611.0 13302.0 15080.0 15996.0 2 0.10013342930029227
1 1 0 0 1 1 1 1 0 0 0 1 1 1 1 1 0 1 0 1 1 1 0 1 1 0 1 0 1 1 0 1 1 0 1 0 1 1 1 1 16105.0 12567.0 16124.0 15985.0 2 0.22489710227020587
1 1 0 0 1 1 1 1 1 0 0 0 0 1 1 0 1 1 0 1 1 0 1 1 1 0 1 0 0 1 0 1 1 0 1 0 1 1 1 1 13810.0 13007.0 15532.0 15969.0 2 0.10072235725734555
1 1 0 0 1 1 1 1 1 0 0 0 0 1 1 0 0 1 0 1 1 1 1 1 1 0 1 0 1 1 0 0 1 0 1 0 1 1 1 1 14047.0 12929.0 15864.0 15955.0 2 0.14571287428363872
1 1 0 0 1 1 1 1 1 0 0 0 0 1 1 1 0 1 0 1 1 0 1 1 1 0 1 0 1 1 0 1 1 1 1 0 1 0 1 1 14708.0 13270.0 15073.0 15899.0 2 0.14689759323680257
0 1 0 0 1 1 1 1 1 0 0 0 0 1 1 0 1 1 0 1 1 0 1 1 1 0 1 0 0 1 1 1 1 0 1 0 1 1 1 1 13855.0 13087.0 15247.0 15863.0 2 0.1357830840138059
1 1 0 0 1 1 1 1 1 0 0 1 1 1 1 0 0 1 0 1 1 1 0 1 0 0 1 0 1 1 1 1 1 0 1 0 1 1 1 1 15522.0 12985.0 15602.0 15826.0 2 0.2500566905843734
1 1 0 0 1 1 1 1 1 0 0 1 1 0 1 1 0 1 0 1 1 1 0 1 1 0 1 0 1 1 0 1 1 0 1 0 1 1 1 1 15604.0 12943.0 15888.0 15664.0 2 0.16977601826658234
1 1 0 0 1 1 1 1 1 0 0 0 1 1 1 1 0 1 0 1 1 1 1 1 1 0 1 0 1 1 0 0 1 0 1 0 1 0 1 1 14665.0 13019.0 15472.0 15640.0 2 0.22787017190696995
1 1 0 0 1 1 1 1 0 0 0 1 1 1 1 1 0 1 0 0 1 1 1 1 1 0 1 0 0 1 0 1 1 0 1 0 1 1 1 1 15542.0 11987.0 16193.0 15597.0 2 0.2749572417691111
1 1 0 0 1 1 1 1 1 0 0 1 1 1 1 1 0 0 0 1 1 1 0 1 1 0 1 0 0 1 1 1 1 0 1 0 1 1 1 1 16536.0 12198.0 15524.0 15582.0 2 0.18422821743956416
1 1 0 0 1 1 1 1 0 0 0 1 1 1 1 1 0 1 1 1 1 1 0 1 1 0 1 0 0 0 1 1 1 0 1 0 1 1 0 1 16633.0 11708.0 15087.0 15476.0 2 0.5015109041463348
1 1 0 0 1 1 1 1 1 0 0 0 0 1 1 0 1 1 0 1 1 0 1 1 1 0 1 0 1 1 0 1 0 0 1 0 1 1 1 1 13611.0 13410.0 14914.0 15476.0 2 0.13526670070193827
1 1 0 1 1 1 1 1 0 0 0 0 0 1 1 0 0 1 0 1 1 0 1 1 1 0 1 0 1 1 0 0 1 0 1 0 1 1 1 1 13735.0 12972.0 16106.0 15469.0 2 0.15137662679511846
1 1 0 0 1 1 1 1 0 0 1 0 0 1 1 0 1 1 0 1 1 1 0 1 1 0 1 0 0 1 0 1 1 0 1 0 1 1 1 1 14983.0 12259.0 16216.0 15360.0 2 0.3326594780758467
1 1 0 0 1 1 1 1 1 0 0 1 1 0 1 1 0 1 0 1 1 0 1 1 1 0 1 0 1 1 0 0 1 0 1 0 1 1 1 1 14734.0 12868.0 16022.0 15228.0 2 0.17251942123658162
1 1 0 0 1 1 1 1 1 0 0 0 1 1 1 1 0 1 0 1 1 0 1 1 1 0 1 0 0 0 1 0 1 1 1 0 1 1 1 1 15574.0 12530.0 16254.0 15206.0 2 1000000000000000.0
1 1 0 0 1 1 1 1 1 0 0 0 0 1 1 0 1 1 0 1 1 0 1 1 1 0 1 0 0 1 1 1 1 0 1 0 1 0 1 1 14009.0 13427.0 15000.0 15202.0 2 1000000000000000.2
1 1 0 0 1 1 1 1 0 0 0 1 1 1 1 1 0 0 1 1 1 1 0 1 1 0 1 0 0 0 1 1 1 0 1 0 1 1 1 1 16683.0 11050.0 15214.0 14794.0 2 2000000000000000.2
1 1 0 0 1 1 1 1 1 0 0 0 0 1 1 1 1 1 0 1 1 0 1 1 1 0 1 0 0 0 1 0 1 0 1 0 1 1 1 1 14774.0 12769.0 16037.0 14641.0 2 1000000000000000.1
1 1 0 0 1 1 1 1 0 0 0 1 1 1 1 1 0 0 1 1 1 1 0 1 1 0 1 0 0 1 1 0 1 0 1 0 1 1 0 1 16632.0 10869.0 14396.0 15105.0 3 1000000000000000.5
