1 1 0 0 1 1 1 1 1 0 0 0 0 1 1 0 0 1 0 1 1 1 1 1 1 0 1 0 0 0 1 1 1 0 1 0 0 1 1 1 13599.0 11638.0 15232.0 15122.0 0 1000000000000000.5
1 1 1 0 1 0 1 1 1 0 0 0 0 1 1 0 0 1 0 1 1 1 1 1 1 0 1 0 0 1 1 1 1 0 1 0 1 1 1 0 13109.0 12170.0 15182.0 14841.0 0 0.7112895045219824
1 1 0 0 1 1 1 1 1 0 0 0 0 1 1 0 0 1 0 1 1 1 1 1 1 0 1 0 1 1 0 1 0 0 0 0 1 0 1 1 12203.0 12304.0 13013.0 14724.0 0 2000000000000000.0
1 1 0 0 1 1 1 1 1 0 0 0 0 1 1 0 0 1 0 1 1 1 1 1 0 0 1 0 0 0 1 1 1 1 1 0 0 1 1 1 13696.0 10831.0 14900.0 14691.0 0 0.51401150033721
1 1 1 0 1 1 1 1 1 0 0 0 0 1 1 1 0 1 0 1 1 1 1 1 1 0 1 0 0 0 1 1 0 0 1 0 0 1 1 1 13796.0 11821.0 14618.0 14609.0 0 0.4352314932551834
1 1 0 0 1 1 1 1 1 0 1 0 0 1 0 0 1 1 0 1 1 1 0 1 0 0 1 0 0 1 1 1 1 0 1 0 1 1 1 1 15108.0 12578.0 15414.0 14523.0 0 0.6225130475289479
1 1 0 1 1 1 1 1 0 0 0 0 0 1 1 0 0 1 0 1 1 1 1 1 0 0 1 0 0 0 1 1 1 1 1 0 0 1 1 1 14049.0 10963.0 15739.0 14495.0 0 0.3528182022029619
1 1 0 0 1 1 1 1 0 0 1 0 0 1 1 0 0 1 0 1 1 1 1 1 0 0 1 0 0 0 1 1 1 1 1 0 0 1 1 1 14280.0 10379.0 15751.0 14248.0 0 2000000000000000.8
1 1 1 0 1 0 1 1 1 0 0 0 0 1 1 0 0 1 0 1 1 1 1 1 1 0 1 0 0 0 1 0 1 0 1 0 1 1 1 1 13266.0 12062.0 15670.0 14078.0 0 0.5272546671615965
1 1 0 0 1 1 1 0 1 0 0 0 0 1 1 0 1 1 1 1 0 0 0 0 1 0 1 0 1 1 1 0 1 0 1 0 1 1 1 1 13281.0 13232.0 13462.0 13636.0 0 1000000000000000.8
1 1 0 0 1 1 1 1 1 0 0 1 0 1 1 0 1 1 0 1 0 0 0 0 1 0 1 0 0 1 1 0 1 0 1 0 1 1 1 1 13779.0 12637.0 14535.0 13232.0 0 1.035497861911857
1 1 0 0 1 1 1 1 0 0 0 1 1 0 0 0 1 0 1 1 1 1 0 1 1 0 1 0 0 1 1 0 1 0 1 0 1 0 1 1 15184.0 10997.0 13721.0 12444.0 0 2000000000000000.5
1 1 0 0 1 1 1 1 1 0 0 0 0 1 1 0 0 1 0 1 1 1 1 1 1 0 1 0 0 1 1 0 1 1 0 0 0 1 0 0 12782.0 10523.0 13164.0 14873.0 1 1000000000000000.1
1 1 1 0 1 0 1 1 1 0 0 0 0 1 1 0 0 1 0 1 1 1 1 1 1 0 1 0 0 1 0 0 1 0 1 0 0 1 1 1 12117.0 11070.0 14817.0 14833.0 1 0.4893897676133577
1 1 0 0 1 1 1 1 0 0 0 0 1 1 1 0 1 1 0 1 1 0 1 1 0 1 1 1 0 1 1 1 0 0 0 0 0 1 0 1 12161.0 10828.0 12683.0 14626.0 1 0.28123578592833803
1 1 1 0 1 0 1 1 1 0 0 0 0 1 1 0 0 1 0 1 1 1 1 1 1 0 1 0 0 0 1 1 1 0 1 0 0 1 1 1 12833.0 11536.0 15095.0 14550.0 1 0.1488484483862705
1 1 0 0 1 1 1 1 1 0 0 0 0 1 1 0 0 1 0 1 1 1 1 1 1 0 1 0 0 0 1 0 1 0 1 0 0 1 1 1 13318.0 11267.0 15199.0 14520.0 1 1000000000000000.1
1 1 0 0 1 1 1 1 0 0 0 0 0 1 1 0 0 1 0 1 1 1 1 1 1 0 1 0 0 0 1 1 1 0 1 0 0 1 1 1 13433.0 10774.0 15117.0 14451.0 1 0.1258472186369038
1 1 1 0 1 1 1 1 1 0 0 0 0 1 1 0 0 1 0 1 1 1 1 1 1 0 1 0 0 0 1 1 0 0 1 0 0 1 1 1 12986.0 11783.0 14325.0 14450.0 1 0.2494577475694839
1 1 0 0 1 1 1 1 1 0 0 0 0 1 1 1 0 1 0 1 1 1 1 1 1 0 1 0 0 0 1 1 0 0 1 0 0 1 1 1 13760.0 11219.0 14605.0 14368.0 1 0.24766633984943418
1 1 0 0 1 1 1 1 1 0 0 0 0 1 1 0 1 1 0 1 1 0 1 1 1 0 1 0 0 0 1 0 1 0 1 0 0 1 1 1 13250.0 11834.0 15136.0 14352.0 1 0.23153550246920246
1 1 0 0 1 1 1 1 0 0 0 0 0 1 1 1 1 1 0 1 1 1 1 1 1 0 1 0 0 0 1 1 0 0 1 0 0 1 1 1 14191.0 11011.0 15024.0 13819.0 1 0.3173172417530074
1 1 0 0 1 1 1 1 0 0 0 0 0 1 1 0 1 1 0 1 1 0 1 1 1 0 0 0 1 1 1 1 1 0 1 0 0 0 0 1 12539.0 11933.0 12699.0 13796.0 1 0.21591431793991314
1 1 0 0 1 1 1 1 0 0 0 0 0 1 1 0 0 1 1 0 1 0 0 0 1 0 0 1 1 1 0 0 1 0 1 1 1 1 1 1 12400.0 12156.0 13107.0 13701.0 1 0.22733594213515615
1 1 1 1 1 0 1 1 1 0 0 0 0 1 1 0 0 1 0 1 1 1 1 0 1 0 1 0 0 1 0 0 1 0 1 0 0 0 1 1 11075.0 11840.0 13982.0 13613.0 1 0.5340110471192522
1 1 0 0 1 1 1 1 0 0 0 1 1 0 1 0 0 1 0 1 1 0 0 0 1 0 1 0 0 1 1 1 1 0 1 0 1 1 1 1 13505.0 11630.0 14216.0 13350.0 1 0.2161911185057715
1 1 0 0 1 1 1 1 1 1 0 1 1 0 0 0 1 0 1 1 0 0 0 1 1 0 1 0 0 1 0 0 1 0 1 0 0 1 1 1 14217.0 10608.0 13013.0 13304.0 1 0.22655757666817045
1 1 0 0 1 1 1 1 0 0 0 0 0 1 1 1 1 1 0 1 1 1 1 0 1 0 1 0 0 0 1 0 1 0 1 0 0 1 1 1 13675.0 11043.0 15100.0 13279.0 1 0.1083415836102967
1 1 0 0 1 1 1 1 0 0 1 0 0 1 0 0 1 1 0 1 1 0 1 1 0 0 1 0 1 1 1 0 0 1 1 0 0 1 0 1 13860.0 11031.0 13679.0 13061.0 1 0.16448417074771715
1 1 0 0 1 1 1 1 1 0 0 1 0 1 1 0 1 1 0 1 0 0 0 0 1 0 1 0 0 0 1 1 1 1 1 0 0 1 1 1 13817.0 11807.0 14217.0 13059.0 1 0.08492371102962969
1 1 0 0 1 1 1 1 0 1 0 1 1 0 0 0 1 0 1 1 0 0 0 1 0 0 1 0 0 1 0 1 1 1 1 1 0 1 0 1 14451.0 9085.0 11738.0 12969.0 1 1000000000000000.1
1 1 0 0 1 1 1 1 0 0 1 0 0 0 1 1 0 1 0 1 1 1 1 1 1 0 1 0 0 0 1 1 0 0 1 0 0 1 1 1 13677.0 10279.0 15105.0 12933.0 1 0.3050993406662838
1 1 0 0 1 1 1 0 1 0 0 0 0 1 1 0 1 1 1 1 0 0 0 0 1 0 1 0 1 1 1 0 1 0 1 0 1 1 1 0 12402.0 12472.0 12740.0 12835.0 1 0.1897794542333845
1 1 1 1 1 0 1 1 1 0 0 0 0 1 1 0 0 1 0 1 1 1 1 0 1 0 1 0 1 0 0 1 0 0 0 0 1 0 1 1 10631.0 12647.0 12818.0 12814.0 1 1000000000000000.2
1 1 0 1 0 1 1 1 0 0 0 1 0 1 0 0 1 0 0 1 1 0 0 0 1 0 1 0 0 1 1 1 1 0 1 0 1 1 1 1 13955.0 11817.0 14124.0 12699.0 1 0.2562014706903918
1 1 0 0 1 0 1 0 1 1 0 1 0 1 1 0 1 1 0 1 0 0 0 0 1 0 1 0 0 1 1 0 1 0 1 0 1 1 1 1 12834.0 12268.0 13729.0 12357.0 1 0.28130910157449235
1 1 1 0 1 1 1 1 1 0 0 1 0 1 1 0 1 1 0 0 0 0 0 0 1 0 1 0 0 1 1 0 1 0 1 0 1 0 1 1 12949.0 12962.0 13177.0 12205.0 1 1000000000000000.4
1 1 0 0 1 1 1 1 0 0 1 1 1 1 0 0 1 0 0 1 0 1 0 1 0 0 1 0 0 0 1 1 0 1 0 1 1 1 0 1 14645.0 9470.0 12388.0 11117.0 1 1000000000000000.8
1 1 0 0 1 1 1 1 0 0 1 0 1 0 0 1 1 0 0 0 0 1 0 1 1 0 0 0 0 0 1 1 1 1 1 0 0 1 1 1 14573.0 9525.0 13472.0 10300.0 1 0.5789810470386877
1 1 0 0 0 0 1 1 0 0 1 1 1 0 0 1 1 0 0 0 1 1 0 1 1 0 1 0 0 0 1 1 1 1 1 0 0 0 1 1 14452.0 8968.0 13907.0 10274.0 1 2000000000000000.0
1 1 0 0 1 1 1 1 0 0 0 0 0 1 1 0 1 1 0 1 1 0 1 1 0 1 1 1 0 1 1 1 0 0 0 0 0 1 0 1 11676.0 10604.0 12390.0 14256.0 2 1000000000000000.1
1 1 1 0 1 0 1 0 1 0 0 0 0 1 1 0 0 1 0 1 1 1 1 1 1 0 1 0 0 1 0 1 1 1 1 1 0 0 0 1 11677.0 11015.0 12608.0 14238.0 2 0.1540580457592279
1 1 0 0 1 1 1 1 1 0 0 0 0 1 1 0 0 1 0 1 1 1 1 1 1 0 1 0 0 0 1 1 0 0 1 0 0 1 1 1 12950.0 11181.0 14312.0 14209.0 2 0.12761841045836556
1 1 0 0 1 1 1 1 0 0 0 0 0 1 1 0 1 1 0 1 1 0 1 1 1 1 1 0 0 1 1 1 0 1 0 0 0 0 1 1 12762.0 11219.0 12960.0 14171.0 2 0.06542512716677959
1 1 0 0 1 1 1 1 0 0 0 1 0 1 1 0 0 1 0 1 1 1 1 1 1 0 1 0 1 0 1 0 1 0 0 0 0 1 0 1 13316.0 10843.0 13934.0 14170.0 2 0.16190739237854665
1 1 1 0 1 1 1 1 0 0 0 1 0 1 1 0 0 1 0 1 1 0 1 1 1 0 1 0 1 0 1 0 1 0 0 0 0 1 0 1 12687.0 11356.0 13350.0 14121.0 2 0.0859141251462862
1 1 1 0 1 0 1 1 1 0 0 0 0 1 1 0 0 1 0 1 1 1 1 1 0 0 1 0 0 0 1 1 1 1 1 0 0 1 1 1 12930.0 10729.0 14763.0 14119.0 2 0.10975722188090771
1 1 0 0 1 1 1 1 1 0 0 0 1 0 1 1 0 0 1 0 1 1 0 1 0 1 1 0 0 1 0 1 1 1 1 1 0 0 0 1 13731.0 9057.0 11172.0 14110.0 2 1000000000000000.1
1 1 0 1 1 0 1 1 1 0 0 0 0 1 1 0 0 1 0 1 1 1 1 1 1 0 1 0 0 0 1 0 1 0 0 0 0 1 1 1 12236.0 11192.0 15017.0 14106.0 2 0.04567884522791541
1 1 0 0 1 1 1 1 0 0 0 0 0 1 1 0 0 1 0 1 1 1 1 1 1 0 1 0 0 0 1 1 1 1 1 1 0 0 0 1 13690.0 10572.0 13736.0 14089.0 2 0.1645327859100212
1 1 1 0 1 0 1 1 1 0 0 0 0 1 1 1 0 1 0 1 1 1 1 1 1 0 1 1 0 0 0 1 0 0 1 0 0 1 1 1 12293.0 11238.0 14708.0 14074.0 2 0.09173866892908188
1 1 1 0 1 0 1 1 1 0 0 0 0 1 1 0 0 1 0 1 1 1 1 1 1 0 1 0 0 0 1 1 0 1 1 0 0 1 1 1 13096.0 11272.0 14633.0 13954.0 2 0.07788885632154707
1 1 1 0 1 0 1 1 1 0 0 0 0 1 1 0 0 1 0 1 1 1 1 1 1 0 1 0 0 0 1 0 1 0 1 0 0 1 1 1 12552.0 11165.0 15062.0 13948.0 2 0.0966829328040757
1 1 0 0 1 1 1 1 0 0 0 0 0 1 1 0 1 1 0 1 1 0 1 1 1 1 1 0 0 1 1 1 0 0 1 0 0 0 1 1 12649.0 11393.0 13488.0 13930.0 2 0.1202013416410172
1 1 0 0 1 1 1 1 0 0 0 0 0 1 1 0 0 1 0 1 1 1 1 1 1 0 1 0 0 0 1 0 1 0 1 0 0 1 1 1 13152.0 10403.0 15084.0 13849.0 2 1000000000000000.1
0 1 0 0 1 1 1 1 1 0 0 0 1 1 1 0 0 1 0 1 0 1 1 1 1 0 1 0 0 0 1 1 0 1 1 0 0 1 1 1 13126.0 10680.0 13977.0 13782.0 2 0.13429456734951584
1 1 0 0 1 1 1 1 0 0 0 0 0 1 1 0 1 1 0 1 1 0 1 1 1 0 1 0 0 0 1 0 1 0 1 0 0 1 1 1 13084.0 10970.0 15021.0 13681.0 2 0.11334546981772398
1 1 1 0 1 1 1 1 0 0 0 0 1 1 1 0 1 1 0 1 1 0 0 1 0 1 0 0 1 1 1 1 1 0 1 0 0 0 0 1 12338.0 11558.0 11582.0 13645.0 2 0.19303882882816303
1 1 0 0 1 1 1 1 0 0 0 0 0 1 1 1 1 1 0 0 1 1 0 1 0 0 0 0 0 1 1 1 1 1 0 1 0 1 1 1 13718.0 10099.0 12901.0 13545.0 2 0.327648971060308
1 1 0 0 1 1 1 1 0 0 0 0 0 1 1 0 0 1 0 1 1 1 1 1 1 0 1 1 1 0 0 1 0 0 0 0 1 0 1 1 11771.0 11656.0 13383.0 13446.0 2 0.17693629102899427
1 1 0 0 1 1 1 1 0 0 0 1 1 0 1 0 0 1 0 1 1 1 0 1 0 0 1 0 0 1 1 0 1 0 0 1 1 1 1 1 13392.0 10119.0 13940.0 13279.0 2 0.16177263208938886
1 1 1 0 1 0 1 1 1 0 0 0 0 1 1 0 0 1 0 1 1 1 1 1 1 0 1 0 0 0 1 0 1 0 1 0 1 1 1 0 12387.0 11302.0 14948.0 13277.0 2 0.1200578767262127
1 1 1 0 1 1 1 1 1 0 0 0 0 1 1 0 0 1 0 1 1 0 1 1 1 0 0 1 0 0 0 0 0 0 0 1 1 1 1 1 10658.0 11772.0 12788.0 13128.0 2 0.2303750372707254
1 1 0 0 1 1 1 1 1 0 0 0 1 1 1 0 1 1 0 1 0 1 0 0 1 0 0 1 1 1 0 1 0 0 0 0 0 1 1 1 11244.0 12041.0 12072.0 13071.0 2 0.24669060781376254
1 1 0 0 1 1 1 1 1 0 1 0 0 1 0 0 1 1 0 1 1 1 0 1 0 0 1 0 1 0 1 1 1 0 1 0 0 1 1 0 13524.0 11284.0 14185.0 13050.0 2 0.13810370529649854
1 1 1 0 1 1 1 1 0 0 0 1 1 0 1 0 1 1 0 1 1 1 0 1 0 0 1 0 0 0 1 1 1 0 1 0 0 1 1 1 13717.0 10637.0 14572.0 13014.0 2 0.09217726716764485
0 1 1 1 1 0 1 1 0 0 0 1 0 1 1 0 1 1 0 1 1 1 0 1 1 0 0 0 0 0 1 1 1 0 1 0 0 1 1 1 12771.0 11395.0 14599.0 12887.0 2 0.12069753914030526
1 1 0 0 1 1 1 1 0 0 1 0 0 1 0 0 1 1 0 1 1 1 0 1 0 0 1 0 0 0 1 1 1 0 1 0 0 1 1 1 13787.0 10320.0 14490.0 12760.0 2 0.26071604031119655
1 1 1 0 1 1 1 1 0 0 0 0 1 0 1 0 1 1 0 1 1 1 0 0 1 1 0 0 1 1 0 1 0 0 0 0 1 1 0 1 11334.0 11758.0 11041.0 12748.0 2 0.24714161966569523
1 1 0 0 1 1 1 1 1 1 0 1 1 0 0 1 1 0 1 1 0 0 0 0 1 0 1 0 0 1 0 0 1 0 1 0 0 1 1 1 14143.0 10592.0 12495.0 12612.0 2 0.09744938919596582
1 1 0 0 1 1 1 0 1 0 0 0 0 1 1 0 1 1 0 1 0 0 0 0 1 0 1 0 0 1 1 0 1 1 1 0 0 1 1 1 12275.0 11455.0 13004.0 12558.0 2 0.09391609293498308
1 1 0 1 1 1 1 1 0 0 0 1 1 0 0 0 1 1 0 1 1 1 0 1 0 0 1 0 0 0 1 1 1 0 1 0 0 1 1 1 14098.0 10894.0 14940.0 12411.0 2 0.22391280122934104
1 1 0 0 1 1 1 1 0 0 0 1 0 1 1 0 1 1 0 1 0 1 1 1 1 0 1 0 1 0 0 1 0 0 0 0 1 0 1 1 12527.0 11447.0 13396.0 12308.0 2 0.11199403129032846
1 1 0 0 1 0 1 0 1 1 0 1 0 1 1 0 1 1 0 1 0 0 0 0 1 0 1 0 0 1 0 0 1 0 1 0 1 1 1 1 11958.0 11676.0 13283.0 12280.0 2 0.2534514633483624
1 1 0 0 1 1 1 1 1 1 0 1 1 0 0 1 1 1 0 1 1 1 0 0 1 0 0 0 1 1 0 1 0 0 0 0 1 0 0 1 12885.0 12378.0 10479.0 12013.0 2 1000000000000000.2
1 1 0 0 1 1 1 1 1 0 0 0 0 1 1 0 1 1 0 1 0 1 0 0 1 0 0 1 1 1 0 1 0 0 0 0 1 0 1 1 10796.0 12542.0 11409.0 11987.0 2 1000000000000000.2
1 1 0 0 1 1 1 1 1 0 1 0 0 1 1 0 1 1 0 1 1 1 0 0 1 0 0 0 1 0 0 1 0 0 0 0 1 0 1 1 11320.0 12150.0 11843.0 11829.0 2 0.2379654627143859
1 1 0 1 1 0 1 1 1 0 0 0 0 1 0 0 0 1 0 1 1 1 1 0 1 0 1 0 1 0 0 1 0 0 0 0 1 0 1 1 10493.0 11908.0 12232.0 11736.0 2 0.27178060095381307
1 0 0 0 1 0 1 0 1 1 0 1 0 1 1 1 1 1 1 1 0 0 0 0 1 0 1 0 0 1 1 0 1 0 1 0 1 0 1 1 13513.0 11387.0 12331.0 11565.0 2 0.12411538557738248
1 1 0 0 1 1 1 0 0 0 0 1 0 1 1 0 1 1 0 1 0 1 1 0 1 0 1 0 1 0 1 1 0 0 0 0 1 1 1 1 12218.0 11933.0 13148.0 11543.0 2 0.292640606614997
0 1 1 1 1 0 1 1 0 0 0 1 0 1 1 0 1 1 0 1 1 1 0 0 1 0 0 1 1 0 0 1 0 0 0 0 1 0 1 1 10225.0 12223.0 12054.0 11031.0 2 1000000000000000.2
1 1 0 0 1 1 1 1 1 1 0 1 1 0 0 1 1 0 1 0 0 0 1 0 1 0 1 0 1 0 0 1 0 0 0 0 1 0 1 1 12909.0 11507.0 10724.0 11001.0 2 0.31264542822143315
1 1 0 0 1 0 1 1 0 0 1 0 1 0 0 1 1 0 0 0 1 1 0 1 1 0 0 0 0 0 1 1 1 1 1 0 0 1 1 1 14161.0 9227.0 13677.0 10418.0 2 0.2690801656992633
1 1 0 0 1 1 1 1 0 0 1 0 1 0 0 1 1 0 0 0 0 1 0 1 1 0 0 0 0 0 1 1 1 1 1 0 0 1 0 1 14362.0 9218.0 12486.0 10251.0 2 1000000000000000.0
1 1 0 0 1 1 1 1 0 0 1 1 1 0 0 0 1 0 0 1 0 1 0 1 0 0 1 0 0 0 1 1 0 1 0 1 1 1 1 1 14189.0 9289.0 13023.0 10174.0 2 1000000000000000.4
1 1 1 0 1 1 1 1 1 0 0 0 0 1 1 0 0 1 0 1 0 1 1 0 1 0 1 0 1 0 0 1 0 0 0 0 1 0 1 1 10524.0 11949.0 11659.0 12221.0 3 1000000000000000.5
1 1 1 0 1 0 1 1 1 0 0 0 0 1 1 0 0 1 0 1 1 1 0 1 0 0 0 1 1 1 0 1 1 0 0 1 0 1 1 1 10737.0 11060.0 12529.0 14168.0 3 1000000000000000.2
1 1 1 0 1 1 1 1 0 0 0 0 1 0 1 1 0 0 1 0 1 1 0 1 0 1 1 0 0 1 0 1 1 1 1 1 0 0 0 1 13601.0 8795.0 11070.0 13680.0 3 1000000000000000.2
1 1 0 0 1 1 1 1 1 1 0 1 1 0 0 1 1 0 1 1 0 0 0 0 1 0 1 0 1 0 0 1 0 0 0 0 1 0 1 1 13022.0 11227.0 10353.0 10969.0 3 1000000000000000.2
1 1 0 0 1 0 1 1 1 0 0 0 0 1 1 0 0 1 0 1 1 1 1 1 0 0 1 0 0 0 1 1 1 1 1 0 0 1 1 1 12894.0 10127.0 14750.0 13878.0 3 1000000000000000.1
0 1 1 1 1 0 1 1 1 0 0 0 0 1 1 0 0 1 0 1 1 0 1 1 1 0 0 1 0 0 0 0 0 0 0 1 1 1 1 1 9544.0 11552.0 12861.0 12607.0 3 1000000000000000.1
1 1 0 0 1 1 1 0 0 0 0 1 0 0 1 0 1 1 0 1 0 1 1 0 1 0 1 0 1 0 1 1 0 0 1 0 1 0 1 1 11673.0 11640.0 12805.0 9783.0 3 1000000000000000.1
1 1 0 0 1 1 1 1 0 0 0 1 1 0 0 0 1 1 0 1 1 1 0 1 0 0 1 0 1 0 1 1 1 0 1 0 0 1 1 1 14029.0 10758.0 14288.0 12356.0 3 1000000000000000.0
1 1 0 0 1 1 1 1 0 0 0 1 0 1 0 0 1 1 0 1 0 1 0 0 1 0 0 1 1 1 0 1 0 0 0 0 1 0 1 1 11252.0 11795.0 11241.0 10505.0 3 0.381072506247242
1 1 1 0 1 1 1 1 1 0 0 0 0 0 1 0 0 1 0 1 0 1 1 0 1 0 1 0 1 0 0 1 0 1 0 0 1 0 1 1 10769.0 11654.0 11766.0 11546.0 3 0.311173629940745
1 1 0 0 1 1 1 1 0 0 0 1 1 0 1 0 0 1 1 0 1 1 0 1 1 0 1 0 0 1 0 0 1 0 1 0 0 1 0 1 13537.0 9714.0 13164.0 14054.0 3 0.3010642334195613
1 1 0 0 1 1 1 1 0 1 0 1 1 0 0 0 1 0 1 1 0 0 0 1 1 0 1 0 0 1 0 0 1 0 1 0 0 1 0 1 13840.0 9437.0 11912.0 12584.0 3 0.2922232404258076
1 1 0 0 0 1 1 1 0 0 0 1 0 1 1 0 0 1 0 1 1 1 1 1 1 0 1 0 1 0 1 0 1 0 0 0 0 1 0 1 12731.0 10216.0 13728.0 13868.0 3 0.2880984411204398
1 1 0 0 1 1 1 1 1 0 0 1 0 1 1 0 1 1 0 1 0 0 0 0 1 0 1 0 1 0 0 1 0 0 0 0 1 0 1 1 11068.0 11783.0 11339.0 11382.0 3 0.2715070929794636
1 1 0 0 1 1 1 1 0 0 0 1 1 0 1 0 0 1 1 0 1 1 0 1 0 0 1 0 0 1 0 1 1 0 1 0 0 1 1 1 13214.0 9392.0 13393.0 13957.0 3 0.2595237552075132
