0 1 0 0 1 1 1 1 1 0 1 0 1 1 1 0 0 1 1 1 1 1 0 1 1 0 1 0 1 1 0 1 1 0 1 0 1 1 0 1 15199.0 12945.0 14681.0 17312.0 0 1000000000000000.0
1 1 0 0 1 1 1 1 1 0 0 0 1 1 1 0 0 1 1 1 1 0 0 1 1 0 1 0 1 1 0 1 1 0 1 0 1 1 1 1 14826.0 13263.0 14835.0 17026.0 0 0.16034484084679917
0 1 0 1 0 1 1 1 1 0 0 0 1 1 1 0 0 1 1 1 1 0 0 1 1 0 1 0 1 1 0 1 1 0 1 0 1 1 1 1 13929.0 13120.0 14852.0 17016.0 0 0.21304541748444775
1 1 0 0 1 1 1 1 1 0 0 0 1 1 1 0 0 1 1 0 1 0 1 1 1 0 1 0 0 1 0 1 1 1 1 0 1 1 1 1 15175.0 12876.0 15362.0 16955.0 0 0.1280207297821092
1 1 0 0 1 1 1 1 1 0 1 0 1 1 1 0 0 1 1 1 1 1 0 1 0 0 1 0 1 1 0 1 1 0 1 0 1 1 0 1 15215.0 12457.0 14622.0 16747.0 0 0.14663162311516104
0 1 0 1 1 1 1 1 1 0 0 1 0 1 1 1 0 1 1 0 1 0 0 1 1 0 1 0 1 1 0 1 1 0 1 0 1 1 1 1 15374.0 13710.0 15185.0 16709.0 0 0.09727140119422713
0 1 0 1 1 1 1 1 1 0 0 0 0 1 1 1 1 1 1 0 1 0 0 1 1 0 1 0 0 1 0 1 1 1 1 0 1 1 0 1 15498.0 13138.0 14369.0 16653.0 0 0.19129101180832717
1 1 0 0 1 1 1 1 0 0 1 0 1 1 1 0 0 1 1 1 1 0 0 1 1 0 1 0 1 1 0 1 1 0 1 0 1 1 1 1 15410.0 12811.0 15686.0 16583.0 0 0.08422751974952102
1 1 0 0 0 1 1 1 1 0 0 0 1 1 1 1 1 1 1 0 1 0 0 1 1 0 1 0 1 1 0 1 1 0 1 0 1 1 1 1 15459.0 13225.0 15063.0 16581.0 0 0.11340750559499096
1 1 0 0 1 1 1 1 1 0 0 0 0 1 1 1 1 1 1 0 1 0 0 1 1 0 1 0 1 1 0 1 1 0 1 0 1 1 1 1 15559.0 13628.0 14976.0 16513.0 0 0.17418721961109176
1 1 0 0 1 1 1 1 1 0 0 0 0 1 1 0 0 1 1 1 1 0 1 1 1 0 1 0 1 1 0 0 1 0 1 0 1 1 1 1 14136.0 13053.0 15273.0 16510.0 0 0.08944288110058343
0 1 0 1 0 1 1 1 1 0 0 0 0 1 1 0 0 1 1 1 1 0 1 1 1 0 1 0 1 1 0 0 1 0 1 0 1 1 1 1 13239.0 12910.0 15290.0 16500.0 0 1000000000000000.0
0 1 0 0 1 1 1 1 0 0 1 0 0 1 1 1 0 1 1 1 1 1 0 1 1 0 1 0 1 1 0 1 1 0 1 0 1 1 1 1 15569.0 12202.0 15552.0 16479.0 0 0.061740440821142745
1 1 0 0 1 0 1 1 1 0 1 1 1 1 1 0 0 1 1 1 1 0 0 1 1 0 1 0 1 1 0 1 1 0 1 0 1 1 1 1 15498.0 13225.0 16171.0 16467.0 0 0.04017089805910068
1 1 0 0 1 1 1 1 1 0 0 1 0 1 1 1 0 1 1 0 1 0 0 1 1 0 1 0 1 1 0 1 1 0 1 0 1 1 1 1 15686.0 13226.0 14962.0 16417.0 0 0.07209688701950107
1 1 0 0 1 1 1 1 0 0 1 0 1 1 1 1 0 1 1 0 1 0 1 1 1 0 1 0 0 1 0 1 1 0 1 0 1 1 1 1 15657.0 12269.0 16048.0 16354.0 0 0.10828359362695614
1 1 0 1 1 1 1 0 1 0 0 0 1 1 1 0 0 1 1 0 1 0 0 1 1 0 1 0 1 1 0 1 1 0 1 0 1 1 1 1 14178.0 13930.0 14535.0 16242.0 0 0.14299659782287957
1 1 0 0 1 1 1 1 0 0 1 1 0 1 1 0 0 1 1 1 1 0 0 1 1 0 1 0 1 1 0 1 1 0 1 0 1 1 1 1 15649.0 12841.0 15913.0 16239.0 0 0.09402073840722405
0 1 0 1 1 1 1 1 0 0 1 1 1 1 1 1 0 1 1 0 1 0 0 1 1 0 1 0 0 1 0 1 1 0 1 0 1 1 1 1 15993.0 12622.0 16027.0 16216.0 0 0.0972285006018755
1 1 0 1 1 1 1 1 0 0 0 1 1 1 1 1 0 1 1 0 1 0 0 1 1 0 1 0 0 1 0 1 1 0 1 0 1 1 1 1 16074.0 12722.0 15792.0 16171.0 0 0.12465743106903637
0 1 0 1 1 1 1 1 1 0 0 1 0 1 1 1 1 1 1 0 1 0 0 1 1 0 1 0 0 1 0 0 1 1 1 0 1 1 0 1 15941.0 13021.0 14856.0 16077.0 0 0.10687388178789804
0 1 0 0 1 1 1 1 0 0 1 1 1 1 1 1 0 1 1 0 1 1 0 1 1 0 1 0 0 1 0 1 1 0 1 0 1 1 1 1 16139.0 11715.0 15670.0 16031.0 0 0.27818327250935687
1 1 0 0 1 1 1 1 0 0 1 1 0 1 1 1 0 1 1 0 1 0 0 1 1 0 1 0 1 1 0 1 1 0 1 0 1 1 1 1 16270.0 12774.0 15813.0 15974.0 0 0.0978623613666633
1 1 0 1 1 0 1 1 1 0 0 1 1 1 1 1 0 1 0 1 1 0 0 1 1 0 1 0 0 1 0 1 1 1 1 0 1 1 1 1 15785.0 12967.0 16602.0 15925.0 0 0.07901392916328416
1 1 0 0 1 1 1 1 0 0 1 1 1 1 1 1 0 1 1 0 1 0 0 1 1 0 1 0 0 1 0 1 1 0 1 0 1 1 1 1 16305.0 12138.0 15804.0 15924.0 0 0.041266942571393996
1 1 0 1 1 1 1 0 1 0 0 0 0 1 1 1 0 1 0 1 1 1 0 1 1 0 1 0 1 1 0 1 1 0 1 0 1 1 1 1 14603.0 13725.0 15519.0 15900.0 0 0.17001283277661886
1 1 0 0 1 1 1 1 0 0 1 1 1 1 1 1 0 1 1 1 1 0 0 1 1 0 1 0 1 1 0 1 0 0 1 0 1 1 1 1 16295.0 12646.0 15579.0 15855.0 0 0.091896700038504
1 1 0 0 1 1 1 1 0 0 1 1 1 1 1 1 0 1 0 1 1 1 0 1 1 0 1 0 0 1 0 1 1 0 1 0 1 1 1 1 16405.0 12119.0 16788.0 15793.0 0 0.0979849983601172
1 1 0 1 1 0 1 1 1 0 1 0 1 1 1 1 0 1 0 0 1 0 0 1 1 0 1 0 1 1 0 1 1 0 1 0 1 1 0 1 14949.0 13380.0 15513.0 15757.0 0 0.16380408601378282
1 1 0 0 1 0 1 1 1 0 1 1 1 1 1 1 0 1 0 1 1 0 0 1 1 0 1 1 0 1 0 1 1 0 1 0 1 1 1 1 15279.0 12903.0 16842.0 15716.0 0 0.05941131046276598
1 1 0 0 1 0 1 1 1 0 1 1 1 1 1 1 0 1 0 1 1 0 0 1 1 0 1 0 0 1 0 1 1 1 1 0 1 1 1 1 16016.0 12383.0 16614.0 15678.0 0 0.1323513330261733
1 1 0 0 1 1 1 1 0 0 1 1 0 1 0 1 0 1 1 1 1 0 0 1 1 0 1 0 1 1 0 1 1 0 1 0 1 1 1 1 16357.0 12742.0 15633.0 15561.0 0 0.10210081766321186
1 1 0 0 1 1 1 1 1 0 1 1 0 1 0 1 0 1 1 1 1 0 0 1 0 0 1 0 1 1 1 1 1 0 1 0 1 1 0 1 16373.0 12891.0 14418.0 15512.0 0 0.0687392139978606
0 1 0 1 1 1 1 1 1 0 0 0 1 1 0 1 1 1 0 0 1 0 0 1 1 0 1 0 1 1 0 1 1 0 1 0 1 1 1 1 14876.0 13986.0 14913.0 15493.0 0 0.09049005025452032
0 1 0 0 1 1 1 1 0 0 1 1 1 1 1 1 1 1 1 0 1 0 0 1 1 0 1 0 1 1 0 1 1 0 1 0 1 0 1 1 15844.0 12970.0 14931.0 15439.0 0 0.07919121584915836
1 1 0 1 1 0 1 1 1 0 0 1 1 1 1 1 0 1 0 1 1 0 0 1 1 0 1 0 1 1 0 0 1 0 1 0 1 1 1 1 15042.0 13263.0 16413.0 15426.0 0 0.1293480890277324
1 1 0 0 1 1 1 1 0 0 1 1 1 1 1 1 0 1 1 1 1 0 0 1 1 0 1 0 0 0 1 1 1 0 1 0 1 1 0 1 16718.0 12031.0 15456.0 15414.0 0 0.0830300601150184
1 1 0 0 1 1 1 1 0 0 1 0 1 1 1 1 0 1 1 0 1 0 0 1 1 0 1 0 0 1 1 1 0 1 1 0 1 1 1 1 16720.0 12212.0 15268.0 15379.0 0 0.07171746706456274
0 1 0 0 1 1 1 1 0 0 1 0 0 1 1 1 0 1 1 1 1 1 0 1 1 0 1 0 1 1 1 0 0 1 1 0 1 1 1 1 16427.0 12159.0 15503.0 15358.0 0 0.11250494049469545
0 1 0 1 1 0 1 1 0 0 1 1 1 1 1 1 0 1 0 1 1 1 0 1 1 0 1 0 0 1 0 1 1 0 1 0 1 1 1 1 15291.0 11899.0 16861.0 15272.0 0 0.19716206402904304
1 1 0 0 1 1 1 1 1 0 0 1 1 1 0 1 0 1 1 0 1 1 0 1 1 0 1 0 0 1 1 1 0 1 1 0 1 1 0 1 17212.0 12563.0 13975.0 15252.0 0 1000000000000000.4
1 1 0 1 1 0 1 1 1 0 1 1 1 1 1 1 0 1 0 1 1 0 0 1 1 0 1 0 0 1 0 0 1 0 1 0 1 1 1 1 15342.0 12815.0 17077.0 15234.0 0 0.09123285251698776
1 1 0 0 1 0 1 1 1 0 1 1 1 1 0 1 0 1 0 1 1 1 0 1 1 0 1 0 1 1 0 1 1 0 1 0 1 1 1 1 16117.0 13002.0 16482.0 15234.0 0 0.07449197208484117
1 1 0 1 1 0 1 1 1 0 1 0 1 1 1 1 0 1 0 0 1 0 0 1 1 0 1 0 1 1 0 0 1 0 1 0 1 1 1 1 14879.0 13316.0 16466.0 15204.0 0 0.09347835323954329
0 1 0 1 1 1 1 1 0 0 1 1 1 1 1 1 0 1 0 1 1 1 0 1 1 0 1 0 0 0 0 1 1 0 1 0 1 1 1 1 15652.0 12106.0 16810.0 15123.0 0 0.04237155120851814
1 1 0 1 1 1 1 0 1 0 0 0 0 1 1 1 0 1 0 1 1 0 0 1 1 0 1 1 1 1 0 1 1 0 1 0 1 0 1 1 13436.0 14177.0 14630.0 15121.0 0 1000000000000000.1
1 1 0 1 1 0 1 1 1 0 0 1 1 1 1 1 0 1 0 1 1 0 0 1 1 0 1 0 0 1 1 1 0 1 1 0 1 1 1 1 16012.0 13102.0 16128.0 15089.0 0 0.10692194471480579
1 1 0 0 1 1 1 1 1 0 0 1 1 1 0 1 0 0 0 1 1 0 0 1 1 0 1 0 1 1 1 1 1 0 1 0 1 1 1 1 16219.0 12832.0 14656.0 14875.0 0 0.1347417062523984
1 1 0 0 1 1 1 1 0 0 1 1 0 1 0 1 0 1 1 0 1 0 0 1 1 0 1 0 0 1 1 1 1 0 1 0 1 1 1 1 16594.0 12369.0 15384.0 14794.0 0 0.17227897609695683
1 1 0 0 1 0 1 1 1 0 1 1 0 1 0 1 1 1 0 1 1 0 0 1 1 0 1 0 1 1 0 1 1 0 1 0 1 1 1 1 15564.0 13345.0 16126.0 14696.0 0 0.1073645887598958
1 1 0 0 1 1 1 1 0 0 1 1 1 1 1 1 0 1 1 0 1 0 0 1 1 0 1 0 0 1 1 1 0 1 1 0 1 0 1 1 16767.0 12294.0 14810.0 14561.0 0 0.16716420040258845
1 1 0 1 1 1 1 0 1 0 0 0 0 1 0 1 1 1 0 0 1 0 0 1 1 0 1 0 1 1 0 1 1 0 1 0 1 1 1 1 14244.0 14050.0 14490.0 14471.0 0 0.21931268082222094
1 1 0 0 1 0 1 1 1 0 1 1 1 1 0 1 0 1 1 0 1 0 0 1 1 0 1 0 0 1 1 1 0 1 1 0 1 1 1 1 16706.0 12489.0 15180.0 14426.0 0 0.09544612760451096
1 1 0 1 1 0 1 1 1 0 1 1 1 1 1 1 0 1 0 1 1 0 0 1 1 0 1 0 0 1 1 0 0 0 1 0 1 1 1 1 15569.0 12950.0 16603.0 14398.0 0 0.022383757276907192
0 1 0 1 1 0 1 1 0 0 1 1 1 1 1 1 0 1 0 1 1 1 0 1 1 0 1 0 0 0 1 1 1 0 1 0 1 1 1 1 15726.0 11994.0 17106.0 14387.0 0 0.15091751410679177
1 1 0 0 1 1 1 1 0 0 1 1 0 1 0 1 0 1 1 0 1 0 0 1 1 0 1 0 0 1 1 1 0 1 1 0 1 1 1 1 16857.0 12105.0 14922.0 14198.0 0 0.19582593136846993
1 1 0 1 0 0 1 1 0 0 1 1 1 1 1 1 0 1 0 1 1 1 0 1 1 0 1 0 0 0 0 1 1 0 1 0 1 1 1 1 15096.0 11287.0 17185.0 14191.0 0 2000000000000000.0
1 1 0 1 1 0 1 0 1 0 0 1 1 1 0 1 1 1 0 0 1 0 0 1 1 0 1 0 1 1 0 1 1 0 1 0 1 1 1 1 14651.0 13824.0 15153.0 14054.0 0 0.20241429394924806
1 1 0 1 1 0 1 1 1 0 1 1 1 1 1 1 0 1 0 1 1 0 0 1 1 0 1 0 1 1 1 0 0 0 1 0 1 1 1 0 15140.0 13050.0 16183.0 14017.0 0 0.19750396054453573
1 1 0 1 1 1 1 0 1 0 0 0 0 1 0 1 1 1 0 0 1 0 0 1 1 0 1 0 1 1 1 1 1 0 1 0 1 0 0 1 14232.0 14163.0 12972.0 13655.0 0 2000000000000000.0
0 1 0 1 0 0 1 1 0 0 1 1 1 1 1 1 0 1 0 1 1 1 0 1 1 0 1 0 0 0 1 1 1 0 1 0 1 1 1 1 15141.0 11367.0 16900.0 14085.0 1 2000000000000000.0
1 1 0 1 1 1 1 0 1 0 0 0 0 1 0 1 1 1 0 1 1 0 0 1 1 0 1 0 1 1 1 0 0 0 1 0 1 1 1 1 14379.0 13919.0 14376.0 13457.0 1 1000000000000000.2
0 1 0 0 1 1 1 1 1 0 1 0 1 1 1 0 0 1 1 1 1 1 0 1 1 0 1 0 1 1 0 1 1 0 0 0 1 1 1 1 14611.0 12885.0 14681.0 17285.0 1 1000000000000000.1
0 1 0 0 1 1 1 1 1 1 0 0 1 1 1 1 0 1 0 0 1 0 0 1 1 1 1 0 1 1 0 1 1 0 1 0 1 1 0 1 14655.0 12907.0 13348.0 16899.0 1 1000000000000000.1
1 1 0 0 1 1 1 1 1 0 0 1 1 1 0 1 0 1 1 0 1 1 0 1 1 0 1 0 0 0 1 1 0 1 1 0 1 1 0 1 16771.0 12066.0 13774.0 14290.0 1 1000000000000000.1
1 1 0 1 1 0 1 0 1 0 0 1 0 1 0 1 1 1 0 0 1 0 0 1 1 0 1 0 1 1 1 0 0 1 1 0 1 1 1 1 15024.0 13557.0 14811.0 12563.0 1 1000000000000000.1
1 1 0 1 1 1 1 0 1 0 0 0 0 1 1 0 0 1 0 1 1 0 1 1 1 0 1 0 1 1 0 0 1 0 1 0 1 1 1 1 12923.0 13612.0 15360.0 15305.0 1 1000000000000000.0
1 1 0 0 1 0 1 1 1 0 1 1 0 1 0 1 1 1 0 1 1 0 0 1 1 0 1 0 1 1 1 0 0 0 1 0 1 1 1 1 15510.0 13109.0 15619.0 13258.0 1 0.30936842443052537
1 1 0 1 1 1 1 0 1 0 0 0 0 1 1 1 1 1 0 1 1 0 0 1 1 0 1 1 0 1 0 1 0 0 1 0 1 1 1 1 13611.0 13688.0 14920.0 14754.0 1 0.26527351644146435
1 1 0 1 1 1 1 0 1 0 0 0 0 1 1 1 0 1 0 1 1 0 0 1 1 0 1 1 1 1 0 1 1 0 1 0 1 0 0 1 13225.0 13870.0 13644.0 15072.0 1 0.2621169079703162
1 1 0 1 1 1 1 0 1 0 0 0 0 1 1 1 0 1 0 1 1 0 0 1 1 0 1 0 1 1 0 1 1 0 1 0 1 1 1 1 13938.0 13636.0 14922.0 15610.0 1 0.23011022902442155
1 1 0 0 1 1 1 1 0 0 1 1 1 1 0 1 0 1 0 0 1 0 0 1 1 0 1 0 0 1 1 1 1 1 1 0 1 0 0 1 16349.0 12094.0 14165.0 13743.0 1 0.22679929845124427
0 1 0 1 1 0 1 1 0 0 1 1 1 1 1 1 0 1 0 1 1 1 0 1 1 0 1 0 0 0 0 1 1 0 1 0 1 1 1 1 14850.0 11402.0 16660.0 14310.0 1 0.2266709911684205
0 1 0 1 1 0 1 1 0 0 1 1 1 1 1 1 0 1 1 0 1 0 0 1 1 0 1 0 1 1 0 1 1 0 1 0 1 1 1 1 15641.0 12778.0 16179.0 15823.0 1 0.2221681653176138
1 1 0 0 1 1 1 1 0 0 1 1 1 1 0 1 0 1 0 0 1 1 0 1 1 0 1 0 0 1 0 1 1 0 1 0 1 1 1 1 16114.0 11877.0 15822.0 14532.0 1 0.21064380415965933
0 1 0 0 1 1 1 1 0 0 1 1 1 1 1 1 0 1 0 1 1 1 0 1 1 0 1 0 0 0 1 1 1 0 1 0 1 1 1 1 16009.0 11702.0 16302.0 14725.0 1 0.20569213227523203
1 1 0 1 1 1 1 0 1 0 0 0 0 1 1 1 0 1 1 0 1 0 1 1 1 0 1 0 0 1 0 1 1 0 1 0 1 1 1 1 14129.0 13269.0 14997.0 16067.0 1 0.2046844113591413
0 1 0 0 1 1 1 1 1 0 0 0 1 1 1 1 1 1 1 0 1 0 0 1 1 0 1 0 1 1 0 1 1 0 1 0 1 1 1 1 15213.0 13340.0 14538.0 16700.0 1 0.18707882665019612
1 1 0 0 1 1 1 1 1 0 0 0 1 1 1 0 0 1 1 0 1 0 0 1 1 0 1 0 1 1 1 1 1 0 1 0 1 0 1 1 14836.0 13578.0 13910.0 15835.0 1 0.17958320701851938
0 1 0 1 0 1 1 1 0 0 1 1 1 1 1 1 0 1 0 1 1 0 0 1 1 0 1 0 0 0 1 1 1 0 1 0 1 1 1 1 15278.0 11982.0 16453.0 14608.0 1 0.17739797264289603
1 1 0 0 1 1 1 1 0 0 1 1 1 1 0 1 0 1 0 0 1 0 0 1 1 0 1 0 0 1 1 1 0 1 1 0 1 1 1 1 16588.0 12116.0 15209.0 13723.0 1 0.17306027852679887
1 1 0 0 1 1 1 1 1 0 0 0 1 1 1 0 0 1 1 0 1 1 0 1 1 0 1 0 0 1 0 1 1 0 1 0 1 1 1 1 14852.0 12387.0 14737.0 16472.0 1 0.1680842152693418
1 1 0 1 1 0 1 1 1 0 1 1 1 1 0 1 0 1 0 1 1 0 0 1 1 0 1 0 1 1 0 0 0 0 1 0 1 1 1 1 15041.0 13081.0 15886.0 13904.0 1 0.16799190122016422
1 1 0 1 0 1 1 1 1 0 0 0 1 1 1 0 0 1 1 0 1 0 0 1 1 0 1 0 1 1 0 0 1 0 1 0 1 1 1 1 14290.0 13156.0 15157.0 16173.0 1 0.16316289121819233
1 1 0 0 1 1 1 1 0 0 1 0 1 1 1 0 0 1 1 1 1 0 0 1 1 0 1 0 1 1 0 0 1 0 1 0 1 1 1 1 15129.0 12440.0 15653.0 15981.0 1 0.1570968026366593
0 1 0 0 1 1 1 1 0 0 1 0 0 1 1 1 0 1 1 0 1 1 0 1 1 0 1 0 1 1 1 0 0 1 1 0 1 1 1 1 16238.0 12054.0 15110.0 14934.0 1 0.15464033646897007
0 1 0 1 1 1 1 1 1 0 0 0 0 1 1 1 0 1 1 0 1 0 0 1 1 0 1 0 1 1 0 1 1 0 1 0 1 1 1 1 14650.0 13456.0 14665.0 16683.0 1 0.1485842500238564
1 1 0 1 1 0 1 1 1 0 1 1 1 1 1 1 0 1 0 0 1 0 0 1 1 0 1 0 0 1 1 0 0 0 1 0 1 1 1 1 15380.0 12845.0 16210.0 13974.0 1 0.14835844953625946
0 1 0 1 1 1 1 0 1 0 0 0 0 1 1 1 1 1 0 1 1 0 0 1 1 0 1 1 0 1 0 1 1 0 1 0 1 1 1 1 13429.0 13633.0 15109.0 15484.0 1 0.14694851577601056
0 1 0 0 1 1 1 1 1 0 0 0 0 1 1 0 0 1 1 1 1 0 1 1 1 0 1 0 1 1 0 0 1 1 1 0 1 1 1 1 14217.0 12734.0 15000.0 16644.0 1 0.14573601368719916
1 1 0 1 1 1 1 0 1 0 0 0 0 1 1 0 0 1 0 1 1 0 1 1 1 0 1 0 1 1 0 1 1 0 1 0 1 1 0 1 12993.0 13676.0 14407.0 15858.0 1 0.1431437358955612
1 1 0 0 1 1 1 0 0 0 1 1 1 1 1 1 1 1 1 0 1 0 0 1 1 0 1 0 1 1 0 1 0 0 1 0 1 1 1 1 15725.0 12973.0 14859.0 14718.0 1 0.13747436243793665
1 1 0 0 0 0 1 1 1 0 1 1 1 1 1 1 0 1 0 1 1 0 0 1 1 0 1 1 0 1 0 1 1 0 1 0 1 1 1 1 14694.0 12276.0 16636.0 15414.0 1 0.13215558900284421
0 1 0 1 1 1 1 0 1 0 0 0 0 1 1 1 1 1 0 0 1 0 0 1 1 0 1 0 1 1 0 1 1 1 1 0 1 1 1 1 14427.0 13868.0 14790.0 15442.0 1 0.1295183535700187
1 1 0 0 1 0 1 1 0 0 1 0 1 1 1 1 0 1 1 0 1 0 1 1 1 0 1 0 0 1 0 1 1 1 1 0 1 1 1 1 15767.0 11758.0 16356.0 15858.0 1 0.12869168037199896
1 1 0 0 1 1 1 1 0 0 1 1 1 1 1 1 0 0 0 1 1 0 0 1 1 0 1 0 0 1 1 1 0 1 1 0 1 1 1 1 16718.0 11393.0 15316.0 14253.0 1 0.12718658005895334
0 1 0 0 1 1 1 1 0 0 1 1 1 1 1 1 0 1 1 0 1 0 0 1 1 0 1 0 1 1 0 1 1 0 1 0 1 1 1 1 15924.0 12486.0 15375.0 16161.0 1 0.12576115817363326
1 1 0 0 1 1 1 1 0 0 1 1 0 1 1 1 0 1 1 0 1 0 0 1 1 0 1 0 0 1 0 1 1 0 1 0 1 1 1 1 15820.0 11914.0 15511.0 15554.0 1 0.12376297188355953
0 1 0 1 0 1 1 1 0 0 0 1 1 1 1 0 0 1 1 1 1 0 0 1 1 0 1 0 1 1 0 1 1 0 1 0 1 1 1 1 14487.0 12510.0 15257.0 16371.0 1 0.11913954986047484
0 1 0 0 1 1 1 1 0 0 1 1 1 1 1 1 0 1 1 0 1 0 0 1 1 0 1 0 0 1 1 1 0 1 1 0 1 1 1 1 16613.0 11954.0 15057.0 15222.0 1 0.11812036665528447
