0 1 0 0 1 1 1 1 1 0 1 0 1 1 1 0 0 1 1 1 1 1 0 1 1 0 1 0 1 1 0 1 1 0 1 0 1 1 0 1 15199.0 12945.0 14681.0 17312.0 0 1000000000000000.1
0 1 0 0 1 1 1 1 1 1 0 0 1 1 1 1 0 1 1 1 1 0 1 1 1 0 1 0 0 1 0 0 1 0 1 0 1 1 1 1 14985.0 12502.0 15031.0 17209.0 0 0.16183975116649957
1 1 0 0 1 1 1 1 1 0 0 0 1 1 1 0 0 1 1 1 1 0 0 1 1 0 1 0 1 1 0 1 1 0 1 0 1 1 1 1 14826.0 13263.0 14835.0 17026.0 0 0.17112043391375834
0 1 0 1 0 1 1 1 1 0 0 0 1 1 1 0 0 1 1 1 1 0 0 1 1 0 1 0 1 1 0 1 1 0 1 0 1 1 1 1 13929.0 13120.0 14852.0 17016.0 0 0.2634641833769935
1 1 0 0 1 1 1 1 1 0 0 0 1 1 1 0 0 1 1 0 1 0 1 1 1 0 1 0 0 1 0 1 1 1 1 0 1 1 1 1 15175.0 12876.0 15362.0 16955.0 0 0.07282708219810224
1 1 0 0 1 1 1 1 1 0 0 0 0 1 1 1 1 1 1 1 1 0 0 1 1 0 1 0 1 1 0 1 1 0 1 0 1 1 1 1 15748.0 13733.0 15369.0 16937.0 0 0.11747309277619827
0 1 0 1 1 1 1 1 1 0 0 1 0 1 1 1 0 1 1 0 1 0 0 1 1 0 1 0 0 1 0 1 1 1 1 0 1 1 1 1 15836.0 13043.0 15341.0 16606.0 0 0.14477215011534533
1 1 0 0 1 1 1 1 0 0 1 0 1 1 1 0 0 1 1 1 1 0 0 1 1 0 1 0 1 1 0 1 1 0 1 0 1 1 1 1 15410.0 12811.0 15686.0 16583.0 0 0.09901066996747178
0 1 0 0 1 1 1 1 0 0 1 0 0 1 1 1 0 1 1 1 1 1 0 1 1 0 1 0 1 1 0 1 1 0 1 0 1 1 1 1 15569.0 12202.0 15552.0 16479.0 0 0.08548716312664588
1 1 0 0 1 0 1 1 1 0 1 1 1 1 1 0 0 1 1 1 1 0 0 1 1 0 1 0 1 1 0 1 1 0 1 0 1 1 1 1 15498.0 13225.0 16171.0 16467.0 0 0.1941107065033708
0 1 0 0 1 1 1 1 0 0 1 0 0 1 1 1 0 1 1 1 1 1 0 1 1 0 1 0 0 1 0 1 1 1 1 0 1 1 1 1 16031.0 11535.0 15708.0 16376.0 0 0.27131671072911623
1 1 0 0 1 1 1 1 0 0 1 0 1 1 1 1 0 1 1 0 1 0 1 1 1 0 1 0 0 1 0 1 1 0 1 0 1 1 1 1 15657.0 12269.0 16048.0 16354.0 0 0.07021324181763465
1 1 0 0 1 1 1 1 1 0 0 1 0 1 1 1 0 1 1 0 1 0 0 1 1 0 1 0 0 1 0 1 1 1 1 0 1 1 1 1 16148.0 12559.0 15118.0 16314.0 0 0.09944820337077365
1 1 0 1 1 1 1 0 1 0 0 0 1 1 1 0 0 1 1 0 1 0 0 1 1 0 1 0 1 1 0 1 1 0 1 0 1 1 1 1 14178.0 13930.0 14535.0 16242.0 0 0.15647408426118758
1 1 0 0 1 1 1 1 0 0 1 1 0 1 1 0 0 1 1 1 1 0 0 1 1 0 1 0 1 1 0 1 1 0 1 0 1 1 1 1 15649.0 12841.0 15913.0 16239.0 0 0.07113724064544896
0 1 0 1 1 1 1 1 0 0 1 1 1 1 1 1 0 1 1 0 1 0 0 1 1 0 1 0 0 1 0 1 1 0 1 0 1 1 1 1 15993.0 12622.0 16027.0 16216.0 0 0.08304343282528408
1 1 0 0 1 1 1 1 0 0 1 0 1 1 1 1 0 1 1 0 1 0 0 1 1 0 1 0 0 1 0 1 1 1 1 0 1 1 1 1 16493.0 12077.0 15742.0 16215.0 0 0.10242170643613278
1 1 0 1 1 1 1 1 0 0 0 1 1 1 1 1 0 1 1 0 1 0 0 1 1 0 1 0 0 1 0 1 1 0 1 0 1 1 1 1 16074.0 12722.0 15792.0 16171.0 0 0.10844562000694061
0 1 0 1 1 1 1 1 1 0 0 1 0 1 1 1 1 1 1 0 1 0 0 1 1 0 1 0 0 1 0 0 1 1 1 0 1 1 0 1 15941.0 13021.0 14856.0 16077.0 0 0.10398640775798537
1 1 0 0 1 1 1 1 0 0 1 1 0 1 1 1 0 1 1 0 1 0 0 1 1 0 1 0 1 1 0 1 1 0 1 0 1 1 1 1 16270.0 12774.0 15813.0 15974.0 0 0.11143897479233039
1 1 0 1 1 0 1 1 1 0 0 1 1 1 1 1 0 1 0 1 1 0 0 1 1 0 1 0 0 1 0 1 1 1 1 0 1 1 1 1 15785.0 12967.0 16602.0 15925.0 0 0.04671876569947419
1 1 0 0 1 1 1 1 0 0 1 1 1 1 1 1 0 1 1 0 1 0 0 1 1 0 1 0 0 1 0 1 1 0 1 0 1 1 1 1 16305.0 12138.0 15804.0 15924.0 0 0.033606521807509136
1 1 0 1 1 1 1 0 1 0 0 0 0 1 1 1 0 1 0 1 1 1 0 1 1 0 1 0 1 1 0 1 1 0 1 0 1 1 1 1 14603.0 13725.0 15519.0 15900.0 0 0.1041586497194194
1 1 0 0 1 1 1 1 0 0 1 1 1 1 1 1 0 1 1 1 1 0 0 1 1 0 1 0 1 1 0 1 0 0 1 0 1 1 1 1 16295.0 12646.0 15579.0 15855.0 0 0.09235630395391606
1 1 0 0 1 1 1 1 0 0 1 1 1 1 1 1 0 1 0 1 1 1 0 1 1 0 1 0 0 1 0 1 1 0 1 0 1 1 1 1 16405.0 12119.0 16788.0 15793.0 0 0.09213134518622579
1 1 0 0 1 0 1 1 1 0 1 1 1 1 1 1 0 1 0 1 1 0 0 1 1 0 1 0 1 1 0 1 1 0 1 0 1 1 1 1 15554.0 13050.0 16458.0 15781.0 0 0.11765952469719401
1 1 0 1 1 0 1 1 1 0 1 0 1 1 1 1 0 1 0 0 1 0 0 1 1 0 1 0 1 1 0 1 1 0 1 0 1 1 0 1 14949.0 13380.0 15513.0 15757.0 0 0.11410624610577662
1 1 0 0 1 0 1 1 1 0 1 1 1 1 1 1 0 1 0 1 1 0 0 1 1 0 1 1 0 1 0 1 1 0 1 0 1 1 1 1 15279.0 12903.0 16842.0 15716.0 0 0.07484318504443638
1 1 0 1 1 0 1 1 1 0 0 1 1 1 1 1 0 1 0 1 1 0 0 1 1 0 1 0 0 1 1 1 1 0 1 0 1 1 1 1 15749.0 13366.0 16590.0 15685.0 0 0.0891574548601225
1 1 0 0 1 0 1 1 1 0 1 1 1 1 1 1 0 1 0 1 1 0 0 1 1 0 1 0 0 1 0 1 1 1 1 0 1 1 1 1 16016.0 12383.0 16614.0 15678.0 0 0.0995118090457119
1 1 0 1 1 1 1 0 1 0 0 0 0 1 1 1 0 1 0 1 1 0 0 1 1 0 1 0 1 1 1 1 1 0 1 0 1 1 0 1 14603.0 13921.0 14382.0 15638.0 0 0.2688965144277292
1 1 0 0 1 1 1 1 0 0 1 1 0 1 0 1 0 1 1 1 1 0 0 1 1 0 1 0 1 1 0 1 1 0 1 0 1 1 1 1 16357.0 12742.0 15633.0 15561.0 0 0.08699658553155695
1 1 0 0 1 1 1 1 1 0 1 1 0 1 0 1 0 1 1 1 1 0 0 1 0 0 1 0 1 1 1 1 1 0 1 0 1 1 0 1 16373.0 12891.0 14418.0 15512.0 0 0.066283840780203
0 1 0 1 1 1 1 1 1 0 0 0 1 1 0 1 1 1 0 0 1 0 0 1 1 0 1 0 1 1 0 1 1 0 1 0 1 1 1 1 14876.0 13986.0 14913.0 15493.0 0 0.11186040244716668
0 1 0 0 1 1 1 1 0 0 1 1 1 1 1 1 1 1 1 0 1 0 0 1 1 0 1 0 1 1 0 1 1 0 1 0 1 0 1 1 15844.0 12970.0 14931.0 15439.0 0 0.0810543050860627
1 1 0 0 1 1 1 1 0 0 1 1 1 1 1 1 0 1 1 1 1 0 0 1 1 0 1 0 0 0 1 1 1 0 1 0 1 1 0 1 16718.0 12031.0 15456.0 15414.0 0 0.07708014672670926
1 1 0 0 1 1 1 1 0 0 1 0 1 1 1 1 0 1 1 0 1 0 0 1 1 0 1 0 0 1 1 1 0 1 1 0 1 1 1 1 16720.0 12212.0 15268.0 15379.0 0 0.08152935394149093
0 1 0 0 1 1 1 1 0 0 1 0 0 1 1 1 0 1 1 1 1 1 0 1 1 0 1 0 1 1 1 0 0 1 1 0 1 1 1 1 16427.0 12159.0 15503.0 15358.0 0 0.07483995938507937
1 1 0 0 1 1 1 1 0 0 1 1 1 1 1 1 0 1 0 1 1 0 0 1 1 0 1 0 1 1 0 0 1 0 1 0 1 1 1 1 15909.0 12519.0 16460.0 15321.0 0 0.06694485479849316
0 1 0 1 1 0 1 1 0 0 1 1 1 1 1 1 0 1 0 1 1 1 0 1 1 0 1 0 0 1 0 1 1 0 1 0 1 1 1 1 15291.0 11899.0 16861.0 15272.0 0 0.25015550538292936
1 1 0 0 1 1 1 1 1 0 0 1 1 1 0 1 0 1 1 0 1 1 0 1 1 0 1 0 0 1 1 1 0 1 1 0 1 1 0 1 17212.0 12563.0 13975.0 15252.0 0 1000000000000000.4
1 1 0 1 1 0 1 1 1 0 1 1 1 1 1 1 0 1 0 1 1 0 0 1 1 0 1 0 0 1 0 0 1 0 1 0 1 1 1 1 15342.0 12815.0 17077.0 15234.0 0 0.10185666867862087
1 1 0 0 1 0 1 1 1 0 1 1 1 1 0 1 0 1 0 1 1 1 0 1 1 0 1 0 1 1 0 1 1 0 1 0 1 1 1 1 16117.0 13002.0 16482.0 15234.0 0 0.07001552530957539
1 1 0 0 1 1 1 1 1 0 0 1 1 1 0 1 1 1 0 0 1 0 0 1 1 0 1 0 1 1 0 1 1 0 1 0 1 1 1 1 15912.0 13756.0 15210.0 15227.0 0 0.09120294215829503
0 1 0 1 1 1 1 1 0 0 1 1 1 1 1 1 0 1 0 1 1 1 0 1 1 0 1 0 0 0 0 1 1 0 1 0 1 1 1 1 15652.0 12106.0 16810.0 15123.0 0 0.058454493023019916
1 1 0 1 1 1 1 0 1 0 0 0 0 1 1 1 0 1 0 1 1 0 0 1 1 0 1 1 1 1 0 1 1 0 1 0 1 0 1 1 13436.0 14177.0 14630.0 15121.0 0 2000000000000000.0
1 1 0 1 1 0 1 1 1 0 0 1 1 1 1 1 0 1 0 1 1 0 0 1 1 0 1 0 0 1 1 1 0 1 1 0 1 1 1 1 16012.0 13102.0 16128.0 15089.0 0 0.1010720263138945
1 1 0 1 1 0 1 1 1 0 1 0 1 1 0 1 0 1 0 0 1 0 0 1 1 0 1 0 1 1 0 1 1 0 1 0 1 1 1 1 15058.0 13550.0 15926.0 14969.0 0 0.2343503627034399
1 1 0 0 1 1 1 1 1 0 0 1 1 1 0 1 0 0 0 1 1 0 0 1 1 0 1 0 1 1 1 1 1 0 1 0 1 1 1 1 16219.0 12832.0 14656.0 14875.0 0 0.10126468168546218
1 1 0 0 1 1 1 1 0 0 1 1 0 1 0 1 0 1 1 0 1 0 0 1 1 0 1 0 0 1 1 1 1 0 1 0 1 1 1 1 16594.0 12369.0 15384.0 14794.0 0 0.18557012797310388
1 1 0 0 1 1 1 1 0 0 1 1 1 1 0 1 0 1 0 0 1 0 0 1 1 0 1 0 0 1 1 1 1 1 1 0 1 1 0 1 17026.0 12266.0 15143.0 14587.0 0 0.20959380524157603
1 1 0 0 1 1 1 1 0 0 1 1 1 1 1 1 0 1 1 0 1 0 0 1 1 0 1 0 0 1 1 1 0 1 1 0 1 0 1 1 16767.0 12294.0 14810.0 14561.0 0 0.1839137255840331
1 1 0 1 1 1 1 0 1 0 0 0 0 1 0 1 1 1 0 0 1 0 0 1 1 0 1 0 1 1 0 1 1 0 1 0 1 1 1 1 14244.0 14050.0 14490.0 14471.0 0 0.2241844823255888
1 1 0 0 1 0 1 1 1 0 1 1 1 1 0 1 0 1 1 0 1 0 0 1 1 0 1 0 0 1 1 1 0 1 1 0 1 1 1 1 16706.0 12489.0 15180.0 14426.0 0 0.10750672228221911
1 1 0 1 1 0 1 1 1 0 1 1 1 1 1 1 0 1 0 1 1 0 0 1 1 0 1 0 0 1 1 0 0 0 1 0 1 1 1 1 15569.0 12950.0 16603.0 14398.0 0 0.02509772006385461
0 1 0 1 1 0 1 1 0 0 1 1 1 1 1 1 0 1 0 1 1 1 0 1 1 0 1 0 0 0 1 1 1 0 1 0 1 1 1 1 15726.0 11994.0 17106.0 14387.0 0 0.11701166257266951
1 1 0 0 1 1 1 1 0 0 1 1 1 1 0 1 0 1 0 0 1 0 0 1 1 0 1 0 0 1 1 1 1 0 1 0 1 1 1 1 16325.0 12380.0 15671.0 14319.0 0 0.08479142987160862
1 1 0 1 0 0 1 1 0 0 1 1 1 1 1 1 0 1 0 1 1 1 0 1 1 0 1 0 0 0 0 1 1 0 1 0 1 1 1 1 15096.0 11287.0 17185.0 14191.0 0 2000000000000000.0
1 1 0 1 1 0 1 0 1 0 0 1 1 1 0 1 1 1 0 0 1 0 0 1 1 0 1 0 1 1 0 1 1 0 1 0 1 1 1 1 14651.0 13824.0 15153.0 14054.0 0 0.2715011946916905
1 1 0 1 1 1 1 0 1 0 0 0 0 1 0 1 1 1 0 0 1 0 0 1 1 0 1 0 1 1 1 1 1 0 1 0 1 0 0 1 14232.0 14163.0 12972.0 13655.0 0 2000000000000000.0
1 1 0 1 1 1 1 0 1 0 0 0 0 1 0 1 1 1 0 0 1 0 0 1 1 0 1 1 1 1 0 1 0 0 1 0 1 0 1 1 13093.0 14134.0 13278.0 13069.0 1 3000000000000000.0
0 1 0 0 1 1 1 1 1 0 1 0 1 1 1 0 0 1 1 1 1 1 0 1 1 0 1 0 1 1 0 1 1 0 0 0 1 1 1 1 14611.0 12885.0 14681.0 17285.0 1 1000000000000000.1
1 1 0 1 1 1 1 0 1 0 0 0 0 1 1 0 0 1 0 1 1 0 1 1 1 0 1 0 1 1 0 0 1 0 1 0 1 1 1 1 12923.0 13612.0 15360.0 15305.0 1 1000000000000000.1
0 1 0 1 0 0 1 1 0 0 1 1 1 1 1 1 0 1 0 1 1 1 0 1 1 0 1 0 0 0 1 1 1 0 1 0 1 1 1 1 15141.0 11367.0 16900.0 14085.0 1 1000000000000000.1
1 1 0 0 1 1 1 1 0 0 1 1 0 1 0 1 0 1 1 0 1 0 0 1 1 0 1 0 0 1 1 1 0 1 1 0 1 1 1 1 16857.0 12105.0 14922.0 14198.0 1 1000000000000000.0
1 1 0 0 1 1 1 1 0 0 1 1 1 1 1 1 0 0 1 1 1 0 0 1 1 0 1 0 0 0 1 0 1 0 1 0 1 1 1 1 16487.0 11002.0 15550.0 14130.0 1 1000000000000000.0
1 1 0 1 1 1 1 0 1 0 0 0 0 1 0 1 1 1 0 0 1 0 0 1 1 0 1 0 1 1 0 1 1 0 1 0 1 0 1 1 13567.0 13878.0 13512.0 13627.0 1 0.3884729408291287
1 1 0 1 1 1 1 0 1 0 0 0 0 1 0 1 1 1 0 1 1 0 0 1 1 0 1 0 1 1 1 0 0 0 1 0 1 1 1 1 14379.0 13919.0 14376.0 13457.0 1 0.35791127507071063
0 1 0 0 1 1 1 1 0 0 1 1 1 1 1 1 0 1 1 0 1 1 0 1 1 0 1 0 0 1 0 1 1 0 1 0 1 1 1 1 16139.0 11715.0 15670.0 16031.0 1 0.30088833397942455
1 1 0 0 1 1 1 1 1 0 1 1 0 1 0 1 0 1 0 0 1 0 0 1 1 0 1 0 0 1 1 1 1 1 1 0 1 0 0 1 16030.0 12734.0 13987.0 14044.0 1 0.29742006359709594
1 1 0 0 1 1 1 1 1 0 0 0 0 1 1 0 0 1 1 1 1 0 1 1 1 0 1 0 1 1 0 0 1 0 1 0 1 1 1 1 14136.0 13053.0 15273.0 16510.0 1 0.25746476814570374
1 1 0 0 1 0 1 1 1 0 1 1 0 1 0 1 1 1 0 1 1 0 0 1 1 0 1 0 1 1 0 1 1 0 1 0 1 1 1 1 15564.0 13345.0 16126.0 14696.0 1 0.22994695658407177
1 1 0 0 1 0 1 1 1 0 1 1 0 1 1 0 0 1 1 1 1 0 0 1 1 0 1 0 1 1 0 1 1 0 1 0 1 1 1 1 15013.0 13001.0 15878.0 16097.0 1 0.2272016575278914
1 1 0 1 1 1 1 1 0 0 0 1 1 1 1 1 0 0 1 0 1 0 0 1 1 0 1 0 0 0 1 1 1 0 1 0 1 1 1 1 16348.0 11852.0 15178.0 14555.0 1 0.2240884158565784
0 1 0 0 1 1 1 1 1 1 0 0 1 1 1 1 0 1 0 0 1 0 0 1 1 1 1 0 1 1 0 1 1 0 1 0 1 1 0 1 14655.0 12907.0 13348.0 16899.0 1 0.2220571202889617
0 1 0 0 1 1 1 1 0 0 1 1 1 1 1 1 0 1 0 1 1 1 0 1 1 0 1 0 0 0 1 1 1 0 1 0 1 1 1 1 16009.0 11702.0 16302.0 14725.0 1 0.22205450330797497
1 1 0 0 1 1 1 1 1 0 1 0 1 1 1 1 0 1 0 1 1 1 0 1 1 0 1 0 0 0 0 1 1 0 1 0 1 1 1 1 15406.0 12232.0 16182.0 15476.0 1 0.2201529997894964
0 1 0 1 1 1 1 1 1 0 0 0 0 1 1 1 1 1 1 0 1 0 0 1 1 0 1 0 0 1 0 1 1 1 1 0 1 1 0 1 15498.0 13138.0 14369.0 16653.0 1 0.21809616464441306
1 1 0 0 1 1 1 1 1 0 1 0 1 1 1 0 0 1 1 1 1 1 0 1 0 0 1 0 1 1 0 1 1 0 1 0 1 1 0 1 15215.0 12457.0 14622.0 16747.0 1 0.20802700179548758
0 1 0 1 1 1 1 0 1 0 0 0 0 1 1 1 1 1 0 0 1 0 0 1 1 0 1 0 1 1 0 1 1 1 1 0 1 1 1 1 14427.0 13868.0 14790.0 15442.0 1 0.20126437983648857
1 1 0 0 1 1 1 1 1 0 0 1 1 1 0 1 0 1 1 0 1 1 0 1 1 0 1 0 0 0 1 1 0 1 1 0 1 1 0 1 16771.0 12066.0 13774.0 14290.0 1 0.19957143695875101
0 1 0 0 1 0 1 1 1 0 1 1 1 1 1 1 0 1 0 1 1 1 0 1 1 0 1 0 1 0 0 1 1 1 1 0 1 1 1 1 15859.0 12323.0 16581.0 15243.0 1 0.18554068125021453
1 1 0 1 1 0 1 1 1 0 1 0 1 1 1 1 0 1 0 0 1 0 0 1 1 0 1 0 1 1 0 0 1 0 1 0 1 1 1 1 14879.0 13316.0 16466.0 15204.0 1 0.18054230710945818
1 1 0 0 1 1 1 1 0 0 1 1 1 1 0 1 0 1 0 0 1 0 0 1 1 0 1 0 0 1 1 1 0 1 1 0 1 1 1 1 16588.0 12116.0 15209.0 13723.0 1 0.17532982123136392
0 1 0 1 1 0 1 1 0 0 1 1 1 1 1 1 0 1 0 1 1 1 0 1 1 0 1 0 0 0 0 1 1 0 1 0 1 1 1 1 14850.0 11402.0 16660.0 14310.0 1 0.17352225085254366
1 1 0 0 1 1 1 1 0 0 1 1 0 1 1 1 0 1 1 0 1 0 0 1 1 0 1 0 1 1 0 0 1 0 1 0 1 1 1 1 15989.0 12403.0 15780.0 15372.0 1 0.17083538629882672
1 1 0 0 1 0 1 1 0 0 1 1 1 1 1 1 0 1 0 1 1 1 0 1 1 0 1 0 0 1 0 1 1 0 1 0 1 1 1 1 15603.0 11415.0 16638.0 14980.0 1 0.1669087927979742
1 1 0 1 1 1 1 0 1 0 0 0 0 1 1 1 0 1 0 1 1 0 0 1 1 0 1 1 1 1 0 1 1 0 1 0 1 0 0 1 13225.0 13870.0 13644.0 15072.0 1 0.16577185776820058
0 1 0 1 1 0 1 1 0 0 1 1 1 1 0 1 0 1 0 1 1 1 0 1 1 0 1 0 1 1 0 1 1 0 1 0 1 1 1 1 15639.0 12622.0 16590.0 14855.0 1 0.16192373536503976
1 1 0 1 0 0 1 1 1 0 1 1 1 1 1 1 0 1 0 1 1 0 0 1 1 0 1 0 0 1 0 0 1 0 1 0 1 1 1 1 14757.0 12188.0 16871.0 14932.0 1 0.16092862457212978
1 1 0 0 1 0 1 1 0 1 0 0 1 1 1 0 0 1 1 0 1 0 1 1 1 0 1 0 0 1 0 1 1 1 1 0 1 1 1 1 15042.0 11867.0 15302.0 16244.0 1 0.16007738107613645
0 1 0 1 1 1 1 1 1 0 0 1 0 1 1 1 0 1 1 0 1 0 0 1 1 0 1 0 1 1 0 1 1 0 1 0 1 1 1 1 15374.0 13710.0 15185.0 16709.0 1 0.15603426799455222
1 1 0 1 1 0 1 1 1 0 1 1 1 1 1 1 0 1 0 1 1 0 0 1 1 0 1 0 1 1 1 0 0 0 1 0 1 1 1 0 15140.0 13050.0 16183.0 14017.0 1 0.1510374227875459
0 1 0 1 1 1 1 1 0 0 0 0 1 1 1 0 0 1 1 0 1 0 1 1 1 0 1 0 0 1 0 1 1 1 1 0 1 1 1 1 14697.0 12496.0 15470.0 16576.0 1 0.1471960394047395
0 1 0 1 0 1 1 1 1 0 0 0 0 1 1 0 0 1 1 1 1 0 1 1 1 0 1 0 1 1 0 0 1 0 1 0 1 1 1 1 13239.0 12910.0 15290.0 16500.0 1 0.14480391452852315
1 1 0 0 1 1 1 1 1 0 0 1 0 1 1 1 0 1 1 0 1 0 0 1 1 0 1 0 1 1 0 1 1 0 1 0 1 1 1 1 15686.0 13226.0 14962.0 16417.0 1 0.14336621537202776
0 1 0 0 1 1 1 1 0 0 1 1 1 1 1 1 0 1 1 0 1 0 0 1 1 0 1 0 0 1 1 1 0 1 1 0 1 1 1 1 16613.0 11954.0 15057.0 15222.0 1 0.1394941502856741
0 1 0 0 1 1 1 1 0 0 1 0 0 1 1 1 0 1 1 0 1 1 0 1 1 0 1 0 1 1 1 0 0 1 1 0 1 1 1 1 16238.0 12054.0 15110.0 14934.0 1 0.13202209991946035
1 1 0 0 1 1 1 1 1 0 0 0 0 1 1 1 1 1 1 0 1 0 0 1 1 0 1 0 1 1 0 1 1 0 1 0 1 1 1 1 15559.0 13628.0 14976.0 16513.0 1 0.08994998002694896
1 1 0 0 0 1 1 1 1 0 0 0 1 1 1 1 1 1 1 0 1 0 0 1 1 0 1 0 1 1 0 1 1 0 1 0 1 1 1 1 15459.0 13225.0 15063.0 16581.0 1 0.08437948605606044
