0 0 1 1 0 1 1 0 0 1 0 1 1 1 1 1 0 0 0 1 5456.0 6226.0 0 2000000000000000.0
0 0 1 1 1 1 0 0 1 1 1 1 0 1 1 1 0 0 0 1 5662.0 6200.0 0 1.1534998022562577
0 0 1 1 1 0 1 1 1 1 0 0 1 1 1 1 0 0 0 1 6470.0 5913.0 0 1.5429708640355098
0 1 0 1 1 1 1 0 1 0 1 0 1 1 1 1 0 0 1 1 6503.0 5112.0 0 0.8465001977435797
0 1 1 1 1 0 1 1 1 1 0 0 0 1 1 1 0 0 0 0 6544.0 4813.0 0 2000000000000000.0
0 0 1 1 0 1 1 0 0 0 1 1 1 1 1 1 0 0 1 1 5260.0 6207.0 1 2000000000000000.0
0 0 1 1 0 1 1 0 1 0 0 1 1 1 1 0 0 0 1 1 5537.0 6182.0 1 0.48079135035652887
0 0 1 1 0 1 1 0 1 0 0 1 1 1 1 0 0 1 1 0 5591.0 5943.0 1 0.29554081184513575
0 0 1 1 1 1 0 0 1 1 0 0 1 1 1 0 0 0 0 1 5648.0 5928.0 1 0.24502138360832038
0 0 1 1 1 1 0 0 1 1 1 0 1 1 1 0 0 1 0 0 5856.0 5904.0 1 0.319094150615864
0 0 1 1 1 1 1 0 1 0 0 1 1 1 1 0 0 0 0 1 5881.0 5766.0 1 0.4019791601313016
0 0 1 1 1 1 1 1 1 0 0 0 1 1 1 1 0 0 0 1 6199.0 5749.0 1 0.7526428885123928
0 1 0 1 1 1 0 0 1 1 1 1 1 1 1 0 0 0 1 0 6346.0 5300.0 1 0.6937856829160615
0 1 0 1 1 1 1 0 1 0 1 0 1 1 1 0 0 0 1 1 6355.0 5049.0 1 0.3894025660329693
0 1 0 1 1 0 1 1 1 1 0 0 0 1 1 1 0 0 1 1 6502.0 4975.0 1 2000000000000000.0
0 0 1 1 0 1 1 0 0 0 1 1 1 1 1 0 0 0 1 1 5112.0 6144.0 2 2000000000000000.0
0 0 1 1 1 1 0 0 1 0 1 0 1 1 1 1 0 1 0 1 5520.0 6014.0 2 0.7801776409878447
0 0 1 1 1 1 0 0 1 1 0 0 1 1 1 0 0 0 1 0 5782.0 5647.0 2 0.6652847357548036
0 0 1 1 1 0 1 1 1 0 1 1 1 1 1 0 0 1 0 0 6069.0 5560.0 2 0.32641698796488383
0 1 1 1 0 1 1 0 1 0 0 1 1 1 1 0 0 0 1 0 6100.0 5490.0 2 0.14143367317068228
0 0 1 1 1 0 1 1 1 1 1 0 0 1 1 0 0 0 1 0 6121.0 5376.0 2 0.17968670285278243
0 0 1 1 1 1 1 1 1 1 0 0 0 1 1 1 0 0 0 0 6194.0 5294.0 2 0.37217459666962727
0 1 0 1 1 1 1 0 1 0 0 1 1 1 1 1 0 0 0 1 6238.0 4865.0 2 0.3544389338195106
0 1 0 1 1 1 1 0 1 1 0 1 0 1 1 0 0 1 0 0 6317.0 4823.0 2 0.15916097250912575
0 1 0 1 1 1 1 0 1 0 1 0 1 1 1 0 0 1 1 0 6409.0 4810.0 2 0.35927973437484745
0 1 0 1 1 0 1 0 1 1 0 0 1 1 1 1 0 0 1 0 6442.0 4346.0 2 2000000000000000.0
0 0 1 1 0 0 1 0 0 1 1 0 1 1 1 1 0 1 0 1 5250.0 6011.0 3 2000000000000000.0
0 0 1 1 0 1 1 0 1 0 1 1 1 1 1 0 0 0 0 1 5379.0 5963.0 3 0.2710233371932591
0 0 1 1 0 1 1 0 0 1 0 1 1 1 1 0 0 0 1 0 5442.0 5882.0 3 0.19104491909602328
0 0 1 1 1 0 0 1 1 1 0 0 0 1 1 1 0 1 0 1 5519.0 5877.0 3 0.43650243571209574
0 0 1 1 0 1 1 1 1 0 1 0 1 1 1 0 0 0 1 0 5683.0 5602.0 3 0.6447213088888157
0 0 1 1 1 1 1 0 1 0 0 1 1 1 1 0 0 1 0 0 5935.0 5527.0 3 0.6160816167831178
0 0 1 1 1 1 1 1 1 1 0 0 0 1 1 0 0 0 0 0 6046.0 5231.0 3 0.5331913323020914
0 1 1 1 1 0 1 1 1 0 1 0 0 1 1 0 0 0 0 1 6066.0 5012.0 3 0.42605521698824694
0 1 0 1 1 0 1 0 1 1 1 0 0 1 1 0 0 0 1 1 6137.0 4805.0 3 0.4804917630949056
0 1 0 1 1 1 1 1 1 0 0 0 1 1 1 1 0 0 0 1 6408.0 4785.0 3 2000000000000000.0
0 0 1 1 1 1 0 0 0 1 1 1 0 1 1 1 0 0 0 1 5083.0 5947.0 4 2000000000000000.0
0 0 1 1 0 0 0 0 1 1 1 0 1 1 1 1 0 1 1 0 5269.0 5879.0 4 0.40752761203211485
0 0 1 1 1 0 0 1 1 1 0 1 0 1 1 1 0 0 0 1 5488.0 5803.0 4 0.31771956294811693
0 0 1 1 0 1 1 0 1 0 1 1 1 1 1 0 0 0 1 0 5513.0 5682.0 4 0.23621981441552295
1 0 1 1 1 1 0 0 1 1 0 0 1 1 1 0 0 0 0 0 5619.0 5597.0 4 0.17590866339377909
1 0 1 1 1 1 0 1 1 1 0 0 0 1 1 1 0 0 0 0 5649.0 5574.0 4 0.1333339411095167
0 1 0 1 0 1 0 0 1 1 0 0 1 1 1 1 0 0 1 1 5661.0 5443.0 4 0.2091889682543151
0 0 0 1 1 1 0 0 1 1 1 0 1 1 1 1 0 1 1 0 5784.0 5414.0 4 0.29797291445396
0 1 0 1 1 1 0 0 1 1 1 1 0 1 1 1 0 0 0 1 5871.0 5236.0 4 0.21783914291399814
0 0 1 1 1 0 1 1 1 1 0 0 0 1 1 0 0 1 0 0 5887.0 5203.0 4 0.1456034229955053
0 1 0 1 1 1 0 0 1 1 1 0 1 1 1 0 0 0 0 1 6011.0 5179.0 4 0.37986315919023345
0 1 0 1 1 0 1 0 1 0 0 0 1 1 1 0 0 1 1 1 6042.0 4806.0 4 0.4845708416332426
0 1 0 1 1 1 1 0 1 0 1 1 1 1 1 0 0 1 0 0 6298.0 4778.0 4 0.5110972335546793
0 1 0 1 1 0 1 0 1 1 0 0 1 1 1 0 1 0 1 0 6376.0 4420.0 4 2000000000000000.0
1 0 1 1 0 1 1 0 0 0 0 1 1 1 1 1 0 0 0 1 4943.0 5942.0 5 2000000000000000.0
0 0 1 1 0 0 1 0 1 1 1 0 0 1 1 0 0 0 1 1 5272.0 5751.0 5 0.7836876343556702
0 0 1 1 1 1 0 1 1 0 1 0 1 1 1 0 0 0 1 0 5645.0 5516.0 5 0.5715964387243835
0 1 0 1 1 1 0 1 0 1 1 1 0 1 1 1 0 0 0 1 5663.0 5305.0 5 0.15717196127744043
0 1 1 1 0 1 1 0 0 0 0 1 1 1 1 1 0 0 1 0 5669.0 5300.0 5 0.21203171614702596
0 1 1 1 0 0 1 0 1 0 1 1 1 1 1 0 0 0 1 0 5863.0 5201.0 5 0.2841484832731317
0 0 1 1 1 0 1 0 1 1 1 0 0 1 1 1 0 0 1 0 5898.0 5117.0 5 0.16441768648222232
0 1 0 1 0 1 1 0 1 0 0 1 1 1 1 1 0 1 1 0 5948.0 5042.0 5 0.1822783920868745
0 1 0 1 1 1 0 0 1 1 1 1 0 1 1 1 0 0 1 0 6005.0 4955.0 5 0.21909197776308836
0 1 1 1 1 1 1 0 1 0 0 1 0 1 1 0 1 0 0 0 6037.0 4803.0 5 0.28608367405240664
0 1 1 1 1 0 1 1 1 0 1 0 0 1 1 0 0 0 1 0 6200.0 4731.0 5 0.31783541511526087
0 1 0 1 1 1 1 0 1 0 0 1 1 1 1 0 0 0 1 0 6224.0 4521.0 5 0.3066298549543395
0 1 0 1 1 1 1 0 1 0 1 0 1 1 1 1 0 0 1 0 6325.0 4397.0 5 2000000000000000.0
0 0 1 1 0 1 0 1 1 0 0 1 0 1 1 0 0 1 1 0 4779.0 5753.0 6 2000000000000000.0
0 0 1 1 1 1 0 0 1 0 0 1 0 1 1 1 0 0 1 1 5158.0 5751.0 6 0.356624766710646
0 0 1 1 1 0 0 0 1 1 1 1 0 1 1 1 0 0 0 1 5271.0 5696.0 6 0.13004896637381363
0 1 1 1 0 1 0 0 1 0 0 1 1 1 1 0 0 0 0 1 5272.0 5667.0 6 0.25336792843407807
1 0 1 1 0 0 1 1 1 0 1 0 1 1 1 0 0 0 1 0 5441.0 5482.0 6 0.385651703635278
0 1 1 1 0 0 1 0 1 0 0 1 0 1 1 1 0 0 1 1 5546.0 5356.0 6 0.46699267563621777
0 1 1 1 0 0 1 0 1 0 0 1 1 1 1 0 1 0 1 0 5791.0 5123.0 6 0.41691301586473073
0 1 0 1 0 1 1 0 1 0 0 1 1 1 1 0 0 1 1 0 5800.0 4979.0 6 0.2966694628871972
0 1 1 1 1 0 1 1 1 0 0 0 0 1 1 0 0 0 0 1 5912.0 4797.0 6 0.45468193533140894
0 1 0 1 1 1 1 0 1 0 1 0 1 1 1 1 0 0 0 1 6191.0 4678.0 6 0.6263451663317291
0 1 0 1 1 0 1 1 1 1 0 0 0 1 1 1 0 0 1 0 6324.0 4260.0 6 2000000000000000.0
0 0 1 1 0 1 0 0 1 0 0 1 1 1 1 1 0 0 0 1 4679.0 5707.0 7 2000000000000000.0
1 0 1 1 1 1 0 0 1 0 0 1 0 1 1 1 0 0 0 1 4995.0 5701.0 7 0.25970266292845007
0 0 1 1 0 1 1 0 0 0 0 1 1 1 1 0 0 1 1 0 5012.0 5690.0 7 0.13176608337897655
0 0 1 1 0 0 1 0 1 0 0 1 1 1 1 0 0 0 1 1 5146.0 5678.0 7 0.5137792315211256
0 1 1 1 1 0 0 0 0 1 1 1 0 1 1 1 0 0 0 1 5433.0 5466.0 7 0.6331517944420637
0 0 1 1 1 0 1 0 1 0 0 1 1 1 1 0 0 0 0 1 5490.0 5262.0 7 0.3060890722180776
0 1 0 1 0 1 1 0 0 1 0 1 1 1 1 0 0 0 0 1 5517.0 5199.0 7 0.29022590312910523
0 0 1 1 1 0 1 0 1 0 0 1 1 1 1 0 1 0 1 0 5706.0 5118.0 7 0.30360499715335953
0 0 1 1 1 0 1 0 1 1 1 0 0 1 1 0 0 0 1 0 5750.0 5054.0 7 0.22640262962841606
0 1 1 1 0 1 1 0 1 1 0 0 0 1 1 0 0 0 0 0 5760.0 4914.0 7 0.280614546743554
0 0 1 1 1 0 1 1 1 1 0 0 0 1 1 1 0 0 0 0 5803.0 4790.0 7 0.3277126099706459
0 1 0 1 1 1 1 0 1 0 1 0 0 1 1 0 0 0 1 1 5866.0 4641.0 7 0.3362094894352683
0 1 0 1 1 1 1 0 1 0 1 0 1 1 1 0 0 0 0 1 6043.0 4615.0 7 2000000000000000.0
1 0 1 1 0 0 1 0 0 1 0 1 0 1 1 1 0 0 0 1 4725.0 5698.0 8 2000000000000000.0
0 1 0 1 1 0 1 1 1 1 0 0 0 1 1 0 0 0 0 1 6042.0 4478.0 8 2000000000000000.0
0 1 0 1 1 1 1 0 1 0 0 1 0 1 1 0 0 1 1 0 5967.0 4589.0 8 0.4826132417192194
0 0 1 1 1 1 0 0 1 0 1 0 0 1 1 1 0 1 0 1 5031.0 5606.0 8 0.4615015497217606
0 1 0 1 1 0 1 0 1 0 0 1 0 1 1 0 0 1 1 1 5754.0 4800.0 8 0.4470468152905528
0 0 0 1 1 1 0 0 1 1 0 0 0 1 1 0 0 1 1 1 5171.0 5443.0 8 0.31132043765634854
0 1 0 1 1 0 0 1 1 1 0 0 0 1 1 1 0 1 0 1 5728.0 4913.0 8 0.30060868591057777
0 1 1 1 0 1 0 0 1 0 0 1 1 1 1 0 0 0 1 0 5406.0 5386.0 8 0.2740356249299611
0 0 1 1 1 0 1 1 1 0 0 1 0 1 1 1 0 1 0 0 5574.0 5000.0 8 0.251247245976305
0 0 1 1 1 1 0 0 1 0 0 1 0 1 1 0 0 1 1 0 5064.0 5449.0 8 0.2399087593512139
0 0 1 1 1 1 0 1 1 1 0 0 0 1 1 1 0 0 0 0 5500.0 5190.0 8 0.21655152669378508
0 0 1 1 1 1 0 0 1 0 1 0 1 1 1 1 0 0 1 0 5422.0 5257.0 8 0.18315159888966265
0 1 0 1 0 0 1 1 0 1 0 0 1 1 1 0 0 1 0 1 5528.0 5091.0 8 0.14892266328091708
