0 0 1 1 0 1 1 0 1 0 0 1 1 1 1 0 0 1 1 0 5591.0 5943.0 0 2000000000000000.0
0 1 0 1 1 0 1 0 1 0 0 0 1 1 1 0 0 1 1 1 6042.0 4806.0 0 2000000000000000.0
0 0 1 1 0 1 0 0 1 0 0 1 1 1 1 1 0 0 0 1 4679.0 5707.0 1 2000000000000000.0
0 0 1 1 1 1 0 0 1 1 1 0 1 0 1 1 0 0 0 1 4957.0 5460.0 1 1.0362327895405694
0 0 1 0 1 0 0 0 1 1 0 0 1 1 1 0 0 1 0 1 5109.0 5053.0 1 0.9664699757027873
0 0 1 0 1 0 0 0 1 1 1 0 1 1 1 1 0 1 1 0 5545.0 5050.0 1 0.9637672104592379
0 1 0 1 1 1 0 0 1 0 1 1 1 1 1 0 0 0 1 0 5684.0 4632.0 1 2000000000000000.0
0 0 1 1 0 0 1 0 0 1 1 1 1 0 1 1 0 1 1 0 4592.0 5386.0 2 2000000000000000.0
0 0 1 1 1 1 0 0 1 0 0 0 0 1 1 0 0 0 1 1 4809.0 5286.0 2 0.4679817119154863
0 0 1 1 1 1 0 0 0 0 0 0 1 1 1 1 0 1 1 0 4921.0 5265.0 2 0.468127828054246
0 0 1 1 1 1 0 0 1 0 0 1 0 1 1 1 0 0 1 0 4980.0 5036.0 2 0.9043410633483205
0 1 0 1 1 1 0 0 1 0 1 1 0 1 1 1 0 0 1 1 5521.0 5002.0 2 1.1989347662140475
0 1 0 1 1 1 0 0 1 0 0 1 1 1 1 0 1 0 1 0 5612.0 4554.0 2 2000000000000000.0
1 0 1 1 1 0 0 0 1 1 1 0 1 0 1 0 0 0 0 1 4567.0 5277.0 3 2000000000000000.0
0 0 1 1 1 0 0 1 1 1 1 0 1 0 1 0 0 0 0 1 4789.0 5215.0 3 0.7341239841239047
1 1 1 1 0 0 0 0 0 1 0 0 1 1 1 1 0 0 0 0 4882.0 4908.0 3 0.7645102645101792
0 0 0 1 1 1 0 0 1 1 0 0 0 1 1 0 0 1 1 0 4993.0 4728.0 3 0.6791294291293568
0 0 1 0 1 0 0 0 1 1 1 0 1 1 1 1 0 1 0 0 5233.0 4616.0 3 0.575051075051014
0 0 1 1 1 0 1 1 1 0 0 0 0 1 1 0 0 0 1 0 5305.0 4493.0 3 0.5867465867465256
0 0 0 1 1 1 1 0 1 1 0 0 0 1 1 1 0 0 1 0 5603.0 4419.0 3 2000000000000000.0
0 0 1 1 0 1 1 1 0 0 0 0 1 1 0 1 0 1 0 1 4408.0 5172.0 4 2000000000000000.0
0 0 1 1 1 1 0 0 0 0 0 1 1 1 1 0 0 0 1 0 4742.0 5128.0 4 0.7480527594179126
1 1 1 0 0 1 0 0 0 1 1 1 0 1 1 1 0 0 0 0 4759.0 4774.0 4 0.40563911530462454
1 0 1 1 1 0 0 1 1 0 0 0 0 1 1 0 0 0 1 0 4760.0 4773.0 4 0.4654508333916737
1 0 0 1 1 0 1 1 1 1 0 0 1 0 1 0 0 0 0 1 4946.0 4501.0 4 0.6591453161126917
0 1 0 0 0 0 0 1 1 1 0 0 1 1 1 0 0 1 0 1 5033.0 4393.0 4 0.25909004211720116
0 1 0 1 1 1 0 0 1 0 0 1 0 1 1 1 0 0 0 1 5055.0 4353.0 4 0.22856575659198478
0 1 0 0 1 1 0 1 0 0 1 0 1 1 1 1 0 1 0 1 5141.0 4272.0 4 0.527406365073014
0 1 0 0 1 1 0 0 1 0 1 1 1 1 1 0 0 1 1 0 5536.0 4261.0 4 2000000000000000.0
0 0 1 1 1 1 0 0 0 0 0 1 1 1 0 1 0 0 1 1 4280.0 5124.0 5 2000000000000000.0
1 0 1 1 1 0 0 0 1 1 1 0 1 0 1 0 0 1 0 0 4621.0 5038.0 5 0.4581847352295515
1 0 1 1 1 0 0 0 1 1 1 0 1 0 1 0 0 0 1 0 4701.0 4996.0 5 0.613811650091288
0 0 0 1 1 1 1 0 1 1 0 1 0 1 0 0 1 0 0 1 4816.0 4394.0 5 0.751628538567797
0 0 1 0 0 0 1 1 1 1 1 0 1 1 0 1 0 0 1 0 4934.0 4200.0 5 0.5064845554620871
0 1 0 0 1 1 0 1 0 0 0 1 1 1 1 0 0 1 1 0 5174.0 4115.0 5 0.41396713444862987
0 1 0 0 1 0 0 0 1 1 0 0 1 1 1 0 0 1 0 1 5318.0 4089.0 5 0.2162555452462923
0 1 0 1 1 1 0 0 1 0 0 1 1 1 1 1 0 0 0 0 5366.0 4046.0 5 0.37621959175386505
0 1 0 0 1 1 0 1 1 1 1 0 0 1 1 0 1 0 0 0 5417.0 3668.0 5 2000000000000000.0
1 0 0 1 0 1 0 0 1 1 0 1 0 0 1 0 0 1 0 1 3560.0 5031.0 6 2000000000000000.0
1 0 1 0 0 0 0 1 0 1 0 0 1 1 1 0 0 0 0 1 4162.0 5012.0 6 0.598575521772303
0 0 1 1 1 0 0 0 1 1 1 0 1 0 1 0 0 0 0 1 4418.0 4893.0 6 0.48457849169697287
0 0 1 1 0 0 1 0 0 1 0 0 0 1 1 1 0 0 1 0 4509.0 4631.0 6 0.3695889019420576
0 0 1 1 0 0 1 0 0 1 0 0 1 1 1 1 0 0 0 0 4686.0 4605.0 6 0.18459671447236115
0 0 1 1 1 0 0 1 1 0 0 0 0 1 1 0 1 0 1 0 4693.0 4526.0 6 0.688048056431107
0 1 0 1 1 1 0 0 1 0 0 1 0 1 1 1 0 0 1 0 5189.0 4072.0 6 0.9688804107748925
0 1 0 0 1 1 0 1 1 1 1 0 1 0 1 1 0 0 1 0 5291.0 3690.0 6 2000000000000000.0
1 0 0 1 0 0 0 1 0 1 0 1 0 1 1 0 1 0 0 1 3804.0 5003.0 7 2000000000000000.0
1 0 1 0 0 0 0 0 0 1 1 0 1 1 1 0 0 0 0 1 3945.0 4905.0 7 0.3911455800282359
1 0 1 1 0 0 0 0 0 1 0 0 1 1 1 1 0 0 0 0 4141.0 4885.0 7 0.2843089255012454
0 0 1 1 0 0 1 0 0 1 0 0 0 1 1 0 0 0 0 1 4227.0 4849.0 7 0.5254347426514949
1 0 1 1 1 0 0 0 1 1 1 0 1 0 1 0 0 0 0 0 4389.0 4562.0 7 0.6431930304542923
0 1 0 1 0 0 0 1 0 1 0 0 1 1 1 0 0 0 0 1 4602.0 4511.0 7 0.46140708438175426
0 1 0 1 1 0 0 0 0 1 0 1 0 1 1 0 1 0 0 1 4681.0 4338.0 7 0.5305747175046532
0 0 1 1 1 0 1 1 1 1 0 1 1 0 0 1 0 0 0 0 4712.0 4072.0 7 0.5150864768237085
0 1 0 1 1 1 0 0 1 0 0 1 0 1 1 0 0 1 0 0 4961.0 4051.0 7 0.32934632857774426
0 1 0 1 1 1 0 0 1 0 0 1 0 1 1 0 0 0 1 0 5041.0 4009.0 7 2000000000000000.0
0 0 1 1 0 1 0 0 1 0 0 1 0 0 1 0 0 1 0 1 3281.0 4966.0 8 2000000000000000.0
1 0 0 1 0 0 0 1 1 1 0 1 0 0 1 0 0 0 1 1 3620.0 4807.0 8 0.6236770389829585
1 0 1 0 0 1 0 0 0 1 1 1 0 1 1 1 0 0 0 0 4018.0 4751.0 8 0.4578105655705228
1 0 0 1 0 1 0 0 1 1 0 0 0 1 1 0 0 1 0 0 4174.0 4660.0 8 0.26123478877915873
1 0 0 1 0 0 1 1 0 1 0 0 0 1 1 0 0 0 0 1 4215.0 4568.0 8 0.13182995138447598
1 0 1 0 0 0 1 0 0 1 0 1 0 1 1 0 0 1 0 0 4251.0 4549.0 8 0.10471585590481507
1 0 0 0 0 0 0 1 0 1 1 0 1 1 1 1 0 1 1 0 4298.0 4498.0 8 0.16581929220640795
0 0 1 1 0 0 1 0 0 1 1 0 0 1 1 1 0 0 0 0 4351.0 4412.0 8 0.15731723888032204
1 0 0 0 1 1 0 1 0 0 0 1 1 1 1 1 0 0 0 1 4364.0 4344.0 8 0.22076652474558328
0 1 0 0 0 0 0 1 1 1 1 1 1 0 1 0 0 0 1 1 4475.0 4222.0 8 0.40383715312374524
1 0 1 1 1 0 1 1 1 1 0 0 1 0 0 1 0 0 0 0 4660.0 4054.0 8 0.6916387353926496
0 1 0 1 1 1 0 0 1 0 0 1 0 1 1 1 0 0 0 0 4877.0 3638.0 8 2000000000000000.0
0 0 1 1 0 0 0 1 0 1 0 0 1 0 1 0 0 0 0 1 3400.0 4729.0 9 2000000000000000.0
1 0 1 0 0 0 0 0 0 1 0 0 1 1 1 0 0 0 0 1 3791.0 4690.0 9 0.4119753205659533
0 1 1 1 0 0 0 0 1 0 1 1 0 0 1 0 0 0 1 1 3865.0 4658.0 9 0.13745283632919167
0 0 0 1 0 1 0 0 1 1 0 0 1 1 0 0 0 1 0 1 3904.0 4617.0 9 0.18500336995843386
1 0 0 1 0 1 1 1 0 0 0 0 1 1 0 1 0 1 0 1 4025.0 4569.0 9 0.3293089800468818
0 0 1 0 0 0 1 0 0 1 0 1 0 1 1 1 0 0 0 1 4196.0 4467.0 9 0.4315730462114422
0 0 1 0 1 0 0 0 1 1 0 0 1 1 0 0 0 1 0 1 4321.0 4271.0 9 0.24198138859083607
0 0 1 1 1 1 1 0 1 1 0 1 0 0 0 0 0 1 0 0 4327.0 4259.0 9 0.0866446762005287
0 1 1 1 0 0 1 0 1 0 0 0 0 1 0 0 0 1 0 1 4329.0 4151.0 9 0.16473217753905772
0 1 1 1 0 0 1 0 1 0 0 0 0 1 0 0 0 0 1 1 4409.0 4109.0 9 0.29766496524006403
0 0 0 0 1 1 0 0 1 1 1 0 0 1 1 1 0 0 0 1 4549.0 3964.0 9 0.32649333252143986
0 1 0 1 1 1 0 0 0 0 0 0 0 1 1 1 0 1 1 0 4641.0 3893.0 9 0.34832352440960307
0 1 0 0 1 0 0 0 0 1 1 0 1 1 1 0 0 0 0 1 4661.0 3575.0 9 0.4674830504737572
0 1 0 1 1 1 0 0 1 0 0 0 0 1 1 1 0 0 0 0 4676.0 3236.0 9 2000000000000000.0
1 0 0 1 0 1 0 0 0 1 1 1 0 1 1 1 0 0 0 0 3866.0 4611.0 10 2000000000000000.0
1 0 0 0 0 0 0 1 0 1 1 1 0 1 1 1 0 1 1 0 4010.0 4492.0 10 0.5974950767268747
0 0 1 1 1 0 0 1 0 1 0 0 1 0 1 0 0 0 1 0 4190.0 4466.0 10 0.7771430111720059
0 1 1 0 0 1 0 0 1 0 0 0 0 1 1 0 1 0 0 1 4284.0 4147.0 10 0.7599551593680773
0 1 1 1 0 0 1 0 1 0 1 1 0 0 1 0 0 0 1 0 4381.0 4047.0 10 0.5608535575998463
0 1 0 0 1 1 0 0 1 1 0 1 0 0 1 0 0 1 0 1 4428.0 3841.0 10 0.6425497639047959
1 1 1 0 1 1 0 0 1 0 0 0 1 0 1 0 0 0 1 0 4637.0 3793.0 10 2000000000000000.0
0 0 0 1 0 1 0 0 0 1 0 1 0 1 1 0 1 1 0 0 3729.0 4562.0 11 2000000000000000.0
1 0 1 1 0 0 1 0 1 0 1 1 0 0 1 1 0 0 1 0 3937.0 4471.0 11 0.5946042300162535
0 0 1 0 1 0 0 0 0 1 1 1 1 0 1 1 0 1 1 0 4174.0 4453.0 11 0.6400510494375194
0 0 0 0 1 1 0 1 0 0 0 1 1 1 1 1 0 0 0 1 4215.0 3960.0 11 0.4504572698633664
0 0 1 1 1 0 0 1 1 0 0 0 0 1 1 0 0 0 0 0 4299.0 3955.0 11 0.13526444444122868
1 0 0 1 1 0 0 1 1 0 0 0 0 1 1 0 1 0 1 0 4310.0 3923.0 11 0.09187458317067648
1 1 1 0 0 0 0 1 1 1 0 0 1 0 1 0 0 0 0 0 4311.0 3827.0 11 0.4004571978410195
0 1 0 1 1 0 0 1 0 1 0 1 1 0 1 1 1 0 0 0 4518.0 3670.0 11 0.5754376437745546
0 1 0 0 1 0 0 0 1 1 0 0 1 1 0 0 0 1 0 1 4530.0 3307.0 11 0.522011468838057
0 1 0 0 1 0 1 1 1 1 0 1 1 0 0 0 0 0 0 1 4571.0 2913.0 11 2000000000000000.0
1 0 0 1 0 0 0 0 1 1 0 0 1 1 0 0 0 1 0 1 3662.0 4497.0 12 2000000000000000.0
