0 1 0 0 1 1 1 1 1 0 0 1 1 1 1 1 0 1 1 1 1 0 1 1 1 0 1 0 1 1 0 1 1 0 1 0 1 1 1 1 15605.0 13428.0 15681.0 17484.0 0 1000000000000000.1
0 1 0 0 1 1 1 1 1 0 0 1 1 1 1 1 0 1 1 1 1 0 1 1 1 0 1 0 0 1 0 1 1 1 1 0 1 1 1 1 16067.0 12761.0 15837.0 17381.0 0 0.13328952252299833
1 1 0 0 1 1 1 1 1 0 0 1 1 1 1 1 0 1 1 1 1 1 0 1 1 0 1 0 0 1 0 1 1 1 1 0 1 1 0 1 17276.0 12670.0 15415.0 17349.0 0 0.073253159867301
0 1 0 0 1 1 1 1 1 0 0 1 1 1 1 1 0 1 1 1 1 0 0 1 1 0 1 0 1 1 0 1 1 1 1 0 1 1 1 1 16441.0 13236.0 15375.0 17345.0 0 0.0605300366866187
0 1 0 1 1 1 1 1 1 0 0 0 1 1 1 0 0 1 1 1 1 0 0 1 1 0 1 0 1 1 0 1 1 0 1 0 1 1 1 1 14514.0 13747.0 15058.0 17318.0 0 1000000000000000.1
1 1 0 0 1 1 1 1 1 0 0 1 1 1 1 1 0 1 1 1 1 0 0 1 1 0 1 0 1 1 0 1 1 0 1 0 1 1 1 1 16360.0 13555.0 15648.0 17211.0 0 0.11007448644159748
0 1 0 0 1 1 1 1 1 0 1 1 1 1 1 1 0 1 1 1 1 1 0 1 1 0 1 0 0 1 0 1 1 0 1 0 1 1 1 1 16494.0 12684.0 16178.0 17126.0 0 0.05522313332169928
1 1 0 0 1 1 1 1 1 0 0 1 1 1 1 1 0 1 1 1 1 1 0 1 1 0 1 0 0 1 0 1 1 0 1 0 1 1 1 1 16575.0 12784.0 15943.0 17081.0 0 0.06874420569274614
0 1 0 1 1 0 1 1 1 0 0 0 1 1 1 1 0 1 1 1 1 0 1 1 1 0 1 0 0 1 0 1 1 1 1 0 1 1 1 1 15060.0 12799.0 16121.0 17017.0 0 0.17147630266170566
1 1 0 0 1 1 1 1 0 0 0 1 1 1 1 1 0 1 1 1 1 0 0 1 1 0 1 0 1 1 0 1 1 1 1 0 1 1 1 1 17106.0 12884.0 15991.0 16857.0 0 0.16404517694526183
1 1 0 0 1 1 1 1 1 0 1 0 1 1 1 1 0 1 1 1 1 1 0 1 0 0 1 0 0 1 0 1 1 1 1 0 1 1 1 1 16698.0 12135.0 16057.0 16852.0 0 0.07624112656514583
0 1 0 0 1 1 1 1 1 0 0 1 1 1 1 1 0 1 0 1 1 1 1 1 1 0 1 0 0 1 0 1 1 1 1 0 1 1 1 1 15978.0 12637.0 16428.0 16826.0 0 0.06836559090588445
1 1 0 0 1 1 1 1 1 0 0 1 1 1 1 1 0 1 1 1 1 1 0 1 1 0 1 0 0 1 0 0 1 1 1 0 1 1 1 1 17206.0 12606.0 16368.0 16796.0 0 0.12517443297731604
1 1 0 0 1 0 1 1 1 0 0 1 1 1 1 1 0 1 1 1 1 0 0 1 1 0 1 0 1 1 0 1 1 1 1 0 1 1 1 1 16470.0 13044.0 15956.0 16715.0 0 0.08903379818904837
0 1 0 1 1 0 1 1 1 0 0 1 1 1 1 1 0 1 1 1 1 0 0 1 1 0 1 0 1 1 0 1 1 0 1 0 1 1 1 1 15246.0 13335.0 15721.0 16690.0 0 0.22713378342676466
1 1 0 0 1 0 1 1 1 0 0 1 1 1 1 1 1 1 1 1 1 0 0 1 1 0 1 0 1 1 0 1 1 0 1 0 1 1 1 1 16155.0 13507.0 16032.0 16520.0 0 0.14753155633739665
1 1 0 0 1 0 1 1 1 0 1 1 1 1 1 1 0 1 1 1 1 1 0 1 1 0 1 0 0 1 0 1 1 0 1 0 1 1 1 1 16523.0 12492.0 16759.0 16496.0 0 0.09718933463764079
0 1 0 1 1 0 1 1 1 0 0 0 1 1 1 1 0 1 0 1 1 1 1 1 1 0 1 0 0 1 0 1 1 1 1 0 1 1 1 1 14971.0 12675.0 16712.0 16462.0 0 0.10374849309982348
1 1 0 0 1 0 1 1 1 0 0 1 1 1 1 1 1 1 1 1 1 0 0 1 1 0 1 0 0 1 0 1 1 1 1 0 1 1 1 1 16617.0 12840.0 16188.0 16417.0 0 0.10010783343752125
1 1 0 0 0 1 1 1 1 0 0 1 1 1 0 1 0 1 1 1 1 0 0 1 1 0 1 0 1 1 0 1 1 1 1 0 1 1 1 1 16585.0 12984.0 15327.0 16389.0 0 0.08773693935977739
0 1 0 0 1 1 1 1 1 0 1 1 0 1 1 1 0 1 0 1 1 0 0 1 1 0 1 0 1 1 0 1 1 1 1 0 1 1 1 1 15952.0 13211.0 16042.0 16358.0 0 0.1084133654454977
1 1 0 0 1 1 1 1 1 0 0 1 0 1 0 1 0 1 1 1 1 0 0 1 1 0 1 0 1 1 0 1 1 1 1 0 1 1 1 1 16685.0 13387.0 15240.0 16321.0 0 0.0743164599826795
1 1 0 0 1 1 1 1 1 0 1 1 1 1 1 1 0 1 1 1 1 1 0 1 0 0 1 0 0 1 0 0 1 1 1 0 1 1 1 1 17141.0 12018.0 16544.0 16276.0 0 0.1306171478238217
1 1 0 0 1 0 1 1 1 0 1 1 0 1 1 1 0 1 1 1 1 0 0 1 1 0 1 0 1 1 0 1 1 0 1 0 1 1 1 1 15823.0 13039.0 16171.0 16256.0 0 0.10816948833587317
0 1 0 0 1 1 1 1 1 0 0 1 1 1 1 1 1 1 0 0 1 0 0 1 1 0 1 0 1 1 0 1 1 1 1 0 1 1 1 1 16095.0 13574.0 15510.0 16198.0 0 0.0633147325064227
1 1 0 0 1 0 1 1 1 0 0 1 1 1 1 1 0 1 0 1 1 1 1 1 1 0 1 0 0 1 0 1 1 1 1 0 1 1 1 1 16007.0 12445.0 17009.0 16196.0 0 0.09541656519674746
1 1 0 1 1 0 1 1 1 0 0 0 1 1 1 0 0 1 1 1 1 0 0 1 1 0 1 0 1 1 0 1 1 1 1 0 1 0 1 1 14778.0 13576.0 15119.0 16161.0 0 0.22500754029182857
1 1 0 0 1 0 1 1 0 0 1 1 1 1 1 1 0 1 1 1 1 1 0 1 1 0 1 0 0 1 0 1 1 1 1 0 1 1 1 1 17269.0 11821.0 17102.0 16142.0 0 0.11993948224577401
1 1 0 0 1 1 1 1 1 0 1 1 0 1 1 1 0 1 0 1 1 0 0 1 1 0 1 0 0 1 0 1 1 1 1 0 1 1 1 1 16333.0 12863.0 16471.0 16121.0 0 0.07842621976311319
0 1 0 1 1 0 1 1 1 0 0 1 0 1 1 1 0 1 0 1 1 1 1 1 1 0 1 0 0 1 0 1 1 1 1 0 1 1 1 1 15210.0 12705.0 16939.0 16118.0 0 0.06901153090364791
0 1 0 1 1 1 1 1 1 0 0 0 1 1 0 1 0 1 1 1 1 0 0 1 1 0 1 0 1 1 0 1 1 1 1 0 1 0 1 1 15457.0 13669.0 14258.0 16113.0 0 1000000000000000.1
1 1 0 0 1 1 1 1 1 0 0 1 1 1 0 1 0 1 1 1 1 0 0 1 1 0 1 0 1 1 0 0 1 1 1 0 1 1 1 1 16889.0 13240.0 15500.0 16089.0 0 0.12616233732119161
1 1 0 0 1 1 1 1 1 0 0 1 1 1 0 1 0 1 1 1 1 1 0 1 1 0 1 0 1 1 0 0 1 0 1 0 1 1 1 1 16642.0 13136.0 15639.0 16062.0 0 0.12822472271355356
1 1 0 0 1 0 1 1 1 0 0 1 1 1 1 1 1 1 0 1 1 1 0 1 1 0 1 0 1 1 0 1 1 0 1 0 1 1 1 1 16066.0 13383.0 16623.0 15965.0 0 0.11320054628379245
1 1 0 0 1 1 1 1 1 0 0 1 1 1 1 1 1 1 0 0 1 0 0 1 1 0 1 0 0 1 0 1 1 1 1 0 1 1 1 1 16476.0 13226.0 15939.0 15961.0 0 0.03239904233651559
0 1 0 0 1 0 1 1 0 0 1 1 1 1 1 1 0 1 1 1 1 0 1 1 1 0 1 0 1 1 0 0 1 1 1 0 1 1 1 1 16018.0 12094.0 16807.0 15943.0 0 0.09962014081529444
1 1 0 0 1 0 1 1 1 0 0 1 1 1 1 1 1 1 0 1 1 1 0 1 1 0 1 0 0 1 0 1 1 1 1 0 1 1 1 1 16528.0 12716.0 16779.0 15862.0 0 0.05452972366149274
1 1 0 0 1 1 1 1 1 0 0 1 1 1 0 1 0 1 1 1 1 0 0 1 1 0 1 0 1 1 0 1 1 1 1 0 1 0 1 1 16493.0 13439.0 14555.0 15847.0 0 0.23577043244796766
1 1 0 0 1 1 1 1 1 0 0 1 1 1 0 1 0 1 0 1 1 0 0 1 1 0 1 0 1 1 0 1 1 1 1 0 1 1 1 1 16416.0 13398.0 15527.0 15846.0 0 0.05558366824863459
0 1 0 1 1 1 1 0 1 0 0 1 1 1 0 1 0 1 1 1 1 0 0 1 1 0 1 0 1 1 0 1 1 0 1 0 1 1 1 1 14968.0 13678.0 14437.0 15831.0 0 0.20303684132060965
1 1 0 0 1 0 1 1 1 0 1 1 1 1 1 1 0 1 1 0 1 1 0 1 1 0 1 0 0 1 0 0 1 1 1 0 1 1 1 1 16965.0 12209.0 16791.0 15787.0 0 0.11023990559159559
1 1 0 0 1 1 1 1 1 0 0 1 1 1 1 1 1 1 0 1 1 0 0 1 1 0 1 0 0 1 0 0 1 1 1 0 1 1 1 1 16384.0 12960.0 16299.0 15783.0 0 0.14319234764808253
1 1 0 0 1 0 1 1 0 0 1 1 1 1 1 1 0 1 1 1 1 0 0 1 1 0 1 0 1 1 0 0 1 1 1 0 1 1 1 1 16773.0 12221.0 16774.0 15670.0 0 0.1510410721846615
1 1 0 0 1 1 1 1 1 0 0 1 1 1 1 1 1 1 0 1 1 0 0 1 1 0 1 0 1 1 0 1 1 0 1 0 1 0 1 1 15526.0 13826.0 15198.0 15644.0 0 0.17455694342885444
0 1 0 1 1 0 1 1 0 0 1 1 1 1 1 1 0 1 0 1 1 1 0 1 1 0 1 0 0 1 0 1 1 1 1 0 1 1 1 1 16203.0 12092.0 17319.0 15589.0 0 0.12185489928748436
1 1 0 0 1 0 1 1 1 0 1 1 1 1 1 1 0 1 0 1 1 0 1 1 1 0 1 0 0 1 0 0 1 1 1 0 1 1 1 1 15811.0 12397.0 17345.0 15532.0 0 1000000000000000.1
1 1 0 0 1 0 1 1 0 0 1 1 1 1 1 1 0 1 0 1 1 0 0 1 1 0 1 0 1 1 0 1 1 1 1 0 1 1 1 1 16300.0 12379.0 16801.0 15427.0 0 0.0929099740061469
1 1 0 0 1 0 1 1 1 0 0 1 1 1 1 1 1 1 0 1 1 0 1 1 1 0 1 0 0 1 0 0 1 1 1 0 1 1 1 1 15658.0 12641.0 16913.0 15426.0 0 0.12142338594754493
1 1 0 0 1 0 1 1 0 0 1 1 1 1 0 1 0 1 1 1 1 1 0 1 1 0 1 0 1 1 0 1 1 0 1 0 1 1 1 1 16705.0 12351.0 16373.0 15408.0 0 0.07860295700541936
1 1 0 0 1 0 1 1 0 0 1 1 1 1 1 1 0 1 1 1 1 0 0 1 1 0 1 0 0 1 1 0 1 1 1 0 1 1 1 1 17199.0 11953.0 16918.0 15327.0 0 0.15753402352088527
1 1 0 0 1 0 1 1 1 0 0 1 1 1 0 1 1 1 0 1 1 0 0 1 1 0 1 0 1 1 0 1 1 1 1 0 1 1 1 1 16211.0 13350.0 15911.0 15155.0 0 0.13510127163540472
0 1 0 1 1 1 1 1 1 0 0 1 0 1 0 1 1 1 0 0 1 0 0 1 1 0 1 0 1 1 0 1 1 0 1 0 1 1 1 1 15115.0 14016.0 15140.0 15149.0 0 1000000000000000.0
1 1 0 0 1 0 1 1 0 0 0 1 1 1 1 1 1 1 0 1 1 1 0 1 1 0 1 0 1 1 0 0 1 1 1 0 1 1 1 1 16531.0 12341.0 16933.0 15009.0 0 0.13459360946812757
1 1 0 1 1 1 1 1 1 0 0 1 0 1 0 1 1 1 0 0 1 0 0 1 1 0 1 0 0 1 0 1 1 0 1 0 1 1 1 1 15496.0 13668.0 15569.0 14912.0 0 0.1854575114241308
1 1 0 0 1 0 1 1 0 0 1 1 1 1 1 1 0 1 0 0 1 1 0 1 1 0 1 0 1 1 0 0 1 1 1 0 1 1 1 1 16495.0 11992.0 16972.0 14691.0 0 0.20576332690605587
1 1 0 0 1 0 1 1 0 0 1 1 1 1 1 1 0 0 1 0 1 1 0 1 1 0 1 0 0 1 1 0 1 1 1 0 1 1 0 1 17303.0 10665.0 15277.0 14413.0 0 1000000000000000.2
1 1 0 0 1 0 1 1 0 0 1 1 1 1 1 1 1 1 0 0 1 1 0 1 1 0 1 0 0 1 0 0 1 1 1 0 1 1 1 1 16642.0 11788.0 17204.0 14393.0 0 0.12321535701554391
1 1 0 0 1 0 1 1 0 0 1 1 1 1 1 1 0 1 0 0 1 1 0 1 1 0 1 0 0 1 1 0 1 1 1 0 1 1 1 1 16921.0 11724.0 17116.0 14348.0 0 0.3476658174530857
1 0 0 0 1 0 1 1 0 0 1 1 1 1 1 1 0 1 1 0 1 1 0 1 1 0 1 0 0 1 1 0 1 1 1 0 1 1 1 1 17467.0 10977.0 16403.0 14241.0 0 2000000000000000.5
1 0 0 0 1 0 1 1 0 0 1 1 1 1 1 1 0 0 1 0 1 1 0 1 1 0 1 0 0 1 1 0 1 1 1 0 1 1 1 1 17306.0 10012.0 15544.0 13510.0 1 3000000000000000.0
0 1 0 1 1 1 1 1 1 0 0 1 0 1 0 1 1 1 0 0 1 0 0 0 1 0 1 0 1 1 0 1 1 0 1 0 1 1 1 1 14231.0 13962.0 14329.0 14298.0 1 1000000000000000.2
0 1 0 1 1 1 1 0 1 0 0 1 1 1 0 1 0 1 1 1 1 0 0 1 1 0 1 0 1 1 0 1 1 1 1 0 1 0 1 1 15203.0 13699.0 13917.0 15304.0 1 1000000000000000.1
0 1 0 0 1 1 1 1 1 0 0 1 1 1 1 1 0 1 1 1 1 0 1 1 1 0 1 0 0 1 0 1 1 1 1 0 1 1 0 1 15856.0 12454.0 14851.0 17332.0 1 1000000000000000.0
0 1 0 1 1 1 1 1 1 0 0 0 1 1 1 0 0 1 0 1 1 0 1 1 1 0 1 0 0 1 0 0 1 1 1 0 1 1 1 1 14017.0 12881.0 15939.0 16224.0 1 1000000000000000.0
1 1 0 0 1 0 1 1 1 0 1 1 1 1 1 1 0 1 0 1 1 1 1 1 1 0 1 0 0 0 0 1 1 0 1 0 1 1 1 1 15404.0 12167.0 17316.0 15145.0 1 1000000000000000.0
0 1 0 0 1 1 1 1 0 0 1 1 1 1 1 1 0 0 1 0 1 1 0 1 1 0 1 0 0 1 1 0 1 1 1 0 1 1 0 1 17274.0 10857.0 14696.0 15043.0 1 0.4004784954474061
0 1 0 1 1 0 1 1 0 0 1 1 1 1 1 1 0 1 0 0 1 1 0 1 1 0 1 0 0 0 1 0 1 1 1 0 1 1 1 1 16168.0 11711.0 17138.0 13678.0 1 0.2679542701724719
1 1 0 0 1 0 1 1 0 0 1 1 1 1 1 0 0 1 0 0 1 1 0 1 1 0 1 0 0 1 1 0 1 1 1 0 1 1 1 1 16111.0 11686.0 16823.0 14189.0 1 0.26687651646566457
1 1 0 0 1 0 1 1 0 0 1 1 1 1 1 1 0 1 1 1 1 1 0 1 0 0 1 0 0 1 1 0 1 1 1 0 1 1 1 1 17049.0 11042.0 16725.0 14869.0 1 0.23187168601159885
0 1 0 1 1 1 1 1 1 0 0 1 0 1 0 1 1 1 0 0 1 0 0 1 1 0 1 0 1 1 0 1 1 0 1 0 1 1 0 1 14904.0 13709.0 14154.0 15100.0 1 0.19869927202235096
1 1 0 1 1 0 1 1 1 0 0 0 1 1 1 0 0 1 1 1 1 0 0 1 1 0 1 0 1 1 0 1 1 0 1 0 1 1 1 1 14543.0 13555.0 15639.0 16688.0 1 0.1847433841248256
1 1 0 1 1 1 1 1 1 0 0 1 0 1 0 0 1 1 0 0 1 0 0 1 1 0 1 0 0 1 0 1 1 0 1 0 1 1 1 1 14686.0 13630.0 15276.0 14753.0 1 0.1684396400185972
1 1 0 0 1 0 1 1 0 0 1 1 1 1 1 1 0 1 1 1 0 1 0 1 1 0 1 0 0 1 0 1 1 1 1 0 1 1 1 1 16879.0 11415.0 16747.0 15211.0 1 0.16664093666237392
1 1 0 0 1 1 1 1 1 0 0 1 1 1 0 1 0 1 1 1 1 1 0 1 1 0 1 0 0 1 0 1 1 1 1 0 0 1 1 1 16671.0 11943.0 15220.0 16431.0 1 0.1649052739675926
1 1 0 1 1 0 1 1 0 0 1 1 1 1 1 1 0 1 0 1 1 0 0 1 1 0 1 0 0 1 0 1 1 0 1 0 1 1 1 1 15457.0 12322.0 16995.0 15165.0 1 0.15780448209016912
0 1 0 0 1 1 1 1 1 0 0 1 1 1 1 1 0 1 1 1 1 0 1 0 1 0 1 0 1 1 0 1 1 0 1 0 1 1 1 1 14721.0 13374.0 14870.0 16633.0 1 0.1568236640348421
1 1 0 1 1 0 1 1 0 0 1 1 1 1 0 1 0 1 1 0 1 0 0 1 1 0 1 0 0 1 0 0 1 1 1 0 1 1 1 1 16551.0 12115.0 16460.0 14464.0 1 0.15347174094318267
0 1 0 0 1 1 1 1 1 0 0 1 1 1 1 1 0 1 1 1 1 0 1 1 1 0 1 0 0 1 0 1 1 1 1 0 0 1 1 1 15353.0 11864.0 15229.0 17251.0 1 0.14918041537066098
0 1 0 0 1 1 1 1 1 0 0 0 1 1 1 1 0 1 1 1 1 1 0 1 1 0 1 0 0 1 0 1 1 1 1 0 1 1 1 1 15932.0 12211.0 15150.0 17189.0 1 0.1480177167767057
0 1 0 0 1 1 1 1 0 0 1 1 1 1 1 1 0 1 1 1 1 1 0 1 0 0 1 0 0 1 1 0 1 1 1 0 1 1 1 1 17020.0 11234.0 16144.0 15499.0 1 0.14632045996256465
1 1 0 0 1 1 1 1 1 0 0 1 1 1 1 1 0 1 1 1 1 0 0 1 1 0 1 0 1 1 0 1 1 0 1 0 0 1 1 1 15646.0 12658.0 15040.0 17081.0 1 0.14612281774997188
1 1 0 0 1 1 1 1 1 0 0 0 1 1 1 0 0 1 1 1 1 0 0 1 1 0 1 0 1 1 0 1 1 0 1 0 1 1 1 1 14826.0 13263.0 14835.0 17026.0 1 0.14534155435932591
0 1 0 1 0 1 1 1 1 0 0 0 1 1 1 0 0 1 1 1 1 0 1 1 1 0 1 0 0 1 0 0 1 1 1 0 1 1 1 1 14186.0 12467.0 15739.0 16767.0 1 0.1414470096249552
0 1 0 1 1 1 1 1 1 0 0 1 0 1 0 1 0 1 1 0 1 0 0 1 1 0 1 0 1 1 0 1 1 1 1 0 1 0 1 1 15507.0 13594.0 14092.0 15345.0 1 0.14083448897658876
0 1 0 0 1 0 1 1 0 0 1 1 1 1 1 1 0 1 1 1 1 0 1 1 1 0 1 0 0 1 0 0 1 1 1 0 1 1 1 1 15568.0 11234.0 16505.0 15523.0 1 0.14013083781977426
1 1 0 0 1 1 1 1 0 0 0 1 1 1 1 1 0 1 1 1 1 1 0 1 1 0 1 0 1 1 0 1 1 1 1 0 1 0 0 1 16883.0 12494.0 14624.0 16254.0 1 0.13750931403283548
1 1 0 0 1 0 1 1 0 0 1 1 1 1 1 1 0 1 1 1 1 1 1 1 1 0 1 0 0 0 0 1 1 0 1 0 1 1 1 1 15992.0 11516.0 17207.0 15319.0 1 0.13422101987422047
1 1 0 0 1 0 1 1 1 0 0 1 1 1 1 1 0 1 1 1 1 0 0 1 1 0 1 0 0 1 1 0 1 1 1 0 1 1 1 1 16615.0 12405.0 16067.0 15770.0 1 0.1324806535739153
0 1 0 1 1 1 1 1 1 0 0 0 1 1 1 0 0 1 1 0 1 0 0 1 1 0 1 0 1 1 0 1 1 0 1 0 1 1 1 1 14325.0 13642.0 14665.0 16894.0 1 0.13105525348473196
1 1 0 0 1 0 1 1 1 0 1 1 1 1 0 1 0 1 1 1 1 0 0 1 1 0 1 0 1 1 0 1 1 1 1 0 1 0 1 1 16441.0 13147.0 15371.0 15262.0 1 0.13100176083905427
1 1 0 0 1 0 1 1 1 1 0 1 1 1 1 1 0 1 0 0 1 0 0 1 1 0 1 0 1 1 0 0 1 1 1 0 1 1 1 1 16081.0 12914.0 15729.0 15617.0 1 0.13073990128455337
0 1 0 0 1 1 1 1 1 0 1 1 1 0 1 1 0 1 1 1 1 1 0 1 1 0 1 0 0 1 0 0 1 1 1 0 1 1 1 1 16458.0 12018.0 16252.0 15849.0 1 0.12605395631295682
0 1 0 1 1 0 1 1 0 0 1 1 1 1 1 1 0 1 0 1 1 0 0 1 1 0 1 0 1 1 0 1 1 0 1 0 1 1 1 1 15076.0 12670.0 16566.0 15402.0 1 0.12285232095267501
1 1 0 0 1 0 1 1 0 0 1 1 1 1 1 1 1 1 1 0 1 1 0 1 1 0 1 0 0 1 0 0 1 0 1 0 1 1 1 1 16484.0 11808.0 16752.0 14921.0 1 0.1190853924635858
1 1 0 0 1 1 1 1 1 0 0 1 0 1 0 1 0 1 1 1 1 0 0 1 1 0 1 0 1 1 0 1 1 1 1 0 1 1 0 1 16474.0 13080.0 14254.0 16272.0 1 0.11857078664843196
0 1 0 0 1 1 1 1 1 0 1 1 1 1 1 1 0 1 1 1 1 1 0 1 0 0 1 0 0 1 0 0 1 1 1 0 1 1 1 1 16310.0 11506.0 15813.0 16093.0 1 0.11775736778071469
1 1 0 0 1 0 1 1 1 0 0 1 1 1 0 1 1 1 0 1 0 0 0 1 1 0 1 0 1 1 0 1 1 1 1 0 1 1 1 1 15821.0 12944.0 15556.0 14224.0 1 0.11549173024050523
0 1 0 0 1 0 1 1 1 0 1 1 0 1 1 0 0 1 1 1 1 0 0 1 1 0 1 1 1 1 0 1 1 0 1 0 1 1 1 1 14357.0 13202.0 15833.0 16269.0 1 0.1113574480568404
1 1 0 0 1 0 1 1 1 0 0 1 1 1 1 1 1 1 0 1 1 0 1 1 1 0 1 0 0 1 0 1 1 1 1 0 1 1 0 1 15728.0 12705.0 15960.0 15979.0 1 0.11124311447454331
1 1 0 0 1 0 1 1 0 0 1 1 1 1 1 1 0 1 0 1 1 1 0 1 1 0 1 0 0 1 0 1 1 1 1 0 1 1 1 1 16515.0 11608.0 17096.0 15297.0 1 0.10757325045924407
