0 1 0 0 1 1 1 1 1 0 1 1 1 1 1 1 0 1 1 1 1 1 0 1 1 0 1 0 0 1 0 1 1 0 1 0 1 1 1 1 16494.0 12684.0 16178.0 17126.0 0 1000000000000000.1
0 1 0 1 1 1 1 1 1 0 0 0 1 1 1 0 0 1 1 0 1 0 0 1 1 0 1 0 1 1 0 1 1 0 1 0 1 1 1 1 14325.0 13642.0 14665.0 16894.0 0 1000000000000000.5
0 1 0 0 1 1 1 1 1 0 0 1 1 1 1 1 0 1 1 1 1 0 1 1 1 0 1 0 1 1 0 0 1 0 1 0 1 1 1 1 15324.0 13057.0 15648.0 16882.0 0 0.15475668200738557
0 1 0 0 1 1 1 1 1 0 0 1 1 1 1 1 0 1 1 1 1 0 0 1 1 0 1 0 1 1 0 0 1 1 1 0 1 1 1 1 16160.0 12865.0 15342.0 16743.0 0 0.15142005467333042
1 1 0 0 1 1 1 1 1 0 0 1 1 1 1 0 0 1 1 0 1 0 0 1 1 0 1 0 1 1 0 1 1 0 1 0 1 1 1 1 15361.0 13412.0 14962.0 16628.0 0 0.13020438287901054
0 1 0 0 1 1 1 1 1 0 1 1 0 1 1 1 0 1 1 1 1 0 0 1 1 0 1 0 1 1 0 0 1 1 1 0 1 1 0 1 16214.0 12746.0 15029.0 16552.0 0 0.1533693412691956
0 1 0 0 1 1 1 1 1 0 0 1 0 0 1 1 0 1 1 1 1 0 1 1 1 0 1 0 1 1 0 1 1 1 1 0 1 1 1 1 15365.0 12909.0 15495.0 16439.0 0 0.19857231239880135
0 1 0 1 1 1 1 1 1 0 0 0 1 1 0 1 0 1 1 1 1 1 0 1 1 0 1 0 1 1 0 0 1 0 1 0 1 1 1 1 15606.0 13366.0 15342.0 16328.0 0 0.1524011855493461
0 1 0 0 0 1 1 1 1 0 0 1 1 1 1 1 1 1 0 1 1 0 0 1 1 0 1 0 1 1 0 1 1 1 1 0 1 1 1 1 15699.0 13052.0 15697.0 16320.0 0 0.14882165415955864
1 1 0 1 1 0 1 1 1 0 0 0 1 1 1 0 0 1 1 0 1 0 0 1 1 0 1 0 1 1 0 1 1 0 1 0 1 1 1 1 14354.0 13450.0 15246.0 16264.0 0 0.4261726654981181
0 1 0 0 1 1 1 1 1 0 0 1 1 1 0 0 0 1 1 0 1 1 0 1 1 0 1 0 1 1 0 1 1 1 1 0 1 1 1 1 16005.0 13045.0 14713.0 16215.0 0 0.19774488023918466
0 1 0 0 1 1 1 1 1 0 0 1 1 1 1 1 1 1 0 0 1 0 0 1 1 0 1 0 1 1 0 1 1 1 1 0 1 1 1 1 16095.0 13574.0 15510.0 16198.0 0 0.15063400880097053
0 1 0 0 1 1 1 1 1 0 1 1 0 1 1 1 0 1 1 0 1 0 0 1 1 0 1 0 1 1 0 0 1 1 1 0 1 1 1 1 16236.0 12948.0 15622.0 16177.0 0 0.12780697699341254
1 1 0 0 1 0 1 1 1 0 1 1 1 1 1 1 0 1 1 1 1 1 0 1 0 0 1 0 1 1 0 1 1 0 1 0 1 1 1 1 16158.0 12352.0 16271.0 16168.0 0 0.1545116034518573
1 1 0 0 1 1 1 1 1 1 0 1 1 1 0 1 0 1 1 1 1 0 0 1 1 0 1 0 0 1 0 0 1 0 1 0 1 1 1 1 16362.0 12746.0 14945.0 16125.0 0 0.14898022093831167
0 1 0 1 1 0 1 1 1 0 0 1 0 1 1 1 0 1 0 1 1 1 1 1 1 0 1 0 0 1 0 1 1 1 1 0 1 1 1 1 15210.0 12705.0 16939.0 16118.0 0 0.12585447493005783
1 1 0 0 1 1 1 1 1 0 0 1 1 1 0 1 0 1 1 1 1 0 0 1 1 0 1 0 1 1 0 0 1 1 1 0 1 1 1 1 16889.0 13240.0 15500.0 16089.0 0 0.10337543829262566
1 1 0 0 1 1 1 1 1 0 0 1 1 1 0 1 0 1 1 1 1 1 0 1 1 0 1 0 1 1 0 0 1 0 1 0 1 1 1 1 16642.0 13136.0 15639.0 16062.0 0 0.20231071231249192
0 1 0 0 1 1 1 1 1 0 0 1 1 1 1 1 1 1 0 1 1 0 1 1 1 0 1 0 0 1 0 0 1 1 1 0 1 1 1 1 15629.0 12833.0 16332.0 16056.0 0 0.11553324481796287
1 1 0 0 1 0 1 1 1 0 0 1 1 1 1 1 1 1 0 1 1 1 0 1 1 0 1 0 1 1 0 1 1 0 1 0 1 1 1 1 16066.0 13383.0 16623.0 15965.0 0 0.1861747354058044
1 1 0 0 1 1 1 1 1 0 1 1 1 1 1 1 0 1 1 1 1 1 0 1 0 0 1 0 0 0 0 1 1 1 1 0 1 1 1 1 16981.0 11892.0 16376.0 15916.0 0 0.2044313003231128
1 1 0 0 1 1 1 1 1 0 0 1 0 1 0 1 0 1 1 0 1 0 0 1 1 0 1 0 1 1 0 1 1 1 1 0 1 1 1 1 16496.0 13282.0 14847.0 15897.0 0 0.17902766751804663
1 1 0 0 1 1 1 1 1 0 0 1 1 1 1 1 1 1 0 1 1 0 0 1 1 0 1 0 1 1 0 1 0 1 1 0 1 1 0 1 16255.0 13427.0 14728.0 15843.0 0 0.14115051833205872
1 1 0 0 0 1 1 1 1 0 0 1 0 1 1 1 0 1 0 1 1 1 1 1 1 0 1 0 0 1 0 0 1 1 1 0 1 1 1 1 15458.0 11927.0 16627.0 15735.0 0 0.16183586960915558
1 1 0 0 1 0 1 1 0 0 1 1 1 1 1 1 0 1 1 1 1 0 0 1 1 0 1 0 1 1 0 0 1 1 1 0 1 1 1 1 16773.0 12221.0 16774.0 15670.0 0 0.24115101766058578
1 1 0 0 1 0 1 1 0 0 1 1 1 1 1 1 0 1 1 0 1 1 0 1 1 0 1 0 1 1 0 0 1 1 1 0 1 1 0 1 17038.0 11898.0 15992.0 15487.0 0 1000000000000000.1
1 1 0 0 1 0 1 1 1 0 0 1 1 1 1 1 1 1 0 1 1 0 1 1 1 0 1 0 0 1 0 0 1 1 1 0 1 1 1 1 15658.0 12641.0 16913.0 15426.0 0 0.20533259327449577
1 1 0 0 1 1 1 1 1 0 0 1 1 1 1 1 1 1 0 0 1 0 0 1 1 0 1 0 0 1 0 0 1 1 1 0 1 1 1 1 16195.0 12855.0 15906.0 15359.0 0 0.11670841764428752
1 1 0 0 1 0 1 1 0 0 0 1 1 1 1 1 1 1 0 1 1 0 1 1 1 0 1 0 0 1 0 1 1 1 1 0 1 1 1 1 15773.0 12148.0 16831.0 15357.0 0 0.19998416690665963
0 1 0 1 1 1 1 1 1 0 0 1 0 1 0 1 0 1 1 0 1 0 0 1 1 0 1 0 1 1 0 1 1 1 1 0 1 0 1 1 15507.0 13594.0 14092.0 15345.0 0 1000000000000000.1
0 1 0 0 1 1 1 1 1 0 0 1 0 1 0 1 1 1 0 0 1 1 0 1 1 0 1 0 1 1 0 1 1 1 1 0 1 1 1 1 16173.0 13302.0 15241.0 15281.0 0 0.10935384570416878
1 1 0 0 1 0 1 1 0 0 1 1 1 1 1 1 0 1 1 0 1 1 0 1 1 0 1 0 1 1 0 1 0 1 1 0 1 1 1 1 16881.0 12119.0 16091.0 15225.0 0 0.18913524246992877
1 1 0 0 1 0 1 1 1 0 0 1 1 1 1 1 1 1 0 0 1 1 0 1 1 0 1 0 1 1 0 0 1 1 1 0 1 1 0 1 16297.0 12793.0 15669.0 15207.0 0 0.11294419703829549
1 1 0 0 1 0 1 1 1 0 0 1 1 1 0 1 1 1 0 1 1 0 0 1 1 0 1 0 1 1 0 1 1 1 1 0 1 1 1 1 16211.0 13350.0 15911.0 15155.0 0 0.08405041806058808
0 1 0 1 1 1 1 1 1 0 0 1 0 1 0 1 1 1 0 0 1 0 0 1 1 0 1 0 1 1 0 1 1 0 1 0 1 1 1 1 15115.0 14016.0 15140.0 15149.0 0 1000000000000000.4
1 1 0 0 0 0 1 1 0 0 1 1 1 1 1 1 0 1 0 0 1 1 0 1 1 0 1 0 1 1 0 1 1 1 1 0 1 1 1 1 16191.0 11736.0 16799.0 14991.0 0 0.17907271715660394
0 1 0 1 1 0 1 1 1 0 1 1 0 1 1 1 0 1 0 1 1 1 0 1 1 0 1 0 0 0 0 1 1 1 1 0 1 1 1 1 15443.0 12235.0 16940.0 14928.0 0 0.13752155096173177
1 1 0 0 1 1 1 1 0 0 1 1 0 1 0 1 0 1 1 0 1 0 0 1 1 0 1 0 1 1 0 0 1 1 1 0 1 1 1 1 16799.0 12459.0 15665.0 14852.0 0 0.25736563641205223
1 1 0 0 1 0 1 1 0 0 1 1 1 1 1 1 0 1 0 0 1 1 0 1 1 0 1 0 1 1 0 0 1 1 1 0 1 1 1 1 16495.0 11992.0 16972.0 14691.0 0 0.30848950139116393
1 1 0 0 1 0 1 1 0 0 1 1 1 1 1 1 0 1 0 0 1 1 0 1 1 0 1 0 0 1 1 0 1 1 1 0 1 1 1 1 16921.0 11724.0 17116.0 14348.0 0 2000000000000000.2
1 1 0 0 1 0 1 1 1 0 0 1 1 1 0 1 1 0 1 1 1 0 0 1 1 0 1 0 0 1 1 0 1 1 1 0 1 1 1 1 16949.0 11959.0 15169.0 14324.0 0 0.08686412039747853
1 1 0 0 1 1 1 1 1 0 0 1 1 1 0 1 0 1 1 0 1 1 0 1 0 0 1 0 1 0 1 0 1 1 1 0 1 1 1 1 16985.0 12319.0 15159.0 14322.0 0 1000000000000000.1
1 1 0 0 1 0 1 1 0 0 1 1 1 1 1 1 0 1 0 0 1 1 0 1 1 0 1 0 0 0 1 0 1 1 1 0 1 1 1 1 16480.0 11227.0 16915.0 13386.0 1 2000000000000000.0
0 1 0 1 1 1 1 1 1 0 0 1 0 1 0 1 1 1 0 0 1 0 0 0 1 0 1 0 1 1 0 1 1 0 1 0 1 1 1 1 14231.0 13962.0 14329.0 14298.0 1 1000000000000000.4
1 1 0 0 1 1 1 1 0 0 1 1 1 0 1 1 0 1 1 0 1 1 0 1 0 0 1 0 0 0 1 1 1 1 1 0 1 1 1 1 16835.0 11027.0 15963.0 13906.0 1 1000000000000000.2
0 1 0 0 1 1 1 1 1 0 0 1 1 1 0 1 0 0 1 0 1 1 0 1 1 0 1 0 1 1 0 1 1 1 1 0 1 1 1 1 16654.0 12118.0 14147.0 15643.0 1 1000000000000000.1
0 1 0 0 0 1 1 1 1 0 0 1 1 1 1 1 0 1 1 1 1 0 1 1 1 0 1 0 0 1 0 1 1 1 1 0 1 1 1 1 15482.0 12134.0 15631.0 17079.0 1 1000000000000000.0
0 1 0 1 1 1 1 1 1 0 0 0 1 1 1 0 0 1 1 0 1 0 0 1 1 0 1 0 1 1 0 0 1 0 1 0 1 1 1 1 14044.0 13271.0 14632.0 16292.0 1 1000000000000000.0
1 0 0 0 1 0 1 1 0 0 1 1 1 1 1 1 0 1 1 0 1 1 0 1 1 0 1 0 1 1 0 0 1 1 1 0 1 1 0 1 16830.0 10938.0 15273.0 14535.0 1 1000000000000000.0
0 1 0 0 1 1 1 1 1 0 0 1 1 1 1 0 1 1 0 1 1 0 0 1 1 0 1 0 1 1 0 1 1 0 1 0 1 1 1 1 14562.0 13448.0 15152.0 16146.0 1 0.26227728048964194
1 1 0 0 1 0 1 1 0 0 1 1 1 0 1 0 1 1 0 1 1 0 0 1 1 0 1 0 0 1 1 0 1 1 1 0 1 1 1 1 15565.0 11870.0 16802.0 13453.0 1 0.2312009230826395
0 1 0 0 1 1 1 1 1 0 0 1 1 1 1 1 0 1 1 0 1 1 0 1 1 0 1 0 1 1 0 0 1 1 1 0 1 1 0 1 16425.0 12542.0 14560.0 16560.0 1 0.22758034919316417
0 1 0 0 1 1 1 1 1 0 0 1 1 1 1 1 0 1 1 1 1 0 1 1 1 0 1 0 0 1 0 0 1 1 1 0 1 1 1 1 15786.0 12390.0 15804.0 16779.0 1 0.2202350648492315
0 1 0 1 1 1 1 1 1 0 0 1 0 1 0 1 0 1 1 0 1 0 0 1 1 0 1 0 1 1 0 1 1 0 1 0 1 1 1 1 15272.0 13573.0 14612.0 15872.0 1 0.217074648652272
0 1 0 0 1 0 1 1 1 0 1 1 0 1 1 1 0 1 0 1 1 1 1 1 1 0 1 0 0 0 0 1 1 1 1 0 1 1 1 1 15000.0 11624.0 16750.0 14909.0 1 0.20211257468282795
0 1 0 0 1 0 1 1 1 0 1 1 0 0 1 1 0 1 1 1 1 1 1 1 1 0 1 0 0 1 0 1 1 1 1 0 1 1 1 1 15528.0 11846.0 16606.0 15724.0 1 0.19029437674528882
1 1 0 0 1 0 1 1 1 0 0 1 1 1 0 1 1 1 0 1 1 0 0 1 1 0 1 0 1 1 0 0 1 1 1 0 1 1 1 1 15930.0 12979.0 15878.0 14553.0 1 0.1865096788076334
0 1 0 1 1 1 1 1 1 0 0 0 0 0 1 1 0 1 1 1 1 0 0 1 1 0 1 0 1 1 0 1 1 1 1 0 1 1 0 1 14873.0 12959.0 14179.0 16383.0 1 0.18160819577163506
0 1 0 0 1 1 1 1 0 0 1 0 1 1 1 1 0 1 1 1 1 1 0 1 1 0 1 0 0 1 0 0 1 1 1 0 1 1 1 1 16235.0 11388.0 15968.0 16144.0 1 0.16963234337537714
1 1 0 0 1 0 1 1 1 0 0 1 1 1 1 1 1 1 0 0 1 0 0 1 1 0 1 0 1 1 0 1 1 0 1 0 1 1 1 1 15212.0 13189.0 15633.0 15251.0 1 0.16728086572430548
0 1 0 0 0 0 1 1 1 0 1 1 1 0 1 1 0 1 1 1 1 1 1 1 1 0 1 0 0 1 0 0 1 1 1 0 1 1 1 1 15147.0 11072.0 16660.0 15190.0 1 0.15907848483052706
0 1 0 1 1 0 1 1 0 0 1 1 1 1 0 1 0 1 1 0 1 0 0 1 1 0 1 0 1 1 0 0 1 1 1 0 1 1 1 1 16170.0 12463.0 16031.0 14701.0 1 0.1569986455757696
0 1 0 0 1 1 1 1 1 0 0 0 0 0 1 1 0 1 1 1 1 0 1 1 1 0 1 0 1 1 0 1 1 1 1 0 1 1 1 1 14641.0 12655.0 14975.0 16413.0 1 0.15138241737141903
1 1 0 0 1 0 1 1 1 0 0 1 1 1 0 1 1 0 1 0 1 1 0 1 1 0 1 0 1 1 0 0 1 1 1 0 1 1 0 1 16788.0 11904.0 14243.0 14484.0 1 0.1492503744247361
1 1 0 0 1 0 1 1 1 0 1 1 1 1 1 1 0 1 0 0 1 0 0 1 1 0 1 0 1 1 0 0 1 1 1 0 1 1 1 1 15996.0 12767.0 16490.0 15072.0 1 0.1431472015241546
0 1 0 0 1 1 1 1 1 0 1 1 1 1 1 1 0 1 1 1 1 1 0 1 0 0 1 0 0 0 1 0 1 1 1 0 1 1 1 1 16745.0 11601.0 16058.0 15208.0 1 0.14102034049949885
0 1 0 1 1 0 1 1 1 0 0 1 0 1 1 1 0 1 0 1 1 1 1 1 1 0 1 0 0 1 0 0 1 1 1 0 1 1 1 1 14929.0 12334.0 16906.0 15516.0 1 0.13209875830307322
0 1 0 0 1 1 1 1 1 0 1 1 1 1 1 1 0 1 1 1 1 1 0 1 1 0 1 0 0 1 0 0 1 1 0 0 1 1 1 1 16326.0 12139.0 15617.0 16765.0 1 0.12898542468981983
1 1 0 0 1 1 1 1 1 0 0 1 1 1 1 1 1 1 0 1 1 0 1 1 1 0 1 0 0 1 0 0 1 1 1 0 1 1 1 0 15581.0 12585.0 16341.0 15438.0 1 0.12333275961172815
1 1 0 0 1 0 1 1 0 0 1 0 1 1 1 1 0 1 1 0 1 1 0 1 1 0 1 0 1 1 0 0 1 1 1 0 1 1 1 1 16525.0 11951.0 16458.0 15510.0 1 0.12121048591054906
0 1 0 0 1 1 1 1 1 0 0 1 0 1 1 1 1 1 0 0 1 0 0 1 1 0 1 0 1 1 0 1 1 1 1 0 1 1 1 1 15610.0 13350.0 15217.0 15828.0 1 0.12062876034681527
1 1 0 0 1 0 1 1 1 0 0 1 1 1 1 1 1 1 0 0 1 1 0 1 1 0 1 0 1 1 0 0 1 0 1 0 1 1 1 1 15596.0 12907.0 16197.0 14939.0 1 0.11840209056308243
0 1 0 0 1 1 1 1 1 0 0 1 0 1 0 1 1 1 0 0 1 1 0 1 1 0 1 0 0 1 1 0 1 1 1 0 1 1 1 1 16318.0 12663.0 15352.0 14336.0 1 0.1151107638484668
1 1 0 0 1 0 1 1 1 0 0 1 1 1 1 1 0 1 0 1 1 0 0 1 1 0 1 0 1 1 0 1 1 1 1 0 1 1 1 1 15716.0 12831.0 15950.0 15870.0 1 0.11328092738209176
1 1 0 0 1 0 1 1 0 0 1 1 0 1 1 1 0 1 1 0 1 1 0 1 1 0 1 0 1 1 0 0 1 1 1 0 1 1 1 1 16764.0 11981.0 16685.0 15166.0 1 0.11269948120847476
0 1 0 0 1 1 1 1 0 0 0 1 1 1 0 1 0 1 1 1 1 0 1 1 1 0 1 0 1 1 0 1 1 1 1 0 1 1 1 1 16249.0 12620.0 15451.0 16293.0 1 0.11232897350893559
1 1 0 0 1 0 1 1 1 0 1 1 1 1 1 1 0 1 0 0 1 0 0 1 1 0 1 0 1 1 0 1 1 0 1 0 1 1 1 1 15365.0 12945.0 16065.0 15357.0 1 0.11139529361107223
0 1 0 0 1 1 1 1 1 0 0 1 1 1 0 1 0 1 1 1 1 0 0 1 1 0 1 0 1 1 0 0 1 1 1 0 1 1 1 1 16058.0 12728.0 14769.0 15906.0 1 0.10715871850070186
0 1 0 0 1 1 1 1 1 0 0 1 1 1 1 1 1 1 0 0 1 0 0 0 1 0 1 0 1 1 0 1 1 1 1 0 1 1 1 1 15211.0 13520.0 14699.0 15347.0 1 0.10705527871995936
1 1 0 0 1 0 1 0 1 0 0 1 1 1 1 1 1 1 0 0 1 1 0 1 1 0 1 0 1 1 0 1 1 1 1 0 1 1 1 1 15811.0 13247.0 15827.0 15023.0 1 0.10558387766930426
0 1 0 0 1 1 1 1 0 0 1 1 1 1 1 1 0 1 0 0 1 1 0 1 1 0 1 0 1 1 0 0 1 1 1 0 1 1 1 1 16466.0 12184.0 16391.0 15321.0 1 0.10377228791223717
0 1 0 0 1 1 1 1 1 0 1 1 0 1 1 1 0 1 1 1 1 0 0 1 1 0 1 0 1 1 0 0 1 0 1 0 1 1 1 1 15513.0 12860.0 15557.0 16284.0 1 0.103159767729501
1 1 0 0 1 1 1 1 1 0 1 0 1 1 0 1 0 1 1 1 1 0 0 1 1 0 1 0 1 1 0 0 1 0 1 0 1 1 1 1 16003.0 13205.0 15488.0 15974.0 1 0.10141753045485902
0 1 0 1 1 1 1 1 1 0 0 1 0 1 0 1 0 1 1 0 1 0 0 1 1 0 1 0 1 1 0 0 1 1 1 0 1 1 1 1 15903.0 13395.0 15037.0 15587.0 1 0.100428006242894
1 1 0 0 1 1 1 1 1 0 0 1 1 1 0 0 0 1 1 1 1 0 0 1 1 0 1 0 0 1 0 1 1 1 1 0 1 1 1 1 15910.0 12713.0 14938.0 16112.0 1 0.09518679581238479
0 1 0 0 1 1 1 1 1 0 1 1 0 1 1 1 0 1 0 1 1 0 0 1 1 0 1 0 0 1 1 0 1 1 1 0 1 1 1 1 16097.0 12572.0 16153.0 15413.0 1 0.09506807740356309
0 1 0 1 1 1 1 1 1 0 0 1 0 1 0 1 1 1 0 0 1 0 0 1 1 0 1 0 1 1 0 1 1 1 1 0 1 1 1 0 15148.0 13449.0 14876.0 14665.0 1 0.09379050878813669
0 1 0 0 1 1 1 1 1 0 1 1 1 1 1 1 0 1 1 1 1 1 0 1 1 0 1 0 0 1 0 0 1 0 1 0 1 1 1 1 16213.0 12313.0 16145.0 16524.0 1 0.09370830659135473
0 1 0 0 1 0 1 1 1 0 1 1 0 1 1 1 0 1 0 1 1 1 0 1 1 0 1 0 1 1 0 0 1 1 1 0 1 1 1 1 15534.0 12225.0 16456.0 15233.0 1 0.09176447978926955
1 1 0 0 1 1 1 1 1 0 0 1 1 1 0 1 0 1 1 0 1 1 0 1 1 0 1 0 0 1 0 1 1 0 1 0 1 1 1 1 16284.0 12542.0 14977.0 15820.0 1 0.09101634968544188
0 1 0 0 1 1 1 1 1 0 0 1 1 1 1 1 0 1 1 1 1 0 0 1 1 0 1 0 1 1 0 0 1 0 1 0 1 1 1 1 15248.0 12672.0 14884.0 16426.0 1 0.0904877708885935
0 1 0 1 1 0 1 1 1 0 1 1 0 1 1 1 0 1 0 1 1 1 0 1 1 0 1 0 1 1 0 0 1 1 1 0 1 1 1 0 15174.0 12461.0 16688.0 14907.0 1 0.08838513189940056
0 1 0 0 1 1 1 1 1 0 1 1 0 1 1 0 0 1 1 0 1 0 0 1 1 0 1 0 1 1 0 0 1 1 1 0 1 1 1 1 15426.0 12910.0 15329.0 16018.0 1 0.08436682379787797
0 1 0 0 1 1 1 1 1 0 0 1 0 1 1 1 0 1 1 0 1 1 0 1 1 0 1 0 1 1 0 1 1 0 1 0 1 1 1 1 15520.0 12803.0 14828.0 16524.0 1 0.07547397390315992
0 1 0 0 1 1 1 1 1 0 0 1 1 1 1 1 1 1 0 0 1 0 0 1 1 0 1 0 1 1 0 1 1 0 1 0 1 1 1 1 15183.0 13381.0 15052.0 15881.0 1 0.07244139809380311
1 1 0 0 1 0 1 1 1 0 0 1 1 1 0 0 1 1 0 1 1 0 0 1 1 0 1 0 1 1 0 1 1 1 1 0 1 1 1 1 15401.0 13312.0 15618.0 14996.0 1 0.06895975364288091
1 1 0 0 1 0 1 1 1 0 0 1 1 1 0 0 0 1 1 0 1 1 0 1 1 0 1 0 1 1 0 1 1 1 1 0 1 1 1 1 16034.0 12853.0 15294.0 15585.0 1 0.06875292133175556
1 1 0 0 1 0 1 1 0 0 0 1 1 1 0 1 0 1 1 1 1 0 1 1 1 0 1 0 1 1 0 1 1 1 1 0 1 1 1 1 16278.0 12428.0 16032.0 15663.0 1 0.06770686686208065
1 1 0 0 1 1 1 1 1 0 0 1 0 1 0 1 0 1 1 0 1 0 0 1 1 0 1 0 1 1 0 0 1 1 1 0 1 1 1 1 16215.0 12911.0 14814.0 15295.0 1 0.059726361686083765
0 1 0 0 1 1 1 1 1 0 0 1 1 1 1 0 1 1 0 1 1 0 0 1 1 0 1 0 1 1 0 0 1 1 1 0 1 1 1 1 15193.0 13270.0 15577.0 15861.0 1 0.051017922608496746
