0 1 0 0 1 1 1 1 1 0 0 1 0 0 1 0 1 0 0 0 1 1 0 1 0 0 1 0 1 1 1 1 1 1 0 0 1 1 0 1 13688.0 10866.0 11995.0 13440.0 0 1000000000000001.0
0 1 0 0 1 1 1 1 0 0 0 1 1 0 1 0 1 0 0 0 1 1 0 1 0 0 1 0 1 1 1 1 1 1 0 0 1 1 0 1 14007.0 10226.0 12173.0 13139.0 0 0.8703323579030853
0 1 1 0 0 0 1 1 0 0 1 1 1 1 0 0 1 1 1 0 0 0 0 1 1 0 1 0 1 0 0 1 1 0 0 1 1 1 0 1 12650.0 10745.0 12297.0 12609.0 0 0.8264758024674712
0 1 0 0 1 1 1 1 1 0 0 1 0 0 1 0 1 0 0 0 1 1 0 1 1 0 1 0 0 0 1 1 0 1 1 1 1 1 0 1 13995.0 10503.0 12473.0 12183.0 0 0.7670228086927052
0 1 0 0 1 1 1 1 0 0 0 1 1 0 1 0 1 1 0 0 1 1 0 1 1 0 0 0 0 1 1 0 0 1 1 1 1 1 0 1 13806.0 10668.0 12784.0 11997.0 0 0.5691959152426396
0 1 0 0 1 1 1 1 1 0 0 0 0 0 1 0 1 0 0 0 1 1 0 1 1 0 0 0 1 1 1 0 0 1 1 1 1 1 0 1 13052.0 10949.0 11529.0 11961.0 0 1000000000000000.8
0 1 0 0 1 1 1 1 1 0 0 1 0 0 1 0 1 0 0 0 1 0 0 0 1 0 1 1 1 0 0 0 1 1 1 0 1 1 1 1 12541.0 11650.0 13355.0 11886.0 0 3000000000000000.0
0 1 0 0 1 1 1 0 0 0 0 0 1 1 0 1 0 1 1 0 0 1 0 0 1 0 1 0 1 0 1 0 1 1 1 1 1 1 1 1 14060.0 11089.0 12681.0 11787.0 0 1000000000000000.6
0 1 0 1 1 1 0 0 0 0 1 0 1 1 0 1 0 1 1 0 1 1 0 0 0 0 1 0 1 0 1 0 1 1 1 0 1 1 1 1 13792.0 11013.0 13049.0 11691.0 0 0.5034184902663371
0 0 1 0 0 0 1 1 0 0 1 1 1 1 0 0 1 1 1 1 0 0 0 1 1 0 1 0 1 0 1 0 1 0 1 0 1 1 0 1 13792.0 10394.0 13245.0 11418.0 0 0.5931748805794703
0 1 0 0 1 1 1 1 0 0 0 1 0 0 1 0 1 1 0 0 0 1 1 1 0 1 1 0 1 0 1 0 1 1 1 0 1 1 0 0 12736.0 9869.0 13309.0 11178.0 0 2000000000000000.2
0 1 0 0 1 1 1 1 1 0 0 1 0 0 1 0 1 0 0 0 1 1 0 1 0 0 1 0 1 1 0 0 1 0 0 1 1 1 1 1 12063.0 10101.0 12169.0 12707.0 1 1000000000000000.2
0 1 1 0 1 1 0 0 0 0 1 0 0 1 1 0 0 1 1 0 1 1 0 1 1 0 1 0 0 0 1 0 0 1 1 1 1 1 0 1 12738.0 10008.0 11613.0 12196.0 1 0.5944508439483289
0 1 0 0 1 1 1 1 1 0 0 0 0 0 1 0 1 0 0 0 1 0 1 1 1 1 1 1 0 1 0 0 1 0 1 0 1 0 0 0 10258.0 10224.0 11296.0 12140.0 1 2000000000000000.0
0 0 1 0 0 0 1 1 0 0 1 1 1 1 0 0 1 1 1 1 0 0 0 1 1 0 1 0 1 0 0 1 1 0 0 1 1 1 0 1 12631.0 9890.0 11971.0 12081.0 1 0.37581250545856903
0 1 0 0 1 1 1 1 1 0 0 1 0 0 1 0 1 0 0 0 1 1 0 1 0 0 1 0 1 1 0 0 1 0 1 0 1 1 1 0 11750.0 9624.0 12308.0 11768.0 1 0.4519935819687546
0 1 1 0 1 1 1 1 1 0 0 0 0 0 1 0 1 0 0 1 1 0 0 1 1 0 0 0 1 0 1 0 1 0 1 0 1 1 0 1 11675.0 11250.0 11474.0 11756.0 1 1000000000000000.2
0 1 0 0 1 1 1 1 1 0 0 1 0 0 1 0 1 0 0 0 1 1 0 1 1 0 0 0 0 1 1 0 1 1 1 1 1 1 0 0 13096.0 10040.0 11945.0 11679.0 1 0.35715117497803667
0 1 0 0 1 1 1 1 1 0 0 1 0 0 1 0 1 0 0 0 1 1 0 1 1 0 1 0 0 0 1 0 0 1 1 1 1 1 0 1 13714.0 10132.0 12440.0 11581.0 1 1000000000000000.1
0 1 0 0 1 1 1 1 1 0 0 1 0 0 1 0 1 0 0 0 1 1 0 1 1 0 0 0 0 1 1 0 0 1 1 1 1 1 0 1 13326.0 10343.0 11747.0 11567.0 1 0.520690568077676
0 1 0 0 1 1 1 1 1 0 0 1 0 0 1 0 1 1 0 0 0 1 1 1 0 1 1 0 1 0 1 0 1 0 1 0 1 1 0 0 11990.0 10540.0 12966.0 11532.0 1 0.4614698131366671
0 1 0 1 1 1 0 0 0 0 1 0 0 1 1 0 0 1 1 0 1 0 1 1 1 0 1 0 0 0 1 0 0 0 1 1 1 0 1 1 11254.0 10640.0 12271.0 11484.0 1 0.6556231350790425
1 1 1 1 0 0 1 0 0 0 0 0 1 1 0 1 0 1 1 0 1 1 0 0 0 0 1 0 1 0 1 0 1 1 0 0 1 1 1 1 12602.0 10823.0 12477.0 11464.0 1 0.57212133025187
0 1 0 0 1 1 1 1 1 0 1 0 0 1 1 0 1 0 0 1 0 1 0 1 1 0 0 0 0 0 1 0 1 1 1 1 1 1 0 0 13147.0 9888.0 12579.0 11404.0 1 0.5846442059971788
0 0 1 1 0 0 1 1 0 0 0 1 1 1 0 0 1 1 1 1 0 0 0 1 1 0 1 0 0 0 1 0 1 1 1 0 1 1 0 0 13144.0 9551.0 12667.0 10761.0 1 0.7158180777559957
1 0 1 0 0 0 1 0 0 0 1 1 1 1 0 0 1 1 1 1 0 0 0 1 1 0 1 0 0 1 0 0 1 0 1 0 1 1 1 0 12092.0 9274.0 12832.0 10479.0 1 1000000000000000.4
0 1 0 0 1 1 1 1 1 0 0 1 0 0 1 0 1 1 0 0 0 1 1 1 0 0 1 0 0 0 1 0 0 1 1 1 1 1 1 0 12078.0 9623.0 13182.0 10337.0 1 2000000000000000.0
0 1 1 0 1 1 0 0 0 0 1 0 0 1 1 0 0 1 1 0 1 0 1 1 0 1 1 1 0 1 0 0 0 0 1 0 0 1 0 1 9384.0 8932.0 10371.0 12635.0 2 2000000000000000.5
0 1 0 0 1 1 1 1 1 0 0 0 1 0 0 0 0 0 1 0 0 1 1 1 1 0 1 1 1 0 1 1 1 0 0 0 0 1 1 0 11445.0 9908.0 11549.0 12137.0 2 0.7101461303660401
0 1 0 0 1 1 1 1 1 0 0 0 0 0 1 0 1 0 0 0 1 1 0 1 1 0 1 0 0 0 1 0 0 1 1 1 1 1 0 1 12990.0 9878.0 11920.0 11555.0 2 0.39323449611634986
0 0 0 1 1 0 1 0 0 0 1 0 1 1 0 1 0 1 1 0 0 1 0 1 0 1 1 0 1 0 1 1 1 1 0 0 1 1 0 1 13595.0 9684.0 11820.0 11533.0 2 0.3840001609839832
0 1 0 0 1 1 1 1 1 0 0 1 0 0 1 0 1 0 0 0 1 1 0 1 1 0 0 0 0 1 1 0 0 1 0 1 1 1 0 1 12527.0 9976.0 10761.0 11491.0 2 0.4245741242479478
0 1 0 0 1 1 1 1 1 0 0 0 1 0 0 0 0 0 1 0 0 1 1 1 1 0 1 1 1 0 1 1 1 0 0 0 1 0 1 0 11482.0 10633.0 11179.0 11423.0 2 1000000000000000.2
0 1 0 0 0 0 1 0 0 0 1 1 1 1 0 0 1 1 1 1 0 0 0 1 1 0 1 1 1 0 1 1 1 0 0 0 1 1 0 0 11764.0 10485.0 12101.0 11374.0 2 0.3665655229175887
0 1 0 0 1 1 1 1 1 0 0 1 0 0 1 0 1 0 0 0 1 1 0 1 0 0 1 0 1 0 1 0 1 1 1 1 1 1 0 0 13119.0 9689.0 12150.0 11365.0 2 0.24043769183990135
0 0 1 0 0 0 1 0 0 0 0 1 1 1 1 0 1 1 0 1 1 1 1 1 0 0 1 0 0 1 0 0 1 1 1 1 0 0 1 1 10808.0 8122.0 12347.0 11347.0 2 1000000000000000.6
1 0 1 0 0 0 1 0 0 0 1 1 1 1 0 0 1 1 1 0 0 1 0 1 0 0 1 0 1 0 1 1 1 1 0 0 1 1 0 1 13700.0 9863.0 12034.0 10727.0 2 1000000000000000.2
0 1 0 0 1 0 1 1 1 0 0 1 0 0 1 0 1 1 0 0 0 1 1 1 0 1 1 0 1 0 1 0 1 0 1 0 1 1 0 0 11188.0 9836.0 12816.0 10719.0 2 1000000000000000.2
0 1 0 1 0 0 1 1 0 1 1 0 0 1 0 0 0 0 0 0 0 1 1 1 0 1 1 0 1 0 1 0 1 0 1 0 1 1 0 0 11624.0 8788.0 12485.0 10498.0 2 0.43465606168759946
0 0 1 1 0 0 1 1 0 0 0 1 1 1 0 0 1 1 1 1 0 0 0 1 1 0 1 1 0 0 1 1 0 0 1 0 1 1 0 0 12039.0 9985.0 12008.0 10488.0 2 0.4405754500676079
0 1 0 0 1 1 1 1 1 1 0 0 0 0 0 0 1 0 1 0 1 0 0 0 1 0 1 0 0 0 1 0 0 1 1 1 1 0 1 1 12462.0 10505.0 10158.0 10400.0 2 1000000000000000.2
1 1 0 0 0 0 1 0 0 0 0 0 1 1 0 1 0 1 1 0 0 1 0 0 0 0 1 0 1 0 1 0 1 1 1 1 1 1 1 1 12689.0 9270.0 12266.0 10107.0 2 0.6199979428652634
1 0 0 0 0 0 1 1 0 0 0 0 1 1 0 1 0 1 1 0 0 1 0 0 0 0 1 0 1 0 1 0 1 1 1 1 1 1 1 1 13459.0 8534.0 12408.0 9990.0 2 0.42226584772895753
1 1 0 0 1 1 0 1 0 0 0 1 0 0 0 0 1 0 0 1 0 1 1 1 0 0 1 1 1 0 0 0 1 0 1 0 0 1 1 1 11208.0 8492.0 12760.0 9688.0 2 1000000000000000.4
0 1 0 0 1 1 1 1 0 0 0 0 1 0 0 0 0 0 1 0 0 1 1 1 1 0 1 1 1 0 1 1 1 0 0 0 0 1 1 0 11279.0 9044.0 11434.0 11466.0 3 1000000000000000.4
0 1 0 0 1 1 1 1 1 0 0 0 0 0 1 0 0 0 0 0 1 1 0 1 1 0 0 0 0 1 1 0 0 1 1 1 1 1 0 1 12005.0 9433.0 10693.0 11419.0 3 0.4225976837797749
0 1 1 0 0 0 1 0 0 1 1 0 0 1 0 0 0 0 0 0 1 0 1 0 1 0 1 0 1 1 0 0 1 0 1 0 1 1 0 1 10094.0 9914.0 10766.0 11211.0 3 0.5259796471465964
0 1 0 0 1 1 1 1 1 0 0 0 0 0 1 0 1 0 0 1 1 1 0 0 0 0 1 1 0 0 1 0 1 0 1 0 1 1 0 1 11159.0 9822.0 11735.0 11117.0 3 0.19152217509668812
0 0 0 1 1 1 0 1 1 0 0 1 1 1 0 1 0 1 1 0 0 1 0 0 0 0 1 1 1 0 0 1 1 1 0 0 1 1 0 0 12003.0 9635.0 10084.0 11066.0 3 0.44242897373491563
0 1 1 0 1 1 1 1 1 0 0 0 0 0 1 0 1 0 0 1 1 0 0 0 1 0 0 0 1 1 0 1 0 0 1 1 1 1 0 0 9342.0 10339.0 8934.0 10892.0 3 2000000000000000.0
0 0 0 1 0 1 0 1 1 0 1 0 1 0 0 1 0 1 0 1 1 1 0 1 1 0 1 0 0 1 1 0 0 1 1 0 1 0 0 1 13064.0 9673.0 11752.0 10865.0 3 0.10279082626637129
0 0 0 1 1 1 0 1 1 0 1 0 1 0 0 1 1 0 0 1 1 1 0 1 0 0 1 0 0 1 0 0 1 1 1 1 0 0 1 1 12773.0 8350.0 11820.0 10779.0 3 0.27652812386750836
0 1 1 0 1 1 1 1 1 0 0 0 0 0 1 0 1 0 0 1 1 0 0 0 1 0 0 0 1 0 0 1 0 0 1 1 1 1 0 1 9780.0 10602.0 9455.0 10731.0 3 1000000000000000.5
0 1 1 1 0 0 1 1 1 0 0 1 0 0 0 0 1 0 0 0 1 1 0 1 0 0 1 0 1 1 0 0 1 0 1 0 1 1 1 0 10816.0 9754.0 12346.0 10532.0 3 0.26072388838434635
1 0 0 0 0 0 1 1 0 0 0 1 0 1 0 1 0 0 0 1 0 1 1 1 0 1 1 0 1 0 1 1 1 1 0 0 1 1 0 1 13139.0 7727.0 11805.0 10506.0 3 1000000000000000.0
0 0 0 1 1 0 1 0 0 0 1 0 1 1 0 1 0 1 1 0 0 1 0 0 0 0 1 1 0 1 1 0 1 0 0 1 1 1 1 1 11959.0 9623.0 12083.0 10481.0 3 0.1948948823187202
0 0 1 1 0 0 1 0 0 0 0 0 1 1 0 1 0 1 1 0 0 0 1 0 1 0 1 0 1 1 1 0 1 0 1 1 1 1 1 0 11081.0 10236.0 11761.0 10446.0 3 0.20212208155483852
0 0 1 1 0 0 1 0 0 0 0 0 1 1 0 1 0 1 1 0 1 1 0 0 0 0 1 0 1 0 1 0 1 1 1 0 1 1 1 1 12362.0 9718.0 12013.0 10405.0 3 0.1687519212349021
0 0 0 1 1 1 1 0 0 0 1 0 1 1 0 1 0 1 1 1 0 0 0 1 1 0 1 0 0 0 1 0 0 1 1 1 1 1 0 0 13340.0 9223.0 11559.0 10340.0 3 1000000000000000.1
0 0 1 1 0 0 1 0 0 0 1 1 1 1 0 0 1 1 0 1 0 0 0 1 1 0 1 0 0 0 1 1 1 0 0 0 1 1 0 1 11611.0 10097.0 12077.0 10319.0 3 0.21382553571181598
0 0 0 0 0 0 1 1 0 0 1 0 0 0 1 0 1 1 0 0 1 0 0 0 1 0 1 1 1 0 0 0 1 1 0 1 1 1 1 1 10401.0 9335.0 12609.0 10219.0 3 0.3373867202381916
0 0 0 1 1 0 1 1 0 0 0 1 0 1 0 1 0 0 0 1 0 1 1 1 1 0 1 1 0 0 1 1 1 0 0 0 0 1 1 0 11489.0 7964.0 12475.0 10142.0 3 0.41407644271042243
1 0 0 0 1 0 1 1 0 0 0 1 0 1 0 1 0 0 0 1 0 1 1 1 0 1 1 0 1 0 1 1 1 1 0 0 1 0 1 1 13258.0 8489.0 12019.0 10013.0 3 0.19278755397867642
0 0 0 1 1 0 1 0 0 1 1 0 1 1 0 1 0 1 1 0 0 1 0 0 0 0 1 0 1 0 1 0 1 1 1 1 1 1 0 0 13249.0 9325.0 11439.0 9900.0 3 0.16743398358161599
0 1 0 1 0 0 1 1 0 0 1 0 0 0 0 0 0 0 0 0 0 1 1 1 1 0 1 1 1 0 1 1 1 0 0 0 0 1 1 0 9922.0 8684.0 12699.0 9839.0 3 1000000000000000.4
0 0 1 0 0 0 1 1 1 0 1 0 0 0 0 1 0 1 1 0 0 1 0 0 0 0 1 0 1 0 1 0 1 1 1 1 1 1 1 1 12428.0 9188.0 12127.0 9585.0 3 0.26438730207476385
0 0 0 1 1 0 1 0 0 0 1 0 1 1 0 1 0 1 1 0 0 1 0 0 0 0 1 1 0 1 1 0 1 0 1 0 1 1 1 0 11646.0 9146.0 12222.0 9542.0 3 0.18253140695834272
1 1 0 0 1 0 0 0 0 1 0 1 1 1 1 0 1 1 0 1 0 1 0 1 0 0 1 0 0 0 1 0 0 1 1 1 1 1 1 0 12184.0 8528.0 12273.0 9536.0 3 0.33275144437153414
1 0 1 0 0 0 1 0 0 0 1 1 1 1 0 0 1 1 1 1 0 0 0 1 1 0 1 0 0 0 1 0 0 1 1 1 1 1 0 0 12812.0 8882.0 11754.0 9163.0 3 0.38353681060813993
0 0 1 1 0 0 1 1 0 0 0 0 1 0 0 0 1 1 0 0 0 1 1 1 0 1 1 0 1 0 1 0 1 0 1 0 1 0 1 1 10856.0 9711.0 12673.0 9023.0 3 0.17775234855635247
1 0 1 0 0 0 1 0 0 0 1 1 1 0 0 0 1 1 1 1 0 0 0 1 1 0 1 0 0 0 1 0 0 1 1 1 1 1 0 1 13024.0 9154.0 12125.0 8972.0 3 0.16952258152796934
0 0 1 1 0 0 1 0 0 0 0 1 1 1 1 0 1 1 0 1 0 1 0 1 0 0 1 0 0 0 1 0 0 1 1 1 1 1 1 0 11159.0 8274.0 12371.0 8810.0 3 1000000000000000.2
0 1 0 0 1 1 1 1 1 0 0 0 1 0 0 0 0 0 1 0 0 0 1 0 0 0 1 0 1 1 0 0 1 0 1 1 1 1 0 1 10604.0 9387.0 9842.0 11348.0 4 1000000000000000.4
0 0 1 1 0 0 1 1 0 0 0 1 1 1 0 0 1 0 1 0 1 0 0 1 1 0 1 0 0 0 0 1 1 1 0 0 1 1 0 0 11790.0 8299.0 10371.0 10986.0 4 0.4951298265018859
0 0 0 1 0 1 0 1 1 0 1 0 1 0 0 1 0 1 0 1 1 1 0 1 0 0 1 1 0 0 0 1 1 1 0 0 1 1 0 0 11036.0 8170.0 11224.0 10915.0 4 0.1927395548950449
0 1 1 0 1 1 0 0 0 0 1 0 0 1 1 0 0 1 1 0 1 0 1 1 1 1 0 1 0 1 0 0 0 0 1 0 1 0 0 0 8528.0 9611.0 9175.0 10892.0 4 2000000000000000.0
0 0 1 1 0 0 1 1 0 0 0 1 1 1 0 0 1 1 1 1 0 0 0 1 1 0 1 0 0 0 1 1 0 0 0 0 1 1 0 1 11944.0 9665.0 11058.0 10858.0 4 0.22082848375847172
0 1 0 1 0 0 1 1 0 1 1 0 0 1 0 0 0 0 0 0 0 0 1 0 0 0 1 0 1 1 0 0 1 0 1 1 1 1 0 1 10583.0 9210.0 11548.0 10815.0 4 0.5646544136840438
0 1 1 0 1 1 0 0 0 1 0 0 1 0 0 0 1 0 1 1 1 0 0 1 1 0 1 0 0 0 1 0 0 1 1 1 1 1 0 1 12499.0 9461.0 9692.0 10807.0 4 0.19039916437430746
0 1 0 1 1 1 0 0 0 0 1 0 0 1 1 0 0 1 1 0 1 0 1 1 0 1 0 1 1 1 0 0 0 0 1 0 1 0 0 0 8646.0 9865.0 9628.0 10798.0 4 0.8686695534917223
0 1 0 0 1 1 1 1 1 0 0 0 0 0 1 0 1 0 0 0 1 1 0 1 1 0 1 0 0 0 1 0 0 1 1 1 1 1 0 0 12111.0 9118.0 11198.0 10754.0 4 0.13609610289622218
0 1 1 0 1 1 1 0 0 0 0 1 0 0 1 0 1 0 0 0 1 1 0 1 0 0 1 0 1 1 0 0 1 0 1 1 1 1 1 0 10875.0 9222.0 11470.0 10717.0 4 0.22998315375992856
0 0 1 0 0 0 1 0 0 0 1 1 1 1 0 0 1 1 1 1 0 0 0 1 1 0 1 0 0 0 1 1 1 0 0 0 1 1 0 1 11846.0 9314.0 11129.0 10689.0 4 0.3255761641748244
0 1 0 1 1 1 0 1 1 0 1 0 1 0 0 1 0 0 0 1 1 1 0 1 0 0 0 0 0 0 1 0 1 0 0 1 1 1 1 1 11670.0 8972.0 11498.0 10329.0 4 0.4406510279473166
0 0 1 1 0 0 1 1 0 0 0 1 0 1 0 1 0 0 0 1 0 1 1 1 0 1 1 0 1 0 1 1 1 1 0 0 1 1 0 0 11984.0 8053.0 11319.0 10238.0 4 0.26516391711786763
1 1 0 0 0 0 1 0 0 0 0 0 1 1 0 1 0 1 1 0 0 1 0 1 1 0 1 0 0 1 1 0 0 1 1 0 1 0 0 1 12609.0 8941.0 10757.0 10228.0 4 0.28227964477950046
0 1 0 0 1 1 0 1 0 0 0 0 1 0 0 0 0 0 1 0 0 1 1 1 1 0 1 0 1 0 1 0 1 1 1 0 1 1 0 0 12158.0 8304.0 10789.0 10215.0 4 0.29485104082796637
1 1 0 0 1 0 0 0 0 1 1 0 0 1 0 0 0 0 1 1 0 0 0 1 1 0 1 1 0 0 1 0 1 1 1 1 1 1 0 0 12382.0 8691.0 11279.0 10200.0 4 0.37519033260612694
1 1 0 0 1 0 0 0 0 1 1 0 0 1 0 0 0 0 1 1 0 1 0 1 1 0 1 0 0 0 1 0 1 1 1 1 1 1 0 0 12872.0 8067.0 11190.0 10135.0 4 0.19469711500135933
0 1 0 1 1 1 0 1 0 0 0 0 1 0 0 0 1 1 0 0 0 1 1 1 0 1 1 0 1 0 1 0 1 0 1 0 1 1 0 0 11123.0 9699.0 12013.0 10075.0 4 1000000000000000.2
1 1 0 0 1 0 0 0 0 1 0 0 0 1 0 1 0 0 1 1 0 1 0 1 1 0 1 0 0 0 1 0 1 1 1 1 1 1 0 0 12932.0 7693.0 10517.0 10066.0 4 1000000000000000.1
0 1 0 1 0 0 1 1 0 1 1 0 0 1 0 0 0 0 0 0 0 0 1 0 1 0 1 0 1 1 1 0 0 1 0 0 1 0 1 1 11039.0 10222.0 11219.0 9959.0 4 1000000000000000.1
0 1 0 1 0 1 0 1 0 1 1 1 1 1 0 1 0 0 0 0 0 0 0 0 1 0 1 0 0 1 1 0 0 1 1 0 1 0 0 1 13043.0 9451.0 10417.0 9710.0 4 1000000000000000.1
0 0 1 1 0 0 1 0 0 0 0 0 1 1 0 1 0 1 1 0 0 1 0 0 0 0 1 0 1 0 1 0 1 1 1 1 1 1 1 1 12205.0 9396.0 11783.0 9688.0 4 0.2480380102689264
1 1 0 0 1 0 1 0 0 0 0 1 1 1 0 1 0 1 1 0 0 1 0 0 0 0 1 0 1 0 1 0 1 1 1 1 1 1 0 0 12908.0 9084.0 11284.0 9585.0 4 0.3162393185114538
1 0 0 0 0 0 1 1 0 0 0 0 1 1 0 1 0 1 1 0 0 1 0 0 0 0 1 0 1 0 1 0 1 1 1 1 1 1 1 0 12580.0 7774.0 11686.0 9189.0 4 1000000000000000.2
0 1 1 0 1 1 0 0 0 1 0 0 1 0 0 0 0 1 0 0 0 0 0 0 1 1 1 1 0 1 1 1 0 0 1 0 0 0 1 1 8587.0 9718.0 8320.0 9270.0 5 3000000000000000.0
1 0 0 0 0 0 1 1 0 0 1 1 1 1 0 1 0 0 0 0 0 0 0 0 1 0 1 0 0 1 1 0 0 1 1 0 1 0 0 1 12389.0 7550.0 10112.0 7648.0 5 1000000000000000.5
0 0 1 1 0 0 1 1 0 0 0 0 1 0 0 0 1 1 0 0 0 1 1 1 0 1 1 0 1 0 1 0 1 0 1 0 1 1 0 0 10443.0 8816.0 11943.0 9017.0 5 1000000000000000.2
0 0 0 1 0 1 0 1 0 1 1 1 1 1 0 1 0 0 0 0 0 0 0 0 1 0 1 0 0 1 1 0 0 1 1 0 1 0 0 1 12835.0 8491.0 9698.0 8758.0 5 1000000000000000.2
