0 1 0 1 1 1 1 1 1 0 0 0 1 1 1 0 0 1 1 0 1 0 0 1 1 0 1 0 1 1 0 1 1 0 1 0 1 1 1 1 14325.0 13642.0 14665.0 16894.0 0 1000000000000000.5
0 1 0 0 1 1 1 1 1 0 0 1 0 0 1 1 0 1 1 1 1 0 1 1 1 0 1 0 1 1 0 1 1 1 1 0 1 1 1 1 15365.0 12909.0 15495.0 16439.0 0 0.30266415509378797
0 1 0 1 1 1 1 1 1 0 0 0 0 0 1 1 0 1 1 1 1 0 0 1 1 0 1 0 1 1 0 1 1 1 1 0 1 1 0 1 14873.0 12959.0 14179.0 16383.0 0 1000000000000000.2
0 1 0 1 1 1 1 1 0 0 0 0 1 1 1 1 0 1 1 0 1 1 0 1 1 0 1 0 1 1 0 0 1 1 1 0 1 1 0 1 16054.0 12420.0 14879.0 16338.0 0 0.11174639034808628
0 1 0 0 0 1 1 1 1 0 0 1 1 1 1 1 1 1 0 1 1 0 0 1 1 0 1 0 1 1 0 1 1 1 1 0 1 1 1 1 15699.0 13052.0 15697.0 16320.0 0 0.28443134817046134
0 1 0 0 1 1 1 1 1 0 0 1 1 1 0 0 0 1 1 0 1 1 0 1 1 0 1 0 1 1 0 1 1 1 1 0 1 1 1 1 16005.0 13045.0 14713.0 16215.0 0 0.2577482787978128
0 1 0 0 1 1 1 1 1 0 0 1 1 1 1 1 1 1 0 0 1 0 0 1 1 0 1 0 1 1 0 1 1 1 1 0 1 1 1 1 16095.0 13574.0 15510.0 16198.0 0 0.1820253366868444
1 1 0 0 1 0 1 1 1 0 1 1 1 1 1 1 0 1 1 1 1 1 0 1 0 0 1 0 1 1 0 1 1 0 1 0 1 1 1 1 16158.0 12352.0 16271.0 16168.0 0 0.13191925943146598
1 1 0 0 1 1 1 1 1 1 0 1 1 1 0 1 0 1 1 1 1 0 0 1 1 0 1 0 0 1 0 0 1 0 1 0 1 1 1 1 16362.0 12746.0 14945.0 16125.0 0 0.21908286743932034
1 1 0 0 1 0 1 1 1 0 0 1 1 1 1 1 0 1 1 1 1 0 0 1 1 0 1 0 1 1 0 0 1 1 1 0 1 1 1 1 16189.0 12673.0 15923.0 16113.0 0 0.10804773608750122
1 1 0 0 1 1 1 1 1 0 0 1 1 1 0 1 0 1 1 1 1 0 0 1 1 0 1 0 1 1 0 0 1 1 1 0 1 1 1 1 16889.0 13240.0 15500.0 16089.0 0 0.11501308156527562
1 1 0 0 1 1 1 1 1 0 0 1 1 1 0 1 0 1 1 1 1 1 0 1 1 0 1 0 1 1 0 0 1 0 1 0 1 1 1 1 16642.0 13136.0 15639.0 16062.0 0 0.091761448508947
0 1 0 0 1 1 1 1 1 0 0 1 1 1 1 1 1 1 0 1 1 0 1 1 1 0 1 0 0 1 0 0 1 1 1 0 1 1 1 1 15629.0 12833.0 16332.0 16056.0 0 0.12734199724026318
1 1 0 0 1 1 1 1 1 0 0 1 0 1 0 1 0 1 1 0 1 0 0 1 1 0 1 0 1 1 0 1 1 1 1 0 1 1 1 1 16496.0 13282.0 14847.0 15897.0 0 0.12963785393735322
1 1 0 0 1 1 1 1 1 0 1 0 1 1 0 1 0 1 1 1 1 0 0 1 1 0 1 0 0 1 0 0 1 1 1 0 1 1 1 1 16465.0 12538.0 15644.0 15871.0 0 0.10742485222971099
0 1 0 0 1 1 1 1 1 0 0 1 1 1 1 0 1 1 0 1 1 0 0 1 1 0 1 0 1 1 0 0 1 1 1 0 1 1 1 1 15193.0 13270.0 15577.0 15861.0 0 0.12674175699128717
1 1 0 0 1 0 1 1 0 0 0 1 1 1 0 1 0 1 1 1 1 0 1 1 1 0 1 0 1 1 0 1 1 1 1 0 1 1 1 1 16278.0 12428.0 16032.0 15663.0 0 0.1601190920672606
1 1 0 0 1 0 1 1 0 0 1 0 1 1 1 1 0 1 1 0 1 1 0 1 1 0 1 0 1 1 0 0 1 1 1 0 1 1 1 1 16525.0 11951.0 16458.0 15510.0 0 0.19293536762746966
1 1 0 0 1 0 1 1 0 0 1 1 1 1 1 1 0 1 1 0 1 1 0 1 1 0 1 0 1 1 0 0 1 1 1 0 1 1 0 1 17038.0 11898.0 15992.0 15487.0 0 1000000000000000.0
1 1 0 0 1 1 1 1 1 0 0 1 1 1 1 1 1 1 0 1 1 0 1 1 1 0 1 0 0 1 0 0 1 1 1 0 1 1 1 0 15581.0 12585.0 16341.0 15438.0 0 0.14427283301478558
0 1 0 0 1 1 1 1 1 0 1 1 0 1 1 1 0 1 0 1 1 0 0 1 1 0 1 0 0 1 1 0 1 1 1 0 1 1 1 1 16097.0 12572.0 16153.0 15413.0 0 0.10686083498099169
1 1 0 0 1 1 1 1 1 0 0 1 1 1 1 1 1 1 0 0 1 0 0 1 1 0 1 0 0 1 0 0 1 1 1 0 1 1 1 1 16195.0 12855.0 15906.0 15359.0 0 0.1742094010280698
0 1 0 0 1 1 1 1 1 0 0 1 0 1 0 1 1 1 0 0 1 1 0 1 1 0 1 0 1 1 0 1 1 1 1 0 1 1 1 1 16173.0 13302.0 15241.0 15281.0 0 0.26822615374407965
1 1 0 0 1 0 1 1 1 0 0 1 1 1 1 1 1 1 0 0 1 0 0 1 1 0 1 0 1 1 0 1 1 0 1 0 1 1 1 1 15212.0 13189.0 15633.0 15251.0 0 0.09932308559103743
1 1 0 0 1 0 1 1 1 0 0 1 1 1 1 1 1 1 0 0 1 1 0 1 1 0 1 0 1 1 0 0 1 1 1 0 1 1 0 1 16297.0 12793.0 15669.0 15207.0 0 0.09831520608981495
0 1 0 1 1 0 1 1 1 0 0 1 0 1 1 1 0 1 0 1 1 1 1 1 1 0 1 0 0 0 0 1 1 1 1 0 1 1 1 1 14769.0 12208.0 16738.0 15156.0 0 0.3913071376160243
0 1 0 0 1 0 1 1 1 0 1 1 0 0 1 1 0 1 1 1 1 1 1 1 1 0 1 0 0 1 0 0 1 1 1 0 1 1 1 1 15247.0 11475.0 16573.0 15122.0 0 0.16998773802422165
1 1 0 0 1 0 1 1 1 0 1 1 0 0 1 1 0 1 1 1 1 0 1 1 1 0 1 0 0 1 0 0 1 1 1 0 1 1 1 1 15413.0 11898.0 16707.0 15015.0 0 0.1450501639555006
1 1 0 0 1 0 1 1 1 0 0 1 1 1 1 1 1 1 0 0 1 1 0 1 1 0 1 0 1 1 0 0 1 0 1 0 1 1 1 1 15596.0 12907.0 16197.0 14939.0 0 0.1018929959720892
0 1 0 1 1 0 1 1 1 0 1 1 0 1 1 1 0 1 0 1 1 1 0 1 1 0 1 0 0 0 0 1 1 1 1 0 1 1 1 1 15443.0 12235.0 16940.0 14928.0 0 0.1562870649817413
0 1 0 1 1 0 1 1 1 0 1 1 0 1 1 1 0 1 0 1 1 1 0 1 1 0 1 0 1 1 0 0 1 1 1 0 1 1 1 0 15174.0 12461.0 16688.0 14907.0 0 0.20817244366410878
1 1 0 0 1 1 1 1 0 0 1 1 0 1 0 1 0 1 1 0 1 0 0 1 1 0 1 0 1 1 0 0 1 1 1 0 1 1 1 1 16799.0 12459.0 15665.0 14852.0 0 0.11002411802718594
1 1 0 0 1 0 1 1 0 0 1 1 1 0 1 0 1 1 1 1 1 1 0 1 1 0 1 0 0 1 0 1 1 0 1 0 1 1 1 1 15477.0 11758.0 16534.0 14796.0 0 0.27298095193853494
1 1 0 0 1 0 1 1 0 0 1 1 1 1 1 1 0 1 0 0 1 1 0 1 1 0 1 0 1 1 0 0 1 1 1 0 1 1 1 1 16495.0 11992.0 16972.0 14691.0 0 1000000000000000.1
1 1 0 0 1 1 1 1 1 0 1 1 1 1 1 1 0 1 1 1 1 1 0 1 0 0 1 0 0 0 1 0 1 1 1 0 1 1 1 0 16697.0 11353.0 16067.0 14590.0 0 0.2319421870072036
1 1 0 0 1 1 1 1 1 0 0 1 1 1 0 1 0 1 1 0 1 1 0 1 0 0 1 0 1 0 1 0 1 1 1 0 1 1 1 1 16985.0 12319.0 15159.0 14322.0 0 0.277847056005015
0 1 0 1 1 1 1 1 1 0 0 1 0 1 0 1 1 1 0 0 1 0 0 0 1 0 1 0 1 1 0 1 1 0 1 0 1 1 1 1 14231.0 13962.0 14329.0 14298.0 0 2000000000000000.2
1 1 0 0 1 1 1 1 1 0 1 1 1 0 1 1 0 1 1 0 1 1 0 1 0 0 1 0 0 0 1 0 1 1 1 0 1 1 1 1 16720.0 11520.0 16045.0 13975.0 0 0.48727172833861854
1 1 0 0 1 0 1 1 0 0 1 1 1 1 0 1 0 1 0 1 0 1 0 1 1 0 1 0 0 1 1 0 1 1 1 0 1 1 1 1 16618.0 11286.0 16581.0 13004.0 0 2000000000000000.0
1 1 0 0 1 0 1 1 0 0 1 1 1 0 1 0 1 1 0 1 0 1 1 1 0 0 1 0 0 0 1 0 1 1 1 0 1 1 1 1 14660.0 10441.0 16817.0 11558.0 1 3000000000000000.0
0 1 0 0 1 1 1 1 1 0 0 0 0 0 1 1 0 1 1 1 1 0 1 1 1 0 1 0 1 1 0 1 1 1 1 0 1 1 1 1 14641.0 12655.0 14975.0 16413.0 1 1000000000000000.1
1 1 0 0 1 1 1 1 1 0 0 1 1 1 0 0 0 1 1 1 1 0 0 1 1 0 1 0 0 1 0 1 1 1 0 1 1 1 0 1 15133.0 12123.0 13091.0 16201.0 1 1000000000000000.1
0 1 0 1 1 1 1 1 1 0 0 1 0 1 0 1 0 1 1 0 1 0 0 1 1 0 1 0 1 1 0 1 1 0 1 0 1 1 1 1 15272.0 13573.0 14612.0 15872.0 1 1000000000000000.1
0 1 0 1 1 1 1 1 1 0 0 0 1 1 1 0 1 1 0 1 1 0 1 1 1 0 1 0 0 1 0 0 1 1 1 0 1 1 1 0 13735.0 12777.0 15751.0 15545.0 1 1000000000000000.0
1 1 0 0 1 1 1 1 0 0 1 1 1 0 1 1 0 1 1 0 1 1 0 1 0 0 1 0 0 0 1 1 1 1 1 0 1 1 1 1 16835.0 11027.0 15963.0 13906.0 1 1000000000000000.0
1 1 0 0 1 0 1 1 0 0 1 1 1 0 0 1 0 1 0 1 0 1 0 1 1 0 1 0 0 1 1 0 1 1 1 0 1 1 1 1 15951.0 10798.0 16230.0 12012.0 1 0.4863715151075463
0 1 0 0 1 1 1 1 1 0 0 1 1 1 0 1 0 0 1 0 1 1 0 1 1 0 1 0 1 1 0 1 1 1 1 0 1 1 1 1 16654.0 12118.0 14147.0 15643.0 1 0.3211073941685496
1 1 0 0 1 0 1 1 0 0 1 1 1 1 0 1 0 1 0 1 0 1 0 1 1 0 1 1 0 0 0 1 1 1 1 0 1 1 1 1 15757.0 11281.0 16653.0 12922.0 1 0.30702499179274445
0 1 0 1 1 1 1 1 1 0 0 0 1 1 1 0 0 1 1 0 1 0 0 1 1 0 1 0 1 1 0 0 1 0 1 0 1 1 1 1 14044.0 13271.0 14632.0 16292.0 1 0.2675646251231378
1 1 0 0 1 0 1 1 1 0 0 1 1 1 0 1 1 0 1 0 1 1 0 1 1 0 1 0 1 1 0 0 1 1 1 0 1 1 0 1 16788.0 11904.0 14243.0 14484.0 1 0.19798737580639897
1 1 0 0 1 0 1 1 0 0 1 0 1 1 1 1 0 1 1 0 1 1 0 1 1 0 1 0 1 1 0 0 1 1 1 0 1 1 0 1 16314.0 11644.0 15472.0 15461.0 1 0.16757723031247396
1 1 0 0 1 0 1 1 0 0 1 1 1 1 1 0 1 1 0 1 1 1 0 1 0 0 1 0 0 0 1 0 1 1 1 0 1 1 1 1 15641.0 10950.0 16759.0 13025.0 1 0.16569313539180136
1 1 0 0 1 0 1 1 0 0 1 1 1 1 0 1 0 1 1 1 0 1 0 1 0 0 1 0 1 1 1 1 0 1 1 0 1 1 1 1 16639.0 11273.0 15212.0 13210.0 1 0.1565032806208263
1 1 0 0 1 1 1 1 1 0 0 1 0 1 0 1 0 1 1 0 1 0 0 1 1 0 1 0 1 1 0 0 1 1 1 0 1 1 1 1 16215.0 12911.0 14814.0 15295.0 1 0.14100781700368228
1 1 0 0 1 0 1 1 0 0 1 1 1 0 1 0 1 1 0 1 1 0 0 1 1 0 1 0 0 1 1 0 1 1 1 0 1 1 1 1 15565.0 11870.0 16802.0 13453.0 1 0.1409663232506098
0 1 0 1 1 0 1 1 0 0 1 1 1 0 1 0 1 1 0 1 1 0 0 1 1 0 1 0 0 1 1 0 1 0 1 0 1 1 1 1 14341.0 12161.0 16567.0 13428.0 1 0.13925708167058493
1 1 0 0 1 0 1 1 0 0 1 1 1 1 1 0 1 1 0 1 1 0 1 1 1 0 1 0 0 1 0 0 1 1 1 0 1 1 1 0 14553.0 11391.0 16749.0 14023.0 1 0.13599515650054492
0 1 0 1 1 1 1 1 0 0 0 1 0 1 1 0 0 1 1 1 1 0 1 1 1 0 1 0 0 1 0 0 1 1 1 0 1 1 1 1 14844.0 12260.0 16057.0 16054.0 1 0.13585273349197238
1 1 0 0 1 1 1 1 1 0 0 1 1 1 0 1 0 1 1 1 1 0 0 1 1 0 1 0 1 1 0 0 1 0 1 0 1 1 1 1 15977.0 13047.0 15042.0 15772.0 1 0.12948343119485925
0 1 0 1 1 0 1 1 1 0 1 1 0 1 1 1 0 1 0 1 1 1 0 1 1 0 1 0 0 0 0 1 1 0 1 0 1 1 1 1 14531.0 12042.0 16482.0 14611.0 1 0.128351846338915
0 1 0 0 1 1 1 1 1 0 1 1 1 1 1 1 1 1 1 1 1 1 0 1 0 0 1 0 0 0 1 0 1 1 1 0 1 1 1 0 16463.0 11497.0 15870.0 14529.0 1 0.12197566138238661
0 1 0 1 1 1 1 1 0 0 0 1 0 1 1 0 0 1 1 0 1 0 1 1 1 0 1 0 1 1 0 0 1 0 1 0 1 1 1 1 14193.0 12822.0 15508.0 15733.0 1 0.11754628166846484
0 1 0 1 1 1 1 1 0 0 1 1 1 0 1 0 1 1 0 1 1 0 0 1 1 0 1 0 0 1 0 0 1 0 1 0 1 1 1 1 14267.0 12273.0 16271.0 14164.0 1 0.11263209215249166
1 1 0 0 1 0 1 1 1 0 1 1 0 0 1 1 0 1 1 0 1 0 1 1 1 0 1 0 1 1 0 0 1 0 1 0 1 1 1 1 14762.0 12460.0 16158.0 14694.0 1 0.11138923188458921
0 1 0 0 1 1 1 1 1 0 0 1 0 1 0 1 1 1 0 0 1 1 0 1 1 0 1 0 0 1 1 0 1 1 1 0 1 1 1 1 16318.0 12663.0 15352.0 14336.0 1 0.10752379976596263
1 1 0 0 1 0 1 1 0 0 1 1 1 0 1 1 0 1 1 0 1 1 0 1 0 0 1 0 1 0 1 1 1 1 1 0 1 1 1 1 16483.0 11183.0 16115.0 13513.0 1 0.1070101229280058
1 1 0 0 1 1 1 1 1 0 0 1 0 1 1 1 1 1 0 0 1 0 0 1 1 0 1 0 0 1 0 0 1 1 1 0 1 1 1 1 15710.0 12631.0 15613.0 14989.0 1 0.10128961202069506
0 1 0 1 1 0 1 1 1 0 1 1 0 1 1 1 0 1 0 1 1 0 0 1 1 0 1 0 0 0 0 1 1 1 1 0 1 1 1 1 14778.0 12146.0 16343.0 14638.0 1 0.1005688320523546
1 1 0 0 1 1 1 1 1 0 0 1 1 0 1 1 0 1 1 0 1 1 0 1 0 0 1 0 1 0 1 0 1 1 1 0 1 1 1 1 16420.0 11968.0 15381.0 14167.0 1 0.09956104714057479
0 1 0 1 1 1 1 1 0 0 0 0 1 1 1 1 0 1 0 0 1 1 0 1 1 0 1 0 1 1 0 0 1 1 1 0 1 1 1 1 15511.0 12514.0 15859.0 15542.0 1 0.09786347110697269
1 1 0 0 1 0 1 1 1 0 0 1 1 1 0 1 0 0 1 0 1 1 0 1 1 0 1 0 1 1 0 1 1 1 1 0 1 1 1 1 16683.0 11926.0 14728.0 15013.0 1 0.09549058358739666
0 1 0 1 1 1 1 1 1 0 0 1 0 1 0 1 0 1 1 0 1 0 0 1 1 0 1 0 1 1 0 0 1 1 1 0 1 1 1 1 15903.0 13395.0 15037.0 15587.0 1 0.0950985244132067
0 1 0 0 1 1 1 1 1 0 0 1 1 1 1 1 1 1 0 0 1 0 0 1 1 0 1 0 1 1 0 1 1 0 1 0 1 1 1 1 15183.0 13381.0 15052.0 15881.0 1 0.09387117979201909
0 1 0 0 1 1 1 1 1 0 0 1 1 1 1 1 1 1 0 0 1 0 0 1 1 0 1 0 1 1 0 0 1 1 1 0 1 1 1 1 15814.0 13203.0 15477.0 15596.0 1 0.09363242566666333
1 1 0 0 1 0 1 1 0 0 1 1 1 0 1 1 0 1 1 0 1 1 1 1 0 0 1 0 1 1 0 0 1 1 1 0 1 1 1 1 15843.0 11102.0 16601.0 14252.0 1 0.09203073568755105
1 1 0 0 1 0 1 1 0 0 1 1 1 0 1 1 0 1 1 1 1 1 0 1 1 0 1 0 1 1 0 0 1 0 1 0 1 1 1 1 15859.0 11629.0 16562.0 14651.0 1 0.08934655028454984
0 1 0 0 1 0 1 1 1 0 0 1 0 1 1 0 1 1 0 0 1 1 1 1 1 0 1 0 1 1 0 0 1 1 1 0 1 1 1 1 14458.0 12711.0 16102.0 15000.0 1 0.0886391438788845
1 1 0 1 1 1 1 1 1 0 0 1 0 1 0 1 0 1 1 0 0 1 0 1 1 0 1 0 0 0 0 0 1 1 1 0 1 1 1 1 16118.0 12233.0 15507.0 13747.0 1 0.08714304144402302
0 1 0 0 1 1 1 1 1 0 0 1 1 1 1 1 1 1 0 0 1 0 1 1 1 0 1 0 0 1 0 0 1 1 1 0 1 1 1 1 15440.0 12728.0 15939.0 15632.0 1 0.08567432680432374
0 1 0 0 1 1 1 1 1 0 1 1 0 0 1 1 0 1 1 1 1 0 1 1 1 0 1 0 0 1 0 0 1 1 1 0 1 1 1 1 15384.0 12090.0 16126.0 15645.0 1 0.08489091882527092
0 1 0 0 1 1 1 1 1 0 0 0 1 1 0 0 0 1 1 0 1 1 0 1 1 0 1 0 1 1 0 1 1 1 1 0 1 1 1 1 15281.0 12791.0 14193.0 16189.0 1 0.08102607014107369
1 1 0 0 1 0 1 1 1 0 0 1 1 1 1 1 1 1 0 0 1 1 0 1 1 0 1 0 1 1 0 0 1 1 1 0 0 1 1 1 15794.0 12203.0 16047.0 15126.0 1 0.0800047031214926
1 1 0 0 1 0 1 1 1 0 0 1 1 1 1 1 0 0 1 1 1 1 1 1 1 0 1 0 0 0 0 1 1 1 1 0 1 1 1 1 16159.0 11196.0 15955.0 15348.0 1 0.07590242009544401
0 1 0 1 1 1 1 1 0 0 0 1 1 1 0 1 0 0 1 0 1 1 0 1 1 0 1 0 0 1 0 1 1 1 1 0 1 1 1 1 16557.0 11390.0 14684.0 15027.0 1 0.07392417161591261
0 1 0 1 1 1 1 1 0 0 0 0 1 1 1 1 0 1 1 0 1 0 0 1 1 0 1 0 0 1 1 0 1 1 1 0 1 1 1 1 16026.0 12370.0 15412.0 15754.0 1 0.06968082950884646
0 1 0 0 1 1 1 1 1 0 0 1 1 1 1 1 0 0 1 1 1 1 1 1 1 0 1 0 0 0 0 1 1 1 1 0 1 1 1 1 16130.0 11388.0 15374.0 15978.0 1 0.06944775159259395
1 1 0 0 1 1 1 1 0 0 0 0 1 1 1 1 0 1 0 0 1 0 0 1 1 0 1 0 1 1 1 0 1 1 1 0 1 1 1 1 16034.0 12533.0 15485.0 15037.0 1 0.06644436204467523
1 1 0 0 1 1 1 1 1 0 0 1 1 1 1 0 1 1 0 0 1 1 0 1 1 0 1 0 0 0 0 0 1 1 1 0 1 1 1 1 15609.0 12409.0 16009.0 14528.0 1 0.0664309666590116
1 1 0 0 1 1 1 1 1 0 0 1 1 1 1 0 1 1 0 0 1 1 0 1 0 0 1 0 1 1 0 0 1 1 1 0 1 1 1 1 15685.0 12766.0 15722.0 15162.0 1 0.06493002924236624
1 1 0 0 1 1 1 1 1 0 0 1 1 1 0 1 0 1 1 1 1 1 0 1 0 0 1 0 1 1 0 1 1 0 1 0 1 1 1 1 16108.0 12507.0 14882.0 15916.0 1 0.06488224657626966
1 1 0 1 1 1 1 1 1 0 0 1 0 1 0 1 0 1 1 1 0 1 0 1 1 0 1 0 0 1 0 0 1 0 1 0 1 1 1 1 15836.0 12642.0 15643.0 14816.0 1 0.06487681823548588
1 1 0 0 1 1 1 1 1 0 0 1 1 1 0 0 0 1 1 1 1 0 0 1 1 0 1 0 0 0 1 0 1 1 1 0 1 1 1 1 16064.0 12437.0 15150.0 14625.0 1 0.06412589556104037
0 1 0 0 1 1 1 1 1 0 0 1 0 0 1 1 0 1 1 0 1 0 1 1 1 0 1 0 1 1 0 1 1 1 1 0 1 1 1 1 15176.0 12804.0 15102.0 16015.0 1 0.06333203753728231
1 0 0 0 1 0 1 1 1 0 1 1 0 1 0 1 0 1 0 0 1 1 0 1 1 0 1 0 1 1 0 1 1 1 1 0 1 1 1 1 16147.0 11906.0 15535.0 13805.0 1 0.0610749621700878
1 1 0 0 1 1 1 1 0 0 0 0 1 1 1 1 0 1 0 0 1 1 0 1 1 0 1 0 1 1 0 0 1 1 1 0 1 1 1 1 15823.0 12030.0 15636.0 15250.0 1 0.06019659457743881
1 1 0 0 1 1 1 1 1 0 1 1 1 1 1 1 0 1 1 0 1 1 0 1 0 0 1 0 0 0 1 0 1 1 1 0 1 1 1 0 16508.0 11248.0 15674.0 14166.0 1 0.05900403724486767
0 1 0 1 1 1 1 1 1 0 1 1 0 1 0 1 0 1 0 0 1 1 0 1 1 0 1 0 0 0 0 0 1 1 1 0 1 1 1 1 15673.0 12326.0 16091.0 13878.0 1 0.05689223437576824
1 1 0 0 1 1 1 1 1 0 0 1 1 1 0 0 0 1 1 1 1 0 0 1 1 0 1 0 0 1 0 1 1 1 1 0 1 1 1 1 15910.0 12713.0 14938.0 16112.0 1 0.05421208449774659
1 1 0 0 1 0 1 1 1 0 0 1 1 1 1 1 0 1 1 0 1 1 0 1 1 0 1 0 1 1 0 0 1 1 1 0 1 1 0 1 16454.0 12350.0 15141.0 15930.0 1 0.0535722865527197
1 1 0 0 1 0 1 1 1 0 0 1 1 1 0 0 0 1 1 0 1 1 0 1 1 0 1 0 1 1 0 1 1 1 1 0 1 1 1 1 16034.0 12853.0 15294.0 15585.0 1 0.05305782961517701
