0 1 0 0 1 1 1 1 1 0 0 1 1 1 1 1 0 1 1 1 1 0 1 1 1 0 1 0 0 1 0 1 1 1 1 0 1 1 1 1 16067.0 12761.0 15837.0 17381.0 0 1000000000000000.1
1 1 0 0 1 1 1 1 1 0 0 1 1 1 1 1 0 1 1 1 1 1 0 1 1 0 1 0 0 1 0 1 1 1 1 0 1 1 0 1 17276.0 12670.0 15415.0 17349.0 0 0.051550815597609885
0 1 0 0 1 1 1 1 1 0 0 1 1 1 1 1 0 1 1 1 1 0 0 1 1 0 1 0 1 1 0 1 1 1 1 0 1 1 1 1 16441.0 13236.0 15375.0 17345.0 0 0.05959451921647441
0 1 0 1 1 1 1 1 1 0 0 0 1 1 1 0 0 1 1 1 1 0 0 1 1 0 1 0 1 1 0 1 1 0 1 0 1 1 1 1 14514.0 13747.0 15058.0 17318.0 0 1000000000000000.1
1 1 0 0 1 1 1 1 1 0 0 1 1 1 1 1 0 1 1 1 1 0 0 1 1 0 1 0 1 1 0 1 1 0 1 0 1 1 1 1 16360.0 13555.0 15648.0 17211.0 0 0.1346687625066221
0 1 0 0 1 1 1 1 1 0 1 1 1 1 1 1 0 1 1 1 1 1 0 1 1 0 1 0 0 1 0 1 1 0 1 0 1 1 1 1 16494.0 12684.0 16178.0 17126.0 0 0.04734563395292869
1 1 0 0 1 1 1 1 1 0 0 1 1 1 1 1 0 1 1 1 1 1 0 1 1 0 1 0 0 1 0 1 1 0 1 0 1 1 1 1 16575.0 12784.0 15943.0 17081.0 0 0.11448389913960721
1 1 0 0 1 1 1 1 0 0 0 1 1 1 1 1 0 1 1 1 1 0 0 1 1 0 1 0 1 1 0 1 1 1 1 0 1 1 1 1 17106.0 12884.0 15991.0 16857.0 0 0.1466391857700135
1 1 0 0 1 1 1 1 1 0 1 0 1 1 1 1 0 1 1 1 1 1 0 1 0 0 1 0 0 1 0 1 1 1 1 0 1 1 1 1 16698.0 12135.0 16057.0 16852.0 0 0.07554644910508213
0 1 0 0 1 1 1 1 1 0 0 1 1 1 1 1 0 1 0 1 1 1 1 1 1 0 1 0 0 1 0 1 1 1 1 0 1 1 1 1 15978.0 12637.0 16428.0 16826.0 0 0.14999870750527272
1 1 0 0 1 0 1 1 1 0 0 1 1 1 1 1 0 1 1 1 1 0 0 1 1 0 1 0 1 1 0 1 1 1 1 0 1 1 1 1 16470.0 13044.0 15956.0 16715.0 0 0.08757578135367472
0 1 0 1 1 0 1 1 1 0 0 1 1 1 1 1 0 1 1 1 1 0 0 1 1 0 1 0 1 1 0 1 1 0 1 0 1 1 1 1 15246.0 13335.0 15721.0 16690.0 0 0.2090758763040801
1 1 0 0 1 0 1 1 1 0 0 1 1 1 1 1 1 1 1 1 1 0 0 1 1 0 1 0 1 1 0 1 1 0 1 0 1 1 1 1 16155.0 13507.0 16032.0 16520.0 0 0.13410375762530652
1 1 0 0 1 0 1 1 1 0 1 1 1 1 1 1 0 1 1 1 1 1 0 1 1 0 1 0 0 1 0 1 1 0 1 0 1 1 1 1 16523.0 12492.0 16759.0 16496.0 0 0.08606108326951077
0 1 0 1 1 0 1 1 1 0 0 0 1 1 1 1 0 1 0 1 1 1 1 1 1 0 1 0 0 1 0 1 1 1 1 0 1 1 1 1 14971.0 12675.0 16712.0 16462.0 0 0.1396096632561994
1 1 0 0 1 0 1 1 1 0 0 1 1 1 1 1 1 1 1 1 1 0 0 1 1 0 1 0 0 1 0 1 1 1 1 0 1 1 1 1 16617.0 12840.0 16188.0 16417.0 0 0.05892676031249445
1 1 0 0 0 1 1 1 1 0 0 1 1 1 0 1 0 1 1 1 1 0 0 1 1 0 1 0 1 1 0 1 1 1 1 0 1 1 1 1 16585.0 12984.0 15327.0 16389.0 0 0.09635532899931386
0 1 0 0 1 1 1 1 1 0 1 1 0 1 1 1 0 1 0 1 1 0 0 1 1 0 1 0 1 1 0 1 1 1 1 0 1 1 1 1 15952.0 13211.0 16042.0 16358.0 0 0.10372706766831515
1 1 0 0 1 1 1 1 1 0 0 1 0 1 0 1 0 1 1 1 1 0 0 1 1 0 1 0 1 1 0 1 1 1 1 0 1 1 1 1 16685.0 13387.0 15240.0 16321.0 0 0.0759619000493541
1 1 0 0 1 0 1 1 1 0 1 1 0 1 1 1 0 1 1 1 1 0 0 1 1 0 1 0 1 1 0 1 1 0 1 0 1 1 1 1 15823.0 13039.0 16171.0 16256.0 0 0.19159017529587272
0 1 0 0 1 1 1 1 1 0 0 1 1 1 1 1 1 1 0 0 1 0 0 1 1 0 1 0 1 1 0 1 1 1 1 0 1 1 1 1 16095.0 13574.0 15510.0 16198.0 0 0.057816991328641515
1 1 0 0 1 0 1 1 1 0 0 1 1 1 1 1 0 1 0 1 1 1 1 1 1 0 1 0 0 1 0 1 1 1 1 0 1 1 1 1 16007.0 12445.0 17009.0 16196.0 0 0.08533570134398757
1 1 0 1 1 0 1 1 1 0 0 0 1 1 1 0 0 1 1 1 1 0 0 1 1 0 1 0 1 1 0 1 1 1 1 0 1 0 1 1 14778.0 13576.0 15119.0 16161.0 0 0.20819784641669353
1 1 0 0 1 0 1 1 0 0 1 1 1 1 1 1 0 1 1 1 1 1 0 1 1 0 1 0 0 1 0 1 1 1 1 0 1 1 1 1 17269.0 11821.0 17102.0 16142.0 0 0.09961696006605066
0 1 0 1 1 0 1 1 1 0 0 1 0 1 1 1 0 1 0 1 1 1 1 1 1 0 1 0 0 1 0 1 1 1 1 0 1 1 1 1 15210.0 12705.0 16939.0 16118.0 0 0.09128343793590762
0 1 0 1 1 1 1 1 1 0 0 0 1 1 0 1 0 1 1 1 1 0 0 1 1 0 1 0 1 1 0 1 1 1 1 0 1 0 1 1 15457.0 13669.0 14258.0 16113.0 0 1000000000000000.0
1 1 0 0 1 1 1 1 1 0 0 1 1 1 0 1 0 1 1 1 1 0 0 1 1 0 1 0 1 1 0 0 1 1 1 0 1 1 1 1 16889.0 13240.0 15500.0 16089.0 0 0.11018350773782465
1 1 0 0 1 1 1 1 1 0 0 1 1 1 0 1 0 1 1 1 1 1 0 1 1 0 1 0 1 1 0 0 1 0 1 0 1 1 1 1 16642.0 13136.0 15639.0 16062.0 0 0.09118459491279433
0 1 0 0 1 1 1 1 0 0 1 1 1 1 1 1 0 1 0 1 1 0 0 1 1 0 1 0 1 1 0 1 1 1 1 0 1 1 1 1 16271.0 12571.0 16220.0 16057.0 0 0.07043256859544454
0 1 0 0 1 1 1 1 1 0 0 1 1 1 1 1 1 1 0 1 1 0 1 1 1 0 1 0 0 1 0 0 1 1 1 0 1 1 1 1 15629.0 12833.0 16332.0 16056.0 0 0.09976289990472693
1 1 0 1 1 0 1 1 1 0 0 0 1 1 1 0 0 1 0 1 1 1 0 1 1 0 1 0 0 1 0 1 1 1 1 0 1 1 1 1 14916.0 12764.0 16386.0 16030.0 0 0.1153663801219202
1 1 0 0 1 0 1 1 1 0 0 1 1 1 1 1 1 1 0 1 1 1 0 1 1 0 1 0 1 1 0 1 1 0 1 0 1 1 1 1 16066.0 13383.0 16623.0 15965.0 0 0.13739589117686385
1 1 0 0 1 1 1 1 1 0 0 1 1 1 1 1 1 1 0 0 1 0 0 1 1 0 1 0 0 1 0 1 1 1 1 0 1 1 1 1 16476.0 13226.0 15939.0 15961.0 0 0.03061896453327335
0 1 0 0 1 0 1 1 0 0 1 1 1 1 1 1 0 1 1 1 1 0 1 1 1 0 1 0 1 1 0 0 1 1 1 0 1 1 1 1 16018.0 12094.0 16807.0 15943.0 0 0.08008531890831697
1 1 0 0 1 1 1 1 1 0 1 1 1 1 1 1 0 1 1 1 1 1 0 1 0 0 1 0 0 0 0 1 1 1 1 0 1 1 1 1 16981.0 11892.0 16376.0 15916.0 0 0.07287368539926746
0 1 0 0 1 1 1 1 1 0 0 1 1 1 0 1 0 1 1 1 1 1 0 1 1 0 1 0 0 1 1 0 1 1 1 0 1 1 1 1 17149.0 12549.0 15510.0 15853.0 0 0.061953832587223145
1 1 0 0 1 1 1 1 1 0 0 1 1 1 0 1 0 1 1 1 1 0 0 1 1 0 1 0 1 1 0 1 1 1 1 0 1 0 1 1 16493.0 13439.0 14555.0 15847.0 0 0.2968305860740672
1 1 0 0 1 1 1 1 1 0 0 1 1 1 0 1 0 1 0 1 1 0 0 1 1 0 1 0 1 1 0 1 1 1 1 0 1 1 1 1 16416.0 13398.0 15527.0 15846.0 0 0.0686058263547613
1 1 0 0 1 0 1 1 1 0 1 1 1 1 1 1 0 1 1 0 1 1 0 1 1 0 1 0 0 1 0 0 1 1 1 0 1 1 1 1 16965.0 12209.0 16791.0 15787.0 0 0.07816026759912267
1 1 0 0 1 0 1 1 0 0 1 1 1 1 1 1 0 1 1 1 1 0 0 1 1 0 1 0 1 1 0 0 1 1 1 0 1 1 1 1 16773.0 12221.0 16774.0 15670.0 0 0.14516897618666344
1 1 0 0 1 1 1 1 1 0 0 1 1 1 1 1 1 1 0 1 1 0 0 1 1 0 1 0 1 1 0 1 1 0 1 0 1 0 1 1 15526.0 13826.0 15198.0 15644.0 0 0.1408340117974334
0 1 0 1 1 0 1 1 0 0 1 1 1 1 1 1 0 1 0 1 1 1 0 1 1 0 1 0 0 1 0 1 1 1 1 0 1 1 1 1 16203.0 12092.0 17319.0 15589.0 0 1000000000000000.0
1 1 0 0 1 0 1 1 0 0 1 1 1 1 1 1 0 1 1 0 1 1 0 1 1 0 1 0 1 1 0 0 1 1 1 0 1 1 0 1 17038.0 11898.0 15992.0 15487.0 0 0.11318285626519134
1 1 0 0 1 0 1 1 0 0 1 1 1 1 0 1 0 1 1 1 1 0 0 1 1 0 1 0 1 1 0 1 1 1 1 0 1 1 1 1 16952.0 12455.0 16234.0 15435.0 0 0.05214478236500139
1 1 0 0 1 0 1 1 0 0 1 1 1 1 1 1 0 1 0 1 1 0 0 1 1 0 1 0 1 1 0 1 1 1 1 0 1 1 1 1 16300.0 12379.0 16801.0 15427.0 0 0.061157093168042326
1 1 0 0 1 0 1 1 1 0 0 1 1 1 1 1 1 1 0 1 1 0 1 1 1 0 1 0 0 1 0 0 1 1 1 0 1 1 1 1 15658.0 12641.0 16913.0 15426.0 0 0.1149009466260051
1 1 0 0 1 0 1 1 0 0 1 1 1 1 0 1 0 1 1 1 1 1 0 1 1 0 1 0 1 1 0 1 1 0 1 0 1 1 1 1 16705.0 12351.0 16373.0 15408.0 0 0.10102742273101846
1 1 0 0 1 0 1 1 0 0 1 1 1 1 1 1 0 1 1 1 1 0 0 1 1 0 1 0 0 1 1 0 1 1 1 0 1 1 1 1 17199.0 11953.0 16918.0 15327.0 0 0.1002195050364181
1 1 0 0 1 1 1 1 1 0 0 1 1 1 0 1 0 1 1 1 1 1 0 1 0 0 1 0 0 1 1 0 1 1 1 0 1 1 1 1 17165.0 12061.0 15451.0 15288.0 0 0.08589357712266886
0 1 0 1 1 0 1 1 0 0 1 1 1 1 1 1 0 1 0 0 1 1 0 1 1 0 1 0 1 1 0 1 1 0 1 0 1 1 1 1 15552.0 12654.0 16770.0 15268.0 0 0.083392281097226
1 1 0 0 1 0 1 1 1 0 0 1 1 1 0 1 1 1 0 1 1 0 0 1 1 0 1 0 1 1 0 1 1 1 1 0 1 1 1 1 16211.0 13350.0 15911.0 15155.0 0 0.10040716698172113
0 1 0 1 1 1 1 1 1 0 0 1 0 1 0 1 1 1 0 0 1 0 0 1 1 0 1 0 1 1 0 1 1 0 1 0 1 1 1 1 15115.0 14016.0 15140.0 15149.0 0 1000000000000000.1
1 1 0 0 1 0 1 1 1 0 1 1 1 1 1 1 0 1 0 1 1 1 1 1 1 0 1 0 0 0 0 1 1 0 1 0 1 1 1 1 15404.0 12167.0 17316.0 15145.0 0 0.19284849593760534
1 1 0 1 1 1 1 1 1 0 0 1 0 1 0 1 1 1 0 0 1 0 0 1 1 0 1 0 0 1 0 1 1 0 1 0 1 1 1 1 15496.0 13668.0 15569.0 14912.0 0 0.19625820553385898
1 1 0 0 1 0 1 1 0 0 1 1 1 1 1 1 0 1 0 0 1 1 0 1 1 0 1 0 1 1 0 0 1 1 1 0 1 1 1 1 16495.0 11992.0 16972.0 14691.0 0 0.18913544924197317
1 1 0 0 1 0 1 1 0 0 1 1 1 1 1 1 0 0 1 0 1 1 0 1 1 0 1 0 0 1 1 0 1 1 1 0 1 1 0 1 17303.0 10665.0 15277.0 14413.0 0 0.5437221893428487
1 1 0 0 1 0 1 1 0 0 1 1 1 1 1 1 1 1 0 0 1 1 0 1 1 0 1 0 0 1 0 0 1 1 1 0 1 1 1 1 16642.0 11788.0 17204.0 14393.0 0 0.11530958048666003
1 1 0 0 1 0 1 1 0 0 1 1 1 1 1 1 0 1 0 0 1 1 0 1 1 0 1 0 0 1 1 0 1 1 1 0 1 1 1 1 16921.0 11724.0 17116.0 14348.0 0 0.5306214918206925
1 1 0 0 1 0 1 1 0 0 1 1 1 1 0 1 0 1 0 0 1 0 0 1 1 0 1 0 1 1 1 0 1 1 1 0 1 1 1 1 16604.0 12358.0 16248.0 13641.0 0 0.2669515355151158
1 0 0 0 1 0 1 1 0 0 1 1 1 1 1 1 0 0 1 0 1 1 0 1 1 0 1 0 0 1 1 0 1 1 1 0 1 1 1 1 17306.0 10012.0 15544.0 13510.0 0 3000000000000000.0
1 0 0 0 1 0 1 1 0 0 1 1 1 1 0 1 0 0 1 0 1 1 0 1 1 0 1 0 1 1 0 1 1 1 1 0 1 1 1 1 17059.0 10514.0 14860.0 13618.0 1 2000000000000000.2
1 1 0 0 1 0 1 1 0 0 1 1 1 1 1 1 0 1 1 1 1 1 1 1 1 0 1 0 0 0 0 1 1 0 1 0 1 1 1 1 15992.0 11516.0 17207.0 15319.0 1 1000000000000000.1
0 1 0 0 1 1 1 1 0 0 1 1 1 1 1 1 0 0 1 0 1 1 0 1 1 0 1 0 0 1 1 0 1 1 1 0 1 1 0 1 17274.0 10857.0 14696.0 15043.0 1 1000000000000000.1
0 1 0 1 1 1 1 1 1 0 0 1 0 1 0 1 1 1 0 0 1 0 0 0 1 0 1 0 1 1 0 1 1 0 1 0 1 1 1 1 14231.0 13962.0 14329.0 14298.0 1 1000000000000000.1
0 1 0 0 1 1 1 1 1 0 0 1 1 1 1 1 0 1 1 1 1 0 1 1 1 0 1 0 0 1 0 1 1 1 1 0 1 1 0 1 15856.0 12454.0 14851.0 17332.0 1 1000000000000000.0
0 1 0 1 1 0 1 1 1 0 0 0 1 1 1 1 1 1 0 1 1 0 1 1 1 0 1 0 0 1 0 0 1 0 1 0 1 1 1 1 13710.0 12678.0 16158.0 15375.0 1 1000000000000000.0
0 1 0 1 1 1 1 0 1 0 0 1 1 1 0 1 0 1 1 1 1 0 0 1 1 0 1 0 1 1 0 1 1 1 1 0 1 0 1 1 15203.0 13699.0 13917.0 15304.0 1 1000000000000000.0
1 1 0 1 1 0 1 1 0 0 1 1 1 1 0 1 0 1 1 0 1 0 0 1 1 0 1 0 0 1 0 0 1 1 1 0 1 1 1 1 16551.0 12115.0 16460.0 14464.0 1 0.316532072767337
1 1 0 0 1 0 1 1 0 0 1 1 1 1 1 0 0 1 0 0 1 1 0 1 1 0 1 0 0 1 1 0 1 1 1 0 1 1 1 1 16111.0 11686.0 16823.0 14189.0 1 0.3156528857139599
0 1 0 1 1 0 1 1 0 0 1 1 1 1 1 1 0 1 0 0 1 1 0 1 1 0 1 0 0 0 1 0 1 1 1 0 1 1 1 1 16168.0 11711.0 17138.0 13678.0 1 0.3075656823235474
0 1 0 1 1 1 1 1 1 0 0 0 1 1 1 0 0 1 0 1 1 0 1 1 1 0 1 0 0 1 0 0 1 1 1 0 1 1 1 1 14017.0 12881.0 15939.0 16224.0 1 0.2717730420635725
1 1 0 0 1 0 1 1 0 0 1 1 1 1 1 1 0 1 1 0 1 1 0 1 1 0 1 0 0 1 0 0 1 1 1 0 1 1 1 1 16799.0 11345.0 16676.0 15116.0 1 0.24233895796947735
1 1 0 0 1 0 1 1 1 0 1 1 1 1 1 1 0 1 1 0 1 0 0 1 1 0 1 0 0 1 0 0 1 1 1 0 1 1 1 1 16300.0 12120.0 16194.0 15497.0 1 0.22334277167916614
0 1 0 1 1 1 1 1 1 0 0 1 1 1 0 1 0 1 1 1 1 0 0 1 1 0 1 0 1 1 0 1 1 0 0 0 1 1 1 1 15147.0 13535.0 14312.0 16590.0 1 0.20010413737633903
0 1 0 1 1 1 1 1 1 0 0 1 0 1 0 1 1 1 0 0 1 0 0 1 1 0 1 0 1 1 0 1 1 0 1 0 1 1 0 1 14904.0 13709.0 14154.0 15100.0 1 0.19936728797795855
0 1 0 1 1 1 1 1 1 0 0 0 1 1 1 0 0 1 1 0 1 0 0 1 1 0 1 0 1 1 0 1 1 0 1 0 1 1 1 1 14325.0 13642.0 14665.0 16894.0 1 0.19769252441905383
1 1 0 0 1 0 1 1 0 0 1 1 1 1 1 1 0 1 1 1 1 1 0 1 0 0 1 0 0 1 1 0 1 1 1 0 1 1 1 1 17049.0 11042.0 16725.0 14869.0 1 0.1904577736472427
1 1 0 0 1 0 1 1 0 0 1 1 1 1 1 1 0 1 1 1 1 0 0 1 1 0 1 0 0 1 0 1 1 0 1 0 1 1 1 1 15692.0 11539.0 16047.0 15535.0 1 0.1898063975094768
1 1 0 0 1 1 1 1 1 0 0 1 1 1 0 1 0 1 1 1 1 0 0 1 1 0 1 0 1 1 0 1 1 0 1 0 1 1 1 1 16258.0 13418.0 15075.0 16374.0 1 0.17656148629376792
1 1 0 1 1 0 1 1 1 0 0 0 0 1 1 0 0 1 1 1 1 0 0 1 1 0 1 0 1 1 0 0 1 1 1 0 1 1 1 1 14689.0 13153.0 15771.0 16033.0 1 0.16695175499314258
0 1 0 1 1 0 1 1 0 0 1 1 1 1 1 1 0 1 0 0 1 1 0 1 1 0 1 0 0 1 0 1 1 1 1 0 1 1 1 1 16014.0 11987.0 16926.0 15165.0 1 0.15974451107764362
0 1 0 0 1 1 1 1 1 0 0 1 1 1 1 1 0 1 1 1 1 0 1 1 1 0 1 0 0 1 0 1 1 1 1 0 0 1 1 1 15353.0 11864.0 15229.0 17251.0 1 0.15926327626086437
0 1 0 0 1 1 1 1 1 0 0 0 1 1 1 1 0 1 1 1 1 1 0 1 1 0 1 0 0 1 0 1 1 1 1 0 1 1 1 1 15932.0 12211.0 15150.0 17189.0 1 0.15324750493081485
0 1 0 0 1 0 1 1 1 0 1 1 0 1 1 0 0 1 1 1 1 0 0 1 1 0 1 1 1 1 0 1 1 0 1 0 1 1 1 1 14357.0 13202.0 15833.0 16269.0 1 0.15211263614648096
1 1 0 1 1 0 1 1 1 0 0 0 1 1 1 0 0 1 1 1 1 0 0 1 1 0 1 0 1 1 0 1 1 0 1 0 1 1 1 1 14543.0 13555.0 15639.0 16688.0 1 0.14819534423952258
0 1 0 1 0 1 1 1 1 0 0 0 1 1 1 0 0 1 1 1 1 0 1 1 1 0 1 0 0 1 0 0 1 1 1 0 1 1 1 1 14186.0 12467.0 15739.0 16767.0 1 0.13931107409076926
0 1 0 1 1 1 1 1 1 0 0 1 0 1 0 1 1 1 0 0 1 0 0 1 1 0 1 0 1 1 0 0 1 0 1 0 1 1 1 1 14834.0 13645.0 15107.0 14547.0 1 0.1365406049625178
0 1 0 1 1 1 1 1 1 0 0 1 0 1 0 1 0 1 1 0 1 0 0 1 1 0 1 0 1 1 0 1 1 1 1 0 1 0 1 1 15507.0 13594.0 14092.0 15345.0 1 0.1330558221316841
1 1 0 0 1 1 1 1 1 0 0 1 1 1 1 0 0 1 1 1 1 0 0 1 1 0 1 0 1 1 0 1 1 0 1 0 1 1 1 1 15550.0 13517.0 15355.0 17052.0 1 0.13143240668660755
0 1 0 0 1 1 1 1 1 0 0 1 1 1 1 1 0 1 1 1 1 0 1 1 1 0 1 0 1 1 0 0 1 0 1 0 1 1 1 1 15324.0 13057.0 15648.0 16882.0 1 0.13111988961904403
1 1 0 0 1 1 1 1 0 0 0 0 0 1 1 1 0 1 0 1 1 1 1 1 1 0 1 0 1 1 0 1 1 0 1 0 1 1 1 1 14972.0 12474.0 16075.0 16045.0 1 0.12666336838008374
1 1 0 0 1 0 1 1 0 0 1 1 1 1 1 0 0 1 1 1 1 0 0 1 1 0 1 0 1 1 0 1 1 0 1 0 1 1 1 1 15332.0 12361.0 16056.0 15796.0 1 0.1253706551329909
1 1 0 0 1 1 1 1 1 0 0 1 0 1 0 1 0 1 1 1 1 1 0 1 1 0 1 0 0 1 0 1 1 1 1 0 1 1 1 1 16900.0 12616.0 15535.0 16191.0 1 0.12325778902377837
1 1 0 0 1 1 1 1 1 0 0 1 1 1 1 1 0 1 1 0 1 1 0 1 1 0 1 0 0 1 0 0 1 1 1 0 1 1 1 1 17017.0 12501.0 15975.0 16372.0 1 0.12142246512204083
1 1 0 0 1 0 1 1 1 0 0 1 1 1 0 1 1 1 0 1 1 1 0 1 1 0 1 0 1 1 0 1 1 1 1 0 1 0 1 1 16199.0 13267.0 15530.0 14601.0 1 0.11872739002202212
1 1 0 0 1 0 1 1 1 0 1 1 1 1 1 1 0 1 0 0 1 0 1 1 1 0 1 0 0 1 0 0 1 1 1 0 1 1 1 1 15622.0 12292.0 16952.0 15108.0 1 0.11752787661836185
0 1 0 0 1 1 1 1 0 0 1 1 1 1 1 1 0 1 1 1 1 1 0 1 0 0 1 0 0 1 1 0 1 1 1 0 1 1 1 1 17020.0 11234.0 16144.0 15499.0 1 0.11620580311474611
0 1 0 0 1 1 1 1 1 0 0 1 1 1 1 1 0 1 1 1 1 0 1 1 1 0 1 0 0 1 0 1 1 0 1 0 1 1 1 1 15155.0 12568.0 15379.0 17064.0 1 0.11344513687591071
1 1 0 0 1 0 1 1 0 0 1 1 1 1 1 1 1 1 0 1 1 0 0 1 1 0 1 0 1 1 0 1 1 0 1 0 1 0 1 1 15308.0 12670.0 15899.0 14388.0 1 0.11200890445428259
1 1 0 1 1 1 1 1 1 0 0 1 0 1 1 1 1 1 0 0 1 0 0 1 1 0 1 0 0 0 0 1 1 0 1 0 1 1 1 1 15157.0 13308.0 15941.0 14787.0 1 0.10962070366834156
