0 1 0 0 1 1 1 1 1 0 0 1 1 1 1 1 0 1 1 1 1 0 1 1 1 0 1 0 1 1 0 1 1 0 1 0 1 1 1 1 15605.0 13428.0 15681.0 17484.0 0 1000000000000000.1
0 1 0 0 1 1 1 1 1 0 0 1 1 1 1 1 0 1 1 1 1 0 1 1 1 0 1 0 0 1 0 1 1 1 1 0 1 1 1 1 16067.0 12761.0 15837.0 17381.0 0 0.1273039556817863
1 1 0 0 1 1 1 1 1 0 0 1 1 1 1 1 0 1 1 1 1 1 0 1 1 0 1 0 0 1 0 1 1 1 1 0 1 1 0 1 17276.0 12670.0 15415.0 17349.0 0 0.06420301816579764
0 1 0 0 1 1 1 1 1 0 0 1 1 1 1 1 0 1 1 1 1 0 0 1 1 0 1 0 1 1 0 1 1 1 1 0 1 1 1 1 16441.0 13236.0 15375.0 17345.0 0 0.05779150252979267
0 1 0 1 1 1 1 1 1 0 0 0 1 1 1 0 0 1 1 1 1 0 0 1 1 0 1 0 1 1 0 1 1 0 1 0 1 1 1 1 14514.0 13747.0 15058.0 17318.0 0 0.31592749699289757
0 1 0 0 1 1 1 1 1 0 0 1 1 1 1 1 0 1 1 1 1 1 0 1 1 0 1 0 0 1 0 1 1 1 1 0 1 1 1 1 16656.0 12465.0 15670.0 17215.0 0 0.06085475285311273
1 1 0 0 1 1 1 1 1 0 0 1 1 1 1 1 0 1 1 1 1 0 0 1 1 0 1 0 1 1 0 1 1 0 1 0 1 1 1 1 16360.0 13555.0 15648.0 17211.0 0 0.06700393969743876
0 1 0 0 1 1 1 1 1 0 1 1 1 1 1 1 0 1 1 1 1 1 0 1 1 0 1 0 0 1 0 1 1 0 1 0 1 1 1 1 16494.0 12684.0 16178.0 17126.0 0 0.04961191651546103
1 1 0 0 1 1 1 1 1 0 0 1 1 1 1 1 0 1 1 1 1 1 0 1 1 0 1 0 0 1 0 1 1 0 1 0 1 1 1 1 16575.0 12784.0 15943.0 17081.0 0 0.05383889456844179
1 1 0 0 1 1 1 1 1 0 0 1 0 1 1 1 0 1 1 1 1 1 0 1 1 0 1 0 0 1 0 1 1 1 1 0 1 1 1 1 17002.0 12753.0 16108.0 17028.0 0 0.08449001106196877
0 1 0 1 1 0 1 1 1 0 0 0 1 1 1 1 0 1 1 1 1 0 1 1 1 0 1 0 0 1 0 1 1 1 1 0 1 1 1 1 15060.0 12799.0 16121.0 17017.0 0 0.08376230748679941
0 1 0 1 1 1 1 1 1 0 0 1 0 1 1 0 0 1 1 1 1 0 0 1 1 0 1 0 1 1 0 1 1 0 1 0 1 1 1 1 14753.0 13777.0 15285.0 16974.0 0 0.1904921152472362
1 1 0 0 1 1 1 1 0 0 0 1 1 1 1 1 0 1 1 1 1 0 0 1 1 0 1 0 1 1 0 1 1 1 1 0 1 1 1 1 17106.0 12884.0 15991.0 16857.0 0 0.11611651811237683
1 1 0 1 1 0 1 1 1 0 0 0 1 1 1 1 0 1 1 1 1 0 0 1 1 0 1 0 1 1 0 1 1 0 1 0 1 1 1 1 15353.0 13593.0 15932.0 16847.0 0 0.0996880326515926
1 1 0 0 1 1 1 1 0 0 0 1 1 1 1 1 0 1 1 1 1 1 0 1 1 0 1 0 1 1 0 1 1 0 1 0 1 1 1 1 16859.0 12780.0 16130.0 16830.0 0 0.0646534310386296
0 1 0 0 1 1 1 1 1 0 0 1 1 1 1 1 0 1 0 1 1 1 1 1 1 0 1 0 0 1 0 1 1 1 1 0 1 1 1 1 15978.0 12637.0 16428.0 16826.0 0 0.05234861157148864
1 1 0 0 1 1 1 1 1 0 0 1 1 1 1 1 0 1 1 1 1 1 0 1 1 0 1 0 0 1 0 0 1 1 1 0 1 1 1 1 17206.0 12606.0 16368.0 16796.0 0 0.10173230224935186
1 1 0 0 1 1 1 1 0 0 0 1 1 1 1 1 0 1 1 1 1 1 0 1 1 0 1 0 0 1 0 1 1 1 1 0 1 1 1 1 17321.0 12113.0 16286.0 16727.0 0 0.12478701975994559
1 1 0 0 1 0 1 1 1 0 0 1 1 1 1 1 0 1 1 1 1 0 0 1 1 0 1 0 1 1 0 1 1 1 1 0 1 1 1 1 16470.0 13044.0 15956.0 16715.0 0 0.11145956747869462
1 1 0 0 1 0 1 1 1 0 0 1 1 1 1 1 1 1 1 1 1 0 0 1 1 0 1 0 1 1 0 1 1 0 1 0 1 1 1 1 16155.0 13507.0 16032.0 16520.0 0 0.12397512903700636
1 1 0 0 1 0 1 1 1 0 1 1 1 1 1 1 0 1 1 1 1 1 0 1 1 0 1 0 0 1 0 1 1 0 1 0 1 1 1 1 16523.0 12492.0 16759.0 16496.0 0 0.05214866781609606
0 1 0 1 1 0 1 1 1 0 0 0 1 1 1 1 0 1 0 1 1 1 1 1 1 0 1 0 0 1 0 1 1 1 1 0 1 1 1 1 14971.0 12675.0 16712.0 16462.0 0 0.0813981819891594
1 1 0 0 1 0 1 1 1 0 0 1 1 1 1 1 1 1 1 1 1 0 0 1 1 0 1 0 0 1 0 1 1 1 1 0 1 1 1 1 16617.0 12840.0 16188.0 16417.0 0 0.0564506810352176
1 1 0 0 1 1 1 1 1 0 0 1 1 1 1 1 0 1 0 1 1 0 0 1 1 0 1 0 1 1 1 1 1 0 1 0 1 1 0 1 16271.0 13627.0 15102.0 16394.0 0 0.07007511955024595
1 1 0 0 0 1 1 1 1 0 0 1 1 1 0 1 0 1 1 1 1 0 0 1 1 0 1 0 1 1 0 1 1 1 1 0 1 1 1 1 16585.0 12984.0 15327.0 16389.0 0 0.06547475505920719
0 1 0 1 1 1 1 1 1 0 0 0 1 1 1 1 0 1 0 1 1 0 1 1 1 0 1 0 0 1 0 0 1 1 1 0 1 1 1 1 14827.0 12919.0 16232.0 16383.0 0 0.12533686798289131
0 1 0 0 1 0 1 1 0 0 1 1 1 1 1 1 0 1 1 1 1 1 0 1 1 0 1 0 1 1 0 1 1 1 1 0 1 1 1 1 16888.0 12169.0 16673.0 16379.0 0 0.058681136132332695
0 1 0 0 1 1 1 1 1 0 1 1 0 1 1 1 0 1 0 1 1 0 0 1 1 0 1 0 1 1 0 1 1 1 1 0 1 1 1 1 15952.0 13211.0 16042.0 16358.0 0 0.09046177071614125
1 1 0 0 1 1 1 1 1 0 0 1 0 1 0 1 0 1 1 1 1 0 0 1 1 0 1 0 1 1 0 1 1 1 1 0 1 1 1 1 16685.0 13387.0 15240.0 16321.0 0 0.07161812442706202
0 1 0 0 1 1 1 1 1 0 0 1 1 1 1 1 1 1 1 1 1 0 0 0 1 0 1 0 1 1 0 1 1 0 1 0 1 1 1 1 15242.0 13645.0 14640.0 16299.0 0 0.23048058471339633
1 1 0 0 1 1 1 1 1 0 1 1 1 1 1 1 0 1 1 1 1 1 0 1 0 0 1 0 0 1 0 0 1 1 1 0 1 1 1 1 17141.0 12018.0 16544.0 16276.0 0 0.11526788225493734
1 1 0 0 1 0 1 1 1 0 1 1 0 1 1 1 0 1 1 1 1 0 0 1 1 0 1 0 1 1 0 1 1 0 1 0 1 1 1 1 15823.0 13039.0 16171.0 16256.0 0 0.09878955277902271
0 1 0 0 1 1 1 1 1 0 0 1 1 1 1 1 1 1 0 0 1 0 0 1 1 0 1 0 1 1 0 1 1 1 1 0 1 1 1 1 16095.0 13574.0 15510.0 16198.0 0 0.05165422388278729
1 1 0 0 1 0 1 1 1 0 0 1 1 1 1 1 0 1 0 1 1 1 1 1 1 0 1 0 0 1 0 1 1 1 1 0 1 1 1 1 16007.0 12445.0 17009.0 16196.0 0 0.08067488797883067
1 1 0 0 1 0 1 1 0 0 1 1 1 1 1 1 0 1 1 1 1 1 0 1 1 0 1 0 0 1 0 1 1 1 1 0 1 1 1 1 17269.0 11821.0 17102.0 16142.0 0 0.048352575574885544
1 1 0 0 1 1 1 1 1 0 0 1 1 1 1 1 0 1 1 1 1 1 0 1 0 0 1 0 0 1 1 0 1 1 1 0 1 1 1 1 17267.0 12198.0 16024.0 16125.0 0 0.05111188676633745
1 1 0 0 1 1 1 1 1 0 1 1 0 1 1 1 0 1 0 1 1 0 0 1 1 0 1 0 0 1 0 1 1 1 1 0 1 1 1 1 16333.0 12863.0 16471.0 16121.0 0 0.07147817233152756
0 1 0 1 1 0 1 1 1 0 0 1 0 1 1 1 0 1 0 1 1 1 1 1 1 0 1 0 0 1 0 1 1 1 1 0 1 1 1 1 15210.0 12705.0 16939.0 16118.0 0 0.061723775715519194
0 1 0 1 1 1 1 1 1 0 0 0 1 1 0 1 0 1 1 1 1 0 0 1 1 0 1 0 1 1 0 1 1 1 1 0 1 0 1 1 15457.0 13669.0 14258.0 16113.0 0 1000000000000000.0
1 1 0 0 1 1 1 1 1 0 0 1 1 1 0 1 0 1 1 1 1 0 0 1 1 0 1 0 1 1 0 0 1 1 1 0 1 1 1 1 16889.0 13240.0 15500.0 16089.0 0 0.08598450475995285
1 1 0 0 1 1 1 1 1 0 0 1 1 1 1 1 0 1 0 1 1 0 0 1 1 0 1 0 1 1 0 0 1 1 1 0 1 1 1 1 16237.0 13164.0 16067.0 16081.0 0 0.06138301189611855
1 1 0 0 1 1 1 1 1 0 0 1 1 1 0 1 0 1 1 1 1 1 0 1 1 0 1 0 1 1 0 0 1 0 1 0 1 1 1 1 16642.0 13136.0 15639.0 16062.0 0 0.07398773567699803
1 1 0 0 1 0 1 1 1 0 0 1 1 1 1 1 0 1 1 1 1 1 0 1 1 0 1 0 0 1 1 0 1 1 1 0 1 1 1 1 17280.0 12494.0 16664.0 16060.0 0 0.08078189833306422
1 1 0 0 1 0 1 1 1 0 0 1 1 1 1 1 1 1 0 1 1 1 0 1 1 0 1 0 1 1 0 1 1 0 1 0 1 1 1 1 16066.0 13383.0 16623.0 15965.0 0 0.08141433875911236
1 1 0 0 1 1 1 1 1 0 0 1 1 1 1 1 1 1 0 0 1 0 0 1 1 0 1 0 0 1 0 1 1 1 1 0 1 1 1 1 16476.0 13226.0 15939.0 15961.0 0 0.02444922431939596
0 1 0 0 1 0 1 1 0 0 1 1 1 1 1 1 0 1 1 1 1 0 1 1 1 0 1 0 1 1 0 0 1 1 1 0 1 1 1 1 16018.0 12094.0 16807.0 15943.0 0 0.07540238471439613
1 1 0 0 1 0 1 1 1 0 0 1 1 1 1 1 1 1 0 1 1 1 0 1 1 0 1 0 0 1 0 1 1 1 1 0 1 1 1 1 16528.0 12716.0 16779.0 15862.0 0 0.04840901217891001
1 1 0 0 1 1 1 1 1 0 0 1 1 1 0 1 0 1 1 1 1 0 0 1 1 0 1 0 1 1 0 1 1 1 1 0 1 0 1 1 16493.0 13439.0 14555.0 15847.0 0 0.07499013724091841
1 1 0 0 1 1 1 1 1 0 0 1 1 1 0 1 0 1 0 1 1 0 0 1 1 0 1 0 1 1 0 1 1 1 1 0 1 1 1 1 16416.0 13398.0 15527.0 15846.0 0 0.05150321062076922
1 1 0 0 1 1 1 1 1 0 0 1 1 1 1 1 0 1 0 1 1 0 0 1 1 0 1 0 1 1 1 0 1 0 1 0 1 1 1 1 16201.0 13563.0 16055.0 15841.0 0 0.032970065552354606
0 1 0 1 1 1 1 0 1 0 0 1 1 1 0 1 0 1 1 1 1 0 0 1 1 0 1 0 1 1 0 1 1 0 1 0 1 1 1 1 14968.0 13678.0 14437.0 15831.0 0 0.1799217901344864
1 1 0 0 1 0 1 1 1 0 1 1 1 1 1 1 0 1 1 0 1 1 0 1 1 0 1 0 0 1 0 0 1 1 1 0 1 1 1 1 16965.0 12209.0 16791.0 15787.0 0 0.04094560689287524
1 1 0 0 1 1 1 1 1 0 0 1 1 1 1 1 1 1 0 1 1 0 0 1 1 0 1 0 0 1 0 0 1 1 1 0 1 1 1 1 16384.0 12960.0 16299.0 15783.0 0 0.09525503466723018
1 1 0 0 1 0 1 1 0 0 1 1 1 1 1 1 0 1 1 1 1 0 0 1 1 0 1 0 1 1 0 0 1 1 1 0 1 1 1 1 16773.0 12221.0 16774.0 15670.0 0 0.13896853337617154
1 1 0 0 1 1 1 1 1 0 0 1 1 1 1 1 1 1 0 1 1 0 0 1 1 0 1 0 1 1 0 1 1 0 1 0 1 0 1 1 15526.0 13826.0 15198.0 15644.0 0 0.16408595767724896
0 1 0 1 1 0 1 1 0 0 1 1 1 1 1 1 0 1 0 1 1 1 0 1 1 0 1 0 0 1 0 1 1 1 1 0 1 1 1 1 16203.0 12092.0 17319.0 15589.0 0 0.058655398071417925
0 1 0 1 1 1 1 0 1 0 0 1 0 1 1 1 1 1 0 1 1 0 0 1 1 0 1 0 1 1 0 1 1 0 1 0 1 1 1 1 14428.0 14034.0 15245.0 15575.0 0 0.1285999141032564
1 1 0 0 1 0 1 1 1 0 0 1 1 1 1 1 1 1 0 0 1 0 0 1 1 0 1 0 1 1 0 1 1 1 1 0 1 1 1 1 16124.0 13382.0 16091.0 15568.0 0 0.044808480594006043
1 1 0 0 1 0 1 1 0 0 1 1 1 1 1 1 0 1 0 1 1 0 1 1 1 0 1 0 1 1 0 1 1 0 1 0 1 1 1 1 15464.0 12571.0 17107.0 15566.0 0 0.06200027866892631
1 1 0 0 1 0 1 1 1 0 1 1 1 1 1 1 0 1 0 1 1 0 1 1 1 0 1 0 0 1 0 0 1 1 1 0 1 1 1 1 15811.0 12397.0 17345.0 15532.0 0 1000000000000000.0
1 1 0 0 1 0 1 1 0 0 1 1 1 1 1 1 0 1 0 1 1 0 0 1 1 0 1 0 1 1 0 1 1 1 1 0 1 1 1 1 16300.0 12379.0 16801.0 15427.0 0 0.06997415069161408
1 1 0 0 1 0 1 1 1 0 0 1 1 1 1 1 1 1 0 1 1 0 1 1 1 0 1 0 0 1 0 0 1 1 1 0 1 1 1 1 15658.0 12641.0 16913.0 15426.0 0 0.06920401378036972
1 1 0 0 1 0 1 1 1 0 0 1 1 1 1 1 0 1 0 1 1 1 1 1 1 0 1 0 0 1 1 0 1 0 1 0 1 1 1 1 15690.0 12473.0 16964.0 15354.0 0 0.09249604444112788
1 1 0 0 1 0 1 1 0 0 1 1 1 1 1 1 0 1 1 1 1 0 0 1 1 0 1 0 0 1 1 0 1 1 1 0 1 1 1 1 17199.0 11953.0 16918.0 15327.0 0 0.08826384262947104
1 1 0 0 1 0 1 1 0 0 1 1 1 1 1 1 1 1 0 1 1 0 0 1 1 0 1 0 1 1 0 1 1 0 1 0 1 1 1 1 15985.0 12842.0 16877.0 15232.0 0 0.09547932085585842
1 1 0 0 1 0 1 1 1 0 0 1 1 1 0 1 1 1 0 1 1 0 0 1 1 0 1 0 1 1 0 1 1 1 1 0 1 1 1 1 16211.0 13350.0 15911.0 15155.0 0 0.10764594892842315
0 1 0 1 1 1 1 1 1 0 0 1 0 1 0 1 1 1 0 0 1 0 0 1 1 0 1 0 1 1 0 1 1 0 1 0 1 1 1 1 15115.0 14016.0 15140.0 15149.0 0 0.15848112948996512
0 1 0 1 1 1 1 0 1 0 0 1 1 1 1 1 1 1 0 1 1 0 0 1 1 0 1 0 1 1 0 1 1 0 1 0 1 0 1 1 14236.0 14086.0 14560.0 15101.0 0 2000000000000000.0
1 1 0 0 1 0 1 1 0 0 0 1 1 1 1 1 1 1 0 1 1 1 0 1 1 0 1 0 1 1 0 0 1 1 1 0 1 1 1 1 16531.0 12341.0 16933.0 15009.0 0 0.12136262909452274
1 1 0 1 1 1 1 1 1 0 0 1 0 1 0 1 1 1 0 0 1 0 0 1 1 0 1 0 0 1 0 1 1 0 1 0 1 1 1 1 15496.0 13668.0 15569.0 14912.0 0 0.1251367112959551
1 1 0 0 0 0 1 1 1 0 1 1 0 1 1 1 0 1 0 1 1 1 0 1 1 0 1 0 0 1 1 0 1 1 1 0 1 1 1 1 16206.0 11842.0 17125.0 14771.0 0 0.1135932311421548
1 1 0 0 1 0 1 1 0 0 1 1 1 1 1 1 0 1 0 0 1 1 0 1 1 0 1 0 1 1 0 0 1 1 1 0 1 1 1 1 16495.0 11992.0 16972.0 14691.0 0 0.07178936878350134
1 1 0 0 1 0 1 1 0 0 0 1 1 1 1 1 1 1 0 1 1 1 0 1 1 0 1 0 0 1 1 0 1 1 1 0 1 1 1 1 16957.0 12073.0 17077.0 14666.0 0 0.14276751563787055
1 1 0 0 1 0 1 1 0 0 1 1 0 1 1 1 0 1 0 1 1 1 0 1 1 0 1 0 0 1 1 0 1 1 1 0 1 1 1 1 16625.0 11605.0 17216.0 14402.0 0 0.3323459702531724
1 1 0 0 1 0 1 1 0 0 1 1 1 1 1 1 1 1 0 0 1 1 0 1 1 0 1 0 0 1 0 0 1 1 1 0 1 1 1 1 16642.0 11788.0 17204.0 14393.0 0 0.07999490926478937
1 1 0 0 1 0 1 1 0 0 1 1 1 1 1 1 0 1 0 0 1 1 0 1 1 0 1 0 0 1 1 0 1 1 1 0 1 1 1 1 16921.0 11724.0 17116.0 14348.0 0 0.1253011175051894
1 0 0 0 1 0 1 1 0 0 1 1 1 1 1 1 0 1 1 0 1 1 0 1 1 0 1 0 0 1 1 0 1 1 1 0 1 1 1 1 17467.0 10977.0 16403.0 14241.0 0 2000000000000000.2
1 1 0 0 1 0 1 1 0 0 1 1 1 1 1 1 1 1 0 1 1 0 0 1 1 0 1 0 0 0 1 0 1 1 1 0 1 1 1 1 16601.0 11899.0 17245.0 13642.0 0 1000000000000000.1
1 1 0 0 1 0 1 1 1 0 1 1 1 1 1 1 0 1 0 1 1 1 1 1 1 0 1 0 0 0 0 1 1 0 1 0 1 1 1 1 15404.0 12167.0 17316.0 15145.0 1 1000000000000000.2
1 1 0 0 1 0 1 1 0 0 1 1 0 1 0 1 0 1 0 1 1 1 0 1 1 0 1 0 0 1 1 0 1 1 1 0 1 1 1 1 16523.0 11468.0 16643.0 13565.0 1 1000000000000000.2
0 1 0 0 1 1 1 1 1 0 0 0 1 1 1 1 0 1 1 1 1 0 1 1 1 0 1 0 0 1 0 1 1 1 1 0 1 1 1 1 15343.0 12507.0 15317.0 17355.0 1 1000000000000000.1
0 1 0 1 1 1 1 1 1 0 0 0 1 1 1 0 0 1 0 1 1 0 1 1 1 0 1 0 0 1 0 0 1 1 1 0 1 1 1 1 14017.0 12881.0 15939.0 16224.0 1 1000000000000000.1
0 1 0 1 1 1 1 0 1 0 0 1 1 1 0 1 0 1 1 1 1 0 0 1 1 0 1 0 1 1 0 1 1 1 1 0 1 0 1 1 15203.0 13699.0 13917.0 15304.0 1 1000000000000000.1
0 1 0 1 1 1 1 0 1 0 0 1 1 1 0 1 1 1 0 0 1 0 0 1 1 0 1 0 1 1 0 1 1 0 1 0 1 1 1 1 14622.0 14016.0 14572.0 14684.0 1 1000000000000000.1
1 1 0 0 1 0 1 1 0 0 1 1 1 1 0 1 0 0 1 0 1 1 0 1 1 0 1 0 0 1 1 0 1 1 1 0 1 1 1 1 17412.0 10835.0 15690.0 13625.0 1 1000000000000000.1
1 1 0 0 1 0 1 1 0 0 1 1 1 1 1 1 0 0 1 0 1 1 0 1 1 0 1 0 0 1 1 0 1 1 1 0 1 1 0 1 17303.0 10665.0 15277.0 14413.0 1 1000000000000000.0
1 1 0 0 1 1 1 0 1 0 0 1 1 1 1 1 1 1 0 1 1 0 0 1 1 0 1 0 1 1 0 1 1 0 1 0 1 0 1 1 14548.0 13602.0 14337.0 14809.0 1 0.3785487755975214
1 0 0 0 1 0 1 1 0 0 1 1 1 1 1 1 0 1 0 1 1 1 1 1 1 0 1 0 0 1 1 0 1 0 1 0 1 1 1 1 16066.0 11061.0 17096.0 13959.0 1 0.3742891168211523
1 1 0 0 1 1 1 1 1 0 0 1 1 1 1 1 0 1 1 1 1 1 0 1 0 0 1 0 0 1 1 0 1 1 1 0 1 1 0 1 17056.0 11891.0 15038.0 16076.0 1 0.3639353897846904
1 1 0 0 1 1 1 1 1 0 0 1 1 1 1 1 0 1 1 1 1 1 0 1 1 0 1 0 0 0 0 0 1 1 1 0 1 1 1 1 16765.0 12109.0 16167.0 15834.0 1 0.3489950572250029
0 1 0 1 1 0 1 0 1 0 0 1 1 1 0 0 1 1 0 1 1 0 0 1 1 0 1 0 1 1 0 1 1 1 1 0 1 1 1 1 14111.0 13572.0 14980.0 14453.0 1 0.3115073565802046
1 1 0 0 1 0 1 1 0 0 1 1 1 1 1 1 0 1 1 0 1 1 0 1 1 0 1 0 0 0 1 0 1 1 1 0 1 1 1 1 17234.0 11440.0 16921.0 14231.0 1 0.28544460933466365
1 1 0 0 1 0 1 1 0 0 1 1 1 1 1 1 1 1 0 0 1 0 0 1 1 0 1 0 0 1 0 0 1 1 1 0 1 1 1 1 15977.0 11699.0 16607.0 14103.0 1 0.2726064135217857
1 1 0 0 1 0 1 1 0 0 1 1 1 1 1 1 1 1 1 1 1 0 0 1 0 0 1 0 0 1 0 1 1 1 1 0 1 1 1 1 16386.0 11388.0 16249.0 15226.0 1 0.27209445504696267
0 1 0 1 1 1 1 1 1 0 0 0 1 1 1 0 0 1 1 1 1 0 0 1 1 0 1 0 0 1 0 1 1 1 1 0 1 1 1 1 14976.0 13080.0 15214.0 17215.0 1 0.2656595013883347
0 1 0 1 1 1 1 1 1 0 0 0 1 1 0 0 0 1 1 1 1 0 0 1 1 0 1 0 1 1 0 1 1 1 1 0 1 0 1 1 14647.0 13631.0 13965.0 15954.0 1 0.2523188201925852
1 1 0 0 1 0 1 1 1 0 0 1 1 1 1 0 0 1 0 1 1 1 1 1 1 0 1 0 0 1 0 1 1 1 1 0 1 1 1 1 15197.0 12407.0 16716.0 16037.0 1 0.24408457672991948
0 1 0 1 0 1 1 1 1 0 0 0 1 1 1 1 0 1 1 1 1 1 0 1 1 0 1 0 0 1 0 0 1 1 1 0 1 1 1 1 15585.0 12209.0 15865.0 16760.0 1 0.22801227655858755
1 1 0 0 1 1 1 1 1 0 0 1 1 0 1 1 0 1 0 1 1 1 0 1 1 0 1 0 1 1 0 0 1 1 1 0 1 1 1 1 16235.0 12765.0 16313.0 15379.0 1 0.22112241440629962
1 1 0 0 1 1 1 1 1 0 0 1 0 1 1 1 0 1 1 1 1 1 0 1 1 0 1 0 0 1 0 1 1 0 1 0 1 1 1 1 16090.0 12560.0 15650.0 16711.0 1 0.22064367223503384
