0 0 0 1 1 1 0 1 1 0 1 1 0 1 1 1 0 1 0 1 7720.0 3234.0 7683.0 3840.0 6721.0 0 2000000000000000.0
1 0 0 1 1 1 0 0 1 1 0 1 1 1 0 0 1 0 1 0 5767.0 5498.0 4747.0 5145.0 4365.0 0 2000000000000000.0
1 1 0 1 1 1 0 0 1 1 0 0 1 0 0 0 1 0 1 1 5520.0 5920.0 5658.0 3999.0 4457.0 0 1000000000000000.2
1 0 0 0 1 1 1 1 1 0 0 1 0 1 1 1 0 1 0 1 6198.0 3735.0 7953.0 3835.0 7566.0 0 1000000000000000.0
1 0 0 0 1 1 1 1 1 0 1 0 0 1 1 0 0 1 0 1 5834.0 3755.0 7565.0 2597.0 7045.0 0 1000000000000000.0
1 0 0 0 1 1 1 1 1 0 1 0 1 0 0 1 0 1 0 1 5846.0 4341.0 8630.0 3332.0 6367.0 0 1000000000000000.0
0 0 0 0 1 1 1 0 1 1 0 0 1 1 0 1 1 0 1 1 5138.0 5588.0 6270.0 4714.0 5712.0 0 1000000000000000.0
1 0 0 0 1 0 0 0 1 1 0 1 1 1 0 1 1 0 1 1 5324.0 4919.0 5380.0 5814.0 5084.0 0 1000000000000000.0
0 0 0 0 1 1 1 0 1 0 1 1 0 1 1 1 0 1 0 1 6425.0 3416.0 7124.0 3841.0 7122.0 0 0.22795432464924448
0 0 0 1 1 1 0 0 1 1 0 1 1 1 0 0 1 0 1 1 6423.0 5416.0 5057.0 5029.0 4940.0 0 0.2198642454491711
1 0 0 1 0 1 0 1 1 0 1 1 0 1 1 1 0 1 0 1 7596.0 3282.0 7655.0 3895.0 6561.0 0 0.2003831838462095
1 0 0 0 1 1 1 1 1 0 1 0 0 0 1 1 0 1 0 1 5902.0 3658.0 8305.0 2700.0 6914.0 0 0.18764774518240404
1 0 0 1 1 1 0 0 1 1 0 0 1 1 0 1 1 0 1 1 6115.0 5783.0 6531.0 5005.0 5120.0 0 0.17795707689016152
1 0 0 0 1 1 0 0 1 1 0 1 1 1 0 1 1 0 1 0 5149.0 5379.0 5373.0 5698.0 4769.0 0 0.17073358861969595
1 0 0 0 1 1 0 0 1 1 0 1 1 1 0 0 1 0 1 1 5582.0 5676.0 5337.0 5278.0 5316.0 0 0.16606028442194595
1 0 0 1 1 1 0 0 1 1 0 1 1 0 0 0 1 0 1 1 6268.0 5698.0 5451.0 4828.0 4781.0 0 0.1657294386225687
1 0 0 0 1 1 1 1 1 0 1 0 0 1 0 1 0 1 0 1 5436.0 3717.0 8251.0 2895.0 6763.0 0 0.16021428422851064
0 0 0 1 1 1 0 0 1 1 0 1 1 1 1 1 0 0 1 1 7306.0 4751.0 6310.0 5516.0 5424.0 0 0.14991038645403848
1 0 0 1 1 1 0 0 1 0 1 1 0 1 1 1 0 1 0 1 7402.0 3611.0 7385.0 4132.0 6530.0 0 0.1484968760855686
0 0 0 0 1 1 1 1 1 0 0 1 0 1 0 1 1 1 0 1 5538.0 4021.0 7046.0 3652.0 7110.0 0 0.14285025261760928
1 1 0 1 1 1 0 0 1 1 0 1 1 1 0 1 0 1 0 1 6983.0 5125.0 7651.0 5150.0 5777.0 0 0.14026070130713128
1 0 0 1 1 1 0 0 1 1 0 1 1 1 1 0 1 0 0 1 6759.0 5391.0 5978.0 5114.0 5587.0 0 0.13744195876948345
1 0 0 1 1 1 0 0 1 1 0 1 1 1 1 1 0 0 1 0 6650.0 4833.0 6000.0 5632.0 4849.0 0 0.12632232991425685
1 0 0 0 1 1 0 1 1 0 0 1 1 1 1 1 0 1 0 1 6744.0 4123.0 7840.0 4693.0 6721.0 0 0.125866084935571
1 0 0 1 1 1 0 1 1 0 0 1 0 1 1 1 0 1 0 1 7020.0 3521.0 7575.0 3806.0 6582.0 0 0.12375280918856285
1 0 0 1 1 1 0 1 1 0 0 0 0 1 1 1 1 1 0 1 6450.0 4212.0 7456.0 3301.0 6588.0 0 0.12215807263793058
0 0 0 0 1 1 1 1 1 1 1 0 0 0 1 1 0 1 0 1 6146.0 3908.0 7997.0 2981.0 6539.0 0 0.118868855632388
0 0 0 0 1 1 1 0 1 1 0 1 1 1 1 0 1 0 0 1 5782.0 5196.0 5717.0 4823.0 6179.0 0 0.11806056089579281
1 0 0 0 1 1 1 1 1 1 0 0 0 1 1 1 0 1 0 1 5756.0 4322.0 8134.0 3468.0 6951.0 0 0.11733671326125925
1 0 0 1 1 1 1 1 1 0 0 0 1 1 0 1 0 1 0 1 6297.0 4495.0 8487.0 3570.0 6403.0 0 0.11669095712837312
1 0 0 1 1 1 0 1 1 1 0 0 1 1 1 1 0 1 0 1 7298.0 4859.0 8380.0 4397.0 6122.0 0 0.11480070111128987
1 0 1 0 1 1 1 0 1 1 0 1 0 1 0 1 0 1 0 1 5354.0 4792.0 7215.0 4102.0 6652.0 0 0.11060653247419691
0 0 0 0 1 1 1 0 1 1 0 1 1 0 1 1 0 1 0 1 6379.0 4577.0 7087.0 4525.0 6212.0 0 0.10791486189792704
1 0 0 1 1 1 0 0 1 1 0 1 1 1 1 1 0 1 0 1 7666.0 4899.0 7593.0 5337.0 6171.0 0 0.1056501601303874
1 0 0 1 1 1 1 0 1 1 1 0 0 0 1 1 0 1 0 1 6824.0 4434.0 8058.0 3344.0 6364.0 0 0.10526802972600922
1 0 0 1 1 1 1 1 1 0 0 0 0 1 0 1 1 1 0 1 5848.0 4507.0 7894.0 3075.0 6886.0 0 0.10502039974456095
1 1 0 1 1 1 0 0 1 1 0 0 1 1 0 1 1 0 0 1 5613.0 5575.0 6871.0 4583.0 4981.0 0 0.10399624532303631
0 0 0 1 1 1 0 0 1 1 0 1 1 1 0 1 0 1 1 1 7330.0 4924.0 6672.0 5252.0 5524.0 0 0.0992138023391923
1 0 0 1 1 1 0 0 1 0 0 1 0 1 1 1 0 1 1 1 7142.0 3991.0 6655.0 4339.0 6446.0 0 0.09914678553156119
1 0 0 1 1 1 1 1 1 0 0 0 0 1 0 1 0 1 1 1 6172.0 4246.0 7880.0 3173.0 6695.0 0 0.0978305040511109
1 0 0 1 1 1 0 1 1 1 0 0 1 1 0 1 1 0 0 1 5993.0 5313.0 7451.0 4472.0 5256.0 0 0.09742688975795671
1 0 0 0 1 1 1 0 1 0 1 1 0 0 1 1 0 1 0 1 6270.0 3698.0 7518.0 3640.0 6963.0 0 0.09653394465422922
1 0 0 0 1 1 1 1 1 1 0 1 0 1 0 1 1 0 0 1 5292.0 4848.0 7355.0 4511.0 6717.0 0 0.09541942835560586
1 0 0 0 1 1 1 0 1 1 0 1 1 1 0 0 1 0 0 1 5161.0 5537.0 6057.0 4817.0 5869.0 0 0.09343931827511069
1 1 0 0 1 1 0 0 1 1 0 0 1 1 1 1 0 0 1 1 5717.0 5233.0 6797.0 4936.0 5476.0 0 0.09230459974984571
1 0 0 0 1 1 0 1 1 0 1 1 0 1 1 1 0 1 0 1 6879.0 3494.0 7963.0 4089.0 7097.0 0 0.09224290934156765
1 0 0 1 1 1 1 0 1 1 0 0 1 0 1 1 0 1 0 1 6689.0 5063.0 7935.0 3948.0 5988.0 0 0.09184091987791468
1 0 0 0 1 1 0 0 1 1 0 1 1 1 1 1 0 0 1 1 6465.0 5011.0 6590.0 5765.0 5800.0 0 0.09175445630166847
1 0 0 1 0 1 0 0 1 1 0 1 1 1 0 1 0 1 1 1 7206.0 4972.0 6644.0 5307.0 5364.0 0 0.09106161349152375
1 0 0 0 1 1 0 1 1 0 0 1 0 1 1 1 0 1 1 1 6619.0 3874.0 7233.0 4296.0 7013.0 0 0.0881905611221422
0 0 0 1 1 1 1 0 1 0 1 1 0 0 1 1 0 1 0 1 7111.0 3438.0 7238.0 3391.0 6587.0 0 0.08661994972591297
1 0 0 1 1 1 0 0 1 1 0 0 1 1 0 1 0 1 1 1 6644.0 5261.0 7161.0 4604.0 5284.0 0 0.08560772498005963
1 0 0 1 1 1 0 1 1 0 1 1 0 1 0 1 0 1 0 1 7099.0 3575.0 8023.0 3834.0 6411.0 0 0.08427261436096682
1 0 0 1 1 1 0 0 1 1 1 0 1 1 0 1 0 1 0 1 6904.0 4881.0 7891.0 4397.0 5368.0 0 0.08230915276017171
0 0 0 0 1 1 1 0 1 1 0 1 1 1 0 0 1 1 0 1 5806.0 5369.0 6079.0 4559.0 6279.0 0 0.08169470351364297
1 0 0 1 1 1 0 0 0 1 0 1 1 1 1 1 0 0 1 1 6896.0 4242.0 6207.0 5507.0 5503.0 0 0.0803632434926876
1 0 0 1 1 1 1 1 1 0 0 1 1 1 1 0 0 0 0 1 6736.0 4364.0 7290.0 4178.0 6515.0 0 0.08001592607608976
1 0 0 1 1 0 0 0 1 1 0 1 1 1 0 1 1 1 0 1 6525.0 4807.0 6383.0 5386.0 5455.0 0 0.07947741109697559
1 0 0 0 1 1 0 0 1 1 0 1 1 0 0 1 1 0 1 1 5650.0 5579.0 6077.0 5381.0 5185.0 0 0.07928881402832459
1 0 0 1 1 1 1 1 1 0 0 0 0 1 1 1 0 1 0 1 6353.0 3812.0 8162.0 2938.0 6950.0 0 0.07893634803110068
1 0 0 1 1 1 0 1 1 1 0 1 1 1 0 1 0 1 0 1 7363.0 4863.0 8231.0 5039.0 6052.0 0 0.07859657917704534
1 0 0 1 1 1 1 0 1 0 0 1 1 1 1 0 0 1 0 1 7063.0 4573.0 7014.0 4212.0 6734.0 0 0.07850499391069135
1 0 0 1 1 1 0 0 1 1 1 0 1 1 0 1 0 0 1 1 6699.0 5142.0 7247.0 4896.0 5013.0 0 0.07624601551920067
1 0 0 1 1 1 1 0 1 1 0 1 1 1 1 0 0 0 0 1 6662.0 4991.0 6684.0 4751.0 5949.0 0 0.0761836551074278
1 0 0 0 1 1 0 1 1 1 0 0 1 1 0 1 1 1 0 1 5797.0 5405.0 7753.0 4463.0 6042.0 0 0.07608950334114545
1 0 0 0 1 1 1 1 1 0 1 1 0 0 0 1 0 1 0 1 5967.0 3662.0 8156.0 3342.0 6844.0 0 0.07603439174123812
1 0 0 0 1 1 0 0 1 1 0 1 1 1 0 1 0 1 1 1 6489.0 5184.0 6952.0 5501.0 5900.0 0 0.07565379776840224
1 0 0 1 1 1 1 0 1 0 0 1 0 1 0 1 1 1 0 1 6216.0 4547.0 7107.0 4015.0 6935.0 0 0.07551460529789725
1 0 1 1 1 1 0 0 1 1 0 0 1 1 0 1 0 1 0 1 6055.0 5257.0 7311.0 4063.0 5191.0 0 0.07528298250520271
1 0 0 1 1 1 1 0 1 1 0 1 0 1 0 1 0 1 0 1 6344.0 4443.0 7407.0 4153.0 6314.0 0 0.07380581297983412
1 0 0 1 1 1 1 0 1 0 1 1 0 1 0 1 0 1 0 1 6800.0 3906.0 7823.0 3906.0 6828.0 0 0.07312868688255521
1 0 0 1 1 1 1 0 1 0 0 1 0 1 1 1 0 1 0 1 6721.0 3852.0 7375.0 3878.0 6999.0 0 0.07166732098349764
1 0 0 1 1 1 0 0 1 1 0 1 1 0 1 1 0 0 1 1 7151.0 5033.0 6704.0 5315.0 5265.0 0 0.07085833596262502
1 0 0 1 1 1 1 0 1 1 0 0 1 1 0 1 1 0 0 1 5694.0 5644.0 7251.0 4544.0 5673.0 0 0.07082970212331406
1 0 0 1 1 1 1 1 1 0 0 1 0 1 0 1 0 1 0 1 6418.0 3816.0 8013.0 3580.0 6880.0 0 0.07079816613551278
1 0 0 1 1 1 0 0 1 0 1 1 0 1 0 1 1 1 0 1 6897.0 4306.0 7117.0 4269.0 6466.0 0 0.0698191909026569
1 0 0 1 1 1 0 0 1 1 0 1 0 0 0 1 1 1 1 1 6726.0 5218.0 6473.0 4556.0 5848.0 0 0.06957945917802488
1 1 0 1 1 1 0 0 1 1 0 1 1 1 0 0 1 0 0 1 6076.0 5617.0 6036.0 4927.0 5193.0 0 0.0694517431378299
1 0 0 1 1 1 1 0 1 1 1 0 0 1 1 0 0 1 0 1 6756.0 4531.0 7318.0 3241.0 6495.0 0 0.06932316279372827
1 0 0 1 1 0 0 0 1 1 0 1 1 1 0 1 0 1 1 1 6849.0 4546.0 6369.0 5484.0 5264.0 0 0.06849678771990197
1 0 0 1 1 1 1 1 1 1 0 0 1 0 0 1 0 1 0 1 6386.0 5027.0 8573.0 3650.0 5869.0 0 0.06817921193320878
1 0 0 1 1 1 0 0 1 1 0 1 1 1 0 1 1 0 0 1 6361.0 5353.0 6664.0 5412.0 5305.0 0 0.06667147972616827
1 0 0 1 1 1 0 0 1 0 0 1 1 1 0 1 1 1 0 1 6762.0 4935.0 6994.0 4873.0 6090.0 0 0.06577689592236456
1 0 0 0 1 1 0 0 1 1 0 0 1 1 1 1 1 1 0 1 6100.0 5441.0 7115.0 4761.0 6161.0 0 0.06509563827562076
1 1 0 0 1 1 0 0 1 0 1 1 0 1 1 1 0 1 0 1 6499.0 3756.0 7383.0 4200.0 6822.0 0 0.06455293156385945
1 0 0 1 0 1 0 0 1 1 0 1 1 1 1 1 0 0 1 1 7182.0 4799.0 6282.0 5571.0 5264.0 0 0.06426286436429576
1 0 0 1 1 1 0 0 1 1 0 1 1 1 0 0 0 1 1 1 7107.0 5303.0 6326.0 4948.0 5496.0 0 0.06161660634419039
1 0 0 1 1 1 0 0 1 1 0 0 1 1 0 1 1 1 0 1 6320.0 5522.0 7175.0 4506.0 5475.0 0 0.06125176355795341
1 0 0 0 1 1 0 0 1 0 0 1 1 1 1 1 1 1 0 1 6542.0 4854.0 6934.0 5128.0 6776.0 0 0.06076944926466675
1 0 0 1 1 1 0 0 1 1 0 0 1 0 1 1 1 1 0 1 6786.0 5463.0 7229.0 4311.0 5626.0 0 0.06015654101511288
1 0 0 1 1 1 0 0 1 1 1 0 1 1 0 1 1 0 0 1 6375.0 5403.0 7261.0 4798.0 5204.0 0 0.059005355593421016
1 0 0 1 1 1 1 1 1 0 0 0 1 1 0 1 1 0 0 1 5768.0 5017.0 7857.0 3971.0 6239.0 0 0.058851815089372775
0 0 0 0 1 1 1 1 1 0 0 1 1 1 0 1 1 0 0 1 5458.0 4531.0 7009.0 4548.0 6463.0 0 0.056284625094684425
1 0 0 1 1 1 0 0 1 1 0 1 1 1 0 0 1 1 0 1 6783.0 5564.0 6340.0 4850.0 5687.0 0 0.05538371812646343
1 0 0 1 1 1 0 0 1 1 0 1 1 0 0 1 0 1 1 1 7175.0 5206.0 7066.0 5051.0 5365.0 0 0.0553189167702694
1 0 0 1 1 1 1 1 1 1 0 0 0 1 0 0 0 1 1 1 6193.0 4875.0 7226.0 3150.0 6292.0 0 0.05518979200040952
1 0 0 1 1 1 0 1 1 0 0 0 1 1 0 1 1 0 1 1 6189.0 5156.0 7137.0 4432.0 5686.0 0 0.0550797351421039
1 0 0 0 1 1 0 0 1 1 0 1 0 1 1 1 0 1 1 1 6545.0 4501.0 6627.0 4869.0 6447.0 0 0.05396073130013869
1 0 0 1 1 1 1 1 1 1 0 0 1 1 0 1 0 0 0 1 5896.0 4913.0 8157.0 4109.0 5618.0 0 0.05141438463105355
1 0 0 0 1 1 1 1 1 1 0 0 1 1 0 1 0 1 0 1 5700.0 5005.0 8459.0 4100.0 6404.0 0 0.050450104177132644
