1 0 0 0 1 1 1 1 1 0 0 1 0 1 1 1 0 1 0 1 6198.0 3735.0 7953.0 3835.0 7566.0 0 1000000000000000.1
0 0 0 0 1 1 1 1 1 0 0 1 0 1 0 1 1 1 0 1 5538.0 4021.0 7046.0 3652.0 7110.0 0 0.2317625407176579
1 0 0 0 1 1 1 1 1 0 1 0 0 1 1 0 0 1 0 1 5834.0 3755.0 7565.0 2597.0 7045.0 0 1000000000000000.1
1 0 0 0 0 1 1 1 1 0 0 1 0 1 0 1 1 1 0 1 5414.0 4069.0 7018.0 3707.0 6950.0 0 0.12041482354843558
1 0 0 1 1 1 1 1 1 0 0 0 0 1 1 1 0 1 0 1 6353.0 3812.0 8162.0 2938.0 6950.0 0 0.06965105473993115
1 0 1 0 1 1 1 0 1 0 0 1 0 1 1 0 0 1 0 1 5353.0 4171.0 6198.0 3203.0 6917.0 0 0.06474302592840585
1 0 0 0 1 1 1 1 1 0 1 0 0 0 1 1 0 1 0 1 5902.0 3658.0 8305.0 2700.0 6914.0 0 0.32037632960492524
1 0 0 1 1 1 1 1 1 0 0 1 0 1 0 1 0 1 0 1 6418.0 3816.0 8013.0 3580.0 6880.0 0 0.06631762831570462
1 0 0 1 1 1 1 0 1 0 1 1 0 1 0 1 0 1 0 1 6800.0 3906.0 7823.0 3906.0 6828.0 0 0.11331743451222333
0 0 0 0 1 1 1 1 1 1 0 1 0 1 1 0 0 1 0 1 6064.0 3955.0 6660.0 3492.0 6771.0 0 0.09479243708537657
1 0 0 0 1 1 1 0 1 0 0 1 1 1 1 0 0 1 0 1 6067.0 4424.0 6655.0 4141.0 6718.0 0 0.07797000388964098
1 0 0 0 1 1 1 1 1 1 0 1 0 1 0 1 1 0 0 1 5292.0 4848.0 7355.0 4511.0 6717.0 0 0.0915746527704604
1 0 0 1 1 1 1 1 1 0 0 1 0 1 0 1 1 0 0 1 5889.0 4338.0 7383.0 3981.0 6716.0 0 0.05961655563513116
0 0 0 0 1 1 1 1 1 0 0 0 1 1 1 1 0 1 0 1 5922.0 4005.0 7788.0 3505.0 6697.0 0 0.09207178976763755
0 0 0 1 1 1 1 0 1 0 0 1 0 0 1 1 1 1 0 1 6527.0 4079.0 6522.0 3500.0 6694.0 0 0.06057139750927513
1 0 0 1 1 1 1 0 1 0 0 1 0 0 1 0 1 1 0 1 6304.0 4458.0 6176.0 3196.0 6666.0 0 0.11228744429063409
1 0 1 0 1 1 1 0 1 1 0 1 0 1 0 1 0 1 0 1 5354.0 4792.0 7215.0 4102.0 6652.0 0 0.05511264509053879
0 0 0 0 1 1 1 0 1 1 0 1 0 1 1 1 0 1 0 1 5969.0 3953.0 6708.0 4088.0 6608.0 0 0.06983957853258957
0 0 0 0 1 1 1 1 1 1 0 1 0 1 1 0 1 0 0 1 5535.0 4477.0 6030.0 3893.0 6607.0 0 0.045950934926462114
1 0 0 0 1 1 1 1 1 0 1 0 0 1 0 1 1 0 0 1 4907.0 4239.0 7621.0 3296.0 6599.0 0 1000000000000000.0
1 0 0 1 1 1 1 0 1 1 0 1 0 1 1 0 0 1 0 1 6742.0 4481.0 6721.0 3855.0 6596.0 0 0.07547447808128963
0 0 0 1 1 1 1 0 1 0 1 1 0 0 1 1 0 1 0 1 7111.0 3438.0 7238.0 3391.0 6587.0 0 1000000000000000.0
1 0 0 1 1 1 1 0 1 0 1 1 0 0 1 0 0 1 0 1 6888.0 3817.0 6892.0 3087.0 6559.0 0 0.1469195911733914
1 0 0 1 1 1 1 1 1 1 0 0 0 1 1 0 0 1 0 1 6374.0 4441.0 7508.0 2915.0 6547.0 0 0.12049722583173109
0 0 0 0 1 1 1 1 1 1 1 0 0 0 1 1 0 1 0 1 6146.0 3908.0 7997.0 2981.0 6539.0 0 0.08586512149268853
1 0 0 0 1 1 1 1 1 0 0 0 1 0 1 1 0 1 0 1 5767.0 4287.0 8182.0 3304.0 6538.0 0 0.10948022098183482
1 0 0 0 0 1 1 1 1 0 0 0 1 1 1 1 0 1 0 1 5798.0 4053.0 7760.0 3560.0 6537.0 0 0.07804091172531577
1 0 0 1 1 1 1 1 1 0 0 1 0 1 0 1 0 0 1 1 6213.0 4077.0 7369.0 4079.0 6525.0 0 0.05238055575006158
1 0 0 1 1 1 1 0 1 0 0 0 1 1 1 1 0 1 0 1 6600.0 4531.0 7849.0 3868.0 6522.0 0 0.04564924019267734
0 0 0 1 1 1 1 1 1 1 0 1 0 1 0 1 0 1 0 1 6662.0 4066.0 7705.0 3861.0 6505.0 0 0.03748192140070525
1 0 0 1 1 1 1 0 1 1 1 0 0 1 1 0 0 1 0 1 6756.0 4531.0 7318.0 3241.0 6495.0 0 0.05443374728037154
0 0 0 0 1 1 1 1 1 0 0 1 1 1 0 1 1 0 0 1 5458.0 4531.0 7009.0 4548.0 6463.0 0 0.07929062542373243
1 0 0 0 1 1 1 0 1 1 0 1 1 1 0 1 0 1 0 1 6068.0 5045.0 7672.0 5040.0 6453.0 0 0.07241075451032383
1 0 0 0 1 1 1 1 1 1 0 0 1 1 0 1 0 1 0 1 5700.0 5005.0 8459.0 4100.0 6404.0 0 0.10385851674385785
1 0 0 1 1 1 1 1 1 0 0 0 1 1 0 1 0 1 0 1 6297.0 4495.0 8487.0 3570.0 6403.0 0 0.07525318262916714
1 0 0 0 1 1 1 1 1 0 1 0 1 0 0 1 0 1 0 1 5846.0 4341.0 8630.0 3332.0 6367.0 0 1000000000000000.0
1 0 0 1 1 1 1 0 1 1 0 1 0 1 0 1 0 1 0 1 6344.0 4443.0 7407.0 4153.0 6314.0 0 0.07236826125805054
1 0 0 1 1 1 1 0 1 0 0 1 1 1 0 1 1 0 0 1 6136.0 5057.0 7070.0 4911.0 6288.0 0 0.07657763164207328
1 0 0 1 1 1 1 0 1 0 0 0 1 1 0 1 0 1 1 1 6419.0 4965.0 7567.0 4103.0 6267.0 0 0.045478829245718055
1 0 0 1 1 1 1 1 1 0 0 0 1 1 0 1 1 0 0 1 5768.0 5017.0 7857.0 3971.0 6239.0 0 0.05982472191933175
1 0 0 1 1 1 1 1 1 0 0 1 1 1 0 1 0 0 0 1 6338.0 4326.0 7976.0 4476.0 6233.0 0 0.06738182939253429
0 0 0 0 1 1 1 0 1 1 0 1 1 0 1 1 0 1 0 1 6379.0 4577.0 7087.0 4525.0 6212.0 0 0.07627383462381629
1 0 0 1 1 1 0 1 1 1 0 1 0 1 1 0 0 1 0 1 7041.0 4150.0 6921.0 3783.0 6179.0 0 0.1257634555856095
1 0 0 1 1 1 0 0 1 1 0 1 1 1 1 1 0 1 0 1 7666.0 4899.0 7593.0 5337.0 6171.0 0 1000000000000000.0
0 0 0 1 1 1 1 0 1 0 1 0 1 0 1 1 0 1 0 1 6990.0 4117.0 7712.0 3381.0 6110.0 0 0.09407286417303055
1 0 0 1 1 1 0 1 1 0 0 0 1 1 1 1 0 1 0 1 6899.0 4200.0 8049.0 3796.0 6105.0 0 0.065773950926223
0 0 0 0 1 1 1 1 1 1 0 1 1 0 0 1 0 1 0 1 6076.0 4541.0 7725.0 4227.0 6093.0 0 0.07389231120647188
1 0 0 0 1 1 0 0 1 1 0 1 1 1 0 1 1 1 0 1 6165.0 5445.0 6966.0 5403.0 6091.0 0 0.08623684426081621
1 0 0 0 1 1 0 1 1 1 0 1 1 1 0 1 0 1 0 1 6367.0 4714.0 7872.0 4968.0 6036.0 0 0.1297780257762551
1 0 0 1 1 1 1 0 1 1 0 1 1 1 1 0 0 0 0 1 6662.0 4991.0 6684.0 4751.0 5949.0 0 0.09568732984681305
1 0 0 0 1 1 0 1 1 1 0 1 1 1 0 1 1 0 0 1 5838.0 5236.0 7242.0 5369.0 5872.0 0 0.06868212528282727
1 0 0 1 1 1 1 1 1 1 0 0 1 0 0 1 0 1 0 1 6386.0 5027.0 8573.0 3650.0 5869.0 0 0.0752203265473196
1 0 0 1 0 1 1 1 1 1 0 0 1 1 0 1 0 1 0 1 6417.0 4793.0 8151.0 3906.0 5868.0 0 0.05975411942338343
1 0 0 1 1 1 0 1 1 0 0 0 1 1 0 1 0 1 1 1 6718.0 4634.0 7767.0 4031.0 5850.0 0 0.10847615780721324
1 0 0 1 1 1 1 1 1 1 0 1 1 1 0 0 0 0 0 1 6359.0 4955.0 7322.0 4453.0 5830.0 0 0.06391229099640439
1 0 0 0 0 1 0 0 1 1 0 1 1 1 1 0 1 1 0 1 6284.0 5122.0 5613.0 4840.0 5821.0 0 0.23799289988933614
1 0 0 1 1 1 0 0 1 0 0 0 1 1 1 1 1 0 1 1 6492.0 5192.0 6499.0 4730.0 5805.0 0 0.1205352132527383
1 1 0 1 1 1 0 0 1 1 0 1 1 1 0 1 0 1 0 1 6983.0 5125.0 7651.0 5150.0 5777.0 0 0.14255132937517165
0 0 0 0 1 1 1 0 1 1 0 0 1 1 0 1 1 0 1 1 5138.0 5588.0 6270.0 4714.0 5712.0 0 0.22121232470477636
1 0 0 1 1 1 1 1 1 1 0 1 1 0 0 1 0 0 0 1 6427.0 4858.0 8062.0 4556.0 5699.0 0 0.06224657345636395
1 0 0 0 1 1 0 1 1 1 0 1 1 1 0 1 0 0 1 1 6162.0 4975.0 7228.0 5467.0 5681.0 0 0.051314041042538644
1 0 0 1 1 1 1 0 1 1 0 0 1 1 0 1 1 0 0 1 5694.0 5644.0 7251.0 4544.0 5673.0 0 0.1415051389377165
1 0 0 1 1 1 0 0 1 1 0 0 1 0 1 1 1 1 0 1 6786.0 5463.0 7229.0 4311.0 5626.0 0 0.1264899279856696
1 0 0 1 1 1 0 0 1 1 0 1 1 1 1 0 1 0 0 1 6759.0 5391.0 5978.0 5114.0 5587.0 0 0.18725071888084568
1 0 0 1 1 1 0 0 1 1 1 0 1 0 1 1 0 1 0 1 7370.0 4822.0 7945.0 4202.0 5519.0 0 0.2613662800011488
1 0 0 1 1 1 0 0 0 1 0 1 1 1 1 1 0 0 1 1 6896.0 4242.0 6207.0 5507.0 5503.0 0 0.0699306856434903
1 0 0 1 1 0 0 0 1 1 0 1 1 1 0 1 1 1 0 1 6525.0 4807.0 6383.0 5386.0 5455.0 0 0.08277911276391292
1 0 0 1 1 1 0 1 1 1 0 0 1 1 0 1 0 1 0 1 6522.0 4791.0 8081.0 4071.0 5420.0 0 0.08720218367561308
1 0 0 1 1 1 0 0 1 1 1 0 1 1 0 1 0 1 0 1 6904.0 4881.0 7891.0 4397.0 5368.0 0 0.1445791403735309
1 0 0 1 1 1 0 0 1 1 0 1 1 1 0 1 1 0 0 1 6361.0 5353.0 6664.0 5412.0 5305.0 0 0.0674221114252072
1 0 0 1 1 1 0 0 1 1 0 0 1 1 0 1 0 1 1 1 6644.0 5261.0 7161.0 4604.0 5284.0 0 0.12567019104017693
1 0 1 1 1 1 0 0 1 1 0 1 1 0 0 1 0 1 0 1 6586.0 5202.0 7216.0 4510.0 5272.0 0 0.06502182429885353
1 0 0 1 1 1 0 0 1 1 0 1 1 0 1 1 0 0 1 1 7151.0 5033.0 6704.0 5315.0 5265.0 0 0.16825951308661558
1 0 0 1 1 0 0 0 1 1 0 1 1 1 0 1 0 1 1 1 6849.0 4546.0 6369.0 5484.0 5264.0 0 0.09173006847094836
1 0 0 1 1 1 0 1 1 1 0 0 1 1 0 1 1 0 0 1 5993.0 5313.0 7451.0 4472.0 5256.0 0 0.12133214991917535
1 0 0 1 1 1 0 0 1 1 1 0 1 1 0 1 1 0 0 1 6375.0 5403.0 7261.0 4798.0 5204.0 0 0.08706437332946618
1 0 1 1 1 1 0 0 1 1 0 0 1 1 0 1 0 1 0 1 6055.0 5257.0 7311.0 4063.0 5191.0 0 0.08814103204926543
1 0 0 1 1 1 0 0 1 1 0 0 1 1 0 1 1 0 1 1 6115.0 5783.0 6531.0 5005.0 5120.0 0 1000000000000000.0
1 0 0 1 1 1 0 0 1 1 0 1 1 1 0 1 0 0 1 1 6685.0 5092.0 6650.0 5510.0 5114.0 0 0.1006931531067764
1 0 0 0 1 0 0 0 1 1 0 1 1 1 0 1 1 0 1 1 5324.0 4919.0 5380.0 5814.0 5084.0 0 1000000000000000.1
1 0 0 1 1 1 0 0 1 1 1 0 1 1 0 1 0 0 1 1 6699.0 5142.0 7247.0 4896.0 5013.0 0 0.08883209989790418
1 1 0 1 1 1 0 0 1 1 0 1 1 1 0 0 0 0 1 1 6400.0 5356.0 6022.0 5025.0 5002.0 0 0.05033687001359941
1 1 0 1 1 1 0 0 1 1 0 0 1 1 0 1 1 0 0 1 5613.0 5575.0 6871.0 4583.0 4981.0 0 0.18854729734647574
1 0 0 1 1 1 0 0 1 1 0 1 1 1 1 1 0 0 1 0 6650.0 4833.0 6000.0 5632.0 4849.0 0 0.10860880071772672
1 0 1 1 1 1 0 0 1 1 0 0 1 1 0 1 0 0 1 1 5850.0 5518.0 6667.0 4562.0 4836.0 0 0.09995973993520813
1 1 0 1 1 0 0 0 1 1 0 1 1 1 0 1 0 0 1 1 6142.0 4599.0 6065.0 5561.0 4770.0 0 0.12339236036051071
1 0 0 0 1 1 0 0 1 1 0 1 1 1 0 1 1 0 1 0 5149.0 5379.0 5373.0 5698.0 4769.0 0 0.4512833929490442
1 0 0 1 1 0 0 0 1 1 0 1 1 1 0 1 1 0 1 0 5509.0 4741.0 4790.0 5681.0 4133.0 0 2000000000000000.0
1 0 0 0 1 0 0 0 1 1 0 1 1 1 0 1 1 0 1 0 4513.0 4592.0 4431.0 5610.0 4117.0 1 3000000000000000.0
1 0 0 1 1 1 1 1 1 0 1 0 1 0 0 1 0 0 0 1 6042.0 4249.0 8328.0 3341.0 5581.0 1 1000000000000000.4
1 0 1 0 0 1 1 0 1 1 0 0 1 1 0 1 1 0 0 1 4425.0 5632.0 6392.0 4228.0 5459.0 1 1000000000000000.2
1 0 0 0 0 1 1 1 1 0 0 1 0 1 1 1 0 1 0 1 5919.0 3374.0 7286.0 3570.0 7014.0 1 1000000000000000.1
0 0 0 0 1 1 1 1 1 0 1 0 0 0 1 1 0 1 0 1 5747.0 3249.0 7666.0 2380.0 6522.0 1 1000000000000000.1
1 0 0 0 1 1 1 1 1 0 1 0 0 0 1 0 0 1 0 1 5524.0 3628.0 7320.0 2076.0 6494.0 1 1000000000000000.1
1 0 0 1 0 1 0 0 1 1 1 1 1 1 0 1 0 1 0 1 7466.0 4592.0 7374.0 5100.0 5448.0 1 1000000000000000.1
1 0 0 1 1 1 0 0 1 1 0 0 1 1 0 0 1 0 1 1 5737.0 5753.0 5546.0 4381.0 4700.0 1 1000000000000000.1
1 0 0 0 1 0 0 0 0 1 0 1 1 1 0 1 1 0 1 1 4759.0 4001.0 4638.0 5485.0 4771.0 1 0.6139140915416806
1 0 0 1 0 1 0 0 1 1 0 0 1 1 0 1 1 0 1 1 5836.0 5422.0 5864.0 4740.0 4568.0 1 0.5468392652391783
0 0 0 1 1 1 1 0 1 0 1 1 0 0 1 0 0 1 0 1 6733.0 3408.0 6253.0 2767.0 6167.0 1 0.5153208954819034
0 0 0 0 1 1 1 1 1 0 1 0 1 0 0 1 0 1 0 1 5691.0 3932.0 7991.0 3012.0 5975.0 1 0.5144399057056073
