0 0 1 1 0 0 0 0 1 1 1 1 1 1 1 1 0 1 0 1 5336.0 6562.0 0 2000000000000000.0
0 0 1 1 0 0 1 1 1 1 0 1 1 1 1 1 0 0 0 1 6015.0 6297.0 0 0.9943474645770252
0 0 1 1 0 1 1 0 1 1 1 0 1 1 1 1 0 0 1 0 6122.0 6011.0 0 0.6746712498136929
0 0 1 1 1 1 1 0 1 1 1 1 1 1 1 1 0 0 0 0 6667.0 5997.0 0 1.0056525354228196
0 1 1 1 1 0 1 0 1 1 1 1 1 1 1 1 0 0 0 0 7017.0 5516.0 0 2000000000000000.0
0 0 1 1 0 1 1 0 1 1 1 1 0 1 1 1 0 0 0 1 5700.0 6286.0 1 2000000000000000.0
0 0 1 1 0 1 0 1 1 1 1 0 1 1 1 1 0 0 1 0 5799.0 6229.0 1 0.3273524261068458
0 0 1 1 0 0 1 0 1 1 0 1 1 1 1 1 0 1 1 0 6010.0 6170.0 1 0.5636332337796407
0 0 1 1 1 0 1 0 1 1 0 1 1 1 1 1 0 0 0 1 6300.0 5993.0 1 0.6293960230669954
0 0 1 1 1 0 1 0 1 1 1 1 1 1 1 1 0 0 1 0 6588.0 5927.0 1 0.4972426320641886
0 0 1 1 1 0 1 1 1 1 0 0 1 1 1 1 0 0 1 0 6604.0 5632.0 1 0.5220811644457519
0 1 1 1 1 0 1 0 1 0 1 1 1 1 1 1 0 0 1 0 6667.0 5282.0 1 0.3879171985163988
0 1 0 1 1 0 1 0 1 1 1 0 1 1 1 1 0 0 1 1 6774.0 5276.0 1 0.21512364135707113
0 1 0 1 1 0 1 1 1 1 1 0 1 1 1 1 0 0 0 1 6833.0 5164.0 1 0.43244237598873037
0 1 0 1 1 0 1 1 1 1 1 0 1 1 1 1 0 0 1 0 6967.0 4883.0 1 2000000000000000.0
0 0 1 1 0 0 0 0 1 1 1 1 1 1 1 1 0 1 1 0 5470.0 6281.0 2 2000000000000000.0
0 0 1 1 0 1 0 1 1 1 1 1 1 1 1 1 0 0 0 0 5688.0 6197.0 2 0.29921979370728496
0 0 1 1 0 0 1 0 1 1 1 0 1 1 1 0 0 0 1 1 5761.0 6159.0 2 0.2671094110322609
0 0 1 1 0 0 1 1 1 1 1 0 1 1 1 1 0 0 0 1 5968.0 6110.0 2 0.3085257465032056
0 0 1 1 0 1 1 0 1 1 1 1 1 1 1 1 0 0 0 0 6011.0 5979.0 2 0.20361623612490204
0 0 1 1 0 0 1 1 1 1 1 0 1 1 1 1 0 1 0 0 6022.0 5871.0 2 0.252345515145685
0 1 1 1 0 0 1 1 1 0 1 1 1 1 1 1 0 0 0 1 6248.0 5867.0 2 0.3526317311629162
0 0 1 1 1 0 1 1 1 1 1 1 0 1 1 1 0 0 1 0 6470.0 5841.0 2 0.3035589523306268
0 1 1 1 0 0 1 0 1 1 0 1 1 1 1 1 0 0 1 0 6519.0 5717.0 2 0.2369818898983999
0 1 1 1 1 0 1 0 1 0 1 1 1 1 1 1 0 0 0 1 6533.0 5563.0 2 0.3194015492500878
0 1 1 1 1 0 1 0 1 0 1 1 1 1 1 1 0 1 0 0 6587.0 5324.0 2 0.3085018993966467
0 1 0 1 1 0 1 0 1 1 1 0 1 1 1 0 0 0 1 1 6626.0 5213.0 2 0.22528158612685384
0 1 0 1 1 0 1 1 1 1 1 0 1 1 1 0 0 0 0 1 6685.0 5101.0 2 0.4120627797912225
0 1 0 1 1 0 1 1 1 1 1 0 1 1 1 0 0 0 1 0 6819.0 4820.0 2 2000000000000000.0
0 0 1 1 0 1 0 1 1 0 1 0 1 1 1 1 0 0 1 1 5315.0 6276.0 3 2000000000000000.0
0 0 1 1 0 1 0 1 1 1 1 0 1 1 1 0 0 0 1 0 5651.0 6166.0 3 0.4912284550205708
0 1 1 1 0 0 0 0 1 1 1 1 1 1 1 1 0 0 0 1 5845.0 6109.0 3 0.2448881401341152
0 0 1 1 0 0 1 1 1 0 1 1 1 1 1 1 0 1 1 0 5873.0 6039.0 3 0.19900789994763185
0 0 1 1 0 0 1 0 1 1 1 1 1 1 1 1 0 0 1 0 5932.0 5909.0 3 0.3067905621802588
0 0 1 1 0 0 1 1 1 1 1 0 1 1 1 1 0 0 1 0 6102.0 5829.0 3 0.2727909541065789
0 1 1 1 0 1 0 1 1 1 1 0 1 1 1 1 0 0 0 0 6228.0 5818.0 3 0.18007844376002302
0 1 1 1 0 0 1 0 1 1 1 0 1 1 1 1 0 0 0 1 6338.0 5811.0 3 0.19043085571552995
0 1 1 1 0 0 1 0 1 1 0 1 1 1 1 1 0 1 0 0 6439.0 5759.0 3 0.22509147384767705
0 1 1 1 1 0 0 0 1 1 0 1 1 1 1 1 0 0 1 0 6481.0 5631.0 3 0.519572917306436
0 1 0 1 1 0 1 1 0 1 1 1 1 1 1 1 0 1 0 0 6509.0 5074.0 3 0.48973825756575273
0 1 0 1 1 0 1 0 1 1 0 0 1 1 1 1 0 0 1 1 6620.0 5061.0 3 0.2559410472622013
0 1 0 1 1 0 1 1 1 1 1 1 0 1 1 1 0 0 1 0 6679.0 4877.0 3 0.23916133617624497
0 1 0 1 1 1 1 0 1 1 0 1 1 1 1 1 0 0 0 0 6722.0 4818.0 3 2000000000000000.0
0 0 1 1 0 1 0 1 1 0 1 1 0 1 1 0 0 0 1 1 4879.0 6207.0 4 2000000000000000.0
0 0 1 1 0 1 0 0 1 0 0 1 1 1 1 1 0 1 0 1 4911.0 6183.0 4 0.11816056100300978
0 0 1 1 0 1 0 1 1 0 1 1 1 1 1 0 0 0 0 1 5056.0 6181.0 4 0.2155220781481306
0 0 1 1 0 1 0 1 0 1 0 1 1 1 1 1 0 0 1 0 5267.0 6163.0 4 0.40651737048483927
0 0 1 1 0 0 1 1 1 1 1 1 0 1 1 1 0 0 0 1 5680.0 6104.0 4 0.3929985748011561
0 0 1 1 0 0 1 1 1 1 1 0 1 1 1 0 0 0 0 1 5820.0 6047.0 4 0.20237201574711317
0 0 1 1 0 0 1 0 1 1 1 1 1 1 1 1 0 1 0 0 5852.0 5951.0 4 0.1469349677270858
0 0 1 1 0 1 1 1 1 1 1 1 0 1 1 1 0 0 0 0 5893.0 5893.0 4 0.0821614686541687
0 1 1 1 0 0 0 0 1 1 1 1 1 1 1 1 0 1 0 0 5899.0 5870.0 4 0.0451595305702786
0 0 1 1 1 1 1 0 0 1 0 0 1 1 1 1 0 0 0 1 5911.0 5842.0 4 0.07413831422447437
0 1 1 1 0 0 0 0 1 1 1 1 1 1 1 1 0 0 1 0 5979.0 5828.0 4 0.21855198556460384
0 0 1 1 1 0 1 0 1 1 1 0 1 1 1 1 0 0 0 1 6253.0 5806.0 4 0.3374430192456037
0 0 1 1 1 0 1 0 1 1 0 1 1 1 1 1 0 0 1 0 6434.0 5712.0 4 0.2775193924953858
0 0 1 1 1 0 1 1 1 1 0 0 1 1 1 0 0 0 1 0 6456.0 5569.0 4 0.5539411332273002
0 1 0 1 1 0 1 1 0 1 1 1 1 1 1 1 0 0 1 0 6589.0 5032.0 4 0.6687232580946029
0 1 0 1 1 0 1 0 1 1 0 1 1 1 1 1 0 0 1 0 6643.0 4748.0 4 2000000000000000.0
0 0 1 1 0 0 0 0 1 1 1 1 1 1 1 1 0 0 0 1 5104.0 6086.0 5 2000000000000000.0
0 0 1 1 0 0 1 0 1 1 0 0 1 1 1 1 0 1 0 1 5675.0 6049.0 5 0.48295181625529265
0 0 1 1 0 0 1 0 1 1 0 0 1 1 1 1 0 0 1 1 5755.0 6007.0 5 0.19159106963202718
0 0 1 1 0 0 1 1 1 1 0 0 1 1 1 1 0 0 0 1 5814.0 5895.0 5 0.2073519275638283
0 0 1 1 0 0 1 1 1 1 1 0 1 1 1 0 0 1 0 0 5874.0 5808.0 5 0.15098272577433347
0 1 1 1 0 0 1 0 1 0 0 1 1 1 1 1 0 1 0 1 5955.0 5806.0 5 0.11872380503884308
0 1 1 1 0 0 1 0 1 1 1 1 0 1 1 1 0 0 0 1 6050.0 5805.0 5 0.18533938395015576
0 1 1 1 1 0 0 1 1 0 1 1 1 1 1 1 0 0 0 1 6210.0 5781.0 5 0.3180743626516904
0 1 1 1 1 0 0 0 1 1 0 1 1 1 1 1 0 1 0 0 6401.0 5673.0 5 0.4874414024872855
0 1 1 1 1 0 1 0 1 0 1 1 1 1 1 0 0 1 0 0 6439.0 5261.0 5 0.487149431684366
0 1 0 1 1 0 1 0 1 1 0 1 1 1 1 1 0 0 0 1 6509.0 5029.0 5 0.3393706787678783
0 1 0 1 1 1 1 0 1 1 0 1 0 1 1 1 0 0 1 0 6545.0 4844.0 5 0.19002632874541225
0 1 0 1 1 0 1 0 1 1 0 1 1 1 1 1 0 1 0 0 6563.0 4790.0 5 0.216422715499697
0 1 0 1 1 0 1 0 1 1 1 0 1 1 1 1 0 0 1 0 6596.0 4561.0 5 0.1957223280604364
0 1 0 0 1 0 1 1 1 1 0 0 1 1 1 1 0 0 1 1 6611.0 4536.0 5 2000000000000000.0
1 0 1 1 0 0 0 0 1 1 1 1 0 1 1 1 0 0 0 1 4764.0 6062.0 6 2000000000000000.0
0 0 1 1 0 0 1 1 0 1 0 1 1 1 1 1 0 0 0 1 5436.0 6044.0 6 0.46153420993739586
0 0 1 1 0 1 1 0 1 0 1 1 1 1 1 1 0 0 0 1 5527.0 6026.0 6 0.1657854791440192
0 0 1 1 0 1 1 0 0 1 0 1 1 1 1 1 0 0 1 0 5590.0 5945.0 6 0.19758911407624935
0 1 1 1 0 0 0 0 1 1 0 1 1 1 1 1 0 0 0 1 5691.0 5894.0 6 0.22372367109640529
0 0 1 1 0 0 1 1 1 1 1 1 0 1 1 1 0 0 1 0 5814.0 5823.0 6 0.2506082036266476
0 0 1 1 0 0 1 1 1 1 1 0 1 1 1 0 0 0 1 0 5954.0 5766.0 6 0.19471593048637925
0 1 1 1 1 0 0 0 1 1 1 1 0 1 1 1 0 0 0 1 6012.0 5719.0 6 0.16813920695818024
0 0 0 1 1 0 1 0 1 1 1 1 1 1 1 1 0 1 0 1 6154.0 5697.0 6 0.23663637107115126
0 1 1 1 0 0 1 1 1 0 1 1 1 1 1 1 0 1 0 0 6302.0 5628.0 6 0.14815633641680595
0 0 1 1 1 0 1 1 1 1 0 1 0 1 1 1 0 0 1 0 6316.0 5626.0 6 0.021195233588835877
0 0 0 1 1 0 1 1 1 1 1 0 1 1 1 1 0 1 0 1 6324.0 5617.0 6 0.1202634485572434
0 0 1 1 1 0 1 0 1 1 1 0 1 1 1 1 0 0 1 0 6387.0 5525.0 6 0.46377065578142607
0 1 0 1 1 1 1 0 1 0 1 1 1 1 1 1 0 0 0 1 6392.0 5080.0 6 0.5502061196922743
0 1 0 1 1 1 1 0 1 1 0 1 0 1 1 1 0 1 0 0 6465.0 4886.0 6 0.2985360873476351
0 1 0 1 1 1 1 0 1 0 1 1 1 1 1 1 0 0 1 0 6526.0 4799.0 6 2000000000000000.0
0 0 1 1 0 0 1 0 1 1 0 1 0 1 1 1 0 1 0 1 5387.0 6043.0 7 2000000000000000.0
0 1 0 1 1 0 1 1 1 1 1 0 1 1 1 0 0 0 0 0 6507.0 4386.0 7 2000000000000000.0
0 1 1 1 1 0 1 0 1 0 1 0 1 1 1 1 0 1 0 0 6386.0 4922.0 7 0.6409264807310557
0 1 1 1 1 0 1 0 1 0 1 1 1 1 1 0 0 0 0 1 6385.0 5500.0 7 0.4597934089145318
0 1 0 1 1 0 1 1 1 0 1 1 1 1 1 1 0 0 1 0 6506.0 4617.0 7 0.43151187602376595
0 0 1 1 0 1 1 0 1 0 1 1 1 1 1 1 0 1 0 0 5581.0 5787.0 7 0.3356388481765406
0 0 1 1 0 0 1 0 1 1 0 0 1 1 1 0 0 1 0 1 5527.0 5986.0 7 0.30565350461244367
0 0 1 1 1 1 1 0 0 1 0 0 1 1 1 0 0 0 0 1 5763.0 5779.0 7 0.21503793430466256
0 0 1 1 1 0 1 0 1 0 1 1 1 1 1 0 0 1 1 0 6010.0 5672.0 7 0.21421081558753324
1 0 1 1 1 0 1 0 1 0 1 1 1 1 1 1 0 0 1 0 6075.0 5643.0 7 0.2012231657901377
