0 0 1 1 0 1 0 1 1 1 1 0 1 1 1 0 0 0 1 0 5651.0 6166.0 0 2000000000000000.0
0 0 1 1 0 0 1 1 1 1 1 0 1 1 1 0 0 0 0 1 5820.0 6047.0 0 0.562899786780329
0 0 1 1 1 1 1 0 0 1 0 0 1 1 1 1 0 0 0 1 5911.0 5842.0 0 0.3564452867935114
0 1 1 1 0 0 1 0 1 0 0 1 1 1 1 1 0 1 0 1 5955.0 5806.0 0 0.21614151464895628
0 1 1 1 1 0 0 0 1 1 1 1 0 1 1 1 0 0 0 1 6012.0 5719.0 0 0.4293216457395138
0 1 1 1 0 0 1 0 1 1 0 0 1 1 1 1 0 0 0 1 6184.0 5596.0 0 0.425531074784763
0 0 1 1 1 0 1 1 1 0 1 1 1 1 1 1 0 0 1 0 6297.0 5581.0 0 0.6694964331779583
0 1 1 1 1 0 1 0 1 0 1 1 1 1 1 1 0 1 0 0 6587.0 5324.0 0 0.7954276237857569
0 1 0 1 1 0 1 1 0 1 1 1 1 1 1 1 0 0 1 0 6589.0 5032.0 0 2000000000000000.0
0 0 1 1 0 0 1 0 1 1 0 0 1 1 1 1 0 0 1 1 5755.0 6007.0 1 2000000000000000.0
0 1 1 1 0 0 1 0 1 1 0 0 0 1 1 1 0 0 1 1 6007.0 5622.0 1 0.7915029361330332
0 1 1 1 0 0 1 0 1 0 0 1 1 1 1 1 0 1 1 0 6089.0 5525.0 1 0.49823736217412073
0 1 1 1 0 0 1 0 1 1 0 0 1 1 1 1 0 1 0 0 6238.0 5357.0 1 0.5571295826188031
0 1 0 1 1 1 1 0 0 1 1 0 1 1 1 1 0 0 0 1 6274.0 5093.0 1 0.35492820124722757
0 1 0 1 1 0 1 0 0 1 0 1 1 1 1 1 0 1 1 0 6296.0 4971.0 1 0.27078044621556996
0 1 0 1 1 0 1 1 1 0 1 1 1 1 1 1 0 0 0 1 6372.0 4898.0 1 0.5343034227743747
0 1 0 1 1 0 1 1 1 0 1 1 1 1 1 1 0 0 1 0 6506.0 4617.0 1 2000000000000000.0
0 0 1 1 0 0 1 0 1 1 0 0 1 1 1 0 0 1 0 1 5527.0 5986.0 2 2000000000000000.0
0 0 1 1 0 0 1 1 0 1 0 1 1 1 1 1 0 0 1 0 5570.0 5763.0 2 0.4920256002989234
0 0 1 1 1 1 0 0 1 0 1 1 1 1 1 1 0 0 1 0 5623.0 5659.0 2 0.6425441465008942
0 0 1 1 1 1 1 0 1 0 0 1 0 1 1 1 0 1 1 0 5906.0 5616.0 2 0.6139244448596114
0 1 1 1 0 0 1 0 1 0 1 0 1 1 1 1 0 0 1 1 5988.0 5577.0 2 0.47518608489825565
0 1 1 1 0 0 1 0 1 1 0 0 0 1 1 1 0 1 1 0 6061.0 5383.0 2 0.45303964620505954
0 1 1 1 0 0 1 0 1 1 0 0 1 1 1 0 0 1 0 0 6090.0 5294.0 2 0.40420598586061596
0 1 1 1 1 0 1 0 1 0 0 1 0 1 1 0 0 1 1 0 6108.0 5072.0 2 0.44101030863615337
0 1 0 1 1 1 0 1 1 1 0 1 0 1 1 1 0 0 1 0 6222.0 5062.0 2 2000000000000000.0
0 0 1 1 0 0 1 0 1 0 1 0 1 1 1 0 0 1 1 1 5331.0 5967.0 3 2000000000000000.0
1 0 1 1 0 0 1 0 0 1 0 1 1 1 1 1 0 0 1 0 5348.0 5825.0 3 0.33495898359340276
0 0 1 1 0 1 0 1 1 1 1 0 1 1 1 1 0 0 0 0 5487.0 5795.0 3 0.2826693177270601
0 0 1 1 0 1 1 0 0 1 1 0 1 1 1 1 0 0 1 0 5543.0 5758.0 3 0.2611148626116845
0 0 1 1 1 0 1 1 0 1 0 1 0 1 1 1 0 0 0 1 5603.0 5654.0 3 0.41187516673331637
0 1 1 1 0 0 1 0 1 1 0 0 0 1 1 0 0 1 0 1 5779.0 5601.0 3 0.4320749132986062
0 0 1 1 1 0 1 0 0 1 0 0 1 1 1 1 0 1 1 0 5886.0 5533.0 3 0.31944861277841247
0 0 1 1 1 1 1 1 1 0 0 1 0 1 1 0 0 0 1 0 5897.0 5399.0 3 0.24450405162062358
0 0 1 1 1 0 1 0 1 1 0 0 0 1 1 1 0 1 1 0 5976.0 5378.0 3 0.22046526944108596
0 1 1 1 0 0 1 0 1 0 1 0 1 1 1 1 0 1 1 0 6042.0 5338.0 3 0.185834750566874
0 1 1 1 1 1 0 0 1 1 0 1 0 1 1 1 0 0 0 0 6071.0 5293.0 3 0.6157525510203474
1 1 0 1 1 0 1 0 0 1 0 1 1 1 1 1 0 0 1 0 6213.0 4879.0 3 2000000000000000.0
1 0 1 1 0 1 0 1 0 0 1 1 0 1 1 1 0 0 0 1 4285.0 5967.0 4 2000000000000000.0
0 0 1 1 0 0 0 1 1 1 1 0 1 1 1 0 0 0 0 1 5126.0 5943.0 4 0.6698483472324996
0 0 1 1 0 1 0 1 1 1 1 0 0 1 1 0 0 0 1 0 5162.0 5758.0 4 0.20080167541151678
0 0 1 1 0 0 1 0 0 1 0 0 1 1 1 1 0 0 1 1 5176.0 5754.0 4 0.1466925885058072
0 0 1 1 0 0 1 0 0 1 1 0 1 1 1 1 0 1 1 0 5384.0 5730.0 4 0.4583441549505139
0 0 1 1 1 0 1 0 1 0 1 0 1 1 1 0 0 1 0 1 5675.0 5551.0 4 0.34476096110970933
0 1 1 1 0 0 1 0 0 1 0 1 0 1 1 1 0 1 1 0 5683.0 5532.0 4 0.12389438101599795
0 1 1 1 0 0 1 0 1 0 1 0 1 1 1 0 0 0 1 1 5840.0 5514.0 4 0.31171161703733075
0 1 1 1 0 0 1 0 1 1 0 1 0 1 1 1 0 1 0 0 5950.0 5351.0 4 0.35359140075510603
0 1 0 1 0 1 1 0 0 1 1 1 1 1 1 1 0 0 1 0 5953.0 5196.0 4 0.5269864861145066
0 1 0 1 1 1 1 0 0 1 0 0 1 1 1 1 0 0 0 1 6120.0 4878.0 4 2000000000000000.0
1 0 1 1 0 0 0 0 0 1 0 1 0 1 1 0 0 0 1 1 4195.0 5965.0 5 2000000000000000.0
0 0 1 1 0 1 0 0 1 0 0 1 1 1 1 1 1 0 0 1 4761.0 5844.0 5 0.5621878173393947
1 0 1 1 0 0 0 1 1 0 1 1 1 1 1 1 0 0 1 0 5096.0 5843.0 5 0.219773022975362
0 0 1 1 0 1 0 1 1 0 0 1 1 1 1 1 0 1 0 0 5104.0 5790.0 5 0.20696084031478668
0 0 1 1 0 0 1 0 0 1 1 0 1 1 1 0 0 1 1 0 5236.0 5667.0 5 0.5600981372175331
0 1 1 1 0 0 1 0 1 0 1 1 1 1 1 0 0 0 0 1 5729.0 5482.0 5 0.48485219916219324
0 0 1 1 1 0 1 1 0 1 0 1 0 1 1 1 0 0 1 0 5737.0 5373.0 5 0.21921490225944232
0 1 1 1 0 0 1 0 1 1 0 0 0 1 1 0 0 1 1 0 5913.0 5320.0 5 0.6196175266564672
0 1 1 1 1 0 1 0 1 0 0 1 0 1 1 1 0 1 0 0 5944.0 4701.0 5 0.6139669014977978
0 1 0 1 1 1 1 0 1 0 0 1 0 1 1 1 0 1 1 0 6115.0 4652.0 5 2000000000000000.0
0 0 1 1 0 0 1 1 0 1 1 0 0 1 1 0 0 0 1 1 5064.0 5820.0 6 2000000000000000.0
0 1 1 1 0 0 0 0 0 1 0 1 1 1 1 1 0 0 0 1 5112.0 5641.0 6 0.3897529890733052
0 0 1 1 1 1 0 0 1 0 0 1 0 1 1 1 0 1 1 0 5212.0 5512.0 6 0.7328042512642932
0 0 1 1 1 0 1 0 1 0 0 1 1 1 1 1 1 0 0 1 5720.0 5462.0 6 0.7644809467653096
0 1 1 1 0 0 0 1 1 1 1 0 1 1 1 1 0 0 0 0 5837.0 5314.0 6 0.32979087147350017
0 1 1 1 0 0 1 0 1 1 0 1 0 1 1 0 0 0 1 0 5882.0 5246.0 6 0.2876023138811695
0 1 1 1 0 0 1 0 1 1 0 0 0 1 1 1 1 0 1 0 5911.0 5044.0 6 0.7477626046591772
0 1 0 1 1 0 1 0 0 1 0 0 1 1 1 1 0 1 1 0 6095.0 4569.0 6 2000000000000000.0
0 0 1 1 1 1 0 0 0 0 1 0 0 1 1 1 0 1 1 1 4764.0 5787.0 7 2000000000000000.0
0 0 1 1 1 1 0 0 0 1 0 0 0 1 1 0 0 1 0 1 4812.0 5743.0 7 0.2532247948054577
1 0 1 1 0 0 1 0 0 1 0 0 1 1 1 1 0 0 0 1 5013.0 5704.0 7 0.26364782453609886
0 0 1 1 1 0 0 0 0 1 1 1 0 1 1 1 0 1 1 0 5058.0 5638.0 7 0.6704521331517104
0 1 1 1 1 0 0 0 0 1 0 1 0 1 1 1 0 1 1 0 5645.0 5446.0 7 0.6428645352718434
1 0 1 1 1 0 1 0 0 1 0 0 1 1 1 0 0 0 1 0 5655.0 5378.0 7 0.11980539313445374
0 1 1 1 0 0 1 0 1 0 0 0 1 1 1 0 0 0 1 1 5686.0 5299.0 7 0.22293336106003198
1 1 0 1 0 0 1 0 0 1 1 1 1 1 1 1 0 0 1 0 5711.0 5076.0 7 0.22005045684090196
0 0 1 1 1 0 1 0 1 0 0 1 1 1 1 1 0 0 1 0 5772.0 5044.0 7 0.12796214918607218
0 1 0 1 0 1 1 0 0 1 0 1 1 1 1 1 0 0 1 0 5799.0 4981.0 7 0.1270942453111203
0 1 1 1 0 0 1 0 1 1 0 0 0 1 1 1 0 0 1 0 5829.0 4907.0 7 0.11842098296009779
0 1 1 1 1 0 1 0 0 0 0 1 1 1 1 1 0 1 0 0 5854.0 4856.0 7 0.10143211359864593
1 1 0 1 1 0 1 1 1 0 1 1 0 1 1 0 0 0 0 1 5884.0 4811.0 7 0.29933393311602574
0 1 0 1 1 0 1 0 0 1 0 1 1 1 1 0 0 0 1 0 5916.0 4432.0 7 0.3075277543913675
0 1 0 1 1 0 1 1 1 1 0 1 1 0 1 1 0 1 0 0 5941.0 4366.0 7 0.25961974931391585
0 1 0 1 1 0 1 0 1 0 0 1 1 1 1 1 0 0 1 0 5981.0 4080.0 7 2000000000000000.0
1 0 1 1 0 1 0 1 0 0 1 1 0 1 1 1 0 1 0 0 4339.0 5728.0 8 2000000000000000.0
0 1 0 1 1 0 1 0 1 0 0 0 1 1 1 1 0 1 0 1 5878.0 4435.0 8 2000000000000000.0
0 1 0 1 1 0 1 0 0 1 0 0 0 1 1 1 0 1 1 1 5784.0 4876.0 8 0.5126524741862003
0 1 1 1 0 0 0 0 0 1 0 1 1 1 1 1 0 0 1 0 5246.0 5360.0 8 0.3594674578514448
1 1 0 1 0 0 1 0 1 1 1 1 0 1 1 1 0 0 0 1 5667.0 5202.0 8 0.33811240311828017
0 0 1 1 0 1 0 0 1 0 0 1 1 1 1 1 0 0 0 1 4679.0 5707.0 8 0.3034061048470421
1 0 1 1 0 0 1 0 0 1 0 0 1 1 1 1 0 0 1 0 5147.0 5423.0 8 0.2928680298322295
0 1 1 1 0 0 1 0 0 1 0 0 1 1 1 1 0 0 0 1 5605.0 5343.0 8 0.2817796833753011
0 1 0 1 1 0 1 1 0 0 1 1 1 1 1 1 0 0 0 1 5793.0 4645.0 8 0.25711546202446695
0 0 1 1 1 1 0 0 1 0 1 1 0 1 1 1 0 0 0 1 5000.0 5532.0 8 0.23878463883346784
0 0 1 1 0 0 0 1 0 1 1 0 0 1 1 0 0 0 1 1 4370.0 5716.0 8 0.23716397636695663
0 0 1 1 1 1 0 0 0 1 0 1 0 1 1 0 0 0 0 1 4781.0 5669.0 8 0.14591389533383903
0 1 1 1 1 0 1 0 1 0 0 1 0 1 1 0 0 0 1 0 5876.0 4596.0 8 0.14503044584046454
0 0 1 1 1 0 1 0 1 0 0 1 1 1 1 1 0 0 0 1 5638.0 5325.0 8 0.13937244934109613
0 1 1 1 0 0 0 0 0 1 0 1 1 1 1 0 0 0 0 1 4964.0 5578.0 8 0.12854793165778516
0 0 1 1 1 0 1 0 0 1 1 0 1 1 1 0 0 0 1 0 5660.0 5209.0 8 0.11397101501712521
0 0 1 1 0 1 1 0 0 1 1 0 0 1 1 1 0 0 0 1 4920.0 5631.0 8 0.11305138329194195
