0 0 1 1 0 0 1 1 1 1 0 1 1 1 1 1 0 0 0 1 6015.0 6297.0 0 2000000000000000.0
0 0 1 1 1 0 1 0 1 1 1 1 1 1 1 1 0 0 1 0 6588.0 5927.0 0 1.6929177357641896
0 1 1 1 1 0 1 0 1 0 1 1 1 1 1 1 0 0 1 0 6667.0 5282.0 0 0.9729443651986427
0 1 0 1 1 0 1 1 1 1 1 0 1 1 1 1 0 0 0 1 6833.0 5164.0 0 2000000000000000.0
0 0 1 1 0 1 0 1 1 0 1 0 1 1 1 1 0 0 1 1 5315.0 6276.0 1 2000000000000000.0
0 0 1 1 0 1 0 1 1 1 1 0 1 1 1 1 0 0 1 0 5799.0 6229.0 1 0.5779626266082464
0 0 1 1 0 0 1 1 1 1 1 0 1 1 1 1 0 0 0 1 5968.0 6110.0 1 0.5674040146123773
0 1 1 1 0 0 1 1 1 0 1 1 1 1 1 1 0 0 0 1 6248.0 5867.0 1 0.4680463058019391
0 1 1 1 0 0 1 0 1 1 1 0 1 1 1 1 0 0 0 1 6338.0 5811.0 1 0.20982389639104584
0 1 1 1 0 0 1 0 1 1 0 1 1 1 1 1 0 1 0 0 6439.0 5759.0 1 0.19311438106351067
0 1 1 1 0 0 1 0 1 1 0 1 1 1 1 1 0 0 1 0 6519.0 5717.0 1 0.4035422534593068
0 1 1 1 1 0 1 0 1 0 1 1 1 1 1 1 0 1 0 0 6587.0 5324.0 1 0.540478091611277
0 1 0 1 1 0 1 1 1 1 1 0 1 1 1 0 0 0 0 1 6685.0 5101.0 1 0.4429995817502421
0 1 0 1 1 1 1 0 1 1 0 1 1 1 1 1 0 0 0 0 6722.0 4818.0 1 2000000000000000.0
0 0 1 1 0 1 0 1 1 0 1 1 0 1 1 0 0 0 1 1 4879.0 6207.0 2 2000000000000000.0
0 0 1 1 0 1 0 1 1 1 1 1 1 1 1 1 0 0 0 0 5688.0 6197.0 2 0.6147883416560236
0 1 1 1 0 0 0 0 1 1 1 1 1 1 1 1 0 0 0 1 5845.0 6109.0 2 0.21316863505739092
0 0 1 1 0 0 1 1 1 0 1 1 1 1 1 1 0 1 1 0 5873.0 6039.0 2 0.18639991980341294
0 0 1 1 0 0 1 0 1 1 1 1 1 1 1 1 0 0 1 0 5932.0 5909.0 2 0.3527207775959149
0 1 1 1 0 1 0 1 1 1 1 0 1 1 1 1 0 0 0 0 6228.0 5818.0 2 0.4196044878997724
0 0 1 1 1 0 1 0 1 1 0 1 1 1 1 1 0 0 1 0 6434.0 5712.0 2 0.27159401571913344
0 1 1 1 1 0 0 0 1 1 0 1 1 1 1 1 0 0 1 0 6481.0 5631.0 2 0.4798028190028258
0 1 0 1 1 0 1 1 0 1 1 1 1 1 1 1 0 1 0 0 6509.0 5074.0 2 0.4694767328909775
0 1 0 1 1 0 1 0 1 1 0 0 1 1 1 1 0 0 1 1 6620.0 5061.0 2 0.29940443163784003
0 1 0 1 1 0 1 0 1 1 0 1 1 1 1 1 0 0 1 0 6643.0 4748.0 2 2000000000000000.0
0 0 1 1 0 1 0 0 1 0 0 1 1 1 1 1 0 1 0 1 4911.0 6183.0 3 2000000000000000.0
0 0 1 1 0 1 0 1 1 0 1 1 1 1 1 0 0 0 0 1 5056.0 6181.0 3 0.4557709573164584
0 0 1 1 0 1 0 1 1 1 1 0 1 1 1 0 0 0 1 0 5651.0 6166.0 3 0.4387696245892549
0 0 1 1 0 0 1 1 1 1 1 1 0 1 1 1 0 0 0 1 5680.0 6104.0 3 0.20410349501753206
0 0 1 1 0 0 1 1 1 1 1 0 1 1 1 0 0 0 0 1 5820.0 6047.0 3 0.23543086853011985
0 0 1 1 0 0 1 0 1 1 1 1 1 1 1 1 0 1 0 0 5852.0 5951.0 3 0.20085917930098032
0 1 1 1 0 0 0 0 1 1 1 1 1 1 1 1 0 1 0 0 5899.0 5870.0 3 0.12986116648319493
0 0 1 1 1 1 1 0 0 1 0 0 1 1 1 1 0 0 0 1 5911.0 5842.0 3 0.08897688593324912
0 1 1 1 0 0 1 0 1 0 0 1 1 1 1 1 0 1 0 1 5955.0 5806.0 3 0.11498267040423214
0 1 1 1 0 0 1 0 1 1 1 1 0 1 1 1 0 0 0 1 6050.0 5805.0 3 0.1736868702035432
0 1 1 1 1 0 0 1 1 0 1 1 1 1 1 1 0 0 0 1 6210.0 5781.0 3 0.3238604768201547
0 1 1 1 1 0 0 0 1 1 0 1 1 1 1 1 0 1 0 0 6401.0 5673.0 3 0.33079076182909417
0 0 1 1 1 0 1 1 1 1 0 0 1 1 1 0 0 0 1 0 6456.0 5569.0 3 0.6689451780023867
0 1 0 1 1 0 1 1 0 1 1 1 1 1 1 1 0 0 1 0 6589.0 5032.0 3 2000000000000000.0
0 0 1 1 0 1 0 1 0 1 0 1 1 1 1 1 0 0 1 0 5267.0 6163.0 4 2000000000000000.0
0 0 1 1 0 0 1 0 1 1 0 0 1 1 1 1 0 1 0 1 5675.0 6049.0 4 0.4901630205101548
0 0 1 1 0 0 1 0 1 1 0 0 1 1 1 1 0 0 1 1 5755.0 6007.0 4 0.2718561454146345
0 0 1 1 0 0 1 1 1 1 1 1 0 1 1 1 0 0 1 0 5814.0 5823.0 4 0.2367590794241504
0 0 1 1 0 0 1 1 1 1 1 0 1 1 1 0 0 1 0 0 5874.0 5808.0 4 0.149539622166462
0 0 1 1 0 0 1 1 1 1 1 0 1 1 1 0 0 0 1 0 5954.0 5766.0 4 0.17130304011220415
0 1 1 1 1 0 0 0 1 1 1 1 0 1 1 1 0 0 0 1 6012.0 5719.0 4 0.2045759038961117
0 0 0 1 1 0 1 0 1 1 1 1 1 1 1 1 0 1 0 1 6154.0 5697.0 4 0.29004365496837187
0 1 1 1 0 0 1 1 1 0 1 1 1 1 1 1 0 1 0 0 6302.0 5628.0 4 0.18943940906187587
0 0 0 1 1 0 1 1 1 1 1 0 1 1 1 1 0 1 0 1 6324.0 5617.0 4 0.12563391869654597
0 1 1 1 1 0 0 1 1 0 1 1 1 1 1 1 0 0 1 0 6344.0 5500.0 4 0.4435834839451897
0 1 0 1 1 1 1 0 1 0 1 1 1 1 1 1 0 0 0 1 6392.0 5080.0 4 0.5405601188709555
0 1 0 1 1 1 1 0 1 1 0 1 0 1 1 1 0 1 0 0 6465.0 4886.0 4 0.28994193574490024
0 1 0 1 1 1 1 0 1 1 0 1 0 1 1 1 0 0 1 0 6545.0 4844.0 4 0.14553716741746725
0 1 0 1 1 0 1 0 1 1 0 1 1 1 1 1 0 1 0 0 6563.0 4790.0 4 2000000000000000.0
0 0 1 1 0 0 0 0 1 1 1 1 1 1 1 1 0 0 0 1 5104.0 6086.0 5 2000000000000000.0
0 0 1 1 0 0 1 1 0 1 0 1 1 1 1 1 0 0 0 1 5436.0 6044.0 5 0.3440884010504018
0 0 1 1 0 1 1 0 1 0 1 1 1 1 1 1 0 0 0 1 5527.0 6026.0 5 0.18522124851237415
0 0 1 1 0 1 1 0 0 1 0 1 1 1 1 1 0 0 1 0 5590.0 5945.0 5 0.21789462295789802
0 1 1 1 0 0 0 0 1 1 0 1 1 1 1 1 0 0 0 1 5691.0 5894.0 5 0.25064176329997256
0 0 1 1 1 1 1 0 0 1 0 0 1 1 1 0 0 0 0 1 5763.0 5779.0 5 0.18088381379519275
0 0 1 1 0 0 1 0 1 1 0 0 1 1 1 1 0 1 1 0 5809.0 5768.0 5 0.12649867713157942
0 1 1 1 0 0 1 0 1 1 1 1 0 1 1 0 0 0 0 1 5902.0 5742.0 5 0.21594228556252298
0 0 1 1 1 0 1 0 1 0 1 1 1 1 1 0 0 1 1 0 6010.0 5672.0 5 0.19858271124092455
1 0 1 1 1 0 1 0 1 0 1 1 1 1 1 1 0 0 1 0 6075.0 5643.0 5 0.1814149282503581
0 1 1 1 0 0 1 0 1 1 0 0 1 1 1 1 0 0 0 1 6184.0 5596.0 5 0.20429219163394907
0 0 1 1 1 0 1 1 1 0 1 1 1 1 1 1 0 0 1 0 6297.0 5581.0 5 0.19868598349609534
0 1 1 1 0 0 1 0 1 1 1 0 1 1 1 0 0 0 1 0 6324.0 5467.0 5 0.574631416403524
0 1 1 1 1 0 1 0 1 0 1 0 1 1 1 1 0 1 0 0 6386.0 4922.0 5 0.6610899648873829
0 1 0 1 1 1 1 0 1 0 1 1 1 1 1 1 0 0 1 0 6526.0 4799.0 5 2000000000000000.0
1 0 1 1 0 0 0 0 1 1 1 1 0 1 1 1 0 0 0 1 4764.0 6062.0 6 2000000000000000.0
0 0 1 1 0 1 0 1 1 0 1 0 1 1 1 1 0 1 1 0 5369.0 6037.0 6 0.4905974519205652
0 0 1 1 0 0 1 0 1 1 0 0 1 1 1 0 0 1 0 1 5527.0 5986.0 6 0.2947095769488804
0 0 1 1 0 1 1 0 1 0 1 1 1 1 1 1 0 1 0 0 5581.0 5787.0 6 0.27117341162167163
0 0 1 1 0 0 1 0 1 1 0 1 1 1 1 1 0 1 0 0 5698.0 5736.0 6 0.1774482657248648
0 0 1 1 0 0 1 0 1 1 0 1 1 1 1 1 0 0 1 0 5778.0 5694.0 6 0.10137375406702867
0 0 1 0 0 0 1 1 1 1 1 1 1 1 1 1 0 0 0 1 5789.0 5665.0 6 0.18128508376402747
0 1 1 1 0 0 1 0 1 1 0 0 0 1 1 1 0 0 1 1 6007.0 5622.0 6 0.26600892264785736
0 1 1 1 0 1 1 0 1 0 0 1 1 1 1 1 0 1 0 0 6168.0 5595.0 6 0.20289489470400288
0 1 1 1 1 0 0 1 1 0 1 1 1 1 1 1 0 1 0 0 6264.0 5542.0 6 0.27987954822637695
0 1 1 1 0 0 1 0 1 1 0 0 1 1 1 1 0 0 1 0 6318.0 5315.0 6 0.5076724442731432
0 1 0 1 1 0 1 1 1 0 1 1 1 1 1 1 0 0 0 1 6372.0 4898.0 6 0.5909669115163735
0 1 0 1 1 0 1 1 1 0 1 1 1 1 1 1 0 0 1 0 6506.0 4617.0 6 2000000000000000.0
0 0 1 1 0 1 0 1 1 0 1 1 0 1 1 1 0 1 1 0 5081.0 6031.0 7 2000000000000000.0
0 0 1 1 0 0 1 1 0 1 0 1 1 1 1 0 0 0 0 1 5288.0 5981.0 7 0.24895273166547788
0 0 1 1 0 0 1 0 1 0 1 0 1 1 1 0 0 1 1 1 5331.0 5967.0 7 0.08659447821681175
0 0 1 1 0 1 1 0 1 0 1 1 1 1 1 0 0 0 0 1 5379.0 5963.0 7 0.23449068661832778
0 0 1 1 0 0 1 1 1 0 1 1 1 1 1 1 0 0 0 1 5507.0 5844.0 7 0.3050205556854255
0 0 1 1 0 0 1 1 0 1 0 1 1 1 1 1 0 0 1 0 5570.0 5763.0 7 0.22902053620136936
0 0 1 1 0 0 1 0 1 1 0 0 1 1 1 0 0 1 1 0 5661.0 5705.0 7 0.22229122827525336
0 1 1 1 0 0 0 0 1 1 0 1 1 1 1 1 0 1 0 0 5745.0 5655.0 7 0.2639432818953887
0 0 1 1 1 1 1 0 1 0 0 1 0 1 1 1 0 1 1 0 5906.0 5616.0 7 0.33228606499880453
0 0 1 1 1 0 1 0 1 1 0 0 1 1 1 1 0 0 0 1 6099.0 5591.0 7 0.3475810536980474
0 1 0 1 0 1 1 0 1 1 0 1 1 1 1 1 0 0 0 1 6244.0 5515.0 7 0.5186438118618569
0 1 0 1 1 1 1 0 0 1 1 0 1 1 1 1 0 0 0 1 6274.0 5093.0 7 0.45504052684900276
0 1 0 1 1 0 1 0 0 1 0 1 1 1 1 1 0 1 1 0 6296.0 4971.0 7 0.13822724261552988
1 1 0 1 1 0 1 0 1 1 0 0 1 1 1 0 0 0 0 1 6309.0 4948.0 7 0.11454680071700468
0 1 0 1 1 1 1 0 0 1 1 0 1 1 1 1 0 1 0 0 6328.0 4854.0 7 0.19307731275814907
0 1 0 1 1 0 1 1 1 0 0 0 1 1 1 1 0 0 1 1 6329.0 4715.0 7 2000000000000000.0
0 0 1 1 0 1 0 1 1 0 0 1 1 1 1 1 0 0 0 1 5050.0 6029.0 8 2000000000000000.0
0 1 1 1 0 0 1 1 1 1 1 1 0 1 1 1 0 0 0 0 6243.0 5412.0 8 2000000000000000.0
