0 0 1 1 0 1 0 0 1 1 1 1 1 1 1 1 0 0 0 1 5495.0 6590.0 0 2000000000000000.0
0 0 1 1 0 1 0 0 1 1 1 1 1 1 1 1 0 1 0 0 5549.0 6351.0 0 0.2923854512087532
0 0 1 1 0 1 0 0 1 1 1 1 1 1 1 1 0 0 1 0 5629.0 6309.0 0 0.34243574752481926
0 0 1 1 0 0 1 1 1 1 0 1 1 1 1 1 0 0 0 1 6015.0 6297.0 0 0.43218641268053215
0 0 1 1 0 1 1 0 1 1 0 1 1 1 1 1 0 0 1 0 6169.0 6198.0 0 0.292618647537265
0 0 1 1 0 1 1 1 1 1 0 1 1 1 1 1 0 0 0 0 6228.0 6086.0 0 0.4706196373155603
0 0 1 1 1 1 1 0 1 1 1 1 1 1 1 1 0 0 0 0 6667.0 5997.0 0 0.5763354645545933
0 0 1 1 1 1 1 1 1 1 0 0 1 1 1 1 0 0 0 0 6683.0 5702.0 0 0.5789196218324553
0 1 1 1 1 0 1 0 1 1 1 1 1 1 1 1 0 0 0 0 7017.0 5516.0 0 0.5789196218324553
0 1 1 1 1 0 1 1 1 1 0 0 1 1 1 1 0 0 0 0 7033.0 5221.0 0 2000000000000000.0
0 0 1 1 0 1 0 0 1 1 1 1 1 1 1 0 0 0 0 1 5347.0 6527.0 1 2000000000000000.0
0 0 1 1 0 1 0 1 1 1 0 0 1 1 1 1 0 0 0 1 5511.0 6295.0 1 0.3771660218402201
0 0 1 1 0 1 1 0 1 1 1 1 0 1 1 1 0 0 0 1 5700.0 6286.0 1 0.21806400559282813
0 0 1 1 0 1 0 1 1 1 1 0 1 1 1 1 0 0 1 0 5799.0 6229.0 1 0.17209969124911034
0 0 1 1 1 0 0 1 1 1 0 1 1 1 1 0 0 0 0 1 5829.0 6148.0 1 0.10702114896169004
0 0 1 1 1 0 0 0 1 1 1 0 1 1 1 1 0 0 1 1 5871.0 6136.0 1 0.12409940798387271
0 0 1 1 0 1 1 0 1 1 0 1 1 1 1 0 0 0 1 0 6021.0 6135.0 1 0.17244100939591406
0 0 1 1 1 1 0 0 1 1 0 1 1 1 1 1 0 0 1 0 6131.0 6112.0 1 0.15845931705902133
0 0 1 1 0 0 1 1 1 1 0 1 1 1 1 1 0 0 1 0 6149.0 6016.0 1 0.3549222893924766
0 0 1 1 1 1 1 0 1 1 1 1 1 1 1 0 0 0 0 0 6519.0 5934.0 1 0.32443175057505375
0 0 1 1 1 0 1 0 1 1 1 1 1 1 1 1 0 0 1 0 6588.0 5927.0 1 0.15845931705902133
0 0 1 1 1 0 1 1 1 1 1 1 1 1 1 1 0 0 0 0 6647.0 5815.0 1 0.4938922990967714
0 1 1 1 1 0 1 0 1 1 1 1 1 1 1 0 0 0 0 0 6869.0 5453.0 1 0.480781400343098
0 1 1 1 1 1 1 0 1 1 0 0 1 1 1 0 0 0 0 0 6905.0 5340.0 1 0.14534841830534803
0 1 1 1 1 0 1 0 1 1 0 0 1 1 1 1 0 0 1 0 6974.0 5333.0 1 0.2506992081336483
0 1 0 1 1 0 1 1 1 1 0 1 1 1 1 1 0 0 1 0 7014.0 5070.0 1 2000000000000000.0
0 0 1 1 0 1 0 0 1 0 1 1 1 1 1 1 0 1 0 1 5065.0 6398.0 2 2000000000000000.0
0 0 1 1 0 1 0 0 1 1 0 1 1 1 1 1 0 0 0 1 5341.0 6375.0 2 0.2815894969688092
0 0 1 1 0 1 0 0 1 1 1 1 1 1 1 0 0 1 0 0 5401.0 6288.0 2 0.15139441479120458
0 0 1 1 0 0 0 0 1 1 1 1 1 1 1 1 0 1 1 0 5470.0 6281.0 2 0.08026378371848428
0 0 1 1 0 1 0 0 1 1 1 1 1 1 1 0 0 0 1 0 5481.0 6246.0 2 0.19325894441213604
0 0 1 1 0 1 0 1 1 1 1 1 1 1 1 1 0 0 0 0 5688.0 6197.0 2 0.2203262190748552
0 0 1 1 0 1 1 0 0 1 1 1 1 1 1 1 0 0 1 0 5744.0 6160.0 2 0.1827272246842241
0 0 1 1 0 1 1 0 1 1 0 0 1 1 1 1 0 0 0 1 5834.0 6077.0 2 0.24028741402868797
0 0 1 1 0 1 1 1 1 0 1 1 1 1 1 1 0 0 1 0 6032.0 6067.0 2 0.18397668677380932
0 0 1 1 0 1 1 1 1 1 0 1 1 1 1 0 0 0 0 0 6080.0 6023.0 2 0.0976128101949999
0 0 1 1 0 1 1 0 1 1 1 0 1 1 1 1 0 0 1 0 6122.0 6011.0 2 0.3120635376008617
0 0 1 1 1 0 1 1 1 1 0 0 1 1 1 1 0 0 0 1 6470.0 5913.0 2 0.4559139947303345
0 1 1 1 0 1 1 0 1 1 0 1 1 1 1 1 0 0 0 0 6598.0 5787.0 2 0.31057060027025246
0 0 1 1 1 0 1 1 1 1 0 0 1 1 1 1 0 0 1 0 6604.0 5632.0 2 0.43751368368599214
0 1 1 1 1 0 1 1 1 1 1 1 0 1 1 0 0 0 0 0 6751.0 5367.0 2 0.42795775232713795
0 1 1 1 1 0 1 0 1 1 0 0 1 1 1 0 0 0 1 0 6826.0 5270.0 2 0.18649259759769668
0 1 1 1 1 0 1 1 1 0 1 0 1 1 1 1 0 0 1 0 6837.0 5202.0 2 2000000000000000.0
0 0 1 1 0 1 0 0 0 1 1 1 1 1 1 1 0 0 0 1 4916.0 6337.0 3 2000000000000000.0
0 0 1 1 0 1 0 0 1 1 0 1 1 1 1 0 0 0 0 1 5193.0 6312.0 3 0.3103562641244395
0 0 1 1 0 1 0 1 1 1 0 0 1 1 1 0 0 0 0 1 5363.0 6232.0 3 0.2775072713522697
0 0 1 1 0 0 0 1 1 1 1 1 1 1 1 1 0 1 0 0 5529.0 6169.0 3 0.16183189228517644
0 0 1 1 0 1 0 1 1 1 1 1 1 1 1 0 0 0 0 0 5540.0 6134.0 3 0.08534670549617837
0 0 1 1 0 1 1 0 0 1 1 1 1 1 1 0 0 0 1 0 5596.0 6097.0 3 0.1739317750840892
0 0 1 1 0 1 1 0 1 1 1 1 0 1 1 1 0 1 0 0 5754.0 6047.0 3 0.22813369665301636
0 0 1 1 1 0 0 1 1 1 1 0 1 1 1 1 0 0 0 1 5930.0 6024.0 3 0.16508751883719155
0 0 1 1 1 0 1 0 1 0 1 1 1 1 1 1 0 1 0 1 6024.0 6016.0 3 0.16120015969611232
0 0 1 1 1 0 0 1 1 1 0 1 1 1 1 1 0 0 1 0 6111.0 5930.0 3 0.32629428968830543
0 0 1 1 1 0 1 0 1 1 1 1 1 1 1 0 0 0 1 0 6440.0 5864.0 3 0.3160829935015835
0 0 1 1 1 1 1 0 1 1 0 1 1 1 1 1 0 0 0 0 6513.0 5782.0 3 0.1434929155964767
0 1 1 1 0 0 1 0 1 1 0 1 1 1 1 1 0 0 1 0 6519.0 5717.0 3 0.11039710637090554
0 0 1 1 1 1 1 1 1 1 0 0 1 1 1 0 0 0 0 0 6535.0 5639.0 3 0.10869436667154457
0 1 1 1 0 0 1 1 1 1 0 1 1 1 1 1 0 0 0 0 6578.0 5605.0 3 0.3229828356051627
0 1 1 1 1 0 1 1 1 0 0 1 1 1 1 0 0 0 1 0 6736.0 5326.0 3 0.6103109777126543
0 1 1 0 1 0 1 0 1 1 0 1 1 1 1 1 0 0 1 0 6795.0 4888.0 3 2000000000000000.0
0 0 1 1 0 1 0 0 0 1 1 1 1 1 1 0 0 0 0 1 4768.0 6274.0 4 2000000000000000.0
0 0 1 1 0 1 0 1 0 1 1 0 1 1 1 1 0 0 0 1 5086.0 6257.0 4 0.31997794674301333
0 0 1 1 0 1 0 0 1 1 1 0 1 1 1 1 0 0 0 1 5294.0 6188.0 4 0.29880105987293054
0 0 1 1 0 1 0 0 1 1 0 1 1 1 1 1 0 0 1 0 5475.0 6094.0 4 0.20070109607977565
0 0 1 1 0 1 1 0 1 1 0 1 0 1 1 1 0 0 0 1 5546.0 6071.0 4 0.14236693986372306
0 1 1 1 0 0 0 0 1 1 1 1 1 1 1 0 0 0 0 1 5697.0 6046.0 4 0.1870247852275994
0 0 1 1 0 1 1 0 1 1 1 1 0 1 1 1 0 0 1 0 5834.0 6005.0 4 0.12090204404067688
0 0 1 1 0 1 1 1 1 0 1 1 1 1 1 0 0 0 1 0 5884.0 6004.0 4 0.10583506138704556
0 0 1 1 0 1 1 0 1 1 1 1 1 1 1 1 0 0 0 0 6011.0 5979.0 4 0.15062045357294856
0 0 1 1 1 1 0 0 1 1 1 0 1 1 1 1 0 0 1 0 6084.0 5925.0 4 0.15009380863038552
0 0 1 1 1 0 1 1 1 0 1 1 1 1 1 1 0 0 0 1 6163.0 5862.0 4 0.21237780191565914
0 0 1 1 1 0 1 1 1 1 1 1 0 1 1 0 0 0 1 0 6322.0 5778.0 4 0.16420213291200825
0 0 1 1 1 0 1 0 1 1 0 1 1 1 1 1 0 1 0 0 6354.0 5754.0 4 0.10583506138704556
0 0 1 1 1 0 1 1 1 1 1 1 1 1 1 0 0 0 0 0 6499.0 5752.0 4 0.29892449228134266
0 1 1 1 1 1 1 0 1 0 0 0 1 1 1 1 0 0 0 1 6569.0 5450.0 4 0.4307626477074231
0 1 1 1 1 0 1 0 1 1 0 1 1 1 1 0 0 0 0 0 6715.0 5238.0 4 0.5732406767387164
0 1 0 1 1 1 1 1 1 1 0 0 1 1 1 0 0 0 0 0 6744.0 4675.0 4 2000000000000000.0
0 0 1 1 0 1 0 1 0 1 1 0 1 1 1 0 0 0 0 1 4938.0 6194.0 5 2000000000000000.0
0 0 1 1 0 1 0 0 1 1 1 1 0 1 1 1 0 0 0 1 5006.0 6182.0 5 0.1761325966006721
0 0 1 1 0 0 0 1 1 1 0 1 1 1 1 0 0 0 0 1 5173.0 6130.0 5 0.20991113684344337
0 0 1 1 0 1 0 0 1 1 0 1 1 1 1 0 0 1 0 0 5247.0 6073.0 5 0.2074604110589213
0 0 1 1 0 0 0 1 1 1 1 1 1 1 1 0 0 0 1 0 5461.0 6064.0 5 0.2881411147536809
0 0 1 1 0 1 1 0 1 1 0 0 1 1 1 0 0 0 0 1 5686.0 6014.0 5 0.23877065759039967
0 0 1 1 1 1 0 0 1 1 0 0 1 1 1 1 0 0 0 1 5796.0 5991.0 5 0.21935580703999008
0 0 1 1 0 0 1 1 1 1 0 1 1 1 1 0 0 0 1 0 6001.0 5953.0 5 0.23870878793524983
0 0 1 1 0 1 1 1 1 1 1 0 1 1 1 0 0 0 0 0 6033.0 5836.0 5 0.1276474101820565
0 1 1 1 0 0 1 0 1 1 1 1 0 1 1 1 0 0 0 1 6050.0 5805.0 5 0.081276485559159
0 1 1 1 0 1 0 1 1 1 1 0 1 1 1 0 0 0 0 0 6080.0 5755.0 5 0.10738242474052287
0 1 1 1 0 1 1 0 0 1 1 1 1 1 1 1 0 0 0 0 6173.0 5749.0 5 0.06694373069437229
0 1 1 1 0 0 1 0 1 1 1 0 1 1 1 0 0 0 0 1 6190.0 5748.0 5 0.17355469430278775
0 1 1 1 0 1 1 0 1 1 0 1 1 1 1 0 0 0 0 0 6450.0 5724.0 5 0.21187568935015755
0 0 1 1 1 1 1 1 1 0 1 0 1 1 1 1 0 0 1 0 6487.0 5683.0 5 0.10804847831200545
0 0 1 1 1 0 1 1 1 1 0 1 1 1 1 1 0 0 0 0 6493.0 5600.0 5 0.20382003110285513
0 1 1 1 0 0 1 1 1 1 1 0 1 1 1 1 0 0 0 0 6531.0 5418.0 5 0.42213589326030493
0 1 1 1 1 0 1 1 1 0 1 0 1 1 1 0 0 0 1 0 6689.0 5139.0 5 0.575011610108089
0 1 1 0 1 0 1 1 1 1 0 1 1 1 1 0 0 0 0 0 6706.0 4713.0 5 2000000000000000.0
0 0 1 1 0 1 0 0 1 1 1 0 1 1 1 0 0 0 0 1 5146.0 6125.0 6 2000000000000000.0
0 1 0 1 1 0 1 1 1 1 0 1 1 1 1 1 0 0 0 0 6702.0 4636.0 6 2000000000000000.0
0 1 1 1 0 0 1 1 1 0 1 1 1 1 1 1 0 0 1 0 6382.0 5586.0 6 1.1465912838104213
0 1 1 1 1 0 1 1 1 0 1 0 1 1 1 1 0 0 0 0 6525.0 4768.0 6 0.8436676156423326
