1 0 0 0 1 1 1 1 1 0 0 1 0 1 1 1 0 1 0 1 6198.0 3735.0 7953.0 3835.0 7566.0 0 1000000000000000.1
1 1 0 0 1 1 1 0 1 0 0 1 0 1 1 1 0 1 0 1 5818.0 3997.0 7373.0 3946.0 7291.0 0 0.21299450159808836
1 0 0 1 1 1 1 1 0 0 0 1 0 1 1 1 0 1 0 1 6629.0 2966.0 7570.0 3577.0 7269.0 0 1000000000000000.0
1 0 0 0 1 1 1 0 1 0 0 1 1 1 1 1 0 1 0 1 6445.0 4454.0 7640.0 4765.0 7138.0 0 0.11456397375072215
1 0 0 0 1 1 1 0 1 0 1 0 0 1 1 0 1 1 0 1 5632.0 4486.0 6659.0 3032.0 7100.0 0 0.20843149884041895
1 0 0 0 1 1 1 0 1 0 0 0 0 1 1 0 1 1 1 1 5372.0 4866.0 5929.0 3239.0 7016.0 0 0.24459170064365401
1 0 0 1 1 1 1 1 1 0 0 0 0 1 1 1 0 1 0 1 6353.0 3812.0 8162.0 2938.0 6950.0 0 1000000000000000.2
1 0 0 1 1 1 0 1 0 0 0 1 0 1 1 1 1 1 0 1 6726.0 3366.0 6864.0 3940.0 6907.0 0 0.11364507605900974
1 0 0 0 1 1 1 0 1 1 1 1 0 1 0 1 0 1 0 1 6203.0 4416.0 7795.0 4436.0 6829.0 0 0.1289838628250191
1 0 0 0 1 1 0 1 1 0 0 1 1 1 1 1 0 1 0 1 6744.0 4123.0 7840.0 4693.0 6721.0 0 0.10886056437847674
1 0 0 1 1 1 0 1 0 0 0 1 0 1 1 1 0 1 1 1 7050.0 3105.0 6850.0 4038.0 6716.0 0 0.2228439570571702
1 0 0 1 1 1 0 1 1 0 0 1 0 1 1 1 0 1 0 1 7020.0 3521.0 7575.0 3806.0 6582.0 0 0.18929385589690248
1 0 0 1 1 1 0 0 1 0 1 1 0 1 1 1 0 1 0 1 7402.0 3611.0 7385.0 4132.0 6530.0 0 0.23557082582347544
1 0 0 0 1 1 0 1 1 1 0 1 0 1 0 1 1 1 0 1 5918.0 4726.0 7279.0 4473.0 6519.0 0 0.07202725872875754
1 0 1 0 1 1 0 0 1 0 0 1 1 1 1 1 0 1 0 1 6277.0 4589.0 7070.0 4685.0 6492.0 0 0.1299093838077192
1 0 0 1 1 1 0 1 1 0 0 1 0 0 1 1 0 1 1 1 7305.0 3896.0 7347.0 3846.0 6478.0 0 0.1326789338698455
1 0 0 0 1 1 1 1 1 0 0 1 1 0 0 1 0 1 0 1 5832.0 4291.0 8033.0 3946.0 6468.0 0 0.07025478312140893
1 0 0 0 1 1 1 0 1 0 0 1 1 1 0 0 0 1 1 1 5886.0 4858.0 6373.0 4376.0 6463.0 0 0.1288505664112105
0 0 0 1 1 1 1 0 1 1 1 1 0 1 0 1 0 1 0 1 7044.0 4156.0 7515.0 4187.0 6453.0 0 0.1145895089811222
1 0 0 0 1 1 1 0 1 0 0 0 1 1 0 1 1 1 0 1 5099.0 5077.0 7222.0 3934.0 6442.0 0 0.1013823500081385
1 0 0 1 1 1 0 1 0 0 0 1 1 1 1 1 0 1 0 1 7175.0 3354.0 7457.0 4435.0 6424.0 0 0.061924507518490476
1 0 0 0 1 1 0 0 1 1 0 1 0 1 0 1 1 1 1 1 6040.0 5196.0 6359.0 5006.0 6383.0 0 0.09416144524202881
1 0 1 1 1 1 0 0 1 1 0 1 0 1 1 1 0 1 0 1 6952.0 4646.0 7136.0 4399.0 6370.0 0 0.07812879951345564
1 0 0 0 1 1 1 1 1 0 1 0 1 0 0 1 0 1 0 1 5846.0 4341.0 8630.0 3332.0 6367.0 0 1000000000000000.1
1 0 0 1 1 1 0 0 1 0 1 0 0 1 1 1 0 1 1 1 7156.0 4041.0 7252.0 3725.0 6345.0 0 0.11622448558542393
1 0 0 1 1 1 0 1 1 0 0 0 0 1 0 1 1 1 1 1 6269.0 4646.0 7174.0 3536.0 6333.0 0 0.13146106480396633
1 0 0 0 1 1 0 1 1 1 0 1 0 1 0 1 0 1 1 1 6242.0 4465.0 7265.0 4571.0 6328.0 0 0.07492328415414841
1 0 1 0 1 1 0 0 1 1 0 1 0 1 0 1 1 1 0 1 5451.0 5192.0 6509.0 4465.0 6290.0 0 0.1141976917414465
1 0 0 1 1 1 0 0 1 0 0 1 0 1 1 1 1 0 1 1 6613.0 4513.0 6025.0 4740.0 6282.0 0 0.058524674332999606
0 0 0 0 1 1 0 0 1 0 1 1 1 1 1 1 0 1 0 1 6971.0 3804.0 7011.0 4699.0 6277.0 0 0.1017984552132077
1 0 0 1 1 1 0 0 0 1 1 1 0 1 1 1 0 1 0 1 7236.0 3352.0 6974.0 4404.0 6234.0 0 0.1676084059986019
1 0 0 1 1 1 0 0 1 1 0 1 0 1 1 0 1 1 0 1 6839.0 4881.0 6015.0 4218.0 6234.0 0 0.06501692005028209
1 0 1 0 1 1 1 1 1 0 0 0 1 0 0 1 0 1 0 1 4997.0 4717.0 8050.0 2998.0 6190.0 0 0.11965154831143174
1 0 0 1 1 1 0 0 1 1 0 1 1 1 1 1 0 1 0 1 7666.0 4899.0 7593.0 5337.0 6171.0 0 1000000000000000.0
1 0 0 0 1 1 1 0 1 0 1 0 1 1 0 1 1 0 0 1 5154.0 4958.0 7308.0 4226.0 6171.0 0 0.0940483416778811
1 0 0 0 1 1 0 0 1 0 0 0 1 1 1 0 1 1 1 1 5918.0 5254.0 5816.0 4097.0 6171.0 0 0.1723484459442042
0 0 0 0 1 1 1 1 1 1 0 0 1 0 1 1 0 1 0 1 6011.0 4537.0 7874.0 3585.0 6163.0 0 0.09206523882591568
1 0 0 1 1 1 0 0 1 1 0 0 0 1 1 0 1 1 1 1 6593.0 5311.0 5882.0 3811.0 6049.0 0 0.11187030778831922
1 0 0 1 1 1 0 1 1 0 0 0 1 1 0 1 1 1 0 1 6394.0 4895.0 7781.0 3933.0 6041.0 0 0.07084614697133745
0 0 0 1 1 1 0 0 1 1 0 1 0 1 0 1 1 1 1 1 6881.0 4936.0 6079.0 4757.0 6007.0 0 0.0977107023887559
1 0 1 0 1 1 1 0 1 0 0 0 1 1 0 1 1 0 0 1 4305.0 5334.0 6728.0 3892.0 5994.0 0 1000000000000000.0
1 0 0 0 1 1 0 0 1 1 1 1 1 1 0 1 0 1 0 1 6749.0 4804.0 7682.0 5294.0 5984.0 0 0.07212465016998997
1 0 1 1 1 1 0 0 1 1 0 0 0 1 1 0 1 1 0 1 6004.0 5307.0 6032.0 3270.0 5956.0 0 0.08230413497643077
1 1 0 0 1 1 1 0 1 0 0 0 1 1 0 1 1 0 0 1 4392.0 5130.0 6918.0 4011.0 5948.0 0 0.17562970220012225
1 0 0 0 1 1 1 0 1 1 0 0 1 0 0 1 1 1 0 1 5188.0 5609.0 7308.0 4014.0 5908.0 0 0.15473121156802083
1 0 0 0 1 1 0 0 1 1 0 1 1 1 0 1 0 1 1 1 6489.0 5184.0 6952.0 5501.0 5900.0 0 0.06069169704168393
1 0 0 1 1 1 1 1 1 1 0 0 1 0 0 1 0 1 0 1 6386.0 5027.0 8573.0 3650.0 5869.0 0 0.21483924161579743
1 0 0 1 0 1 0 0 1 1 0 1 0 1 0 1 1 1 1 1 6757.0 4984.0 6051.0 4812.0 5847.0 0 0.13608385224335007
1 1 0 1 1 1 0 0 1 0 0 0 1 1 0 1 1 1 0 1 6014.0 5157.0 7201.0 4044.0 5766.0 0 0.07801245884103208
1 0 0 1 1 1 0 0 1 1 0 0 1 1 1 0 1 1 0 1 6718.0 5560.0 6489.0 4208.0 5757.0 0 0.10694885231739493
0 0 0 1 1 1 0 0 1 1 0 1 1 1 0 1 1 1 0 1 7006.0 5185.0 6686.0 5154.0 5715.0 0 0.06121523669625721
1 0 1 1 1 1 0 0 1 0 1 0 1 1 0 1 0 1 0 1 6511.0 4720.0 7727.0 3816.0 5705.0 0 0.07840902111399867
1 0 0 0 1 1 1 1 1 1 0 0 1 0 0 1 1 0 0 1 4861.0 5400.0 7584.0 3980.0 5689.0 0 0.1095150312605891
1 0 0 0 1 1 1 0 1 1 0 0 1 1 0 1 1 0 0 1 4698.0 5495.0 6892.0 4473.0 5657.0 0 0.2181406098563825
1 0 1 0 1 1 1 0 1 1 0 0 1 0 0 1 0 1 0 1 4923.0 5344.0 7444.0 3571.0 5624.0 0 0.08953121845910277
1 0 0 1 1 1 0 0 1 1 0 1 1 1 1 0 1 0 0 1 6759.0 5391.0 5978.0 5114.0 5587.0 0 0.12341083094272176
1 1 0 0 1 1 1 0 1 1 0 0 1 0 0 1 0 1 0 1 5010.0 5140.0 7634.0 3690.0 5578.0 0 0.08990500817280414
1 0 0 1 0 1 0 0 1 1 0 1 1 1 0 1 1 1 0 1 6882.0 5233.0 6658.0 5209.0 5555.0 0 0.11060413778872534
1 0 0 1 1 1 0 0 1 1 1 0 1 0 1 1 0 1 0 1 7370.0 4822.0 7945.0 4202.0 5519.0 0 0.0883610751294757
1 0 0 1 1 1 0 0 0 1 0 1 1 1 1 1 0 0 1 1 6896.0 4242.0 6207.0 5507.0 5503.0 0 0.1227281517643527
1 0 0 1 1 1 0 0 1 1 0 1 1 1 0 0 0 1 1 1 7107.0 5303.0 6326.0 4948.0 5496.0 0 0.13683903224898059
1 0 0 1 1 1 0 0 1 1 0 0 1 1 0 1 1 1 0 1 6320.0 5522.0 7175.0 4506.0 5475.0 0 0.10474928065275835
0 0 0 1 1 1 0 0 1 1 0 1 1 1 1 1 0 0 1 1 7306.0 4751.0 6310.0 5516.0 5424.0 0 0.11082404643758893
1 0 0 1 1 1 0 0 1 1 0 0 1 1 1 1 1 0 0 1 6296.0 5349.0 6813.0 4770.0 5375.0 0 0.0711284206128712
1 0 0 1 1 1 0 0 1 1 1 0 1 1 0 1 0 1 0 1 6904.0 4881.0 7891.0 4397.0 5368.0 0 0.08169096300056453
1 0 0 0 1 1 0 0 1 1 1 1 1 0 0 1 1 0 0 1 5910.0 5199.0 6807.0 5174.0 5269.0 0 0.09734773689782361
1 0 0 1 1 1 0 0 1 1 0 1 1 0 1 1 0 0 1 1 7151.0 5033.0 6704.0 5315.0 5265.0 0 0.061214678523671906
1 0 0 1 0 1 0 0 1 1 0 1 1 1 1 1 0 0 1 1 7182.0 4799.0 6282.0 5571.0 5264.0 0 0.10386365025927595
1 0 0 1 1 0 0 0 1 1 0 1 1 1 0 1 0 1 1 1 6849.0 4546.0 6369.0 5484.0 5264.0 0 0.10663047213011778
1 0 1 1 1 1 0 1 1 1 0 0 1 0 0 1 0 1 0 1 6218.0 5162.0 8003.0 3570.0 5223.0 0 0.06408154521247858
1 0 1 1 1 1 0 0 1 1 0 0 1 1 0 0 0 1 1 1 6272.0 5729.0 6343.0 4000.0 5218.0 0 0.14210837128805293
1 0 1 1 1 1 0 0 1 1 0 0 1 1 0 1 1 0 0 1 5526.0 5779.0 6681.0 4464.0 5027.0 0 1000000000000000.1
1 1 0 1 1 1 0 0 1 1 0 0 1 1 0 1 1 0 0 1 5613.0 5575.0 6871.0 4583.0 4981.0 0 0.17552358420521463
1 0 0 0 1 1 0 0 1 1 0 1 1 1 0 1 1 0 1 0 5149.0 5379.0 5373.0 5698.0 4769.0 0 1000000000000000.2
1 0 0 1 0 0 0 0 1 1 0 1 1 1 0 1 1 0 1 1 6041.0 4707.0 5072.0 5620.0 4548.0 0 0.3651758321275452
1 0 0 1 1 1 0 0 1 1 0 1 1 0 0 1 1 0 1 0 5835.0 5401.0 5487.0 5248.0 4234.0 0 0.28750742787179084
1 0 0 1 0 1 0 0 1 1 0 1 1 1 0 1 1 0 1 0 5866.0 5167.0 5065.0 5504.0 4233.0 0 2000000000000000.0
1 0 1 0 1 1 1 0 1 1 0 0 1 0 0 0 1 1 0 0 4005.0 5750.0 5541.0 3206.0 4875.0 1 2000000000000000.0
1 0 0 1 0 1 0 0 1 1 0 1 1 0 0 1 1 0 1 0 5556.0 5040.0 4820.0 4983.0 3682.0 1 2000000000000000.0
1 0 0 0 1 1 1 1 0 0 0 0 0 1 1 1 1 1 0 1 5063.0 3508.0 7092.0 3001.0 7259.0 1 1000000000000000.2
0 0 0 0 1 1 1 1 1 0 1 0 1 0 0 1 0 1 0 1 5691.0 3932.0 7991.0 3012.0 5975.0 1 1000000000000000.2
0 0 0 1 1 1 1 1 1 0 0 0 0 0 1 1 0 1 1 1 6483.0 3778.0 7295.0 2658.0 6454.0 1 1000000000000000.1
1 0 0 0 1 1 0 0 1 1 0 1 1 1 0 1 0 0 1 1 5689.0 4943.0 6291.0 5439.0 5098.0 1 1000000000000000.1
1 0 0 1 1 1 0 0 0 0 1 1 0 1 1 1 0 1 0 1 6837.0 2693.0 6643.0 3803.0 6217.0 1 1000000000000000.0
0 0 0 1 1 1 0 0 1 1 1 1 0 1 1 1 0 1 0 1 7646.0 3861.0 7077.0 4413.0 6155.0 1 1000000000000000.0
1 0 0 1 1 1 0 0 1 1 0 1 1 1 0 1 0 0 1 0 5874.0 4765.0 5701.0 5306.0 4147.0 1 0.4449215445178726
1 0 0 0 1 1 1 1 1 0 0 0 0 1 1 1 0 1 0 1 5357.0 3663.0 7803.0 2867.0 6934.0 1 0.390199613918757
1 0 0 0 1 1 1 0 1 0 0 0 0 1 1 0 1 1 0 1 4777.0 4364.0 5912.0 2678.0 6569.0 1 0.34422469964236235
1 0 0 1 1 0 0 0 1 1 1 1 0 1 1 1 0 1 0 1 7165.0 3483.0 6774.0 4645.0 5895.0 1 0.34298145645956707
0 0 0 1 1 1 0 0 1 1 0 1 1 0 0 1 1 0 1 0 5680.0 4992.0 4848.0 4928.0 3842.0 1 0.33823196358749696
1 0 0 0 1 1 1 1 0 0 0 1 0 1 1 1 0 1 0 1 5633.0 2817.0 7211.0 3506.0 7253.0 1 0.3022556682430495
1 0 1 1 1 1 0 1 1 1 0 0 1 0 0 0 1 0 0 1 5311.0 5654.0 6388.0 3347.0 4639.0 1 0.29209378851113194
1 0 0 1 0 1 0 0 1 1 0 1 1 1 1 0 1 0 0 1 6480.0 5030.0 5311.0 4849.0 5035.0 1 0.27823799721422837
0 0 0 1 1 1 0 1 1 0 0 1 0 1 1 1 0 1 0 1 6865.0 3112.0 6936.0 3486.0 6190.0 1 0.2638382903640403
1 1 0 1 0 1 0 0 1 1 1 0 1 0 0 1 1 0 0 1 5879.0 5209.0 6706.0 4151.0 4409.0 1 0.2602148873738371
0 0 0 1 1 1 1 0 1 0 1 1 0 1 1 1 0 0 0 1 6621.0 3324.0 6822.0 3850.0 6336.0 1 0.25801511814070865
1 0 0 0 1 0 0 0 1 1 0 1 1 1 1 1 0 1 0 1 6034.0 3963.0 6292.0 5178.0 5503.0 1 0.24751870747381222
1 0 0 0 1 1 1 0 1 1 0 0 1 1 0 0 1 0 0 1 4320.0 5465.0 5907.0 3849.0 5237.0 1 0.2434561608588492
1 0 0 1 1 1 0 1 1 1 0 0 0 1 1 0 1 0 1 1 6266.0 5102.0 6158.0 3777.0 5830.0 1 0.22371733056311915
1 0 0 0 1 1 0 0 1 1 1 0 1 1 0 1 0 1 0 1 5908.0 4732.0 7532.0 4326.0 5352.0 1 0.21954972479331475
