0 0 1 1 1 0 1 1 1 0 1 1 1 1 0 1 1 0 1 0 1 0 0 1 1 1 1 1 0 1 1 1 1 1 0 1 1 0 0 0 0 1 1 0 1 1 1 1 1 1 0 1 1 1 0 0 0 1 1 0 0 0 1 1 0 0 1 1 0 1 0 0 1 0 1 1 1 1 1 1 1 0 1 0 0 1 0 1 1 0 0 1 0 1 1 1 1 0 0 0 33595.0 29897.0 35964.0 0 1000000000000000.1
0 0 1 1 1 0 1 1 1 0 1 1 1 1 0 1 1 0 1 0 1 0 0 1 1 1 1 1 0 1 1 1 1 1 0 1 1 0 0 0 0 1 1 0 0 1 1 0 1 1 0 0 1 1 0 0 0 1 1 0 1 0 1 1 0 0 1 1 0 1 0 0 1 0 1 1 1 1 1 1 1 0 1 0 0 1 0 1 1 0 0 1 1 1 1 1 1 0 1 0 34509.0 27939.0 35831.0 0 1000000000000000.0
0 0 1 1 1 0 1 1 1 0 1 1 1 1 0 1 1 0 1 0 1 0 0 1 1 1 1 1 0 1 1 1 1 1 0 1 1 0 0 0 0 1 1 0 0 1 1 1 1 1 0 1 1 1 0 0 0 1 1 0 1 0 1 1 0 0 1 1 0 1 0 0 1 0 1 1 1 1 1 1 1 0 1 0 0 1 0 1 1 0 0 1 0 1 1 1 1 0 0 0 33955.0 29354.0 35736.0 0 0.12498668347714656
1 0 1 1 0 0 1 1 1 1 1 0 1 1 0 1 1 0 1 0 1 0 0 0 1 1 1 1 0 1 1 1 1 1 0 1 1 0 1 0 0 1 1 0 1 1 1 1 1 1 0 0 1 1 0 0 0 1 1 0 0 1 1 1 0 0 0 1 0 1 0 0 1 0 1 1 1 1 1 1 1 0 1 0 0 1 0 1 1 0 0 0 1 1 1 1 1 1 1 0 35060.0 28958.0 35513.0 0 0.15296389691823642
0 0 1 1 1 0 1 1 1 0 1 1 1 1 0 1 1 0 1 0 1 0 0 0 1 1 1 1 0 1 1 1 1 1 0 1 1 0 1 0 0 1 1 0 1 1 1 1 1 1 0 0 1 1 0 0 0 1 1 0 0 1 1 1 0 0 0 1 0 1 0 0 1 0 1 1 1 1 1 1 1 0 1 0 0 1 0 0 1 0 1 1 1 1 1 1 1 0 0 1 34255.0 29682.0 35487.0 0 0.12106014036951968
0 0 1 1 1 0 1 1 1 0 1 1 1 1 0 1 1 0 1 0 1 0 0 0 1 1 1 1 0 1 1 1 1 1 0 1 1 0 0 0 0 1 1 0 0 1 1 0 1 1 0 1 1 0 0 0 0 1 1 0 1 0 1 1 0 0 1 1 0 1 0 0 1 0 1 1 1 1 1 1 1 0 1 1 0 1 0 1 1 0 0 0 1 1 1 1 1 1 1 0 34390.0 29617.0 35253.0 0 0.11769370704961112
0 0 1 1 1 0 1 1 1 0 1 1 1 1 0 1 1 0 1 0 1 0 0 0 1 1 1 1 0 1 1 1 1 1 0 1 1 0 1 0 0 1 1 0 1 1 1 1 1 1 0 0 1 1 0 0 0 1 1 0 1 1 1 1 0 0 0 1 0 1 0 0 1 0 1 1 1 1 1 1 1 0 1 0 0 1 0 0 1 0 0 1 1 1 1 1 0 1 0 1 35082.0 29322.0 35202.0 0 0.050381561499915045
1 0 1 1 0 0 1 1 1 1 1 0 1 1 0 1 1 1 0 0 1 0 0 0 1 1 1 1 1 1 1 1 1 1 0 1 1 0 1 0 0 1 1 0 1 1 1 1 1 1 0 1 1 1 0 0 0 1 1 0 0 0 1 1 0 0 1 1 0 1 0 0 1 0 1 1 1 1 1 1 1 0 1 0 0 1 0 1 1 0 0 1 0 1 1 1 1 0 0 0 34941.0 30779.0 35158.0 0 0.0915923354525695
1 0 1 1 1 0 1 1 1 0 1 1 1 1 0 1 1 0 1 0 1 0 0 0 1 1 1 1 0 1 1 1 1 1 0 1 1 0 0 0 0 1 1 0 0 1 1 0 1 1 0 1 1 1 0 0 0 1 1 0 1 0 1 1 0 0 1 1 0 1 0 0 1 0 1 1 1 1 1 1 1 0 1 0 0 1 0 0 1 0 0 0 1 1 1 1 1 1 1 1 35375.0 29209.0 35008.0 0 0.11231805187007393
1 0 1 1 0 0 1 1 1 1 1 0 1 1 0 1 1 0 1 0 1 0 0 0 1 1 1 1 0 1 1 1 1 1 0 1 1 0 1 0 0 1 1 0 0 1 1 0 1 1 0 1 1 1 0 0 0 1 1 0 1 0 1 1 0 0 1 1 0 1 0 0 1 0 1 1 1 1 1 1 1 0 1 0 0 1 0 0 1 0 0 0 1 1 1 1 1 1 1 1 35682.0 28689.0 34972.0 0 0.22023315018045284
1 0 1 1 0 0 1 1 1 0 1 1 1 1 0 1 1 0 1 0 1 0 0 0 1 1 1 1 0 1 1 1 1 1 0 1 1 0 1 0 0 1 1 0 1 1 1 1 1 1 0 0 1 1 0 0 0 1 1 0 1 1 1 1 0 0 0 1 0 1 0 0 1 0 1 1 1 1 1 1 1 0 1 0 0 1 0 0 1 0 0 1 1 1 1 1 1 1 0 1 35306.0 29516.0 34859.0 0 0.09425068783460616
1 0 1 1 0 0 1 1 1 0 1 1 1 1 0 1 1 1 1 0 1 0 0 0 1 1 1 1 0 1 1 1 1 1 0 1 1 0 1 0 0 1 1 0 0 1 1 1 1 1 0 0 1 1 0 0 0 1 1 0 1 1 1 1 0 0 0 1 0 1 0 0 1 0 1 1 1 1 1 1 1 0 1 0 0 1 0 1 1 0 0 0 1 1 1 1 1 1 1 0 36013.0 29536.0 34793.0 0 0.09804731800921222
1 0 1 1 1 0 1 1 1 0 1 1 1 1 0 1 1 1 1 0 1 0 0 0 1 1 0 1 0 1 1 1 1 1 0 1 1 0 1 0 0 1 1 1 1 1 1 1 1 1 0 0 1 1 0 0 0 1 1 0 1 1 1 1 0 0 0 1 0 1 0 0 0 0 1 1 1 1 1 1 1 0 1 0 0 1 0 0 1 0 0 1 1 1 1 1 1 1 0 0 34603.0 31476.0 34576.0 0 0.09216120316762452
1 0 1 1 0 0 1 1 1 0 1 1 1 1 0 1 1 1 1 0 1 0 1 0 1 1 0 1 1 1 1 1 1 1 0 1 1 0 1 0 0 1 1 0 1 1 1 0 1 1 0 0 1 1 0 0 0 1 1 0 1 0 1 1 0 0 0 1 0 1 0 0 1 0 1 1 1 1 1 1 1 0 1 0 0 1 0 1 1 0 0 1 1 1 1 1 1 0 1 0 35315.0 30569.0 34514.0 0 0.1168683653326678
0 0 1 1 1 0 1 1 1 0 1 1 0 1 0 1 1 1 0 0 1 0 0 0 1 1 1 1 0 1 1 1 1 1 0 1 1 0 1 0 0 1 1 0 1 1 1 1 1 1 0 1 1 1 0 0 0 1 1 0 0 0 1 1 0 0 0 1 0 1 0 0 1 0 0 1 1 1 1 1 1 0 1 1 1 1 1 0 1 0 0 0 1 1 1 1 1 1 0 0 33647.0 32321.0 34350.0 0 0.12240108377491557
1 0 1 1 0 0 1 1 1 1 1 0 1 1 0 1 1 1 0 0 1 0 0 0 1 1 1 1 1 1 1 1 1 1 0 1 1 0 1 0 0 1 1 0 1 1 1 1 1 1 0 1 1 1 0 0 0 1 1 0 0 0 1 1 0 0 0 1 0 1 0 0 1 0 1 1 1 1 1 1 1 0 1 0 0 1 0 0 1 0 0 1 1 1 1 1 1 0 0 1 35780.0 30938.0 34306.0 0 0.13774890868711973
1 0 1 1 0 0 1 1 1 1 1 0 1 1 0 1 1 1 0 0 1 0 0 0 1 1 1 1 1 1 1 1 1 1 0 1 1 0 1 0 0 1 1 0 0 1 1 0 1 1 0 1 1 1 0 0 0 1 1 0 1 0 1 1 0 0 0 1 0 1 0 0 1 0 1 1 1 1 1 1 1 0 0 0 0 1 1 1 1 0 0 1 1 1 1 1 1 1 0 0 35887.0 30345.0 34294.0 0 0.14494162964570384
1 0 1 1 0 0 1 1 1 1 1 0 1 1 0 1 1 1 0 0 1 0 0 0 1 1 1 1 1 1 1 1 1 1 0 1 1 0 1 0 0 1 1 0 0 1 1 0 1 1 0 1 1 1 0 0 0 1 1 0 1 1 1 1 0 0 0 1 0 1 0 0 1 0 1 1 1 1 1 1 1 0 1 0 0 1 0 0 1 0 0 0 1 1 1 1 1 1 1 0 36463.0 29957.0 34294.0 0 1000000000000000.1
1 0 1 1 1 0 1 1 1 0 1 1 1 1 0 1 1 1 1 0 1 0 0 0 1 1 0 1 1 1 1 1 1 1 0 1 0 0 1 0 0 1 1 1 0 1 1 0 1 1 0 1 0 1 0 0 0 1 1 0 0 0 1 1 0 0 0 1 0 1 0 0 1 0 0 1 1 1 1 1 1 0 1 1 1 1 1 0 1 0 0 0 1 1 1 1 1 1 0 0 32763.0 32726.0 34177.0 0 0.10171719121773892
1 0 1 1 0 0 1 1 1 1 1 0 1 1 0 1 1 1 0 0 1 0 0 0 1 1 1 1 1 1 1 1 1 1 0 1 1 0 1 0 0 1 1 0 1 1 1 1 1 1 0 1 1 1 0 0 0 1 1 0 0 0 1 1 0 0 0 1 0 1 0 0 1 0 1 1 1 1 1 1 1 0 1 0 0 1 0 0 1 0 0 1 1 1 1 1 1 1 0 0 35644.0 31426.0 34013.0 0 0.17020443144182612
1 0 1 1 0 0 1 1 1 0 1 1 1 1 0 1 1 1 1 0 1 0 0 0 1 1 0 1 0 1 1 1 1 1 0 1 1 0 1 0 0 1 1 0 1 1 1 1 1 1 0 1 1 1 0 0 0 1 1 0 0 0 1 1 0 0 0 1 0 1 0 0 1 0 0 1 1 1 1 1 1 0 1 1 1 1 1 0 1 0 0 0 1 1 1 1 1 1 0 0 33555.0 32475.0 33993.0 0 0.06028959919653911
0 0 1 1 1 0 1 1 1 0 1 1 0 1 0 1 1 1 0 0 1 0 0 0 1 1 1 1 0 1 1 1 1 1 0 1 1 0 1 0 0 1 1 1 1 1 1 1 1 1 0 1 1 1 0 0 0 1 1 0 0 0 1 1 1 0 0 1 0 1 0 0 0 0 1 1 1 1 1 1 1 0 1 0 0 1 0 0 1 0 0 1 1 1 1 1 1 1 0 0 33866.0 31874.0 33984.0 0 0.11624953184016874
1 0 1 0 1 0 1 1 1 0 1 1 1 1 0 1 1 1 0 0 1 0 0 0 1 1 1 1 0 1 1 1 1 1 0 1 1 0 1 0 0 1 1 0 1 1 1 1 1 1 0 1 1 1 0 0 0 1 1 0 0 0 1 1 0 0 0 1 0 1 0 0 1 0 0 1 1 1 1 1 1 0 1 1 1 1 1 0 1 0 0 0 1 1 1 1 1 1 0 0 34065.0 32599.0 33902.0 0 0.08011644462709035
1 0 1 1 0 0 1 1 1 1 1 0 1 1 0 1 1 1 0 0 1 0 0 0 1 1 1 1 1 1 1 1 1 1 0 1 1 0 1 0 0 1 1 0 1 1 1 0 1 1 0 1 1 1 0 0 0 1 1 0 0 0 1 1 0 0 0 1 0 1 0 0 1 0 0 1 1 1 1 1 1 0 1 1 1 1 0 0 1 0 0 0 1 1 1 1 1 1 0 0 34069.0 31745.0 33885.0 0 0.05779213389617747
1 0 1 1 0 0 1 1 1 1 1 0 1 1 0 1 1 1 0 0 1 0 0 0 1 1 1 1 1 1 1 1 1 1 0 1 1 0 1 0 0 1 1 0 0 1 1 1 1 1 0 1 1 1 0 0 0 1 1 0 1 0 1 1 0 0 0 1 0 1 0 0 1 0 1 1 1 1 1 1 1 0 1 0 0 1 0 0 1 0 0 1 1 1 1 1 1 1 0 0 36004.0 30883.0 33785.0 0 0.07273308493268649
1 0 1 1 0 0 1 1 1 0 1 1 1 1 0 1 1 1 0 0 1 0 0 0 1 1 1 1 0 1 1 1 1 1 0 1 1 0 1 0 0 1 1 0 1 1 1 1 1 1 0 1 1 1 0 0 0 1 1 0 0 0 1 1 0 0 0 1 0 1 0 0 1 0 0 1 1 1 1 1 1 0 1 1 1 1 1 0 1 0 0 0 1 1 1 1 1 1 0 0 34174.0 32410.0 33754.0 0 0.033817237679983715
1 0 1 1 0 0 1 1 1 0 1 1 1 1 0 1 1 1 1 0 1 0 1 0 1 1 0 1 1 1 1 1 1 1 0 1 1 0 1 0 0 1 1 0 0 1 1 1 1 1 0 1 1 1 0 0 0 1 1 0 0 0 1 1 0 0 0 1 0 1 0 0 1 0 1 1 1 1 1 1 1 0 1 0 0 1 0 0 1 0 0 1 1 1 1 1 1 0 0 1 34648.0 31615.0 33725.0 0 0.09758856344948673
0 0 1 1 1 0 1 1 1 0 1 1 1 1 0 1 1 0 1 0 1 0 0 0 1 1 1 1 0 1 1 1 1 1 0 1 1 0 1 0 0 1 1 0 1 1 1 1 1 1 0 1 1 1 0 0 0 1 1 0 0 0 1 1 0 1 0 1 0 1 0 0 1 0 0 1 1 1 1 1 1 1 0 0 1 1 1 0 1 0 0 0 1 1 1 1 1 1 0 0 34234.0 31759.0 33655.0 0 0.04868992297711004
0 0 1 1 1 0 1 1 1 0 1 1 1 1 0 1 1 1 0 0 1 0 0 0 1 1 1 1 0 1 1 1 1 1 0 1 1 0 1 0 0 1 1 0 1 1 1 1 1 1 0 1 1 1 0 0 0 1 1 0 1 0 1 1 0 0 0 1 0 1 0 0 1 0 1 1 1 1 1 1 1 0 1 0 0 1 0 0 1 0 0 0 1 1 1 1 1 1 1 0 36174.0 31575.0 33655.0 0 0.12114717928929614
1 0 1 1 0 0 1 1 1 0 1 1 1 1 0 1 1 1 1 0 1 0 1 0 1 1 0 1 1 1 1 1 1 1 0 1 1 0 1 0 0 1 1 0 0 1 1 1 1 1 0 1 1 1 0 0 0 1 1 0 0 0 1 1 0 0 0 1 0 1 0 0 1 0 1 1 1 1 1 1 1 0 1 0 0 1 0 0 1 0 0 1 1 1 1 1 1 1 0 0 34512.0 32103.0 33432.0 0 0.07759426222444879
1 0 1 1 0 0 1 1 1 1 1 0 1 1 0 1 1 1 0 0 1 0 0 0 1 1 1 1 1 1 1 1 1 1 0 1 1 0 1 0 0 1 1 0 1 1 1 1 1 1 0 1 1 1 0 0 0 1 1 0 0 0 1 1 0 0 0 1 0 1 0 0 1 0 0 1 1 1 1 1 1 1 0 0 1 1 1 0 1 0 0 0 1 1 1 1 1 1 0 0 35419.0 32020.0 33320.0 0 0.12364569548780034
0 0 1 1 1 0 1 1 1 0 1 1 1 1 0 1 1 1 1 0 1 0 1 0 1 1 0 1 1 1 1 1 1 1 0 1 1 0 1 0 0 1 1 0 1 1 1 0 1 1 1 1 1 0 0 0 0 1 1 0 0 0 1 1 1 1 0 0 0 1 0 0 1 0 0 1 1 1 1 1 1 0 1 1 1 1 0 0 1 0 0 0 1 1 1 1 0 0 0 0 31989.0 32827.0 33228.0 0 0.19018319435015502
1 0 1 1 0 0 1 1 1 1 1 0 1 1 0 1 1 1 0 0 1 0 0 0 1 1 1 1 1 1 1 1 1 1 0 1 1 0 1 0 0 1 1 0 0 1 1 1 1 1 0 1 1 1 0 0 0 1 1 0 1 0 1 1 0 0 0 1 0 1 0 0 1 0 1 1 1 0 1 1 1 1 0 0 1 1 1 0 1 0 0 0 1 1 1 1 1 1 0 0 36331.0 30733.0 33148.0 0 0.11344860986740532
1 0 1 1 0 0 1 1 1 0 1 1 1 1 0 1 1 1 1 0 1 0 0 0 1 1 0 1 1 1 1 1 1 1 0 1 1 0 1 0 0 1 1 1 1 1 1 1 1 1 0 1 1 1 0 0 0 1 1 0 0 0 1 1 0 0 0 1 0 1 0 0 0 0 0 0 1 1 1 1 1 0 1 1 1 1 1 0 1 0 0 0 1 1 1 1 1 1 0 0 32784.0 33178.0 33085.0 0 0.17425588750261115
0 0 1 1 1 0 1 1 1 0 1 1 1 1 0 1 1 1 0 0 1 0 0 0 1 1 1 1 0 1 1 1 1 1 0 1 1 0 1 0 0 1 1 0 1 1 1 1 1 1 0 1 1 1 0 0 0 1 1 0 0 0 1 1 0 0 0 1 0 1 0 0 1 0 0 1 1 1 1 1 1 1 0 0 1 1 1 0 1 0 0 0 1 1 1 1 1 1 0 0 34549.0 32389.0 33067.0 0 0.05464072022027821
1 0 1 1 0 0 1 1 1 0 1 1 1 1 0 1 1 1 1 0 1 0 1 0 1 1 0 1 1 1 1 1 1 1 0 1 1 0 1 0 0 1 1 0 1 1 1 0 1 1 0 1 1 1 0 0 0 1 1 0 1 0 1 1 0 0 0 1 0 1 0 0 1 0 0 0 1 1 1 1 1 0 1 1 1 1 0 0 1 0 0 0 1 1 1 1 1 1 0 0 33232.0 32867.0 32945.0 0 0.18466603074919072
1 0 1 1 1 0 1 1 1 0 1 1 1 1 0 1 1 1 0 1 0 0 0 0 1 1 1 1 0 1 1 1 1 1 0 1 1 0 1 0 0 1 1 1 1 1 1 1 1 1 0 1 1 1 0 0 0 1 1 0 0 0 1 1 0 0 0 0 0 1 0 0 1 0 1 1 1 1 1 1 1 0 1 0 0 1 0 0 1 0 0 1 1 1 1 1 1 1 0 0 34137.0 33022.0 32891.0 0 0.06742997500094192
1 0 1 1 0 0 1 1 1 0 1 1 1 1 0 1 1 0 1 0 1 0 0 0 1 1 0 1 1 1 1 1 1 1 0 1 1 0 1 0 0 1 1 1 1 1 1 1 1 1 0 1 1 1 0 0 0 1 1 0 1 0 1 1 0 0 0 1 0 1 0 0 1 0 0 1 1 1 1 1 1 1 0 0 1 1 1 0 1 0 0 0 1 1 1 1 1 1 0 0 34489.0 32407.0 32870.0 0 0.06584412677234894
1 0 1 1 1 0 1 1 1 0 1 1 1 1 0 1 1 1 0 1 0 0 0 0 1 1 0 1 1 1 1 1 1 1 0 1 1 0 1 0 0 1 1 1 1 1 1 1 1 1 0 1 1 1 0 0 0 1 1 0 0 0 1 1 0 0 0 1 0 1 0 0 1 0 1 1 1 1 1 1 1 0 1 0 0 1 1 0 0 0 0 0 1 1 1 1 1 1 0 0 34518.0 33519.0 32662.0 0 0.17732847830962806
1 0 1 1 0 0 1 1 1 0 1 0 1 1 0 1 1 1 0 0 0 0 0 0 1 1 0 1 1 1 1 1 1 1 0 1 1 0 1 0 0 1 1 1 1 1 1 1 1 1 0 1 1 1 0 0 0 0 1 0 1 0 1 1 0 0 0 1 0 1 0 0 1 0 1 1 1 1 1 1 1 0 1 0 1 1 0 0 1 0 0 0 1 1 1 1 1 1 1 0 35117.0 32174.0 32382.0 0 0.09602370693883211
0 0 1 1 1 0 1 0 1 0 1 1 1 1 0 1 1 1 0 1 0 0 1 0 1 1 0 1 1 1 1 1 1 1 0 1 1 0 1 0 0 1 1 1 1 1 1 1 1 1 0 1 1 1 0 0 0 1 1 0 0 0 1 1 0 0 0 1 0 1 0 0 1 0 1 1 1 1 1 1 1 0 1 0 0 1 1 0 0 0 0 0 1 1 1 1 1 1 0 0 33440.0 33688.0 32364.0 0 0.09384073141292269
1 0 1 1 0 0 1 1 1 0 1 0 1 1 0 1 1 1 0 0 1 0 0 0 1 1 0 1 1 1 1 1 1 1 0 1 1 0 1 0 0 1 1 1 1 1 1 1 1 1 0 1 1 1 0 0 0 0 1 0 1 0 1 1 0 0 0 1 0 1 0 0 1 0 1 1 1 1 1 1 1 0 1 0 0 1 0 0 1 0 0 1 1 1 1 1 1 1 0 0 35139.0 32122.0 32354.0 0 0.06311157626384457
1 0 1 1 0 0 1 1 1 0 1 0 1 1 0 1 1 1 0 0 1 0 0 0 1 1 0 1 1 1 1 1 1 1 0 1 1 0 1 0 0 1 1 1 1 1 1 1 1 1 0 1 1 1 0 0 0 0 1 0 1 0 1 1 0 0 0 1 0 1 0 0 1 0 1 1 1 1 1 1 1 0 1 0 1 1 0 0 1 0 0 0 1 1 1 1 1 1 0 0 34884.0 32439.0 32271.0 0 0.1669941908311566
1 0 1 1 0 0 1 1 1 0 1 1 1 1 0 1 1 1 0 0 1 0 0 0 1 1 0 1 1 1 1 1 1 1 0 1 1 0 1 0 0 1 1 1 1 1 1 1 1 1 0 1 1 1 0 0 0 0 1 0 1 0 1 1 0 0 0 1 0 1 0 0 1 0 0 1 1 1 1 1 1 1 0 0 1 1 1 0 1 0 0 0 1 1 1 1 1 1 0 0 35065.0 33077.0 31775.0 0 0.3146721920178323
0 0 1 1 1 0 1 0 1 0 1 1 1 1 0 1 1 1 0 1 0 0 1 0 1 1 0 1 1 1 1 1 1 1 0 1 1 0 1 0 0 1 1 1 1 1 1 0 1 1 0 1 1 1 0 0 0 1 1 0 0 0 1 1 1 1 0 0 0 1 0 0 1 0 0 0 1 1 1 1 1 1 0 0 1 1 0 0 1 0 0 0 1 1 1 1 1 1 0 0 31057.0 33819.0 30655.0 0 1000000000000000.2
1 0 1 1 1 0 1 1 1 0 1 1 1 1 0 1 1 1 0 1 0 0 0 0 1 1 1 1 0 1 1 1 1 1 0 1 1 0 1 0 0 1 1 1 1 1 1 1 1 1 0 1 1 1 0 0 0 1 1 0 0 0 1 1 0 0 0 0 0 1 0 0 1 1 0 0 1 1 1 1 1 1 0 0 1 0 0 0 1 0 0 0 1 1 1 1 1 1 0 0 32706.0 33695.0 30601.0 0 0.21180356160506664
1 0 1 1 0 0 1 1 1 0 1 1 1 1 0 1 1 1 0 1 0 0 1 0 1 1 0 1 1 1 1 1 1 1 0 1 1 0 1 0 0 1 1 1 1 1 1 0 1 1 0 1 1 1 0 0 0 1 1 0 0 0 1 1 1 1 0 0 0 1 0 0 1 0 0 0 1 1 1 1 1 1 0 0 1 1 0 0 1 0 0 0 1 1 1 1 1 1 0 0 31968.0 33747.0 30321.0 0 0.20297236018972598
0 0 1 1 1 0 1 0 1 0 1 1 1 1 0 1 1 1 0 1 0 0 1 0 1 1 0 1 1 1 1 1 1 1 0 1 1 0 1 0 0 1 1 1 1 1 1 0 1 1 0 1 1 1 0 0 0 1 1 0 0 0 1 1 1 1 0 0 0 1 0 0 1 1 0 0 1 1 1 1 1 1 0 0 1 1 0 0 1 0 0 0 1 1 1 1 1 0 0 0 31300.0 33975.0 30289.0 0 2000000000000000.0
0 0 1 1 1 0 1 1 1 0 1 1 1 1 0 1 1 1 0 1 0 0 0 0 1 1 1 1 0 1 1 1 1 1 0 1 1 0 1 0 0 1 1 1 1 1 1 1 1 1 0 1 1 1 0 0 0 1 1 0 0 0 1 1 0 0 0 0 0 1 0 0 1 1 0 0 1 1 1 1 1 1 0 0 1 0 0 0 1 0 0 0 1 1 1 1 1 1 0 0 32390.0 33539.0 30408.0 1 2000000000000000.0
1 0 1 1 0 0 1 1 1 1 1 0 1 1 0 1 1 0 1 0 1 0 0 0 1 1 1 1 0 1 1 0 1 1 0 1 1 0 1 0 0 1 1 0 1 1 1 1 1 1 0 0 1 1 0 0 0 1 1 0 0 1 1 1 0 0 0 1 0 1 0 0 1 0 1 1 1 1 1 1 1 0 1 0 1 1 0 0 1 0 1 1 1 1 1 1 1 0 0 1 33559.0 28597.0 35807.0 1 1000000000000000.1
1 0 1 1 0 0 1 1 1 1 1 0 1 1 0 1 1 0 1 0 1 0 0 0 1 1 1 1 0 1 1 1 1 1 0 1 1 0 0 0 0 1 1 0 0 1 1 0 1 1 0 1 1 1 0 0 0 1 1 0 1 0 1 1 0 0 1 1 0 1 0 0 1 0 1 1 1 1 1 1 1 0 1 0 0 1 0 0 1 0 0 0 1 1 1 1 1 1 1 1 35278.0 28109.0 34833.0 1 1000000000000000.0
0 0 1 1 1 0 1 0 1 0 1 1 1 1 0 1 1 1 1 0 1 0 1 0 1 1 0 1 1 1 1 1 1 1 0 1 1 0 1 0 0 1 1 1 1 1 1 0 1 1 1 1 1 0 0 0 0 1 1 0 0 0 1 1 1 1 0 0 0 1 0 0 1 0 0 1 1 1 1 1 1 0 1 1 1 1 0 0 1 0 0 0 1 1 1 1 0 0 0 0 31055.0 33109.0 33026.0 1 1000000000000000.0
1 0 1 1 0 0 1 1 1 1 1 0 1 1 0 1 1 1 0 0 1 0 0 0 1 1 1 1 1 1 1 1 1 1 0 1 1 0 1 0 0 1 1 0 0 1 1 1 1 1 0 1 1 1 0 0 0 1 1 0 1 0 1 1 0 0 0 1 0 1 0 0 1 0 1 1 1 0 1 1 1 1 0 0 1 1 1 0 1 0 0 0 1 1 0 1 1 1 0 0 36164.0 30317.0 32409.0 1 1000000000000000.0
1 0 1 1 0 0 1 1 1 0 1 0 0 1 0 1 1 1 0 1 1 0 0 0 1 1 0 1 1 1 1 1 1 1 0 1 1 0 1 0 0 1 1 1 1 1 1 1 1 1 0 1 1 1 0 0 0 0 1 0 1 0 1 1 0 0 0 1 0 1 0 0 1 0 0 1 1 1 1 1 1 1 0 0 1 1 1 0 1 0 0 0 1 1 1 1 1 1 0 0 34949.0 32574.0 31547.0 1 0.26841109127346674
0 0 1 1 1 0 1 1 1 0 1 1 1 1 0 1 1 1 1 0 1 0 0 0 1 1 0 1 1 1 1 1 1 1 0 1 1 0 1 0 0 1 1 1 1 1 1 0 1 1 1 1 1 0 0 0 0 1 1 0 0 0 1 1 1 1 0 0 0 1 0 0 1 0 0 1 1 1 1 1 1 0 1 1 1 1 0 0 1 0 0 0 1 1 1 1 0 0 0 0 31817.0 32784.0 33131.0 1 0.24203112829957374
1 0 1 1 0 0 1 1 1 1 1 0 1 1 0 1 1 0 1 0 1 0 0 0 1 1 1 1 0 1 1 1 1 1 0 1 1 0 1 0 0 1 1 0 1 1 1 1 1 1 0 0 1 1 0 0 0 1 1 0 0 1 1 1 0 0 0 1 0 1 0 0 1 0 1 1 1 1 1 1 1 0 1 0 0 1 0 0 1 0 1 1 1 1 1 1 1 0 0 1 34474.0 28738.0 35505.0 1 0.16010791452528372
0 0 1 1 1 0 1 1 1 0 1 1 1 1 0 1 1 0 1 0 1 0 0 1 1 1 1 1 1 1 1 1 1 1 0 1 1 0 0 0 0 1 1 0 0 1 1 0 1 1 0 1 1 1 0 0 0 1 1 0 0 0 1 1 0 0 0 1 0 1 0 0 1 0 1 1 1 1 1 1 1 0 1 0 0 1 0 1 1 0 0 1 0 1 1 1 1 1 0 0 33418.0 29579.0 35407.0 1 0.14549180963159752
1 0 1 1 0 0 1 1 1 0 1 1 1 1 0 1 1 1 1 0 1 0 0 0 1 1 0 0 1 1 1 1 1 1 0 1 1 0 1 0 0 1 1 1 1 1 1 1 1 1 0 1 1 1 0 0 0 1 1 0 1 0 1 1 0 0 0 1 0 1 0 0 0 0 0 0 1 1 1 1 1 0 1 1 1 1 1 0 1 0 0 0 1 1 1 1 1 1 0 0 33125.0 32678.0 32786.0 1 0.14182704732426143
0 0 1 1 1 0 1 1 1 0 1 1 1 1 0 1 1 1 1 0 1 0 0 0 1 1 0 1 1 1 1 1 1 1 0 1 0 0 1 0 0 1 1 1 0 1 1 0 1 1 0 1 1 1 0 0 0 1 1 1 0 0 1 1 0 0 0 1 0 1 0 0 1 0 0 0 1 1 1 1 1 1 1 0 1 1 1 0 1 0 0 1 1 1 1 1 1 0 0 0 32931.0 31660.0 34031.0 1 0.1385206524899493
1 0 1 1 0 1 1 1 1 0 1 1 1 1 0 1 1 1 1 0 0 0 0 0 1 1 0 1 1 1 1 1 1 1 0 1 1 0 1 0 0 1 1 1 1 1 1 1 1 1 0 1 1 1 0 0 0 1 1 0 0 0 1 1 0 0 0 1 0 1 0 0 0 0 0 0 1 1 1 1 1 0 1 1 1 1 1 0 1 0 0 0 1 1 1 1 1 1 0 0 32167.0 33059.0 33068.0 1 0.126827120605544
1 0 1 1 0 0 1 1 1 0 1 1 0 1 0 1 1 1 0 1 1 0 0 0 1 1 0 1 1 1 1 1 1 1 0 1 1 0 1 0 0 1 1 1 1 1 1 1 1 1 0 1 1 1 0 0 0 1 1 0 0 0 1 1 0 0 0 1 0 1 0 0 1 0 0 1 1 1 1 1 1 1 0 0 1 1 1 0 1 0 0 0 1 1 1 1 1 1 0 0 34328.0 32982.0 32135.0 1 0.12337871431143507
0 0 1 1 1 0 1 0 1 0 1 1 1 1 0 1 1 1 0 1 0 0 1 0 1 1 1 1 0 1 1 1 1 1 0 1 1 0 1 0 0 1 1 0 1 1 1 1 1 1 0 0 1 1 0 0 0 1 1 0 0 1 1 1 0 0 0 1 0 1 0 0 1 0 1 1 1 1 1 1 1 0 1 0 0 1 0 0 1 0 1 1 1 1 1 1 1 0 0 1 34051.0 31135.0 34469.0 1 0.1220925763007281
0 0 1 1 1 0 1 1 1 0 1 1 1 1 0 1 1 1 0 1 0 0 0 0 1 1 0 1 1 1 1 1 1 1 0 1 1 0 1 0 0 1 1 1 1 1 1 1 1 1 0 1 1 1 0 0 0 1 1 0 0 0 1 1 0 0 0 1 0 1 0 0 1 0 1 1 1 1 1 1 1 0 1 0 0 1 1 0 0 0 0 0 1 1 1 1 1 1 0 0 34202.0 33363.0 32469.0 1 0.12192676651591217
1 0 1 0 1 0 1 1 1 0 1 1 1 1 0 1 1 1 1 0 1 0 0 0 1 0 0 1 0 1 1 1 1 1 0 1 1 0 1 0 0 1 1 0 1 1 1 1 1 1 0 1 1 1 0 0 0 1 1 0 0 0 1 1 0 0 0 1 0 1 0 0 1 0 0 1 1 1 1 1 1 0 1 1 1 1 1 0 1 0 0 0 1 1 1 1 1 1 0 0 32601.0 32548.0 33420.0 1 0.12038658444314473
0 0 1 1 1 0 1 1 1 0 1 1 1 1 0 1 1 1 0 0 1 0 0 0 1 1 1 1 0 1 1 1 1 1 0 1 1 0 1 0 0 1 1 0 1 1 1 1 1 1 0 1 1 1 0 0 0 1 1 0 1 0 1 1 0 0 0 1 0 1 0 0 1 0 1 1 1 1 1 1 1 0 1 0 0 1 0 0 1 0 0 0 1 1 1 1 1 0 1 0 35714.0 31060.0 33261.0 1 0.11582208806553326
1 0 1 1 0 0 1 1 1 1 1 0 1 1 0 1 1 0 1 0 1 0 0 0 1 1 1 1 0 1 1 1 1 1 0 1 1 0 0 0 0 1 1 0 1 1 1 1 1 1 0 0 1 1 0 0 0 1 1 0 0 1 1 1 0 0 0 1 0 1 0 0 1 0 1 1 1 1 1 1 1 0 1 0 0 1 0 1 1 0 0 0 1 1 1 1 1 1 1 0 34656.0 28378.0 35374.0 1 0.1139131485272209
1 0 1 1 0 0 1 1 1 1 1 0 1 1 0 1 1 1 0 0 1 0 0 0 1 1 1 1 1 1 1 1 1 1 0 1 1 0 1 0 0 1 1 0 1 1 1 0 1 1 0 0 1 1 0 0 0 1 1 0 1 0 1 1 0 0 0 1 0 1 0 0 1 0 1 1 1 1 1 1 1 0 1 0 0 1 0 1 1 0 0 1 1 1 1 1 1 0 1 0 36004.0 29307.0 34732.0 1 0.10695055890516066
1 0 1 1 0 0 1 1 1 0 1 1 1 1 0 1 0 1 1 0 1 0 1 0 1 1 0 1 1 1 1 1 1 1 0 1 1 0 1 0 0 1 1 0 0 1 1 1 1 1 0 1 1 1 0 0 0 1 1 0 1 1 1 1 0 0 0 1 0 1 0 0 1 0 1 0 1 1 1 1 1 0 1 0 0 1 0 0 1 0 0 0 1 1 1 1 1 1 1 0 35266.0 31621.0 32581.0 1 0.1052227460643295
1 0 1 0 1 0 1 1 1 0 1 1 1 1 0 1 1 1 0 0 1 0 0 0 1 1 1 1 0 1 1 1 1 1 0 1 1 0 1 0 0 1 1 0 1 1 1 1 1 1 0 1 1 1 0 0 0 1 1 0 0 0 1 1 0 0 0 1 0 1 0 0 1 0 1 1 1 1 1 1 1 0 1 0 0 1 0 0 1 0 0 1 1 1 1 1 1 1 0 1 35201.0 31314.0 33851.0 1 0.10248121330479251
0 0 1 1 1 0 1 1 1 0 0 1 1 1 0 1 1 0 1 0 1 0 0 0 1 1 1 1 0 1 1 1 1 1 0 1 1 0 0 0 0 1 1 0 1 1 1 1 1 1 0 1 1 1 0 0 0 1 1 0 1 0 1 1 0 0 0 1 0 1 0 0 1 0 1 1 1 1 1 1 1 0 1 0 0 1 0 1 1 0 0 1 1 1 1 1 1 0 1 0 34878.0 29673.0 34813.0 1 0.09995096923086862
1 0 1 1 0 0 1 1 1 0 1 1 1 1 0 1 1 1 1 0 1 0 0 0 1 1 1 1 1 1 1 1 1 1 0 1 1 0 1 0 0 1 1 0 0 1 1 1 1 1 0 1 1 1 0 0 0 1 1 0 0 0 1 1 0 0 0 1 0 1 0 0 1 0 1 1 1 1 1 1 1 0 1 0 0 1 0 0 1 0 0 0 1 1 1 1 1 1 1 0 35784.0 30941.0 33404.0 1 0.09976520131540392
1 0 1 1 0 0 1 1 1 0 1 1 1 1 0 1 1 1 1 0 1 0 0 0 1 1 0 1 1 1 1 1 1 1 0 1 1 0 1 0 0 1 1 0 0 1 1 0 1 1 0 1 1 1 0 0 0 1 1 0 1 1 1 1 0 0 0 1 0 1 0 0 1 0 1 1 1 1 1 1 1 0 1 0 0 1 0 0 1 0 0 0 1 1 1 1 1 1 1 0 35565.0 30269.0 33771.0 1 0.09952024121604115
1 0 1 1 0 0 1 1 1 0 1 1 0 1 0 1 1 1 0 1 1 0 0 0 1 1 0 1 1 1 1 1 1 1 0 1 1 0 1 0 0 1 1 0 1 1 1 1 1 1 0 1 1 1 0 0 0 1 1 0 0 0 1 1 0 1 0 1 0 1 0 0 1 0 0 1 1 1 1 1 1 1 0 0 1 1 1 0 1 0 0 0 1 1 1 1 1 1 0 0 34583.0 32204.0 32029.0 1 0.09894376874544564
1 0 1 1 0 0 1 1 1 1 1 0 1 1 0 1 1 1 1 0 1 0 0 0 1 1 1 1 0 1 1 1 1 1 0 1 1 0 1 0 0 1 1 0 0 1 1 0 1 1 0 1 1 1 0 0 0 1 1 0 1 0 1 1 0 1 1 1 0 1 0 0 1 0 1 1 1 1 1 1 1 0 1 0 0 1 0 0 1 0 0 0 0 1 1 1 1 1 1 0 35436.0 29414.0 34586.0 1 0.09727165735050801
0 0 1 1 1 0 1 1 1 0 1 1 1 1 0 1 1 0 1 0 1 0 0 0 1 1 1 1 0 1 1 1 1 1 0 1 1 0 0 0 0 1 1 0 1 1 1 1 1 1 0 1 1 1 0 0 0 1 1 0 1 0 1 1 0 0 0 1 0 1 0 0 1 0 1 1 1 1 1 1 1 0 1 0 0 1 0 0 1 1 0 0 1 1 1 1 1 1 1 0 35564.0 30428.0 34157.0 1 0.09266856530293885
1 0 1 1 0 0 1 1 1 0 1 1 1 1 0 1 1 1 1 0 1 0 0 0 1 1 1 1 0 1 1 1 1 1 0 1 1 0 1 0 0 1 1 0 0 1 1 0 1 1 0 1 1 1 0 0 0 1 1 0 1 0 1 1 0 0 1 1 0 1 0 0 1 0 1 1 1 1 1 1 1 0 1 0 0 1 0 1 1 0 0 1 0 1 1 1 1 1 0 0 34545.0 29814.0 34916.0 1 0.0893695289817556
0 0 1 1 1 0 1 1 1 0 1 1 1 1 0 1 1 0 1 0 1 0 0 0 1 1 1 1 0 1 1 1 1 1 0 1 1 0 0 0 0 1 1 0 0 1 1 0 1 1 0 1 1 0 0 0 0 1 1 0 1 0 1 1 0 0 1 1 0 1 0 0 1 0 1 1 1 1 1 1 1 0 1 1 0 0 0 1 1 0 0 0 1 1 1 1 1 1 1 0 33916.0 29476.0 35184.0 1 0.08774159808906795
1 0 1 1 1 0 1 1 1 0 1 1 1 1 0 1 1 1 0 0 1 0 1 0 1 1 0 1 1 1 1 1 1 1 0 1 1 0 1 0 0 1 1 0 1 1 1 0 1 1 0 1 1 1 0 0 0 1 1 0 0 0 1 1 1 1 0 0 0 1 0 0 1 0 0 1 1 1 1 1 1 0 1 1 1 1 0 0 1 0 0 0 1 1 1 1 0 0 0 0 32248.0 32818.0 32970.0 1 0.08752133129717336
1 0 1 1 0 0 1 1 1 0 1 1 1 1 0 1 1 1 1 0 1 0 0 0 1 1 0 1 0 1 1 1 1 1 0 1 1 0 1 0 0 1 1 0 1 1 1 1 1 1 0 1 1 1 0 0 0 1 1 0 0 0 1 1 0 0 0 1 0 1 0 0 1 0 0 1 1 1 1 1 1 0 1 1 1 1 1 0 1 0 0 1 0 1 1 1 1 0 0 0 32588.0 31981.0 34340.0 1 0.08685511303588207
0 0 1 1 1 0 1 1 1 0 1 1 1 1 0 1 1 0 1 0 1 0 0 0 1 1 1 1 0 1 1 1 1 1 0 1 1 0 0 0 0 1 1 0 0 1 1 0 1 1 0 1 1 1 0 0 0 1 1 0 1 0 1 1 0 0 1 1 0 1 0 0 1 0 1 1 1 1 1 1 1 0 1 0 0 1 0 0 1 0 0 0 1 1 1 1 1 1 1 1 35059.0 29053.0 34815.0 1 0.08620228908637144
1 0 1 1 0 0 1 1 1 1 1 0 1 1 0 1 1 1 0 0 1 0 0 0 1 1 0 1 1 1 1 1 1 1 0 1 1 0 1 0 0 1 1 1 1 1 1 1 1 1 0 1 1 1 0 0 0 0 1 0 1 0 1 1 0 0 0 1 0 1 0 0 1 0 0 1 1 1 1 1 1 1 0 0 1 0 1 0 1 0 0 0 1 1 0 1 1 1 0 0 34703.0 32273.0 31729.0 1 0.08258602608285791
0 0 1 1 1 0 1 1 1 0 1 0 1 1 0 1 1 1 0 1 0 0 1 0 1 1 1 1 1 1 1 1 1 1 0 1 1 0 0 0 0 1 1 0 0 1 1 0 1 1 0 1 1 1 0 0 0 1 1 0 0 0 1 1 0 0 0 1 0 1 0 0 1 0 0 1 1 1 1 1 1 0 1 1 1 1 0 0 1 0 0 0 1 1 1 1 1 1 0 0 33012.0 32482.0 33129.0 1 0.08108548909068446
1 0 1 1 0 0 1 1 1 1 1 0 1 1 0 1 1 0 1 0 1 0 0 0 1 1 1 1 0 1 1 1 1 1 0 1 1 0 1 0 0 1 1 0 1 1 1 1 1 1 0 1 1 1 0 0 0 1 1 0 0 0 1 1 0 0 0 1 0 1 0 0 1 0 1 1 1 1 1 1 1 0 1 0 0 1 0 0 1 0 0 1 1 1 1 1 1 1 0 0 34386.0 30092.0 34264.0 1 0.08102280522739082
1 0 1 1 0 0 1 1 1 1 1 0 1 1 0 1 1 1 0 0 1 0 0 0 1 1 1 1 1 1 1 1 1 1 0 1 1 0 1 0 0 1 1 0 1 1 1 1 1 1 0 1 1 1 0 0 0 1 1 0 0 0 1 1 0 0 0 1 0 1 0 0 1 0 0 1 1 1 1 1 1 0 1 1 1 1 0 0 1 0 0 0 1 1 1 1 1 0 0 0 34160.0 31954.0 33658.0 1 0.07962856291898449
1 0 1 1 0 0 1 1 1 0 1 1 1 1 0 1 1 1 0 0 1 0 0 0 1 1 1 1 0 1 1 1 1 1 0 1 1 0 1 0 0 1 1 0 1 1 1 1 1 1 0 1 1 1 0 0 0 1 1 0 1 0 1 1 0 0 0 1 0 1 0 0 1 0 1 1 1 1 1 1 1 0 1 0 0 1 0 0 1 0 0 0 1 1 1 1 1 1 1 0 36114.0 30878.0 32911.0 1 0.07924475132907692
0 0 1 1 1 0 1 1 1 0 1 0 1 1 0 1 1 1 1 0 1 0 1 0 1 1 0 1 0 1 1 1 1 1 0 1 1 0 1 0 0 1 1 0 0 1 1 1 1 1 0 1 1 1 0 0 0 1 1 0 0 0 1 1 0 0 0 1 0 1 0 0 1 0 1 1 1 1 1 1 1 0 1 0 0 1 0 0 1 0 0 1 1 1 1 1 1 1 0 0 33770.0 31864.0 33827.0 1 0.0767318061163967
1 0 1 1 0 0 1 1 1 0 1 1 1 1 0 1 1 1 1 0 1 0 1 0 1 1 0 1 1 1 1 1 1 1 0 1 1 0 1 0 0 1 1 0 0 1 1 1 1 1 0 1 1 1 0 0 0 1 1 0 0 0 1 1 0 0 0 1 0 1 0 0 1 0 1 1 1 1 1 1 1 0 1 0 0 1 0 0 1 0 0 0 1 1 1 1 1 1 1 0 35109.0 31841.0 33192.0 1 0.07517575819984922
0 0 1 1 1 0 1 1 1 0 1 1 1 1 0 1 1 0 1 0 1 0 0 0 1 1 1 1 0 1 1 1 1 1 0 1 1 0 0 0 0 1 1 0 1 1 1 1 1 1 0 1 1 1 0 0 0 1 1 0 1 0 1 1 0 0 0 1 0 1 0 1 1 0 1 1 1 1 1 1 1 0 1 0 0 1 0 0 1 1 0 0 1 1 1 1 1 1 0 0 35422.0 30674.0 33933.0 1 0.07491727089233469
0 0 1 1 1 0 1 1 1 0 1 1 1 1 0 1 1 0 1 0 1 0 0 1 1 1 1 1 0 1 1 1 1 1 0 1 1 0 0 0 0 1 1 0 0 1 1 0 1 1 0 1 1 1 0 0 0 1 1 0 1 0 1 1 0 0 1 1 0 1 0 0 1 0 1 1 1 1 1 1 1 0 1 0 0 1 0 0 1 0 0 0 1 1 1 1 1 1 1 0 34998.0 29114.0 34840.0 1 0.07465707231620547
0 0 1 1 1 0 1 1 1 0 1 1 1 1 0 1 1 0 1 0 1 0 0 0 1 1 1 1 0 1 1 1 1 1 0 1 1 0 0 0 0 1 1 0 0 1 1 0 1 1 0 1 1 1 0 0 0 1 1 0 1 0 1 1 0 0 1 1 0 1 0 0 1 0 1 1 1 1 1 1 1 0 1 1 1 1 0 0 1 0 0 0 1 1 1 1 1 1 0 0 33641.0 30493.0 34962.0 1 0.07277342503037784
1 0 1 1 0 0 1 1 1 0 1 1 0 1 0 1 1 1 0 1 0 0 0 0 1 1 0 1 1 1 1 1 1 1 0 1 1 0 1 0 0 1 1 1 1 1 1 1 1 1 0 1 1 1 0 0 0 1 1 0 1 0 1 1 0 0 0 1 0 1 0 0 1 0 0 1 1 1 1 1 1 1 0 0 1 1 1 0 1 0 0 0 1 1 1 1 1 1 0 0 34460.0 32749.0 31809.0 1 0.07121410471845455
0 0 1 1 1 0 1 0 1 0 1 0 1 1 0 1 1 1 0 0 1 0 0 0 1 1 1 1 0 1 1 1 1 1 0 1 1 0 1 0 0 1 1 0 1 1 1 1 1 1 0 1 1 1 0 0 0 1 1 0 0 0 1 1 0 0 0 1 0 1 0 0 1 0 0 1 1 1 1 1 1 0 1 1 1 1 1 0 1 0 0 0 1 1 1 1 1 1 0 0 33112.0 32121.0 33974.0 1 0.0711504091001656
1 0 1 1 1 0 1 1 1 0 1 1 1 1 0 1 1 1 0 1 0 0 0 0 1 1 1 1 0 1 1 1 1 1 0 1 1 0 0 0 0 1 1 0 0 1 1 1 1 1 0 1 1 1 0 0 0 1 1 0 1 0 1 1 0 0 1 1 0 1 0 0 1 0 1 1 1 1 1 1 1 0 1 0 0 1 0 1 1 0 0 1 0 1 1 1 1 0 0 0 34294.0 30550.0 34304.0 1 0.07096740236469169
1 0 1 1 0 0 1 1 1 1 1 0 1 1 0 1 1 1 0 0 1 0 0 0 1 1 1 1 1 1 1 1 1 1 0 1 1 0 1 0 0 1 1 0 0 1 1 1 1 1 0 1 1 1 0 0 0 1 1 0 1 1 1 1 0 0 0 1 0 1 0 0 1 0 1 0 1 1 1 1 1 0 1 0 0 1 0 0 1 0 0 0 1 1 1 1 1 1 1 0 36063.0 30499.0 33604.0 1 0.06814566937923172
0 0 1 1 1 0 1 1 1 0 1 1 0 1 0 1 1 1 0 0 1 0 1 0 1 1 0 1 1 1 1 1 1 1 0 1 1 0 1 0 0 1 1 0 0 1 1 1 1 1 0 1 1 1 0 0 0 1 1 0 0 0 1 1 0 0 0 1 0 1 0 0 1 0 1 1 1 1 1 1 1 0 1 0 0 1 0 0 1 0 1 1 1 1 1 1 1 0 0 1 34008.0 31437.0 33978.0 1 0.0652906123132506
0 0 1 1 1 0 1 1 1 0 1 1 1 1 0 1 1 0 1 0 1 0 0 0 1 1 1 1 0 1 1 1 1 1 0 1 1 0 0 0 0 1 1 0 1 1 1 1 1 1 0 0 1 1 0 0 0 1 1 0 0 1 1 1 0 0 0 1 0 1 0 0 1 0 1 1 1 1 1 1 1 0 1 0 0 1 0 0 1 0 1 1 1 1 1 1 1 0 0 1 33851.0 29102.0 35348.0 1 0.06286716168007003
1 0 1 1 0 0 1 1 1 0 1 0 0 1 0 1 1 1 0 0 1 0 0 0 1 0 1 1 1 1 1 1 1 1 0 1 1 0 1 1 0 1 1 0 1 1 1 1 1 1 0 1 1 1 0 0 0 1 1 0 1 1 1 1 0 0 0 1 0 1 0 0 1 0 1 1 1 1 1 1 1 0 1 0 0 1 0 0 1 0 0 0 1 1 1 1 1 1 1 0 35902.0 30303.0 33615.0 1 0.06190289563568479
0 0 1 1 1 0 1 1 1 0 1 1 0 1 0 1 1 1 0 0 1 0 0 0 1 1 1 1 0 1 1 1 1 1 0 1 1 0 1 0 0 1 1 1 1 1 1 1 1 1 0 1 1 1 0 0 0 1 1 0 1 0 1 1 0 0 0 1 0 1 0 0 1 0 1 1 1 0 1 1 1 1 0 0 1 1 1 0 1 0 1 0 1 1 0 1 1 1 0 0 35339.0 31418.0 32992.0 1 0.06120977976979899
1 0 1 1 0 0 1 1 1 0 1 0 1 1 0 1 1 1 0 0 1 0 0 0 1 1 0 1 1 1 1 1 1 1 0 1 1 0 1 0 0 1 1 1 1 1 1 1 1 1 0 1 1 1 0 0 0 0 1 0 1 0 1 1 0 0 0 1 0 1 0 0 1 0 0 1 1 1 1 1 1 1 0 0 1 1 1 0 1 0 0 0 1 1 1 1 1 1 0 0 34914.0 32716.0 31661.0 1 0.05902503859988005
0 0 1 1 1 0 1 1 1 0 1 1 1 1 0 1 1 0 1 0 1 0 0 1 1 1 1 1 0 1 0 1 1 1 0 1 1 0 0 0 0 1 1 0 1 1 1 1 1 1 0 1 1 1 0 0 0 1 1 0 0 0 1 1 0 0 1 1 0 1 0 0 1 0 1 1 1 1 1 1 1 0 1 0 0 1 0 0 1 0 0 0 0 1 1 1 1 1 1 0 33878.0 29992.0 34704.0 1 0.058589756195368874
