0 0 1 1 1 1 0 0 0 0 0 0 0 0 0 1 1 0 1 1 1 1 1 1 0 1 1 0 1 1 0 1 1 1 1 0 0 1 1 1 0 1 1 0 0 0 1 0 1 0 0 0 1 1 0 1 0 1 0 0 0 0 0 0 1 0 0 1 1 0 1 0 0 0 1 1 1 1 0 1 0 1 1 0 0 0 0 1 1 0 0 1 0 0 0 1 0 0 0 1 22812.0 17829.0 27324.0 0 3000000000000000.0
1 1 0 0 1 0 1 0 1 1 1 0 0 1 0 0 1 0 1 1 1 1 1 1 0 1 1 0 1 0 0 1 1 1 1 1 0 1 1 0 0 0 0 0 1 0 0 1 1 0 0 0 1 1 0 0 0 0 1 0 0 0 0 1 0 0 0 1 0 1 1 1 0 1 1 1 1 1 1 1 0 0 0 0 1 0 0 0 0 0 1 1 1 0 1 1 1 1 0 0 26455.0 21889.0 27088.0 0 1.9015844858036917
1 1 0 0 1 0 1 0 1 1 1 0 0 1 0 0 1 0 1 1 1 1 1 0 0 1 1 0 1 0 0 1 1 1 1 1 1 1 1 0 0 0 0 0 1 0 0 1 1 0 0 0 1 1 0 0 0 0 1 0 0 0 0 1 0 0 0 1 0 1 1 1 0 1 1 1 1 1 1 1 0 0 0 0 1 0 0 0 0 0 1 1 1 0 1 1 1 1 0 0 26711.0 22452.0 26562.0 0 1000000000000001.1
1 0 0 1 0 0 1 1 1 0 1 0 1 0 1 1 1 1 0 1 0 0 1 0 1 0 0 1 1 0 0 0 0 0 0 1 1 0 1 0 1 1 1 1 0 1 1 0 0 1 0 0 1 0 0 0 0 0 1 0 0 1 1 1 0 0 0 1 0 0 1 1 0 0 0 0 1 1 1 0 0 0 0 0 1 0 1 0 0 1 0 0 0 1 1 0 0 1 1 0 22843.0 23498.0 21773.0 0 1000000000000000.9
1 0 1 0 1 0 0 0 0 1 1 1 1 1 1 1 0 1 0 1 0 0 0 0 0 0 1 0 0 1 1 1 0 1 0 0 0 1 1 0 1 0 0 0 1 1 0 0 1 1 1 1 1 0 0 0 0 0 0 0 0 0 1 1 0 1 0 0 0 1 0 0 1 0 0 1 1 1 1 1 0 0 0 0 1 0 0 0 0 0 1 1 1 0 1 1 1 1 0 0 23006.0 22495.0 21715.0 0 1000000000000001.1
0 0 1 1 1 1 0 0 0 0 0 0 0 0 0 1 1 0 1 1 1 1 1 1 0 1 1 0 1 1 0 1 1 1 1 0 0 1 1 0 0 1 1 0 0 0 1 0 1 0 0 0 1 1 0 1 0 1 0 1 1 0 0 0 0 0 1 1 0 1 0 1 0 0 0 1 1 0 1 0 0 0 1 0 1 0 0 0 1 0 0 1 1 1 0 1 1 1 1 0 25929.0 20295.0 26832.0 1 2000000000000000.2
1 1 0 0 1 0 1 0 1 1 1 0 0 1 0 0 1 0 1 1 1 1 1 1 0 1 1 0 1 0 0 1 1 1 1 1 0 1 1 0 0 0 0 0 1 0 0 1 1 0 0 0 1 1 0 0 0 0 1 0 0 0 0 0 0 0 0 1 0 1 1 1 0 1 1 1 1 1 1 1 0 0 0 0 1 0 0 0 0 0 1 1 1 0 1 1 0 1 0 0 25311.0 20853.0 25760.0 1 1.4248135384492209
0 0 1 0 1 1 1 0 1 0 0 1 1 1 0 0 1 0 1 0 0 0 1 1 1 1 1 0 1 0 1 0 0 1 1 1 1 0 0 1 0 0 0 1 0 1 0 1 1 0 1 1 1 1 1 0 0 0 0 0 1 0 1 0 0 0 1 1 0 1 0 1 0 0 0 1 1 0 1 0 0 0 1 0 1 0 0 0 1 0 0 1 1 1 0 1 1 1 0 0 24479.0 22084.0 25288.0 1 0.5999844775622718
0 0 1 1 1 1 0 0 0 0 0 0 0 0 0 1 1 0 1 1 1 1 1 1 0 1 1 0 1 1 0 1 1 1 1 1 1 0 0 1 0 0 0 1 0 1 0 1 1 0 1 1 1 1 1 0 0 0 0 0 1 0 1 0 0 0 0 1 0 0 1 1 0 1 0 1 1 1 1 1 0 0 0 0 1 0 0 0 0 0 1 1 0 0 1 1 0 0 0 0 23345.0 22229.0 24972.0 1 0.7365538823407313
0 0 1 1 0 0 0 0 1 1 1 0 1 0 0 0 0 1 1 1 1 1 1 1 0 1 1 0 1 0 0 1 1 1 1 1 0 1 1 0 0 0 0 0 1 0 0 1 1 0 0 0 1 1 0 0 0 0 1 0 0 0 0 1 0 0 0 1 0 1 1 1 0 1 1 1 1 1 1 1 0 0 0 0 1 0 0 0 0 0 1 1 1 0 1 1 1 1 0 0 26352.0 21992.0 24740.0 1 1000000000000001.0
1 0 1 0 1 0 1 0 1 1 0 1 1 0 0 1 0 1 0 0 0 1 1 1 0 1 1 0 1 1 0 1 1 1 1 0 0 1 1 0 0 1 1 1 0 0 1 0 1 0 0 0 1 1 0 1 0 1 0 0 0 0 0 1 0 1 0 1 0 1 0 0 1 1 0 1 0 0 1 0 1 0 0 0 1 1 0 0 0 1 0 0 0 1 1 0 0 1 1 0 24862.0 22141.0 23441.0 1 0.8428525754219456
1 0 1 0 1 0 1 0 1 1 0 1 1 0 0 1 0 1 0 1 1 1 1 0 1 0 0 0 0 0 0 0 0 1 0 0 1 0 0 1 0 0 0 1 0 1 0 0 1 0 1 1 1 1 1 0 0 0 0 0 1 0 1 0 0 0 0 1 0 0 1 1 1 1 0 1 1 1 1 1 0 0 0 0 1 0 0 0 0 0 1 1 1 0 1 1 1 1 0 0 22178.0 22286.0 21959.0 1 3000000000000000.0
1 1 0 0 1 0 1 0 1 1 1 0 0 1 0 0 1 0 1 1 1 1 1 1 0 1 1 0 1 1 0 1 1 1 1 0 0 1 1 0 0 1 1 0 0 0 1 0 1 0 0 0 1 1 0 1 0 1 0 0 0 1 0 0 0 0 1 1 0 1 0 0 0 1 1 0 1 0 1 0 0 1 1 0 0 1 1 0 0 0 0 0 1 0 1 1 1 0 0 0 24997.0 19850.0 26409.0 2 1000000000000000.4
0 0 0 0 0 1 1 0 1 1 0 0 0 1 0 0 1 1 1 1 1 1 1 1 0 1 1 0 1 0 0 1 1 1 1 1 0 1 1 0 0 0 0 0 1 0 0 1 1 0 0 1 1 0 0 0 0 1 0 1 0 1 1 0 0 0 0 1 0 0 0 0 0 1 0 1 1 1 1 1 0 0 0 0 1 0 0 0 0 0 1 1 1 0 1 1 1 1 0 0 24107.0 20524.0 25130.0 2 0.42132032497143634
0 0 1 1 1 1 0 0 0 0 0 0 0 0 0 1 1 0 1 1 1 1 1 1 0 1 1 0 1 1 0 1 1 1 1 0 0 1 1 0 0 1 1 0 0 0 1 0 1 0 1 1 1 1 1 0 0 0 0 0 1 0 1 0 0 0 0 1 0 0 1 1 0 1 0 1 1 1 1 1 0 0 0 0 1 0 0 0 0 0 1 1 0 0 1 1 0 0 0 0 23296.0 20799.0 25114.0 2 0.6601178218151117
0 0 1 1 0 0 0 0 1 1 1 0 1 0 0 0 0 1 1 1 1 1 1 1 0 1 1 0 1 1 0 1 1 1 1 0 0 1 1 0 0 1 1 0 0 0 1 0 1 0 0 0 1 1 0 1 0 1 0 0 0 1 0 0 0 0 1 1 0 1 0 0 0 1 1 0 1 0 1 0 0 1 1 0 0 1 1 0 0 0 0 0 1 0 1 1 1 0 0 0 24894.0 19953.0 24061.0 2 0.5089093703185823
1 1 0 0 1 0 1 0 1 1 0 0 0 1 0 1 0 1 0 0 1 1 1 1 0 0 1 0 0 0 0 1 0 1 0 0 0 1 1 0 1 0 0 0 1 1 1 0 1 1 1 1 1 0 0 0 1 0 0 0 0 0 1 1 0 1 0 0 0 1 1 0 1 0 1 0 1 0 0 1 1 0 1 0 1 1 0 0 0 1 0 0 0 1 1 0 0 1 1 0 23816.0 20597.0 24004.0 2 0.4169915586881403
1 0 0 0 1 0 1 1 0 0 1 0 1 0 0 1 0 0 0 1 1 1 1 0 1 0 1 0 1 1 0 1 1 1 1 0 1 1 1 0 0 1 1 0 0 0 1 0 1 0 0 0 1 1 0 1 0 1 0 0 0 1 0 0 0 0 1 1 0 1 0 0 0 1 1 0 1 0 1 0 0 1 1 0 0 1 1 0 0 0 0 0 1 0 1 1 1 0 0 0 24527.0 21216.0 23281.0 2 0.5855417731668442
0 0 1 1 0 0 0 0 1 1 1 0 1 0 0 0 0 1 1 1 1 1 1 1 0 1 1 0 1 1 0 1 1 1 1 0 0 1 1 0 0 1 1 0 0 0 1 0 1 0 0 0 1 1 0 1 0 1 0 0 0 0 0 1 0 1 0 1 0 1 0 0 1 1 0 1 0 0 1 0 1 0 0 0 1 1 0 0 0 1 0 0 0 1 1 0 0 1 1 0 25451.0 20450.0 22883.0 2 0.732195024530847
1 0 1 0 1 0 0 0 0 1 1 1 1 1 1 1 0 1 0 1 0 0 0 0 0 1 1 0 0 0 0 1 0 1 0 0 1 0 0 1 0 0 0 1 0 1 0 0 1 0 1 1 1 1 1 0 1 0 0 0 1 0 1 0 0 0 0 1 0 0 1 1 0 1 0 1 1 1 1 1 0 0 0 0 1 0 0 0 0 0 1 1 0 0 1 1 1 1 0 0 22721.0 21396.0 21099.0 2 1.021645040348342
1 0 0 1 0 0 1 1 1 0 1 0 1 0 1 1 1 1 0 1 0 0 1 0 1 0 0 1 1 0 0 0 0 0 0 1 1 0 1 0 1 1 1 1 0 1 1 0 0 1 0 0 1 0 0 0 0 0 1 0 0 1 1 1 0 0 0 1 0 0 1 1 0 0 0 0 1 1 0 0 0 0 0 0 0 0 1 0 0 1 0 0 0 0 0 1 1 0 0 1 21609.0 22024.0 20834.0 2 2000000000000000.2
1 0 0 0 1 1 1 1 1 1 0 0 0 0 1 0 0 1 1 1 1 0 0 0 1 1 0 1 1 1 1 1 0 1 0 0 1 0 0 0 1 0 0 0 0 1 0 0 0 0 0 1 0 0 0 1 1 1 0 1 1 0 0 1 0 1 0 1 0 1 0 0 1 1 0 1 0 0 1 0 1 0 0 0 1 1 0 0 0 1 0 0 0 1 1 0 0 1 1 0 25773.0 19409.0 19746.0 2 3000000000000000.0
0 0 0 0 1 0 1 1 1 1 0 0 0 0 1 0 0 1 1 1 0 1 1 1 0 1 0 0 1 0 0 1 1 0 1 0 0 1 0 1 1 0 0 0 0 0 1 0 1 1 1 1 1 1 0 0 0 0 0 1 0 1 1 0 0 1 1 0 0 0 0 0 0 0 1 1 1 1 0 1 0 0 1 0 1 0 0 1 0 0 0 1 0 0 1 1 0 0 0 1 22320.0 17213.0 25543.0 3 1000000000000000.9
0 0 1 1 1 1 0 0 0 0 0 0 0 0 0 1 1 0 1 1 1 1 1 1 0 1 1 0 1 1 0 1 1 1 1 0 0 1 1 0 0 1 1 0 0 0 1 0 1 0 0 0 1 1 0 1 0 1 0 1 0 1 1 0 0 0 0 1 0 0 0 0 1 1 0 0 1 1 0 0 0 0 0 1 1 0 0 0 1 0 0 0 0 0 1 1 0 0 1 0 21646.0 19611.0 25304.0 3 0.45786790676701683
0 0 1 0 0 0 0 0 1 1 1 0 1 0 0 0 0 1 1 1 1 1 1 1 0 1 1 0 1 1 0 1 1 1 1 0 0 1 1 0 0 1 1 0 0 0 1 0 1 0 0 0 1 1 0 1 0 1 0 0 0 0 0 1 0 0 0 1 0 0 0 0 0 0 1 1 1 1 0 1 0 1 1 0 0 0 0 1 1 0 0 1 0 0 0 1 0 0 0 1 24035.0 16839.0 24885.0 3 1000000000000000.1
0 0 1 1 1 1 0 0 0 0 0 0 0 0 0 1 1 0 1 1 1 1 1 1 0 1 1 0 1 1 0 1 1 1 1 0 0 1 1 0 0 1 1 0 0 0 1 0 1 0 0 0 1 1 0 1 0 1 0 0 1 0 0 1 0 1 0 1 0 1 0 0 1 1 0 1 0 0 1 0 1 0 0 0 1 1 1 1 0 1 1 0 1 0 0 0 0 1 0 0 24053.0 19340.0 24262.0 3 0.3081120278437215
0 0 1 1 1 1 0 0 0 0 0 0 0 0 0 1 1 0 1 1 1 1 1 1 0 1 1 0 1 1 0 1 1 1 1 0 0 1 1 0 0 1 1 0 0 0 1 0 1 0 0 0 1 1 0 1 0 1 0 0 0 0 0 1 0 1 0 1 0 1 0 0 1 1 0 1 0 0 1 0 1 0 0 0 1 1 0 0 0 1 0 0 0 1 1 0 0 1 1 0 23587.0 19920.0 23600.0 3 0.6319348305239306
1 1 0 0 1 0 1 0 1 1 0 0 0 1 0 1 0 1 0 0 1 1 1 1 0 1 0 0 0 1 1 0 0 1 1 0 1 0 0 0 0 0 1 1 1 1 0 0 1 0 0 1 1 0 1 0 0 0 1 1 0 0 1 0 0 1 0 0 0 0 0 1 0 0 0 1 1 0 0 1 1 0 1 0 1 0 0 1 0 1 0 0 0 1 0 0 1 1 1 0 23843.0 20200.0 23182.0 3 0.3993141736746738
1 1 0 0 1 0 1 0 1 1 0 0 0 1 0 1 0 1 0 0 1 1 1 1 0 1 0 0 0 1 1 0 0 1 1 0 1 0 0 0 0 0 1 1 1 1 0 0 1 0 1 0 0 0 0 0 0 0 1 0 0 0 1 0 0 1 0 1 1 1 0 1 0 0 0 1 1 0 1 0 0 0 1 0 0 0 0 0 1 0 0 1 1 1 0 1 1 1 0 0 24040.0 21205.0 23003.0 3 0.22734136086869108
0 0 0 0 0 0 0 0 0 1 0 1 0 0 0 1 1 0 1 1 1 1 1 1 0 1 1 0 1 1 0 1 1 1 1 0 0 1 1 0 0 1 1 0 0 0 1 1 1 0 0 0 1 1 0 1 0 1 0 0 0 0 0 1 0 1 0 1 0 1 0 0 1 1 1 1 0 0 1 0 1 0 0 0 0 0 0 0 1 1 1 0 0 1 0 1 0 1 0 0 24384.0 19156.0 22570.0 3 0.4538156358253488
0 0 0 0 0 1 1 1 1 1 0 0 0 0 1 0 0 1 1 1 1 0 0 0 1 1 0 1 1 1 1 1 0 1 0 0 1 0 0 0 0 0 0 0 0 1 1 0 0 0 0 1 0 0 0 1 1 0 0 0 0 0 1 1 0 1 1 0 0 1 0 0 0 1 1 1 1 1 1 1 0 0 0 0 1 0 0 0 0 0 1 1 1 0 1 1 1 1 0 0 24379.0 20989.0 21963.0 3 0.2740160392436368
1 0 0 0 1 0 1 1 0 0 1 0 1 0 0 1 0 0 0 1 1 1 1 0 1 0 1 0 1 1 0 1 1 1 1 0 0 1 1 0 0 1 1 0 0 0 1 0 1 0 0 0 1 1 0 1 0 1 0 0 0 0 0 1 0 1 0 1 0 1 0 0 1 1 0 1 0 0 1 0 1 0 0 0 1 1 0 0 0 1 0 0 0 1 1 0 0 1 1 0 24293.0 21062.0 21917.0 3 0.3933995595481562
1 0 0 0 0 1 1 1 1 1 0 0 0 0 1 0 0 1 1 1 1 0 0 0 1 1 0 1 1 1 1 1 0 1 0 0 1 0 0 0 1 0 0 0 0 1 0 0 0 0 0 1 0 0 0 1 0 0 0 1 0 1 0 0 0 0 1 1 0 1 0 0 0 1 1 0 1 0 1 0 0 1 1 0 0 1 1 0 0 0 0 0 1 1 1 1 1 1 0 0 25234.0 18773.0 19710.0 3 1000000000000001.0
1 0 0 1 0 0 1 1 1 0 1 0 1 0 1 1 1 1 0 1 0 0 1 0 1 0 0 1 1 0 0 0 0 0 0 1 1 0 1 0 1 0 0 0 0 1 1 0 0 0 0 1 0 0 0 1 1 0 0 0 0 0 1 0 0 1 1 0 0 1 0 0 1 1 0 1 0 0 1 0 1 0 0 0 1 1 0 0 0 1 0 0 0 1 1 0 0 1 1 0 21280.0 21808.0 17120.0 3 3000000000000000.0
0 1 1 1 1 1 0 0 0 0 0 0 0 0 0 0 1 0 1 1 1 1 1 1 0 1 0 0 1 0 0 1 1 1 1 1 0 1 0 1 1 0 0 0 0 0 1 0 1 1 1 1 1 1 0 0 0 0 0 0 0 1 1 0 0 0 1 0 0 0 0 0 0 0 1 1 1 1 0 1 0 0 1 0 0 0 0 1 0 0 0 1 0 0 0 1 0 0 0 1 19975.0 16246.0 25154.0 4 2000000000000000.0
1 0 0 0 1 1 1 1 0 1 0 0 0 1 1 1 1 0 0 0 1 0 1 1 1 0 1 1 0 1 0 0 1 0 1 0 0 1 0 1 1 0 0 0 0 0 1 0 1 1 1 1 1 1 0 0 0 0 0 0 0 1 1 0 0 0 0 0 0 0 0 0 0 0 1 1 1 1 0 1 0 0 1 0 0 0 0 1 0 0 0 1 0 0 0 0 0 1 1 0 20045.0 15978.0 24156.0 4 1000000000000000.6
0 0 1 1 1 1 0 0 0 0 0 0 0 0 0 1 0 0 1 1 1 1 1 1 0 1 1 0 1 1 0 1 1 1 1 0 0 1 1 0 0 1 1 0 0 0 1 0 1 0 0 0 1 1 0 1 0 1 0 0 0 0 0 1 1 0 0 1 1 0 1 0 0 0 1 1 1 1 1 1 0 0 0 0 1 0 0 0 0 0 0 0 0 0 1 1 0 0 0 0 21294.0 18767.0 24071.0 4 0.8159871488455976
0 0 1 0 0 0 0 0 1 1 1 0 1 0 0 0 0 1 1 1 1 1 1 1 0 1 1 0 1 1 0 1 1 1 1 0 0 1 1 0 0 1 1 0 0 0 1 0 1 0 0 0 1 1 0 1 0 1 0 0 0 0 0 1 1 0 0 1 1 0 0 0 0 0 1 0 0 0 0 1 0 0 1 1 0 0 1 0 0 0 0 1 1 1 1 0 1 0 1 0 23190.0 18099.0 23985.0 4 0.6624916678251374
0 0 1 1 1 1 0 0 0 0 0 0 0 0 0 1 1 0 1 1 1 1 1 1 0 1 1 1 1 1 0 1 1 1 1 0 0 1 1 0 0 1 1 0 0 0 1 0 1 0 0 0 1 1 0 1 0 1 0 0 0 0 0 1 1 0 0 1 1 0 0 0 0 0 1 0 0 0 0 0 1 0 0 0 1 1 0 0 0 1 0 0 0 1 1 0 0 1 1 0 21658.0 18151.0 23235.0 4 0.5342046916827853
0 1 0 0 0 0 0 0 1 0 0 1 1 1 0 0 1 0 1 0 0 0 1 1 1 1 1 0 1 0 1 0 0 1 1 1 1 0 0 1 0 0 0 1 0 1 0 1 1 0 1 1 1 1 1 0 0 0 0 0 1 0 1 0 0 0 1 1 0 1 0 1 0 0 0 1 1 0 1 0 0 0 1 0 1 0 0 0 1 0 0 1 1 1 0 1 1 1 0 0 23522.0 20253.0 22921.0 4 0.6044140757425296
0 1 0 1 0 0 0 1 0 1 1 1 1 0 1 0 0 1 0 0 1 0 1 0 1 1 0 0 1 1 1 0 1 0 1 1 0 1 0 0 1 1 1 0 0 1 0 0 1 0 1 1 1 1 1 0 0 1 1 1 0 0 1 0 0 0 0 1 0 1 1 0 0 0 0 0 0 0 1 0 0 0 1 0 0 1 1 0 0 0 0 1 0 0 1 1 1 1 0 0 22432.0 20977.0 22525.0 4 0.5631909514034983
1 1 0 0 1 0 1 1 1 1 0 0 0 0 1 0 0 1 1 1 1 0 0 0 1 1 0 1 1 1 1 1 0 1 0 0 1 0 0 0 0 0 0 0 0 1 1 0 0 0 0 1 0 0 0 1 0 1 1 0 0 0 1 0 1 0 1 1 0 0 1 0 0 1 1 0 0 1 0 0 0 0 0 0 0 0 0 1 1 0 1 1 0 1 0 1 1 1 0 0 23315.0 20679.0 22049.0 4 0.27112969657468977
0 0 0 0 1 1 1 1 1 1 0 0 0 0 1 0 0 1 1 1 1 0 0 0 1 1 0 1 1 1 1 0 0 0 1 0 0 1 0 0 1 1 0 1 0 1 1 0 0 0 1 0 0 0 0 0 0 0 1 0 0 0 1 0 0 1 0 1 1 1 0 1 0 0 0 1 1 0 1 0 0 0 1 0 1 0 0 0 1 0 0 1 1 1 0 1 1 1 0 0 23730.0 20953.0 21961.0 4 0.3605645363877473
1 0 0 0 0 1 1 1 1 1 0 0 0 0 1 0 0 1 1 1 1 0 0 0 1 1 0 0 1 0 0 1 0 1 1 0 0 1 1 0 0 0 0 0 1 0 0 1 1 0 0 0 1 0 0 0 0 0 0 1 0 1 1 0 0 0 0 1 0 1 0 0 1 1 0 1 0 0 1 1 0 0 1 0 1 1 1 0 0 0 1 0 1 0 0 0 1 1 1 1 24063.0 16646.0 20817.0 4 1000000000000000.6
1 0 1 0 1 0 1 0 0 1 1 1 1 1 1 1 0 1 1 1 0 0 0 0 0 0 1 0 0 0 1 1 0 0 0 0 0 0 1 0 0 1 1 1 0 1 1 1 1 0 0 1 1 0 0 0 0 0 0 0 0 0 0 1 1 0 0 1 0 0 0 1 0 0 0 1 0 1 0 0 0 1 0 1 0 1 0 0 0 1 0 0 0 1 0 1 1 0 0 1 21576.0 21102.0 20557.0 4 1000000000000000.4
0 0 0 0 1 1 1 1 1 1 0 0 0 0 1 0 0 1 1 1 1 0 0 0 1 1 0 1 1 1 1 1 0 1 0 0 1 0 0 0 0 0 0 0 0 1 1 0 0 0 0 1 0 0 0 1 1 0 0 0 0 0 1 0 0 1 1 0 0 1 0 0 1 1 0 1 1 0 1 0 1 0 0 0 1 1 0 0 0 1 0 0 0 1 1 0 0 1 1 0 23853.0 20698.0 19682.0 4 1000000000000000.1
0 0 1 1 1 1 0 0 0 0 0 0 0 0 0 0 1 0 1 1 1 1 1 1 0 1 0 0 1 0 0 1 1 1 1 0 0 1 0 1 1 0 0 0 0 0 1 0 1 1 1 1 1 1 0 0 0 0 0 0 0 1 1 0 0 0 1 0 0 0 0 0 0 0 1 1 1 1 0 1 0 0 1 0 0 0 0 1 0 0 0 1 0 0 0 1 0 0 0 1 19256.0 15141.0 24158.0 5 2000000000000000.0
1 0 0 0 1 1 1 1 0 1 0 0 0 1 1 0 1 0 0 0 1 0 1 1 1 0 1 1 0 1 0 0 1 0 1 0 0 1 0 1 1 0 0 0 0 0 1 0 1 1 1 1 1 1 0 0 0 0 0 0 0 1 1 0 0 0 0 0 0 0 0 0 0 0 1 1 1 1 0 1 0 0 1 0 0 0 0 1 0 0 0 1 0 0 0 1 1 1 0 0 19976.0 16827.0 23978.0 5 0.5661504697052082
1 1 0 0 1 0 1 0 1 1 0 0 0 1 0 0 1 0 1 1 1 1 1 1 0 1 1 0 1 0 0 1 1 1 1 1 0 1 1 0 0 0 0 0 1 0 0 1 1 0 0 0 1 0 0 0 0 1 0 1 0 1 1 0 0 0 0 1 0 0 0 0 0 1 0 0 1 1 0 0 0 0 0 1 1 0 0 0 1 0 0 0 0 0 1 1 0 0 1 0 20799.0 17635.0 23790.0 5 0.35749315861918707
0 0 1 1 1 1 0 0 0 0 0 0 0 0 0 1 1 0 1 1 1 1 1 1 0 1 1 0 1 1 0 1 1 1 1 0 0 1 1 0 0 1 1 0 0 0 1 0 1 0 0 0 1 1 0 1 0 1 0 0 0 0 0 1 1 0 0 1 1 0 0 0 0 0 1 0 0 0 0 0 0 0 0 0 0 1 0 0 1 1 0 1 0 0 0 1 0 0 1 1 20935.0 15898.0 23348.0 5 0.4557790969615665
1 1 0 0 1 0 0 0 1 1 0 0 0 1 0 1 0 1 0 0 1 1 1 1 0 1 1 0 1 0 0 1 1 1 1 0 0 1 1 0 1 0 0 0 1 0 0 1 1 0 0 0 1 0 0 0 0 1 0 1 0 1 1 0 0 0 0 0 0 0 0 0 0 0 1 1 1 1 0 1 0 0 1 0 0 0 0 1 0 0 0 1 0 0 0 1 0 0 0 1 21205.0 14908.0 22736.0 5 1000000000000000.5
1 1 0 0 1 0 1 1 1 1 0 0 0 0 1 0 0 1 1 0 1 0 0 0 1 1 0 1 1 1 1 1 0 1 0 0 1 0 0 0 0 1 1 1 0 1 1 0 0 1 0 0 1 0 0 0 0 0 1 0 0 1 1 1 0 0 0 1 0 0 1 1 0 0 0 0 1 1 0 0 0 0 0 0 0 0 1 0 0 1 0 0 0 0 0 1 1 0 0 1 23334.0 19946.0 22701.0 5 0.25119710486795926
0 0 0 0 0 0 0 0 0 1 0 0 0 0 0 1 1 0 1 1 1 1 1 1 0 1 1 0 1 1 0 1 1 1 1 0 0 1 1 0 0 1 1 0 0 0 1 1 1 0 0 0 1 1 0 1 0 1 0 0 0 0 0 1 0 1 0 1 0 1 0 0 1 1 0 1 0 0 1 0 1 0 0 0 1 1 0 0 0 1 0 0 0 1 1 0 0 1 1 0 23412.0 18727.0 22191.0 5 0.31270115602204623
1 1 0 0 1 0 1 0 1 1 0 0 0 1 0 1 0 1 0 0 1 1 1 1 0 0 1 0 0 0 0 1 0 1 0 0 0 1 1 0 1 0 0 0 1 1 0 0 1 1 1 1 1 0 0 0 1 0 0 0 0 0 1 1 0 1 0 0 0 1 0 0 1 0 1 0 1 0 0 1 1 0 0 0 0 0 0 0 1 1 1 0 0 1 0 1 1 1 0 0 23100.0 20290.0 21815.0 5 0.35976147724043434
0 0 0 0 0 0 0 0 0 1 0 0 0 0 0 1 1 0 1 1 1 1 1 1 1 1 1 0 1 1 0 1 0 1 1 0 0 1 1 0 0 1 1 0 0 0 1 1 1 0 0 0 1 1 0 1 0 1 0 0 0 0 0 1 0 1 0 1 0 1 0 0 1 1 0 1 0 0 1 0 1 0 0 0 1 1 0 0 0 1 0 0 0 1 0 1 1 0 0 0 23455.0 19638.0 21366.0 5 0.3484297692555073
1 0 1 0 1 0 1 0 1 1 0 1 1 0 0 1 0 1 1 0 0 0 1 0 1 0 0 0 0 0 0 0 0 1 0 0 1 0 0 1 0 0 0 1 0 1 0 0 1 0 1 1 1 1 1 0 0 0 0 0 1 0 1 0 0 0 0 1 0 0 1 1 0 1 0 1 1 1 1 1 0 0 0 0 1 0 0 0 0 0 1 1 1 0 1 1 1 1 0 0 20283.0 20619.0 20944.0 5 0.34783213534143403
1 0 0 0 1 0 1 1 0 0 1 0 1 0 0 1 0 0 0 1 1 1 1 0 1 0 0 0 0 0 0 0 0 1 0 0 1 0 0 1 0 0 0 1 0 1 0 0 1 0 1 1 1 1 1 0 0 0 0 0 1 0 1 0 0 0 0 1 0 0 1 1 0 1 0 1 1 1 1 1 0 0 0 0 1 0 0 0 0 0 1 1 1 0 1 1 1 1 0 0 20840.0 20544.0 20544.0 5 0.16929622797300983
0 0 0 0 0 1 1 1 1 1 0 0 1 1 1 0 0 0 1 1 1 1 1 0 0 0 1 0 0 0 0 1 0 0 0 0 1 1 1 0 0 0 0 0 1 1 0 1 1 0 1 1 0 0 1 0 0 0 0 1 0 1 0 1 0 0 1 1 0 1 0 0 0 1 1 0 1 0 1 0 0 1 1 0 0 1 1 0 0 0 0 0 1 0 1 1 1 0 0 0 23548.0 18728.0 20219.0 5 0.343108044609046
1 0 0 0 0 1 1 1 1 1 0 0 0 0 1 0 0 1 1 1 1 0 0 0 1 1 0 1 1 1 1 1 0 1 0 0 1 0 0 0 1 0 0 0 0 1 0 0 0 0 0 1 0 0 0 1 1 1 0 1 1 0 0 0 0 0 1 1 0 0 0 1 0 0 0 1 0 0 1 0 0 0 1 0 1 0 0 0 1 0 0 1 1 1 0 1 1 1 0 0 23687.0 17720.0 19402.0 5 1000000000000000.2
0 0 0 0 1 1 1 1 1 1 0 0 0 0 1 0 0 1 1 1 1 0 0 0 1 1 0 1 1 1 1 0 0 0 1 0 0 1 0 0 1 1 0 1 0 1 1 0 0 0 1 0 0 0 0 0 0 0 1 0 0 0 1 0 0 1 0 1 1 1 0 0 1 0 1 0 0 0 1 0 1 0 0 1 0 1 0 0 0 1 0 0 0 1 0 1 1 0 0 1 22547.0 20852.0 19253.0 5 0.5444246952546952
1 1 0 0 1 0 1 1 1 1 0 0 0 0 1 0 0 1 1 1 1 0 0 0 1 1 0 1 1 1 1 1 0 1 0 0 1 0 0 0 0 0 0 0 0 1 1 0 0 0 0 1 0 0 0 1 1 0 0 0 0 0 1 0 0 1 1 0 0 1 0 0 1 1 0 1 0 0 1 0 1 0 0 0 1 1 0 0 0 1 0 0 0 1 1 0 0 1 1 0 23627.0 20374.0 19021.0 5 0.40660501998997167
0 1 0 1 0 0 0 1 0 1 1 1 1 0 1 0 0 1 0 0 0 0 1 0 1 1 0 1 1 1 1 0 0 0 1 0 0 1 0 0 1 1 0 1 0 1 1 0 0 0 1 0 0 0 0 0 0 0 1 0 0 0 1 0 0 1 0 1 1 1 0 0 1 0 1 0 0 0 1 0 1 0 0 1 0 1 0 0 0 1 0 0 0 1 0 1 1 0 0 0 21002.0 21016.0 16797.0 5 2000000000000000.0
1 0 0 0 1 1 1 1 0 1 0 0 0 1 1 0 1 0 0 0 1 0 1 1 1 0 1 1 0 1 0 0 1 0 1 0 0 1 0 1 1 0 0 0 0 0 1 0 1 1 1 1 1 1 0 0 0 0 0 0 0 1 1 0 0 0 0 0 0 0 0 0 0 0 1 1 1 1 0 1 0 0 1 0 0 0 0 1 0 0 0 1 0 0 0 1 0 0 0 1 19828.0 15448.0 23870.0 6 2000000000000000.0
1 0 0 0 1 1 1 1 0 1 0 0 0 1 1 0 1 0 0 0 1 0 0 1 1 0 1 1 0 1 0 0 1 0 1 0 0 1 0 1 1 0 0 0 0 0 1 0 1 1 1 1 1 1 0 0 0 0 0 0 0 1 1 0 0 0 0 1 1 0 0 0 0 0 0 0 1 1 0 0 0 0 0 1 1 0 0 0 1 0 0 1 0 0 1 1 0 0 1 0 18864.0 16327.0 23462.0 6 1000000000000000.2
1 1 0 0 1 0 1 0 1 1 0 0 0 1 0 1 0 0 0 0 1 1 1 1 0 1 1 0 1 0 0 1 1 1 1 0 0 1 1 0 0 0 0 0 1 0 0 1 1 0 0 0 1 0 0 0 0 1 0 1 0 1 1 0 0 0 0 1 0 0 0 0 0 1 0 0 1 1 0 0 0 0 0 1 1 0 0 0 1 0 0 1 0 0 1 1 0 0 1 0 20089.0 16891.0 23014.0 6 0.28884902737106255
0 0 0 0 0 0 1 0 1 1 0 0 0 1 0 0 1 0 1 1 1 1 1 1 0 1 1 0 1 0 0 1 1 1 1 1 0 1 1 0 0 0 0 0 1 0 0 1 1 0 0 0 1 0 0 0 0 0 0 1 0 1 1 1 0 0 0 1 1 0 0 0 0 0 0 0 1 1 0 0 0 0 0 1 1 0 0 0 1 0 0 0 0 0 1 1 0 0 1 0 20260.0 15997.0 22970.0 6 0.2510921314435717
1 1 0 0 1 0 1 0 1 1 0 0 0 1 0 1 0 1 0 0 1 1 1 1 0 1 1 0 1 0 0 1 1 1 1 0 0 1 1 0 0 0 0 0 1 0 0 1 1 0 0 0 1 0 0 0 0 1 0 1 0 1 1 0 0 0 0 1 1 0 0 0 0 0 0 0 1 1 0 0 0 0 0 1 1 0 0 0 1 0 0 0 0 0 1 1 0 0 1 0 20263.0 16958.0 22731.0 6 0.5150356432528592
0 0 1 1 1 1 0 0 0 0 0 0 0 0 0 1 1 0 1 1 1 1 1 1 0 1 1 0 1 1 0 1 1 1 1 0 0 1 1 0 0 1 1 0 0 0 1 0 1 0 0 0 1 1 0 1 0 1 0 0 0 0 0 0 1 0 0 1 1 0 1 0 0 0 1 0 0 0 0 0 0 0 0 0 1 0 0 0 0 0 0 1 1 1 1 0 1 0 1 0 19694.0 17523.0 22722.0 6 0.6183955844065983
1 1 0 0 1 0 1 0 1 1 0 0 0 1 0 1 0 1 0 0 1 1 1 1 0 1 1 0 1 0 0 1 1 1 1 0 0 1 1 0 0 0 0 0 1 0 0 1 1 0 0 0 1 0 0 0 0 0 0 1 0 1 1 0 0 0 0 0 1 0 1 0 0 0 0 0 1 1 1 0 0 0 1 0 1 0 0 0 1 0 0 1 1 1 0 1 1 1 0 0 22123.0 19307.0 22647.0 6 0.18924300718555245
0 1 1 0 0 0 0 0 1 0 0 1 1 1 0 0 1 0 1 0 0 0 1 0 1 1 1 0 1 0 1 0 0 1 1 1 0 0 0 1 0 0 0 1 0 1 0 1 1 0 1 1 1 1 1 0 0 0 0 0 1 0 1 0 0 0 1 1 0 1 0 1 0 0 0 1 1 0 1 0 0 0 1 0 1 0 0 0 1 0 0 1 1 1 0 1 1 1 0 0 22437.0 19872.0 22305.0 6 0.32961401780347177
1 1 0 0 1 0 1 0 1 1 0 0 0 1 0 1 0 1 0 0 1 1 1 1 0 1 0 0 0 1 1 0 0 1 1 0 1 0 0 0 0 0 1 1 1 1 0 0 1 0 0 1 1 0 1 0 0 0 1 0 0 0 1 0 0 1 0 0 0 0 0 0 0 0 0 1 1 0 0 1 1 0 1 0 1 1 0 0 0 1 0 0 0 1 0 0 1 1 1 0 22403.0 20059.0 21489.0 6 0.18451608069290534
1 1 0 0 1 0 1 0 1 1 0 0 0 1 0 1 0 1 0 0 1 1 1 1 0 0 1 0 0 0 0 1 0 1 0 0 0 1 1 0 1 0 0 0 1 1 0 0 1 1 1 1 1 0 0 0 1 0 0 0 0 0 1 1 0 1 0 0 0 1 0 0 1 0 1 0 1 0 0 1 1 0 0 0 0 0 0 0 1 1 1 0 0 1 0 1 0 1 0 0 22816.0 19399.0 21414.0 6 0.18856550283280368
0 0 1 0 0 1 1 1 1 1 0 0 0 1 0 1 0 1 0 0 1 1 1 1 0 1 0 0 0 1 1 0 0 1 1 0 1 0 0 0 0 0 1 1 1 1 0 0 1 0 0 1 1 0 1 0 0 0 1 0 0 0 1 0 0 1 0 0 0 0 0 0 0 0 0 1 1 0 0 1 1 0 1 0 1 1 0 0 0 1 0 0 0 1 0 0 1 1 1 0 22692.0 20039.0 21228.0 6 0.3634085150717249
0 0 1 0 0 1 1 1 1 1 0 0 0 0 1 0 0 1 1 1 1 0 0 0 1 1 0 1 0 1 1 1 1 0 1 0 0 1 0 0 1 1 1 0 1 0 0 0 1 1 0 1 0 0 0 0 1 0 0 0 1 0 0 1 0 0 0 0 0 0 0 0 0 1 1 0 0 0 0 1 0 0 1 0 0 0 1 0 0 0 0 1 1 1 1 0 1 0 1 0 23102.0 16914.0 19973.0 6 0.40356493640865854
1 0 1 0 1 0 0 1 0 1 1 1 1 1 1 1 0 1 0 1 0 0 0 0 0 0 1 0 0 1 0 1 0 1 0 0 0 1 1 0 0 0 1 1 0 0 1 1 0 0 0 1 0 0 0 1 0 1 0 0 0 0 0 1 0 1 0 1 0 1 0 0 1 1 0 1 0 0 1 1 0 0 1 0 1 1 1 0 0 0 0 0 1 0 0 0 0 1 1 1 23290.0 19603.0 19609.0 6 0.2554693188683654
0 1 0 1 0 0 0 1 0 1 1 1 1 0 1 0 0 1 0 0 1 0 1 0 1 1 0 0 1 0 0 1 0 1 0 0 0 1 1 0 1 0 0 0 1 1 0 0 1 1 1 1 0 0 1 0 0 0 0 1 0 1 0 0 0 0 1 1 0 1 0 0 0 1 1 0 1 0 1 0 0 1 1 0 0 1 1 0 0 0 0 0 1 0 1 1 1 0 0 0 23427.0 19107.0 19423.0 6 0.4809569309205761
0 0 0 0 1 1 1 1 1 1 0 0 0 0 1 0 0 1 1 1 1 0 0 0 1 1 0 1 1 1 1 0 0 0 1 0 0 1 0 0 1 1 0 1 0 1 1 0 0 0 1 0 0 0 0 0 0 0 1 0 0 0 1 0 0 1 0 1 1 1 0 0 1 0 1 0 0 0 1 0 1 0 0 1 0 1 0 0 0 1 0 0 0 1 1 0 0 1 1 0 22235.0 20069.0 19141.0 6 0.2735276170389052
0 0 0 0 1 1 1 1 1 1 0 0 0 0 1 0 0 1 1 1 1 0 0 0 1 1 0 1 1 1 1 0 0 0 1 0 0 1 0 0 1 1 0 1 0 1 1 0 0 0 1 0 0 0 0 0 0 0 1 0 0 0 1 0 0 1 0 1 1 1 0 0 1 0 1 0 0 0 1 0 1 0 0 1 0 1 0 0 0 1 0 0 0 1 0 1 1 0 0 0 21951.0 20825.0 18566.0 6 1000000000000000.5
1 0 0 1 0 0 1 1 1 0 1 0 1 0 1 1 1 1 0 1 0 0 0 1 1 0 0 0 0 0 0 1 0 0 0 0 1 1 1 0 0 0 0 0 1 1 0 1 1 0 1 1 0 1 1 0 0 0 0 1 1 1 0 0 0 1 0 1 0 1 0 0 1 1 0 1 0 0 1 0 1 0 0 0 1 1 0 0 0 0 0 0 0 1 1 0 0 1 1 0 23598.0 19928.0 18393.0 6 1000000000000000.0
0 0 0 0 0 1 1 1 1 1 0 0 0 0 1 0 0 1 1 1 1 0 0 0 1 1 0 1 1 1 1 0 0 0 1 0 0 1 0 0 1 1 0 1 0 1 1 0 0 0 1 0 0 0 0 0 0 0 1 0 0 0 1 0 0 1 0 1 1 1 0 0 1 0 1 0 1 0 1 0 1 0 0 1 0 1 0 0 0 1 0 0 0 1 0 1 1 0 0 0 22348.0 20446.0 18306.0 6 1000000000000000.1
1 0 0 0 1 1 1 1 0 1 0 0 0 1 1 0 1 0 0 0 1 0 0 1 1 0 1 1 0 1 0 0 1 0 1 0 0 1 0 1 1 0 0 0 0 0 1 0 1 1 1 1 1 1 0 0 0 0 0 0 0 1 1 0 0 0 0 0 0 0 0 0 0 0 1 1 1 1 0 1 0 0 1 0 0 0 0 1 0 0 0 1 0 0 0 1 0 0 0 1 19619.0 14498.0 23565.0 7 2000000000000000.0
1 0 0 0 1 1 1 1 0 1 0 0 0 1 1 0 1 0 0 0 1 0 1 1 1 0 1 1 0 1 0 0 1 0 1 0 0 1 0 1 1 0 0 0 0 0 1 0 1 1 1 1 1 1 0 0 0 0 0 0 0 1 1 0 0 0 0 0 0 0 0 0 0 0 1 1 1 1 0 1 0 0 1 0 0 0 0 1 0 0 0 1 0 0 0 1 0 0 0 0 19232.0 15421.0 23183.0 7 1000000000000000.5
0 0 0 0 1 0 1 1 0 0 1 0 1 0 0 1 0 0 0 1 1 1 1 1 0 0 1 0 0 0 0 0 1 0 0 0 0 0 1 0 0 1 1 0 1 0 1 1 0 0 0 0 1 0 0 0 1 1 1 0 0 0 1 0 1 0 1 1 0 1 0 0 1 1 0 1 0 0 1 0 1 0 0 0 1 1 0 0 0 1 0 0 0 1 1 0 0 1 1 0 21020.0 19985.0 20496.0 7 1000000000000000.1
1 0 0 0 0 1 1 1 1 1 0 0 0 0 1 0 0 1 1 1 1 0 0 0 1 1 0 1 1 1 1 1 0 1 0 0 1 0 0 0 1 0 0 0 0 1 0 0 0 0 0 1 0 0 0 1 1 1 0 1 0 0 0 0 0 0 1 1 0 0 0 1 0 0 0 1 0 0 1 0 0 0 1 0 1 0 0 0 1 0 0 1 1 1 0 1 1 1 0 0 22884.0 17678.0 19267.0 7 1000000000000000.1
0 0 0 0 0 1 1 1 1 1 0 0 0 0 1 0 0 1 1 1 1 0 0 0 1 1 0 1 1 1 1 1 0 1 0 0 1 0 0 0 0 0 0 0 0 1 0 0 0 0 0 1 0 0 0 1 1 0 0 0 0 0 1 0 0 1 1 0 0 1 0 0 1 1 0 1 0 0 1 0 1 0 0 1 0 1 0 0 0 1 0 0 0 1 0 1 1 0 0 1 22546.0 19709.0 17184.0 7 1000000000000000.0
0 0 0 0 0 1 1 0 1 1 0 0 0 1 0 0 1 0 1 1 1 1 1 1 0 1 1 0 1 0 0 1 1 1 1 1 0 1 1 0 0 0 0 0 1 0 0 1 1 0 0 0 1 0 0 0 0 1 0 1 0 1 1 0 0 0 0 1 0 0 0 0 0 1 0 0 1 1 0 0 0 0 0 1 1 0 0 0 1 0 0 0 0 0 1 1 0 0 1 0 19876.0 16632.0 22837.0 7 0.8462037680893826
0 0 0 0 0 0 0 0 0 1 0 0 0 0 0 1 1 0 1 1 1 1 1 1 0 1 0 0 1 1 0 1 1 1 1 0 0 1 1 0 0 1 1 0 0 0 1 1 1 0 0 0 1 1 0 1 0 1 0 0 0 0 0 0 0 0 1 1 0 0 0 1 0 0 0 1 0 0 1 0 0 0 1 0 1 0 0 0 1 0 0 1 1 1 0 1 1 1 0 0 20818.0 17841.0 22267.0 7 0.43439766913354094
0 0 1 0 0 0 0 0 1 1 1 0 1 0 0 0 0 1 1 1 1 1 1 1 0 1 1 0 1 1 0 1 1 1 1 0 0 1 1 0 0 1 1 0 0 0 1 0 1 0 0 0 1 1 0 1 0 1 0 0 0 0 0 1 1 0 0 1 1 0 0 0 0 0 1 0 0 0 0 0 1 0 0 0 1 1 0 0 0 1 0 0 0 1 1 0 0 1 1 0 22575.0 17475.0 21295.0 7 0.3378880932880358
0 0 0 0 0 1 1 1 1 1 0 0 0 0 1 0 0 1 1 1 1 0 0 0 1 1 0 1 1 1 1 1 0 1 0 0 1 0 0 0 0 0 0 0 0 1 1 0 0 0 0 1 0 0 0 1 1 0 0 0 0 0 1 0 0 1 1 0 0 1 0 0 1 1 0 1 0 0 1 0 1 0 0 0 1 1 0 0 0 1 0 0 0 1 1 0 0 1 1 0 22704.0 19371.0 18068.0 7 0.33216882607810017
0 0 0 0 1 1 1 1 1 1 0 0 0 0 1 0 0 1 1 1 1 0 0 0 1 1 0 1 1 1 1 0 0 0 1 0 0 1 0 0 1 1 0 1 0 1 1 0 0 0 0 1 1 0 1 0 0 0 1 0 0 0 1 0 0 1 0 0 0 0 0 0 0 0 0 1 1 0 0 1 1 0 1 0 1 1 0 0 0 1 0 0 0 1 0 0 1 1 1 0 22041.0 19218.0 19718.0 7 0.29078776563544645
0 0 1 1 1 1 0 0 0 0 0 0 0 0 0 0 1 0 1 1 1 1 1 1 0 1 1 0 1 0 0 1 1 1 1 0 0 1 1 0 0 0 0 0 1 0 0 1 1 0 0 1 0 0 0 1 1 0 0 0 0 0 1 0 0 1 1 0 0 1 0 0 1 1 0 1 0 0 1 0 1 0 0 1 0 1 0 0 0 1 0 0 0 1 0 1 1 0 0 1 21660.0 19781.0 19419.0 7 0.28228862375353064
1 1 0 0 1 0 1 0 1 1 0 1 0 1 1 0 0 0 1 1 1 1 1 0 0 0 1 0 0 0 0 1 0 0 0 0 1 1 1 0 0 0 0 0 1 1 0 1 1 0 1 1 0 0 1 0 0 0 0 1 0 1 0 0 0 0 1 1 0 1 0 0 0 1 1 0 1 0 1 0 0 1 1 0 0 1 1 1 0 0 0 0 1 0 1 1 1 0 0 0 22481.0 18556.0 20755.0 7 0.25568999876311765
0 1 0 0 0 0 0 0 1 0 0 1 1 1 0 0 1 0 1 0 0 0 1 1 1 1 1 0 1 0 1 0 0 1 1 1 1 0 0 1 0 0 0 1 0 1 1 1 1 0 1 1 1 1 1 0 0 0 0 0 1 0 1 0 0 0 0 1 0 0 1 1 0 1 0 1 1 1 1 1 0 0 0 0 1 0 0 0 0 0 0 0 0 0 1 1 0 0 0 0 21369.0 19596.0 21025.0 7 0.23916418663575179
0 1 0 0 0 1 1 1 1 1 0 0 0 0 1 0 1 1 0 0 0 1 0 0 0 0 1 1 1 0 0 0 0 0 0 1 0 0 1 0 0 0 0 0 1 0 0 1 1 0 1 1 0 0 1 1 0 0 0 1 0 1 0 0 0 0 1 1 0 1 0 0 0 1 1 0 1 0 1 0 0 1 1 0 0 1 1 0 0 0 0 0 1 1 1 1 1 1 0 0 22572.0 17850.0 18931.0 7 0.23274814983677053
1 0 1 0 1 0 0 0 0 1 1 1 1 1 1 1 0 1 0 1 0 0 0 0 0 0 1 0 0 1 0 1 0 1 0 0 0 1 1 0 1 0 0 0 1 1 0 0 1 1 1 1 1 0 0 0 0 0 0 0 0 0 1 1 0 1 0 0 0 1 0 0 1 0 0 0 1 0 0 1 1 0 0 0 0 0 0 0 1 1 1 0 0 1 0 1 0 1 0 0 22043.0 19892.0 18452.0 7 0.22089063923302782
0 0 1 1 1 1 0 0 0 0 0 0 0 0 0 1 1 0 1 1 1 1 1 1 0 1 0 0 0 0 0 0 0 1 0 0 1 0 0 1 0 0 0 1 0 1 0 0 1 0 1 1 1 1 1 0 0 0 0 0 1 0 1 0 0 0 0 1 0 0 1 1 0 1 0 1 1 1 1 1 0 0 0 0 1 0 0 0 0 0 1 1 0 0 1 1 1 1 0 0 19320.0 19151.0 22156.0 7 0.21659555966493865
1 1 0 1 1 1 0 1 0 1 1 0 0 0 1 0 0 0 1 0 0 0 0 0 1 1 0 0 0 1 0 0 0 1 1 1 1 0 0 1 0 0 0 1 0 1 0 1 1 0 1 1 1 1 1 0 0 0 0 0 1 0 1 0 0 0 0 1 0 0 1 1 0 1 0 1 1 1 1 1 0 0 0 0 1 0 0 0 0 0 1 1 0 0 1 1 0 0 0 0 21038.0 19245.0 21734.0 7 0.18581989048763453
1 0 0 0 1 0 1 1 0 1 1 0 1 0 0 1 0 0 0 1 1 1 1 0 1 0 0 0 0 0 0 0 0 1 0 0 1 0 0 1 0 0 0 1 0 1 0 0 1 0 1 1 1 1 1 0 0 0 0 0 1 0 1 0 0 0 0 1 0 0 1 1 0 1 0 1 1 1 1 1 0 0 1 0 1 1 1 0 0 0 1 0 1 0 0 0 0 1 1 1 22334.0 18823.0 21743.0 7 0.16463360456564496
1 0 1 0 1 0 0 0 0 1 1 1 1 1 1 1 0 1 0 1 0 0 0 0 0 0 1 0 0 0 0 1 0 1 0 0 0 1 1 0 1 0 0 0 1 1 0 0 1 1 1 1 0 0 1 0 0 0 0 1 0 1 0 0 0 0 1 1 0 1 0 0 0 1 1 0 1 0 1 0 0 1 1 0 0 1 1 0 0 0 0 0 1 0 1 1 1 0 0 0 22408.0 19059.0 19055.0 7 0.15268589649668698
0 0 1 1 1 1 1 1 0 1 0 1 1 1 1 0 0 0 1 0 0 1 0 1 0 1 0 0 0 0 0 1 0 0 0 0 0 0 1 1 0 0 0 1 1 0 1 1 0 0 0 1 0 0 0 0 0 1 0 1 1 0 0 0 0 0 1 1 0 1 0 1 0 0 0 1 1 0 1 0 0 0 1 0 1 0 0 0 1 0 0 1 1 1 0 1 1 1 0 0 22218.0 18804.0 22264.0 7 0.1457382286009344
