0 0 1 1 1 0 1 1 1 0 1 1 1 1 0 1 1 0 1 0 1 0 0 1 1 1 1 1 0 1 1 1 1 1 0 1 1 0 0 0 0 1 1 0 1 1 1 1 1 1 0 1 1 1 0 0 0 1 1 0 0 0 1 1 0 0 1 1 0 1 0 0 1 0 1 1 1 1 1 1 1 0 1 0 0 1 0 1 1 0 0 1 0 1 1 1 1 0 0 0 33595.0 29897.0 35964.0 0 1000000000000000.1
0 0 1 1 1 0 1 1 1 0 1 1 1 1 0 1 1 0 1 0 1 0 0 1 1 1 1 1 0 1 1 1 1 1 0 1 1 0 0 0 0 1 1 0 0 1 1 0 1 1 0 0 1 1 0 0 0 1 1 0 1 0 1 1 0 0 1 1 0 1 0 0 1 0 1 1 1 1 1 1 1 0 1 0 0 1 0 1 1 0 0 1 1 1 1 1 1 0 1 0 34509.0 27939.0 35831.0 0 1000000000000000.0
0 0 1 1 1 0 1 1 1 0 1 1 1 1 0 1 1 0 1 0 1 0 0 1 1 1 1 1 0 1 1 1 1 1 0 1 1 0 0 0 0 1 1 0 0 1 1 1 1 1 0 1 1 1 0 0 0 1 1 0 1 0 1 1 0 0 1 1 0 1 0 0 1 0 1 1 1 1 1 1 1 0 1 0 0 1 0 1 1 0 0 1 0 1 1 1 1 0 0 0 33955.0 29354.0 35736.0 0 0.11887471845143881
1 0 1 1 0 0 1 1 1 1 1 0 1 1 0 1 1 0 1 0 1 0 0 0 1 1 1 1 0 1 1 1 1 1 0 1 1 0 1 0 0 1 1 0 1 1 1 1 1 1 1 0 1 1 0 0 0 1 1 0 0 1 1 1 0 0 0 1 0 1 0 0 1 0 1 1 1 1 1 1 1 0 1 0 0 1 0 1 1 0 0 0 1 1 1 1 1 1 1 0 35232.0 29325.0 35714.0 0 0.08572147580241855
1 0 1 1 1 0 1 1 1 0 1 1 1 1 0 1 1 0 1 0 1 0 0 0 1 1 1 1 0 1 1 1 1 1 0 1 1 0 1 0 0 1 1 0 1 1 1 1 1 1 0 0 1 1 0 0 0 1 1 0 0 1 1 1 0 0 0 1 0 1 0 0 1 0 1 1 1 1 1 1 1 0 1 0 0 1 0 0 1 0 1 1 1 1 1 1 1 0 0 1 34571.0 29838.0 35680.0 0 0.1459452644305548
0 0 1 1 1 0 1 1 1 0 1 1 1 1 0 1 1 0 1 0 1 0 0 0 1 1 1 1 0 1 1 1 1 1 0 1 0 0 1 0 0 1 1 0 1 1 1 1 1 1 0 0 1 1 0 0 0 1 1 0 1 1 1 1 0 0 0 1 0 1 0 0 1 0 0 1 1 1 1 1 1 0 1 1 1 1 1 0 1 0 0 0 1 1 1 1 1 1 0 0 33439.0 30847.0 35468.0 0 0.2053769997623342
0 0 1 1 1 0 1 1 1 0 1 1 1 1 0 0 1 0 1 0 1 0 0 0 1 1 1 1 0 1 1 1 1 1 0 1 1 0 1 0 0 1 1 0 1 1 1 1 1 1 0 0 1 1 0 0 0 1 1 0 0 1 1 1 0 0 0 1 0 1 0 0 1 0 1 1 1 1 1 1 1 0 1 1 1 1 1 0 1 0 0 0 1 1 1 1 1 1 0 0 33814.0 30780.0 35338.0 0 0.07947013071467296
1 0 1 1 0 0 1 1 1 0 1 1 1 1 0 1 1 0 1 0 1 0 0 1 1 1 1 1 0 1 1 1 1 1 0 1 1 1 1 0 0 1 1 0 1 1 1 1 1 1 0 0 1 1 0 0 0 1 1 0 1 0 1 1 0 0 0 1 0 1 0 0 1 0 1 1 1 1 1 1 1 0 1 0 0 1 0 1 1 0 0 1 1 1 1 1 1 0 1 0 35574.0 29039.0 35286.0 0 0.322745109836386
1 0 1 1 0 0 1 1 1 1 1 0 1 1 0 1 1 1 0 0 1 0 0 0 1 1 1 1 1 1 1 1 1 1 0 1 1 0 1 0 0 1 1 0 1 1 1 1 1 1 0 1 1 1 0 0 0 1 1 0 0 0 1 1 0 0 1 1 0 1 0 0 1 0 1 1 1 1 1 1 1 0 1 0 0 1 0 1 1 0 0 1 0 1 1 1 1 0 0 0 34941.0 30779.0 35158.0 0 0.0697839178591161
1 0 1 1 0 0 1 1 1 0 1 1 1 1 0 1 1 1 1 0 1 0 0 0 1 1 1 1 0 1 1 1 1 1 0 1 1 0 1 0 0 1 1 0 1 1 1 1 1 1 0 0 1 1 0 0 0 1 1 0 1 1 1 1 0 0 0 1 0 1 0 0 1 0 1 1 1 1 1 1 1 0 0 0 0 1 1 1 1 0 0 1 1 1 1 1 1 1 0 0 36016.0 30549.0 35118.0 0 0.16825603068438466
0 0 1 1 0 0 1 1 1 0 1 0 1 1 0 1 1 1 1 0 1 0 0 0 1 1 0 1 0 1 1 1 1 1 0 1 1 0 1 0 0 1 1 0 1 1 1 1 1 1 0 1 1 1 0 0 0 1 1 0 0 0 1 1 0 0 0 1 0 1 0 0 1 0 0 1 1 1 1 1 1 0 1 1 1 1 1 0 1 0 0 1 0 1 1 1 1 0 0 1 32717.0 31491.0 34720.0 0 0.12197277708039159
0 0 1 1 1 0 1 0 1 0 1 1 1 1 0 1 1 1 0 1 0 0 1 0 1 1 1 1 0 1 1 1 1 1 0 1 1 0 1 0 0 1 1 0 1 1 1 1 1 1 0 0 1 1 0 0 0 1 1 0 0 1 1 1 0 0 0 1 0 1 0 0 1 0 1 1 1 1 1 1 1 0 1 1 0 0 0 1 1 0 0 0 1 1 1 1 0 1 1 0 33909.0 31211.0 34684.0 0 0.1301342146556618
1 0 1 1 1 0 1 1 1 0 1 1 1 1 0 1 1 1 1 0 1 0 0 0 1 1 0 1 0 1 1 1 1 1 0 1 1 0 1 0 0 1 1 1 1 1 1 1 1 1 0 0 1 1 0 0 0 1 1 0 1 1 1 1 0 0 0 1 0 1 0 0 0 0 1 1 1 1 1 1 1 0 1 0 0 1 0 0 1 0 0 1 1 1 1 1 1 1 0 0 34603.0 31476.0 34576.0 0 0.08868829091191877
1 0 1 0 1 0 1 1 1 0 1 1 1 1 0 1 1 1 0 0 1 0 0 0 1 1 1 1 0 1 1 1 1 1 0 1 1 0 1 0 0 1 1 0 1 1 1 1 1 1 0 0 1 1 0 0 0 1 1 0 1 1 1 1 0 0 0 1 0 1 0 0 1 0 1 1 1 1 1 1 1 0 1 0 0 1 0 1 1 0 0 0 1 1 1 1 1 1 1 0 36082.0 30195.0 34548.0 0 0.11862852285315936
1 0 1 1 0 0 1 1 1 0 1 1 1 1 0 1 1 1 1 0 1 0 1 0 1 1 0 1 1 1 1 1 1 1 0 1 1 0 1 0 0 1 1 0 1 1 1 0 1 1 0 0 1 1 0 0 0 1 1 0 1 0 1 1 0 0 0 1 0 1 0 0 1 0 1 1 1 1 1 1 1 0 1 0 0 1 0 1 1 0 0 1 1 1 1 1 1 0 1 0 35315.0 30569.0 34514.0 0 0.08872325423316725
1 0 1 1 0 0 1 1 1 0 1 1 1 1 0 1 1 1 1 0 1 0 0 0 1 1 0 1 0 1 1 1 1 1 0 1 1 0 1 0 0 1 1 0 1 1 1 1 1 1 0 1 1 1 0 0 0 1 1 0 0 0 1 1 0 0 0 1 0 1 0 0 1 0 0 1 1 1 1 1 1 0 1 1 1 1 1 0 1 0 1 0 1 1 1 1 1 1 0 0 33707.0 32501.0 34406.0 0 0.10063798897862383
1 0 1 1 0 0 1 1 1 1 1 0 1 1 0 1 1 0 1 0 1 0 0 0 1 1 1 1 0 1 1 1 1 1 0 1 1 0 1 0 0 1 1 0 1 1 1 1 1 1 0 1 1 1 0 0 0 1 1 0 1 0 1 1 0 0 0 1 0 1 0 0 1 0 1 1 1 1 1 1 1 0 1 0 0 1 0 0 1 1 0 0 1 1 1 1 1 1 1 0 36187.0 30064.0 34314.0 0 0.0847840587686131
1 0 1 1 0 0 1 1 1 1 1 0 1 1 0 1 1 1 0 0 1 0 0 0 1 1 1 1 1 1 1 1 1 1 0 1 1 0 1 0 0 1 1 0 1 1 1 1 1 1 0 1 1 1 0 0 0 1 1 0 0 0 1 1 0 0 0 1 0 1 0 0 1 0 1 1 1 1 1 1 1 0 1 0 0 1 0 0 1 0 0 1 1 1 1 1 1 0 0 1 35780.0 30938.0 34306.0 0 0.1219489895766176
1 0 1 1 0 0 1 1 1 1 1 0 1 1 0 1 1 1 0 0 1 0 0 0 1 1 1 1 1 1 1 1 1 1 0 1 1 0 1 0 0 1 1 0 0 1 1 0 1 1 0 1 1 1 0 0 0 1 1 0 1 1 1 1 0 0 0 1 0 1 0 0 1 0 1 1 1 1 1 1 1 0 1 0 0 1 0 0 1 0 0 0 1 1 1 1 1 1 1 0 36463.0 29957.0 34294.0 0 1000000000000000.0
1 0 1 1 1 0 1 1 1 0 1 1 1 1 0 1 1 1 1 0 1 0 0 0 1 1 0 1 1 1 1 1 1 1 0 1 0 0 1 0 0 1 1 1 0 1 1 0 1 1 0 1 0 1 0 0 0 1 1 0 0 0 1 1 0 0 0 1 0 1 0 0 1 0 0 1 1 1 1 1 1 0 1 1 1 1 1 0 1 0 0 0 1 1 1 1 1 1 0 0 32763.0 32726.0 34177.0 0 0.0745297759659458
1 0 1 1 0 0 1 1 1 0 1 1 1 1 0 1 1 1 1 0 1 0 0 0 1 1 1 1 0 1 1 1 1 1 0 1 1 0 1 0 0 1 1 0 0 1 1 1 1 1 0 1 1 1 0 0 0 1 1 0 0 0 1 1 0 0 0 1 0 1 0 0 1 0 0 1 1 1 1 1 1 0 1 1 1 1 1 0 1 0 0 0 1 1 1 1 1 1 0 0 33996.0 31940.0 34147.0 0 0.04845253683355276
1 0 1 1 0 0 1 1 1 1 1 0 1 1 0 1 1 1 1 0 1 0 1 0 1 1 0 1 1 1 1 1 1 1 0 1 1 0 1 0 0 1 1 0 1 1 1 1 1 1 0 1 1 1 0 0 0 1 1 0 1 0 1 1 0 0 0 1 0 1 0 0 1 0 1 1 1 1 1 1 1 0 1 0 0 1 0 0 1 0 0 0 1 1 1 1 1 0 1 0 36174.0 31706.0 34058.0 0 0.10169266816121622
1 0 1 0 1 0 1 1 1 0 1 1 1 1 0 1 1 1 0 0 1 0 0 0 1 1 1 1 0 1 1 1 1 1 0 1 1 0 1 0 0 1 1 0 1 1 1 1 1 1 0 1 1 1 0 0 0 1 1 0 0 0 1 1 0 0 0 1 0 1 0 0 1 0 0 1 1 1 1 1 1 0 1 1 1 1 1 0 1 0 0 0 1 1 1 1 1 1 0 0 34065.0 32599.0 33902.0 0 0.0795881898929935
1 0 1 1 0 0 1 1 1 1 1 0 1 1 0 1 1 1 0 0 1 0 0 0 1 1 1 1 1 1 1 1 1 1 0 1 1 0 1 0 0 1 1 0 1 1 1 0 1 1 0 1 1 1 0 0 0 1 1 0 0 0 1 1 0 0 0 1 0 1 0 0 1 0 0 1 1 1 1 1 1 0 1 1 1 1 0 0 1 0 0 0 1 1 1 1 1 1 0 0 34069.0 31745.0 33885.0 0 0.041658123089429885
1 0 1 1 0 0 1 1 1 0 1 1 1 1 0 1 1 1 0 0 1 0 0 0 1 1 1 1 0 1 1 1 1 1 0 1 1 0 1 0 0 1 1 0 1 1 1 1 1 1 0 1 1 1 0 0 0 1 1 0 0 0 1 1 0 0 0 1 0 1 0 0 1 0 0 1 1 1 1 1 1 0 1 1 1 1 1 0 1 0 0 0 1 1 1 1 1 1 0 0 34174.0 32410.0 33754.0 0 0.08936490103184196
0 0 1 1 1 0 1 1 1 0 1 1 1 1 0 1 1 0 1 0 1 0 0 0 1 1 1 1 0 1 1 1 1 1 0 1 1 0 1 0 0 1 1 0 1 1 1 1 1 1 0 1 1 1 0 0 0 1 1 0 0 0 1 1 0 1 0 1 0 1 0 0 1 0 0 1 1 1 1 1 1 1 0 0 1 1 1 0 1 0 0 0 1 1 1 1 1 1 0 0 34234.0 31759.0 33655.0 0 0.14291118912281947
1 0 1 1 0 0 1 1 1 0 1 1 1 1 0 1 1 1 1 0 1 0 1 0 1 1 0 1 1 1 1 1 1 1 0 1 1 0 1 0 0 1 1 0 0 1 1 1 1 1 0 1 1 1 0 0 0 1 1 0 0 0 1 1 0 0 0 1 0 1 0 0 1 0 1 1 1 1 1 1 1 0 1 0 0 1 0 0 1 0 0 1 1 1 1 1 1 1 0 0 34512.0 32103.0 33432.0 0 0.06192064939398438
1 0 1 1 0 0 1 1 1 1 1 0 1 1 0 1 1 1 1 0 1 0 0 0 1 1 1 1 1 1 1 1 1 1 0 1 1 0 1 0 0 1 1 0 1 1 1 1 1 1 0 1 1 1 0 0 0 1 1 0 0 0 1 1 0 0 0 1 0 1 0 0 1 0 0 1 1 1 1 1 1 1 0 0 1 1 1 0 0 0 0 0 1 1 1 1 1 1 0 0 35180.0 31905.0 33399.0 0 0.06572901943528106
1 0 1 1 0 0 1 1 1 1 1 0 1 1 0 1 1 1 0 0 1 0 0 0 1 1 1 1 1 1 1 1 1 1 0 1 1 0 1 0 0 1 1 0 1 1 1 1 1 1 0 1 1 1 0 0 0 1 1 0 0 0 1 1 0 0 0 1 0 1 0 0 1 0 0 1 1 1 1 1 1 1 0 0 1 1 1 0 1 0 0 0 1 1 1 1 1 1 0 0 35419.0 32020.0 33320.0 0 0.08986187482122059
1 0 1 1 0 0 1 1 1 0 1 1 1 1 0 1 1 1 1 0 1 0 1 0 1 1 0 1 1 1 1 1 1 1 0 1 1 0 1 0 0 1 1 0 1 1 1 1 1 1 0 1 1 1 0 0 0 1 1 0 1 0 1 1 0 0 0 1 0 1 0 0 1 0 1 1 1 1 1 1 1 0 1 0 0 1 0 0 1 0 0 0 1 1 1 1 1 0 1 0 35895.0 31953.0 33296.0 0 0.0518212243131321
0 0 1 1 1 0 1 1 1 0 1 1 1 1 0 1 1 1 1 0 1 0 1 0 1 1 0 1 1 1 1 1 1 1 0 1 1 0 1 0 0 1 1 0 1 1 1 0 1 1 1 1 1 0 0 0 0 1 1 0 0 0 1 1 1 1 0 0 0 1 0 0 1 0 0 1 1 1 1 1 1 0 1 1 1 1 0 0 1 0 0 0 1 1 1 1 0 0 0 0 31989.0 32827.0 33228.0 0 0.08245608624336603
1 0 1 1 0 0 1 1 1 1 1 0 1 1 0 1 1 1 0 0 1 0 1 0 1 1 0 1 1 1 1 1 1 1 0 1 1 0 1 0 0 1 1 1 1 1 1 1 1 1 0 1 1 1 0 0 0 1 1 0 0 0 1 1 0 0 0 1 0 1 0 0 1 0 1 1 1 1 1 1 1 0 1 0 0 1 1 0 0 0 0 0 1 1 1 1 1 1 0 0 34679.0 33000.0 33219.0 0 0.09732068776809893
1 0 1 1 0 0 1 1 1 1 1 0 1 1 0 1 1 1 0 0 1 0 0 0 1 1 1 1 1 1 1 1 1 1 0 1 1 0 1 0 0 1 1 0 0 1 1 1 1 1 0 1 1 1 0 0 0 1 1 0 1 0 1 1 0 0 0 1 0 1 0 0 1 0 1 1 1 0 1 1 1 1 0 0 1 1 1 0 1 0 0 0 1 1 1 1 1 1 0 0 36331.0 30733.0 33148.0 0 0.10804706951388865
1 0 1 1 0 0 1 1 1 0 1 1 1 1 0 1 1 1 1 0 1 0 0 0 1 1 0 1 1 1 1 1 1 1 0 1 1 0 1 0 0 1 1 1 1 1 1 1 1 1 0 1 1 1 0 0 0 1 1 0 0 0 1 1 0 0 0 1 0 1 0 0 0 0 0 0 1 1 1 1 1 0 1 1 1 1 1 0 1 0 0 0 1 1 1 1 1 1 0 0 32784.0 33178.0 33085.0 0 0.2173554439967746
1 0 1 1 0 0 1 1 1 0 1 1 1 1 0 1 1 1 1 0 1 0 0 0 1 1 1 1 0 1 1 1 1 1 0 1 1 0 1 0 0 1 1 1 1 1 1 1 1 1 0 1 1 1 0 0 0 1 1 0 1 0 1 1 0 0 0 1 0 1 0 0 1 0 0 1 1 1 1 1 1 1 0 0 1 1 1 0 1 0 0 0 1 1 1 1 1 0 0 0 35134.0 32241.0 33028.0 0 0.09359508370797676
1 0 1 1 1 0 1 1 1 0 1 1 1 1 0 1 1 1 0 1 0 0 0 0 1 1 1 1 0 1 1 1 1 1 0 1 1 0 1 0 0 1 1 1 1 1 1 1 1 1 0 1 1 1 0 0 0 1 1 0 0 0 1 1 0 0 0 0 0 1 0 0 1 0 1 1 1 1 1 1 1 0 1 0 0 1 0 0 1 0 0 1 1 1 1 1 1 1 0 0 34137.0 33022.0 32891.0 0 0.09438376564403883
1 0 1 1 1 0 1 1 1 0 1 1 1 1 0 1 1 1 0 1 0 0 0 0 1 1 0 1 1 1 1 1 1 1 0 1 1 0 1 0 0 1 1 1 1 1 1 1 1 1 0 1 1 1 0 0 0 1 1 0 0 0 1 1 0 0 0 1 0 1 0 0 1 0 1 1 1 1 1 1 1 0 1 0 0 1 1 0 0 0 0 0 1 1 1 1 1 1 0 0 34518.0 33519.0 32662.0 0 0.17201498390975672
0 0 1 1 1 0 1 0 1 0 1 1 1 1 0 1 1 1 0 1 0 0 1 0 1 1 0 1 1 1 1 1 1 1 0 1 1 0 1 0 0 1 1 1 1 1 1 1 1 1 0 1 1 1 0 0 0 1 1 0 0 0 1 1 0 0 0 1 0 1 0 0 1 0 1 1 1 1 1 1 1 0 1 0 0 1 1 0 0 0 0 0 1 1 1 1 1 1 0 0 33440.0 33688.0 32364.0 0 0.09424685040425793
1 0 1 1 0 0 1 1 1 0 1 0 1 1 0 1 1 1 0 0 1 0 0 0 1 1 0 1 1 1 1 1 1 1 0 1 1 0 1 0 0 1 1 1 1 1 1 1 1 1 0 1 1 1 0 0 0 0 1 0 1 0 1 1 0 0 0 1 0 1 0 0 1 0 1 1 1 1 1 1 1 0 1 0 0 1 0 0 1 0 0 1 1 1 1 1 1 1 0 0 35139.0 32122.0 32354.0 0 0.046804747250260174
1 0 1 1 0 0 1 1 1 0 1 0 1 1 0 1 1 1 0 0 1 0 0 0 1 1 0 1 1 1 1 1 1 1 0 1 1 0 1 0 0 1 1 1 1 1 1 1 1 1 0 1 1 1 0 0 0 0 1 0 1 0 1 1 0 0 0 1 0 1 0 0 1 0 1 1 1 1 1 1 1 0 1 0 1 1 0 0 1 0 0 0 1 1 1 1 1 1 0 0 34884.0 32439.0 32271.0 0 0.07878056313658785
1 0 1 1 0 0 1 1 1 0 1 0 1 1 0 1 0 1 0 0 1 0 0 0 1 1 0 1 1 1 1 1 1 1 0 1 1 0 1 0 0 1 1 1 1 1 1 1 1 1 0 1 1 1 0 0 0 0 1 0 1 0 1 1 0 0 0 1 0 1 0 0 1 0 1 1 1 1 1 1 1 0 1 0 0 1 0 1 1 0 0 0 1 1 1 1 1 1 1 0 35905.0 31740.0 32263.0 0 0.04117612186800135
1 0 1 1 1 0 1 1 1 0 1 1 1 1 0 1 1 1 0 1 0 0 0 0 1 1 1 1 0 1 1 1 1 1 0 1 1 0 1 0 0 1 1 1 1 1 1 1 1 1 0 1 1 1 0 0 0 1 1 0 0 0 1 1 0 0 0 0 0 1 0 0 1 0 0 1 1 1 1 1 1 1 0 0 1 1 1 0 1 0 0 0 1 1 1 1 1 1 0 0 33912.0 33616.0 32198.0 0 0.1192375825542277
1 0 1 1 0 0 1 1 1 0 1 1 1 1 0 1 1 1 0 0 1 0 0 0 1 1 0 1 1 1 1 1 1 1 0 1 1 0 1 0 0 1 1 1 1 1 1 1 1 1 0 1 1 1 0 0 0 0 1 0 1 0 1 1 0 0 0 1 0 1 0 0 1 0 0 1 1 1 1 1 1 1 0 0 1 1 1 0 1 0 0 0 1 1 1 1 1 1 0 0 35065.0 33077.0 31775.0 0 0.3243202133115171
0 0 1 1 1 0 1 0 1 0 1 1 1 1 0 1 1 1 0 1 0 0 1 0 1 1 0 1 1 1 1 1 1 1 0 1 1 0 1 0 0 1 1 1 1 1 1 0 1 1 0 1 1 1 0 0 0 1 1 0 0 0 1 1 1 1 0 0 0 1 0 0 1 0 0 0 1 1 1 1 1 1 0 0 1 1 0 0 1 0 0 0 1 1 1 1 1 1 0 0 31057.0 33819.0 30655.0 0 1000000000000000.2
1 0 1 1 1 0 1 1 1 0 1 1 1 1 0 1 1 1 0 1 0 0 0 0 1 1 1 1 0 1 1 1 1 1 0 1 1 0 1 0 0 1 1 1 1 1 1 1 1 1 0 1 1 1 0 0 0 1 1 0 0 0 1 1 0 0 0 0 0 1 0 0 1 1 0 0 1 1 1 1 1 1 0 0 1 0 0 0 1 0 0 0 1 1 1 1 1 1 0 0 32706.0 33695.0 30601.0 0 0.18033816689924737
1 0 1 1 0 0 1 1 1 0 1 1 1 1 0 1 1 1 0 1 0 0 1 0 1 1 0 1 1 1 1 1 1 1 0 1 1 0 1 0 0 1 1 1 1 1 1 0 1 1 0 1 1 1 0 0 0 1 1 0 0 0 1 1 1 1 0 0 0 1 0 0 1 0 0 0 1 1 1 1 1 1 0 0 1 1 0 0 1 0 0 0 1 1 1 1 1 1 0 0 31968.0 33747.0 30321.0 0 0.2008369880472025
0 0 1 1 1 0 1 0 1 0 1 1 1 1 0 1 1 1 0 1 0 0 1 0 1 1 0 1 1 1 1 1 1 1 0 1 1 0 1 0 0 1 1 1 1 1 1 0 1 1 0 1 1 1 0 0 0 1 1 0 0 0 1 1 1 1 0 0 0 1 0 0 1 1 0 0 1 1 1 1 1 1 0 0 1 1 0 0 1 0 0 0 1 1 1 1 1 0 0 0 31300.0 33975.0 30289.0 0 0.25008008178667007
1 0 1 0 1 0 1 1 1 0 1 1 1 1 0 1 1 1 0 1 0 0 1 0 1 1 0 1 1 1 1 1 1 1 0 1 1 0 1 0 0 1 1 1 1 1 1 0 1 1 0 1 1 1 0 0 0 1 1 0 0 0 1 1 1 1 0 0 0 1 0 0 1 1 0 0 1 1 1 1 1 1 0 0 1 1 0 0 1 0 0 0 1 1 1 1 1 0 0 0 32102.0 34092.0 30103.0 0 2000000000000000.0
1 0 1 1 0 0 1 1 1 1 1 0 1 1 0 1 1 0 1 0 1 0 0 0 1 1 1 1 0 1 1 0 1 1 0 1 1 0 1 0 0 1 1 0 1 1 1 1 1 1 0 0 1 1 0 0 0 1 1 0 0 1 1 1 0 0 0 1 0 1 0 0 1 0 1 1 1 1 1 1 1 0 1 0 1 1 0 0 1 0 1 1 1 1 1 1 1 0 0 1 33559.0 28597.0 35807.0 1 2000000000000000.0
0 0 1 1 1 0 1 1 1 0 0 1 1 1 0 1 1 0 1 0 1 0 0 0 1 1 1 1 0 1 1 1 1 1 0 1 1 0 0 0 0 1 1 0 1 1 1 1 1 1 0 0 1 1 0 0 0 1 1 0 0 1 1 1 0 0 0 1 0 1 0 0 1 0 1 1 1 1 1 1 1 0 1 0 1 1 0 0 1 0 1 1 1 1 1 1 1 0 0 1 33494.0 29351.0 35516.0 1 0.16793864120126345
1 0 1 1 0 0 1 1 1 1 1 0 1 1 0 1 1 0 1 0 1 0 0 0 1 1 1 1 0 1 1 1 1 1 0 1 1 0 1 0 0 1 1 0 1 1 1 1 1 1 0 0 1 1 0 0 0 1 1 0 0 1 1 1 0 0 0 1 0 1 0 0 1 0 1 1 1 1 1 1 1 0 1 0 0 1 0 1 1 0 0 0 1 1 1 1 1 1 1 0 35060.0 28958.0 35513.0 1 0.0786402324250208
0 0 1 1 1 0 1 1 1 0 1 1 1 1 0 1 1 0 1 0 1 0 0 0 1 1 1 1 0 1 1 1 1 1 0 1 1 0 1 0 0 1 1 0 1 1 1 1 1 1 0 0 1 1 0 0 0 1 1 0 0 1 1 1 0 0 0 1 0 1 0 0 1 0 1 1 1 1 1 1 1 0 1 0 0 1 0 0 1 0 1 1 1 1 1 1 1 0 0 1 34255.0 29682.0 35487.0 1 0.1783222120360891
1 0 1 1 0 0 1 1 1 0 1 1 1 1 0 1 1 0 1 0 1 0 0 1 1 1 1 1 0 1 1 1 1 1 0 1 1 0 1 0 0 1 1 0 1 1 1 1 1 1 0 0 1 1 0 0 0 1 1 0 0 1 1 1 0 0 0 1 0 1 0 0 1 0 1 1 1 1 1 1 1 0 1 0 0 1 0 0 1 0 1 1 1 1 1 1 1 0 0 1 34730.0 29073.0 35455.0 1 0.13496104752309956
0 0 1 1 1 0 1 1 1 0 1 1 1 1 0 1 1 0 1 0 1 0 0 0 1 1 1 1 0 1 1 1 1 1 0 1 1 0 0 0 0 1 1 0 0 1 1 0 1 1 0 1 1 0 0 0 0 1 1 0 1 0 1 1 0 0 1 1 0 1 0 0 1 0 1 1 1 1 1 1 1 0 1 1 0 1 0 1 1 0 0 0 1 1 1 1 1 1 1 0 34390.0 29617.0 35253.0 1 0.14474706915803603
1 0 1 1 0 0 1 1 1 1 1 0 1 1 0 1 1 1 0 0 1 0 0 0 1 1 1 1 1 1 1 1 1 1 0 1 1 0 1 0 0 1 1 0 0 1 1 0 1 1 0 0 1 1 0 0 0 1 1 0 1 0 1 1 0 0 1 1 0 1 0 0 1 0 1 1 1 1 1 1 1 0 1 0 0 1 0 1 1 0 0 1 1 1 1 1 1 0 1 0 35855.0 28821.0 35025.0 1 0.1776616320415173
1 0 1 1 1 0 1 1 1 0 1 1 1 1 0 1 1 0 1 0 1 0 0 0 1 1 1 1 0 1 1 1 1 1 0 1 1 0 0 0 0 1 1 0 0 1 1 0 1 1 0 1 1 1 0 0 0 1 1 0 1 0 1 1 0 0 1 1 0 1 0 0 1 0 1 1 1 1 1 1 1 0 1 0 0 1 0 0 1 0 0 0 1 1 1 1 1 1 1 1 35375.0 29209.0 35008.0 1 0.11552479644601109
1 0 1 1 0 0 1 1 1 0 1 1 1 1 0 1 1 1 0 0 1 0 0 0 1 1 1 1 0 1 1 1 1 1 0 1 1 0 1 0 0 1 1 0 1 1 1 1 1 1 0 0 1 1 0 0 0 1 1 0 0 1 1 1 0 0 0 1 0 1 0 0 1 0 1 1 1 1 1 1 1 0 1 0 1 1 0 0 1 0 1 1 1 1 1 1 1 0 0 1 34854.0 30333.0 34986.0 1 0.2088918757314701
1 0 1 1 0 0 1 1 1 0 1 1 1 1 0 1 1 1 1 0 1 0 1 0 1 1 0 1 1 1 1 1 1 1 0 1 1 0 1 0 0 1 1 0 1 1 1 0 1 1 0 0 1 1 0 0 0 1 1 0 0 1 1 1 0 0 0 1 0 1 0 0 1 0 1 1 1 1 1 1 1 0 1 0 0 1 0 0 1 0 1 1 1 1 1 1 1 0 0 1 34492.0 30610.0 34869.0 1 0.09148881703479254
1 0 1 1 0 0 1 1 1 0 1 1 1 1 0 1 1 0 1 0 1 0 0 0 1 1 1 1 0 1 1 1 1 1 0 1 1 0 1 0 0 1 1 0 1 1 1 1 1 1 0 0 1 1 0 0 0 1 1 0 1 1 1 1 0 0 0 1 0 1 0 0 1 0 1 1 1 1 1 1 1 0 1 0 0 1 0 0 1 0 0 1 1 1 1 1 1 1 0 1 35306.0 29516.0 34859.0 1 0.06171046533528166
1 0 1 1 0 0 1 1 1 0 1 1 1 1 0 1 1 0 1 0 1 0 0 0 1 1 1 1 0 1 1 1 1 1 0 1 1 0 1 0 0 1 1 0 1 1 1 1 1 1 0 0 1 1 0 0 0 1 1 0 1 1 1 1 0 0 0 1 0 1 0 0 1 0 1 1 1 1 1 1 1 0 0 0 0 1 1 1 1 0 0 1 1 1 1 1 1 1 0 0 35144.0 29675.0 34848.0 1 0.05944473118785805
1 0 1 1 0 0 1 1 1 0 1 1 1 1 0 1 1 1 1 0 1 0 0 0 1 1 1 1 0 1 1 1 1 1 0 1 1 0 1 0 0 1 1 0 0 1 1 1 1 1 0 0 1 1 0 0 0 1 1 0 1 1 1 1 0 0 0 1 0 1 0 0 1 0 1 1 1 1 1 1 1 0 1 0 0 1 0 1 1 0 0 0 1 1 1 1 1 1 1 0 36013.0 29536.0 34793.0 1 0.13335602358296747
1 0 1 1 1 0 1 1 1 0 1 1 1 1 0 1 1 0 1 0 1 0 0 0 1 1 1 1 0 1 1 1 1 1 0 1 1 0 0 0 0 1 1 0 0 1 1 0 1 1 0 1 1 1 0 0 0 1 1 0 0 0 1 1 0 0 0 1 0 1 0 0 1 0 0 1 1 1 1 1 1 0 1 1 1 1 1 0 1 0 0 0 1 1 1 1 1 1 0 0 32545.0 30615.0 34508.0 1 0.21580127622605283
0 0 1 1 1 0 1 0 1 0 1 1 1 1 0 1 1 1 0 1 0 0 1 0 1 1 1 1 0 1 1 1 1 1 0 1 1 0 1 0 0 1 1 0 1 1 1 1 1 1 0 0 1 1 0 0 0 1 1 0 0 1 1 1 0 0 0 1 0 1 0 0 1 0 1 1 1 1 1 1 1 0 1 0 0 1 0 0 1 0 1 1 1 1 1 1 1 0 0 1 34051.0 31135.0 34469.0 1 0.14810374079856115
0 0 1 1 1 0 1 1 1 0 1 1 1 1 0 1 1 0 1 0 1 0 0 1 1 1 1 1 0 1 1 1 1 1 0 1 1 0 1 0 0 1 1 0 1 1 1 1 1 1 0 1 1 1 0 0 0 1 1 0 1 0 1 1 0 0 0 1 0 1 0 0 1 0 1 1 1 1 1 1 1 0 1 0 0 1 0 0 1 0 0 0 1 1 1 1 1 0 1 0 35642.0 30389.0 34459.0 1 0.06027261255458448
0 0 1 1 1 0 1 1 1 0 1 1 0 1 0 1 1 1 0 0 1 0 0 0 1 1 1 1 0 1 1 1 1 1 0 1 1 0 1 0 0 1 1 0 1 1 1 1 1 1 0 1 1 1 0 0 0 1 1 0 0 0 1 1 0 0 0 1 0 1 0 0 1 0 0 1 1 1 1 1 1 0 1 1 1 1 1 0 1 0 0 0 1 1 1 1 1 1 0 0 33647.0 32321.0 34350.0 1 0.1487366014649466
1 0 1 1 0 0 1 1 1 1 1 0 1 1 0 1 1 1 0 0 1 0 0 0 1 1 1 1 1 1 1 1 1 1 0 1 1 0 1 0 0 1 1 0 0 1 1 0 1 1 0 1 1 1 0 0 0 1 1 0 1 0 1 1 0 0 0 1 0 1 0 0 1 0 1 1 1 1 1 1 1 0 0 0 0 1 1 1 1 0 0 1 1 1 1 1 1 1 0 0 35887.0 30345.0 34294.0 1 0.0753332382573657
0 0 1 1 1 0 1 1 1 0 1 1 1 1 0 1 1 0 1 0 1 0 0 0 1 1 1 1 0 1 1 1 1 1 0 1 1 0 0 0 0 1 1 0 1 1 1 1 1 1 0 1 1 1 0 0 0 1 1 0 1 0 1 1 0 0 0 1 0 1 0 0 1 0 1 1 1 1 1 1 1 0 1 0 0 1 0 0 1 1 0 0 1 1 1 1 1 1 1 0 35564.0 30428.0 34157.0 1 0.15463350353241523
1 0 1 0 1 0 1 1 1 0 1 1 1 1 0 1 1 1 0 0 1 0 0 0 1 1 1 1 0 1 1 1 1 1 0 1 1 0 1 0 0 1 1 0 1 1 1 1 1 1 0 1 1 1 0 0 0 1 1 0 0 0 1 1 0 0 0 1 0 1 0 0 1 0 1 1 1 1 1 1 1 0 1 0 0 1 0 1 1 0 0 1 0 1 1 1 1 1 0 0 34068.0 31056.0 34047.0 1 0.11286351180305286
1 0 1 1 0 0 1 1 1 1 1 0 1 1 0 1 1 1 0 0 1 0 0 0 1 1 1 1 1 1 1 1 1 1 0 1 1 0 1 0 0 1 1 0 1 1 1 1 1 1 0 1 1 1 0 0 0 1 1 0 0 0 1 1 0 0 0 1 0 1 0 0 1 0 1 1 1 1 1 1 1 0 1 0 0 1 0 0 1 0 0 1 1 1 1 1 1 1 0 0 35644.0 31426.0 34013.0 1 0.12296121036987495
1 0 1 1 0 0 1 1 1 1 1 0 1 1 0 1 1 0 1 0 1 0 0 0 1 1 1 1 0 1 1 1 1 1 0 1 1 0 1 0 0 1 1 1 1 1 1 1 1 1 0 1 1 1 0 0 0 1 1 0 1 0 1 1 0 0 0 1 0 1 0 0 1 0 0 1 1 1 1 1 1 1 0 0 1 1 1 0 1 0 0 0 1 1 1 1 1 1 0 0 35001.0 31635.0 33914.0 1 0.10702094983753616
1 0 1 1 0 0 1 1 1 0 1 1 1 1 0 1 1 1 0 0 1 0 0 0 1 1 1 1 0 1 1 1 1 1 0 1 1 0 1 0 0 1 1 0 1 1 1 1 1 1 0 1 1 1 0 0 0 1 1 0 1 0 1 1 0 0 0 1 0 1 0 0 1 0 1 1 1 1 1 1 1 0 0 0 0 1 1 1 1 0 0 1 1 1 1 1 1 1 0 0 35951.0 31326.0 33827.0 1 0.11172438874396556
1 0 1 1 0 0 1 1 1 1 1 0 1 1 0 1 1 1 0 0 1 0 0 0 1 1 1 1 1 1 1 1 1 1 0 1 1 0 1 0 0 1 1 0 0 1 1 1 1 1 0 1 1 1 0 0 0 1 1 0 1 0 1 1 0 0 0 1 0 1 0 0 1 0 1 1 1 1 1 1 1 0 1 0 0 1 0 0 1 0 0 1 1 1 1 1 1 1 0 0 36004.0 30883.0 33785.0 1 0.14127331494640427
0 0 1 1 1 0 1 1 1 0 1 1 1 1 0 1 1 1 0 0 1 0 0 0 1 1 1 1 0 1 1 1 1 1 0 1 1 0 1 0 0 1 1 0 1 1 1 1 1 1 0 1 1 1 0 0 0 1 1 0 1 0 1 1 0 0 0 1 0 1 0 0 1 0 1 1 1 1 1 1 1 0 1 0 0 1 0 0 1 0 0 0 1 1 1 1 1 1 1 0 36174.0 31575.0 33655.0 1 1000000000000000.1
1 0 1 0 1 0 1 1 1 0 1 1 1 1 0 1 1 1 1 0 1 0 0 0 1 0 0 1 0 1 1 1 1 1 0 1 1 0 1 0 0 1 1 0 1 1 1 1 1 1 0 1 1 1 0 0 0 1 1 0 0 0 1 1 0 0 0 1 0 1 0 0 1 0 0 1 1 1 1 1 1 0 1 1 1 1 1 0 1 0 0 0 1 1 1 1 1 1 0 0 32601.0 32548.0 33420.0 1 0.21461120182704504
1 0 1 1 0 0 1 1 1 0 1 1 1 1 0 1 1 1 1 0 1 0 1 0 1 1 0 1 1 1 1 1 1 1 0 1 1 0 1 0 0 1 1 0 0 1 1 1 1 1 0 1 1 1 0 0 0 1 1 0 0 0 1 1 0 0 0 1 0 1 0 0 1 0 1 1 1 1 1 1 1 0 1 0 0 1 0 0 1 0 0 0 1 1 1 1 1 1 1 0 35109.0 31841.0 33192.0 1 0.1874915698550333
0 0 1 1 1 0 1 1 1 0 1 1 1 1 0 1 1 1 1 0 1 0 0 0 1 1 0 1 1 1 1 1 1 1 0 1 1 0 1 0 0 1 1 1 1 1 1 0 1 1 1 1 1 0 0 0 0 1 1 0 0 0 1 1 1 1 0 0 0 1 0 0 1 0 0 1 1 1 1 1 1 0 1 1 1 1 0 0 1 0 0 0 1 1 1 1 0 0 0 0 31817.0 32784.0 33131.0 1 0.11981139948101924
0 0 1 1 1 0 1 1 1 0 1 0 1 1 0 1 1 1 0 1 0 0 1 0 1 1 1 1 1 1 1 1 1 1 0 1 1 0 0 0 0 1 1 0 0 1 1 0 1 1 0 1 1 1 0 0 0 1 1 0 0 0 1 1 0 0 0 1 0 1 0 0 1 0 0 1 1 1 1 1 1 0 1 1 1 1 0 0 1 0 0 0 1 1 1 1 1 1 0 0 33012.0 32482.0 33129.0 1 0.17952872193187389
1 0 1 1 0 1 1 1 1 0 1 1 1 1 0 1 1 1 1 0 0 0 0 0 1 1 0 1 1 1 1 1 1 1 0 1 1 0 1 0 0 1 1 1 1 1 1 1 1 1 0 1 1 1 0 0 0 1 1 0 0 0 1 1 0 0 0 1 0 1 0 0 0 0 0 0 1 1 1 1 1 0 1 1 1 1 1 0 1 0 0 0 1 1 1 1 1 1 0 0 32167.0 33059.0 33068.0 1 0.21511524248829442
0 0 1 1 1 0 1 0 1 0 1 1 1 1 0 1 1 1 1 0 1 0 1 0 1 1 0 1 1 1 1 1 1 1 0 1 1 0 1 0 0 1 1 1 1 1 1 0 1 1 1 1 1 0 0 0 0 1 1 0 0 0 1 1 1 1 0 0 0 1 0 0 1 0 0 1 1 1 1 1 1 0 1 1 1 1 0 0 1 0 0 0 1 1 1 1 0 0 0 0 31055.0 33109.0 33026.0 1 1000000000000000.0
1 0 1 1 0 0 1 1 1 0 1 1 1 1 0 1 1 1 1 0 1 0 1 0 1 1 0 1 1 1 1 1 1 1 0 1 1 0 1 0 0 1 1 0 1 1 1 0 1 1 0 1 1 1 0 0 0 1 1 0 1 0 1 1 0 0 0 1 0 1 0 0 1 0 0 0 1 1 1 1 1 0 1 1 1 1 0 0 1 0 0 0 1 1 1 1 1 1 0 0 33232.0 32867.0 32945.0 1 0.15890841224835467
1 0 1 1 0 1 1 1 1 0 1 1 1 1 0 1 1 1 1 0 0 0 0 0 1 1 0 1 1 1 1 1 1 1 0 1 1 0 1 0 0 1 1 0 1 1 1 1 1 1 0 1 1 1 0 0 0 1 1 0 0 0 1 1 0 1 0 1 0 1 0 0 1 0 0 1 1 1 1 1 1 1 0 0 1 1 1 0 1 0 0 0 1 1 1 1 1 1 0 0 34196.0 32342.0 32882.0 1 0.09215899476115345
0 0 1 1 1 0 1 0 1 0 1 1 1 1 0 1 1 1 0 0 1 0 0 0 1 1 0 1 1 1 1 1 1 1 0 1 1 0 1 0 0 1 1 1 1 1 1 1 1 1 0 1 1 1 0 0 0 0 1 0 1 0 1 1 0 0 0 1 0 1 0 0 1 0 1 1 1 1 1 1 1 0 1 0 0 1 0 0 1 0 0 1 1 1 1 1 1 1 0 0 34379.0 32555.0 32802.0 1 0.06489193231750431
1 0 1 1 0 0 1 1 1 0 1 0 1 1 0 1 1 1 0 0 1 0 0 0 1 1 0 1 1 1 1 1 1 1 0 1 1 0 1 0 0 1 1 1 1 1 1 1 1 1 0 1 1 1 0 0 0 0 1 0 1 0 1 1 0 0 0 1 0 1 0 0 1 0 1 1 1 1 1 1 1 0 1 0 0 1 0 0 1 0 0 1 1 1 1 1 1 0 0 1 35275.0 31634.0 32647.0 1 0.10335094535521072
1 0 1 1 1 0 1 1 1 0 1 0 1 1 0 1 1 1 0 1 0 0 0 0 1 1 0 1 1 1 1 1 1 1 0 1 1 0 1 0 0 1 1 1 1 1 1 1 1 1 0 1 1 1 0 0 0 1 1 0 0 0 1 1 0 0 0 1 0 1 0 0 1 0 1 1 1 1 1 1 1 0 1 0 0 1 1 0 0 0 0 0 1 1 1 1 1 1 0 0 34367.0 33158.0 32548.0 1 0.11714502625717363
0 0 1 1 1 0 1 1 1 0 1 1 1 1 0 1 1 1 0 1 0 0 0 0 1 1 0 1 1 1 1 1 1 1 0 1 1 0 1 0 0 1 1 1 1 1 1 1 1 1 0 1 1 1 0 0 0 1 1 0 0 0 1 1 0 0 0 1 0 1 0 0 1 0 1 1 1 1 1 1 1 0 1 0 0 1 1 0 0 0 0 0 1 1 1 1 1 1 0 0 34202.0 33363.0 32469.0 1 0.10525425016898006
1 0 1 1 0 0 1 1 1 0 1 0 1 1 0 1 1 1 0 0 0 0 0 0 1 1 0 1 1 1 1 1 1 1 0 1 1 0 1 0 0 1 1 1 1 1 1 1 1 1 0 1 1 1 0 0 0 0 1 0 1 0 1 1 0 0 0 1 0 1 0 0 1 0 1 1 1 1 1 1 1 0 1 0 1 1 0 0 1 0 0 0 1 1 1 1 1 1 1 0 35117.0 32174.0 32382.0 1 0.18320600134826737
1 0 1 1 0 0 1 1 1 0 1 1 0 1 0 1 1 1 0 1 1 0 0 0 1 1 0 1 1 1 1 1 1 1 0 1 1 0 1 0 0 1 1 0 1 1 1 1 1 1 0 1 1 1 0 0 0 1 1 0 0 0 1 1 0 1 0 1 0 1 0 0 1 0 0 1 1 1 1 1 1 1 0 0 1 1 1 0 1 0 0 0 1 1 1 1 1 1 0 0 34583.0 32204.0 32029.0 1 0.15974208559762154
1 0 1 0 1 0 1 1 1 0 1 1 1 1 0 1 1 1 0 1 0 0 1 0 1 1 0 1 1 1 1 1 1 1 0 1 1 0 1 0 0 1 1 1 1 1 1 0 1 1 0 1 1 1 0 0 0 1 1 0 0 0 1 1 1 1 0 0 0 1 0 0 1 0 0 1 1 1 1 1 1 0 1 1 1 1 0 0 1 0 0 0 1 1 1 1 0 0 0 0 31751.0 33430.0 31962.0 1 0.22336184010318139
0 0 1 1 1 0 1 0 1 0 1 1 1 1 0 1 1 1 0 1 0 0 1 0 1 1 0 1 1 1 1 1 1 1 0 1 1 0 1 0 0 1 1 1 1 1 1 1 1 1 0 1 0 1 0 0 0 1 1 0 0 0 1 1 0 0 0 1 0 1 0 0 1 0 1 1 1 1 1 1 1 0 1 0 0 1 1 0 0 0 0 0 1 1 1 1 1 1 0 0 33369.0 33564.0 31884.0 1 1000000000000000.0
1 0 1 1 0 0 1 1 1 0 1 1 0 1 0 1 1 1 0 1 0 0 0 0 1 1 0 1 1 1 1 1 1 1 0 1 1 0 1 0 0 1 1 1 1 1 1 1 1 1 0 1 1 1 0 0 0 1 1 0 1 0 1 1 0 0 0 1 0 1 0 0 1 0 0 1 1 1 1 1 1 1 0 0 1 1 1 0 1 0 0 0 1 1 1 1 1 1 0 0 34460.0 32749.0 31809.0 1 0.09858978495219345
1 0 1 1 0 0 1 1 1 1 1 0 1 1 0 1 1 1 0 0 1 0 0 0 1 1 0 1 1 1 1 1 1 1 0 1 1 0 1 0 0 1 1 1 1 1 1 1 1 1 0 1 1 1 0 0 0 0 1 0 1 0 1 1 0 0 0 1 0 1 0 0 1 0 0 1 1 1 1 1 1 1 0 0 1 0 1 0 1 0 0 0 1 1 0 1 1 1 0 0 34703.0 32273.0 31729.0 1 0.1137743596943699
1 0 1 1 0 0 1 1 1 0 1 0 0 1 0 1 1 1 0 1 1 0 0 0 1 1 0 1 1 1 1 1 1 1 0 1 1 0 1 0 0 1 1 1 1 1 1 1 1 1 0 1 1 1 0 0 0 0 1 0 1 0 1 1 0 0 0 1 0 1 0 0 1 0 0 1 1 1 1 1 1 1 0 0 1 1 1 0 1 0 0 0 1 1 1 1 1 1 0 0 34949.0 32574.0 31547.0 1 1000000000000000.1
1 0 1 1 0 0 1 1 1 0 1 0 1 1 0 1 1 1 0 1 0 0 1 0 1 1 0 1 1 1 1 1 1 1 0 1 1 0 1 0 0 1 1 1 1 1 1 0 1 1 0 1 1 1 0 0 0 0 1 0 0 0 1 1 1 1 0 0 0 1 0 0 1 0 0 0 1 1 1 1 1 1 0 0 1 1 0 0 1 0 0 0 1 1 1 1 1 1 0 0 31786.0 33297.0 29598.0 2 3000000000000000.0
0 0 1 0 1 0 1 1 1 0 1 1 1 1 0 1 1 0 1 0 1 0 0 1 1 1 1 1 0 1 1 1 1 1 0 1 1 0 0 0 0 1 1 0 0 1 1 0 1 1 0 0 1 1 0 0 0 1 1 1 0 1 1 1 0 0 0 1 0 1 0 0 1 0 1 1 1 1 1 1 1 0 1 1 0 0 0 1 1 0 0 0 1 1 1 1 0 1 1 0 33640.0 27299.0 35416.0 2 2000000000000000.0
1 0 1 1 0 0 1 1 1 1 1 0 1 1 0 1 1 1 0 0 1 0 0 0 1 1 1 1 1 1 1 1 1 1 0 1 1 0 1 0 0 1 1 0 0 1 1 1 1 1 0 1 1 1 0 0 0 1 1 0 1 0 1 1 0 0 0 1 0 1 0 0 1 0 1 1 1 0 1 1 1 1 0 0 1 1 1 0 1 0 0 0 1 1 0 1 1 1 0 0 36164.0 30317.0 32409.0 2 1000000000000000.1
1 0 1 1 1 0 1 1 1 0 1 1 1 1 0 1 1 1 1 0 1 0 0 0 1 1 0 1 0 1 1 1 1 1 0 1 1 0 1 0 0 1 1 1 1 1 1 1 0 1 0 1 1 1 0 0 0 1 1 0 1 0 1 1 0 0 0 0 0 1 0 0 1 1 0 0 1 1 1 1 1 1 0 0 1 0 0 0 1 1 0 0 1 1 1 1 1 1 0 0 32398.0 32947.0 30637.0 2 0.5670098925128869
1 0 1 1 0 0 1 1 1 1 1 0 1 1 0 1 1 0 1 0 1 0 0 0 1 1 1 1 0 1 1 1 1 1 0 1 1 0 1 0 0 1 1 0 0 1 1 0 1 1 0 1 1 1 0 0 0 1 1 0 1 0 1 1 0 0 1 1 0 1 0 0 1 0 1 1 1 1 1 1 1 0 1 0 0 1 0 0 1 0 0 0 1 1 1 1 1 1 1 1 35682.0 28689.0 34972.0 2 0.4168922292930974
0 0 1 0 1 0 1 1 1 0 1 1 1 1 0 1 1 1 0 1 0 0 0 0 1 1 1 1 0 1 1 1 1 1 0 1 1 0 1 0 0 1 1 1 1 1 1 1 1 1 0 1 1 1 0 0 1 1 1 0 0 0 1 1 0 0 0 0 0 1 0 0 1 0 1 1 1 1 1 1 1 0 1 0 0 1 0 0 1 0 0 1 1 1 1 1 1 1 0 0 33561.0 32634.0 32135.0 2 0.3555642311354929
1 0 1 1 0 0 1 1 1 1 1 0 1 1 0 1 1 1 0 0 1 0 0 0 1 1 1 1 1 1 1 1 1 1 0 1 1 0 1 0 0 1 1 0 0 1 1 0 1 1 0 1 1 1 0 0 0 1 1 0 1 0 1 1 0 0 0 1 0 1 0 0 1 0 1 1 1 1 1 1 1 0 1 0 0 0 0 0 1 0 0 1 1 1 1 1 1 1 0 1 35575.0 30045.0 34236.0 2 0.25754139790544306
0 0 1 1 1 0 1 1 1 0 1 1 1 1 0 1 1 1 0 0 1 0 0 0 1 1 1 1 0 1 1 1 1 1 0 1 1 0 1 0 0 1 1 0 1 1 1 1 1 1 0 1 1 1 0 0 0 1 1 0 0 0 1 1 1 1 0 0 0 1 0 0 1 0 0 1 1 1 1 1 1 0 1 1 1 1 0 0 1 0 0 0 1 1 1 1 0 0 0 0 32507.0 31911.0 32921.0 2 0.23514437996297224
