0 0 1 1 1 0 1 1 1 0 1 1 1 1 0 1 1 0 1 0 1 0 0 0 1 1 1 1 0 1 1 1 1 1 0 1 1 0 1 0 0 1 1 0 0 1 1 0 1 1 0 1 1 1 0 0 0 1 1 0 0 0 1 1 0 1 1 1 0 1 0 0 1 0 0 1 1 1 1 1 1 0 1 0 0 1 0 1 1 0 0 1 1 1 1 1 1 1 0 0 33237.0 29813.0 34873.0 0 1000000000000000.0
1 0 1 1 0 1 1 1 1 1 0 1 1 1 0 1 1 0 1 0 1 0 0 0 1 1 1 1 1 1 1 1 1 1 0 1 0 0 1 0 0 1 1 0 0 1 1 0 1 1 0 1 1 1 0 0 0 1 1 1 0 0 1 1 0 0 0 1 0 1 0 0 1 0 0 1 1 1 1 1 1 0 1 0 0 1 0 1 1 0 0 1 1 1 1 1 1 1 0 0 33401.0 28748.0 34639.0 0 0.07734388495937047
1 0 1 1 0 1 1 1 1 1 0 1 1 1 0 1 1 0 1 0 0 0 0 0 1 1 1 1 1 1 1 1 1 1 0 1 0 0 1 1 0 1 1 0 0 1 1 0 1 1 0 1 1 1 0 0 0 1 1 0 0 0 1 1 0 1 1 1 0 1 0 0 1 0 1 1 1 1 1 1 1 0 1 0 0 1 0 0 1 0 0 1 1 1 1 1 1 1 0 0 33270.0 28890.0 34613.0 0 0.15545097362684446
1 0 1 1 0 1 1 1 1 1 0 1 1 1 0 1 1 0 1 0 1 0 1 0 1 1 0 1 1 1 1 1 1 1 0 1 1 0 1 0 0 1 1 0 0 1 1 0 1 1 0 1 1 1 0 0 0 1 1 0 0 0 1 1 0 0 0 1 0 1 0 0 1 0 0 1 1 1 1 1 1 0 1 0 0 1 0 1 1 0 0 1 1 1 1 1 1 1 0 0 32642.0 30293.0 34153.0 0 0.25380712416058443
1 0 1 1 0 1 1 1 1 1 0 1 1 1 0 1 1 0 1 0 1 0 0 0 1 1 1 1 1 1 1 1 1 1 0 1 0 0 1 0 0 1 1 0 0 1 1 0 1 1 0 1 1 1 0 0 0 1 1 0 0 0 1 1 0 1 1 1 0 1 0 0 1 0 0 1 1 1 1 1 1 0 1 0 0 1 0 0 1 0 0 1 1 1 0 1 1 1 1 0 33572.0 28544.0 33816.0 0 1000000000000000.2
1 0 1 1 0 0 1 1 1 1 0 0 1 1 0 1 1 1 0 0 1 0 0 0 1 1 1 1 1 1 1 1 1 1 0 1 1 0 1 0 0 1 1 0 0 1 1 0 1 1 0 1 1 1 0 0 0 1 1 1 0 0 1 1 0 0 0 1 0 1 0 0 1 0 0 1 1 1 1 1 1 0 1 0 0 1 0 1 1 0 0 1 1 1 1 1 1 1 0 0 34594.0 29641.0 33781.0 0 0.13073298198431396
1 0 0 1 0 0 1 1 1 0 1 0 1 1 0 1 1 1 0 0 1 0 0 0 1 1 1 1 1 1 1 1 1 1 0 1 1 0 1 0 0 1 1 0 0 1 1 0 1 1 0 1 1 1 0 0 0 1 1 0 0 0 1 1 0 1 1 1 0 1 0 0 1 0 0 1 1 1 1 1 1 0 1 0 0 1 0 1 1 0 0 1 1 1 1 1 1 1 0 0 34043.0 29731.0 33482.0 0 0.17794737642381103
1 0 1 1 0 0 1 1 1 1 0 0 1 1 0 1 1 1 0 0 1 0 0 0 1 1 1 1 1 1 1 1 1 1 0 1 1 0 1 0 0 1 1 0 0 1 1 0 1 1 0 1 1 1 0 0 0 1 1 1 0 0 1 1 0 0 0 1 0 1 0 0 1 0 0 1 1 1 1 1 1 0 1 1 1 1 0 0 1 0 0 0 1 1 1 1 1 1 0 0 34092.0 30826.0 33421.0 0 0.1172905418845707
1 0 0 1 0 0 1 1 1 0 1 1 1 1 0 1 1 1 1 0 1 0 1 0 1 1 0 1 1 1 1 1 1 1 0 1 1 0 1 0 0 1 1 0 0 1 1 0 1 1 0 1 1 1 0 0 0 1 1 0 0 0 1 1 0 0 0 1 0 1 0 0 1 0 0 1 1 1 1 1 1 0 1 0 0 1 0 1 1 0 0 1 1 1 1 1 1 1 0 0 33198.0 30879.0 33382.0 0 0.0563045415527666
1 0 1 1 0 0 1 1 1 1 0 0 1 1 0 1 1 1 0 0 1 0 0 0 1 1 1 1 1 1 1 1 1 1 0 1 1 0 1 0 0 1 1 0 0 1 1 1 1 1 0 0 1 1 0 0 0 1 1 0 0 0 1 1 0 0 1 1 0 1 0 0 1 0 1 1 1 1 1 1 1 0 1 0 0 1 0 0 1 0 0 1 1 1 1 1 1 1 0 0 34473.0 29648.0 33364.0 0 0.03771404182259988
0 0 1 1 0 0 1 1 1 1 0 0 1 1 0 1 1 1 0 0 1 0 0 0 1 1 1 1 1 1 1 1 1 1 0 1 0 0 1 0 0 1 1 0 0 1 1 0 1 1 1 1 1 1 0 0 0 1 1 0 0 0 1 1 0 1 1 1 0 1 0 0 1 0 1 1 1 1 1 1 1 0 1 0 0 1 0 0 1 0 0 1 1 1 0 1 1 1 1 0 34629.0 29159.0 33335.0 0 0.12633307417429268
1 0 1 1 0 0 1 1 1 1 0 0 1 1 0 1 1 1 0 0 1 0 0 0 1 1 1 1 1 1 1 1 1 1 0 1 0 0 1 0 0 1 1 0 0 1 1 0 1 1 0 1 1 1 0 0 0 1 1 0 0 0 1 1 0 1 1 1 0 1 0 0 1 0 1 1 1 1 1 1 1 0 1 0 0 1 0 0 1 0 0 1 1 1 0 1 1 1 1 0 34773.0 28948.0 33327.0 0 0.1273990840228589
1 0 1 1 1 0 1 0 1 0 1 0 1 0 0 1 1 1 1 1 0 0 1 0 1 1 0 1 1 1 1 1 1 1 0 1 1 0 1 0 0 1 1 1 0 1 1 0 1 1 0 0 1 1 0 0 0 1 1 0 0 0 1 1 0 0 1 1 0 1 0 0 1 0 1 1 1 1 1 1 1 0 1 0 0 1 0 0 1 0 0 1 1 1 1 1 1 1 0 0 32252.0 31003.0 33070.0 0 0.10493740491068801
1 0 1 1 0 0 1 1 1 0 1 0 1 1 0 1 1 1 0 0 1 1 1 0 1 1 1 1 1 1 1 1 1 1 0 1 1 0 0 0 0 1 1 0 0 1 1 0 1 1 0 1 1 1 0 0 0 1 1 0 1 0 0 1 0 1 1 1 0 1 0 0 1 0 0 1 1 1 1 1 1 0 1 0 0 1 0 0 1 0 0 1 1 1 1 1 1 1 0 0 34132.0 30011.0 33006.0 0 0.13310062826767732
1 0 1 1 0 0 1 1 1 1 0 0 1 1 0 1 1 1 0 0 1 0 0 0 1 1 1 1 1 1 1 1 1 1 0 1 1 0 1 0 0 1 1 0 0 1 1 1 1 1 0 0 1 1 0 0 0 1 1 0 0 0 1 1 0 1 1 1 0 1 0 0 1 0 0 1 1 1 1 1 1 1 0 0 1 1 1 0 1 0 0 0 1 1 1 1 1 1 0 0 34540.0 30371.0 32773.0 0 0.0849515515309398
1 0 0 1 0 0 1 1 1 0 1 0 1 1 0 1 1 1 0 0 1 0 0 0 1 1 1 1 1 1 1 1 1 1 0 1 1 0 1 0 0 1 1 0 0 1 1 0 1 1 0 1 1 1 0 0 0 1 1 0 1 0 1 1 0 1 1 1 0 1 0 0 1 0 0 1 1 1 1 1 1 0 1 0 0 1 0 0 1 0 0 1 1 1 1 1 1 1 0 0 34569.0 29753.0 32663.0 0 0.07510566302267252
1 0 1 1 0 0 1 1 1 0 1 0 1 1 0 1 1 1 1 1 0 0 0 0 1 1 1 1 1 1 1 1 1 1 0 1 1 0 1 0 0 1 1 0 0 1 1 0 1 1 0 1 1 1 0 0 0 1 1 0 0 0 1 1 0 1 1 1 0 1 0 0 1 0 0 1 1 0 1 1 1 1 0 0 1 1 1 0 1 0 0 0 1 1 1 1 1 1 0 0 34550.0 30403.0 32502.0 0 0.056008764557915716
1 0 1 1 0 0 1 1 1 0 1 0 1 1 0 1 1 1 0 0 1 0 0 0 1 1 1 1 1 1 1 1 1 1 0 1 1 0 0 0 0 1 1 0 0 1 1 0 1 1 0 1 1 1 0 0 0 1 1 0 1 0 0 1 0 1 1 1 0 1 0 0 1 0 1 1 1 1 1 1 1 0 1 0 0 1 0 0 1 1 0 1 1 1 0 1 1 1 1 0 35501.0 28743.0 32462.0 0 1000000000000000.0
0 0 1 0 1 0 1 1 1 0 1 0 1 1 0 1 1 1 1 1 0 0 0 0 1 1 1 1 1 1 1 1 1 1 0 1 1 0 1 0 0 1 1 0 0 1 1 0 1 1 0 1 1 1 0 0 0 1 1 0 0 0 1 1 0 1 1 1 0 1 0 0 1 0 0 1 1 0 1 1 1 1 0 0 1 1 1 0 1 0 0 0 1 1 1 1 1 1 0 0 34125.0 30436.0 32457.0 0 0.038910475186796016
1 0 0 1 0 0 1 1 1 0 1 1 1 1 0 1 1 1 1 0 1 0 1 0 1 1 0 1 1 1 1 1 1 1 0 1 1 0 1 0 0 1 1 0 0 1 1 0 1 1 0 1 1 1 0 0 0 1 1 0 1 0 1 1 0 0 0 1 0 1 0 0 1 0 0 1 1 1 1 1 1 0 1 0 0 1 0 0 1 0 0 1 1 1 0 1 1 1 1 0 34461.0 30495.0 32396.0 0 0.14731561298723583
0 0 1 1 1 0 1 0 1 0 1 0 1 1 0 1 1 1 0 1 0 0 1 0 1 1 0 1 1 1 1 1 1 1 0 1 1 0 1 0 0 1 1 0 0 1 1 0 1 1 0 1 1 1 0 0 0 1 1 0 0 0 1 1 0 0 0 1 0 1 0 0 1 0 1 1 1 1 1 1 1 0 1 0 0 1 0 0 1 0 0 1 1 1 1 1 1 1 0 0 32585.0 31344.0 32302.0 0 0.051384468228499534
1 0 0 1 0 0 1 1 1 0 1 0 1 1 0 1 1 1 0 0 1 0 0 0 1 1 1 1 1 1 1 1 1 1 0 1 1 0 1 0 0 1 1 1 0 1 1 0 1 1 1 1 1 0 0 0 0 1 1 0 0 0 1 1 0 0 0 1 0 1 0 0 1 0 0 0 1 1 1 1 1 0 1 0 1 1 1 0 1 0 0 1 1 1 1 1 1 1 0 0 32594.0 31116.0 32244.0 0 0.033865458873605446
1 0 0 1 0 0 1 1 1 0 1 1 1 1 0 1 1 1 0 1 0 0 1 0 1 1 0 1 1 1 1 1 1 1 0 1 1 0 1 0 0 1 1 0 0 1 1 0 1 1 0 1 1 1 0 0 0 1 1 0 0 0 1 1 0 0 0 1 0 1 0 0 1 0 0 1 1 1 1 1 1 0 1 0 0 1 0 1 1 0 0 1 1 1 1 1 1 1 0 0 32884.0 31133.0 32199.0 0 0.04692287593058029
1 0 1 1 0 0 1 1 1 1 0 0 1 1 0 1 1 1 0 0 1 0 0 0 1 1 1 1 1 1 1 1 1 1 0 1 1 0 1 0 0 1 1 0 0 1 1 1 1 1 0 0 1 1 0 0 0 1 1 0 0 0 1 1 0 1 0 1 0 1 0 0 1 0 0 1 1 0 1 1 1 1 0 0 1 1 1 0 1 0 0 0 1 1 1 1 1 1 1 0 34903.0 29376.0 32190.0 0 0.12867505522311018
1 0 0 1 0 0 1 1 1 0 1 0 1 1 0 1 1 1 0 0 1 0 0 0 1 1 1 1 1 1 1 1 1 1 0 1 1 0 1 0 0 1 1 0 0 1 1 0 1 1 0 1 1 1 0 0 0 1 1 0 1 0 0 1 0 1 1 1 0 1 0 0 1 0 1 1 1 1 1 1 1 0 1 0 0 1 0 0 1 0 0 1 1 1 0 1 1 1 1 0 35263.0 28773.0 32164.0 0 0.10791189466956004
1 0 1 0 1 0 1 0 1 0 1 0 1 1 0 1 1 1 1 1 0 0 1 0 1 1 0 1 1 1 1 1 1 1 0 1 1 0 1 0 0 1 1 1 0 1 1 0 1 1 0 1 1 1 0 0 0 1 1 0 0 0 1 1 0 0 1 1 0 1 0 0 1 0 0 0 1 0 1 1 1 1 0 0 1 1 1 0 1 0 0 1 1 1 1 1 1 1 0 0 31896.0 31735.0 32089.0 0 0.14399383165112506
1 0 1 1 0 0 1 1 1 0 1 0 1 1 0 1 1 1 0 0 1 0 0 0 1 1 1 1 1 1 1 1 1 1 0 1 1 0 1 0 0 1 1 0 0 1 1 0 1 1 0 1 1 1 0 0 0 1 1 0 0 0 1 1 0 1 0 1 0 1 0 0 1 0 0 1 1 0 1 1 1 1 0 0 1 1 1 0 1 0 0 0 1 1 1 1 1 1 1 0 34944.0 29830.0 32089.0 0 0.10658288814427552
0 0 1 1 0 1 1 1 1 0 1 0 1 1 0 1 1 1 0 1 1 0 0 0 1 1 0 1 1 1 1 1 1 1 0 1 1 0 1 0 0 1 1 0 0 1 1 1 1 1 0 1 1 0 0 0 0 0 1 0 0 0 1 1 0 0 1 1 0 1 0 0 1 0 1 1 1 1 1 1 1 0 1 0 0 1 0 0 1 0 0 1 1 1 1 1 1 1 0 0 34130.0 31014.0 32083.0 0 0.04228481831102984
0 0 1 1 1 0 1 1 1 0 1 1 1 1 0 1 1 0 0 1 1 0 0 0 1 1 1 1 1 1 1 1 1 1 0 1 1 0 1 0 0 1 1 0 0 1 1 0 1 1 0 1 1 1 0 0 0 1 1 0 0 0 1 1 0 1 0 1 0 1 0 0 1 0 0 1 1 0 1 1 1 1 0 0 0 1 1 0 1 0 0 0 1 1 1 1 1 1 1 0 34853.0 30069.0 31982.0 0 0.11332364137736631
1 0 1 1 0 0 1 1 1 1 0 0 1 1 0 1 1 1 0 0 1 0 0 0 1 1 1 1 1 1 1 1 1 1 1 1 1 0 1 0 0 1 1 0 0 1 1 1 1 1 0 0 0 1 0 0 0 1 1 0 0 0 1 1 0 1 0 1 0 1 0 0 1 0 0 1 1 0 1 1 1 1 0 0 1 1 1 0 1 0 0 0 1 1 1 1 1 1 1 0 35283.0 29645.0 31926.0 0 0.0713035407564421
0 0 1 1 1 0 1 0 1 0 1 0 1 1 0 1 1 1 0 1 0 0 1 0 1 1 0 1 1 1 1 1 1 1 0 1 1 0 1 0 0 1 1 0 0 1 1 0 1 1 0 1 1 1 0 0 0 1 1 0 0 0 1 1 0 1 1 1 0 1 0 0 1 0 0 0 1 0 1 1 1 1 0 0 1 1 1 0 1 0 0 1 1 1 1 1 1 1 0 0 32055.0 31350.0 31823.0 0 0.07447092003588439
1 0 0 1 0 0 1 1 1 0 1 0 1 1 0 1 1 1 0 1 0 0 0 0 1 1 1 1 1 1 1 1 1 1 0 1 1 0 1 0 0 1 1 1 0 1 1 0 1 1 1 1 1 0 0 0 0 1 1 0 0 0 1 1 0 0 0 1 0 1 0 0 1 0 0 0 1 1 1 1 1 0 1 0 1 1 1 0 1 0 0 1 1 1 1 1 1 1 0 0 32545.0 31485.0 31817.0 0 0.054949925282734215
1 0 0 1 0 0 1 1 1 0 1 1 1 1 0 1 1 1 0 1 0 0 1 0 1 1 0 1 1 1 1 1 1 1 0 1 1 0 1 0 0 1 1 0 0 1 1 0 1 1 0 1 1 1 0 0 0 1 1 0 0 0 1 1 0 0 0 1 0 1 0 0 1 0 1 1 1 1 1 1 1 0 1 0 0 1 0 0 1 0 0 1 1 1 1 1 1 1 0 0 33406.0 31275.0 31800.0 0 0.05798662903326167
0 0 1 1 1 0 1 0 1 0 1 0 1 1 0 1 1 1 1 1 0 0 1 0 1 1 0 1 1 1 1 1 1 1 0 1 1 0 1 0 0 1 1 1 0 1 1 0 1 1 1 1 1 0 0 0 0 1 1 0 0 0 1 1 0 0 0 1 0 1 0 0 1 0 0 0 1 1 1 1 1 0 0 0 1 1 1 0 0 0 1 1 1 1 1 1 1 1 0 0 30786.0 32623.0 31736.0 0 0.29763266363538
1 0 0 1 0 0 1 1 1 0 1 0 1 1 0 1 1 1 0 0 1 0 0 0 1 1 1 1 1 1 1 1 1 1 0 1 1 0 1 0 0 1 1 0 1 1 1 1 1 1 0 1 1 1 0 0 0 1 1 0 0 0 1 1 0 1 0 1 0 1 0 0 1 0 0 1 1 0 1 1 1 1 0 0 1 0 0 0 1 0 0 0 1 1 1 1 1 1 1 0 34739.0 30371.0 31569.0 0 0.06584530283472942
0 0 1 1 1 0 1 0 1 0 1 0 1 1 0 1 1 1 1 1 0 0 1 0 1 1 0 1 1 1 1 1 1 1 0 1 1 0 1 0 0 1 1 1 0 1 1 0 1 1 1 1 1 0 0 0 0 1 1 0 0 0 1 1 0 0 0 1 0 1 0 0 1 0 0 0 1 1 1 1 1 0 1 0 0 1 0 0 1 0 0 1 1 1 1 1 1 1 0 0 30929.0 32072.0 31549.0 0 0.10034550047081868
1 0 0 1 0 0 1 1 0 0 1 0 1 1 0 1 1 1 0 1 0 0 0 0 1 1 1 1 1 1 1 1 1 1 0 1 1 0 1 0 0 1 1 1 0 1 1 0 1 1 1 1 1 0 0 0 0 1 1 0 0 0 1 1 0 0 0 1 0 1 0 0 1 0 0 1 1 1 1 1 1 0 1 1 1 1 0 0 1 0 0 0 1 1 1 1 1 1 0 0 32219.0 31611.0 31490.0 0 0.0830491735141608
1 0 1 1 0 1 1 1 1 1 0 1 1 1 0 1 1 0 1 0 1 0 1 0 1 1 0 1 1 1 1 1 0 1 0 1 1 0 1 0 0 1 1 0 0 1 1 0 1 1 0 1 1 1 0 0 0 1 1 0 0 0 1 1 0 0 0 1 0 1 0 0 1 1 0 0 1 1 1 1 1 1 0 0 1 1 1 0 1 0 0 0 1 1 1 1 1 1 0 0 32633.0 31415.0 31439.0 0 0.05579549803032338
1 0 1 1 0 0 1 1 1 0 1 1 1 1 0 1 1 1 0 1 0 0 1 0 1 1 0 1 1 1 1 0 1 1 0 1 1 0 0 0 0 1 1 1 0 1 1 1 1 1 0 0 0 1 0 0 0 1 1 0 0 0 1 1 0 1 0 1 0 1 0 0 1 0 0 1 1 1 1 1 1 1 0 0 1 1 1 1 1 0 0 0 1 1 1 1 1 1 0 0 32524.0 31621.0 31393.0 0 0.07331536046653817
1 0 1 1 0 0 1 1 1 0 1 1 0 1 0 1 1 1 0 1 1 0 0 0 1 1 0 1 1 1 1 1 1 1 0 1 1 0 1 0 0 1 1 0 1 1 1 1 1 1 0 1 1 1 0 0 0 1 1 0 0 0 1 1 0 1 0 1 0 1 0 0 1 0 0 1 1 0 1 1 1 1 0 0 1 0 0 0 1 0 0 0 1 1 1 1 1 1 1 0 34282.0 30898.0 31334.0 0 0.09692621601680097
1 0 0 1 0 0 1 1 1 0 1 1 1 1 0 1 1 1 0 1 0 0 1 0 1 1 0 1 1 1 1 1 1 1 0 1 1 0 1 0 0 1 1 0 0 1 1 0 1 1 0 1 1 1 0 0 0 1 1 0 0 0 1 1 0 1 1 1 0 1 0 0 1 0 0 0 1 0 1 1 1 1 0 0 1 1 1 0 1 0 0 1 1 1 1 1 1 1 0 0 32876.0 31281.0 31321.0 0 0.06598182236028081
1 0 0 1 0 0 1 1 1 0 1 1 1 1 0 1 1 1 0 1 0 0 1 0 1 1 0 1 1 1 1 1 1 1 0 1 1 0 1 0 0 1 1 0 0 1 1 0 1 1 0 1 1 1 0 0 0 1 1 0 0 0 1 1 0 1 0 1 0 1 0 0 1 0 0 1 1 0 1 1 1 1 0 0 1 1 1 0 1 0 0 0 1 1 1 1 1 1 1 0 34130.0 31102.0 31282.0 0 0.03477654600443823
1 0 0 1 1 0 1 1 1 0 1 1 1 1 0 0 1 1 0 1 1 0 1 0 1 0 0 1 1 1 1 1 1 1 0 1 1 0 0 0 0 1 1 1 0 1 1 1 1 1 0 0 0 1 0 0 0 1 1 0 0 0 1 1 0 1 0 1 0 1 0 0 1 0 0 1 1 1 1 1 1 0 0 0 1 1 1 1 1 0 0 0 1 1 1 1 1 1 0 0 32368.0 31894.0 31256.0 0 0.055776963601243484
1 0 0 1 0 0 1 1 1 0 1 0 1 1 0 1 1 1 1 1 0 0 1 0 1 1 0 1 1 1 1 1 1 1 0 1 1 0 1 0 0 1 1 1 0 1 1 0 1 1 1 1 1 0 0 0 0 1 1 0 0 0 1 1 0 0 0 1 0 1 0 0 1 0 0 0 1 1 1 1 1 0 0 0 1 1 1 0 0 0 1 1 1 1 1 1 1 1 0 0 31456.0 32193.0 31120.0 0 0.204168564043373
1 0 1 1 0 0 1 1 1 1 0 0 1 1 0 1 1 1 0 1 0 0 1 0 0 1 0 1 1 1 1 1 1 1 0 1 1 0 1 0 0 1 1 1 0 1 1 0 1 1 0 1 1 1 0 0 0 1 1 0 0 0 1 1 1 0 1 1 0 1 0 0 1 0 0 0 1 0 1 1 1 1 0 0 0 1 1 0 1 0 0 0 1 1 1 1 1 1 1 0 33042.0 31276.0 31056.0 0 0.03020360976264018
1 0 0 1 1 0 1 1 1 0 1 1 1 1 0 0 1 1 0 1 0 0 1 0 1 0 0 1 1 1 1 1 1 1 0 1 1 0 0 0 0 1 1 1 0 1 1 1 1 1 0 0 0 1 0 0 0 1 1 0 0 0 1 1 0 1 0 1 0 1 0 0 1 0 0 1 1 1 1 1 1 1 0 0 1 1 1 1 1 0 0 0 1 1 1 1 1 1 0 0 32369.0 31892.0 31018.0 0 0.03651874870253999
0 0 1 0 1 0 1 1 1 0 1 0 1 1 1 1 1 1 0 0 1 0 0 0 1 1 1 1 1 1 1 1 1 1 0 1 1 0 1 0 0 1 1 1 0 1 1 0 1 1 1 1 1 0 0 0 0 1 1 0 0 0 1 1 0 0 0 1 0 1 0 0 1 0 0 0 1 1 1 1 1 1 0 0 1 1 1 0 1 0 0 0 1 1 1 1 1 1 0 0 33062.0 31795.0 30916.0 0 0.10629479128038336
1 0 0 1 1 0 1 1 1 0 1 1 1 1 0 0 1 1 0 1 0 0 1 0 1 0 0 1 1 1 1 1 1 1 0 1 1 0 0 0 0 1 1 1 0 1 1 1 1 1 0 0 0 1 0 0 0 1 1 0 0 0 1 1 0 1 1 1 0 1 0 0 1 0 0 1 1 1 1 1 1 1 0 0 1 1 1 0 1 0 0 0 1 1 1 1 1 1 0 0 32386.0 31971.0 30720.0 0 0.09573478794161736
1 0 0 1 0 0 1 1 1 0 1 1 1 1 0 1 1 1 0 1 0 0 1 0 1 1 0 1 1 1 1 1 1 1 0 1 1 0 1 0 0 1 1 0 0 1 1 0 1 1 0 1 1 1 0 0 0 1 1 0 0 0 1 1 0 0 0 0 0 1 0 1 1 0 0 1 1 1 1 1 1 1 0 0 1 1 1 0 1 0 0 0 1 1 1 1 1 1 0 0 33002.0 31920.0 30612.0 0 0.08112291647984698
1 0 0 1 0 0 1 1 1 0 1 1 1 1 0 1 1 1 1 1 1 0 0 0 1 1 0 0 1 1 1 1 1 1 0 1 1 0 1 0 0 1 1 1 1 1 1 0 1 1 0 1 1 1 0 0 0 1 1 0 0 0 1 1 1 1 0 0 0 1 0 0 1 0 0 0 1 1 1 1 1 1 0 0 1 1 0 0 1 0 0 0 1 1 1 1 1 1 0 0 31992.0 32287.0 30517.0 0 0.08531658726048896
0 0 1 0 1 0 1 0 1 0 1 0 1 1 0 1 1 1 1 1 0 0 1 0 1 0 0 1 1 1 1 1 1 1 1 1 1 1 1 0 0 1 1 1 0 1 1 0 1 1 1 1 1 0 0 0 0 1 1 0 0 0 1 1 0 0 0 1 0 1 0 0 1 0 0 1 1 1 1 1 1 1 0 0 1 1 0 0 1 0 0 0 1 1 1 1 1 1 0 0 31112.0 32361.0 30461.0 0 0.18378744319198076
1 0 1 1 0 0 1 1 1 0 1 1 1 1 0 1 1 1 0 1 0 0 0 0 1 1 1 1 1 1 1 1 1 1 0 1 1 0 0 0 0 1 1 0 0 1 1 1 1 1 0 1 1 0 0 0 0 0 1 0 0 0 1 1 0 1 1 0 0 1 0 0 1 1 0 0 1 1 1 1 1 1 0 0 1 1 1 0 1 0 0 1 1 1 1 1 1 1 0 0 33537.0 31849.0 30412.0 0 0.06193896647598748
1 0 0 1 0 0 1 1 1 0 1 1 1 1 0 1 0 1 0 1 1 0 0 0 1 1 0 1 1 1 1 1 1 1 0 1 1 0 1 0 0 1 1 0 1 1 1 1 1 1 0 1 1 1 0 0 0 1 1 0 0 0 1 1 0 1 0 1 0 1 0 0 1 0 0 1 1 0 1 1 1 1 0 0 1 0 0 0 1 0 0 0 1 1 1 1 1 1 1 0 34520.0 31186.0 30395.0 0 0.12897992498809105
1 0 0 1 0 0 1 1 1 0 1 1 1 1 0 1 1 1 0 1 0 0 1 0 1 1 0 1 1 1 1 1 1 1 0 1 1 0 1 0 1 1 1 0 0 1 1 0 1 1 0 1 1 1 0 0 0 1 1 0 1 0 1 1 1 1 0 0 0 1 0 0 1 0 0 0 1 1 1 1 1 1 0 1 1 1 0 0 1 0 0 0 1 1 1 1 0 1 0 0 32247.0 32057.0 29940.0 0 0.11550046598898184
1 0 1 1 0 0 1 1 1 1 0 0 1 1 0 1 1 1 0 1 0 0 1 0 1 0 0 1 1 1 1 1 1 1 0 1 1 1 0 0 0 1 1 0 0 1 1 1 1 1 0 1 1 0 0 0 0 0 1 0 0 0 1 1 0 1 1 1 0 1 0 0 1 1 0 0 1 1 1 1 1 1 0 0 1 1 1 0 1 0 0 0 1 1 1 1 1 1 0 0 32542.0 31986.0 29897.0 0 0.09903977616082023
0 0 1 0 1 0 1 0 1 0 1 0 1 1 0 1 1 1 1 1 0 0 1 0 1 0 0 1 1 1 1 1 1 1 1 1 1 1 1 0 0 1 1 1 0 1 1 0 1 1 1 1 1 0 0 0 0 1 1 0 0 0 1 1 1 1 0 0 0 1 0 0 1 0 0 0 1 1 1 1 1 1 0 0 1 1 0 0 1 0 0 0 1 1 1 1 1 1 0 0 29662.0 32658.0 29521.0 0 1000000000000000.2
1 0 0 1 1 0 1 1 1 0 1 1 1 1 0 0 1 1 0 1 0 0 1 0 1 0 0 1 1 1 1 1 1 1 0 1 1 0 0 0 0 1 1 0 0 1 1 1 1 1 0 1 1 0 0 0 0 0 1 0 0 0 1 1 0 1 1 1 0 1 0 0 1 1 0 0 1 1 1 1 1 1 0 0 1 1 1 0 1 0 0 0 1 1 1 1 1 1 0 0 32374.0 32223.0 29429.0 0 0.04779175162780677
1 0 0 1 1 0 1 1 1 0 1 1 1 1 0 0 1 1 0 1 0 0 1 0 1 0 0 1 1 1 1 1 1 1 0 1 1 0 0 0 0 1 1 1 0 1 1 0 1 1 1 1 1 0 0 0 0 1 1 0 0 0 1 1 1 1 0 0 0 1 0 0 1 0 0 0 1 1 1 1 1 1 0 1 1 1 0 0 1 0 0 0 1 1 1 1 1 1 0 0 29821.0 33061.0 29389.0 0 2000000000000000.2
1 0 0 1 0 0 1 1 1 0 1 0 1 1 0 1 1 1 0 0 1 0 0 0 1 1 1 1 1 1 1 1 1 1 0 1 1 0 1 0 0 1 1 0 0 1 1 0 1 1 1 0 0 0 0 0 0 0 1 0 0 0 0 1 0 1 0 1 0 1 0 1 1 1 1 1 1 1 1 1 1 1 0 0 0 1 1 0 1 0 0 0 1 1 0 1 1 1 1 0 35230.0 28611.0 29107.0 1 1000000000000000.4
1 0 1 1 0 1 1 1 1 1 0 1 1 1 0 1 1 0 0 0 1 0 0 0 1 1 1 1 1 1 1 1 1 1 0 1 0 0 1 0 0 1 1 0 0 1 1 0 1 1 0 1 1 1 0 0 0 1 1 0 0 0 1 1 0 1 1 1 0 1 0 0 1 0 0 1 1 1 0 1 1 0 1 0 0 1 0 1 1 0 1 1 1 1 1 1 1 1 0 0 32498.0 27975.0 34571.0 1 1000000000000000.1
1 0 0 1 1 0 1 1 1 0 1 1 1 1 0 0 1 1 0 1 0 0 1 0 1 0 0 1 1 1 1 1 1 1 0 1 1 1 1 0 0 1 1 1 0 1 1 0 1 1 1 1 1 0 0 0 0 1 1 0 0 0 1 1 0 0 0 1 0 1 1 0 1 0 0 0 1 1 1 1 1 0 0 0 1 1 1 0 1 0 0 0 1 1 1 1 1 1 0 0 30774.0 32534.0 29975.0 1 1000000000000000.1
1 0 1 1 0 1 1 1 1 1 0 1 1 1 0 0 1 0 1 0 1 0 0 0 1 1 1 1 1 1 1 1 1 1 0 1 0 0 1 0 0 1 1 0 0 1 1 0 1 1 0 1 1 1 0 0 0 1 1 0 0 0 1 1 0 1 1 1 0 1 0 0 1 0 1 1 1 1 1 1 1 0 1 0 0 1 0 0 1 0 0 1 1 1 0 1 1 1 1 0 33959.0 27868.0 33635.0 1 1000000000000000.0
0 0 1 1 1 0 1 0 1 0 1 0 1 1 0 1 1 1 1 1 0 0 1 0 1 1 0 1 1 1 1 1 1 1 0 1 1 0 1 0 0 1 1 1 0 1 1 0 1 1 1 0 1 0 0 0 0 1 1 0 0 0 1 1 0 0 0 1 0 1 0 0 1 0 0 0 1 1 1 1 0 1 1 0 1 1 1 0 1 0 0 1 1 1 1 1 1 0 0 0 30105.0 30972.0 32228.0 1 1000000000000000.0
1 0 0 1 0 0 1 1 1 0 1 1 1 1 0 1 0 1 0 1 1 0 0 0 1 1 0 1 1 1 0 1 1 1 0 1 1 0 1 0 0 1 1 0 0 1 1 1 1 1 0 1 1 0 0 0 0 0 1 0 0 0 1 1 0 1 1 1 0 1 0 0 1 1 0 0 1 1 1 1 1 1 0 0 1 1 1 0 0 0 0 0 1 1 1 1 1 1 0 0 33012.0 31721.0 28302.0 1 1000000000000000.0
0 0 1 0 1 0 1 0 1 0 1 0 1 1 0 1 1 1 1 1 0 0 1 0 1 0 0 1 1 1 1 1 1 1 1 1 1 1 1 0 0 1 1 1 0 1 1 0 1 1 1 1 1 0 0 0 0 1 1 0 0 0 1 1 0 0 0 1 0 1 0 0 1 0 0 0 1 1 1 1 1 0 0 0 1 1 1 0 1 0 0 1 1 1 1 1 1 1 0 0 30280.0 32447.0 30892.0 1 0.23527009434125568
1 0 1 1 0 1 1 1 1 0 1 0 1 1 0 1 1 1 0 1 1 0 0 0 1 1 0 1 1 1 1 1 1 1 0 1 1 0 1 0 0 1 1 1 0 1 1 0 1 1 0 1 1 1 0 0 0 1 1 0 0 0 1 1 1 1 0 0 0 1 0 0 1 0 0 0 1 1 1 1 1 1 0 0 1 1 0 0 1 0 0 0 1 1 1 1 1 1 0 0 31890.0 32282.0 30444.0 1 0.21792169835877304
1 0 1 1 0 1 1 1 1 1 0 1 1 1 0 1 1 0 1 0 1 0 0 0 1 1 1 1 1 1 1 1 1 1 0 1 0 0 1 0 0 1 1 0 0 1 1 0 1 1 0 1 1 1 0 0 0 1 1 0 0 0 1 1 0 1 1 1 0 1 0 0 1 0 0 1 1 1 1 1 1 0 1 0 0 1 0 0 1 0 0 1 1 1 1 1 1 1 0 0 32835.0 28950.0 33983.0 1 0.1934729935432804
0 0 1 0 1 0 1 0 1 0 1 0 1 1 0 1 1 1 1 0 0 0 1 0 1 0 0 1 1 1 1 1 1 1 0 1 1 0 1 0 0 1 1 0 0 1 1 0 1 1 0 1 1 1 0 0 0 1 1 0 0 0 1 1 1 1 1 1 0 1 0 0 1 0 0 1 1 1 1 1 1 0 1 0 0 1 0 1 1 0 0 1 1 1 1 1 1 1 0 0 31112.0 30676.0 33329.0 1 0.18684616495355177
1 0 1 0 0 0 1 1 1 0 1 1 1 1 0 1 0 1 0 1 1 0 0 0 1 1 1 1 1 1 1 1 1 1 0 1 1 0 1 0 0 1 1 0 0 1 1 0 1 1 0 1 1 1 0 0 0 1 1 0 0 0 1 1 0 1 0 1 0 1 0 0 1 0 0 1 1 0 1 1 1 1 0 0 0 1 1 0 1 0 0 0 1 1 1 1 1 1 1 0 35072.0 29442.0 29914.0 1 0.18111426508872866
1 0 0 0 0 0 1 1 1 0 1 1 1 1 0 1 0 1 0 1 1 0 0 0 1 1 1 1 1 1 1 1 1 1 0 1 1 0 1 0 0 1 1 0 0 1 1 1 1 1 0 1 1 0 0 0 0 0 1 0 0 0 1 1 0 1 1 0 0 1 0 0 1 1 0 0 1 1 1 1 1 1 0 0 1 1 1 0 1 0 0 0 1 1 1 1 1 1 0 0 33471.0 31270.0 28324.0 1 0.18051049929391924
1 0 0 1 0 0 1 1 1 0 1 0 1 1 0 1 1 1 0 1 1 0 0 0 1 1 1 1 1 1 1 1 1 1 0 1 1 0 1 0 0 1 1 1 0 1 1 0 1 1 0 1 1 1 0 0 0 1 1 0 0 0 1 1 1 1 0 0 0 1 0 0 1 0 0 0 1 1 1 1 1 1 0 0 1 1 1 0 0 0 0 0 1 1 1 1 1 1 0 0 32459.0 31857.0 30257.0 1 0.16559045737343828
1 0 0 1 1 0 1 1 1 0 1 1 1 1 0 0 1 1 0 1 0 0 1 0 1 0 0 1 1 1 1 1 1 1 0 1 1 0 1 0 0 1 1 1 0 1 1 0 1 1 0 0 1 1 0 0 0 1 1 0 0 0 1 1 0 0 1 1 0 1 0 0 1 0 1 1 1 1 1 1 1 0 1 0 0 1 0 0 1 0 0 1 1 1 1 1 1 1 0 0 32243.0 31228.0 31763.0 1 0.1585716786955101
1 0 1 0 1 0 1 0 1 0 1 0 1 1 0 1 1 1 1 1 0 0 1 0 1 1 0 1 1 1 1 1 1 1 0 1 1 0 1 0 0 1 1 1 0 1 1 0 1 1 0 1 1 1 0 0 0 1 1 0 0 0 1 1 0 0 1 1 0 1 0 0 1 0 0 0 1 0 1 1 1 1 0 0 1 1 1 0 1 0 0 0 1 1 1 1 1 1 0 0 31589.0 31463.0 31277.0 1 0.14795656750715988
1 0 1 1 0 0 1 1 1 1 0 0 1 1 0 1 1 1 0 0 1 0 0 0 1 1 1 1 1 1 1 1 1 1 0 1 0 0 0 0 0 1 1 0 0 1 1 0 1 1 0 1 1 1 0 0 0 1 1 0 0 0 1 1 0 1 1 1 0 1 0 0 1 0 1 1 1 1 1 1 1 0 1 0 0 1 0 0 1 0 0 1 1 1 0 1 1 1 1 0 34369.0 28368.0 33188.0 1 0.13897779934158733
1 0 0 0 0 0 1 1 1 0 1 1 1 1 0 1 0 1 0 1 1 0 0 0 1 1 1 1 1 1 1 1 1 1 0 1 1 0 1 0 0 1 1 0 0 1 1 1 1 1 0 1 1 0 0 0 0 1 1 0 0 0 1 1 0 0 1 1 0 1 0 0 1 0 1 1 1 1 1 1 1 0 1 0 0 1 0 0 1 0 0 1 1 1 1 1 1 1 0 0 34624.0 30352.0 31196.0 1 0.13659333972959847
1 0 0 1 0 1 1 1 1 0 1 0 1 1 0 1 1 1 0 0 1 0 0 0 1 1 1 1 1 1 1 1 1 1 0 1 1 0 0 0 0 1 1 1 0 1 1 0 1 1 1 1 1 0 0 0 0 1 1 0 0 0 1 1 1 1 0 0 0 1 0 0 1 0 0 0 1 1 1 1 1 1 0 1 1 1 0 0 1 0 0 0 1 1 1 1 1 1 0 0 31329.0 31688.0 30878.0 1 0.13290852632727312
1 0 1 1 0 1 1 1 1 1 0 1 1 1 0 1 1 0 1 0 1 0 0 0 1 1 1 1 1 1 1 1 1 1 0 1 0 0 1 0 0 1 1 0 0 1 1 0 1 1 0 1 1 1 0 0 0 1 1 0 0 0 1 1 0 1 1 1 0 1 0 0 1 0 0 1 1 1 1 1 1 0 1 0 0 1 0 1 0 0 0 1 1 1 1 1 1 1 0 0 32608.0 28740.0 34260.0 1 0.13220021847559738
1 0 1 1 0 1 1 1 1 1 0 0 1 1 0 1 1 1 0 0 1 0 0 0 1 1 1 1 1 1 1 1 1 1 0 1 1 1 1 0 0 1 1 0 0 1 1 0 1 1 1 0 0 1 0 0 0 1 1 0 0 0 1 1 0 0 1 1 0 1 0 0 1 0 1 1 1 1 1 1 1 0 1 0 0 1 0 0 1 0 0 1 1 1 1 1 1 1 0 0 34098.0 29330.0 33548.0 1 0.12761200850984056
0 0 1 1 1 0 1 0 1 0 1 0 1 0 0 1 1 1 1 1 0 0 1 0 1 1 0 1 1 1 1 1 1 1 0 1 1 0 1 0 0 1 1 1 0 1 1 0 1 1 0 0 1 1 0 0 0 1 1 0 0 0 1 1 0 0 1 1 0 1 0 0 1 0 1 1 1 1 1 1 1 0 1 0 0 1 0 0 1 0 0 1 1 1 1 1 1 1 0 0 31936.0 30847.0 32877.0 1 0.12088563795115544
1 0 0 0 0 0 1 1 1 0 1 1 1 1 0 1 0 1 0 1 1 0 0 0 1 1 1 1 1 1 1 1 1 1 0 1 1 0 1 0 0 1 1 0 0 1 1 0 1 1 0 1 1 1 0 0 0 1 1 0 0 0 1 1 0 1 0 1 0 1 0 0 1 0 0 1 1 0 1 1 1 1 0 0 1 1 1 0 1 0 0 0 1 1 1 1 1 1 1 0 34883.0 29673.0 30361.0 1 0.11796062682751685
0 0 1 1 1 0 1 1 1 0 1 1 1 1 0 1 1 0 1 0 1 0 0 0 1 1 1 1 0 1 1 1 1 1 0 1 1 0 1 0 0 1 1 0 0 1 1 0 1 1 0 1 1 1 0 0 0 1 1 0 0 0 1 1 0 0 0 1 0 1 0 0 1 0 0 1 1 1 1 1 1 0 1 0 0 1 0 1 1 0 0 1 1 1 1 1 1 1 0 0 32651.0 29585.0 34115.0 1 0.11606122571204007
1 0 0 0 0 0 1 1 1 0 1 0 1 1 0 1 1 1 0 0 1 0 0 0 1 1 1 1 1 1 1 1 1 1 0 1 1 0 1 0 0 1 1 0 0 1 1 0 1 1 0 1 1 1 0 0 0 1 1 0 1 0 0 1 0 1 1 1 0 1 0 0 1 0 1 1 1 1 1 1 1 0 1 0 0 1 0 0 1 1 0 1 1 1 0 1 1 1 1 0 35179.0 28301.0 31530.0 1 0.11397750128205265
1 0 0 1 0 0 1 1 1 0 1 0 1 1 0 1 1 1 0 0 1 0 0 0 1 1 1 1 1 1 1 1 1 1 1 1 0 0 1 1 0 1 1 0 0 1 1 0 1 1 1 1 1 1 0 0 0 1 1 0 0 0 1 1 0 0 1 1 0 1 0 0 1 0 0 1 1 1 1 1 1 0 1 0 0 1 0 0 1 0 0 1 1 1 1 1 1 1 0 0 33613.0 29744.0 33193.0 1 0.10747237880664301
1 0 1 1 0 0 1 1 1 1 0 0 1 1 0 1 1 1 0 0 1 0 0 0 1 1 1 1 1 1 1 1 1 1 0 1 1 0 1 0 0 1 1 0 0 1 1 1 1 1 0 0 0 1 0 0 0 1 1 0 0 0 1 1 0 1 1 1 0 1 0 0 1 0 0 1 1 1 1 1 1 1 0 0 1 1 1 0 1 0 0 0 1 1 1 1 1 1 0 0 34469.0 30247.0 32293.0 1 0.10637363973617439
1 0 1 1 0 0 1 1 1 1 0 0 1 1 0 0 1 1 0 0 1 0 0 0 1 1 1 1 1 1 1 1 1 1 0 1 1 0 1 0 0 1 1 0 0 1 1 0 1 1 0 1 1 1 0 0 0 1 1 0 1 0 0 1 0 1 1 1 0 1 0 0 1 0 1 1 1 1 1 1 1 0 1 0 0 1 0 0 1 0 0 1 1 1 0 1 1 1 1 0 35113.0 28067.0 32025.0 1 0.10605861977607785
1 0 1 0 1 0 1 0 1 0 1 0 1 1 0 1 1 1 1 0 0 0 1 0 1 0 0 1 1 1 1 1 1 1 1 1 1 1 1 0 0 1 1 1 0 1 1 0 1 1 1 1 1 0 0 0 0 1 1 0 0 0 1 1 0 0 0 1 0 1 0 0 1 0 1 1 1 1 1 1 1 0 1 0 0 1 0 0 1 0 0 1 1 1 1 1 1 1 0 0 31515.0 31548.0 32012.0 1 0.10151305069294739
1 0 1 1 0 0 1 1 1 1 0 0 1 1 0 1 1 1 0 0 1 0 0 0 1 1 1 1 1 1 1 1 1 1 0 1 1 0 1 0 0 1 1 0 0 1 1 1 1 1 0 1 1 1 0 0 0 1 1 0 1 0 0 1 0 1 1 1 0 1 0 0 1 0 0 1 1 1 1 1 1 0 1 0 0 1 0 0 1 0 0 1 1 1 1 1 1 1 0 0 34540.0 29873.0 32540.0 1 0.10071124194979876
1 0 0 1 0 0 1 1 1 0 1 0 1 1 0 1 1 1 0 1 0 0 0 0 1 1 1 1 1 1 1 1 1 1 0 1 1 0 1 0 0 1 1 0 0 1 1 0 1 1 0 1 1 1 0 0 0 1 1 0 0 0 1 1 0 1 0 1 0 1 0 0 1 0 0 1 1 0 1 1 1 1 0 0 1 1 1 0 1 0 0 0 1 1 1 1 1 1 1 0 34654.0 29841.0 31380.0 1 0.09764423110181145
1 0 1 1 0 1 1 1 1 1 0 1 1 1 0 1 1 0 1 0 1 0 0 0 1 1 1 1 1 1 1 1 1 1 0 1 0 0 1 0 0 1 1 0 0 1 1 0 1 1 0 1 1 1 1 0 0 1 1 0 0 0 1 1 0 1 1 1 0 1 0 0 1 0 0 1 1 1 1 1 1 0 0 0 1 1 1 0 1 0 0 0 1 1 1 1 1 1 0 0 32884.0 29472.0 33714.0 1 0.09728043235157106
1 0 1 1 0 1 1 1 1 1 0 0 1 1 0 1 1 1 0 0 1 0 0 0 1 1 1 1 1 1 1 1 1 1 0 1 1 0 1 0 0 1 1 0 0 1 1 0 1 1 1 0 0 1 0 0 0 1 1 0 0 0 1 1 0 1 1 1 0 1 0 0 1 0 0 1 1 1 1 1 1 1 0 0 1 1 1 0 1 0 0 0 1 1 1 1 1 1 0 0 34144.0 30046.0 32771.0 1 0.09601864097562529
1 0 1 1 0 0 1 1 1 0 1 0 1 1 0 1 1 1 0 0 1 0 0 0 1 1 1 1 1 1 1 1 1 1 0 1 1 0 0 0 0 1 1 0 0 1 1 0 1 1 0 1 1 1 0 0 0 1 1 0 0 0 1 1 0 1 0 1 0 1 0 0 1 1 0 1 1 0 1 1 1 1 0 0 0 1 1 0 1 0 0 0 1 1 0 1 1 1 1 0 35024.0 28916.0 30510.0 1 0.0877496729422326
1 0 0 1 0 0 1 1 1 0 1 0 1 1 0 1 1 1 0 0 1 0 0 0 1 1 1 1 1 1 0 1 1 1 0 1 1 0 1 0 0 1 1 0 0 1 0 0 1 1 0 1 1 1 0 0 0 1 1 0 1 0 1 1 0 1 1 1 0 1 0 0 1 0 1 1 1 1 1 1 1 0 1 0 0 1 0 0 1 0 0 0 1 1 1 1 1 1 1 0 35020.0 28771.0 31574.0 1 0.08724494959720885
1 0 1 1 0 0 1 1 1 0 1 0 1 1 0 1 1 1 0 0 1 1 1 0 1 1 1 1 1 1 1 1 1 1 0 1 1 0 0 0 0 1 1 0 0 1 1 0 1 1 0 1 1 1 0 0 0 1 1 0 1 0 0 1 0 1 1 1 0 1 0 0 1 0 0 1 1 1 1 1 1 0 0 0 1 1 1 0 1 0 0 0 1 1 1 1 1 1 0 0 34034.0 30494.0 32645.0 1 0.08677437160006672
1 0 0 1 0 0 1 1 1 0 1 1 1 1 0 1 1 1 0 1 0 0 0 0 1 1 1 1 1 1 1 1 1 1 0 1 1 0 0 0 0 1 1 0 0 1 1 1 1 1 0 1 1 0 0 0 0 0 1 0 0 0 1 1 0 1 1 0 0 1 0 0 1 1 0 0 1 1 1 1 1 1 0 0 1 1 1 0 1 0 0 1 1 1 1 1 1 1 0 0 33296.0 31491.0 30130.0 1 0.08003761652717105
1 0 1 1 0 0 1 1 1 1 0 0 1 1 0 1 1 1 0 0 1 0 0 0 1 1 1 1 1 1 1 1 1 1 0 1 1 0 1 0 0 1 1 0 0 1 1 1 1 1 0 0 0 1 0 0 0 1 1 0 0 0 1 1 0 1 0 1 0 1 0 0 1 0 0 1 1 1 1 1 1 1 0 0 1 1 1 1 1 0 0 0 1 1 1 1 1 1 0 0 34452.0 30168.0 32591.0 1 0.07933886042206055
1 0 0 1 0 0 1 1 1 0 1 1 1 1 0 1 0 1 0 1 1 0 0 0 1 1 0 1 1 1 0 1 1 1 0 1 1 0 1 0 0 1 1 0 0 1 1 1 1 1 0 1 1 0 0 0 0 1 1 0 1 0 1 1 0 1 1 1 0 1 0 0 1 0 0 1 1 1 1 1 1 0 1 0 0 1 0 0 1 0 0 1 1 1 1 1 1 1 0 0 34024.0 30837.0 30690.0 1 0.07805065291757869
1 0 0 1 0 0 1 1 1 0 1 1 1 1 0 1 1 1 0 1 0 0 0 0 1 1 1 1 1 1 1 1 1 1 0 1 1 0 0 0 0 1 1 0 0 1 1 1 1 1 0 1 1 0 0 0 0 0 1 0 0 1 1 1 0 1 1 0 0 1 0 0 1 1 0 0 1 1 1 1 1 1 0 0 1 1 1 0 1 0 0 0 1 1 1 1 1 1 0 0 33402.0 31279.0 30234.0 1 0.07662599884718671
0 0 0 1 0 0 1 1 1 0 1 1 1 1 0 1 1 1 0 1 0 0 1 0 1 1 0 1 1 1 1 1 1 1 0 1 1 0 1 0 0 1 1 0 0 1 1 0 1 1 0 1 1 1 0 0 0 1 1 0 0 0 1 1 0 1 0 1 0 1 0 0 1 0 0 1 1 1 1 1 1 0 1 0 0 1 0 1 1 0 0 1 1 1 1 1 1 1 0 0 32860.0 31106.0 32108.0 1 0.07644746494279088
1 0 1 1 0 0 1 1 1 1 0 0 1 1 0 1 1 1 0 0 1 0 0 0 1 1 1 1 1 1 1 1 1 1 0 1 0 0 1 0 0 1 1 0 0 1 1 0 1 1 0 1 1 1 0 0 0 1 1 0 0 0 1 1 0 1 1 1 0 1 0 0 1 0 0 1 1 1 1 1 1 1 0 0 1 1 1 0 1 0 0 0 1 1 1 1 1 1 0 0 33811.0 29948.0 32801.0 1 0.07046823530199148
1 0 0 1 0 0 1 1 1 0 1 0 1 1 0 1 1 1 0 0 1 0 0 0 1 1 1 1 1 1 1 1 1 1 0 1 1 1 1 0 0 1 1 0 0 1 1 0 1 1 0 1 1 1 0 0 0 1 1 0 0 0 1 1 0 0 1 1 0 1 0 0 1 0 0 0 1 1 1 1 1 1 1 0 1 1 1 0 1 0 0 1 1 1 1 1 1 0 0 0 33292.0 30023.0 33012.0 1 0.06582571445999127
