1 0 0 1 0 0 1 1 1 1 0 1 1 1 0 0 1 0 1 0 0 0 1 1 1 1 1 0 1 1 0 1 1 1 1 1 1 0 1 0 0 1 1 0 0 1 1 0 1 1 0 0 1 1 0 0 0 1 1 0 0 0 1 1 0 1 1 1 0 1 0 0 1 1 0 1 1 0 0 1 1 0 1 0 0 1 1 0 1 0 0 1 1 1 1 1 1 1 0 0 32310.0 26901.0 32409.0 0 2000000000000000.0
0 0 1 0 1 1 1 0 1 1 1 1 1 0 0 1 1 0 1 0 1 0 1 1 1 1 1 0 1 1 0 1 1 1 1 1 1 0 1 0 1 1 1 1 0 1 1 0 1 1 0 0 1 0 0 0 0 1 1 0 0 0 1 1 0 0 0 1 0 1 0 0 1 0 0 0 1 0 0 1 1 0 0 0 1 1 1 0 1 0 0 1 1 1 1 1 1 1 0 0 29662.0 27726.0 31646.0 0 0.3655920890955898
1 0 1 1 1 0 1 0 1 1 0 1 1 1 0 0 1 1 1 0 0 0 1 1 1 1 1 0 1 1 0 1 1 1 0 1 1 0 1 0 0 1 1 1 0 1 1 0 1 1 0 0 1 0 0 0 0 1 1 0 0 0 1 1 0 0 1 1 0 1 0 0 1 0 0 0 1 0 0 1 1 0 1 0 0 1 0 0 1 1 0 1 1 1 1 1 1 1 0 0 30005.0 27499.0 31443.0 0 0.17900312061989126
1 0 1 1 0 0 1 1 1 1 0 1 1 1 0 1 1 0 1 0 0 0 1 1 1 1 1 0 1 1 0 1 1 1 1 1 1 0 1 0 1 1 1 1 0 1 1 0 1 1 0 0 1 0 0 0 0 0 1 0 0 0 1 1 0 0 1 1 0 1 0 0 1 0 0 0 1 0 0 1 1 0 1 0 0 1 0 0 1 0 1 1 1 1 1 1 1 1 0 0 30762.0 27494.0 31308.0 0 0.15177100053013015
1 0 1 0 1 0 1 0 1 1 0 1 1 1 0 1 0 1 1 1 1 0 0 0 1 1 1 1 1 1 1 1 1 1 0 1 1 0 1 0 1 1 1 1 0 1 1 0 1 1 0 0 1 0 0 0 0 1 1 0 0 1 1 1 0 0 1 1 0 1 0 0 1 0 0 0 1 0 0 1 0 0 0 0 1 0 0 0 1 0 0 1 1 1 1 1 1 1 0 0 30087.0 27664.0 31265.0 0 0.13189849828880446
1 0 1 1 0 0 1 1 1 0 1 0 1 1 0 0 1 0 1 0 0 0 1 1 1 1 1 1 1 1 1 1 1 1 1 1 1 1 1 0 0 1 1 1 0 1 1 0 1 1 1 1 1 0 0 0 0 0 1 0 0 1 1 1 0 0 1 1 0 0 0 0 1 0 0 0 1 0 0 1 1 0 0 0 1 0 0 0 1 0 0 1 1 1 1 1 1 1 0 0 30307.0 28106.0 31135.0 0 0.166665656576088
1 0 0 1 0 0 1 1 1 1 0 1 1 1 0 1 1 0 1 0 0 0 1 1 1 1 1 0 1 1 0 1 1 1 1 1 1 0 1 0 1 1 1 1 0 1 1 0 1 1 0 0 1 0 0 0 0 0 1 0 0 0 1 1 0 1 1 1 0 1 0 0 1 0 0 0 1 0 0 1 1 0 1 0 0 1 0 0 1 0 1 1 1 1 1 1 1 1 0 0 30813.0 27265.0 31128.0 0 0.1820042245741187
1 0 1 0 1 0 1 0 1 1 0 1 1 1 0 1 0 1 1 1 1 0 0 0 1 1 1 1 1 1 1 1 1 1 0 1 1 0 1 0 1 1 1 1 0 1 1 0 1 1 0 0 1 0 0 0 0 1 1 0 0 0 1 1 0 0 1 1 0 1 0 0 1 0 0 0 1 0 0 1 1 0 1 0 0 1 0 0 1 1 0 1 1 1 1 1 1 1 0 0 31783.0 28215.0 31018.0 0 0.18545650264011732
1 0 1 1 0 0 1 1 1 0 0 1 1 1 0 0 1 0 1 0 0 0 1 1 1 1 1 0 1 1 0 1 1 1 1 1 1 1 1 0 1 1 1 1 0 1 1 0 1 1 1 1 1 0 0 0 0 0 1 0 0 1 1 1 0 0 1 1 0 1 0 0 1 0 0 0 1 0 0 1 1 0 0 0 1 0 0 0 1 0 0 1 1 1 1 1 1 1 0 0 30238.0 28247.0 30650.0 0 0.14660146587615153
1 0 1 1 1 0 1 0 1 1 0 1 1 1 0 0 1 1 1 0 0 0 1 1 1 1 1 0 1 1 0 1 1 1 0 1 1 0 1 0 0 1 1 1 0 1 1 0 1 1 1 1 1 0 0 0 0 1 1 0 0 0 1 1 0 0 1 0 0 1 0 0 1 0 0 0 1 1 1 1 0 0 0 0 1 0 0 0 0 0 0 1 1 0 1 1 1 1 1 0 27895.0 28832.0 30631.0 0 0.4586726903991196
1 0 0 1 0 0 1 1 1 1 0 1 1 1 0 1 1 0 1 0 0 0 1 0 1 0 1 0 1 1 0 1 1 1 1 1 1 1 1 0 1 1 1 1 0 1 1 0 1 1 1 1 1 0 0 0 0 0 1 0 0 1 1 1 0 0 1 1 0 1 0 0 1 0 0 0 1 0 0 1 1 0 0 0 1 0 0 0 1 0 0 1 1 1 1 1 1 1 0 0 29459.0 28637.0 30547.0 0 0.49622467232438283
1 0 1 1 0 0 1 1 1 0 0 1 1 1 0 0 1 0 1 0 0 0 1 1 1 1 1 0 1 1 0 1 1 1 1 1 1 1 1 0 1 1 1 1 1 1 1 0 1 1 1 1 1 0 0 0 0 0 1 0 1 1 1 1 0 0 1 1 0 1 0 0 1 0 0 0 1 0 0 1 1 0 0 0 0 0 0 0 1 0 0 1 1 1 1 1 1 1 0 0 31432.0 28285.0 30419.0 0 0.21366607074729743
0 0 1 0 1 1 1 0 1 1 0 1 1 1 0 0 1 1 1 0 0 0 1 1 1 1 1 0 1 1 0 1 1 1 1 1 1 0 1 0 0 1 1 1 0 1 1 0 1 1 1 1 1 0 0 0 0 1 1 0 0 0 1 1 0 0 1 0 0 1 0 0 1 0 0 0 1 1 1 1 0 0 0 0 1 0 0 0 0 0 0 1 1 1 1 1 1 1 0 0 27688.0 29313.0 30036.0 0 1000000000000000.1
1 0 1 0 1 0 1 0 1 1 0 1 1 1 0 1 0 1 0 1 1 0 0 0 1 1 1 1 1 1 1 1 1 1 0 1 1 0 1 0 1 1 1 1 0 1 1 0 1 1 0 1 1 0 0 0 0 1 1 0 0 0 1 1 0 0 1 1 0 1 0 0 1 0 0 0 1 0 0 1 1 0 1 0 0 1 0 0 0 1 0 1 1 1 1 1 1 1 0 0 31627.0 28822.0 29966.0 0 0.11362251739814726
0 0 1 0 1 0 1 0 1 1 0 1 1 0 0 1 1 1 1 1 0 0 1 0 1 1 0 1 1 1 1 1 1 1 0 1 1 0 1 0 1 1 1 1 0 1 1 1 1 1 1 1 1 0 0 0 0 0 1 0 0 0 1 1 0 0 1 1 0 1 0 0 1 0 0 0 1 0 0 1 1 0 0 0 1 0 0 0 1 0 0 1 1 1 1 1 1 1 0 0 29752.0 30265.0 29961.0 0 0.22095077235532887
1 0 0 0 0 0 1 1 1 0 1 1 1 1 0 1 0 1 0 1 1 0 0 0 1 1 1 1 1 1 1 1 1 1 0 1 1 0 1 0 1 1 1 1 0 1 1 0 1 1 1 1 1 0 0 0 0 0 1 0 0 1 1 1 0 0 1 1 0 1 0 0 1 0 0 0 1 0 0 1 1 0 0 0 1 0 0 0 1 0 0 1 1 1 1 1 1 1 0 0 31868.0 29183.0 29555.0 0 0.2897032981121742
0 0 1 0 0 0 1 1 1 0 1 1 1 1 0 1 0 1 0 1 1 0 0 0 1 1 1 1 1 1 1 1 1 1 0 1 1 0 1 0 1 1 1 1 0 1 1 0 1 1 0 1 1 0 0 0 0 0 1 0 0 0 1 1 0 0 1 1 0 1 0 0 1 0 0 0 1 0 0 1 1 0 1 0 0 1 0 0 1 1 1 1 1 1 1 1 1 1 0 0 32510.0 28831.0 29412.0 0 0.09809887863885805
1 0 1 1 0 0 1 1 1 0 1 1 1 1 0 0 1 1 0 1 0 0 1 0 1 0 1 0 1 1 0 1 1 1 1 1 1 1 1 0 1 1 1 1 0 1 1 0 1 1 1 1 1 0 0 0 0 0 1 0 0 1 1 1 0 0 1 1 0 1 0 0 1 0 0 0 1 0 0 1 1 0 0 0 1 0 0 0 1 0 0 1 1 1 1 1 1 1 0 0 30496.0 29786.0 29326.0 0 0.29775072354334814
1 0 0 1 0 0 1 1 1 0 1 0 1 1 0 1 1 1 0 1 0 1 1 0 1 0 0 1 1 1 1 1 0 1 0 1 1 0 1 0 1 1 1 1 1 1 1 0 1 1 0 1 1 0 0 0 0 0 1 0 0 0 1 1 0 0 1 1 0 1 0 0 1 0 0 0 1 0 0 1 1 1 0 0 1 0 0 0 1 0 0 1 1 1 1 1 1 1 0 0 30950.0 30729.0 29099.0 0 0.2925986046742074
1 0 0 0 0 0 1 1 1 0 1 1 1 1 0 1 0 1 0 1 1 0 0 0 1 1 1 1 1 1 1 1 1 1 0 1 1 0 1 0 1 1 1 1 0 1 1 0 1 1 0 1 1 0 0 0 0 0 1 0 0 0 1 1 0 0 1 1 0 1 0 0 1 0 0 0 1 0 0 1 1 0 1 0 0 1 0 0 0 1 0 1 1 1 1 1 1 1 0 1 32525.0 28400.0 28920.0 0 1000000000000000.1
1 0 1 0 0 0 1 1 1 0 1 1 1 1 0 1 0 1 0 1 1 0 0 0 1 1 1 1 1 1 1 1 1 1 0 1 1 0 1 0 1 1 1 1 0 1 1 0 1 1 1 1 1 0 0 0 0 0 1 0 0 0 1 1 0 0 1 0 0 1 0 0 1 0 0 0 1 1 1 1 0 0 0 0 1 1 0 0 1 0 1 1 1 1 1 1 1 1 0 0 31170.0 30491.0 28885.0 0 0.2040767211901573
1 0 0 0 0 0 1 1 1 0 1 1 1 1 0 1 0 1 0 1 1 0 0 0 1 1 1 1 1 1 1 1 1 1 0 1 1 0 1 0 1 1 1 1 0 1 1 0 1 1 1 1 1 0 0 0 0 0 1 0 0 0 1 1 0 0 1 1 0 1 0 0 1 0 0 0 1 0 0 1 1 1 0 0 1 0 0 0 1 0 0 1 1 1 1 1 1 1 0 0 32127.0 29396.0 28862.0 0 0.17612390684327803
1 0 0 1 0 0 1 1 1 0 1 1 1 1 0 0 1 1 0 1 0 0 1 0 1 0 0 1 1 1 1 1 1 1 1 1 1 0 0 0 0 1 1 0 0 1 1 0 1 1 0 1 1 0 0 0 0 0 1 0 0 0 1 1 0 1 1 0 0 1 0 0 1 1 0 1 1 1 1 0 1 1 0 0 1 1 1 0 1 0 0 1 1 1 1 1 1 1 0 0 31500.0 31137.0 28770.0 0 0.3370981771804215
1 0 1 1 0 0 1 1 1 0 1 1 1 1 0 0 1 1 1 1 0 0 1 0 1 0 0 1 1 1 1 1 1 1 1 1 1 0 1 0 1 1 1 1 0 1 1 0 1 1 0 0 0 0 0 0 0 0 1 0 0 0 0 1 0 1 0 1 0 1 0 0 0 1 1 1 1 1 1 1 1 0 1 0 0 1 0 0 1 0 0 1 1 1 1 1 1 1 0 0 32144.0 30200.0 28639.0 0 0.3108653969616549
1 0 0 1 0 0 0 1 1 0 1 0 1 1 0 1 1 1 0 1 0 1 1 0 1 0 0 1 1 1 1 1 0 1 0 1 1 0 1 0 1 1 1 1 1 1 1 0 1 1 0 1 1 0 0 0 0 0 1 0 0 0 1 1 0 0 1 0 0 1 0 0 1 0 0 0 1 1 1 0 1 1 0 0 1 1 1 0 1 0 0 1 1 1 1 1 1 1 0 0 30429.0 31981.0 27978.0 0 2000000000000000.0
1 0 0 1 0 0 1 1 1 1 0 1 1 1 0 0 1 0 1 0 0 0 1 1 0 1 1 0 1 1 1 1 1 1 1 1 1 0 1 0 0 1 1 0 0 1 1 0 1 1 0 0 1 1 0 0 0 1 1 0 0 0 1 1 0 1 1 1 0 1 0 0 1 0 0 1 1 0 0 1 1 0 1 0 0 1 0 1 1 1 0 1 1 0 1 1 1 1 0 0 30920.0 25291.0 32409.0 1 2000000000000000.0
1 0 0 1 0 0 1 1 1 1 0 1 1 1 0 0 1 0 1 0 0 0 1 1 0 1 1 1 1 1 1 1 1 1 1 1 1 0 1 0 0 1 1 0 0 1 1 0 1 1 0 0 1 1 0 0 0 1 1 0 0 0 1 1 0 1 1 1 0 1 0 0 1 0 0 1 1 0 0 1 1 0 1 0 0 1 0 0 1 1 0 1 1 0 1 1 1 1 0 0 31105.0 25813.0 31889.0 1 0.297502459383383
1 0 0 1 0 0 1 1 1 0 1 0 1 1 0 0 1 0 1 0 0 0 1 1 0 1 1 1 1 1 1 1 1 1 1 1 1 0 1 0 0 1 1 0 0 1 1 0 1 1 0 0 1 1 0 0 0 1 1 0 0 1 1 1 0 1 1 1 0 1 0 0 1 0 0 1 1 0 0 1 1 0 0 0 0 1 0 0 1 1 0 1 1 1 1 1 1 1 0 0 32012.0 26397.0 31698.0 1 0.18497652976644313
0 0 1 0 1 1 1 0 1 1 1 1 1 0 0 1 1 0 1 0 1 0 1 1 1 1 1 0 1 1 0 1 1 1 1 1 1 0 1 0 1 1 1 1 0 1 1 0 1 1 0 0 1 0 0 0 0 1 1 0 0 0 1 1 0 0 0 1 0 1 0 0 1 0 0 0 1 0 0 1 1 0 1 0 0 1 0 0 1 0 1 1 1 1 1 1 1 1 0 0 29605.0 26997.0 31608.0 1 0.23359884566873587
1 0 0 1 0 1 1 1 1 0 1 0 1 1 0 0 1 0 1 0 0 0 1 1 0 1 1 1 1 1 1 1 1 1 1 1 1 0 1 0 0 1 1 0 0 1 1 0 1 1 1 0 1 1 0 0 0 1 1 0 0 0 1 1 0 1 1 1 0 1 0 0 1 0 0 0 1 0 0 1 1 0 1 0 1 1 1 0 0 0 0 1 1 1 0 1 1 1 0 0 30665.0 26801.0 31404.0 1 0.2069097032334356
0 0 1 1 1 1 1 0 1 1 0 1 1 1 0 0 1 0 1 0 0 1 1 1 1 1 1 0 1 1 0 1 1 1 1 1 1 0 1 0 1 1 1 1 0 1 1 0 1 1 0 0 1 0 0 0 0 0 1 0 0 0 0 1 1 0 1 1 0 1 0 0 1 0 0 0 1 0 0 1 1 0 0 0 1 0 0 0 1 0 0 1 1 1 1 1 1 1 0 0 28259.0 27288.0 31173.0 1 0.2114341808265333
1 0 0 1 0 0 1 1 1 1 0 1 1 1 0 1 1 0 1 0 0 0 1 1 1 1 1 0 1 1 0 1 1 1 1 1 1 0 1 0 1 1 1 1 0 1 1 0 1 1 0 0 1 0 0 0 0 0 1 0 0 0 1 1 0 0 1 1 0 1 0 0 1 0 0 0 1 0 0 1 1 0 1 0 0 1 0 0 1 0 1 1 1 1 1 1 1 1 0 0 30521.0 27136.0 31026.0 1 0.08825086185052641
1 0 1 1 0 0 1 1 1 1 0 1 1 1 0 1 1 0 1 0 0 0 1 1 1 1 1 0 1 1 0 1 1 1 1 1 1 0 1 0 0 1 1 1 0 1 1 0 1 1 0 0 1 0 0 0 0 0 1 0 0 0 1 1 0 0 1 1 0 1 0 0 1 0 0 0 1 0 0 1 1 0 1 0 0 1 0 0 1 1 0 1 1 1 1 1 1 1 0 0 30560.0 27539.0 30989.0 1 0.12823804645638381
1 0 0 1 0 0 1 1 1 1 0 1 1 1 0 1 1 0 1 0 0 0 1 1 1 1 1 0 1 1 0 1 1 1 1 1 1 0 1 0 1 1 1 1 0 1 1 0 1 1 0 0 1 0 0 0 0 0 1 0 0 0 1 1 0 0 1 1 0 1 0 0 1 0 0 0 1 0 0 1 1 0 1 0 0 1 0 0 1 1 0 1 1 1 1 1 1 1 0 0 30770.0 27302.0 30768.0 1 0.157798652374393
0 0 1 0 1 1 1 0 1 1 0 1 1 0 0 1 1 1 0 0 0 1 1 1 0 1 1 0 1 1 0 1 1 1 0 1 1 0 0 0 1 1 1 1 0 1 1 0 1 1 1 1 1 0 0 0 0 0 1 0 0 0 1 1 0 0 1 1 0 1 0 0 1 0 0 0 1 0 0 1 1 0 1 0 0 1 0 0 1 1 0 1 1 1 1 1 1 1 0 0 29548.0 27671.0 30355.0 1 0.11296515222510264
1 0 1 0 1 0 1 0 1 1 0 1 1 1 0 1 0 1 1 1 1 0 0 0 1 1 1 1 1 1 1 1 1 1 0 0 1 0 1 0 1 1 1 1 0 1 1 0 1 1 0 0 1 0 0 0 0 1 1 0 0 0 1 1 0 0 1 1 0 1 0 0 1 0 0 0 1 0 0 1 1 0 1 0 0 1 0 0 1 1 0 1 1 1 1 1 1 1 0 0 31349.0 27260.0 30289.0 1 0.09848049456230673
1 0 1 1 0 0 1 1 1 0 0 1 1 1 0 0 1 0 1 0 0 0 1 1 1 1 1 0 1 1 0 1 1 1 1 1 1 1 1 0 1 1 1 1 0 1 1 0 1 1 0 1 1 0 0 0 0 0 1 0 0 0 1 1 0 0 1 1 0 1 0 0 1 0 0 0 1 0 0 1 1 0 1 0 0 1 0 0 1 1 0 1 1 1 1 1 1 1 0 0 30803.0 27667.0 30005.0 1 0.09299563112329853
1 0 0 1 0 0 1 1 1 0 1 0 1 1 0 0 1 0 1 0 0 0 1 1 0 1 1 1 1 1 1 1 1 1 1 1 1 0 1 0 0 1 1 0 0 1 0 0 1 1 1 1 1 0 0 0 0 0 1 0 0 0 1 1 0 1 1 1 0 1 0 0 1 0 0 0 1 0 0 1 1 1 0 0 1 1 1 0 1 0 0 1 1 1 1 1 1 1 0 0 31381.0 27263.0 29944.0 1 0.0805239935476676
1 0 1 0 1 1 1 0 1 0 0 1 1 1 0 0 1 0 1 0 0 0 1 1 1 1 1 0 1 1 0 1 1 1 1 1 1 1 1 0 1 1 1 1 0 1 1 0 1 1 1 1 1 0 0 0 0 0 1 0 0 0 1 1 0 0 1 1 0 1 0 0 1 0 0 0 1 0 0 1 1 0 0 0 1 0 0 0 1 0 0 1 1 1 1 1 1 1 0 0 28799.0 27907.0 29916.0 1 0.14860610700302906
1 0 0 0 0 0 1 1 1 1 0 1 1 1 0 1 1 0 1 0 0 0 1 1 1 1 1 0 1 1 0 1 1 1 1 1 1 0 1 0 1 1 1 1 1 1 1 0 1 1 0 1 1 0 0 0 0 0 1 0 0 0 1 0 0 1 1 1 0 1 0 0 1 0 0 0 1 0 0 1 1 0 1 0 0 1 0 0 1 1 0 1 1 1 1 1 1 1 0 0 30773.0 28159.0 29898.0 1 0.08391484153158542
1 0 1 0 1 0 1 0 1 1 1 1 1 0 0 1 1 1 0 0 0 1 0 1 0 1 1 1 1 1 0 1 1 1 1 1 1 0 0 0 0 1 0 0 0 1 1 0 1 1 0 0 1 0 0 0 0 0 1 0 0 0 1 1 0 1 1 0 0 1 0 0 1 1 0 0 1 1 1 1 1 1 0 0 1 1 1 0 1 0 0 1 1 1 1 1 1 1 0 0 30475.0 28478.0 29838.0 1 0.10720584383309405
1 0 0 1 0 0 1 1 1 1 0 0 1 1 0 0 1 0 1 0 0 0 1 1 1 1 1 1 1 1 1 1 1 1 1 1 1 1 1 0 1 1 1 1 0 1 1 0 1 1 0 1 1 0 0 0 0 0 1 0 0 0 1 1 0 1 1 0 0 1 0 0 1 0 0 0 1 1 1 1 0 0 0 0 1 0 0 0 0 0 0 1 1 1 1 1 1 1 0 0 29286.0 28637.0 29814.0 1 0.05746919040800183
1 0 1 1 0 0 1 1 1 0 1 0 1 1 0 0 1 0 1 0 0 0 1 1 1 1 1 1 1 1 1 1 1 1 1 1 1 1 1 0 1 1 1 1 0 1 1 0 1 1 0 1 1 0 0 0 0 0 1 0 0 0 1 1 0 1 1 0 0 1 0 0 1 0 0 0 1 1 1 1 0 0 0 0 1 0 0 0 0 0 0 1 1 1 1 1 1 1 0 0 29506.0 29221.0 29781.0 1 0.09723245387620189
1 0 1 1 0 0 1 1 1 0 1 0 0 0 1 1 0 1 1 1 1 0 0 0 1 1 0 1 1 1 1 1 1 1 1 1 1 0 1 0 1 1 1 1 0 1 1 0 1 1 0 0 1 0 0 0 0 1 1 0 0 0 1 1 0 0 1 1 0 1 0 0 1 0 0 0 1 0 0 1 1 0 1 0 0 1 0 0 1 1 0 1 1 1 1 1 1 1 0 0 31653.0 27797.0 29739.0 1 0.13655226706791732
0 0 1 0 1 0 1 0 1 1 0 1 1 0 0 1 1 1 1 1 0 0 1 0 1 1 0 1 1 1 1 1 1 1 0 1 1 0 1 0 1 1 1 1 0 1 1 0 1 1 0 1 1 0 0 0 0 0 1 0 0 0 1 1 0 1 1 0 0 1 0 0 1 0 0 0 1 1 1 1 0 0 0 0 1 0 0 0 1 0 1 1 1 1 1 1 1 1 0 0 28321.0 30172.0 29590.0 1 0.11390229889981421
1 0 1 0 1 0 1 0 1 1 0 1 1 1 0 1 0 1 0 1 1 0 0 0 1 1 1 1 1 1 1 1 1 1 0 1 1 0 1 0 1 1 1 1 0 1 1 0 1 1 0 1 1 0 0 0 0 1 1 0 0 0 1 0 0 0 1 1 0 1 0 0 1 0 0 0 1 0 0 1 1 0 1 0 0 1 0 0 1 0 0 1 1 1 1 1 1 1 0 0 30870.0 28715.0 29561.0 1 0.16570642584144202
1 0 1 1 0 0 1 1 1 0 1 0 0 0 1 1 0 1 1 1 1 0 0 0 1 1 0 1 1 1 1 1 1 1 1 1 1 0 1 0 1 1 1 1 0 1 1 0 1 1 1 1 1 0 0 0 0 0 1 0 0 0 1 1 0 0 1 1 0 1 0 0 1 0 0 0 1 0 0 1 1 0 0 0 1 0 0 0 1 0 0 1 1 1 1 1 1 1 0 0 31257.0 29180.0 29240.0 1 0.21057456938392613
1 0 0 1 0 0 1 1 1 0 1 1 1 1 0 0 1 1 0 1 0 0 1 0 1 0 1 0 1 1 0 1 1 1 1 1 1 1 1 0 1 1 1 1 0 1 1 0 1 1 1 1 1 0 0 0 0 0 1 0 0 1 1 1 0 0 1 1 0 1 0 0 1 0 0 0 1 0 0 1 1 0 0 0 1 0 0 0 1 0 0 1 1 1 1 1 1 1 0 0 30255.0 29428.0 29044.0 1 0.15278150626973852
0 0 1 0 1 1 1 0 1 1 0 1 1 0 0 1 1 1 1 1 0 0 1 0 1 1 0 1 1 1 1 1 1 1 0 1 1 0 1 0 1 1 1 1 0 1 1 0 1 1 1 1 1 0 0 0 0 0 1 0 0 0 1 1 0 0 1 0 0 1 0 0 1 0 0 0 1 1 1 1 0 0 0 0 1 0 0 0 0 0 0 1 1 1 1 1 1 1 0 0 27599.0 30310.0 29043.0 1 1000000000000000.0
1 0 1 1 0 0 1 1 1 0 1 0 1 0 1 1 0 1 1 1 1 0 0 0 1 1 1 1 1 1 1 1 1 1 0 1 1 0 1 0 0 1 1 1 0 1 1 0 1 1 1 1 1 0 0 0 0 1 1 0 0 0 1 1 0 0 1 0 0 1 0 0 1 0 0 0 1 1 1 1 0 0 0 0 1 0 0 0 0 0 0 1 1 1 1 1 1 1 0 0 30201.0 30204.0 29042.0 1 0.15021913783254903
1 0 0 0 0 0 1 1 1 0 1 1 1 1 0 1 0 1 0 1 1 0 0 0 1 1 1 1 1 1 1 1 1 1 1 1 1 0 1 0 1 1 1 1 0 1 1 0 1 1 0 0 1 0 0 0 0 0 1 0 0 0 1 1 0 0 1 1 0 1 0 0 1 0 0 0 1 0 0 1 1 0 1 0 0 1 0 0 1 0 1 1 1 1 1 1 1 1 0 0 32022.0 27878.0 29003.0 1 0.11685279235231749
1 0 1 1 0 0 1 1 1 0 1 0 0 0 1 1 0 1 1 1 1 0 0 0 1 1 0 1 1 1 1 1 1 1 1 1 1 0 1 0 1 1 1 1 0 1 1 0 1 1 0 1 1 0 0 0 0 0 1 1 0 0 0 1 0 0 0 1 0 1 0 0 1 0 0 0 1 0 0 1 1 0 1 0 1 1 1 0 1 0 0 1 1 1 0 1 1 1 0 0 31942.0 28081.0 28962.0 1 0.07787906393947111
1 0 0 0 0 0 1 1 1 0 1 1 1 1 0 1 0 1 0 1 1 0 0 0 1 1 1 1 1 1 1 1 1 1 0 1 1 0 1 0 1 1 1 1 0 1 1 0 1 1 0 1 1 0 0 0 0 0 1 0 0 0 1 1 0 0 1 1 0 1 0 0 1 0 0 0 1 0 0 1 1 0 1 0 0 1 0 0 1 1 0 1 1 1 1 1 1 1 0 0 32433.0 28603.0 28910.0 1 0.19483557498286685
1 0 0 1 0 0 1 1 1 0 1 1 1 1 0 0 1 1 0 1 1 0 1 0 1 0 0 1 1 1 1 1 1 1 1 1 1 0 1 0 0 1 0 0 0 1 1 0 1 1 0 0 1 0 0 0 0 0 1 0 0 0 1 1 0 1 1 0 0 1 0 0 1 1 0 1 1 1 1 1 1 0 1 0 0 1 0 0 1 1 0 1 1 1 1 1 1 1 0 0 31740.0 29941.0 28418.0 1 0.1785281601722617
1 0 0 1 0 0 1 1 1 0 1 1 1 1 0 0 1 1 1 1 0 0 1 0 1 0 0 1 1 1 1 1 1 1 1 1 1 0 1 0 1 1 1 1 0 1 1 0 1 1 0 0 0 0 0 0 0 0 1 0 0 0 0 1 0 1 0 1 0 1 0 0 0 1 1 1 1 1 1 1 1 0 1 0 0 1 0 0 1 0 0 1 1 1 1 1 1 1 0 0 31903.0 29842.0 28357.0 1 0.17635432803641482
1 0 0 1 0 0 1 1 1 0 1 1 1 1 0 0 1 1 1 1 0 0 1 0 1 0 0 1 1 1 1 1 1 1 1 1 1 0 0 0 0 1 1 0 0 1 1 0 1 1 0 1 1 0 0 0 0 0 1 0 0 0 1 1 0 1 1 0 0 1 0 0 1 1 0 1 1 1 1 0 1 1 0 0 1 0 0 0 0 0 0 1 1 1 1 1 1 1 0 0 30303.0 30612.0 28081.0 1 0.17091696636025727
1 0 1 1 0 0 1 1 1 0 1 1 1 0 1 1 0 1 1 1 1 0 0 0 1 1 1 1 1 1 1 1 1 1 0 1 1 0 1 0 0 1 1 1 0 1 1 0 1 1 0 1 0 0 0 0 0 0 1 0 0 0 1 1 0 1 1 0 0 1 0 0 1 0 0 0 1 1 1 1 0 0 0 0 1 0 0 0 0 0 0 1 1 1 1 1 1 1 0 0 30370.0 30114.0 27968.0 1 0.0888562651627374
1 0 0 1 0 0 0 1 1 0 1 0 1 1 0 1 1 1 0 1 0 1 1 0 1 0 0 1 1 1 1 1 0 1 0 1 1 0 1 0 1 1 1 1 1 1 1 0 1 1 0 1 1 0 0 0 0 0 1 0 0 0 1 1 0 0 1 0 0 1 0 0 1 0 0 0 1 1 1 1 0 0 0 0 1 1 0 0 1 0 1 1 1 1 1 1 1 1 0 0 29181.0 30852.0 27869.0 1 0.21639762316945105
1 0 1 1 0 0 1 1 1 0 1 0 1 0 0 1 1 1 0 1 0 0 1 0 1 0 0 1 1 1 1 1 0 1 0 1 1 0 1 0 1 1 1 1 0 1 1 0 1 1 0 1 1 0 0 0 0 0 1 0 0 0 1 1 0 1 1 0 0 1 0 0 1 0 0 0 1 1 1 1 0 0 0 1 1 0 0 0 1 1 0 1 1 1 1 1 1 1 0 0 28656.0 31349.0 27765.0 1 1000000000000000.2
1 0 1 1 0 0 1 1 1 0 1 0 1 0 1 1 0 1 1 1 1 0 0 0 1 1 0 1 1 1 1 1 0 1 1 0 1 0 0 0 0 1 0 0 0 1 1 0 1 1 0 0 1 0 0 0 0 0 1 0 0 0 1 1 0 1 1 1 0 1 0 0 1 0 0 1 1 0 1 1 1 0 1 0 0 1 0 0 1 0 0 1 1 1 0 1 1 1 1 0 32448.0 26033.0 27359.0 1 1000000000000000.2
1 0 1 1 0 0 1 1 1 0 1 0 1 0 0 1 1 1 0 1 0 0 1 0 1 0 0 1 1 1 1 1 0 1 0 1 1 0 1 0 1 1 1 1 0 1 1 0 1 1 0 1 1 0 0 0 0 0 1 0 0 0 1 1 0 1 1 0 0 1 0 0 1 1 0 0 1 1 1 1 0 0 0 0 1 0 0 0 1 1 0 1 1 1 1 1 1 1 0 0 29329.0 31132.0 27116.0 1 0.23812580253762083
1 0 1 1 0 0 1 1 1 0 1 0 1 1 1 1 0 1 0 1 0 0 1 0 1 1 0 1 1 1 1 1 1 0 1 1 1 0 0 0 1 1 1 1 0 1 1 0 1 0 0 0 1 1 0 0 0 0 1 0 0 0 0 1 0 0 0 0 0 1 0 0 1 1 0 1 1 1 1 0 1 1 0 0 1 1 0 0 1 0 1 1 1 1 1 1 1 1 0 0 30398.0 30170.0 26613.0 1 0.2337221650092366
1 0 1 1 0 0 1 1 1 0 1 0 1 1 1 1 0 1 0 1 0 0 1 0 1 1 0 1 1 1 1 1 1 0 1 1 1 0 0 0 1 1 1 1 0 1 1 0 1 0 0 0 1 1 0 0 0 0 1 0 0 0 1 1 0 0 0 0 0 1 0 0 1 1 0 1 1 1 1 0 1 1 0 0 1 1 0 0 0 0 0 1 1 1 0 1 1 1 0 0 30417.0 30234.0 25671.0 1 1000000000000000.0
0 0 1 0 1 1 1 0 1 1 1 1 1 0 0 1 1 0 1 0 0 0 1 1 1 1 1 0 1 1 0 1 1 1 1 1 1 0 1 0 1 1 1 1 0 1 1 0 1 1 0 0 1 0 0 0 0 1 1 0 0 0 1 1 0 0 1 1 0 1 0 0 1 0 0 0 1 0 0 1 1 0 1 0 0 1 0 0 1 1 0 1 1 1 1 1 1 1 0 0 29477.0 26987.0 31545.0 2 1000000000000000.1
0 0 1 0 1 1 1 0 1 1 0 1 1 0 0 1 1 1 1 1 0 0 1 0 1 1 0 1 1 1 1 1 1 1 0 1 1 0 1 0 1 1 1 1 0 1 1 0 1 1 0 1 1 0 0 0 0 0 1 0 0 0 1 1 0 1 1 0 0 1 0 0 1 0 0 0 1 1 1 1 0 0 0 0 1 0 0 0 0 0 0 1 1 1 1 1 1 1 0 0 27719.0 30072.0 28944.0 2 1000000000000000.1
1 0 0 1 0 0 0 1 1 0 1 0 1 1 0 1 1 1 0 1 0 1 1 0 1 0 0 1 1 1 1 1 0 1 0 1 1 0 1 0 1 1 1 1 1 1 1 0 1 1 0 1 1 0 0 0 0 0 1 0 0 0 1 1 0 0 1 0 0 1 0 0 1 0 0 0 1 1 1 1 0 0 0 0 1 1 0 0 1 0 0 1 1 1 1 1 1 1 0 0 29029.0 30826.0 27456.0 2 1000000000000000.1
1 0 1 1 0 0 1 1 1 0 1 0 1 1 1 1 0 1 0 1 0 0 1 0 1 1 0 1 1 1 1 1 1 0 1 1 1 0 0 0 1 1 1 1 0 1 1 0 1 0 0 0 1 1 0 0 0 0 1 0 0 0 0 1 0 0 0 0 0 1 0 0 1 1 0 1 1 1 1 1 1 0 0 0 1 0 0 0 1 0 0 1 1 1 1 1 1 1 0 0 29815.0 29881.0 26505.0 2 1000000000000000.1
1 0 0 1 0 0 1 1 1 1 0 1 1 1 0 0 1 0 1 0 0 0 1 1 1 1 1 0 1 1 0 1 1 1 1 1 1 0 1 0 0 1 1 0 0 1 1 0 1 1 0 0 1 1 0 0 0 1 1 0 0 0 1 1 0 1 1 1 0 1 0 0 1 0 0 1 1 0 0 1 1 0 1 0 0 1 0 0 1 1 0 1 1 0 1 1 1 1 0 0 30531.0 25391.0 31538.0 2 1000000000000000.0
1 0 0 1 0 0 1 1 1 0 1 1 1 0 1 1 0 1 1 1 1 0 0 0 1 1 1 1 1 1 1 1 1 1 0 1 1 0 0 0 0 1 1 0 0 1 0 0 1 1 1 1 1 0 0 0 0 0 1 0 0 0 1 1 0 1 1 1 0 1 0 0 1 0 0 0 1 0 0 1 1 0 1 0 0 1 0 0 1 1 0 1 1 1 1 1 1 1 0 0 32289.0 27250.0 28743.0 2 1000000000000000.0
1 0 1 1 1 0 1 0 1 1 0 1 1 1 0 0 1 1 1 0 0 0 1 1 1 1 1 0 1 1 0 1 1 1 1 1 1 0 1 0 1 1 1 1 0 1 1 0 1 1 0 1 1 0 0 0 0 0 1 0 0 0 1 1 0 1 1 0 0 1 0 0 1 0 0 0 1 1 1 1 0 0 0 0 1 0 0 0 0 0 0 1 1 0 1 1 1 1 0 0 27982.0 29009.0 29628.0 2 0.2866873973924318
1 0 1 0 1 0 1 0 1 1 1 1 1 0 0 1 0 0 1 0 0 0 1 1 0 1 1 1 1 1 1 1 1 1 1 1 1 0 1 0 0 1 1 0 0 1 1 0 1 1 0 0 1 1 0 0 0 1 1 0 0 1 1 1 0 1 1 1 0 1 0 0 0 0 0 1 1 0 0 1 1 0 0 0 0 1 0 0 1 1 0 1 1 1 1 1 1 1 0 0 30918.0 26229.0 31481.0 2 0.26385659224042124
1 0 0 1 0 0 0 1 1 0 0 0 1 1 0 1 1 1 0 1 0 1 1 0 1 0 0 1 1 1 1 1 0 1 0 1 1 0 1 0 1 1 1 1 1 1 1 0 1 1 0 1 1 0 0 0 0 0 1 0 0 0 1 1 0 0 1 0 0 1 0 0 1 0 0 0 1 1 1 0 1 1 1 0 0 1 0 0 1 0 1 1 1 1 1 1 1 0 0 0 29503.0 30397.0 26985.0 2 0.2529690237835888
1 0 0 1 0 0 1 1 1 0 1 0 1 1 0 0 1 0 1 0 0 0 1 1 0 1 1 1 1 1 1 1 1 1 1 1 1 0 1 0 0 1 1 0 0 1 1 0 1 1 1 0 1 1 0 0 0 1 1 0 0 0 1 1 0 1 1 1 0 1 0 0 1 0 0 0 1 0 0 1 1 0 1 0 1 1 1 0 0 0 0 1 1 1 0 1 1 1 0 0 30611.0 26645.0 30960.0 2 0.25015853276812827
1 0 0 1 0 0 1 1 1 0 1 0 1 1 0 0 1 0 1 0 0 0 1 1 0 1 1 1 1 1 1 1 1 1 1 1 1 0 1 0 0 1 1 0 0 1 1 0 1 1 0 0 1 1 0 0 0 1 1 0 0 0 1 1 0 1 1 1 0 1 0 0 1 0 0 1 1 0 0 1 1 0 1 0 0 1 0 0 1 1 0 1 1 0 1 1 1 1 0 0 30933.0 25678.0 31460.0 2 0.24806611655160993
1 0 1 1 0 0 0 1 1 1 0 1 1 0 0 1 1 1 0 0 0 1 1 1 0 1 1 0 1 1 0 1 1 1 0 1 1 0 0 0 1 1 1 1 0 1 1 0 1 1 1 0 1 0 0 0 0 1 1 0 0 0 1 1 0 0 1 1 0 1 0 0 1 0 0 0 1 0 0 1 1 0 1 0 0 1 0 1 1 1 0 1 1 1 1 1 1 1 0 0 30014.0 26650.0 30577.0 2 0.21766567956988853
1 0 0 1 0 0 1 1 1 1 0 1 1 1 0 1 1 0 1 0 0 0 1 1 1 0 1 0 1 1 0 1 1 1 1 1 1 0 1 0 1 1 1 1 0 1 1 0 1 0 1 1 1 0 0 0 0 0 1 0 0 0 1 1 0 0 1 1 0 1 0 0 1 0 0 0 1 0 0 1 1 0 1 0 0 1 0 0 1 1 0 1 1 1 1 1 1 1 0 0 29997.0 27646.0 29930.0 2 0.19312086100835404
1 0 0 1 0 0 0 1 1 0 1 0 1 1 0 1 1 1 0 1 0 1 1 0 1 0 0 1 1 1 1 1 0 1 0 1 1 0 1 0 1 1 1 1 1 1 1 0 1 1 0 1 1 0 0 0 0 0 1 0 0 1 1 1 0 0 1 0 0 1 0 0 1 0 0 0 1 1 1 1 0 0 0 0 1 0 0 0 0 0 0 1 1 1 1 1 1 1 0 0 28464.0 30515.0 27626.0 2 0.18706912732138878
1 0 1 1 0 0 1 1 1 0 1 0 1 0 1 1 0 1 1 1 1 0 0 0 1 1 0 1 1 1 1 1 0 1 1 0 1 0 0 0 0 1 0 0 0 1 1 0 1 1 0 0 1 0 0 0 0 0 1 0 0 0 1 1 0 1 1 0 0 1 0 0 1 1 0 1 1 1 1 1 1 0 1 0 0 1 0 0 1 1 0 1 1 1 1 1 1 1 0 0 32121.0 28003.0 27365.0 2 0.1828539645569849
1 0 1 1 1 1 1 0 1 1 0 1 1 1 0 0 1 0 1 0 0 1 1 1 1 1 1 0 1 1 0 1 1 1 1 1 1 0 1 0 1 1 1 1 0 1 1 0 1 1 0 0 1 0 0 0 0 0 1 0 0 0 0 1 1 0 0 1 0 1 0 0 1 0 0 0 1 0 0 1 1 0 0 0 1 0 0 0 1 0 0 1 1 1 1 1 1 1 0 0 28281.0 27345.0 30710.0 2 0.15711137450094045
1 0 1 1 0 0 1 1 1 0 1 0 0 0 1 1 0 1 1 1 1 0 0 0 1 1 0 1 1 1 1 1 1 1 1 1 1 0 1 0 1 1 1 1 0 1 1 0 1 1 0 1 1 0 0 0 0 0 1 1 0 0 0 1 0 0 0 1 0 1 0 0 1 0 0 1 1 0 0 1 1 0 1 0 0 1 0 0 1 1 0 1 1 0 1 1 1 1 0 0 31932.0 27251.0 28986.0 2 0.1494076261054282
0 0 1 0 1 1 1 0 1 1 0 1 1 0 0 1 0 1 1 1 1 0 0 0 1 1 1 1 1 1 1 1 1 1 0 1 1 0 1 0 1 1 1 1 0 1 1 0 1 1 1 1 1 0 0 0 0 0 1 0 0 0 1 1 0 0 1 0 0 1 0 0 1 0 0 0 1 1 1 1 0 0 0 0 1 0 0 0 0 0 0 1 1 1 1 1 1 1 0 0 28837.0 29545.0 28911.0 2 0.14939558296241007
0 0 1 1 0 0 1 1 1 0 1 0 1 0 1 1 0 1 1 1 1 0 0 1 1 1 1 0 1 1 0 1 1 1 1 1 0 0 1 0 1 1 1 1 0 1 1 0 1 1 0 0 1 0 0 0 0 0 1 0 0 0 1 1 0 0 1 1 0 1 0 0 1 0 0 0 1 0 0 1 1 0 1 0 0 1 0 0 1 1 0 1 1 1 1 1 1 1 0 0 31562.0 27145.0 29234.0 2 0.14912382979169095
1 0 0 0 0 0 1 1 1 0 1 1 1 1 0 0 1 1 0 1 0 0 1 0 1 0 0 1 1 1 1 1 1 1 1 1 1 0 1 0 1 1 1 1 0 1 1 0 1 1 0 0 1 0 0 0 0 0 1 0 0 0 1 1 0 1 1 1 0 1 0 0 1 0 0 1 1 0 0 1 1 0 1 0 0 1 0 0 1 1 0 1 1 1 1 1 1 1 0 0 31019.0 28166.0 28379.0 2 0.14726247320847732
1 0 1 1 0 0 1 1 1 0 1 0 1 0 1 1 0 1 1 1 1 0 0 0 1 1 0 1 1 1 1 1 0 1 1 0 1 0 0 0 0 1 0 0 0 1 1 0 1 1 0 0 1 0 0 0 0 0 1 0 0 0 1 1 0 1 1 0 0 1 0 0 1 1 0 0 1 1 1 1 1 1 0 0 1 1 1 0 1 0 0 1 1 1 1 1 1 1 0 0 31650.0 28657.0 27027.0 2 0.14589279455461773
1 0 0 0 0 0 1 1 1 0 1 1 1 1 0 0 1 1 0 1 1 0 1 0 1 0 0 1 1 1 1 1 1 1 1 1 1 0 1 0 0 1 0 0 0 1 1 0 1 1 0 0 1 0 1 0 0 0 1 0 0 0 1 1 0 1 1 0 0 1 0 0 1 1 0 1 1 1 1 1 1 0 1 0 0 1 0 0 1 1 0 1 1 1 1 1 1 1 0 0 31402.0 29316.0 27721.0 2 0.1458874867366432
1 0 0 1 0 0 1 1 1 0 1 1 1 1 0 0 1 1 0 1 0 0 1 0 1 0 0 1 1 1 1 1 1 1 1 1 1 0 1 0 1 1 1 1 0 1 1 0 1 1 1 1 1 0 0 0 0 1 1 0 0 0 1 1 0 0 1 0 0 1 0 0 1 0 0 0 1 1 1 1 0 0 1 0 0 1 0 0 1 1 0 1 1 0 1 1 1 1 0 0 28932.0 30008.0 28583.0 2 0.13687794562129232
1 0 1 0 1 1 1 0 1 1 0 1 1 1 0 1 1 1 0 0 0 1 1 1 0 1 1 0 1 1 0 1 1 0 0 1 1 0 1 0 1 1 1 1 0 1 1 0 1 1 0 0 1 0 0 0 0 1 1 0 0 0 1 1 0 0 1 1 0 1 0 0 1 0 0 0 1 0 0 1 1 0 1 0 0 1 0 0 1 1 0 1 1 1 1 1 1 1 0 0 29409.0 27348.0 30636.0 2 0.13619505244103106
1 0 1 1 0 0 1 1 1 0 1 0 1 0 1 1 0 1 1 1 1 0 0 0 1 1 0 1 1 1 1 1 0 1 1 0 1 0 0 0 0 1 0 0 0 1 1 0 1 1 0 0 1 0 0 0 0 0 1 0 0 0 1 1 0 0 1 0 0 1 0 0 1 1 0 1 1 1 1 0 1 1 0 0 1 1 1 0 1 0 0 1 1 1 1 1 1 1 0 0 31594.0 28559.0 27185.0 2 0.13452558132608966
1 0 1 1 0 0 0 1 1 0 1 0 1 1 0 0 1 0 1 0 0 0 1 1 0 1 1 1 1 1 1 1 1 1 1 1 1 0 1 0 0 1 1 0 0 1 1 0 1 1 0 0 1 1 0 0 0 1 1 0 1 0 1 1 0 1 1 1 0 1 0 0 1 0 0 1 1 0 0 1 1 0 1 0 0 1 0 0 1 1 0 1 1 0 1 1 1 1 0 0 31406.0 25464.0 30906.0 2 0.13285651122320657
1 0 0 1 0 0 1 1 1 0 1 0 0 0 1 1 0 1 1 1 1 0 0 0 1 1 0 1 1 1 1 1 1 1 1 1 1 0 1 0 1 1 1 1 0 1 1 0 1 1 0 1 1 0 0 0 0 0 1 1 0 0 0 1 0 0 0 1 0 1 0 0 1 0 0 0 1 0 0 1 1 0 1 0 1 1 1 0 1 0 0 1 1 1 0 1 1 1 0 0 31701.0 27723.0 28680.0 2 0.1262035050882334
1 0 0 1 0 0 1 1 1 0 1 1 1 0 1 1 0 1 1 1 1 0 0 0 1 1 1 1 1 1 1 1 1 1 0 1 1 0 1 0 0 1 1 1 0 1 1 0 1 1 0 1 1 0 0 0 0 0 1 0 0 0 1 1 0 1 1 0 0 1 0 0 1 0 0 0 1 1 1 1 0 0 0 0 1 0 0 0 0 0 0 1 1 1 1 1 1 1 0 0 30200.0 29880.0 28166.0 2 0.12594142253899043
1 0 0 1 0 0 1 1 1 0 1 1 1 1 0 0 1 1 0 1 0 0 1 0 1 0 0 1 1 1 1 1 1 1 1 1 1 1 1 0 0 1 1 1 0 1 1 0 1 1 0 1 1 0 0 0 0 0 1 0 0 0 1 1 0 1 1 0 0 1 0 0 1 0 0 0 1 1 1 1 0 0 0 0 1 0 0 0 1 0 0 1 1 1 1 1 1 1 0 0 28434.0 30482.0 27827.0 2 0.11919515433963357
1 0 0 1 0 0 1 1 1 0 1 1 1 1 0 0 1 1 0 1 1 0 1 0 1 0 0 1 1 1 1 1 1 1 0 1 1 0 1 0 0 1 0 0 0 1 1 0 1 1 0 0 1 0 0 0 0 0 1 0 0 0 1 1 0 1 1 0 0 1 0 0 1 1 0 1 1 1 1 1 1 0 1 0 0 1 0 0 1 1 0 1 1 1 1 1 1 1 0 0 31289.0 29548.0 28202.0 2 0.11439935966522075
1 0 1 1 0 0 1 1 1 0 0 1 1 1 0 0 1 0 1 0 0 0 1 1 0 1 1 0 1 1 0 1 1 1 1 1 1 1 1 0 1 1 1 1 0 1 1 0 1 1 0 1 1 0 0 0 0 0 1 0 0 0 1 1 0 0 1 1 0 1 0 0 1 0 0 0 1 0 0 1 1 0 1 0 0 1 0 0 1 1 0 1 1 1 1 1 1 1 0 0 30418.0 27409.0 29462.0 2 0.11313672087550647
0 0 1 0 1 1 1 0 1 1 0 1 1 0 0 1 1 1 0 0 0 1 1 1 0 1 1 0 1 1 0 1 1 1 0 1 1 0 0 0 1 1 1 1 0 1 1 0 1 1 1 1 1 0 0 0 0 0 1 0 0 0 1 1 0 0 1 1 0 1 0 0 1 0 0 0 1 0 0 1 1 0 0 0 1 0 0 0 1 0 0 1 1 1 1 1 1 1 0 0 28398.0 27824.0 29883.0 2 0.10448321336362412
1 0 0 1 0 0 1 1 1 0 1 0 1 0 1 1 0 1 1 1 1 0 0 0 1 1 1 1 1 1 1 1 1 1 0 1 1 0 1 0 0 1 1 1 0 1 1 0 1 1 1 1 1 0 0 0 0 1 1 0 0 0 1 1 0 0 1 0 0 1 0 0 1 0 0 0 1 1 1 1 0 0 0 0 1 0 0 0 0 0 0 1 1 1 1 1 1 1 0 0 29960.0 29846.0 28760.0 2 0.10417162539645271
1 0 0 1 0 0 1 1 1 0 0 1 1 1 0 1 1 0 1 0 0 0 1 1 1 1 1 0 1 1 0 1 1 1 1 1 1 0 1 0 1 1 1 1 1 1 1 0 1 1 0 1 1 0 0 0 0 0 1 0 0 0 1 0 0 1 1 1 0 1 0 0 0 0 0 0 1 0 0 1 1 0 1 0 0 1 0 0 1 1 0 1 1 1 1 1 1 1 0 0 30320.0 28112.0 29317.0 2 0.10290985493364613
1 0 0 0 0 0 1 1 1 1 0 1 1 0 0 1 0 1 0 0 0 1 0 1 0 1 1 1 1 1 0 1 1 1 1 1 1 0 0 0 0 1 0 0 0 1 1 0 1 1 0 1 1 0 0 0 0 0 1 0 0 0 1 1 0 1 1 0 0 1 0 0 1 1 0 1 1 1 1 0 1 1 0 0 1 1 1 0 1 0 0 1 1 1 1 1 1 1 0 0 31161.0 28395.0 28304.0 2 0.10201037130616969
1 0 1 0 1 0 1 0 1 1 1 0 0 0 1 1 0 1 1 1 1 0 0 0 1 1 0 1 1 1 1 1 1 1 1 1 1 0 1 0 1 1 1 1 0 1 1 0 1 1 0 0 1 0 0 0 0 1 1 0 0 0 1 1 0 0 1 1 0 1 0 0 1 0 0 0 1 0 0 1 1 0 1 0 0 1 0 0 0 1 0 1 1 1 1 1 1 1 0 0 30499.0 27245.0 29676.0 2 0.09442212396947304
1 0 1 1 0 0 1 1 1 0 1 0 0 0 1 1 0 1 1 1 1 0 0 0 1 1 0 1 1 1 1 1 1 1 0 1 1 0 1 0 1 1 1 1 0 1 1 0 1 1 0 1 1 0 0 0 0 0 1 1 0 0 0 1 0 0 0 1 0 1 0 0 1 0 0 0 1 0 0 1 1 0 1 0 1 1 0 0 1 0 0 1 1 1 1 1 1 1 0 0 31174.0 27835.0 28786.0 2 0.08991168931617746
