1 0 0 1 1 0 1 1 1 0 1 0 1 0 1 1 1 1 0 1 0 0 1 0 1 1 0 1 1 1 1 1 1 1 1 0 1 0 0 0 0 1 0 0 0 1 1 0 1 1 0 0 1 0 0 0 0 0 1 0 0 0 1 1 0 1 1 1 1 0 1 0 0 0 1 1 1 1 0 1 0 1 1 0 0 0 0 1 1 0 0 1 0 0 0 1 0 0 0 1 28578.0 23596.0 28969.0 0 1000000000000000.5
0 0 1 0 1 1 1 0 1 0 0 0 1 1 0 0 1 0 0 0 0 0 1 1 1 1 1 0 1 1 0 1 1 1 1 1 0 0 1 0 1 1 1 1 0 1 1 0 1 1 0 0 1 0 0 0 0 0 1 0 0 0 1 1 0 1 1 1 0 1 0 0 1 0 0 0 1 0 0 1 1 0 1 0 0 1 0 0 1 1 0 1 1 1 1 1 1 1 0 0 27912.0 25274.0 28473.0 0 0.6838034657255778
1 0 0 1 0 1 1 1 1 0 0 1 1 1 0 0 1 0 1 0 0 0 1 1 1 1 1 0 1 0 1 0 0 1 1 1 1 0 1 0 1 1 1 1 0 1 1 0 1 1 0 0 1 0 0 0 0 0 1 0 0 0 1 1 0 1 1 0 0 1 0 0 0 1 1 1 1 1 1 1 0 0 0 0 1 0 0 0 1 0 1 1 0 0 1 1 1 1 0 0 26961.0 25413.0 28414.0 0 0.4501129466289272
0 0 1 0 1 1 1 0 1 1 0 1 1 0 0 1 0 1 0 0 0 1 1 1 0 1 1 0 1 1 0 1 1 1 1 1 1 0 1 0 1 1 1 1 0 1 1 0 0 1 0 0 1 0 0 0 0 0 1 0 0 1 1 1 0 1 0 0 0 1 0 0 1 0 0 1 1 1 1 1 0 0 0 0 1 0 0 0 0 0 1 1 1 0 1 1 1 1 0 0 26283.0 26809.0 28069.0 0 0.6298602799334871
1 0 1 0 1 0 1 0 1 1 0 1 1 0 0 1 0 1 0 0 0 1 1 1 0 1 1 0 1 1 0 1 1 1 1 1 1 0 1 0 1 1 1 1 0 1 1 0 0 1 0 0 1 1 0 0 0 0 0 0 0 0 0 1 0 0 0 1 0 1 1 1 0 1 1 1 1 1 1 1 0 0 0 0 1 0 0 0 0 0 1 1 1 0 1 1 1 1 0 0 27405.0 26232.0 27621.0 0 0.7455508517679346
1 0 0 1 0 0 1 1 1 0 1 0 1 0 1 1 1 1 0 1 0 0 1 0 1 1 0 1 1 1 1 1 1 1 1 0 1 0 0 0 0 1 1 0 0 1 0 0 1 1 1 1 1 0 0 0 0 0 0 0 0 0 1 1 0 1 0 0 1 1 0 0 1 0 0 1 1 1 1 1 0 0 0 1 1 0 0 0 0 0 1 1 1 0 1 1 1 1 0 0 27087.0 27191.0 26647.0 0 0.5526461991322599
1 0 0 1 0 0 1 1 1 0 1 0 1 0 1 1 1 1 0 1 0 0 1 0 1 1 0 1 1 1 1 1 1 1 1 0 1 0 0 0 0 1 0 0 0 1 1 0 1 1 0 0 1 0 0 0 0 0 1 0 0 0 1 1 0 1 1 0 0 1 0 0 1 0 0 0 1 0 0 1 1 0 1 0 1 1 0 0 1 1 0 1 1 1 0 1 1 1 0 0 28802.0 25956.0 26352.0 0 0.3330043713363499
0 0 1 0 1 0 1 1 1 0 1 0 1 0 1 1 0 1 1 1 1 1 1 1 0 1 1 0 1 1 0 1 1 1 1 0 0 0 1 0 0 1 1 1 0 1 0 0 1 1 1 1 1 0 0 0 0 0 0 0 0 0 1 1 0 1 0 0 0 1 0 0 1 0 0 1 1 1 1 1 0 0 0 0 1 0 0 0 0 0 1 0 1 0 1 1 1 1 0 0 27166.0 26838.0 26255.0 0 0.33599210879557245
1 0 0 0 0 1 1 1 1 1 0 0 0 0 1 0 0 1 1 1 1 0 1 0 1 1 0 1 1 1 1 1 0 1 0 1 1 1 1 0 0 1 1 0 0 0 1 0 1 0 0 0 1 1 0 1 0 1 0 1 1 0 0 0 0 0 1 1 0 1 0 1 0 0 0 1 1 0 1 0 0 0 1 0 1 0 0 0 1 0 0 1 1 1 0 1 1 1 1 0 28879.0 22262.0 25686.0 0 1000000000000000.5
1 0 0 1 0 0 1 1 1 0 1 0 1 0 1 1 1 1 0 1 0 0 1 0 1 0 0 1 1 1 1 0 0 1 0 1 1 0 1 0 1 1 1 1 0 1 1 0 1 1 1 0 1 0 0 0 0 0 1 0 0 0 1 1 0 1 1 0 0 1 0 0 1 0 0 0 1 1 1 1 0 0 0 0 1 0 0 0 0 0 1 1 1 0 1 1 1 1 0 0 25845.0 28020.0 25482.0 0 2000000000000000.0
1 0 0 0 0 1 1 1 1 1 0 0 0 0 1 0 0 1 1 1 1 0 1 0 1 1 0 1 1 1 1 1 0 1 0 1 1 1 1 0 0 0 0 0 1 0 0 1 1 0 0 0 1 1 0 0 0 0 1 0 0 0 0 1 0 0 0 1 0 1 1 1 1 1 1 1 1 1 1 1 0 0 0 0 1 0 0 0 0 0 1 1 1 0 1 1 0 1 1 1 29501.0 23171.0 25461.0 0 1000000000000000.2
1 0 0 1 0 0 1 1 1 0 1 0 1 0 1 1 1 1 0 1 0 0 1 0 1 0 0 1 1 0 1 0 0 0 0 1 1 0 1 0 1 1 1 1 0 1 1 0 1 1 0 0 1 0 0 0 0 0 1 0 0 0 1 1 0 1 1 0 0 1 0 0 0 1 1 1 1 1 1 1 0 0 0 0 1 0 0 0 1 0 0 1 1 1 0 1 1 1 1 0 28190.0 27182.0 25354.0 0 1000000000000000.2
0 1 0 0 1 0 1 0 1 1 0 0 0 1 0 1 1 0 1 1 1 1 1 1 0 1 1 0 1 1 0 1 1 1 1 0 0 0 1 0 0 1 1 0 0 1 0 0 1 1 1 1 1 0 0 0 0 0 0 0 0 0 1 1 0 1 0 0 0 1 0 0 1 0 0 1 1 1 0 1 0 0 1 0 0 0 0 1 0 0 1 1 0 0 0 1 0 0 1 1 25023.0 20492.0 28632.0 1 3000000000000000.0
0 0 1 0 1 1 1 0 1 0 0 1 1 1 0 0 1 0 1 0 0 0 1 1 1 1 1 0 1 0 1 0 0 1 1 1 1 0 1 0 1 1 1 1 0 1 1 0 1 1 0 0 1 0 0 0 0 0 1 0 0 0 1 1 0 1 1 0 0 1 0 0 0 1 1 1 1 1 1 1 0 0 0 0 1 0 0 0 1 0 1 1 0 0 1 1 1 1 0 0 25806.0 25179.0 28241.0 1 0.2372331528050013
1 1 0 0 1 0 1 0 1 1 0 0 0 1 0 1 0 1 0 0 1 1 1 1 0 1 1 0 1 0 0 1 1 1 1 1 0 1 1 0 0 1 1 0 0 1 1 0 0 1 0 0 1 0 0 0 0 0 1 0 0 0 1 1 0 0 0 1 1 0 1 0 0 0 1 1 1 1 0 1 0 1 1 0 0 0 0 0 0 0 1 1 1 0 1 1 1 1 0 0 25958.0 21945.0 28075.0 1 0.7141530118577639
0 0 1 0 1 1 1 0 1 0 0 0 1 1 0 0 1 0 1 0 0 0 1 1 1 1 1 0 1 1 0 1 1 1 1 0 0 0 1 0 1 1 1 1 0 1 1 0 1 1 0 0 1 0 0 0 0 0 1 0 0 0 1 1 0 1 1 1 0 1 1 1 0 1 1 1 1 1 1 1 0 0 0 0 1 0 0 0 0 1 0 0 0 1 1 0 0 1 1 0 27769.0 24318.0 28063.0 1 0.19254504057957667
1 0 1 0 1 0 1 0 1 1 1 1 1 0 0 1 0 1 0 0 0 1 1 1 0 1 1 0 1 0 0 1 1 1 1 1 1 0 1 0 1 1 1 1 0 1 1 0 0 1 0 0 1 1 0 0 0 0 0 0 0 1 0 1 0 0 1 1 0 1 0 0 1 1 0 1 1 0 1 0 1 0 0 0 1 1 0 0 0 0 1 1 1 0 1 1 1 1 0 0 26919.0 25547.0 27609.0 1 0.38965984213882343
1 0 1 1 0 0 0 0 0 1 1 0 1 0 0 0 0 1 1 1 1 1 1 1 0 1 1 0 1 1 0 1 1 1 1 1 1 0 1 0 1 1 1 1 0 1 1 0 0 1 0 0 1 0 0 0 0 0 1 0 0 1 1 1 0 1 0 0 0 1 0 0 1 0 0 1 1 1 1 1 0 0 0 0 1 0 0 0 0 0 1 1 1 0 1 1 1 1 0 0 26971.0 25778.0 27311.0 1 0.37321074336242444
0 0 1 1 0 0 0 0 1 1 1 0 1 0 0 0 0 1 1 1 1 1 1 1 0 1 1 0 1 1 0 1 1 1 1 0 0 1 1 0 0 1 1 0 0 0 1 0 1 0 0 0 1 1 0 1 0 1 0 1 1 0 0 0 0 0 1 1 0 1 0 1 0 0 0 1 1 0 1 0 0 0 1 0 1 0 0 0 1 0 0 1 1 1 0 1 1 1 1 0 27793.0 20825.0 26115.0 1 0.48811670377672783
1 0 0 1 0 0 1 1 1 0 1 0 1 0 1 1 0 1 1 1 1 1 1 1 0 1 1 0 1 1 0 1 1 1 1 0 0 0 1 0 0 1 1 0 0 1 0 0 1 1 1 1 1 0 0 0 0 0 0 0 0 0 1 1 0 1 0 0 0 1 0 0 1 0 0 1 1 1 1 1 0 0 0 0 1 0 0 0 0 0 1 0 1 0 1 1 1 1 0 0 27313.0 25540.0 25810.0 1 0.2546210428199104
1 0 1 0 1 0 1 0 1 1 0 1 1 0 0 1 1 1 0 0 0 1 1 1 0 1 1 0 1 1 0 1 1 1 1 0 0 1 1 0 0 1 0 0 1 0 0 1 1 0 0 0 1 1 0 0 0 0 1 1 0 0 0 1 0 0 0 1 0 1 1 1 0 1 1 1 0 1 1 1 0 0 0 0 1 0 0 0 0 0 1 1 1 1 0 1 1 1 0 0 27913.0 23712.0 25736.0 1 0.14654766091117508
1 0 1 0 1 0 1 0 1 1 0 1 1 0 0 1 0 1 0 0 0 1 1 1 0 1 1 0 1 1 0 1 1 1 1 0 0 1 1 0 0 1 0 0 1 0 0 1 1 0 0 0 1 1 0 0 0 0 1 1 0 0 0 1 0 0 0 1 0 1 1 1 0 1 1 1 0 1 1 1 0 0 0 0 1 0 0 0 0 0 1 1 1 1 1 1 1 1 0 0 27972.0 23988.0 25670.0 1 0.14636425237613154
1 0 0 1 0 0 1 1 1 0 1 0 1 0 0 1 1 1 0 1 0 0 0 0 1 0 0 1 1 0 0 0 0 0 0 1 1 0 1 0 1 1 1 1 0 1 1 1 1 1 1 1 1 0 0 0 1 0 0 0 0 0 1 1 0 1 1 1 0 1 0 0 0 1 1 1 1 1 1 1 0 0 0 0 1 0 0 0 0 0 1 1 0 0 1 1 1 1 0 0 25559.0 26650.0 25482.0 1 0.31167523973217015
0 0 1 1 1 1 0 0 0 0 0 0 1 0 1 1 1 1 0 1 0 0 1 0 1 0 0 1 1 1 1 0 0 0 0 1 1 0 1 0 1 1 1 1 0 1 1 0 1 1 0 0 1 0 0 0 0 0 1 0 0 1 1 1 0 1 1 0 0 1 0 0 1 0 0 0 1 0 0 1 1 0 1 0 1 1 0 0 1 1 0 1 1 1 0 1 1 1 0 0 25828.0 26385.0 25333.0 1 0.2082616443486054
1 0 0 1 0 0 1 1 1 0 1 0 1 0 1 1 1 1 0 1 0 0 1 0 1 0 0 1 1 1 1 0 0 0 0 1 1 0 1 0 1 1 1 1 0 1 1 0 1 1 0 0 1 0 0 0 0 0 1 0 0 0 1 1 0 1 1 0 1 1 0 1 0 0 0 1 1 0 1 0 0 0 1 0 1 0 0 0 1 0 0 1 1 1 0 1 1 1 0 0 26996.0 26731.0 25242.0 1 0.17217261254899133
1 0 0 1 0 0 1 1 1 0 1 0 1 0 1 1 1 1 0 1 0 0 1 0 1 0 0 1 1 1 1 0 0 0 0 1 1 0 1 0 1 1 1 1 0 1 1 0 1 1 0 0 1 0 0 0 0 0 1 0 0 0 1 1 0 1 1 0 0 1 0 0 1 0 0 0 1 0 0 1 1 0 1 0 1 1 0 0 1 1 0 1 1 1 0 1 1 1 0 0 27527.0 27096.0 25239.0 1 0.2374847750104509
1 0 0 1 0 0 1 1 1 0 1 0 1 0 1 1 1 1 0 1 0 0 1 0 1 0 0 1 1 1 1 0 0 1 0 1 1 0 1 0 1 1 1 1 0 1 1 0 1 1 0 0 1 0 0 0 0 0 1 0 0 0 1 1 0 1 1 0 0 1 0 0 1 0 0 0 1 0 0 0 1 0 0 0 1 1 0 0 1 0 0 1 1 1 0 1 1 1 1 0 27725.0 27155.0 24824.0 1 1000000000000000.1
1 0 0 1 0 0 1 1 1 0 1 0 1 0 1 1 0 1 1 1 1 0 0 0 1 1 1 0 0 0 0 1 0 1 0 0 0 1 1 0 1 0 0 0 1 1 1 0 1 1 1 1 1 0 0 0 1 0 0 0 0 0 1 1 0 1 0 0 0 1 1 0 1 0 1 0 1 0 0 1 1 0 1 0 1 1 0 0 1 1 0 1 1 1 0 1 1 1 0 0 27974.0 23472.0 24803.0 1 0.4191741049280711
1 0 0 1 0 0 1 1 1 0 1 0 1 0 1 1 0 1 1 1 1 0 0 0 1 1 0 1 1 1 1 1 0 1 1 0 1 0 0 0 0 1 0 0 0 1 1 0 1 1 0 0 1 0 0 0 0 0 1 0 0 0 1 0 0 1 1 0 0 1 0 0 1 0 0 0 1 0 0 1 1 0 1 0 1 1 0 0 1 1 0 1 1 1 0 1 1 1 0 0 28503.0 25008.0 24739.0 1 0.19622384046868163
1 0 0 1 0 0 1 1 1 0 1 0 1 0 1 1 0 1 1 1 1 0 0 0 1 1 0 1 1 1 1 1 0 1 1 0 1 0 0 0 0 1 0 0 0 1 1 0 0 0 0 1 0 1 0 0 0 0 1 0 0 0 0 1 0 0 0 1 0 1 1 1 0 1 1 1 1 1 1 1 0 0 0 0 1 0 0 0 0 0 1 1 1 0 1 1 1 1 0 0 28506.0 24995.0 24625.0 1 0.49400671295996024
1 0 0 1 0 0 1 1 1 0 1 0 1 0 1 1 1 1 0 1 0 0 1 0 1 1 0 1 1 1 1 1 1 1 1 0 1 0 0 0 0 1 0 0 0 1 0 0 0 0 0 1 0 0 0 1 1 0 0 0 0 0 1 0 0 1 1 0 0 1 0 0 1 1 0 1 1 0 1 0 1 0 0 0 1 1 0 0 1 0 0 1 1 1 0 1 1 1 1 0 27760.0 25572.0 22306.0 1 0.4274028679085566
1 0 0 0 0 0 1 1 1 0 1 0 1 0 1 1 0 1 1 1 1 0 0 0 1 1 0 1 1 1 1 1 0 1 1 0 1 0 0 0 0 1 0 0 0 1 1 0 0 0 0 1 0 0 0 1 1 0 0 0 0 0 1 0 0 1 1 0 0 1 0 0 1 1 0 1 1 1 1 0 1 1 0 0 1 1 1 0 0 1 0 0 1 1 1 0 0 1 1 1 28793.0 24733.0 22158.0 1 2000000000000000.0
1 0 0 1 0 0 1 1 1 0 1 1 1 0 0 0 1 0 1 1 1 1 1 1 0 1 0 0 1 0 0 1 1 1 1 1 0 1 0 1 1 0 1 0 0 0 1 0 1 1 1 1 1 1 0 0 0 0 1 0 0 1 1 0 0 0 1 0 0 0 0 0 0 0 1 1 1 1 0 1 0 0 1 0 0 0 0 1 0 0 1 1 0 0 0 1 0 0 1 1 24970.0 19387.0 28062.0 2 2000000000000000.0
1 0 0 1 0 0 1 1 1 0 1 1 1 0 0 0 1 0 1 1 1 1 1 1 0 1 0 0 1 0 0 1 1 1 1 1 0 1 0 1 1 0 1 1 0 0 1 0 1 1 1 1 1 1 0 0 0 0 0 0 0 1 1 0 1 0 1 0 0 0 0 0 0 0 1 1 1 1 0 1 0 0 1 0 0 0 0 1 0 0 0 1 0 0 0 1 0 0 1 1 24088.0 19900.0 28058.0 2 1000000000000000.4
0 0 1 1 1 1 0 0 0 0 0 0 0 0 0 1 1 0 1 1 1 1 1 1 0 1 1 0 1 1 0 1 1 1 1 1 1 0 1 0 1 1 1 1 0 1 1 0 0 1 0 0 1 0 0 0 0 0 1 0 0 1 1 1 0 1 0 0 0 1 0 0 1 0 0 1 1 1 1 1 0 0 0 0 1 0 0 0 0 0 1 1 1 0 1 1 0 1 0 0 25023.0 24604.0 27784.0 2 0.14977395436740282
0 0 1 0 1 1 1 0 1 0 0 0 1 1 0 0 1 0 1 0 0 0 1 1 1 1 1 0 1 1 0 1 1 1 1 0 0 0 1 0 1 1 1 1 0 1 1 0 1 1 0 0 1 0 0 0 0 0 1 0 0 0 1 1 0 1 1 1 0 1 0 0 1 0 0 0 1 0 0 1 1 0 1 0 0 1 0 0 1 1 0 1 1 1 0 1 1 1 0 0 27576.0 24018.0 27761.0 2 0.14591066960654273
0 0 1 1 0 0 0 0 1 1 1 0 1 0 0 0 1 0 1 0 0 0 1 1 1 1 1 0 1 0 1 0 0 1 1 1 1 0 1 0 1 1 1 1 1 1 1 0 1 1 0 0 1 0 0 0 0 0 1 0 0 0 1 1 0 1 1 0 0 1 0 0 0 1 1 1 1 1 1 1 0 0 0 0 1 0 0 0 1 0 1 1 0 0 1 1 1 1 0 0 25789.0 24232.0 27700.0 2 0.13095990320358497
0 0 1 0 1 1 1 0 1 0 0 1 1 1 0 0 1 0 1 0 0 0 1 1 1 1 1 0 1 0 1 0 0 1 1 1 1 0 1 0 1 1 1 1 0 1 1 0 1 1 0 0 1 0 0 0 0 0 1 0 0 0 1 1 0 1 1 0 0 1 0 0 0 1 1 1 1 1 1 1 0 0 0 0 1 0 0 0 0 0 1 1 0 0 1 1 1 1 0 0 25302.0 24949.0 27564.0 2 0.19167687215754356
0 0 1 0 1 1 1 0 1 0 0 1 1 1 0 0 1 0 1 0 0 0 1 1 1 1 1 0 1 0 1 0 0 1 1 1 1 0 1 0 1 1 1 1 0 1 1 0 1 1 0 0 1 0 0 0 0 0 1 0 0 0 0 1 0 0 0 1 0 1 1 1 0 1 1 1 1 1 1 1 0 0 0 0 1 0 0 0 0 0 1 1 1 0 1 1 1 1 0 0 26638.0 24954.0 27560.0 2 0.1908967511467791
1 0 0 1 0 0 1 1 1 0 1 0 0 0 0 0 1 0 1 1 1 1 1 1 0 1 1 0 1 1 0 1 1 1 1 0 0 1 1 0 0 1 1 0 0 0 1 0 1 0 0 0 1 1 0 1 0 1 0 0 1 0 0 1 0 0 0 1 0 1 1 1 0 1 1 1 1 1 1 1 0 0 0 0 1 0 0 0 0 0 1 1 1 0 1 1 1 1 0 0 27622.0 21752.0 27414.0 2 0.5223979519892393
1 0 1 0 1 0 1 0 1 1 0 1 1 0 0 1 0 1 0 0 0 1 1 1 0 1 1 0 1 1 0 1 1 1 1 0 0 1 1 0 0 1 1 1 0 0 1 0 1 0 0 0 1 1 0 1 0 1 0 0 0 0 0 1 0 1 1 1 0 1 0 1 0 0 0 1 1 0 1 0 1 0 1 0 1 0 0 0 1 0 0 1 1 1 0 1 1 1 1 0 27637.0 23506.0 27304.0 2 0.3151623315658282
0 0 1 0 0 0 0 0 0 1 1 0 1 0 0 0 0 1 1 1 1 1 1 1 0 1 1 0 1 1 0 1 1 1 1 1 1 0 1 0 1 1 1 1 0 1 1 0 0 1 0 0 1 0 0 0 0 0 1 0 0 1 1 1 0 1 0 0 0 1 0 0 1 0 0 1 1 1 1 1 0 0 0 0 1 0 0 0 0 0 1 1 1 0 1 1 1 1 0 0 26170.0 24958.0 26329.0 2 0.4694206080337703
1 0 0 1 0 0 1 1 1 0 1 0 1 0 1 1 1 1 0 1 0 0 1 0 1 0 0 1 1 0 0 0 0 0 0 1 1 0 1 0 1 1 1 1 0 1 1 0 0 1 0 0 1 1 0 0 0 0 1 0 0 1 0 1 0 0 0 1 0 1 1 1 0 1 1 1 1 1 1 1 0 0 0 0 1 0 0 0 0 0 1 1 1 0 1 1 0 1 1 1 27200.0 25083.0 25783.0 2 0.2611639574737032
1 0 0 1 0 0 1 1 1 0 1 0 1 0 1 1 1 1 0 1 0 0 1 0 1 0 0 1 1 0 1 0 0 0 0 0 1 0 1 0 1 1 1 1 0 1 1 0 1 1 0 0 1 0 0 0 0 0 1 0 0 1 1 1 0 1 1 0 0 1 0 0 0 1 1 1 1 1 1 1 0 0 0 0 1 0 0 0 1 0 1 1 0 0 1 1 1 1 0 0 25777.0 25706.0 25751.0 2 0.31752829727392584
1 0 0 1 0 0 1 1 1 0 1 0 1 0 1 1 1 1 0 1 0 0 1 0 1 0 0 1 1 0 0 0 0 0 0 1 1 0 1 0 1 1 1 1 0 1 1 0 0 1 0 0 1 1 0 0 0 0 1 0 0 1 0 1 0 0 0 1 0 1 1 1 0 1 1 1 1 1 1 1 0 0 0 0 1 0 0 0 0 0 1 1 1 0 1 1 1 1 0 0 25984.0 25937.0 24925.0 2 0.3224303619561893
1 0 0 1 0 0 1 1 1 0 1 0 1 0 1 1 1 1 0 1 0 0 1 0 1 0 0 1 1 0 1 0 0 0 0 0 1 0 1 0 1 1 1 1 0 1 1 0 1 1 0 0 1 0 0 0 0 0 1 0 0 0 1 1 0 1 1 0 0 1 1 0 1 0 1 0 1 0 0 1 1 0 1 0 1 1 0 0 1 1 0 1 1 1 0 1 1 1 0 0 27366.0 25606.0 24917.0 2 0.1450609127303071
1 0 0 1 0 0 1 1 1 0 1 0 1 0 1 1 1 1 0 1 0 0 1 0 1 0 0 1 1 0 1 0 0 0 0 1 1 0 1 0 1 1 1 1 0 1 1 0 1 1 0 0 1 0 0 0 0 0 1 0 0 0 1 1 0 1 1 0 0 1 0 0 0 1 1 1 1 1 1 1 0 0 0 0 1 0 0 0 0 0 1 1 0 0 1 1 1 1 0 0 25294.0 26371.0 24887.0 2 0.11539630451587136
1 0 0 1 0 0 1 1 1 0 1 0 1 0 1 1 1 1 0 1 0 0 1 0 1 0 0 1 1 0 1 0 0 0 0 1 1 0 1 0 1 1 1 1 0 1 1 0 1 1 0 0 1 0 0 0 0 0 1 0 0 0 1 1 0 1 1 0 0 1 0 0 1 0 0 1 1 1 1 1 0 0 0 0 1 0 0 0 0 0 1 1 1 0 1 1 1 1 0 0 25114.0 26386.0 24869.0 2 0.11611663935762748
1 0 0 1 0 0 1 1 1 0 1 0 1 0 0 1 1 1 0 1 0 0 0 0 1 0 0 1 1 0 0 0 0 0 0 1 1 0 1 0 1 1 1 1 0 1 1 1 1 1 1 1 1 0 0 0 1 0 0 0 0 0 1 1 0 1 0 0 0 1 1 0 1 0 1 0 1 0 0 1 1 0 1 0 1 1 0 0 1 1 0 1 1 1 0 1 1 1 0 0 26830.0 26536.0 24742.0 2 0.15907639908166976
1 0 0 1 0 0 1 1 1 0 1 0 1 0 1 1 1 1 0 1 0 0 1 0 1 0 0 1 1 0 1 0 0 0 0 1 1 0 1 0 1 1 1 1 0 1 1 0 1 1 0 0 1 0 0 0 0 0 1 0 0 0 0 1 0 0 0 1 0 1 1 1 0 1 1 1 0 1 1 1 0 0 0 0 1 0 0 0 0 0 1 1 1 1 1 1 1 1 0 0 26850.0 26664.0 24505.0 2 0.190084860962073
1 0 0 1 0 0 1 1 1 0 1 0 1 0 1 1 1 1 0 1 0 0 1 0 1 1 0 1 1 1 1 1 1 1 1 0 1 0 0 0 0 1 0 0 0 1 1 0 0 0 0 1 0 0 0 1 1 0 0 0 0 0 1 1 0 1 1 0 0 1 0 0 1 0 0 0 1 0 0 1 1 0 1 0 1 1 0 0 1 1 0 1 1 1 0 1 1 1 0 0 27452.0 25138.0 24426.0 2 0.19767776069964216
1 0 0 0 0 1 1 1 1 1 0 0 0 0 1 0 0 1 1 1 1 0 1 0 1 1 0 1 1 1 1 1 0 1 0 1 1 1 1 0 0 0 0 0 1 0 0 1 1 0 0 0 1 1 0 0 0 0 1 0 0 0 0 1 0 0 0 1 0 1 1 1 0 1 1 1 1 1 1 1 0 0 0 0 1 0 0 0 0 0 1 1 1 0 1 1 1 1 0 0 27777.0 23428.0 24109.0 2 0.1610102724383169
1 0 0 1 0 0 1 1 1 0 1 0 1 0 1 1 1 1 0 1 0 0 1 0 1 0 0 1 1 0 1 0 0 0 0 1 1 0 1 0 1 1 1 1 0 1 0 0 1 1 1 1 1 0 0 0 0 0 0 0 0 0 1 1 0 1 0 0 0 1 0 0 1 0 0 1 1 1 1 1 0 0 0 1 1 0 0 0 0 0 1 1 1 0 1 1 1 1 0 0 24270.0 26827.0 24071.0 2 1000000000000000.2
1 0 0 1 0 0 1 1 1 0 1 0 1 1 1 1 0 1 1 1 1 0 0 0 1 1 0 1 1 1 1 1 0 1 1 0 1 0 0 0 0 1 0 0 0 1 1 0 0 0 0 1 0 0 0 1 1 0 0 0 0 0 1 1 0 1 0 0 0 1 1 0 1 0 1 0 1 0 0 1 1 0 1 0 1 1 0 0 0 1 0 0 0 1 1 0 0 1 1 1 28192.0 23324.0 23990.0 2 1000000000000000.2
1 0 0 1 0 0 1 1 1 0 1 0 1 0 1 1 0 1 1 1 1 0 0 0 1 1 0 1 1 1 1 1 0 1 1 0 1 0 0 0 0 1 0 0 0 1 1 0 0 0 0 1 0 1 0 0 0 0 1 0 0 0 0 1 0 0 0 1 0 1 1 1 0 1 1 1 0 1 1 1 0 0 0 0 1 0 0 0 0 0 1 1 1 0 1 1 1 1 0 0 27733.0 24521.0 23948.0 2 0.11838290820256941
1 0 0 1 0 0 1 1 1 0 1 0 1 0 1 1 0 1 1 1 1 0 0 0 1 1 0 1 1 1 1 1 0 1 1 0 1 0 0 0 0 1 0 0 0 1 1 0 0 0 0 1 0 0 0 1 1 0 0 0 0 0 1 1 0 1 1 0 0 1 0 0 1 0 0 0 1 0 0 1 1 0 1 0 1 1 0 0 1 1 0 1 1 1 0 1 1 1 0 0 28013.0 24335.0 23740.0 2 0.34820204918704645
1 0 0 1 0 0 1 1 1 0 1 0 1 0 1 1 1 1 0 1 0 0 1 0 1 1 0 1 1 1 1 1 1 1 1 0 1 0 0 0 0 1 0 0 0 1 0 0 0 0 0 1 0 0 0 1 1 0 0 0 0 0 1 0 0 1 1 0 0 1 0 0 1 1 0 1 1 0 1 0 1 0 1 0 1 1 0 0 1 1 0 1 1 1 0 1 1 1 0 0 27584.0 25857.0 22866.0 2 1000000000000000.0
0 0 1 1 1 1 0 0 0 0 0 0 0 0 0 1 1 0 1 1 1 1 1 1 0 1 1 0 1 1 0 1 1 1 1 0 0 1 1 1 0 1 1 0 0 0 1 0 1 0 0 0 1 1 0 1 0 1 0 0 0 0 0 0 1 0 0 1 1 0 1 0 0 0 1 1 1 1 0 1 0 1 1 0 0 0 0 1 1 0 0 1 0 0 0 1 0 0 1 1 23716.0 17839.0 27896.0 3 2000000000000000.5
0 0 1 1 1 1 0 0 0 0 1 0 0 0 0 1 1 0 1 1 1 1 1 1 0 1 1 0 1 1 0 1 1 1 1 0 0 1 1 1 1 0 1 0 0 0 1 0 1 1 1 1 1 1 0 0 0 0 0 0 0 1 1 0 0 0 1 0 0 0 0 0 0 0 1 1 1 1 0 1 0 0 1 0 0 0 0 1 0 0 0 1 0 0 0 1 0 0 1 1 23499.0 18327.0 27859.0 3 1000000000000000.4
0 0 1 1 1 1 0 0 0 0 0 0 0 0 0 1 1 0 1 1 1 1 1 1 0 1 1 0 1 1 0 1 1 1 1 0 0 1 1 0 0 1 1 0 0 1 1 0 1 1 0 0 1 0 0 0 0 0 1 0 0 0 0 1 0 0 0 1 0 1 1 1 0 1 1 1 0 1 1 1 0 0 0 0 1 0 0 0 0 0 1 1 1 1 1 1 1 1 0 0 26174.0 23863.0 27483.0 3 0.11268827531014955
1 1 0 0 1 0 1 0 1 1 0 0 0 1 0 1 0 1 0 0 1 1 1 1 0 1 1 0 1 0 0 1 1 1 1 1 0 1 1 0 0 1 1 0 0 0 1 0 1 0 0 0 1 1 0 1 0 1 0 0 0 0 0 1 0 1 0 1 0 1 0 0 1 1 0 1 1 0 1 0 0 0 1 0 1 0 0 0 1 0 0 1 1 1 0 1 1 1 1 0 27066.0 22335.0 27467.0 3 0.25651601427441983
1 0 0 1 1 0 1 0 1 1 1 0 0 1 0 0 1 0 1 1 1 1 1 0 0 1 1 0 1 0 0 1 1 1 1 1 1 1 1 0 0 0 0 0 1 0 0 1 1 0 0 0 1 1 0 0 0 0 1 0 0 0 0 1 0 0 0 1 0 1 1 1 0 1 1 1 1 1 1 1 0 0 0 0 1 0 0 0 0 0 1 1 1 0 1 1 1 1 0 0 26911.0 22966.0 27084.0 3 0.10453010209999047
0 0 1 1 1 1 0 0 0 0 0 0 0 0 0 1 1 0 1 1 1 1 1 1 0 1 1 0 1 1 0 1 1 1 1 0 0 1 1 0 0 1 1 0 0 1 0 0 1 1 1 1 1 0 0 0 0 0 0 0 0 0 1 1 0 1 0 0 0 1 0 0 1 0 0 1 1 1 1 1 0 0 0 1 1 0 0 0 0 0 1 1 1 0 1 1 1 1 0 0 23594.0 24026.0 27049.0 3 0.0847588360113448
0 0 0 0 0 1 1 0 1 1 0 0 1 1 0 0 1 1 1 1 1 1 1 1 0 1 1 0 1 0 0 1 1 1 0 1 0 1 1 0 0 0 0 0 1 0 0 1 1 0 0 0 1 1 0 0 0 0 1 0 0 1 0 1 0 0 0 1 0 1 1 1 0 1 1 1 1 1 1 1 0 0 0 0 1 0 0 0 0 0 1 1 1 0 1 1 0 1 1 0 27164.0 20992.0 26863.0 3 0.24781524771306762
0 0 1 0 1 1 1 0 1 1 0 1 1 0 0 1 0 1 0 0 0 1 1 1 0 1 1 0 1 1 0 1 1 1 1 0 0 1 1 0 0 1 1 1 0 0 0 0 1 0 0 0 1 1 0 1 0 1 0 0 0 0 0 1 0 1 1 1 0 1 0 1 0 0 0 1 1 0 1 0 1 0 1 0 1 0 0 0 1 0 0 1 1 1 0 1 1 1 1 0 26927.0 22762.0 26611.0 3 0.13506884601414448
1 1 0 0 1 0 1 0 1 1 0 0 0 1 0 1 0 1 0 0 1 1 1 1 0 1 1 0 1 0 0 1 1 1 1 1 0 1 1 0 0 0 0 0 1 0 0 1 1 0 0 0 1 1 0 0 0 0 1 1 0 0 0 1 0 0 0 1 0 1 1 1 0 1 1 1 1 1 1 1 0 0 0 0 1 0 0 0 0 0 1 1 1 0 1 1 1 1 0 0 27210.0 22368.0 26398.0 3 0.08511875568128642
1 0 1 0 0 0 1 0 1 1 0 1 1 0 0 1 0 1 0 0 0 1 1 1 0 1 1 0 1 1 0 1 1 1 1 0 0 1 1 0 0 1 1 1 0 0 1 0 1 0 0 0 1 1 0 1 0 1 0 0 0 0 0 1 0 1 1 1 0 1 0 1 0 0 0 1 1 0 1 0 1 0 1 0 1 0 0 0 1 0 0 1 1 1 0 1 1 1 1 0 27261.0 22653.0 26367.0 3 0.0913660524021459
0 0 1 1 0 0 0 0 1 1 1 0 1 0 0 0 0 1 1 1 1 1 1 1 0 1 1 0 1 1 0 1 1 1 0 0 0 1 1 0 0 1 1 0 0 0 1 0 1 0 0 0 1 1 0 1 1 1 0 1 1 0 0 0 0 0 1 1 0 1 0 1 0 0 0 1 1 0 1 0 0 0 1 0 1 0 0 0 1 0 0 1 1 1 0 1 1 1 1 0 27567.0 20864.0 26125.0 3 0.4421965418355882
1 0 0 0 1 0 1 0 1 1 0 1 1 0 0 1 0 1 0 0 0 1 1 1 0 1 1 0 1 1 0 1 1 1 1 0 0 1 1 0 0 1 0 0 1 0 0 1 1 0 0 0 1 1 0 0 0 0 1 1 0 0 1 1 0 1 1 0 0 1 0 0 0 1 1 1 1 1 1 1 0 0 0 0 1 0 0 0 0 0 1 1 0 0 1 1 1 1 0 0 26175.0 23337.0 25770.0 3 0.10101892008002444
1 1 0 0 1 0 1 0 1 1 1 0 0 1 0 0 1 0 0 1 0 0 1 0 1 0 0 1 1 0 1 0 0 0 0 1 1 0 1 0 1 1 1 1 0 1 1 0 1 1 0 0 1 0 0 0 0 0 1 0 0 0 1 1 0 1 1 0 0 1 0 0 0 1 1 1 1 1 1 1 0 0 0 0 1 0 0 0 1 0 0 1 1 1 0 1 1 1 1 0 25972.0 24788.0 25744.0 3 0.19496343762275958
1 0 1 0 1 0 1 0 1 1 0 1 1 0 0 1 0 1 0 0 0 1 1 1 0 1 1 0 1 0 0 0 0 0 0 1 1 0 1 0 1 1 1 1 0 1 1 0 0 1 1 0 1 1 0 0 0 0 1 0 0 0 0 1 0 0 0 1 0 1 1 1 0 1 1 1 1 1 1 1 0 0 0 0 1 0 0 0 0 0 1 1 1 0 1 1 1 1 0 0 25508.0 24847.0 25574.0 3 0.22512304896652194
1 0 0 1 0 0 1 1 1 0 1 0 1 0 1 1 0 1 1 1 1 0 0 0 1 1 1 0 0 0 0 1 0 1 0 0 0 1 1 0 1 0 0 0 1 1 1 0 1 1 1 1 1 0 0 0 1 0 0 0 0 0 1 1 0 1 1 1 0 1 0 0 0 1 1 1 1 1 1 1 0 0 0 0 1 0 0 0 0 0 1 1 0 0 1 1 1 1 0 0 26703.0 23586.0 25543.0 3 0.0681234206714449
1 0 1 0 1 0 1 0 1 1 0 1 1 0 0 1 0 1 0 0 0 1 1 1 0 1 1 0 1 1 0 1 1 1 1 0 0 1 1 0 0 0 1 1 1 1 0 0 1 0 0 1 1 0 1 0 0 0 0 0 1 0 1 0 0 0 1 1 0 1 0 0 1 0 0 0 1 0 0 1 1 0 1 0 1 1 0 0 1 1 0 1 1 1 0 1 1 1 0 0 26258.0 23666.0 25516.0 3 0.17550935809945956
1 0 0 0 1 0 1 0 1 1 0 1 1 0 0 1 0 1 0 0 0 1 1 1 0 1 1 0 1 1 0 1 1 1 1 0 0 1 1 0 0 1 0 0 1 0 0 1 1 0 0 0 1 1 0 0 0 0 1 0 0 0 0 1 0 0 0 1 0 1 1 1 0 1 1 1 0 1 1 1 0 0 0 0 1 0 0 0 0 0 1 1 1 1 1 1 1 1 0 0 26856.0 23624.0 24928.0 3 0.13390676272210827
1 0 0 1 0 0 1 1 0 0 1 0 1 0 1 1 1 1 0 1 0 0 1 0 1 0 0 1 1 0 1 0 1 0 0 1 1 0 1 0 1 1 1 1 0 0 1 0 1 0 0 0 1 1 0 1 0 1 0 0 0 0 0 1 0 1 1 1 0 1 0 0 1 1 0 1 1 0 1 0 0 0 1 0 1 0 0 0 1 0 0 1 1 1 0 1 1 1 1 0 26070.0 24034.0 24905.0 3 0.11116115369689387
1 0 0 1 0 0 1 1 1 0 1 0 1 0 1 1 0 1 1 1 1 0 0 0 1 1 0 1 1 1 1 1 0 1 1 0 1 0 0 0 0 1 0 0 0 1 1 0 0 0 0 1 0 0 0 1 1 0 0 0 0 0 1 1 0 1 0 0 0 1 0 0 1 0 0 1 1 1 1 1 0 0 0 1 1 0 0 0 1 0 1 1 1 0 1 1 1 1 0 0 26613.0 25598.0 24595.0 3 0.15842040024411208
0 0 0 0 1 1 0 1 1 1 1 0 0 1 1 0 0 1 1 1 1 0 0 0 1 1 0 1 1 1 0 1 0 1 1 0 1 0 0 0 0 1 0 0 0 0 1 0 0 0 0 1 0 0 0 1 1 0 0 0 0 1 1 0 0 0 1 1 0 1 1 1 0 1 1 1 1 1 1 1 0 0 0 0 1 0 0 0 0 0 1 1 1 0 1 1 1 1 0 0 27131.0 23108.0 24417.0 3 0.09478612658877883
1 0 0 1 0 0 1 1 1 0 1 0 1 0 1 1 1 1 0 1 0 0 1 0 1 0 0 1 1 0 1 0 0 0 0 1 1 0 1 0 1 1 1 1 0 1 1 0 1 1 0 0 1 0 0 0 0 0 1 0 0 0 1 1 0 1 0 0 0 1 0 0 0 1 1 1 1 1 1 1 0 0 0 0 1 0 0 0 0 0 1 1 0 0 1 1 1 1 0 0 25000.0 26272.0 24231.0 3 0.5164082451086928
1 0 0 1 0 0 1 1 1 0 1 0 1 0 1 1 0 1 0 1 0 0 1 0 1 0 0 1 1 0 1 0 0 0 0 1 0 0 1 0 1 1 1 1 0 1 1 0 1 1 0 0 1 0 0 0 0 0 1 1 0 0 1 1 0 1 1 0 0 1 0 0 1 0 0 0 1 0 0 1 1 0 1 0 1 1 0 0 1 1 0 1 1 1 0 1 1 1 0 0 26730.0 25357.0 24181.0 3 0.15235633037230664
1 0 0 1 0 0 1 1 1 0 1 0 1 0 1 1 1 1 0 1 0 0 1 0 1 0 0 1 1 0 0 0 0 0 0 1 1 0 1 0 1 1 1 1 0 1 1 0 0 1 0 0 1 1 0 0 0 0 1 0 0 0 0 1 0 0 0 1 0 1 1 1 0 1 1 1 1 1 1 1 0 0 0 0 1 0 0 0 0 0 1 1 1 0 1 1 1 1 0 0 25571.0 25877.0 24009.0 3 0.21470098510135305
1 0 0 1 0 0 1 1 1 0 1 0 1 0 1 1 0 1 1 1 1 0 0 0 1 1 1 0 0 0 0 1 0 1 0 0 0 1 1 0 1 0 0 0 1 1 1 0 1 1 1 1 1 0 0 0 1 0 0 0 0 0 1 0 0 1 0 0 0 1 1 0 1 0 1 0 1 0 0 1 1 0 1 0 1 1 0 0 1 1 0 1 1 1 0 1 1 1 0 0 27114.0 23327.0 23876.0 3 0.08028119478978746
1 1 0 0 1 0 1 0 1 1 0 0 0 1 1 0 0 1 1 1 1 0 1 0 1 1 0 1 1 1 1 1 0 1 0 1 1 1 1 0 0 0 0 0 1 0 0 1 1 0 0 0 1 1 0 0 0 0 1 0 0 0 0 1 0 0 0 1 0 1 1 1 0 1 1 1 1 1 1 1 0 0 0 0 1 0 0 0 0 1 0 0 0 1 1 0 0 1 1 0 27823.0 23034.0 23723.0 3 1000000000000000.0
1 1 0 0 1 0 1 0 1 1 0 0 0 1 0 1 0 1 1 1 1 0 0 0 1 1 0 1 1 1 1 1 0 1 1 0 1 0 0 0 0 1 0 0 0 1 1 0 1 0 1 1 0 0 0 1 1 0 0 0 0 0 1 0 0 1 1 0 0 1 0 0 1 1 0 1 1 0 1 0 1 1 0 0 1 1 0 0 0 1 0 0 0 1 1 0 0 1 1 1 27504.0 23994.0 23634.0 3 0.12483496057644551
1 0 0 1 0 0 1 1 1 0 1 0 1 0 1 1 1 1 0 1 0 0 1 0 1 1 0 1 1 1 1 1 0 1 1 0 1 0 0 0 0 1 0 0 0 1 1 0 0 0 0 1 0 0 0 1 0 0 0 0 1 0 1 0 0 0 1 1 1 1 0 1 0 0 0 1 1 0 1 0 0 0 1 0 1 0 0 0 1 0 0 1 1 1 0 1 1 1 0 0 27230.0 24211.0 23359.0 3 0.1959163308995952
1 0 0 1 0 0 1 1 1 0 1 0 1 0 1 1 1 1 0 1 0 0 1 0 1 1 0 1 1 1 1 1 0 1 1 0 1 0 0 0 0 1 0 0 0 1 1 0 0 0 0 1 0 0 0 1 1 0 0 0 0 0 1 1 0 1 1 0 0 1 0 0 1 1 0 1 1 0 1 0 1 0 0 0 1 0 0 0 0 0 1 1 1 0 1 1 1 1 0 0 26454.0 25657.0 22919.0 3 0.18697099542643025
0 0 0 1 0 0 1 1 1 0 1 0 1 0 1 1 1 1 0 1 0 0 1 0 1 1 0 1 1 1 1 1 1 1 1 0 1 0 0 0 0 1 0 0 0 1 0 0 0 0 0 1 0 0 0 1 1 0 0 0 0 0 1 0 0 1 1 0 0 1 0 0 1 1 0 1 1 0 1 0 1 0 1 0 1 1 0 0 1 1 0 1 1 1 0 1 1 1 0 0 27268.0 25701.0 22673.0 3 0.2498092711443866
1 0 0 1 0 0 1 1 1 0 1 0 1 0 1 1 0 1 1 1 1 0 0 0 1 1 0 1 1 1 1 1 0 1 1 0 1 0 0 0 0 1 0 0 0 1 1 0 0 0 0 1 0 0 0 1 1 0 0 0 0 0 1 0 0 1 1 0 0 1 0 0 1 1 0 1 1 0 1 0 1 1 0 0 1 1 0 0 0 1 0 0 0 1 1 0 0 1 1 1 27733.0 23971.0 21678.0 3 0.36663763736544114
1 0 0 1 0 0 1 1 1 0 1 0 1 0 1 1 1 1 0 1 0 0 1 0 1 0 0 1 1 1 1 0 0 0 0 1 1 0 1 0 1 1 1 1 0 1 0 0 0 0 0 1 0 0 0 1 1 0 0 0 0 0 1 0 0 1 1 0 0 1 0 0 1 1 0 1 1 0 1 0 1 0 0 0 1 1 0 0 0 0 0 1 1 1 0 1 1 1 1 0 25981.0 26482.0 20516.0 3 2000000000000000.0
0 0 1 1 1 1 0 0 0 0 0 0 0 0 0 1 1 0 1 1 1 1 1 1 0 1 1 0 1 1 0 1 1 1 1 0 0 1 1 0 0 1 1 0 0 0 1 0 1 0 0 0 1 1 0 1 0 1 0 0 1 0 0 1 0 0 0 1 0 1 1 1 0 1 1 1 1 1 1 1 0 0 0 0 1 0 0 0 0 0 1 1 1 0 1 1 1 1 0 0 25922.0 21819.0 27328.0 4 1000000000000000.2
1 0 0 1 0 0 1 1 1 0 1 0 1 0 1 1 1 1 0 1 0 0 1 0 1 0 0 1 1 0 0 0 0 0 0 1 1 0 1 0 1 1 1 1 0 1 1 0 0 1 0 0 1 0 0 0 0 0 1 0 0 0 1 1 0 1 1 0 0 1 0 0 0 1 1 1 1 1 1 1 0 0 0 0 1 0 0 0 1 0 1 1 0 0 1 1 1 1 0 0 24359.0 25785.0 24184.0 4 1000000000000000.2
1 0 0 1 0 0 1 1 1 0 1 0 1 0 1 1 1 1 0 1 0 0 1 0 1 0 0 1 1 1 1 0 0 0 0 1 1 0 1 0 1 1 1 1 0 1 1 0 1 1 0 0 1 0 0 0 0 0 1 0 0 0 1 1 0 1 1 0 0 1 0 0 1 0 0 0 1 0 1 1 0 0 0 0 1 0 0 0 0 0 1 1 1 0 1 1 1 1 0 0 24689.0 26252.0 24040.0 4 1000000000000000.2
1 0 0 0 0 1 1 1 1 1 0 0 0 0 1 0 0 1 1 1 1 0 1 0 1 1 0 1 1 1 1 1 0 1 0 1 1 1 1 0 0 0 0 0 1 0 0 1 1 0 0 0 1 1 0 0 0 0 1 0 0 0 0 1 0 0 0 1 0 1 1 1 0 1 1 1 1 1 1 1 0 0 0 0 1 0 0 0 0 1 0 0 0 1 1 0 0 1 1 0 27555.0 22146.0 22709.0 4 1000000000000000.2
1 0 0 1 0 0 1 1 1 0 1 0 1 0 1 1 1 1 0 1 0 0 1 0 1 1 0 1 1 1 1 1 1 0 1 0 1 0 0 0 0 1 0 0 0 1 0 0 0 0 0 1 0 0 0 1 1 0 0 0 0 0 1 0 0 1 1 0 0 1 0 0 1 1 0 1 1 0 1 0 1 0 0 0 1 1 0 0 1 0 0 1 1 1 0 1 1 1 1 0 27023.0 25077.0 21564.0 4 1000000000000000.2
0 0 1 0 0 1 1 0 1 0 0 1 1 1 0 0 0 1 1 1 1 1 1 1 0 1 1 0 1 1 0 1 1 1 1 0 0 1 1 0 0 1 1 0 0 0 1 0 1 0 0 0 1 1 0 1 0 1 0 1 1 0 0 0 0 0 1 1 0 1 0 1 0 0 0 1 1 0 1 0 0 0 1 0 1 0 0 0 1 0 0 1 1 0 0 1 1 1 1 0 26884.0 20742.0 25783.0 4 1000000000000000.1
1 0 0 1 0 0 1 1 1 0 1 0 1 0 1 1 1 1 0 1 0 0 1 0 1 0 0 1 1 0 0 0 0 0 0 1 1 0 1 0 1 1 1 1 0 1 1 0 1 1 1 1 1 0 0 0 1 0 0 0 0 0 1 1 0 1 0 0 0 1 1 0 1 0 1 0 1 0 0 1 1 0 1 0 1 1 0 0 0 1 0 0 0 1 1 0 0 1 1 0 25301.0 25128.0 23502.0 4 0.2870183074382101
1 0 1 0 1 0 1 0 1 1 0 1 1 0 0 1 0 1 0 0 0 1 1 1 0 1 1 0 1 0 0 1 1 1 1 1 1 0 1 0 1 1 1 1 0 1 1 0 0 1 0 0 1 1 0 0 0 0 0 0 0 0 0 1 0 0 0 1 0 1 0 0 1 1 0 1 1 0 1 0 1 0 0 0 0 1 0 0 0 0 1 1 1 0 1 1 1 1 0 0 25751.0 24459.0 24747.0 4 0.27853768787576144
0 0 1 1 1 0 1 1 1 0 1 0 1 0 1 1 1 1 0 1 0 0 1 0 1 1 0 1 1 0 1 1 0 1 1 0 1 0 0 0 0 1 0 0 1 1 1 0 0 0 0 1 0 0 0 1 1 0 0 0 0 0 1 0 0 1 1 0 0 1 0 0 1 1 0 1 1 0 1 0 1 0 0 0 1 1 0 0 0 1 0 0 0 1 1 0 0 1 1 1 26413.0 25084.0 22210.0 4 0.24685685514897687
1 1 0 0 1 0 1 0 1 1 0 0 0 1 0 1 1 0 1 1 1 1 1 1 0 1 1 0 1 1 0 1 1 1 1 0 0 0 1 0 0 1 1 0 0 1 0 0 1 1 1 1 1 0 0 0 0 0 0 0 0 0 1 1 0 1 0 0 0 1 0 0 1 0 0 1 1 1 1 1 0 0 0 0 1 0 0 0 0 0 1 0 1 0 1 1 1 1 0 0 25206.0 23784.0 27180.0 4 0.24059949015445853
1 1 0 0 1 0 1 0 1 1 0 0 0 1 0 1 0 1 1 1 1 0 0 0 1 1 0 1 1 1 1 1 0 1 1 0 1 0 0 0 0 1 0 0 0 1 1 0 1 0 1 1 0 0 0 1 1 0 0 0 0 0 1 0 0 1 1 0 0 1 0 0 1 1 0 1 1 0 1 0 1 1 0 0 1 1 0 0 0 1 0 0 0 1 1 0 0 1 0 1 26600.0 23984.0 23062.0 4 0.2293621125004298
1 0 0 1 0 0 0 1 1 0 0 0 0 0 0 1 1 0 1 0 1 1 1 1 0 1 1 0 1 1 0 1 1 1 1 1 1 0 1 0 1 1 1 1 0 1 1 0 0 1 0 0 1 0 0 0 0 0 1 0 0 1 1 1 0 1 0 0 0 1 0 0 1 0 0 1 1 1 1 1 0 0 0 0 1 0 0 0 0 0 1 1 1 0 1 1 0 1 0 0 25533.0 23777.0 27040.0 4 0.2241583049693221
