1 0 1 1 0 0 1 1 1 1 0 1 1 1 0 0 1 0 1 0 0 0 1 1 0 1 1 0 1 1 1 1 1 1 1 1 1 0 1 0 0 1 1 0 0 1 1 0 1 1 0 0 1 1 0 0 0 1 1 0 0 0 1 1 0 1 1 1 0 1 0 0 1 0 0 1 1 0 0 1 1 0 1 0 0 1 0 1 1 1 0 1 1 0 1 1 1 1 0 0 31161.0 25649.0 32691.0 0 2000000000000000.0
1 0 0 1 0 0 1 1 1 1 0 1 1 1 0 0 1 0 1 0 0 0 1 1 1 1 1 0 1 1 0 1 1 1 1 1 1 0 1 0 0 1 1 0 0 1 1 0 1 1 0 0 1 1 0 0 0 1 1 0 0 0 1 1 0 1 1 1 0 1 0 0 1 1 0 1 1 0 0 1 1 0 1 0 0 1 1 0 1 0 0 1 1 1 1 1 1 1 0 0 32310.0 26901.0 32409.0 0 0.2838263170411839
0 0 1 0 1 1 1 1 1 1 0 1 1 1 0 0 1 0 1 0 0 0 1 1 1 1 1 0 1 1 0 1 1 1 1 1 1 0 1 0 0 1 1 0 0 1 1 0 1 1 0 0 1 1 0 0 0 1 1 0 0 0 1 1 0 1 1 1 0 1 0 0 1 1 0 1 1 0 0 1 1 0 1 0 0 1 1 0 1 0 0 0 1 1 1 1 1 1 0 0 31873.0 27176.0 32278.0 0 0.33153554566029336
1 0 1 1 1 0 1 0 1 1 0 1 1 1 0 0 1 1 1 0 0 0 1 1 1 1 1 0 1 1 0 1 1 1 0 1 1 0 1 0 0 1 0 1 0 1 1 0 1 1 1 1 1 0 0 0 0 1 1 0 0 0 1 1 0 0 1 1 0 1 0 0 1 0 0 0 1 0 0 1 1 0 1 0 0 1 1 0 1 0 0 1 1 1 1 1 1 1 0 0 30416.0 28481.0 31920.0 0 0.3254008512807121
1 0 1 1 0 1 1 1 1 1 0 1 1 1 0 1 1 0 1 0 0 0 1 1 1 1 1 0 1 1 0 1 1 1 1 1 1 0 1 0 0 1 1 1 0 1 1 0 1 1 0 0 1 0 0 0 0 0 1 0 0 0 1 1 0 0 1 1 0 1 0 0 1 0 0 0 1 0 0 1 1 0 1 0 0 1 0 0 1 1 1 1 1 1 1 1 1 1 0 0 30766.0 27721.0 31846.0 0 0.1672196454349808
1 0 1 1 1 0 1 0 1 1 0 1 1 1 0 0 1 1 1 0 0 0 1 1 1 1 1 0 1 1 0 1 1 1 0 1 1 0 1 0 0 1 1 1 0 1 1 0 1 1 1 1 1 0 0 0 0 1 1 0 0 0 1 1 0 0 1 1 0 1 0 0 1 0 0 0 1 0 0 1 1 0 0 0 1 0 0 0 1 0 0 1 1 1 1 1 1 1 0 0 29640.0 28971.0 31553.0 0 0.4410833673281829
1 0 1 0 1 0 1 0 1 1 0 1 1 1 0 1 0 1 1 1 1 0 0 0 1 1 1 1 1 1 1 1 1 1 0 1 1 0 1 0 1 1 1 1 0 1 1 0 1 1 0 0 1 0 0 0 0 1 1 0 1 1 1 1 0 0 1 1 0 1 0 0 1 0 0 0 1 0 0 1 0 0 0 0 1 0 0 0 1 0 0 1 1 1 1 1 1 1 0 0 30890.0 27706.0 31400.0 0 0.19434541503466873
1 0 1 1 0 1 1 1 1 1 0 1 1 1 0 1 1 0 1 0 0 0 1 1 1 1 1 0 1 1 0 1 1 1 1 1 1 0 1 0 0 1 1 1 0 1 1 0 1 1 1 1 1 0 0 0 0 1 1 0 0 0 1 1 0 0 1 0 0 1 0 0 1 0 0 0 1 1 1 1 0 0 0 0 1 0 0 0 0 0 0 1 1 0 1 1 1 1 1 0 28535.0 29117.0 31230.0 0 1000000000000000.0
1 0 1 1 0 0 1 1 1 0 0 1 1 1 0 1 1 0 1 0 0 0 1 1 1 1 1 0 1 1 0 1 1 1 1 1 1 1 1 0 1 1 1 1 1 1 1 0 1 1 1 1 1 0 0 0 0 0 1 0 1 1 1 1 0 0 1 1 0 1 0 0 1 0 0 0 1 0 0 1 1 0 0 0 0 0 0 0 1 0 0 1 1 1 1 1 1 1 0 0 31844.0 29123.0 31155.0 0 0.45859252920005855
1 0 1 1 0 0 1 1 1 1 0 1 1 1 0 1 1 0 1 0 0 0 1 1 1 1 1 0 1 1 0 1 1 1 1 1 1 0 1 0 1 1 1 1 0 1 1 0 1 1 0 0 0 0 0 0 0 0 1 0 0 0 0 1 0 1 0 1 0 1 0 0 0 1 1 1 1 1 1 1 1 0 1 0 0 1 0 0 1 0 0 1 1 1 1 1 1 1 0 0 32388.0 28868.0 30442.0 0 0.2738966902761978
1 0 0 1 0 0 1 1 1 0 1 0 1 1 0 1 1 1 0 1 0 1 1 0 1 1 0 1 1 1 1 1 0 1 0 1 1 0 1 0 1 1 1 1 1 1 1 0 1 1 1 1 1 0 0 0 0 0 1 0 1 1 1 1 0 0 1 1 0 1 0 0 1 0 0 0 1 0 0 1 1 0 0 0 0 0 0 0 1 0 0 1 1 1 1 1 1 1 0 0 32459.0 30452.0 30120.0 0 0.3145362621768183
1 0 0 1 1 0 1 1 1 0 1 1 1 1 0 0 1 1 0 1 0 0 1 0 1 0 0 1 1 1 1 1 1 1 1 1 1 1 1 0 0 1 1 1 0 1 1 0 1 1 1 1 1 0 0 0 0 1 1 0 0 0 1 1 0 0 0 1 0 1 0 0 1 0 0 0 1 0 0 1 1 0 0 0 1 1 1 0 1 0 0 1 1 1 1 1 1 1 0 0 30537.0 31130.0 30102.0 0 0.21678794959865266
1 0 0 0 0 0 1 1 1 1 1 1 1 1 0 1 0 1 0 1 1 0 0 0 1 1 1 1 1 1 1 1 1 1 0 1 1 0 1 0 1 1 1 1 0 1 1 0 1 1 0 1 1 0 0 0 0 0 1 0 0 0 1 1 0 1 1 1 0 1 0 0 1 0 0 0 1 0 0 1 1 0 1 0 0 1 0 0 1 0 1 1 1 1 1 1 0 1 0 0 32622.0 27789.0 29745.0 0 0.27977057560140356
0 0 1 0 0 0 1 1 1 0 1 1 1 1 0 1 0 1 0 1 1 0 0 0 1 1 1 1 1 1 1 1 1 1 0 1 1 0 1 0 1 1 1 1 0 1 1 0 1 1 0 1 1 0 0 0 0 0 1 0 0 0 1 1 0 0 1 1 0 1 0 0 1 0 0 0 1 0 0 1 1 0 1 0 0 1 0 0 1 1 1 1 1 1 1 1 1 1 0 0 32510.0 28831.0 29412.0 0 0.16190371972168152
1 0 0 1 0 0 1 1 1 0 1 0 1 1 0 1 1 1 0 1 0 1 1 0 1 0 0 1 1 1 1 1 0 1 0 1 1 0 1 0 1 1 1 1 1 1 1 0 1 1 0 1 1 0 0 0 0 0 1 0 0 0 1 1 0 0 1 1 0 1 0 0 1 0 0 0 1 0 0 1 1 1 0 0 1 0 0 0 1 0 0 1 1 1 1 1 1 1 0 0 30950.0 30729.0 29099.0 0 0.263839406744917
1 0 0 0 0 0 1 1 1 0 1 1 1 1 0 1 0 1 0 1 1 0 0 0 1 1 1 1 1 1 1 1 1 1 0 1 1 0 1 0 1 1 1 1 0 1 1 0 1 1 0 1 1 0 0 0 0 0 1 0 0 0 1 1 0 0 1 1 0 1 0 0 1 0 0 0 1 0 0 1 1 0 1 0 0 1 0 0 0 1 0 1 1 1 1 1 1 1 0 1 32525.0 28400.0 28920.0 0 0.17888255323989982
1 0 1 0 0 0 1 1 1 0 1 1 1 1 0 1 0 1 0 1 1 0 0 0 1 1 1 1 1 1 1 1 1 1 0 1 1 0 1 0 1 1 1 1 0 1 1 0 1 1 1 1 1 0 0 0 0 0 1 0 0 0 1 1 0 0 1 0 0 1 0 0 1 0 0 0 1 1 1 1 0 0 0 0 1 1 0 0 1 0 1 1 1 1 1 1 1 1 0 0 31170.0 30491.0 28885.0 0 0.14879105622039165
1 0 0 1 0 0 1 1 1 0 1 1 1 1 0 0 1 1 0 1 0 0 1 0 1 0 0 1 1 1 1 1 1 1 1 1 1 0 0 0 0 1 1 0 0 1 1 0 1 1 0 1 1 0 0 0 0 0 1 0 0 0 1 1 0 1 1 0 0 1 0 0 1 1 0 1 1 1 1 0 1 1 0 0 1 1 1 0 1 0 0 1 1 1 1 1 1 1 0 0 31500.0 31137.0 28770.0 0 0.21763707513049188
1 0 0 0 0 0 1 1 1 0 1 1 1 1 1 1 0 1 0 1 1 0 0 0 1 1 1 1 1 1 1 1 1 1 0 1 1 0 1 0 1 1 1 1 0 1 1 0 1 1 0 1 1 0 0 0 0 0 1 0 0 0 1 1 0 0 1 1 0 1 0 0 1 0 0 0 1 0 0 1 1 0 1 0 0 1 0 0 1 0 0 1 1 1 1 1 1 1 0 0 32646.0 28801.0 28756.0 0 0.24363340391703475
1 0 1 1 0 0 1 1 1 0 1 0 1 0 0 1 1 1 1 1 0 0 1 0 1 0 0 1 1 1 1 1 0 1 0 1 1 0 1 0 1 1 1 1 0 1 1 0 1 1 0 1 1 0 0 0 0 0 1 0 0 0 1 1 0 1 1 0 0 1 0 0 1 0 0 0 1 1 1 1 0 0 0 1 1 1 0 0 1 0 0 1 1 1 1 1 1 1 0 0 28994.0 31413.0 28435.0 0 0.504139692637425
1 0 0 0 0 0 1 1 1 0 1 1 1 1 1 1 0 1 0 1 1 0 0 0 1 1 1 1 1 1 1 1 1 1 0 1 1 0 0 0 0 1 0 0 0 1 1 0 1 1 0 0 1 0 0 0 0 0 1 0 0 0 1 1 0 1 1 1 0 1 0 0 1 0 0 1 1 0 1 1 1 0 1 0 0 1 0 0 1 0 0 1 1 1 0 1 1 1 1 0 33165.0 26638.0 28133.0 0 1000000000000000.4
1 0 0 1 0 0 0 1 1 0 1 0 1 1 0 1 1 1 0 1 0 1 1 0 1 0 0 1 1 1 1 1 0 1 0 1 1 0 1 0 1 1 1 1 1 1 1 0 1 1 0 1 1 0 0 0 0 0 1 0 0 0 1 1 0 0 1 0 0 1 0 0 1 0 0 0 1 1 1 0 1 1 0 0 1 1 1 0 1 0 0 1 1 1 1 1 1 1 0 0 30429.0 31981.0 27978.0 0 2000000000000000.0
1 0 1 0 1 0 1 0 1 1 0 1 1 1 0 0 1 0 1 0 0 0 1 1 0 1 1 0 1 1 1 1 1 1 1 1 1 0 1 0 0 1 1 0 0 1 1 0 1 1 0 0 1 1 0 0 0 1 1 0 0 0 1 1 0 1 1 1 0 1 0 0 1 0 0 1 1 0 0 1 1 0 1 0 0 1 0 1 1 1 0 1 1 0 1 1 1 1 0 0 30081.0 25213.0 32429.0 1 2000000000000000.0
1 0 0 1 0 0 1 1 1 1 0 1 1 1 0 0 1 0 1 0 0 0 1 1 0 1 1 0 1 1 1 1 1 1 1 1 1 0 1 0 0 1 1 0 0 1 1 0 1 1 0 0 1 1 0 0 0 1 1 0 0 0 1 1 0 1 1 1 0 1 0 0 1 0 0 1 1 0 0 1 1 0 1 0 0 1 0 1 1 1 0 1 1 0 1 1 1 1 0 0 30920.0 25291.0 32409.0 1 0.34121470379449226
1 0 0 1 0 0 1 1 1 1 0 1 1 1 0 0 0 0 1 0 0 0 1 1 0 1 1 0 1 1 1 1 1 1 1 1 1 0 1 0 0 1 1 0 0 1 1 0 1 1 0 1 1 1 0 0 0 1 1 0 0 0 1 1 0 1 1 1 0 1 0 0 1 0 0 1 1 0 0 1 1 0 1 0 0 1 0 1 1 0 0 1 1 1 1 1 1 1 0 0 32017.0 26673.0 32129.0 1 0.4283216761582434
0 0 1 0 1 1 1 0 1 1 1 1 1 0 0 1 1 0 1 0 1 0 1 1 1 1 1 0 1 1 0 1 1 1 1 1 1 0 1 0 1 1 1 1 0 1 1 0 1 1 0 0 1 0 0 0 0 1 1 0 0 0 1 1 0 0 0 1 0 1 0 0 1 0 0 0 1 0 0 1 1 0 0 0 1 1 1 0 1 0 0 1 1 1 1 1 1 1 0 0 29662.0 27726.0 31646.0 1 0.20213087128131252
0 0 1 0 1 1 1 0 1 1 0 1 1 1 0 0 1 1 1 0 0 0 1 1 1 1 1 0 1 1 0 1 1 1 1 1 1 0 1 0 0 1 1 1 0 1 1 0 1 1 1 1 1 0 0 0 0 1 1 0 0 0 1 1 0 0 1 1 0 1 0 0 1 0 0 0 1 0 0 1 1 0 1 0 0 1 0 0 1 0 1 1 1 1 1 1 0 1 0 0 29961.0 27490.0 31560.0 1 0.09127197180814886
1 0 1 1 1 0 1 0 1 1 0 1 1 1 0 0 1 1 1 0 0 0 1 1 1 1 1 0 1 1 0 1 1 1 0 1 1 0 1 0 0 1 1 1 0 1 1 0 1 1 0 0 1 0 0 0 0 1 1 0 0 0 1 1 0 0 1 1 0 1 0 0 1 0 0 0 1 0 0 1 1 0 1 0 0 1 0 0 1 1 0 1 1 1 1 1 1 1 0 0 30005.0 27499.0 31443.0 1 0.07133703920376679
1 0 0 1 0 1 1 1 1 0 1 0 1 1 0 0 1 0 1 0 0 0 1 1 0 1 1 1 1 1 1 1 1 1 1 1 1 0 1 0 0 1 1 0 0 1 1 0 1 1 1 0 1 1 0 0 0 1 1 0 0 0 1 1 0 1 1 1 0 1 0 0 1 0 0 0 1 0 0 1 1 0 1 0 1 1 1 0 0 0 0 1 1 1 0 1 1 1 0 0 30665.0 26801.0 31404.0 1 0.09743141982078254
1 0 0 1 0 0 1 1 1 1 0 1 1 1 0 0 1 0 1 0 0 0 1 1 1 1 1 0 1 1 0 1 1 1 1 1 1 0 1 0 0 1 1 0 0 1 1 0 1 1 0 0 1 1 0 0 0 1 1 0 0 0 1 1 0 1 1 1 0 1 0 0 1 1 0 1 1 0 0 1 1 0 0 0 1 0 0 0 1 0 0 1 1 1 1 1 1 1 0 0 31077.0 26977.0 31393.0 1 0.1417674328947875
1 0 1 1 0 0 1 1 1 1 0 1 1 1 0 1 1 0 1 0 0 0 1 1 1 1 1 0 1 1 0 1 1 1 1 1 1 0 1 0 1 1 1 1 0 1 1 0 1 1 0 0 1 0 0 0 0 0 1 0 0 0 1 1 0 0 1 1 0 1 0 0 1 0 0 0 1 0 0 1 1 0 1 0 0 1 0 0 1 0 1 1 1 1 1 1 1 1 0 0 30762.0 27494.0 31308.0 1 0.04341473915949125
1 0 1 1 0 0 1 1 1 1 0 1 1 1 0 1 1 0 1 0 0 0 1 1 1 1 1 0 1 1 0 1 1 1 1 1 1 0 1 0 0 1 1 1 0 1 1 0 1 1 0 0 1 0 0 0 0 0 1 0 0 0 1 1 0 0 1 1 0 1 0 0 1 0 0 0 1 0 0 1 1 0 0 0 1 1 1 0 1 0 0 1 1 1 1 1 1 1 0 0 30368.0 28102.0 31285.0 1 0.06261086171602286
1 0 1 1 0 0 1 1 1 1 0 1 1 1 0 1 1 0 1 0 0 0 1 1 1 1 1 0 1 1 0 1 1 1 1 1 1 0 1 0 0 1 0 0 0 1 1 0 1 1 0 0 1 0 0 0 0 0 1 0 0 0 1 1 0 1 1 1 1 1 0 0 1 0 0 1 1 0 1 1 1 0 1 0 1 0 0 0 0 0 0 1 1 1 1 1 1 1 0 0 30795.0 27597.0 31229.0 1 0.07467326563314397
1 0 1 1 0 0 1 1 1 0 1 0 1 1 0 0 1 0 1 0 0 0 1 1 1 1 1 1 1 1 1 1 1 1 1 1 1 1 1 0 0 1 1 1 0 1 1 0 1 1 1 1 1 0 0 0 0 0 1 0 0 1 1 1 0 0 1 1 0 0 0 0 1 0 0 0 1 0 0 1 1 0 0 0 1 0 0 0 1 0 0 1 1 1 1 1 1 1 0 0 30307.0 28106.0 31135.0 1 0.058836461004572266
1 0 0 1 0 0 1 1 1 1 0 1 1 1 0 1 1 0 1 0 0 0 1 1 1 1 1 0 1 1 0 1 1 1 1 1 1 0 1 0 1 1 1 1 0 1 1 0 1 1 0 0 1 0 0 0 0 0 1 0 0 0 1 1 0 1 1 1 0 1 0 0 1 0 0 0 1 0 0 1 1 0 1 0 0 1 0 0 1 0 1 1 1 1 1 1 1 1 0 0 30813.0 27265.0 31128.0 1 0.11801096196937877
1 0 1 0 1 0 1 0 1 1 0 1 1 1 0 1 0 1 1 1 1 0 0 0 1 1 1 1 1 1 1 1 1 1 0 1 1 0 1 0 1 1 1 1 0 1 1 0 1 1 0 0 1 0 0 0 0 1 1 0 0 0 1 1 0 0 1 1 0 1 0 0 1 0 0 0 1 0 0 1 1 0 1 0 0 1 0 0 1 1 0 1 1 1 1 1 1 1 0 0 31783.0 28215.0 31018.0 1 0.11665048606743562
1 0 1 1 1 0 1 0 1 1 0 1 1 1 0 0 1 1 1 0 0 0 1 1 1 1 1 0 0 1 0 1 1 1 0 1 1 0 1 0 0 1 1 1 0 1 1 0 1 1 1 1 1 0 0 0 0 0 1 0 0 0 1 1 0 0 1 1 0 1 0 0 1 0 0 0 1 0 0 1 1 1 0 0 1 0 0 0 1 0 0 1 1 1 1 1 1 1 0 0 29630.0 28580.0 30932.0 1 0.13900095446220412
1 0 1 1 0 0 1 1 1 1 0 1 1 1 0 1 1 0 1 0 0 0 1 1 1 1 1 0 1 1 0 1 1 1 1 1 1 0 1 0 0 1 0 0 0 1 1 0 1 1 0 0 1 0 0 0 0 0 1 0 0 0 1 1 0 1 1 1 0 1 0 0 1 0 0 1 1 0 1 1 1 0 1 0 0 1 0 0 1 0 0 1 1 1 0 1 1 1 1 0 32146.0 26837.0 30792.0 1 0.06512461734938971
1 0 1 1 0 1 1 1 1 1 0 1 1 1 0 1 1 0 1 0 0 0 1 1 1 1 1 0 1 1 0 1 1 1 1 1 1 0 1 0 0 1 1 1 0 1 1 0 1 1 0 0 0 0 0 0 0 0 1 0 0 0 0 1 0 1 0 1 0 1 0 0 0 1 1 1 1 1 1 1 1 0 1 0 0 1 0 0 1 0 0 1 0 1 1 1 1 1 0 0 31177.0 28652.0 30754.0 1 0.08177870564733747
1 0 1 1 1 0 1 0 1 1 0 1 1 1 0 0 1 1 1 0 0 0 1 1 1 1 1 0 1 1 0 1 1 1 0 1 1 0 1 0 0 1 1 1 0 1 1 0 1 1 1 1 1 0 0 0 0 1 1 0 0 0 1 1 0 0 1 0 0 1 0 0 1 0 0 0 1 1 1 1 0 0 0 0 1 0 0 0 0 0 0 1 1 0 1 1 1 1 1 0 27895.0 28832.0 30631.0 1 0.27162158175733103
1 0 1 1 0 0 1 1 1 0 0 1 1 1 0 0 1 0 1 0 0 0 1 1 1 1 1 0 1 1 0 1 1 1 1 1 1 1 1 0 1 1 1 1 1 1 1 0 1 1 1 1 1 0 0 0 0 0 1 0 1 1 1 1 0 0 1 1 0 1 0 0 1 0 0 0 1 0 0 1 1 0 0 0 0 0 0 0 1 0 0 1 1 1 1 1 1 1 0 0 31432.0 28285.0 30419.0 1 0.16810752835103351
0 0 1 0 1 0 1 0 1 1 0 1 1 0 0 1 1 1 1 1 0 0 1 0 1 1 0 1 1 1 1 1 1 1 0 1 1 0 1 0 1 1 1 1 0 1 1 0 1 1 0 1 1 0 0 0 0 0 1 0 0 0 1 1 0 0 1 1 0 1 0 0 1 0 0 0 1 0 0 1 1 0 1 0 0 1 0 0 1 0 1 1 1 1 1 1 1 1 0 0 29930.0 28855.0 30323.0 1 0.13667886514368444
1 0 1 1 0 0 1 1 1 0 0 1 1 1 0 0 1 0 1 0 0 0 1 1 1 1 1 0 1 1 0 1 1 1 1 1 1 1 1 0 1 1 1 1 1 1 1 0 1 1 0 1 1 0 0 0 0 0 1 0 0 0 1 1 0 0 1 1 0 1 0 0 1 0 0 0 1 0 0 1 1 1 0 0 1 0 0 0 1 0 0 1 1 1 1 1 1 1 0 0 30768.0 28678.0 30119.0 1 0.08319243315966937
1 0 1 1 0 0 1 1 1 1 0 1 1 1 0 1 1 0 1 0 0 1 1 0 1 0 0 1 1 1 1 1 0 1 0 1 1 0 1 0 1 1 1 1 1 1 1 0 1 1 0 1 1 0 0 0 0 0 1 0 0 0 1 1 0 0 1 1 0 1 0 0 1 0 0 0 1 0 0 1 0 1 0 0 1 0 0 0 1 0 0 1 1 1 1 1 1 1 0 0 29175.0 29055.0 30065.0 1 0.19632927543490727
0 0 1 0 1 1 1 0 1 1 0 1 1 1 0 0 1 1 1 0 0 0 1 1 1 1 1 0 1 1 0 1 1 1 1 1 1 0 1 0 0 1 1 1 0 1 1 0 1 1 1 1 1 0 0 0 0 1 1 0 0 0 1 1 0 0 1 0 0 1 0 0 1 0 0 0 1 1 1 1 0 0 0 0 1 0 0 0 0 0 0 1 1 1 1 1 1 1 0 0 27688.0 29313.0 30036.0 1 1000000000000000.0
1 0 1 0 1 0 1 0 1 1 0 1 1 1 0 1 0 1 0 1 1 0 0 0 1 1 1 1 1 1 1 1 1 1 0 1 1 0 1 0 1 1 1 1 0 1 1 0 1 1 0 1 1 0 0 0 0 1 1 0 0 0 1 1 0 0 1 1 0 1 0 0 1 0 0 0 1 0 0 1 1 0 1 0 0 1 0 0 0 1 0 1 1 1 1 1 1 1 0 0 31627.0 28822.0 29966.0 1 0.07468849330434515
0 0 1 0 1 0 1 0 1 1 0 1 1 0 0 1 1 1 1 1 0 0 1 0 1 1 0 1 1 1 1 1 1 1 0 1 1 0 1 0 1 1 1 1 0 1 1 1 1 1 1 1 1 0 0 0 0 0 1 0 0 0 1 1 0 0 1 1 0 1 0 0 1 0 0 0 1 0 0 1 1 0 0 0 1 0 0 0 1 0 0 1 1 1 1 1 1 1 0 0 29752.0 30265.0 29961.0 1 0.11587482241744182
1 0 1 1 0 0 1 1 1 0 1 0 1 0 0 1 1 1 0 0 0 0 1 1 1 1 1 0 1 1 0 1 1 1 1 1 1 1 1 0 1 1 1 1 0 1 1 0 1 1 1 1 1 0 0 0 0 0 1 0 0 0 1 1 0 0 1 1 0 1 0 0 1 0 0 0 1 0 0 1 1 0 0 0 1 0 0 0 1 0 0 1 1 1 1 1 1 1 0 0 30470.0 29097.0 29767.0 1 0.1274341958939385
1 0 1 0 1 1 1 0 1 1 0 1 1 1 0 1 0 1 1 1 1 0 0 0 1 1 0 1 1 1 1 1 1 1 0 1 1 0 1 0 1 1 1 1 0 1 1 1 1 1 1 1 1 0 0 0 0 0 1 0 0 0 0 1 0 0 1 1 0 1 0 0 1 0 0 0 1 0 0 1 1 0 0 0 1 0 0 0 1 0 0 1 1 1 1 1 1 1 0 0 30266.0 29692.0 29726.0 1 0.12370111579894935
1 0 0 0 0 0 1 1 1 0 1 1 1 1 0 1 0 1 0 1 1 0 0 0 1 1 1 1 1 1 1 1 1 1 0 1 1 0 1 0 1 1 1 1 0 1 1 0 1 1 1 1 1 0 0 0 0 0 1 0 0 1 1 1 0 0 1 1 0 1 0 0 1 0 0 0 1 0 0 1 1 0 0 0 1 0 0 0 1 0 0 1 1 1 1 1 1 1 0 0 31868.0 29183.0 29555.0 1 0.1192219157434485
1 0 0 1 0 0 1 1 1 0 1 0 1 0 0 1 1 1 0 1 0 1 1 0 1 0 0 1 1 1 1 1 1 1 0 1 1 0 1 0 1 1 1 1 1 1 1 0 1 1 0 1 1 0 0 0 0 0 1 0 0 0 1 1 0 0 1 1 0 1 0 0 1 0 0 0 1 0 0 1 1 0 1 0 0 1 0 0 1 1 0 1 1 1 1 1 1 1 0 0 30854.0 29740.0 29477.0 1 0.11486752590999613
1 0 0 0 0 0 1 1 1 0 1 1 1 1 0 1 0 1 0 1 1 0 0 0 1 1 1 1 1 1 1 1 1 1 0 1 1 0 1 0 1 1 1 1 0 1 1 0 1 1 1 1 1 0 0 0 0 1 1 0 0 0 1 1 0 0 1 1 0 1 0 0 1 0 0 0 1 0 0 1 1 1 0 0 1 0 0 0 1 0 0 1 1 1 1 1 1 1 0 0 32158.0 29485.0 29471.0 1 0.1026650068343554
1 0 0 0 0 0 1 1 1 0 1 1 1 1 0 1 0 1 0 1 1 0 0 0 1 1 1 1 1 1 1 1 1 1 0 1 1 0 1 0 1 1 1 1 0 1 1 0 1 1 0 1 1 0 0 0 0 0 1 0 0 0 1 1 0 0 1 1 0 1 0 0 1 0 0 1 1 0 0 1 1 0 1 0 0 1 0 0 1 1 0 1 1 0 1 1 1 1 0 0 32391.0 28023.0 29468.0 1 0.1266765583086939
1 0 0 1 0 0 1 1 1 0 1 0 1 1 0 1 1 1 0 1 0 1 1 0 1 0 0 1 1 1 1 1 0 1 0 1 1 0 1 0 1 1 1 1 1 1 1 0 1 1 1 1 1 0 0 0 0 0 1 0 1 1 1 1 0 0 1 1 0 1 0 0 1 0 0 0 1 0 0 1 1 0 0 0 0 0 0 0 1 0 0 1 1 1 1 1 1 1 0 0 31614.0 30336.0 29399.0 1 0.11512005315081414
1 0 1 1 0 0 1 1 1 0 1 0 0 0 1 0 0 1 1 1 1 0 0 0 1 1 0 1 1 1 1 1 1 1 1 1 1 0 1 0 1 1 1 1 1 1 1 0 1 1 1 1 1 0 0 0 0 0 1 0 1 1 1 1 0 0 1 1 0 1 0 0 1 0 0 0 1 0 0 1 1 0 0 0 0 0 0 0 1 0 0 1 1 1 1 1 1 1 0 0 32452.0 28440.0 29189.0 1 1000000000000000.0
1 0 0 0 0 0 1 1 1 0 1 1 1 1 0 1 0 1 0 1 1 0 1 0 1 1 0 1 1 1 1 1 1 1 1 1 1 0 1 0 1 1 1 1 0 1 1 0 1 1 0 1 1 0 0 0 0 0 1 0 0 0 1 1 0 0 1 1 0 1 0 0 1 0 0 0 1 0 0 1 1 0 1 0 0 1 0 0 1 0 1 1 1 1 1 1 1 1 0 0 31960.0 29730.0 29172.0 1 0.09161162893048323
1 0 0 0 0 0 1 1 1 0 1 1 1 1 0 1 0 1 0 1 1 0 0 0 1 1 1 1 1 1 1 1 1 1 0 1 1 0 1 0 1 1 1 1 0 1 1 0 1 1 0 1 1 0 0 0 0 0 1 0 0 0 1 1 0 0 1 1 0 1 0 0 1 0 0 0 1 0 0 1 1 0 1 0 0 1 0 0 1 1 0 1 1 1 1 1 1 1 0 0 32433.0 28603.0 28910.0 1 0.09274593285245966
1 0 0 0 0 0 1 1 1 0 1 1 1 1 0 1 0 1 0 1 1 0 0 0 1 1 1 1 1 1 1 1 0 1 0 1 1 0 1 0 1 1 1 1 0 1 1 0 1 1 0 1 1 0 0 0 0 0 1 0 0 0 1 1 0 0 1 1 0 1 0 0 1 0 0 0 1 0 0 1 1 0 1 1 0 1 0 0 1 1 0 1 1 1 1 1 1 1 0 0 32405.0 29388.0 28794.0 1 0.08785437570039689
1 0 1 1 0 0 1 1 1 0 1 1 1 1 0 0 1 1 1 1 0 0 1 0 1 0 0 1 1 1 1 1 1 1 1 1 1 0 1 0 1 1 1 1 0 1 1 0 1 1 0 0 0 0 0 0 0 0 1 0 0 0 0 1 0 1 0 1 0 1 0 0 0 1 1 1 1 1 1 1 1 0 1 0 0 1 0 0 1 0 0 1 1 1 1 1 1 1 0 0 32144.0 30200.0 28639.0 1 0.1446356999759056
1 0 0 1 0 0 0 1 1 0 1 0 1 1 0 1 1 1 0 1 0 1 1 0 1 0 0 1 1 1 1 1 0 1 0 1 1 0 1 0 1 1 1 1 1 1 1 0 1 1 0 1 1 0 0 0 0 0 1 0 0 0 1 1 0 0 1 0 0 1 0 0 1 0 0 0 1 0 0 1 1 0 1 1 0 1 0 0 1 1 1 1 1 1 1 1 1 1 0 0 30098.0 30398.0 28624.0 1 0.18860189913817665
1 0 0 1 0 0 1 1 1 0 1 1 1 1 0 0 1 1 0 1 0 0 1 0 1 0 0 1 1 1 1 1 1 1 1 1 1 0 0 0 0 1 1 0 0 1 1 0 1 1 0 1 1 0 0 0 0 0 1 0 0 0 1 1 0 1 1 0 0 1 0 0 1 1 0 0 1 1 1 1 1 1 0 0 1 1 1 0 1 0 0 1 1 1 1 1 1 1 0 0 31264.0 31106.0 28510.0 1 0.3348272526922586
1 0 1 1 0 0 1 1 1 0 1 0 1 0 0 1 1 1 0 1 0 0 1 0 1 0 0 1 1 1 1 1 0 1 0 1 1 0 1 0 1 1 1 1 0 1 1 0 1 1 0 1 1 0 0 0 0 0 1 0 0 0 1 1 0 1 1 0 0 1 0 0 1 0 0 0 1 1 1 1 0 0 0 1 1 0 0 0 1 1 0 1 1 1 1 1 1 1 0 0 28656.0 31349.0 27765.0 1 1000000000000000.5
1 0 1 1 0 0 1 1 1 0 1 0 1 0 0 1 1 1 0 1 0 0 1 0 1 0 0 1 1 1 1 1 0 1 0 1 1 0 1 0 1 1 1 1 0 1 1 0 1 1 0 1 1 0 0 0 0 0 1 0 0 0 1 1 0 1 1 0 0 1 0 0 1 1 0 0 1 1 1 1 0 0 0 0 1 0 0 0 1 1 0 1 1 1 1 1 1 1 0 0 29329.0 31132.0 27116.0 1 1000000000000000.1
1 0 1 1 0 0 1 1 1 0 1 0 1 0 1 1 0 1 1 1 1 0 0 0 1 1 0 1 1 1 1 1 0 1 1 0 1 0 0 0 0 1 0 0 0 1 1 0 1 1 0 0 1 0 0 0 0 0 1 0 0 0 1 1 0 1 1 1 0 1 0 0 1 0 0 1 1 0 1 1 1 0 1 0 0 1 0 0 1 0 0 1 1 1 0 1 1 1 1 0 32448.0 26033.0 27359.0 2 2000000000000000.0
1 0 0 1 0 0 0 1 1 0 1 0 1 1 0 1 1 1 0 1 0 1 1 0 1 0 0 1 1 1 1 1 0 1 0 1 1 0 1 0 1 1 1 1 1 1 1 0 1 1 0 1 1 0 0 0 0 0 1 0 0 0 1 1 0 0 1 0 0 1 0 0 1 0 0 0 1 1 1 1 0 0 0 0 1 1 0 0 1 0 1 1 1 1 1 1 1 1 0 0 29181.0 30852.0 27869.0 2 1000000000000000.2
1 0 1 1 0 0 1 0 1 1 0 1 1 1 0 1 1 0 1 0 0 0 1 1 0 1 1 0 1 1 1 1 1 1 1 1 1 0 1 0 0 1 1 0 0 1 1 0 1 1 0 0 1 1 0 0 0 1 1 0 0 0 1 0 0 1 1 1 0 1 0 0 1 0 0 1 1 0 0 1 1 0 1 0 0 1 0 1 1 1 0 1 1 0 1 1 1 1 0 0 29742.0 25717.0 32090.0 2 1000000000000000.1
1 0 0 1 0 0 1 1 1 1 0 1 1 1 0 0 1 1 1 0 0 0 1 1 0 1 1 0 1 1 1 1 1 1 1 1 1 0 0 0 0 1 1 0 0 1 1 0 1 1 0 0 1 1 0 0 0 1 1 0 0 0 1 1 0 1 1 1 0 1 0 0 1 0 0 1 1 0 0 0 1 0 1 0 0 1 0 1 1 1 0 1 1 0 1 1 1 1 0 0 30673.0 25434.0 31943.0 2 1000000000000000.0
0 0 1 0 1 1 1 0 1 1 0 1 1 0 0 1 1 1 1 1 0 0 1 0 1 1 0 1 1 1 1 1 1 1 0 1 1 0 1 0 1 1 1 1 0 1 1 0 1 1 1 1 1 0 0 0 0 0 1 0 0 0 1 1 0 0 1 0 0 1 0 0 1 0 0 0 1 1 1 1 0 0 0 0 1 0 0 0 0 0 0 1 1 1 1 1 1 1 0 0 27599.0 30310.0 29043.0 2 1000000000000000.0
1 0 0 0 0 0 1 1 1 0 1 1 1 1 0 1 0 1 0 1 1 0 0 0 1 1 1 1 1 1 1 1 1 1 0 1 1 0 1 0 1 1 1 1 0 1 1 0 1 1 1 1 1 0 0 0 0 0 1 0 0 0 1 1 0 0 1 1 0 1 0 0 1 0 0 0 1 0 0 1 1 1 0 0 1 0 0 0 1 0 0 1 1 1 1 1 1 1 0 0 32127.0 29396.0 28862.0 2 0.2734713157678243
1 0 1 1 0 0 1 1 1 0 1 0 1 1 0 0 1 0 1 0 0 0 1 0 1 0 0 1 1 1 1 1 1 1 1 1 1 1 1 0 0 1 1 1 0 1 1 0 1 1 1 1 1 0 0 0 0 1 1 0 0 0 1 1 0 0 0 1 0 1 0 0 1 0 0 0 1 0 0 1 1 0 0 0 1 1 1 0 1 0 0 1 1 1 1 1 1 1 0 0 29022.0 28871.0 29785.0 2 0.23213128576993688
1 0 1 1 1 0 1 0 1 1 0 1 0 1 0 0 1 1 1 0 0 0 1 1 1 1 1 0 1 1 0 1 1 1 0 1 1 0 1 0 0 1 1 1 0 1 1 0 1 1 0 0 1 0 0 0 0 0 1 0 0 0 1 1 1 1 1 0 0 1 0 0 1 0 0 0 1 1 1 1 0 0 0 0 1 0 0 0 1 0 1 1 1 1 1 1 1 1 0 0 27679.0 28330.0 30869.0 2 0.229717426597783
0 0 1 0 1 0 1 0 1 1 0 1 1 0 0 1 1 1 1 1 0 0 1 0 1 1 0 1 1 1 1 1 1 1 0 1 1 0 1 0 1 1 1 1 0 1 1 0 1 1 0 1 1 0 0 0 0 0 1 0 0 0 1 1 0 1 1 0 0 1 0 0 1 0 0 0 1 1 1 1 0 0 0 0 1 0 0 0 1 0 1 1 1 1 1 1 1 1 0 0 28321.0 30172.0 29590.0 2 0.20643533943437065
0 0 1 0 1 1 1 0 1 1 1 1 1 0 0 1 1 0 1 0 1 0 1 1 1 1 1 0 1 1 0 1 1 1 1 1 1 0 1 0 1 1 1 1 0 1 1 0 1 1 0 0 1 0 0 0 0 1 1 0 0 0 1 1 0 0 0 1 0 1 0 0 1 0 0 0 1 0 0 1 1 0 1 0 0 1 0 0 1 0 1 1 1 1 1 1 1 1 0 0 29605.0 26997.0 31608.0 2 0.19755742801012183
1 0 1 0 1 0 1 0 1 1 0 1 1 0 0 1 1 1 1 1 0 0 1 0 1 1 0 1 1 1 1 1 1 1 0 1 1 0 1 0 1 1 1 1 0 1 1 1 1 1 1 1 1 0 0 0 0 0 1 0 0 0 1 1 0 0 1 0 0 1 0 0 1 0 0 0 1 1 1 1 0 0 0 0 1 0 0 0 0 0 0 1 1 0 1 1 1 1 1 0 28323.0 30282.0 29232.0 2 0.18599663588089688
1 0 0 1 0 0 1 1 1 0 1 1 1 1 0 0 1 1 1 1 0 0 1 0 1 0 0 1 1 1 1 1 1 1 1 1 1 0 0 0 0 1 1 0 0 1 1 0 1 1 0 1 1 0 0 0 0 0 1 0 0 0 1 1 0 1 1 0 0 1 0 0 1 1 0 1 1 1 1 0 1 1 0 0 1 0 0 0 0 0 0 1 1 1 1 1 1 1 0 0 30303.0 30612.0 28081.0 2 0.17698179174564677
1 0 1 1 0 0 1 1 1 0 1 0 1 0 0 1 1 1 1 1 0 0 1 0 1 0 0 1 1 1 1 1 0 1 0 1 1 0 1 0 1 1 1 1 0 1 1 0 1 1 0 1 1 0 0 0 0 0 1 0 0 0 0 1 0 1 0 1 0 1 0 0 0 1 1 1 1 1 1 1 1 0 1 0 0 1 0 0 1 0 0 1 0 1 1 1 1 1 0 0 31134.0 30340.0 28378.0 2 0.1735378623515436
1 0 1 0 1 0 1 0 1 1 0 1 1 1 0 1 0 1 0 1 1 0 0 0 1 1 1 1 0 1 1 1 1 1 1 1 1 0 1 0 1 1 1 1 0 1 1 0 1 1 0 1 1 0 0 0 0 1 1 0 0 0 1 1 0 0 1 1 0 1 0 0 1 0 0 0 1 0 0 1 1 0 1 0 0 1 0 0 0 1 0 1 1 1 1 1 1 1 0 0 31427.0 28640.0 29947.0 2 0.1418406012315336
1 0 1 1 0 0 1 1 1 0 1 1 1 1 0 0 1 1 0 1 0 0 1 0 1 0 1 0 1 1 0 1 1 1 1 1 1 1 1 0 1 1 1 1 0 1 1 0 1 1 1 1 1 0 0 0 0 0 1 0 0 1 1 1 0 0 1 1 0 1 0 0 1 0 0 0 1 0 0 1 1 0 0 0 1 0 0 0 1 0 0 1 1 1 1 1 1 1 0 0 30496.0 29786.0 29326.0 2 0.13287620850256346
1 0 1 0 1 0 1 0 1 1 0 1 1 1 0 0 1 0 1 0 0 0 1 1 0 1 1 0 1 1 1 1 1 1 0 1 1 0 1 0 1 1 1 1 0 1 1 0 1 1 0 1 1 0 0 0 0 0 1 0 0 0 1 1 0 0 1 1 0 1 0 0 1 0 0 1 1 0 0 1 1 0 1 1 0 1 0 0 1 1 0 1 1 0 1 1 1 1 0 0 29781.0 27133.0 31369.0 2 0.1297990974522507
1 0 0 1 0 0 1 1 1 1 0 1 1 1 0 1 1 0 1 0 0 0 1 0 1 0 1 0 1 1 0 1 1 1 1 1 1 1 1 0 1 1 1 1 0 1 1 0 1 1 1 1 1 0 0 0 0 0 1 0 0 1 1 1 0 0 1 1 0 1 0 0 1 0 0 0 1 0 0 1 1 0 0 0 1 0 0 0 1 0 0 1 1 1 1 1 1 1 0 0 29459.0 28637.0 30547.0 2 0.1293221240152448
1 0 1 0 1 0 1 0 1 1 0 1 1 1 0 1 0 1 1 1 1 0 0 0 1 1 1 1 1 1 1 1 1 1 0 1 1 0 1 0 1 1 1 1 0 1 1 0 1 1 0 0 1 0 0 1 0 1 1 0 0 0 0 1 1 0 1 1 0 1 0 0 1 0 0 0 1 0 0 1 1 0 0 0 1 0 0 0 1 0 0 1 1 1 1 1 1 1 0 0 30396.0 28569.0 30340.0 2 0.12708256595085704
1 0 1 0 1 0 1 0 1 1 0 1 1 1 0 1 0 1 1 1 1 0 0 0 1 1 1 1 1 1 1 1 1 1 0 0 1 0 1 0 1 1 1 1 0 1 1 0 1 1 0 0 1 0 0 0 0 1 1 0 0 0 1 1 0 0 1 1 0 1 0 0 1 0 0 0 1 0 0 1 1 0 1 0 0 1 0 0 1 1 0 1 1 1 1 1 1 1 0 0 31349.0 27260.0 30289.0 2 0.12530541516465038
1 0 1 1 1 0 1 0 1 1 0 1 1 1 0 0 1 1 1 0 0 0 1 1 1 1 1 0 1 1 0 1 1 1 0 1 1 0 1 0 0 1 1 1 0 1 1 0 1 1 0 0 1 0 0 0 0 0 1 0 0 0 1 1 0 0 1 1 0 1 0 0 1 0 0 0 1 0 0 1 1 0 1 0 0 1 0 0 1 1 1 1 1 1 1 1 1 1 0 0 30126.0 27436.0 31247.0 2 0.12497863726625666
1 0 1 1 1 0 1 1 1 0 1 0 1 0 0 1 1 0 0 1 0 0 1 0 1 1 0 1 1 1 1 1 0 1 0 1 1 0 1 0 1 1 1 1 0 1 1 0 1 1 0 1 1 0 1 0 0 0 1 0 0 0 1 1 0 1 1 0 0 1 0 0 1 1 0 0 1 1 1 1 0 0 0 0 0 1 1 0 1 0 0 0 1 1 1 1 1 1 0 0 30023.0 30623.0 27668.0 2 0.12456609854235788
1 0 1 1 0 0 1 1 1 0 1 0 0 0 1 1 0 1 1 1 1 0 0 0 1 1 0 1 1 1 1 1 1 1 1 1 1 0 1 0 1 1 1 1 0 1 1 0 1 1 1 1 1 0 0 0 0 0 1 0 0 0 1 1 0 0 1 1 0 1 0 0 1 0 0 0 1 0 0 1 1 0 0 0 1 0 0 0 1 0 0 1 1 1 1 1 1 1 0 0 31257.0 29180.0 29240.0 2 0.11912986272771246
1 0 0 1 0 0 1 1 1 0 1 0 1 1 0 0 1 0 1 0 0 0 1 1 0 1 1 1 1 1 1 1 1 1 1 1 1 0 1 0 1 1 1 1 0 1 1 0 1 1 1 1 1 0 0 0 0 1 1 0 0 0 1 1 0 0 1 1 0 1 0 0 1 0 0 0 1 0 0 1 1 0 1 0 0 1 0 0 0 1 0 1 1 1 1 1 1 1 0 0 31072.0 27929.0 30468.0 2 0.11559213606328012
1 0 0 1 0 0 1 1 1 0 1 0 1 1 1 0 1 0 1 0 0 0 1 1 0 1 1 1 0 1 1 1 1 1 1 1 1 0 1 0 0 1 1 0 0 1 1 0 1 1 0 0 1 1 0 0 0 1 1 0 0 1 1 1 0 1 1 1 0 1 0 0 1 0 0 1 1 0 0 1 1 0 0 1 0 1 0 0 1 1 0 1 1 1 1 1 0 1 0 0 31721.0 26209.0 31740.0 2 0.1113455543481881
1 0 1 1 0 0 1 1 1 0 1 1 1 1 0 0 1 1 1 1 0 0 1 0 1 0 0 1 1 1 1 1 1 1 1 1 1 0 1 0 1 1 1 1 0 1 1 0 1 1 0 0 0 0 0 0 0 0 1 0 0 0 0 1 0 1 0 1 0 1 0 0 0 1 1 1 1 1 1 1 1 0 1 0 0 0 0 0 1 1 0 1 0 1 1 1 1 1 0 0 31257.0 30000.0 28654.0 2 0.1077438261270981
1 0 0 1 0 0 1 1 1 1 0 1 1 1 0 0 1 0 1 0 0 0 1 1 0 1 1 1 1 1 1 1 1 1 1 1 1 0 1 0 0 1 1 0 0 1 1 0 1 1 0 0 1 1 0 0 0 1 1 0 0 0 1 1 0 1 1 1 0 1 0 0 1 0 0 1 1 0 0 1 1 0 1 0 0 1 0 0 1 1 0 1 1 0 1 1 1 1 0 0 31105.0 25813.0 31889.0 2 0.10556385019744044
1 0 1 0 1 1 1 0 1 1 0 1 1 0 0 0 1 1 1 0 0 0 1 1 1 1 1 0 1 1 0 1 1 1 1 1 1 0 1 0 0 1 1 0 0 1 1 0 1 0 0 0 1 1 0 0 0 1 1 0 0 0 1 1 0 1 1 1 0 1 0 0 1 1 0 1 1 0 0 1 1 0 1 0 0 1 1 0 1 0 0 1 1 1 1 1 1 1 0 0 31052.0 26328.0 31780.0 2 0.10107743832957575
0 0 1 0 1 0 1 0 1 1 0 1 1 0 0 1 1 1 1 1 0 0 1 0 1 1 1 1 1 1 1 1 1 1 0 1 1 0 1 0 1 1 1 1 0 1 1 0 1 1 0 0 1 0 0 0 0 1 1 0 0 0 1 1 0 0 1 1 0 1 0 0 1 0 0 0 1 0 0 1 1 0 1 0 0 1 0 0 1 1 0 1 1 1 1 1 1 1 0 0 30481.0 28208.0 30810.0 2 0.10066460566946606
1 0 1 0 1 0 1 0 1 1 0 1 1 1 0 1 0 1 0 1 1 0 0 0 1 1 1 1 0 1 1 1 1 1 1 1 1 0 1 0 1 1 1 1 0 1 1 0 1 1 0 1 1 0 0 0 0 1 1 0 0 0 1 1 0 0 1 1 0 1 0 0 1 0 0 0 1 0 1 1 0 0 0 0 1 0 0 0 0 0 1 1 1 1 1 1 1 1 0 0 29971.0 28961.0 29714.0 2 0.09986905867347778
1 0 0 1 0 0 1 1 1 0 1 0 1 1 0 0 1 0 1 0 0 0 1 1 0 1 1 1 1 1 1 1 1 1 1 1 1 0 1 0 0 1 1 0 0 1 1 0 1 1 0 0 1 1 0 0 0 1 1 0 0 1 1 1 0 1 1 1 0 1 0 0 1 0 0 1 1 0 0 1 1 0 0 0 0 1 0 0 1 1 0 1 1 1 1 1 1 1 0 0 32012.0 26397.0 31698.0 2 0.09947649843999715
0 0 1 0 1 1 1 0 1 1 0 1 1 1 0 0 1 1 1 0 1 0 1 1 1 1 1 0 1 1 0 1 1 0 1 1 1 0 1 0 0 1 1 1 0 1 1 0 1 1 1 1 1 0 0 0 0 1 1 0 0 0 1 1 0 0 1 1 0 1 0 0 1 0 0 0 1 0 0 1 1 0 1 0 0 1 0 0 1 1 0 1 1 1 1 1 1 0 0 0 29968.0 27812.0 31028.0 2 0.09876847982105484
1 0 0 0 0 0 1 1 1 0 1 1 1 1 0 1 1 1 1 1 0 0 1 0 1 0 0 1 1 1 1 1 1 1 1 1 1 1 1 0 1 1 1 1 0 1 1 0 1 1 0 0 0 0 0 0 0 0 1 0 0 0 0 1 0 1 0 1 0 1 0 0 0 1 1 1 1 1 1 1 1 0 1 0 0 1 0 0 1 0 0 1 1 1 1 1 1 1 0 0 31851.0 30023.0 28490.0 2 0.0972279140864746
1 0 0 1 0 0 1 1 1 0 1 1 1 1 0 0 1 1 1 1 0 0 1 0 1 0 0 1 1 1 1 1 1 1 1 1 1 1 1 0 1 1 1 1 0 1 1 0 1 1 0 0 0 0 0 0 0 0 1 0 0 0 0 1 0 1 0 1 0 1 0 0 0 1 1 1 1 1 1 1 1 0 1 0 0 1 0 0 1 0 0 1 1 1 1 1 1 1 0 0 31924.0 29849.0 28543.0 2 0.09666061041684859
1 0 0 1 0 0 1 1 1 0 1 0 1 1 0 0 1 0 1 0 0 0 1 1 0 1 1 1 1 1 1 1 1 1 1 1 1 0 1 0 0 1 1 0 0 1 1 0 1 1 1 0 1 1 0 0 0 1 1 0 0 0 1 1 0 1 1 1 0 1 0 0 1 0 0 0 1 0 0 1 1 0 1 0 1 1 1 0 0 0 0 1 1 1 0 1 1 1 0 0 30611.0 26645.0 30960.0 2 0.09536408742995331
1 0 0 1 0 0 1 1 1 1 0 1 1 1 0 1 1 0 1 0 0 0 1 1 1 1 1 0 1 1 0 1 1 1 1 1 1 0 1 0 1 1 1 0 0 1 1 0 1 1 0 1 1 0 0 0 0 0 1 0 0 0 1 1 0 0 1 1 0 1 0 0 1 0 0 0 1 0 0 1 1 1 0 0 1 0 0 0 1 0 0 1 1 1 1 1 1 1 0 0 30868.0 27773.0 30692.0 2 0.09382871534885247
1 0 0 1 0 0 1 1 1 1 0 1 1 1 0 1 1 0 1 0 0 0 1 1 1 1 1 0 1 1 0 1 1 1 1 1 1 0 1 0 1 1 1 1 0 1 1 0 1 1 0 0 1 0 0 0 0 0 1 0 0 0 1 1 0 0 1 1 0 1 0 0 1 0 0 0 1 0 0 1 1 0 1 0 0 1 0 0 1 1 0 1 1 1 1 1 1 1 0 0 30770.0 27302.0 30768.0 2 0.09124759078381377
1 0 1 1 0 0 1 1 1 0 0 1 1 1 0 0 1 0 1 0 0 0 1 1 1 1 1 0 1 1 0 1 1 1 1 1 1 1 1 0 1 1 1 1 0 1 1 0 1 1 1 1 1 0 0 0 0 0 1 0 0 1 1 1 0 0 1 1 0 1 0 0 1 0 0 0 1 0 0 1 1 0 0 0 1 0 0 0 1 0 0 1 1 1 1 1 1 1 0 0 30238.0 28247.0 30650.0 2 0.08966881720366893
