0 1 1 0 0 0 1 1 1 1 0 0 0 1 1 0 0 1 1 1 0 1 0 1 1 0 1 0 0 1 0 1 1 1 1 0 1 0 1 1 13054.0 11201.0 13093.0 14784.0 0 1000000000000000.9
1 1 1 1 1 1 1 1 0 0 0 0 0 1 1 0 1 1 1 1 1 0 0 0 0 0 0 0 1 1 0 1 0 0 0 0 1 1 1 1 11351.0 12265.0 11527.0 13259.0 0 1000000000000000.8
1 1 1 1 1 1 1 1 0 0 0 0 0 1 1 0 1 1 1 1 1 0 0 0 1 0 0 0 1 1 0 1 0 0 0 0 1 1 1 0 11287.0 12505.0 11595.0 13206.0 0 1000000000000000.5
1 0 1 0 0 0 1 1 0 0 1 0 0 1 0 0 1 1 1 1 1 0 0 1 1 0 1 0 0 1 0 1 1 1 1 0 1 0 1 1 13646.0 10578.0 13470.0 12725.0 0 0.6654985084109438
1 1 0 1 1 0 1 1 1 1 0 1 0 1 1 0 0 0 1 1 0 1 0 0 0 0 1 0 1 1 0 1 0 1 1 0 1 0 1 1 13618.0 11372.0 12413.0 12706.0 0 0.4308659222207888
1 0 1 1 0 1 1 1 0 0 0 0 0 1 1 0 1 1 0 1 1 0 0 1 0 1 1 0 0 0 0 0 1 0 1 0 1 1 1 1 11962.0 10085.0 13802.0 12434.0 0 1000000000000000.2
1 0 0 1 1 0 1 1 1 0 0 1 0 1 1 0 0 0 1 1 0 1 0 1 0 0 1 0 0 1 0 1 1 1 1 0 1 0 1 1 13658.0 9504.0 12918.0 12325.0 0 1000000000000000.4
0 1 1 1 1 0 1 1 1 1 0 1 0 1 0 0 1 1 0 0 0 1 0 1 1 0 0 0 0 0 0 1 1 1 0 0 1 1 1 0 12163.0 11541.0 12510.0 11632.0 0 0.7759988244544159
1 0 0 1 1 0 1 1 1 0 0 1 0 0 1 1 1 0 1 0 0 1 0 1 0 0 1 1 1 1 0 0 1 1 1 0 0 0 1 1 13839.0 9910.0 13348.0 11233.0 0 0.7617628081421839
1 1 1 1 1 1 1 1 0 0 0 0 0 0 1 1 0 1 1 0 0 1 0 0 1 0 0 0 1 1 0 1 0 0 1 0 1 0 1 1 11920.0 11932.0 11582.0 11219.0 0 0.3399088161718478
1 0 0 1 1 1 1 1 1 0 0 1 0 0 0 1 1 0 1 0 0 1 0 1 0 0 1 0 0 1 0 1 1 1 1 0 1 0 1 1 14909.0 10172.0 12578.0 11166.0 0 1000000000000000.5
0 1 1 1 1 0 1 1 1 0 0 1 0 1 0 0 1 1 0 1 0 0 1 0 0 0 1 0 1 0 0 1 0 1 1 0 1 0 1 1 10860.0 11973.0 12270.0 10366.0 0 2000000000000000.5
0 1 1 0 0 0 1 1 1 1 0 0 0 1 0 0 0 1 1 1 0 1 0 1 1 0 1 0 0 1 0 1 1 1 1 0 1 0 1 1 12952.0 11064.0 12520.0 13947.0 1 1000000000000000.2
0 0 1 1 1 0 1 1 1 0 1 0 0 1 0 0 1 1 1 1 1 0 0 1 0 0 0 0 0 1 0 1 1 1 1 0 0 1 1 1 12404.0 10542.0 12700.0 12980.0 1 0.6405836910788252
0 0 1 1 1 0 1 1 1 0 1 0 0 1 0 0 1 1 1 1 1 0 0 1 0 0 0 0 1 1 0 1 1 1 1 0 0 0 1 1 12177.0 11230.0 12024.0 12556.0 1 0.5594923258089716
1 1 1 1 1 1 1 1 0 0 0 0 0 1 1 0 1 1 1 1 1 0 0 0 0 0 0 0 1 1 0 1 0 0 0 0 1 1 1 0 10472.0 11505.0 10805.0 12458.0 1 0.4203106839466452
0 1 1 0 0 0 1 1 1 1 0 0 0 1 0 0 0 1 1 1 1 0 1 0 0 0 1 0 1 1 1 0 0 1 1 0 1 0 1 1 11450.0 11336.0 11236.0 12427.0 1 0.3151961313958487
1 1 1 1 1 1 1 1 0 0 0 0 0 1 1 0 1 1 1 1 1 0 0 0 0 0 0 0 1 1 0 1 0 0 0 0 1 0 0 1 10463.0 11786.0 9563.0 12366.0 1 1000000000000000.4
1 0 1 0 0 0 1 1 0 0 1 0 0 1 0 0 1 1 1 1 1 0 0 1 0 0 1 1 1 1 0 0 1 1 1 0 0 0 1 1 12461.0 9883.0 13027.0 12020.0 1 0.504325249715035
1 1 1 1 1 1 1 1 0 0 0 0 0 1 0 0 1 1 1 0 1 0 0 0 0 0 0 0 1 1 0 1 0 0 0 0 1 1 1 1 11060.0 12023.0 10561.0 11998.0 1 1000000000000000.5
1 1 1 1 1 1 1 1 0 0 0 0 0 1 1 0 1 1 0 1 1 0 0 1 0 1 1 0 0 0 0 0 0 0 1 0 1 1 1 0 11227.0 10455.0 13085.0 11974.0 1 0.2585087373588097
1 1 0 1 1 0 1 1 0 0 0 0 0 1 1 0 1 1 1 1 1 0 0 0 0 0 0 1 1 1 0 1 0 0 0 0 1 0 1 1 10011.0 11500.0 11072.0 11716.0 1 1000000000000000.2
1 0 0 1 1 0 1 1 0 0 0 0 0 1 0 0 0 1 1 1 1 0 1 0 0 0 1 0 1 1 1 0 1 1 1 0 1 0 1 1 12789.0 10943.0 12995.0 11663.0 1 0.30202603929579636
1 0 1 1 0 1 1 1 0 0 0 0 0 1 1 1 0 1 1 0 0 1 0 0 1 0 0 0 0 0 0 1 1 1 1 0 1 1 1 1 13141.0 10298.0 12861.0 11649.0 1 0.33159631074714024
1 1 0 0 0 1 0 0 0 1 0 0 1 1 0 1 1 0 1 0 0 1 0 1 0 0 1 1 0 1 0 1 1 1 1 0 1 0 1 1 13428.0 9345.0 11184.0 11531.0 1 0.523024870815808
1 0 0 1 1 0 1 1 1 0 0 1 0 0 0 0 1 0 1 0 1 0 1 1 0 1 1 0 1 1 0 1 0 1 1 0 1 0 1 1 13068.0 10719.0 12170.0 11240.0 1 0.4092448149538316
1 0 0 1 1 1 0 0 1 0 0 1 0 1 1 0 1 1 0 1 1 1 0 1 0 0 1 1 1 0 0 1 0 0 1 0 1 0 1 1 11620.0 11418.0 12366.0 11057.0 1 0.4279548068866762
0 1 1 1 1 0 1 1 1 1 0 1 0 1 0 0 1 1 0 0 0 1 0 0 1 0 0 0 0 0 0 1 1 1 0 0 1 1 1 0 11279.0 11487.0 11699.0 10781.0 1 0.4591842051610696
1 1 0 1 1 1 0 1 0 0 1 1 0 0 0 1 1 0 0 0 0 1 1 1 0 0 1 0 0 1 0 1 1 1 0 0 1 1 1 0 13143.0 9091.0 13184.0 10485.0 1 2000000000000000.0
1 0 0 1 1 0 1 1 1 0 0 1 0 0 0 1 1 0 1 0 0 1 0 1 0 0 1 0 0 1 0 1 1 1 1 0 1 0 1 1 14107.0 9468.0 12428.0 10353.0 1 2000000000000000.0
0 1 1 0 0 0 1 1 1 1 0 0 0 1 0 0 1 1 1 1 1 0 0 1 0 0 1 1 1 1 0 0 1 1 0 0 0 0 1 1 11290.0 10975.0 11383.0 13929.0 2 1000000000000000.1
0 1 1 0 0 0 1 1 1 0 0 0 0 1 1 0 0 1 1 0 0 1 1 1 0 1 0 1 0 1 0 1 1 0 1 0 0 1 1 1 9857.0 9615.0 12304.0 13513.0 2 1000000000000000.2
0 1 1 0 0 0 1 1 1 1 0 0 0 1 0 0 0 1 1 1 1 0 0 1 0 0 0 0 1 1 0 1 1 1 1 0 1 0 1 1 11483.0 10955.0 10896.0 13284.0 2 0.15011213722423639
0 1 1 0 0 0 1 1 1 1 0 0 0 1 0 0 0 1 1 0 1 0 1 1 0 1 1 0 1 1 0 0 0 1 1 0 1 0 1 1 11438.0 10877.0 11339.0 13219.0 2 0.10364281471052157
1 1 0 0 0 0 0 1 1 1 1 0 0 1 1 0 0 1 1 0 0 0 1 1 0 0 1 0 0 1 0 1 1 1 0 0 1 1 1 0 11126.0 8953.0 12039.0 13147.0 2 0.4342312201365421
1 0 0 1 1 0 1 1 1 0 0 0 0 1 0 0 0 1 1 1 1 0 1 0 0 0 1 1 0 1 0 1 1 0 0 0 0 1 1 1 10337.0 10154.0 12007.0 13115.0 2 0.35861857044143075
1 0 1 1 0 1 1 1 0 0 0 0 0 1 1 1 0 1 1 0 0 1 0 1 0 1 0 1 0 1 0 1 1 0 0 0 0 1 1 1 11570.0 9289.0 11848.0 12988.0 2 0.3326507356701632
0 0 1 1 1 0 1 1 1 0 0 0 0 1 1 0 0 1 1 0 0 1 0 1 0 1 0 1 0 1 0 1 1 0 1 0 0 1 1 1 10677.0 9893.0 11981.0 12882.0 2 0.39696696034731155
0 1 0 0 0 1 1 1 1 0 0 0 0 0 0 0 1 0 1 0 1 0 1 1 0 1 1 0 0 1 0 1 1 1 1 0 1 0 1 1 11618.0 9591.0 11246.0 12512.0 2 0.21317722307380574
1 0 1 1 0 1 1 1 0 0 0 0 0 1 1 1 0 1 1 0 0 1 0 0 1 0 1 1 0 1 0 1 0 0 0 0 0 1 1 1 11512.0 9880.0 11670.0 12506.0 2 0.17492525576038265
0 1 0 0 0 1 1 1 1 0 0 0 0 0 0 0 1 1 1 1 0 1 1 1 1 0 1 0 0 1 0 1 0 1 1 0 1 0 1 1 12240.0 10703.0 12479.0 12419.0 2 0.336591681339074
1 1 0 0 0 1 0 0 0 1 0 0 0 1 0 0 0 1 1 1 1 1 1 0 0 0 1 0 1 1 1 0 1 1 1 0 1 0 1 1 12338.0 10602.0 11653.0 12111.0 2 0.2970892050425006
1 0 1 1 0 1 1 1 0 0 0 0 0 1 1 0 1 0 1 0 0 1 0 1 0 0 1 0 0 1 0 1 1 1 0 0 1 1 1 0 12428.0 8661.0 11651.0 12045.0 2 1000000000000000.0
1 0 1 1 0 1 1 1 0 0 0 0 0 1 1 1 0 1 1 0 0 1 0 0 0 0 1 0 0 1 0 1 1 1 1 0 1 0 1 1 12919.0 9909.0 12188.0 11995.0 2 0.20242802361147155
1 0 1 0 0 0 1 1 0 0 1 0 1 1 0 0 1 1 1 1 1 0 0 1 0 0 0 0 1 1 0 1 1 1 1 0 1 0 0 1 12726.0 10069.0 11395.0 11742.0 2 0.3692518942870352
1 0 1 0 0 0 1 1 0 0 1 0 0 1 0 0 1 1 1 1 1 0 0 1 0 0 0 0 1 1 0 1 1 1 1 0 1 0 1 1 12452.0 10152.0 12088.0 11421.0 2 0.2207233701485234
1 1 1 0 1 0 0 1 1 0 1 0 0 1 0 0 1 1 0 1 1 1 0 1 0 0 1 1 1 0 0 1 0 0 1 1 1 1 0 0 11265.0 10714.0 12123.0 11370.0 2 0.13158192435909266
1 1 1 1 1 1 1 1 0 0 0 0 0 1 0 0 1 1 1 0 1 0 0 0 0 0 0 0 1 1 0 1 0 0 0 0 1 1 1 0 10181.0 11263.0 9839.0 11197.0 2 0.6547721814484193
1 1 1 0 1 0 0 1 1 1 0 0 0 0 0 0 0 1 1 1 1 0 1 0 0 0 1 0 1 1 1 0 0 1 1 0 1 0 1 1 11320.0 11181.0 10830.0 11152.0 2 0.21275366370356932
1 0 0 1 0 1 1 1 0 0 0 0 0 1 1 0 0 1 0 0 0 1 0 1 0 1 0 0 0 1 1 1 1 1 1 0 1 0 1 1 12419.0 9600.0 12370.0 11144.0 2 0.08488775560769865
1 1 1 1 1 1 1 1 0 0 0 0 0 1 0 0 1 1 1 0 1 0 0 0 0 0 0 0 1 1 0 1 0 0 0 0 1 0 0 1 10172.0 11544.0 8597.0 11105.0 2 2000000000000000.0
1 0 0 1 1 1 0 0 1 0 0 1 0 1 1 0 1 1 0 1 1 1 0 1 0 0 1 1 1 0 0 1 0 0 1 0 1 1 1 0 11418.0 10830.0 12622.0 11100.0 2 0.16714120308841007
1 1 1 0 1 0 0 1 1 0 1 0 0 1 0 0 1 1 0 1 1 1 0 1 1 0 0 0 1 1 0 1 0 1 1 0 1 0 0 0 11519.0 11149.0 10889.0 11008.0 2 0.09542315577490755
1 1 0 0 0 1 0 0 0 1 1 0 1 0 0 1 1 0 1 0 1 0 0 1 0 1 1 0 1 1 0 1 0 1 1 0 1 0 1 1 13031.0 9460.0 10384.0 11002.0 2 1000000000000000.4
1 0 1 1 0 1 1 1 0 0 0 0 0 1 1 1 0 1 1 0 0 1 0 0 1 0 0 0 1 1 0 1 0 0 1 0 1 0 1 1 11794.0 10833.0 11008.0 10957.0 2 0.32586185885477326
1 1 1 0 1 1 1 1 0 0 1 1 0 1 1 0 0 1 1 1 0 1 0 0 0 0 0 1 1 0 0 1 0 0 1 0 1 0 0 1 11629.0 11066.0 11274.0 10851.0 2 0.3163877672025888
1 0 0 1 1 0 1 1 1 1 0 1 1 1 0 0 1 1 0 0 0 1 0 0 1 0 0 0 0 0 0 1 1 1 0 0 1 1 1 0 12351.0 10661.0 11991.0 10141.0 2 0.2485370471401962
1 0 0 1 1 0 1 1 1 0 0 1 0 1 0 1 1 0 0 0 0 1 0 1 1 1 1 1 0 0 0 0 0 0 0 0 1 1 1 1 12774.0 9927.0 12760.0 10019.0 2 1000000000000000.2
1 1 0 1 0 0 0 0 0 1 0 1 0 0 0 1 1 1 0 1 1 0 1 0 1 0 1 0 1 0 0 1 0 1 1 0 1 0 1 1 11230.0 10877.0 12106.0 9351.0 2 1000000000000000.1
1 1 1 0 0 1 1 1 0 0 0 0 0 1 1 0 0 1 1 0 0 1 0 1 0 1 0 1 0 1 0 1 1 0 0 0 0 1 1 1 10449.0 9215.0 11320.0 13306.0 3 1000000000000000.1
0 1 1 0 0 1 1 1 1 1 0 0 0 1 0 0 0 1 1 1 1 0 1 0 0 0 0 0 0 1 0 1 1 1 0 0 1 1 1 0 10026.0 10175.0 9967.0 13249.0 3 0.35545936433908726
0 1 1 0 0 0 1 1 1 1 0 0 0 1 0 0 1 1 1 1 1 0 0 1 0 0 1 0 0 1 0 1 1 1 1 0 0 0 1 0 10866.0 9380.0 10692.0 13031.0 3 0.2685389310351921
1 1 0 0 1 1 0 0 0 1 0 0 0 1 0 0 0 1 1 1 1 0 1 0 0 0 1 1 0 1 0 1 1 0 0 0 0 1 1 1 9640.0 9487.0 10159.0 12904.0 3 1000000000000000.0
1 0 1 1 0 1 1 1 0 0 0 0 0 1 1 0 0 1 1 0 0 1 0 1 0 1 0 1 0 1 0 1 1 0 0 0 0 1 1 1 10760.0 9251.0 11555.0 12829.0 3 0.10859506011537601
0 0 1 1 0 0 0 1 1 1 1 0 0 1 1 0 0 1 1 0 0 0 1 1 0 0 1 0 0 1 0 1 1 1 0 0 1 1 1 0 10642.0 9079.0 11556.0 12728.0 3 0.12694824821897616
0 0 0 1 1 0 1 1 1 0 0 0 0 1 1 0 0 1 1 0 0 1 0 1 0 1 0 1 0 1 0 1 1 0 1 0 0 1 1 1 10641.0 9291.0 11968.0 12641.0 3 0.17958052506441766
0 1 1 0 0 0 1 1 1 1 0 0 0 1 0 0 0 1 1 1 1 0 1 0 0 0 1 0 1 1 1 0 1 1 0 1 1 0 0 0 10443.0 10443.0 9587.0 12628.0 3 0.6358176480759822
0 0 1 1 0 1 1 1 0 0 0 0 0 1 1 1 0 1 1 0 0 1 0 1 0 1 0 1 0 1 0 1 1 0 0 1 1 1 1 0 10807.0 8998.0 11128.0 12348.0 3 0.2609146058273395
1 1 1 1 1 1 1 1 0 0 0 0 0 1 1 0 0 1 1 1 1 0 0 0 0 0 0 0 1 1 0 1 0 0 0 0 1 1 1 0 9875.0 10849.0 10271.0 12336.0 3 0.09876396348135288
0 1 1 0 0 0 1 1 1 1 0 0 0 1 0 0 1 0 1 0 1 0 0 1 0 0 1 0 1 1 0 1 0 1 1 0 1 0 1 1 11910.0 10370.0 10152.0 12314.0 3 0.07512557012450392
0 0 0 0 0 1 1 0 1 0 0 1 0 1 1 0 0 0 1 1 1 1 1 1 0 0 1 1 1 1 1 0 1 1 0 1 1 0 0 0 11577.0 9084.0 10267.0 12268.0 3 0.19307440575107038
1 0 1 0 0 1 1 1 0 0 1 0 0 1 0 0 1 1 0 1 1 0 1 0 0 0 1 1 0 1 0 1 1 0 0 0 0 1 1 1 10498.0 9828.0 12389.0 12226.0 3 1000000000000000.2
0 1 0 0 0 1 1 1 1 0 0 0 0 0 0 0 1 0 1 0 1 0 1 1 0 1 1 0 1 1 0 1 0 1 1 0 1 0 1 1 11419.0 9994.0 10628.0 12019.0 3 0.21110158571821644
0 1 1 0 0 0 1 1 1 1 0 0 0 1 0 0 1 0 0 0 1 0 0 1 0 1 1 0 1 1 0 1 0 1 1 0 1 0 1 1 11325.0 10341.0 10277.0 11911.0 3 0.11581171010951707
1 1 1 0 1 1 1 1 0 0 0 0 0 1 1 0 1 1 1 1 1 0 0 0 0 0 0 0 1 1 0 1 0 0 0 0 1 0 0 1 9944.0 10790.0 8609.0 11891.0 3 1000000000000000.1
1 1 0 1 1 0 1 1 0 0 0 0 0 1 1 0 1 1 1 1 1 0 0 0 0 0 0 1 1 1 0 1 0 0 0 0 1 1 1 0 9809.0 10912.0 11328.0 11759.0 3 0.2251756005447348
0 1 0 0 0 1 0 0 0 1 0 0 0 1 0 0 0 1 1 1 1 0 1 0 0 0 1 0 1 1 1 0 1 1 1 0 1 0 1 1 10842.0 10001.0 10325.0 11638.0 3 0.07742479657665984
1 0 1 1 0 1 1 1 0 0 0 0 0 1 1 1 0 1 1 0 0 1 0 1 0 0 1 1 1 0 0 1 0 0 1 1 1 1 0 0 12246.0 9578.0 11803.0 11637.0 3 0.14705348398247678
1 0 1 1 0 0 1 1 0 0 0 0 0 1 1 1 0 1 1 0 0 1 1 0 0 0 1 0 0 1 0 1 1 1 0 0 1 1 1 0 11192.0 8635.0 12072.0 11605.0 3 0.350092103532119
1 1 0 0 0 1 1 0 1 0 0 0 0 0 0 0 1 0 1 0 1 0 1 1 0 1 1 0 1 1 0 1 0 1 1 0 1 0 1 1 11272.0 10282.0 10498.0 11367.0 3 0.1905433876496844
1 0 1 1 0 1 0 1 0 0 0 0 0 1 1 0 1 0 1 0 0 1 0 1 0 0 1 0 0 1 1 1 1 1 0 0 1 1 1 0 12425.0 8447.0 11105.0 11354.0 3 1000000000000000.0
1 0 0 1 1 1 0 0 1 0 0 1 0 1 1 0 1 1 0 1 1 1 0 1 0 0 1 1 1 0 0 1 0 0 1 1 1 1 0 0 11440.0 10607.0 11761.0 11265.0 3 0.1815142469597485
1 1 1 0 0 1 0 1 0 1 1 0 1 0 0 1 1 0 0 0 1 0 0 1 0 0 1 0 0 1 0 1 1 1 0 0 1 1 1 0 12320.0 8531.0 11009.0 11251.0 3 0.2721024699940731
0 0 0 1 1 0 1 1 1 0 1 0 0 1 0 0 1 1 1 1 1 0 0 1 0 0 0 0 0 0 0 1 1 1 1 0 1 0 1 1 11964.0 10168.0 12116.0 11063.0 3 0.15182017117548993
1 0 1 0 0 1 1 1 1 1 0 0 0 0 0 0 1 0 0 0 1 0 0 1 0 1 1 0 1 1 0 1 0 1 1 0 1 0 1 1 12083.0 10109.0 10088.0 10963.0 3 0.18707893079429866
1 0 1 1 0 1 1 1 1 0 0 0 0 1 1 1 0 1 1 0 0 1 0 0 1 0 0 0 0 0 0 0 1 1 1 0 1 1 1 0 12147.0 10031.0 12221.0 10917.0 3 0.13892885673346816
1 0 1 1 0 1 1 1 0 0 0 0 0 1 1 1 0 1 1 0 0 1 0 0 1 0 0 0 0 0 0 1 1 1 1 0 1 1 1 0 12262.0 9538.0 12139.0 10848.0 3 0.09362800637838588
0 1 1 0 0 0 1 1 1 0 1 0 0 0 0 1 1 0 1 0 0 1 0 1 0 0 1 0 0 1 0 1 1 1 1 0 1 0 1 1 12442.0 9053.0 11715.0 10788.0 3 0.1267308661950352
1 0 0 1 1 1 0 0 1 0 0 0 0 0 1 0 0 1 1 0 0 1 0 1 0 0 1 0 1 1 1 0 1 1 1 0 1 0 1 1 12229.0 10377.0 11525.0 10719.0 3 0.130304365960092
1 0 1 1 0 1 1 1 0 0 0 0 0 1 1 1 0 1 1 0 0 1 0 1 0 1 0 1 1 0 0 0 0 1 1 0 1 1 1 0 12195.0 9521.0 12326.0 10653.0 3 0.09450026354086681
1 1 1 0 1 1 1 1 0 0 1 1 0 1 1 0 0 1 1 1 0 0 0 0 0 0 0 1 1 0 0 1 0 0 1 0 1 0 0 1 10964.0 10977.0 10677.0 10561.0 3 1000000000000000.2
1 1 0 1 1 1 0 1 0 0 1 1 0 0 0 1 1 0 0 0 0 1 1 0 0 0 1 0 0 1 0 1 1 1 0 0 1 1 1 0 12259.0 9037.0 12373.0 9634.0 3 0.255092164023285
1 1 0 1 0 0 0 0 0 1 0 1 0 0 0 1 1 1 0 1 1 0 1 0 1 0 1 0 1 0 0 1 0 1 1 0 1 1 1 0 11028.0 10289.0 12362.0 9394.0 3 0.1642581038841973
1 1 0 1 1 0 0 0 0 1 0 1 0 1 0 0 1 1 1 0 0 1 0 0 1 0 0 0 0 0 0 1 1 1 1 0 1 0 1 1 11806.0 10671.0 11185.0 9327.0 3 0.24627119013612672
1 0 0 1 1 0 1 1 1 0 0 1 0 0 0 1 1 0 0 0 0 0 0 1 0 0 1 0 0 1 0 1 1 1 1 0 1 0 1 1 12688.0 9166.0 11825.0 9218.0 3 0.25753834840866213
1 1 0 0 1 1 0 0 0 1 0 1 0 0 0 1 1 0 1 0 0 1 0 0 1 0 1 0 0 0 0 1 1 1 1 0 1 0 1 1 12900.0 9250.0 10358.0 9077.0 3 1000000000000000.1
1 1 0 1 1 1 0 1 0 0 1 1 0 1 0 0 0 1 0 0 0 1 0 0 1 0 0 0 0 0 0 0 1 1 1 0 1 0 1 1 11869.0 10212.0 12384.0 8861.0 3 0.271673987188605
1 1 0 1 1 1 0 1 0 0 1 1 0 0 0 1 1 0 0 0 0 1 0 0 1 0 0 0 0 0 0 1 1 1 1 0 1 1 1 0 12527.0 9236.0 12290.0 8064.0 3 1000000000000000.1
0 1 1 0 1 1 0 0 0 1 0 0 0 1 0 0 0 1 1 1 1 0 1 0 0 0 1 1 0 1 0 1 1 0 0 0 0 1 1 1 8845.0 9577.0 9441.0 12962.0 4 2000000000000000.0
0 1 1 0 1 0 1 1 1 1 0 0 0 1 0 0 0 1 0 0 0 1 0 0 1 1 0 0 1 0 0 1 0 0 1 0 1 0 0 1 9287.0 10623.0 8490.0 9774.0 4 2000000000000000.0
