0 1 0 0 0 1 1 1 1 1 0 0 1 1 1 0 0 1 1 1 1 1 0 1 1 0 1 0 0 1 0 1 1 1 1 0 1 1 1 1 15372.0 12105.0 14856.0 17501.0 0 1000000000000000.1
0 1 0 0 1 1 1 1 1 1 0 0 1 1 1 0 0 1 1 1 1 1 0 1 1 0 1 0 0 1 0 1 1 0 1 0 1 1 1 1 15045.0 12539.0 14604.0 17486.0 0 0.3752895808104467
0 1 0 0 1 1 1 1 1 0 0 0 0 1 1 1 1 1 1 1 1 1 0 1 1 0 1 0 1 1 0 1 1 1 1 0 0 1 0 1 15569.0 12299.0 14099.0 17182.0 0 1000000000000000.1
1 1 0 1 1 1 1 1 1 0 0 0 0 1 1 1 0 1 1 1 1 1 0 1 1 0 1 0 0 1 0 1 1 0 0 0 1 1 1 1 15086.0 12935.0 15098.0 17084.0 0 0.2894142515888572
0 1 0 1 1 1 1 1 1 0 0 1 0 1 1 1 0 1 1 1 1 0 0 1 1 0 1 0 0 1 0 1 1 1 1 0 1 1 1 1 16025.0 13148.0 15734.0 17030.0 0 0.2000654704445714
1 1 0 1 1 1 1 1 1 0 0 1 0 1 1 1 0 1 1 1 1 0 0 1 1 0 1 0 0 1 0 1 1 0 1 0 1 1 1 1 15944.0 13467.0 16007.0 16896.0 0 0.2442923275764245
0 1 0 1 1 1 1 1 1 0 0 1 1 1 1 1 0 0 1 1 1 1 0 1 1 0 1 0 0 1 0 1 1 0 1 0 1 1 1 1 16102.0 12303.0 15307.0 16642.0 0 0.17353002870179784
0 1 0 1 1 1 1 1 1 0 0 1 1 1 1 1 0 1 0 1 1 0 0 1 1 0 1 0 0 1 0 1 1 1 1 0 1 1 1 1 15756.0 13159.0 16021.0 16555.0 0 0.08228053869788374
0 1 0 1 1 1 1 1 1 0 0 1 1 1 1 1 0 1 0 1 1 1 0 1 1 0 1 0 0 1 0 1 1 0 1 0 1 1 1 1 15509.0 13055.0 16160.0 16528.0 0 0.1801099560146851
0 1 0 1 1 1 1 1 1 0 0 1 1 1 1 1 0 1 1 1 1 0 0 1 1 0 0 0 1 1 0 1 1 0 1 0 1 1 1 1 15219.0 13753.0 14977.0 16527.0 0 0.22587173850655473
1 1 0 0 1 1 1 1 0 0 0 0 0 1 1 1 1 1 1 1 1 1 0 1 1 0 1 0 0 1 0 1 1 1 1 0 1 1 1 1 16709.0 12291.0 16007.0 16453.0 0 0.2357752567518895
1 1 0 0 1 1 1 1 1 0 0 1 0 1 1 1 0 1 1 1 1 1 0 1 1 0 1 0 0 1 0 0 1 1 1 0 1 1 1 1 16721.0 12382.0 16075.0 16426.0 0 0.13115869136969274
1 1 0 1 1 0 1 1 1 0 0 1 0 1 1 1 0 1 1 1 1 0 0 1 1 0 1 0 0 1 0 1 1 1 1 0 1 1 1 1 16054.0 12956.0 16315.0 16400.0 0 0.12828353631122177
0 1 0 1 1 1 1 1 1 0 0 0 0 1 1 1 1 1 1 1 1 0 0 1 1 0 1 0 1 1 0 1 1 0 1 0 1 0 1 1 14759.0 14045.0 14614.0 16385.0 0 1000000000000000.1
1 1 0 0 1 0 1 1 1 0 0 1 0 1 1 1 1 1 1 1 1 1 0 1 1 0 1 0 0 1 0 1 1 1 1 0 1 1 1 1 16797.0 12705.0 16492.0 16337.0 0 0.24230384759822404
0 1 0 1 1 0 1 1 1 0 0 1 0 1 1 1 0 1 1 1 1 0 0 1 1 0 1 0 0 1 1 1 1 1 1 0 1 1 1 1 16099.0 13036.0 16030.0 16294.0 0 0.07921321688082492
0 1 0 1 1 1 1 1 1 0 0 1 0 1 1 1 0 1 1 0 1 1 0 1 1 0 1 0 0 1 0 0 1 1 1 0 1 1 1 1 16220.0 12761.0 15905.0 16294.0 0 0.2264855865649105
1 1 0 1 1 0 1 1 1 0 0 1 0 1 1 1 1 1 1 1 1 0 0 1 1 0 1 0 0 1 0 1 1 0 1 0 1 1 1 1 15739.0 13419.0 16391.0 16205.0 0 0.2529427758848046
1 1 0 0 1 1 1 1 0 0 0 1 1 1 1 1 0 1 1 1 1 1 0 1 1 0 1 0 0 1 0 0 1 1 1 0 1 1 1 1 17040.0 11742.0 16253.0 16125.0 0 0.4055069192249202
1 1 0 0 1 1 1 1 1 0 0 1 1 1 0 1 1 1 1 1 1 0 0 1 1 0 1 0 0 1 0 1 1 0 1 0 1 1 1 1 16405.0 13214.0 15307.0 16076.0 0 0.3540192534438317
1 1 0 0 0 0 1 1 1 0 0 1 1 1 1 1 0 1 1 1 1 1 0 1 1 0 1 1 0 1 0 0 1 1 1 0 1 1 1 1 15994.0 11988.0 16698.0 16036.0 0 0.23550945934679304
0 1 0 1 1 1 1 1 1 0 0 1 0 1 0 1 1 1 1 1 1 0 0 1 1 0 1 0 0 1 0 1 1 0 1 0 1 1 1 1 15608.0 13474.0 15237.0 15998.0 0 0.18205789761077193
0 1 0 1 1 0 1 1 0 0 0 1 0 1 1 1 1 1 1 1 1 1 0 1 1 0 1 0 0 1 0 1 1 1 1 0 1 1 1 1 16319.0 12325.0 16600.0 15958.0 0 0.17412420457108815
1 1 0 1 1 0 1 1 1 0 0 1 1 1 1 1 0 1 1 1 1 0 0 1 1 0 0 0 1 1 0 1 1 0 1 0 1 1 1 1 15248.0 13561.0 15558.0 15897.0 0 0.319289904756049
1 1 0 0 1 1 1 1 0 0 0 1 0 1 1 1 1 1 1 1 1 1 0 1 1 0 1 0 0 1 0 0 1 1 1 0 1 1 1 1 17152.0 12174.0 16494.0 15877.0 0 0.13215141786731743
0 1 0 1 1 0 1 1 1 0 0 1 1 1 0 1 1 1 1 1 1 0 0 1 1 0 1 0 0 1 0 1 1 1 1 0 1 1 1 1 16203.0 13187.0 15838.0 15872.0 0 0.17697516022042364
1 1 0 0 1 1 1 1 0 0 0 1 1 1 0 1 1 1 1 1 1 0 0 1 1 0 1 0 0 1 0 1 1 1 1 0 1 1 1 1 17151.0 12543.0 15650.0 15722.0 0 0.2268997475930002
1 1 0 1 0 0 1 1 1 0 0 1 0 1 1 1 1 1 1 1 1 0 0 1 1 0 1 0 0 1 0 0 1 1 1 0 1 1 1 1 15785.0 12614.0 16610.0 15618.0 0 0.24936408152953218
0 1 0 1 1 1 1 1 1 0 0 1 0 1 1 1 1 1 1 1 1 0 0 1 1 0 1 0 1 1 0 1 0 0 1 0 1 0 1 1 14834.0 13842.0 14214.0 15498.0 0 0.37716770845676617
1 1 0 1 1 0 1 1 0 0 0 1 0 1 1 1 1 1 1 1 1 0 0 1 1 0 1 0 0 1 0 0 1 1 1 0 1 1 1 1 16204.0 12377.0 16701.0 15249.0 0 0.12593514618079021
1 1 0 1 1 0 1 1 1 0 0 1 0 1 1 1 0 1 0 1 1 1 0 1 1 0 1 0 0 1 0 0 1 1 1 0 1 1 1 1 15684.0 12461.0 16873.0 15243.0 0 1000000000000000.2
1 1 0 0 1 1 1 1 0 0 0 1 1 1 0 1 1 1 1 1 1 0 0 1 0 0 1 0 0 1 1 1 1 1 1 0 1 1 1 1 17212.0 12135.0 15306.0 15051.0 0 1000000000000000.1
0 1 0 1 1 1 1 1 1 0 0 1 0 1 0 1 1 1 1 1 1 1 0 1 1 0 1 0 1 1 0 1 0 0 1 0 1 0 1 1 15397.0 13794.0 14238.0 14951.0 0 0.2973925699185032
1 1 0 1 1 0 1 0 1 0 0 1 0 1 1 1 1 1 1 1 1 0 0 1 1 0 0 0 1 1 0 1 1 0 1 0 1 1 1 1 14382.0 13769.0 14938.0 14814.0 0 1000000000000000.0
1 1 0 1 1 0 1 1 1 0 0 1 0 1 1 1 1 1 1 1 1 0 0 1 1 0 0 0 1 1 0 1 1 0 1 0 1 0 1 1 14683.0 13821.0 14821.0 14805.0 0 0.2466833091836999
1 1 0 1 1 0 1 1 0 0 0 1 1 0 1 1 0 1 1 1 1 1 0 1 1 0 1 0 0 1 0 0 1 1 1 0 1 1 1 1 16090.0 11546.0 16706.0 14795.0 0 2000000000000000.0
0 1 0 0 1 1 1 1 1 1 0 0 1 1 1 0 0 1 1 1 1 1 0 1 1 0 1 0 0 1 0 1 1 0 0 0 1 1 1 1 14246.0 12172.0 13618.0 17410.0 1 2000000000000000.0
1 1 0 0 1 1 1 1 0 0 0 1 1 1 0 1 1 1 1 1 1 1 0 1 1 0 1 0 0 1 0 1 1 1 1 0 0 1 0 1 16891.0 11428.0 14653.0 15833.0 1 1000000000000000.1
1 1 0 0 1 1 1 1 0 0 0 1 1 1 0 1 1 0 1 1 1 0 0 1 1 0 1 0 0 1 0 1 1 1 1 0 1 1 1 1 16990.0 11578.0 14791.0 14991.0 1 1000000000000000.1
0 1 0 1 1 1 1 1 1 0 0 0 0 1 1 1 0 1 0 1 1 0 0 1 1 0 0 1 1 1 0 1 1 0 1 0 1 0 1 1 12754.0 13603.0 13866.0 14797.0 1 1000000000000000.1
0 1 0 1 1 1 1 1 1 0 0 1 0 1 0 1 1 1 1 1 1 0 0 1 1 0 0 0 1 1 0 1 1 0 1 0 1 0 1 1 14552.0 13876.0 13667.0 14598.0 1 1000000000000000.1
1 1 0 1 1 0 1 1 1 0 0 1 0 1 1 1 1 1 0 1 1 0 0 1 1 0 0 0 1 1 0 1 1 0 1 0 1 0 1 1 13929.0 13608.0 14815.0 13960.0 1 1000000000000000.1
1 1 0 1 1 0 1 1 0 0 0 1 0 1 1 1 1 1 0 1 1 1 0 1 1 0 1 0 0 1 0 1 1 0 1 0 1 1 1 1 15484.0 12431.0 16867.0 14979.0 1 1000000000000000.0
0 1 0 1 1 1 1 1 1 0 0 1 0 1 1 0 1 1 0 1 1 0 0 1 1 0 0 0 1 1 0 1 1 0 1 0 1 0 1 1 13090.0 13762.0 13941.0 14431.0 1 0.39283330523794285
0 1 0 1 1 1 1 1 1 0 0 1 0 0 1 0 0 1 1 1 1 0 1 1 1 0 1 0 1 1 0 1 1 0 1 0 1 0 1 1 13485.0 13502.0 14720.0 15594.0 1 0.2679275887231176
1 1 0 1 1 0 1 1 1 0 0 1 0 1 0 1 1 1 1 1 1 0 0 1 1 0 1 0 1 1 0 1 0 0 1 0 1 0 1 1 14761.0 13513.0 14222.0 14031.0 1 0.2533702111000303
1 1 0 1 1 0 1 1 1 0 0 1 0 1 1 1 1 1 1 0 1 0 0 1 1 0 0 0 1 1 0 1 1 0 1 0 1 0 1 1 14494.0 13716.0 14428.0 14381.0 1 0.23820514287402875
0 1 0 0 0 1 1 1 1 1 0 0 1 1 1 0 0 1 1 1 1 1 0 1 1 0 1 0 0 1 0 1 1 0 1 0 1 1 1 1 14460.0 11912.0 14398.0 17184.0 1 0.20628600778052972
0 1 0 1 1 1 1 1 1 0 0 0 0 1 1 1 0 1 1 1 1 1 0 1 1 0 1 0 0 1 0 1 1 0 1 0 1 1 1 1 15054.0 12790.0 15353.0 16977.0 1 0.17099826473958207
1 1 0 1 1 0 1 1 0 0 0 1 1 1 1 1 0 1 0 1 1 1 0 1 1 0 1 0 0 1 0 1 1 0 1 0 1 1 1 1 15372.0 11999.0 16626.0 15227.0 1 0.1564691629784773
1 1 0 1 1 0 1 1 1 0 0 1 0 1 1 1 1 1 1 1 1 0 0 1 1 0 1 0 0 1 0 0 1 1 1 0 1 0 1 1 15693.0 13069.0 15838.0 15076.0 1 0.15452483872936115
0 1 0 0 0 1 1 1 1 1 0 0 1 1 1 0 0 1 1 1 1 1 0 1 1 0 1 0 0 1 0 0 1 1 1 0 1 1 1 1 15091.0 11734.0 14823.0 16899.0 1 0.14953119662185377
1 1 0 0 1 1 1 1 1 0 0 1 1 1 1 1 0 0 1 1 1 1 0 1 1 0 1 0 0 1 0 1 1 0 1 0 1 1 1 1 16414.0 11819.0 15084.0 16350.0 1 0.14205153393356648
1 1 0 0 1 1 1 1 1 0 0 1 1 1 0 1 1 1 1 1 1 0 0 1 1 0 1 0 0 1 0 0 1 1 1 0 1 0 1 1 16359.0 12864.0 14754.0 14947.0 1 0.13570511419105535
1 1 0 1 1 0 1 1 1 0 0 0 0 1 1 1 1 1 1 1 1 0 0 1 1 0 0 0 1 1 0 1 1 0 1 0 1 0 1 1 13959.0 13567.0 14301.0 14779.0 1 0.13558642133697987
1 1 0 1 0 0 1 1 1 0 0 1 0 1 1 1 0 1 1 1 1 0 0 1 1 0 1 0 0 1 0 1 1 1 1 0 1 1 1 1 15469.0 12329.0 16109.0 16098.0 1 0.13256506551703107
0 1 0 1 1 1 1 1 1 0 0 0 0 1 1 1 1 1 1 1 1 0 0 1 1 0 1 0 1 1 0 1 0 0 1 0 1 0 1 1 14110.0 13588.0 13694.0 15472.0 1 0.12978568349955513
0 1 0 1 1 1 1 1 1 0 0 1 0 1 1 1 0 1 1 1 1 0 0 1 1 0 1 0 0 1 0 1 1 0 1 0 1 1 1 1 15113.0 12955.0 15276.0 16713.0 1 0.129551700517826
1 1 0 0 1 1 1 1 0 0 0 1 0 1 1 1 1 1 1 1 1 0 0 1 1 0 1 0 0 1 0 1 1 1 1 0 1 1 1 1 16768.0 12456.0 15930.0 16189.0 1 0.1255254371482344
1 1 0 1 1 0 1 1 0 0 0 1 1 1 0 1 1 1 1 1 1 0 0 1 1 0 1 0 0 1 0 1 1 1 1 0 1 1 0 1 16657.0 12528.0 15468.0 15335.0 1 0.1215984928292866
0 1 0 1 1 1 1 1 1 0 0 0 0 1 1 1 1 1 1 1 1 0 0 1 1 0 1 0 0 1 0 0 1 1 1 0 1 1 1 1 15617.0 13179.0 15715.0 16524.0 1 0.12036027031300253
1 1 0 1 0 0 1 1 1 0 0 1 0 1 1 1 1 1 1 1 1 0 0 1 1 0 1 0 0 1 0 1 1 0 1 0 1 1 1 1 15154.0 12792.0 16185.0 15903.0 1 0.12031176626841807
1 1 0 0 0 0 1 1 1 1 0 1 1 1 1 1 0 1 1 0 1 0 0 1 1 0 1 0 0 1 0 1 1 1 1 0 1 1 1 1 16081.0 12011.0 15260.0 16342.0 1 0.11756917290808416
1 1 0 0 1 1 1 1 0 0 0 1 1 1 0 1 1 1 1 1 1 0 0 1 1 0 1 0 0 1 0 1 1 1 1 0 1 1 0 1 16940.0 12236.0 14664.0 15673.0 1 0.11713901512687243
1 1 0 0 1 1 1 1 0 0 0 1 0 1 1 1 0 1 1 1 1 1 0 1 1 0 1 0 0 1 0 0 1 1 1 0 1 1 1 1 16555.0 11518.0 15960.0 15755.0 1 0.11545418159962231
0 1 0 1 1 1 1 1 1 0 0 0 0 1 1 1 1 1 0 1 1 1 0 1 1 0 1 0 0 1 0 1 1 0 1 0 1 1 1 1 14897.0 13233.0 15881.0 16254.0 1 0.11164995267548301
0 1 0 1 1 1 1 1 1 0 0 1 0 1 0 1 1 1 1 1 1 0 0 1 1 0 1 0 1 1 0 1 0 0 1 0 1 0 1 1 14732.0 13705.0 13641.0 14661.0 1 0.11100279890767814
1 1 0 1 1 0 1 1 1 0 0 1 0 1 1 1 1 1 1 1 1 0 0 1 1 0 0 0 1 1 0 1 0 0 1 0 1 1 1 1 14711.0 13536.0 14879.0 14736.0 1 0.1064493152118618
0 1 0 1 1 1 1 1 1 0 0 1 0 1 1 1 0 1 1 1 1 0 0 1 1 0 1 0 1 1 0 0 1 1 1 0 1 0 1 1 15517.0 13465.0 15025.0 16004.0 1 0.10234469081520696
1 1 1 0 1 1 1 1 0 0 0 1 0 1 1 1 0 1 1 1 1 0 0 1 1 0 1 0 0 1 0 1 1 1 1 0 1 1 1 1 16207.0 12402.0 15409.0 16308.0 1 0.10164640772721227
0 1 0 0 0 1 1 1 0 1 0 0 1 1 1 1 1 1 1 1 1 0 0 1 1 0 1 0 0 1 0 1 1 1 1 0 1 1 1 1 15948.0 11846.0 14971.0 16821.0 1 0.10066768849866894
1 1 0 1 1 0 1 1 1 0 0 1 0 1 1 1 0 1 0 1 0 1 0 1 1 0 1 1 0 0 0 1 1 0 1 0 1 1 1 1 14397.0 12449.0 16578.0 13990.0 1 0.09947092000227443
0 1 0 1 1 1 1 1 1 0 0 0 1 1 1 1 0 1 0 1 1 1 0 1 1 0 1 0 0 1 0 1 1 1 1 0 0 1 1 1 14983.0 12097.0 15490.0 16689.0 1 0.09829044396044481
1 1 0 1 1 0 1 1 0 0 0 1 0 1 1 0 0 1 1 1 1 1 0 1 1 0 1 0 0 1 0 1 1 1 1 0 1 1 1 1 15743.0 12143.0 16504.0 15860.0 1 0.09826755143875321
1 1 0 1 1 0 1 1 1 0 0 1 0 1 1 1 1 1 1 1 1 0 0 1 1 0 1 0 0 0 0 1 1 0 1 0 1 1 1 1 15298.0 12922.0 16190.0 15243.0 1 0.09762731994072088
1 1 0 1 1 0 1 1 1 0 0 1 0 1 1 1 1 1 1 0 1 0 0 1 1 0 1 0 0 1 0 1 1 1 1 0 1 0 1 1 15785.0 13335.0 15478.0 15254.0 1 0.095942770054377
0 1 0 1 1 1 1 1 1 0 0 0 0 1 1 1 1 1 1 1 1 0 0 1 1 0 0 0 1 1 0 1 1 0 1 0 1 0 1 1 13930.0 13759.0 13720.0 15409.0 1 0.09591381788182271
1 1 0 0 1 1 1 1 0 0 0 1 0 1 1 1 1 1 1 1 1 1 0 1 1 0 1 0 0 1 0 0 1 0 1 0 1 1 1 1 16240.0 11981.0 16036.0 15560.0 1 0.09540507794982354
0 1 0 1 1 0 1 1 1 0 0 1 0 1 1 1 1 1 1 1 1 0 0 1 1 0 1 0 0 1 0 0 1 1 1 0 1 1 1 1 15539.0 12729.0 16085.0 15737.0 1 0.09037182949669204
1 1 0 1 1 0 1 1 0 0 0 1 0 1 1 1 1 1 1 0 1 0 0 1 1 0 1 0 0 1 0 1 1 1 1 0 1 1 1 1 16296.0 12643.0 16341.0 15427.0 1 0.08911234240856189
1 1 0 1 1 0 1 1 1 0 0 0 0 1 1 1 1 1 1 1 1 1 0 1 1 0 1 0 1 1 0 1 0 0 1 0 1 0 1 1 14804.0 13485.0 14872.0 15132.0 1 0.08703180497412483
1 1 0 1 1 0 1 1 0 0 0 0 0 1 1 1 1 1 1 0 1 1 0 1 1 0 1 0 0 1 0 0 1 1 1 0 1 1 1 1 15956.0 12107.0 16385.0 15089.0 1 0.08123086801719268
0 1 0 1 1 1 1 1 0 0 0 0 0 1 1 1 1 1 1 1 1 0 0 1 1 0 1 0 0 1 0 1 1 1 1 0 1 1 1 1 15732.0 12686.0 15633.0 16455.0 1 0.08087409472484818
0 1 0 1 1 1 1 1 1 0 0 1 0 1 1 1 0 1 1 1 1 1 0 1 1 0 1 0 0 1 0 1 1 1 1 0 1 1 1 0 15811.0 12477.0 15609.0 16519.0 1 0.07919288280105324
0 1 0 1 1 0 1 1 0 0 0 1 1 1 1 1 1 1 1 1 1 0 0 1 1 0 1 0 0 1 0 0 1 1 1 0 1 1 1 1 15858.0 12089.0 16263.0 15436.0 1 0.07901969467812779
1 1 0 0 1 0 1 1 1 0 0 1 0 1 1 1 1 1 1 1 1 0 0 1 1 0 1 0 0 1 0 1 1 1 1 0 1 1 1 1 16132.0 12616.0 15895.0 16047.0 1 0.07650179786679027
0 1 0 1 1 0 1 1 0 0 0 1 0 1 1 1 1 1 1 1 1 1 0 1 1 0 1 0 0 1 0 0 1 1 1 0 1 1 1 1 16038.0 11954.0 16567.0 15356.0 1 0.07546389878989306
1 1 0 1 1 0 1 1 1 0 0 1 0 1 1 1 1 1 1 0 1 0 0 1 1 0 1 0 0 1 0 1 1 0 1 0 1 1 1 1 15550.0 13314.0 15998.0 15781.0 1 0.07483475702804991
0 1 0 1 1 1 1 1 1 0 0 0 0 1 1 1 1 1 1 0 1 0 0 1 1 0 1 0 0 1 0 1 1 0 1 0 1 1 1 1 14797.0 13252.0 14897.0 16385.0 1 0.0735562946152244
1 1 0 1 1 0 1 1 0 0 0 0 1 1 1 1 1 1 1 0 1 0 0 1 1 0 1 0 0 1 0 1 1 1 1 0 1 1 1 1 16057.0 12613.0 16114.0 15771.0 1 0.0730256119499304
1 1 0 0 1 1 1 1 0 0 0 0 0 1 1 1 1 1 1 1 1 1 0 1 1 0 1 0 0 1 0 1 1 1 1 0 1 1 0 1 16498.0 11984.0 15021.0 16404.0 1 0.0726218776121767
1 1 0 1 1 0 1 1 0 1 0 0 1 1 1 1 0 1 0 1 1 0 0 1 1 0 1 0 0 1 0 1 1 1 1 0 1 1 1 1 15730.0 12408.0 16172.0 16001.0 1 0.07136445075895631
1 1 0 0 1 0 1 1 0 0 0 1 0 1 1 1 1 1 1 1 1 1 0 1 1 0 1 0 0 1 0 1 1 1 1 0 1 1 1 1 16631.0 11841.0 16377.0 15666.0 1 0.07073291763968095
1 1 0 1 1 0 1 1 1 0 0 1 0 1 0 1 1 1 1 1 1 0 0 1 1 0 1 0 0 1 0 1 1 0 1 0 1 1 1 1 15637.0 13282.0 15818.0 15368.0 1 0.06926557078140252
1 1 0 1 1 1 1 1 1 0 0 0 0 1 1 1 0 1 1 1 1 1 0 1 1 0 1 0 0 1 0 0 1 1 1 0 1 0 1 1 15839.0 12952.0 15531.0 16031.0 1 0.06812602141639272
1 1 0 0 1 1 1 1 0 0 0 0 1 1 1 0 0 1 1 1 1 1 0 1 1 0 1 0 0 1 0 1 1 1 1 0 1 1 1 1 15787.0 11821.0 15473.0 16542.0 1 0.06602875108621314
0 1 0 1 1 0 1 1 1 0 0 1 1 1 0 1 1 1 1 1 1 0 0 1 1 0 1 0 0 1 0 1 1 1 1 0 1 1 0 1 15992.0 12880.0 14852.0 15823.0 1 0.06516692775255026
1 1 0 0 1 0 1 1 0 0 0 1 0 1 1 1 1 1 1 0 1 1 0 1 1 0 1 0 0 1 1 1 1 0 1 0 1 1 1 1 16406.0 12135.0 15972.0 15002.0 1 0.0640234170650325
1 1 0 0 0 0 1 1 1 1 0 0 1 1 1 0 0 1 1 1 1 1 0 1 1 0 1 0 0 1 0 1 1 1 1 0 1 1 1 1 15401.0 11913.0 15437.0 16871.0 1 0.06385097170018175
1 1 0 0 1 1 1 1 1 0 0 0 0 1 1 1 1 1 1 1 1 0 0 1 1 0 1 0 0 1 0 0 1 1 1 0 1 1 1 1 15929.0 12695.0 15492.0 16232.0 1 0.06319256431576609
