1 1 0 0 0 0 1 1 1 1 0 0 1 1 1 0 0 1 1 1 1 1 0 1 1 0 1 0 0 1 0 1 1 1 1 0 1 1 1 1 15401.0 11913.0 15437.0 16871.0 0 2000000000000000.2
0 1 0 1 1 0 1 1 1 1 0 0 1 1 1 0 0 1 1 1 1 1 0 1 1 0 1 0 0 1 0 1 1 1 1 0 1 1 1 0 14795.0 12264.0 15144.0 16664.0 0 0.40798850402737835
1 1 0 0 1 1 1 1 0 0 0 0 0 1 1 1 1 1 1 1 1 1 0 1 1 0 1 0 0 1 0 1 1 1 1 0 1 1 1 1 16709.0 12291.0 16007.0 16453.0 0 0.4756353874932474
1 1 0 0 1 1 1 1 0 0 0 1 0 1 1 1 1 1 1 1 1 0 0 1 1 0 1 0 0 1 0 1 1 1 1 0 1 1 1 1 16768.0 12456.0 15930.0 16189.0 0 0.4132077303241872
1 1 0 1 1 1 1 1 1 0 0 0 0 1 1 0 0 1 1 1 1 0 0 1 1 0 1 0 0 0 0 1 1 1 1 0 1 1 1 1 14881.0 12871.0 15451.0 16066.0 0 0.48868042592535393
0 1 0 1 1 0 1 1 0 0 0 1 0 1 1 1 1 1 1 1 1 1 0 1 1 0 1 0 0 1 0 1 1 1 1 0 1 1 1 1 16319.0 12325.0 16600.0 15958.0 0 0.620680109231931
0 1 0 1 1 1 1 1 1 0 0 1 0 1 1 1 1 1 1 1 1 0 0 1 1 0 1 0 0 0 0 1 1 0 1 0 1 1 1 1 15269.0 13114.0 15609.0 15873.0 0 0.6654293129235972
1 1 0 1 1 0 1 1 0 0 0 0 0 1 1 1 1 1 1 1 1 0 0 1 1 0 1 0 0 1 0 1 1 1 1 0 1 1 1 1 15761.0 12494.0 16214.0 15825.0 0 0.5122224260802709
1 1 0 1 0 0 1 1 1 0 0 1 0 1 1 1 1 1 1 1 1 0 0 1 1 0 1 0 0 1 0 0 1 1 1 0 1 1 1 1 15785.0 12614.0 16610.0 15618.0 0 1000000000000000.2
1 1 0 0 1 1 1 1 0 0 0 1 0 1 1 1 1 1 1 0 1 1 0 1 1 0 1 0 0 1 0 0 1 1 1 0 1 1 1 1 16963.0 12069.0 16101.0 15453.0 0 1000000000000000.4
1 0 0 0 1 1 1 1 1 0 0 1 1 1 0 1 1 1 1 1 1 0 0 1 1 0 1 0 0 1 0 1 1 1 1 0 1 1 0 1 16898.0 12140.0 14060.0 15392.0 0 0.3447809313792922
1 1 0 1 1 1 1 0 0 0 0 0 0 1 1 1 1 1 1 0 1 0 0 1 1 0 1 0 0 1 0 1 1 1 1 0 1 1 1 1 15396.0 12869.0 15110.0 15379.0 0 0.22069990745511997
1 1 0 1 1 0 1 1 1 1 0 0 1 1 1 1 0 1 0 1 1 1 0 1 1 0 1 0 1 1 0 1 0 0 1 0 1 0 1 1 14773.0 13399.0 14830.0 15308.0 0 0.6694369141613967
1 1 0 1 1 0 1 1 0 0 0 1 0 1 1 1 1 1 1 1 1 0 0 1 1 0 1 0 0 1 0 1 1 1 1 0 1 0 1 1 15808.0 12576.0 15756.0 15007.0 0 0.40281379080348495
1 1 0 1 1 0 1 1 1 0 0 1 0 1 1 1 1 1 1 1 1 0 0 1 1 0 0 0 1 1 0 1 1 0 1 0 1 0 1 1 14683.0 13821.0 14821.0 14805.0 0 2000000000000000.5
1 1 0 0 1 1 1 1 1 0 0 1 1 1 0 1 1 1 1 1 1 0 0 1 1 0 1 0 0 1 0 1 0 1 1 0 1 0 1 1 15991.0 12778.0 13867.0 14636.0 0 1000000000000000.6
1 1 0 0 1 1 1 1 0 0 0 1 1 1 0 1 1 1 1 1 1 1 0 1 1 0 0 0 1 1 0 1 1 0 1 0 1 0 1 1 15848.0 12841.0 14219.0 14295.0 0 1000000000000000.4
0 1 0 1 1 0 1 1 1 1 0 0 1 1 1 0 0 1 1 1 1 1 0 1 1 0 1 0 0 1 0 1 1 1 1 0 1 1 0 0 14584.0 11957.0 14158.0 16615.0 1 1000000000000000.1
1 1 0 0 0 0 1 1 1 1 0 0 1 1 1 0 0 1 1 1 1 1 0 1 1 0 1 0 0 1 0 1 1 0 1 0 1 1 1 1 14489.0 11720.0 14979.0 16554.0 1 0.22013567178784726
0 1 0 0 0 0 1 1 1 1 0 1 0 1 1 1 1 1 1 1 1 0 0 1 1 0 1 0 0 1 0 1 1 1 1 0 1 1 1 1 15551.0 12036.0 15163.0 16335.0 1 0.18420732750376256
1 1 0 0 0 0 1 1 1 1 0 0 1 1 1 0 0 1 1 1 1 1 0 1 1 0 1 0 0 1 0 0 1 1 1 0 1 1 1 1 15120.0 11542.0 15404.0 16269.0 1 0.27348641907262694
1 1 0 0 1 1 1 1 0 0 0 0 0 1 1 1 1 1 1 1 1 0 0 1 1 0 1 0 0 1 0 1 1 1 1 0 1 1 1 1 16044.0 12202.0 15410.0 16163.0 1 0.16938600016364447
1 1 0 0 1 0 1 1 0 1 0 0 1 1 1 0 0 1 1 1 1 1 0 1 1 0 1 0 0 1 0 0 1 1 1 0 1 1 1 1 15539.0 11305.0 15495.0 15900.0 1 0.3899935381804761
1 1 0 1 1 0 1 1 0 0 0 0 1 1 1 0 0 1 1 1 1 1 0 1 1 0 1 0 0 1 0 1 1 0 1 0 1 1 1 1 14592.0 11920.0 15819.0 15887.0 1 0.12018766190246415
1 1 0 1 1 1 1 1 1 0 0 0 0 1 1 0 0 1 0 1 1 0 0 1 1 0 1 0 0 1 0 1 1 0 1 0 1 1 1 1 13656.0 12962.0 15188.0 15866.0 1 0.30166478160804344
1 1 0 1 1 0 1 1 0 0 0 1 0 1 1 0 0 1 1 1 1 1 0 1 1 0 1 0 0 1 0 1 1 1 1 0 1 1 1 1 15743.0 12143.0 16504.0 15860.0 1 0.17553235520632546
0 1 0 1 1 0 1 1 1 1 0 0 1 1 1 0 0 1 1 1 1 1 0 1 1 0 1 0 1 0 0 1 1 0 1 0 1 0 1 1 14094.0 13022.0 14531.0 15762.0 1 0.3065390086975818
1 1 0 0 0 0 1 1 1 1 0 1 0 1 1 1 1 1 1 1 1 0 0 1 1 0 1 0 0 1 0 1 1 1 1 0 1 0 1 1 15705.0 12376.0 14916.0 15674.0 1 0.1348521973158562
0 1 0 1 1 0 1 1 0 0 0 1 0 1 1 1 1 1 1 1 1 0 0 1 1 0 1 0 0 1 0 1 1 1 1 0 1 1 1 1 15654.0 12236.0 16003.0 15668.0 1 0.21445138276993386
1 1 0 1 0 1 1 0 0 0 0 0 0 1 1 1 1 1 1 1 1 1 0 1 1 0 1 0 0 1 0 1 1 0 1 0 1 1 1 1 14753.0 12243.0 15436.0 15474.0 1 0.1777546814304828
1 1 0 0 1 0 1 1 0 0 0 1 0 1 1 1 1 1 1 1 1 0 0 1 1 0 1 0 0 1 0 1 1 1 1 0 1 1 1 1 15966.0 11752.0 15780.0 15376.0 1 0.21238388962117347
1 1 0 0 1 1 1 1 0 0 0 1 0 1 1 1 1 1 1 1 1 0 0 1 1 0 1 0 0 1 0 1 1 1 1 0 1 0 1 1 16091.0 12284.0 14952.0 15345.0 1 1000000000000000.0
0 1 0 1 1 1 1 1 0 1 0 0 0 1 1 0 1 1 1 1 1 0 0 1 1 0 1 0 0 1 0 1 0 1 1 0 1 0 1 1 14431.0 12578.0 13647.0 15312.0 1 0.3138889234042929
0 1 0 1 1 1 1 1 1 1 0 1 0 1 0 0 1 1 1 1 1 0 0 1 0 0 1 0 0 1 0 1 1 1 1 0 1 0 0 1 14842.0 12709.0 12853.0 15288.0 1 0.25448158653316966
1 1 0 1 1 0 1 1 0 0 0 0 0 1 1 1 1 1 1 0 1 1 0 1 1 0 1 0 0 1 0 0 1 1 1 0 1 1 1 1 15956.0 12107.0 16385.0 15089.0 1 0.23936806285204998
1 1 0 1 1 0 1 0 0 0 0 1 0 1 1 1 1 1 1 1 1 0 0 1 1 0 1 0 0 1 0 1 1 1 1 0 1 1 1 1 15507.0 12524.0 15873.0 15016.0 1 0.24564068895203456
1 1 0 1 1 0 1 1 0 0 0 1 0 1 1 0 0 1 1 1 1 1 0 1 1 0 1 1 0 0 0 1 1 0 1 0 1 1 1 1 14565.0 12166.0 16531.0 14936.0 1 1000000000000000.0
1 1 0 0 1 1 1 1 0 0 1 0 1 1 0 0 1 1 1 1 1 0 0 1 1 0 1 0 0 1 0 1 1 1 1 0 1 0 1 1 15690.0 12491.0 14825.0 14921.0 1 0.11732494556773626
1 1 0 1 1 0 1 1 0 0 0 1 0 1 1 1 1 1 1 0 1 0 0 1 1 0 1 0 0 1 0 0 1 1 1 0 1 1 1 1 16015.0 12272.0 16308.0 14825.0 1 0.17487416508757725
1 1 0 1 1 1 1 0 0 0 0 0 0 1 1 1 1 1 1 1 1 1 0 1 1 0 0 0 0 1 0 1 1 0 1 0 1 1 1 1 14509.0 12584.0 14748.0 14800.0 1 0.1712601661051619
1 1 0 1 1 0 1 0 1 0 0 1 0 1 1 1 1 1 1 1 1 0 0 1 1 0 0 0 1 1 0 1 1 0 1 0 1 1 0 1 14171.0 13462.0 13952.0 14765.0 1 0.29174180309577524
1 1 0 1 1 0 1 1 0 0 0 0 1 1 1 1 1 1 1 1 1 1 0 1 1 0 0 0 1 1 0 1 0 0 1 0 1 1 1 1 14971.0 12731.0 15134.0 14699.0 1 0.1853462274293299
1 1 0 1 1 0 1 1 0 0 0 1 0 1 1 1 1 1 1 0 1 0 0 1 1 0 1 0 0 1 0 1 1 1 1 0 1 0 1 1 15619.0 12471.0 15363.0 14583.0 1 0.18028664019511512
1 0 0 0 1 1 1 1 0 0 0 0 0 1 1 1 1 1 1 1 1 1 0 1 1 0 1 0 0 0 0 1 1 1 1 0 1 1 1 1 16060.0 10834.0 15087.0 14539.0 1 1000000000000000.0
1 1 0 1 1 1 1 0 0 0 0 0 0 1 1 1 1 1 1 1 1 1 0 1 1 0 1 0 1 1 0 1 0 0 1 0 1 0 1 1 14462.0 13101.0 14046.0 14439.0 1 0.09597515595651845
0 1 0 1 1 0 1 1 0 0 0 1 0 1 1 0 1 1 0 1 1 0 0 1 1 0 1 1 0 1 0 0 1 1 1 0 1 1 1 1 13984.0 12327.0 16357.0 14417.0 1 0.11758487677608367
0 1 0 1 1 1 1 1 1 0 0 1 0 1 1 0 1 1 1 1 1 0 0 1 1 0 0 0 1 1 0 1 0 0 1 0 1 0 1 1 13195.0 13518.0 13027.0 14363.0 1 0.35273270700542336
1 1 0 1 1 1 1 1 0 0 0 0 0 1 1 1 1 1 1 1 1 1 0 1 1 0 0 0 1 1 0 1 0 0 1 0 1 0 1 1 14611.0 13039.0 14013.0 14298.0 1 0.11843372134178629
1 1 0 0 1 1 1 1 0 0 0 1 1 1 0 1 1 1 1 1 1 1 0 1 1 0 0 0 1 1 0 1 1 0 1 0 1 0 0 1 15637.0 12534.0 13233.0 14246.0 1 0.2380054485139119
1 1 0 1 1 0 1 1 1 0 0 0 0 1 1 1 1 1 1 1 1 1 0 1 1 0 0 0 1 1 0 1 0 0 1 0 1 0 1 1 13975.0 13199.0 13978.0 14156.0 1 0.25318301867678983
1 1 0 1 1 0 1 1 0 0 0 0 0 1 1 1 1 1 1 0 1 0 0 1 1 0 1 1 1 0 0 1 1 0 1 0 1 0 1 1 14167.0 13100.0 15172.0 14053.0 1 0.08921296749006981
1 1 0 1 1 0 1 1 1 0 0 0 0 1 1 1 1 1 1 0 1 1 0 1 1 0 0 0 1 1 0 1 0 1 1 0 1 0 1 1 14698.0 13287.0 14043.0 14049.0 1 0.17275697966654224
1 1 0 0 1 0 1 1 1 0 0 1 0 0 1 0 1 1 0 1 1 1 1 1 1 0 1 0 1 1 0 1 0 0 1 0 1 1 1 1 13531.0 12561.0 15530.0 13987.0 1 0.32154906882561884
0 1 0 1 1 1 1 1 1 0 0 1 0 1 1 0 1 1 1 1 1 1 0 0 1 0 0 0 1 1 0 1 0 0 1 0 1 0 1 1 12976.0 13553.0 12813.0 13802.0 1 3000000000000000.0
1 1 0 1 0 1 1 1 0 0 0 1 1 1 0 1 1 1 1 1 1 1 0 1 1 0 0 0 1 1 0 1 0 0 1 0 1 0 1 1 15133.0 12753.0 14047.0 13555.0 1 1000000000000000.2
1 1 1 1 1 1 1 1 1 0 0 0 0 1 1 0 1 1 1 1 1 0 0 0 1 0 0 0 1 1 0 1 0 0 0 0 1 1 0 0 11242.0 13062.0 10724.0 13828.0 2 2000000000000000.0
1 1 1 1 1 1 1 1 1 0 0 0 0 1 1 0 1 1 1 1 1 0 0 0 1 0 0 0 0 1 0 1 0 0 1 0 1 0 1 1 12004.0 13464.0 12138.0 13490.0 2 1000000000000000.6
1 1 1 0 0 0 1 1 1 1 0 0 0 1 1 0 0 1 1 1 1 0 0 1 1 0 1 0 0 1 0 1 1 1 0 0 1 1 1 1 13488.0 11835.0 13574.0 16376.0 2 1000000000000000.1
1 1 0 0 0 0 1 1 0 1 0 0 1 1 1 0 0 1 1 1 1 1 0 1 1 0 1 0 0 1 0 1 1 0 1 0 1 1 1 1 14323.0 10856.0 14864.0 15883.0 2 1000000000000000.1
1 1 0 0 1 1 1 1 0 0 0 1 0 1 1 1 1 1 1 0 1 1 0 1 1 0 1 0 0 1 0 0 1 1 1 0 1 0 0 1 16075.0 11590.0 14137.0 14560.0 2 1000000000000000.1
1 1 0 1 1 0 1 1 0 0 0 1 0 1 1 0 0 1 1 1 1 0 1 1 1 0 1 0 0 0 0 1 1 1 1 0 1 1 1 1 14713.0 11942.0 16470.0 15064.0 2 1000000000000000.0
1 1 0 1 1 1 1 1 0 0 0 0 0 1 1 1 1 1 0 1 1 0 0 0 1 0 1 0 1 1 1 0 1 0 1 0 1 0 1 0 13502.0 12887.0 14104.0 12875.0 2 1000000000000000.0
0 1 1 1 1 0 1 1 1 0 0 1 0 1 0 0 1 1 1 1 1 0 0 1 1 0 0 0 1 1 0 1 0 0 1 0 1 0 1 1 12327.0 13279.0 12317.0 12954.0 2 0.47483591892452004
1 1 0 0 1 1 1 1 0 0 0 0 0 1 0 1 1 1 1 1 1 1 0 1 0 0 1 0 0 1 0 1 1 1 1 0 1 1 1 1 15792.0 11154.0 14644.0 14868.0 2 0.2963439306899871
1 1 0 1 1 0 1 1 1 0 0 0 0 1 1 1 1 1 1 0 1 1 0 0 1 0 0 0 1 1 0 1 0 1 1 0 1 0 1 1 13814.0 13233.0 13232.0 13198.0 2 0.2623788682809524
1 1 0 0 0 0 1 1 1 1 0 0 1 1 1 1 1 1 1 0 1 1 0 1 1 0 1 0 0 1 0 0 1 0 1 0 1 1 1 1 15426.0 11938.0 15380.0 15809.0 2 0.24327446909303158
1 1 0 1 1 1 1 1 0 0 0 0 0 1 1 1 1 1 1 1 1 1 0 1 1 0 0 0 1 1 0 1 0 0 1 0 1 0 0 1 14400.0 12732.0 13027.0 14249.0 2 0.23385265425240814
1 1 0 1 1 0 1 1 0 0 1 0 0 1 1 0 0 1 1 1 1 0 0 1 1 0 1 0 0 1 0 1 1 0 1 0 1 1 1 1 14192.0 12019.0 15895.0 15455.0 2 0.21257114538999436
1 1 0 1 1 1 1 1 1 0 0 0 0 1 0 1 1 1 0 1 1 0 0 0 1 0 0 0 0 1 0 1 1 0 1 0 1 1 1 1 13248.0 13179.0 13737.0 13483.0 2 0.21103301912420747
1 1 0 0 0 0 1 1 1 1 0 0 1 1 1 0 0 1 1 1 1 1 0 1 0 0 1 0 0 1 0 1 1 1 1 0 1 1 1 1 14586.0 10913.0 14647.0 16123.0 2 0.20286000191852474
1 1 0 0 0 0 1 1 1 1 0 0 1 1 1 0 0 1 1 1 1 1 0 1 1 0 1 0 0 1 0 1 1 1 1 0 1 1 1 0 14522.0 11153.0 14715.0 16070.0 2 0.18746550452559108
0 1 1 0 1 1 1 1 0 0 0 1 0 1 1 1 1 1 1 0 1 0 0 1 1 0 1 0 0 1 0 0 1 1 1 0 1 1 1 1 15503.0 12070.0 14786.0 15221.0 2 0.18388722171880395
1 1 0 1 1 0 1 1 0 0 0 0 0 1 1 0 1 1 1 0 1 0 0 1 1 0 1 1 0 1 0 1 1 1 1 0 1 0 0 1 14049.0 12585.0 14250.0 14704.0 2 0.1786249494805344
1 1 0 1 1 0 1 1 0 0 0 0 0 1 1 0 1 1 1 1 0 1 0 1 1 0 1 0 0 1 0 0 1 1 1 0 1 1 1 1 14945.0 11768.0 16130.0 14423.0 2 0.17415215456299654
1 1 0 1 1 0 1 1 1 0 0 0 0 1 1 1 1 1 1 0 1 1 0 1 1 0 0 0 1 1 0 1 0 0 1 0 1 0 1 1 13786.0 13094.0 13585.0 13732.0 2 0.16389513439806241
0 1 1 0 0 0 1 1 1 1 0 0 0 1 1 0 0 1 1 1 1 0 0 1 1 0 1 0 0 1 0 1 1 1 1 0 1 1 1 1 13456.0 11690.0 13829.0 16269.0 2 0.15423717401226014
1 1 0 1 1 1 1 1 1 0 0 0 0 1 1 0 0 1 0 1 1 1 0 0 1 0 1 0 0 1 0 1 1 0 1 0 1 0 1 1 12760.0 12825.0 13996.0 14461.0 2 0.14717220488256105
1 1 0 1 1 0 1 1 0 0 0 1 0 0 1 1 1 1 0 1 1 0 0 1 1 0 1 0 0 1 0 1 1 1 1 0 1 1 1 1 15064.0 12047.0 16377.0 14014.0 2 0.14571992100658826
1 1 0 1 1 0 1 1 0 0 0 0 0 1 1 0 1 1 1 0 1 0 0 1 1 0 1 1 0 1 0 0 1 0 1 0 1 1 1 1 13744.0 12500.0 15723.0 14678.0 2 0.14045997118365325
1 1 0 0 1 0 1 1 1 0 0 1 0 1 1 0 1 1 1 1 1 0 0 1 1 0 0 0 1 1 0 1 1 0 1 0 1 0 1 1 13354.0 12787.0 13574.0 14171.0 2 0.1400793138344137
0 1 1 0 1 0 1 1 1 1 1 0 0 1 1 0 0 1 1 1 1 0 0 1 1 0 0 0 1 1 0 1 0 0 1 0 1 1 1 1 12851.0 12653.0 13031.0 15013.0 2 0.13946427262288572
0 1 0 0 1 1 1 1 1 0 0 1 1 1 0 1 1 1 1 1 1 0 0 1 1 0 1 0 0 1 0 1 0 1 1 0 1 0 1 1 15160.0 12266.0 13136.0 14453.0 2 0.1315542525627948
1 1 0 0 0 0 1 1 1 1 0 1 0 1 1 1 1 1 1 1 1 0 0 1 1 0 1 0 0 1 0 1 1 0 1 0 1 0 1 1 14793.0 12183.0 14458.0 15357.0 2 0.12523244976562584
0 1 0 1 1 1 1 1 1 0 0 1 0 1 1 1 1 1 1 1 1 1 0 0 1 0 0 0 1 1 0 0 0 0 1 0 1 0 1 1 13505.0 13220.0 13073.0 13359.0 2 0.12442622910342564
0 1 0 1 1 0 1 1 0 0 0 1 0 1 1 1 0 1 1 1 1 1 0 1 1 0 1 0 0 1 0 1 1 1 1 0 1 1 1 1 15722.0 11669.0 16066.0 15836.0 2 0.12179495909402517
1 1 0 0 1 0 1 1 1 0 0 1 0 1 1 0 1 1 1 1 0 0 0 1 1 0 1 0 0 1 0 1 1 1 1 0 1 1 1 1 14932.0 12172.0 15247.0 14957.0 2 0.11606572658543
0 1 1 0 0 0 1 1 1 1 0 1 0 1 0 1 1 1 1 1 1 0 0 1 1 0 1 0 0 1 0 1 1 1 1 0 1 0 1 1 14808.0 12329.0 13625.0 14895.0 2 0.10521874995324668
1 1 0 1 1 0 1 1 0 0 0 1 0 0 1 1 1 1 1 1 1 0 0 0 1 0 1 0 0 1 0 1 1 1 1 0 1 1 1 1 14934.0 12206.0 15572.0 14008.0 2 0.10380362597423735
1 1 0 1 1 1 1 1 0 0 0 0 0 1 1 1 1 1 1 0 1 1 0 1 1 0 0 0 1 1 0 1 0 0 1 0 1 0 1 1 14422.0 12934.0 13620.0 13874.0 2 0.1032909049950427
1 1 0 1 1 0 1 1 0 0 0 1 0 0 1 1 1 1 1 1 1 1 0 0 1 0 1 0 0 0 0 1 1 1 1 0 1 1 1 1 15158.0 11798.0 15968.0 13336.0 2 0.10071197596544887
1 1 0 1 1 1 1 1 0 0 0 0 0 1 0 1 1 1 0 1 1 0 0 0 0 0 1 0 1 1 1 0 1 0 1 0 1 1 1 1 14141.0 12682.0 14441.0 12935.0 2 0.10034878803169872
1 1 0 1 1 0 1 1 0 0 0 0 0 1 1 0 1 1 1 1 1 0 0 0 1 0 1 0 0 1 0 1 1 1 1 0 1 1 1 1 14067.0 12402.0 15110.0 14815.0 2 0.0925368068631558
1 1 0 1 1 0 1 1 0 0 0 0 0 1 1 1 1 1 1 0 1 0 0 1 1 0 1 1 0 0 0 1 1 0 1 0 1 1 1 1 14394.0 12412.0 15848.0 14477.0 2 0.09117556105774957
0 1 0 1 1 1 1 1 1 0 0 1 0 1 1 0 1 1 1 1 1 1 0 0 1 0 0 0 1 1 0 1 0 0 1 0 1 1 1 0 12774.0 12965.0 13069.0 13845.0 2 0.08835717511409201
0 1 1 0 0 0 1 1 1 1 0 0 1 1 1 0 0 1 1 1 1 1 0 1 1 0 1 0 0 1 0 0 1 1 1 0 1 1 1 1 14325.0 11632.0 14686.0 16327.0 2 0.08737909526398771
1 1 0 1 1 1 1 0 0 0 0 0 0 1 1 1 1 1 0 0 1 0 0 1 1 0 1 0 0 1 0 1 1 1 1 0 1 1 1 1 14642.0 12656.0 15104.0 14534.0 2 0.08581011914671478
1 1 0 0 1 1 1 1 0 0 0 0 0 1 1 1 1 1 1 1 1 1 0 1 1 0 0 0 1 1 0 1 1 0 1 0 1 0 1 1 14741.0 12500.0 13979.0 14736.0 2 0.085250136175365
1 1 0 1 1 1 1 1 1 0 0 1 0 1 1 0 0 1 0 1 1 0 0 0 1 0 1 0 0 1 0 1 1 0 1 0 1 1 0 1 13285.0 12855.0 13911.0 14992.0 2 0.08095091545413496
1 1 0 1 1 0 1 1 0 0 0 0 0 1 1 0 1 1 1 0 1 0 0 1 1 0 1 1 0 1 0 1 1 1 1 0 1 1 1 0 14058.0 12304.0 15492.0 14796.0 2 0.07317074901786955
1 1 0 1 1 0 1 1 0 0 0 1 0 1 1 0 0 1 1 1 1 0 1 1 1 0 1 0 0 1 0 1 0 1 1 0 1 1 1 1 14505.0 11982.0 15751.0 15113.0 2 0.0720804002219606
