0 1 0 1 1 1 1 1 1 0 0 1 0 1 1 1 0 1 1 1 1 0 0 1 1 0 1 0 0 1 0 1 1 1 1 0 1 1 1 1 16025.0 13148.0 15734.0 17030.0 0 1000000000000000.4
1 1 0 0 1 1 1 1 0 0 0 0 0 1 1 1 1 1 1 1 1 1 0 1 1 0 1 0 0 1 0 1 1 1 1 0 1 1 1 1 16709.0 12291.0 16007.0 16453.0 0 0.6227740150057091
0 1 0 1 1 1 1 1 0 0 1 0 0 1 1 0 0 1 1 1 1 0 0 1 1 0 1 0 0 1 0 1 1 1 1 0 1 1 1 1 15075.0 12404.0 15772.0 16402.0 0 0.47888333766801927
1 1 0 0 1 1 1 1 0 0 0 1 0 1 1 1 1 1 1 1 1 0 0 1 1 0 1 0 0 1 0 1 1 1 1 0 1 1 1 1 16768.0 12456.0 15930.0 16189.0 0 0.3655893340276106
1 1 0 1 1 0 1 1 0 1 0 0 1 1 1 1 0 1 0 1 1 0 0 1 1 0 1 0 0 1 0 1 1 1 1 0 1 1 1 1 15730.0 12408.0 16172.0 16001.0 0 0.19783590648487243
0 1 0 1 1 1 1 1 1 0 0 1 0 1 0 1 1 1 1 1 1 0 0 1 1 0 1 0 0 1 0 1 1 0 1 0 1 1 1 1 15608.0 13474.0 15237.0 15998.0 0 0.7125398954007779
0 1 0 1 1 0 1 1 0 0 0 1 0 1 1 1 1 1 1 1 1 1 0 1 1 0 1 0 0 1 0 1 1 1 1 0 1 1 1 1 16319.0 12325.0 16600.0 15958.0 0 0.2434720081974991
1 1 0 0 1 1 1 1 0 0 0 1 1 1 0 1 1 1 1 1 1 1 0 1 1 0 1 0 0 1 0 1 1 1 1 0 0 1 0 1 16891.0 11428.0 14653.0 15833.0 0 1000000000000000.4
1 1 0 1 1 0 1 1 0 0 0 0 0 1 1 1 1 1 1 1 1 0 0 1 1 0 1 0 0 1 0 1 1 1 1 0 1 1 1 1 15761.0 12494.0 16214.0 15825.0 0 0.1541435452335484
1 1 0 1 1 0 1 1 0 0 0 0 1 1 1 1 1 1 1 0 1 0 0 1 1 0 1 0 0 1 0 1 1 1 1 0 1 1 1 1 16057.0 12613.0 16114.0 15771.0 0 0.1767807145344781
1 1 0 0 1 1 1 1 0 0 0 1 1 1 0 1 1 1 1 1 1 0 0 1 1 0 1 0 0 1 0 1 1 1 1 0 1 1 1 1 17151.0 12543.0 15650.0 15722.0 0 1000000000000000.2
1 1 0 1 0 0 1 1 1 0 0 1 0 1 1 1 1 1 1 1 1 0 0 1 1 0 1 0 0 1 0 0 1 1 1 0 1 1 1 1 15785.0 12614.0 16610.0 15618.0 0 0.2509575742203554
0 1 0 1 1 1 1 1 1 0 0 1 0 1 1 1 1 1 1 1 1 0 0 1 1 0 1 0 1 1 0 1 0 0 1 0 1 0 1 1 14834.0 13842.0 14214.0 15498.0 0 2000000000000000.0
1 1 0 0 1 1 1 1 0 0 0 1 0 1 1 1 1 1 1 0 1 1 0 1 1 0 1 0 0 1 0 0 1 1 1 0 1 1 1 1 16963.0 12069.0 16101.0 15453.0 0 0.5377802247617066
1 1 0 1 1 0 1 1 0 0 0 1 0 1 1 1 1 1 1 0 1 0 0 1 1 0 1 0 0 1 0 1 1 1 1 0 1 1 1 1 16296.0 12643.0 16341.0 15427.0 0 0.34356831013143535
1 1 0 1 1 0 1 1 1 0 0 1 0 1 0 1 1 1 1 1 1 0 0 1 1 0 1 0 0 1 0 1 1 0 1 0 1 1 1 1 15637.0 13282.0 15818.0 15368.0 0 0.26818069464199146
1 1 0 1 1 0 1 1 1 0 0 1 0 1 1 1 1 1 1 0 1 0 0 1 1 0 1 0 0 1 0 1 1 1 1 0 1 0 1 1 15785.0 13335.0 15478.0 15254.0 0 0.30880718945098246
1 1 0 1 1 0 1 1 0 0 0 1 0 1 1 1 1 1 1 1 1 0 0 1 1 0 1 0 0 1 0 0 1 1 1 0 1 1 1 1 16204.0 12377.0 16701.0 15249.0 0 1000000000000000.2
1 1 0 0 1 1 1 1 1 0 0 1 1 1 0 1 1 1 1 1 1 0 0 1 1 0 1 0 0 1 0 0 1 1 1 0 1 0 1 1 16359.0 12864.0 14754.0 14947.0 0 0.6343208734197534
1 1 0 1 1 0 1 1 1 0 0 1 0 1 1 1 1 1 1 1 1 0 0 1 1 0 0 0 1 1 0 1 1 0 1 0 1 0 1 1 14683.0 13821.0 14821.0 14805.0 0 2000000000000000.5
0 1 0 1 1 1 1 1 1 0 0 1 0 1 1 1 0 1 1 1 1 1 0 1 1 0 1 0 0 1 0 1 1 0 0 0 1 1 1 1 14979.0 12677.0 14887.0 16927.0 1 1000000000000000.1
0 1 0 0 0 1 1 1 1 1 0 0 1 1 1 0 0 1 1 1 1 1 0 1 1 0 1 0 0 1 0 0 1 1 1 0 1 1 1 1 15091.0 11734.0 14823.0 16899.0 1 0.17959796660720775
1 1 0 0 0 0 1 1 1 1 0 0 1 1 1 0 0 1 1 1 1 1 0 1 1 0 1 0 0 1 0 1 1 1 1 0 1 1 1 1 15401.0 11913.0 15437.0 16871.0 1 0.14275119019377303
0 1 0 1 1 0 1 1 1 1 0 0 1 1 1 0 0 1 1 1 1 1 0 1 1 0 1 0 0 1 0 1 1 1 1 0 1 1 1 0 14795.0 12264.0 15144.0 16664.0 1 0.14256863255777685
0 1 0 1 1 1 1 1 1 0 0 1 1 1 1 1 0 0 1 1 1 1 0 1 1 0 1 0 0 1 0 1 1 0 0 0 1 1 1 1 15303.0 11936.0 14321.0 16566.0 1 0.16810879704030657
1 1 0 0 1 1 1 1 0 0 0 0 1 1 1 0 0 1 1 1 1 1 0 1 1 0 1 0 0 1 0 1 1 1 1 0 1 1 1 1 15787.0 11821.0 15473.0 16542.0 1 0.14909187653713124
0 1 0 1 1 1 1 1 1 0 0 1 0 1 1 1 0 1 1 1 1 1 0 1 1 0 1 0 0 1 0 1 1 1 1 0 1 1 1 0 15811.0 12477.0 15609.0 16519.0 1 0.1173860304061533
0 1 0 1 1 1 1 1 0 0 0 0 0 1 1 1 1 1 1 1 1 0 0 1 1 0 1 0 0 1 0 1 1 1 1 0 1 1 1 1 15732.0 12686.0 15633.0 16455.0 1 0.141969404807011
1 1 0 0 0 0 1 1 1 1 0 1 1 1 1 1 0 1 1 0 1 0 0 1 1 0 1 0 0 1 0 1 1 1 1 0 1 1 1 1 16081.0 12011.0 15260.0 16342.0 1 0.20245587347052335
1 1 0 0 1 1 1 1 0 0 0 0 0 1 1 1 1 1 1 1 1 0 0 1 1 0 1 0 0 1 0 1 1 1 1 0 1 1 1 1 16044.0 12202.0 15410.0 16163.0 1 0.14785375334500017
1 1 0 1 1 1 1 1 1 0 0 0 0 1 1 0 0 1 1 1 1 0 0 1 1 0 1 0 0 0 0 1 1 1 1 0 1 1 1 1 14881.0 12871.0 15451.0 16066.0 1 0.067516432908973
0 1 0 1 1 1 1 1 1 0 0 1 0 1 1 1 0 1 1 1 1 1 0 1 1 0 1 0 0 0 0 1 1 0 1 0 1 1 1 1 15337.0 12547.0 15672.0 16041.0 1 0.06387183964445997
0 1 0 1 1 0 1 1 1 1 0 0 1 1 1 0 1 1 1 1 1 0 0 1 1 0 1 0 0 0 0 1 1 0 1 0 1 1 1 1 14253.0 12901.0 15144.0 16018.0 1 0.10259374850553615
0 1 0 1 1 1 1 1 1 0 0 0 0 1 0 1 1 1 1 1 1 0 0 1 1 0 1 0 0 1 0 1 1 0 1 0 1 1 1 1 14884.0 13220.0 14717.0 15972.0 1 0.21012266321080636
1 1 0 1 1 0 1 1 0 0 0 0 1 1 1 0 0 1 1 1 1 0 0 1 1 0 1 0 0 1 0 1 1 1 1 0 1 1 1 1 14839.0 12024.0 15680.0 15914.0 1 0.1045770161406152
1 1 0 1 1 0 1 1 0 0 0 0 1 1 1 0 0 1 1 1 1 1 0 1 1 0 1 0 0 1 0 1 1 0 1 0 1 1 1 1 14592.0 11920.0 15819.0 15887.0 1 0.08261869652423037
0 1 0 1 1 1 1 1 1 0 0 1 0 1 1 1 1 1 1 1 1 0 0 1 1 0 1 0 0 0 0 1 1 0 1 0 1 1 1 1 15269.0 13114.0 15609.0 15873.0 1 0.17936479546975156
1 1 0 1 1 0 1 1 0 0 0 1 0 1 1 0 0 1 1 1 1 1 0 1 1 0 1 0 0 1 0 1 1 1 1 0 1 1 1 1 15743.0 12143.0 16504.0 15860.0 1 0.09606941532029391
0 1 0 1 1 0 1 1 1 0 0 1 1 1 0 1 1 1 1 1 1 0 0 1 1 0 1 0 0 1 0 1 1 1 1 0 1 1 0 1 15992.0 12880.0 14852.0 15823.0 1 0.049970397150482994
1 1 0 0 0 0 1 1 0 1 0 1 0 1 1 1 1 1 1 1 1 1 0 1 1 0 1 0 0 1 0 1 1 0 1 0 1 1 1 1 15969.0 11580.0 15918.0 15820.0 1 0.13681412358575218
0 1 0 1 1 1 1 1 0 0 0 0 0 1 1 1 1 1 1 0 1 1 0 1 1 0 1 0 0 1 0 0 1 1 1 0 1 1 1 1 15927.0 12299.0 15804.0 15719.0 1 0.11950024710111308
1 1 0 0 1 1 1 1 0 0 0 1 1 1 0 1 1 1 1 1 1 0 0 1 1 0 1 0 0 1 0 1 1 1 1 0 1 1 0 1 16940.0 12236.0 14664.0 15673.0 1 0.10862184823468475
0 1 0 1 1 0 1 1 0 0 0 1 0 1 1 1 1 1 1 1 1 0 0 1 1 0 1 0 0 1 0 1 1 1 1 0 1 1 1 1 15654.0 12236.0 16003.0 15668.0 1 0.1460738160537614
1 1 0 0 0 0 1 1 1 1 0 1 1 1 1 1 1 1 1 0 1 0 0 1 1 0 1 0 0 1 0 1 1 1 1 0 1 0 1 1 16001.0 12495.0 14816.0 15620.0 1 0.05442131891735363
1 1 0 0 1 1 1 1 0 0 0 1 0 1 1 1 1 1 1 1 1 0 0 1 1 0 1 0 0 1 0 0 1 1 1 0 1 1 1 1 16487.0 12085.0 15897.0 15587.0 1 0.22351852004558082
1 1 0 1 1 0 1 1 0 0 0 0 0 1 1 1 1 1 1 0 1 0 0 1 1 0 1 0 0 1 0 1 1 1 1 0 1 1 1 1 15572.0 12389.0 15821.0 15401.0 1 0.14965688855383028
1 1 0 1 1 1 1 0 0 0 0 0 0 1 1 1 1 1 1 0 1 0 0 1 1 0 1 0 0 1 0 1 1 1 1 0 1 1 1 1 15396.0 12869.0 15110.0 15379.0 1 0.07732059148995972
1 1 0 1 0 0 1 1 1 0 0 1 0 1 1 1 1 1 1 1 1 0 0 1 1 0 1 0 0 1 0 1 1 1 1 0 1 0 1 1 15389.0 12813.0 15665.0 15376.0 1 0.1027922525629605
1 1 0 1 1 1 1 1 0 0 0 0 0 1 1 1 1 1 1 0 1 0 0 1 1 0 1 0 0 1 0 1 1 1 1 0 1 0 1 1 15697.0 12921.0 14993.0 15370.0 1 0.08447480595265794
0 1 0 1 1 0 1 1 0 0 0 1 0 1 1 1 1 1 1 1 1 1 0 1 1 0 1 0 0 1 0 0 1 1 1 0 1 1 1 1 16038.0 11954.0 16567.0 15356.0 1 0.05799784327341772
1 1 0 0 1 1 1 1 0 0 0 1 0 1 1 1 1 1 1 1 1 0 0 1 1 0 1 0 0 1 0 1 1 1 1 0 1 0 1 1 16091.0 12284.0 14952.0 15345.0 1 0.07324984698857248
1 1 0 1 1 0 1 1 1 1 0 0 1 1 1 1 0 1 0 1 1 1 0 1 1 0 1 0 1 1 0 1 0 0 1 0 1 0 1 1 14773.0 13399.0 14830.0 15308.0 1 0.1856531470942113
1 1 0 0 1 1 1 1 0 0 0 1 0 1 1 1 1 1 1 0 1 1 0 1 1 0 1 0 0 1 0 1 1 1 1 0 1 0 1 1 16567.0 12268.0 15156.0 15211.0 1 0.18029930199971644
1 1 0 1 1 0 1 1 0 0 0 0 0 1 1 1 1 1 1 0 1 1 0 1 1 0 1 0 0 1 0 0 1 1 1 0 1 1 1 1 15956.0 12107.0 16385.0 15089.0 1 0.141396219503342
1 1 0 1 1 0 1 0 0 0 0 1 0 1 1 1 1 1 1 1 1 0 0 1 1 0 1 0 0 1 0 1 1 1 1 0 1 1 1 1 15507.0 12524.0 15873.0 15016.0 1 0.1038401841626261
1 1 0 1 1 0 1 1 0 0 0 1 0 1 1 1 1 1 1 1 1 0 0 1 1 0 1 0 0 1 0 1 1 1 1 0 1 0 1 1 15808.0 12576.0 15756.0 15007.0 1 0.1016906794616792
1 1 0 0 1 1 1 1 0 0 0 1 1 1 0 1 1 0 1 1 1 0 0 1 1 0 1 0 0 1 0 1 1 1 1 0 1 1 1 1 16990.0 11578.0 14791.0 14991.0 1 1000000000000000.2
1 1 0 1 1 0 1 1 0 0 0 0 0 1 1 1 1 1 0 1 1 0 0 1 1 0 1 0 0 1 0 1 1 1 1 0 1 1 1 1 15007.0 12281.0 16208.0 14980.0 1 0.12530424329173195
1 1 0 1 1 0 1 1 0 0 0 1 0 1 1 0 0 1 1 1 1 1 0 1 1 0 1 1 0 0 0 1 1 0 1 0 1 1 1 1 14565.0 12166.0 16531.0 14936.0 1 0.12407911697979335
1 1 0 0 1 1 1 0 0 0 0 1 1 1 0 1 1 1 1 1 1 0 0 1 1 0 1 0 0 1 0 1 1 1 1 0 1 1 1 1 16173.0 12319.0 14789.0 14887.0 1 0.167399260042942
1 1 0 0 1 1 1 1 0 0 0 1 1 1 0 1 1 1 1 1 1 1 0 0 1 0 1 0 0 1 0 1 1 0 1 0 1 1 1 1 16020.0 12385.0 14978.0 14844.0 1 0.06331310187820315
1 1 0 1 1 0 1 1 0 0 0 1 0 1 1 1 1 1 1 0 1 0 0 1 1 0 1 0 0 1 0 0 1 1 1 0 1 1 1 1 16015.0 12272.0 16308.0 14825.0 1 0.07879490148488089
1 1 0 1 1 0 1 0 1 0 0 1 0 1 1 1 1 1 1 1 1 0 0 1 1 0 0 0 1 1 0 1 1 0 1 0 1 1 0 1 14171.0 13462.0 13952.0 14765.0 1 0.5624291799631204
1 1 0 1 1 1 1 0 0 0 0 1 0 1 1 1 1 1 1 0 1 0 0 1 1 0 1 0 0 1 0 1 1 1 1 0 1 0 1 1 15443.0 12951.0 14652.0 14561.0 1 0.29073365674107693
1 0 0 0 1 1 1 1 0 0 0 1 0 1 1 1 1 1 1 0 1 1 0 1 1 0 1 0 0 1 0 0 1 1 1 0 1 1 1 1 16755.0 11109.0 15382.0 14501.0 1 1000000000000000.1
0 1 0 1 1 0 1 1 0 0 0 1 0 1 1 0 1 1 0 1 1 0 0 1 1 0 1 1 0 1 0 0 1 1 1 0 1 1 1 1 13984.0 12327.0 16357.0 14417.0 1 0.14354454633642305
1 1 0 0 1 0 1 1 1 0 0 1 0 1 1 1 1 1 1 1 1 0 0 1 1 0 0 0 1 1 1 1 1 0 1 0 1 0 1 1 15040.0 13417.0 14313.0 14407.0 1 0.1694590639224442
0 1 0 1 1 1 1 1 1 0 0 1 0 1 1 0 1 1 1 1 1 0 0 1 1 0 0 0 1 1 0 1 0 0 1 0 1 0 1 1 13195.0 13518.0 13027.0 14363.0 1 2000000000000000.2
1 1 0 1 1 0 1 1 1 0 0 1 0 1 1 1 0 1 0 1 0 1 0 1 1 0 1 1 0 0 0 1 1 0 1 0 1 1 1 1 14397.0 12449.0 16578.0 13990.0 1 1000000000000000.2
1 1 0 1 1 0 1 1 1 0 0 1 0 1 1 1 1 1 0 1 1 0 0 1 1 0 0 0 1 1 0 1 1 0 1 0 1 0 1 1 13929.0 13608.0 14815.0 13960.0 1 2000000000000000.2
1 1 0 1 1 1 1 1 1 0 0 0 0 1 1 0 1 1 1 1 1 0 0 1 1 0 0 0 1 1 0 1 0 0 0 0 1 0 1 1 12503.0 13409.0 12252.0 14444.0 2 2000000000000000.0
0 1 0 1 1 1 1 1 1 0 0 1 0 1 1 0 1 1 1 1 1 1 0 0 1 0 0 0 1 1 0 1 0 0 1 0 1 0 1 1 12976.0 13553.0 12813.0 13802.0 2 1000000000000000.8
0 1 0 1 1 0 1 1 1 1 0 0 1 1 1 0 0 1 1 1 1 1 0 1 1 0 1 0 0 1 0 1 1 1 1 0 1 1 0 0 14584.0 11957.0 14158.0 16615.0 2 1000000000000000.1
1 0 0 0 1 1 1 1 1 0 0 1 1 1 0 1 1 1 1 1 1 0 0 1 1 0 1 0 0 1 0 1 1 1 1 0 1 1 0 1 16898.0 12140.0 14060.0 15392.0 2 1000000000000000.1
1 1 0 1 1 0 1 1 0 0 0 1 0 1 1 0 0 1 1 1 1 0 1 1 1 0 1 0 0 0 0 1 1 1 1 0 1 1 1 1 14713.0 11942.0 16470.0 15064.0 2 1000000000000000.1
1 1 0 1 1 0 1 1 0 0 0 1 0 0 1 1 1 1 1 1 1 1 0 0 1 0 1 0 0 0 0 1 1 1 1 0 1 1 1 1 15158.0 11798.0 15968.0 13336.0 2 1000000000000000.1
1 1 0 0 1 1 1 1 0 0 0 1 0 1 1 0 1 1 1 1 1 1 0 1 1 0 1 0 0 1 0 1 1 1 1 0 0 1 0 1 15698.0 11303.0 14640.0 16141.0 2 1000000000000000.0
0 1 0 1 1 0 1 1 1 0 0 1 1 1 0 1 1 1 1 1 1 0 0 1 1 0 1 0 1 1 0 1 0 1 1 0 1 0 0 1 15116.0 13111.0 13256.0 14486.0 2 0.36058906466431506
1 1 0 0 1 1 1 1 1 0 0 1 1 1 0 1 1 1 1 1 1 0 0 1 1 0 1 0 0 1 0 1 0 1 1 0 1 0 1 1 15991.0 12778.0 13867.0 14636.0 2 0.2802034184516136
1 1 0 1 1 0 1 1 1 0 0 0 1 1 1 1 1 1 1 0 1 1 0 1 1 0 0 0 1 1 0 1 0 0 1 0 1 0 1 1 14271.0 13318.0 13878.0 14102.0 2 0.27219944401340346
1 1 0 0 1 0 1 1 1 0 0 1 0 0 1 0 1 1 0 1 1 1 1 1 1 0 1 0 1 1 0 1 0 0 1 0 1 1 1 1 13531.0 12561.0 15530.0 13987.0 2 0.27110960337211126
1 1 0 0 1 1 1 1 0 0 0 1 1 1 0 1 1 1 1 1 1 1 0 1 1 0 0 0 1 1 0 1 1 0 1 0 1 0 1 1 15848.0 12841.0 14219.0 14295.0 2 0.21573957520704637
0 1 0 1 1 1 1 0 1 0 0 1 0 1 0 1 1 1 1 1 1 0 0 1 1 0 1 0 0 1 0 1 1 0 1 0 1 1 1 1 14630.0 13250.0 14376.0 15163.0 2 0.20135586526723726
1 1 0 1 1 0 1 1 0 0 0 1 0 0 1 1 1 1 0 1 1 0 0 1 1 0 1 0 0 1 0 1 1 1 1 0 1 1 1 1 15064.0 12047.0 16377.0 14014.0 2 0.20084483276978254
1 1 0 1 1 1 1 1 1 0 0 0 0 1 1 0 0 1 0 1 1 0 0 1 1 0 1 0 0 1 0 1 1 0 1 0 1 1 1 1 13656.0 12962.0 15188.0 15866.0 2 0.19513677605048366
0 1 0 1 1 0 1 1 0 0 0 1 0 1 1 1 0 1 1 1 1 1 0 1 1 0 1 0 0 1 0 1 1 1 1 0 1 1 1 1 15722.0 11669.0 16066.0 15836.0 2 0.19461918672010226
1 1 0 1 1 1 1 1 1 0 0 1 0 1 1 1 0 1 1 1 1 1 0 1 1 0 1 0 0 0 0 1 0 0 1 0 1 1 1 1 15519.0 12602.0 15483.0 15311.0 2 0.18866099243781473
1 1 0 0 0 0 1 1 1 1 0 0 1 1 1 0 0 1 1 1 1 1 0 1 1 0 1 0 0 1 0 1 1 0 1 0 1 1 1 1 14489.0 11720.0 14979.0 16554.0 2 0.1787172332346762
1 1 0 0 1 1 1 1 0 0 0 1 0 1 1 1 1 1 1 1 1 0 0 1 0 0 1 0 0 1 0 1 1 1 1 0 1 1 1 1 15953.0 11456.0 15140.0 15441.0 2 0.17305595498469709
1 1 0 0 0 0 1 1 1 1 0 0 1 1 1 0 0 1 1 1 1 1 0 1 1 0 1 0 0 1 0 0 1 1 1 0 1 1 1 1 15120.0 11542.0 15404.0 16269.0 2 0.16765478536384987
0 1 0 1 1 0 1 1 0 0 0 1 0 1 1 1 1 1 0 1 1 0 0 1 1 0 1 0 0 1 0 1 1 1 1 0 1 1 1 1 14900.0 12023.0 15997.0 14823.0 2 0.1637156198509455
1 1 0 1 1 0 1 1 0 0 0 0 0 1 1 0 1 1 1 0 1 0 0 1 1 0 1 1 0 1 0 0 1 0 1 0 1 1 1 1 13744.0 12500.0 15723.0 14678.0 2 0.15940375428678705
1 1 0 1 1 0 1 1 0 0 0 1 0 1 1 0 0 1 1 1 1 1 0 1 1 0 1 1 0 1 0 0 1 0 0 0 1 1 1 1 13926.0 11925.0 15713.0 15220.0 2 0.15918474147553213
1 0 0 0 1 1 1 1 1 0 0 1 1 1 0 1 1 1 1 0 1 0 0 1 1 0 1 0 0 1 0 0 1 1 1 0 1 1 1 1 16639.0 11971.0 14620.0 14415.0 2 0.1588338181472781
0 1 0 1 1 0 1 1 1 1 0 0 1 1 1 0 0 1 1 1 1 1 0 1 1 0 1 0 1 0 0 1 1 0 1 0 1 0 1 1 14094.0 13022.0 14531.0 15762.0 2 0.15689828680570161
1 1 0 0 0 0 1 1 1 1 0 1 0 1 1 1 1 1 1 1 1 0 0 1 1 0 1 0 0 1 0 1 1 1 1 0 1 0 1 1 15705.0 12376.0 14916.0 15674.0 2 0.15191304298742886
1 1 0 0 1 1 1 1 1 0 1 1 0 1 1 1 1 1 1 0 1 1 0 1 0 0 1 0 0 1 0 1 0 1 1 0 1 0 1 1 16019.0 12087.0 14527.0 14449.0 2 0.14207482808603233
1 1 0 0 0 0 1 1 1 1 0 1 1 1 0 1 0 1 1 0 1 0 0 1 1 0 1 0 0 1 0 1 1 1 1 0 1 1 1 1 15979.0 11874.0 14687.0 15505.0 2 0.13915548054536295
1 1 0 0 1 1 1 1 0 0 0 1 0 1 1 1 1 1 1 0 1 0 0 1 1 0 1 0 0 1 0 1 1 1 1 0 1 0 1 1 15902.0 12179.0 14559.0 14921.0 2 0.1380231693893249
1 1 0 1 0 0 1 1 1 0 0 1 0 1 1 1 1 1 1 1 1 0 0 1 1 0 1 0 0 1 0 0 1 1 1 0 1 0 1 1 15108.0 12442.0 15632.0 14774.0 2 0.13715563434440958
