0 1 0 0 1 1 1 1 1 1 0 0 1 1 1 1 0 1 1 1 1 0 0 1 1 0 1 0 0 1 0 1 1 1 1 0 1 1 1 1 16102.0 12681.0 14758.0 17672.0 0 1000000000000000.0
0 1 0 0 0 1 1 1 1 1 0 0 1 1 1 1 0 1 1 1 1 1 0 1 1 0 1 0 0 1 0 1 1 1 1 0 1 1 1 1 16182.0 12143.0 15149.0 17660.0 0 0.06269825992853675
0 1 0 0 1 1 1 1 1 1 0 0 1 1 1 1 0 1 1 1 1 1 0 1 1 0 1 0 0 1 0 1 1 0 1 0 1 1 1 1 15855.0 12577.0 14897.0 17645.0 0 0.09656216757332291
0 1 0 1 1 1 1 1 1 0 0 0 1 1 1 1 0 1 1 1 1 1 0 1 1 0 1 0 0 1 0 1 1 1 0 0 1 1 1 1 15652.0 12840.0 15118.0 17588.0 0 0.10981492707714248
0 1 0 1 1 1 1 1 1 0 0 0 1 1 1 1 0 1 1 1 1 0 0 1 1 0 1 0 1 1 0 1 1 0 1 0 1 1 1 1 15324.0 13785.0 15351.0 17477.0 0 0.10091326012847865
0 1 0 0 1 1 1 1 1 1 0 0 1 1 1 1 1 1 1 1 1 0 0 1 1 0 1 0 0 1 0 1 1 0 1 0 1 1 1 1 15787.0 13144.0 14834.0 17477.0 0 0.06570337366258011
1 1 0 0 1 1 1 1 1 1 0 0 0 1 1 1 0 1 1 1 1 0 0 1 1 0 1 0 0 1 0 1 1 1 1 0 1 1 0 1 16237.0 12662.0 14210.0 17436.0 0 0.21042408012852717
0 1 0 1 1 1 1 1 1 0 0 0 1 1 1 1 0 1 1 1 1 0 0 1 1 0 1 0 0 1 0 1 1 1 1 0 1 1 1 1 15786.0 13118.0 15507.0 17374.0 0 0.069827993296272
1 1 0 0 1 1 1 1 1 0 0 0 1 1 1 1 0 1 1 1 1 1 0 1 1 0 1 0 0 1 0 1 1 1 1 0 1 1 1 1 16763.0 12723.0 15881.0 17372.0 0 0.04651607689655537
0 1 0 1 0 1 1 1 1 0 0 0 1 1 1 1 0 1 1 1 1 1 0 1 1 0 1 0 0 1 0 1 1 1 1 0 1 1 1 1 15866.0 12580.0 15898.0 17362.0 0 0.06844015023782424
1 1 0 0 1 1 1 1 1 0 0 1 1 1 1 1 0 1 1 1 1 1 0 1 1 0 1 0 0 1 0 1 1 1 1 0 1 1 0 1 17276.0 12670.0 15415.0 17349.0 0 0.07431788472824367
0 1 0 1 1 1 1 1 1 0 0 0 1 1 1 1 0 1 1 1 1 1 0 1 1 0 1 0 0 1 0 1 1 0 1 0 1 1 1 1 15539.0 13014.0 15646.0 17347.0 0 0.058788341486813826
0 1 0 0 1 1 1 1 1 0 0 1 1 1 1 1 0 1 1 1 1 1 0 1 1 0 1 0 1 1 0 1 1 0 1 0 1 1 1 1 16194.0 13132.0 15514.0 17318.0 0 0.07157035705650945
0 1 0 1 1 1 1 1 1 0 0 0 0 1 1 1 0 1 1 1 1 1 0 1 1 0 1 0 0 1 0 1 1 1 1 0 1 1 1 1 15966.0 12983.0 15811.0 17294.0 0 0.10969846948353404
1 1 0 0 1 1 1 1 1 0 0 1 1 1 1 1 0 1 1 1 1 0 0 1 1 0 1 0 1 1 0 1 1 0 1 0 1 1 1 1 16360.0 13555.0 15648.0 17211.0 0 0.1288300397914246
0 1 0 1 1 1 1 1 1 0 0 0 1 1 1 1 1 1 1 1 1 0 0 1 1 0 1 0 0 1 0 1 1 0 1 0 1 1 1 1 15471.0 13581.0 15583.0 17179.0 0 0.0935913995318362
0 1 0 0 1 1 1 1 1 0 0 1 1 1 1 1 1 1 1 1 1 0 0 1 1 0 1 0 1 1 0 1 1 0 1 0 1 1 1 1 16126.0 13699.0 15451.0 17150.0 0 0.07895957240774969
0 1 0 1 1 1 1 1 1 0 0 1 0 1 1 1 0 1 1 1 1 0 0 1 1 0 1 0 1 1 0 1 1 0 1 0 1 1 1 1 15563.0 13815.0 15578.0 17133.0 0 0.057305797640439415
0 1 0 0 1 1 1 1 1 0 1 1 1 1 1 1 0 1 1 1 1 1 0 1 1 0 1 0 0 1 0 1 1 0 1 0 1 1 1 1 16494.0 12684.0 16178.0 17126.0 0 0.06581987343115611
1 1 0 0 1 1 1 1 1 0 0 1 1 1 1 1 0 1 1 1 1 0 0 1 1 0 1 0 0 1 0 1 1 1 1 0 1 1 1 1 16822.0 12888.0 15804.0 17108.0 0 0.11667077199784832
1 1 0 0 1 1 1 1 1 0 0 1 1 1 1 1 0 1 1 1 1 1 0 1 1 0 1 0 0 1 0 1 1 0 1 0 1 1 1 1 16575.0 12784.0 15943.0 17081.0 0 0.09137711194840974
0 1 0 1 1 1 1 1 1 0 0 0 1 1 1 1 0 1 1 1 1 1 0 1 1 0 1 0 0 1 0 0 1 1 1 0 1 1 1 1 16170.0 12836.0 16071.0 17062.0 0 0.036413602130825784
0 1 0 1 1 1 1 1 1 0 0 1 0 1 1 1 0 1 1 1 1 0 0 1 1 0 1 0 0 1 0 1 1 1 1 0 1 1 1 1 16025.0 13148.0 15734.0 17030.0 0 0.07445950744219029
1 1 0 0 1 1 1 1 1 0 0 1 0 1 1 1 0 1 1 1 1 1 0 1 1 0 1 0 0 1 0 1 1 1 1 0 1 1 1 1 17002.0 12753.0 16108.0 17028.0 0 0.17820385490337806
1 1 0 0 1 1 1 1 1 0 0 0 0 1 1 1 1 1 1 1 1 0 0 1 1 0 1 0 1 1 0 1 1 0 1 0 1 1 1 1 15748.0 13733.0 15369.0 16937.0 0 0.09107619513730027
1 1 0 0 1 1 1 1 1 0 0 1 1 1 1 1 1 1 1 1 1 0 0 1 1 0 1 0 0 1 0 1 1 0 1 0 1 1 1 1 16507.0 13351.0 15880.0 16913.0 0 0.05831795862194404
1 1 0 1 1 1 1 1 1 0 0 1 0 1 1 1 0 1 1 1 1 0 0 1 1 0 1 0 0 1 0 1 1 0 1 0 1 1 1 1 15944.0 13467.0 16007.0 16896.0 0 0.08513238755229764
0 1 0 1 1 0 1 1 1 0 0 1 1 1 1 1 0 1 1 1 1 1 0 1 1 0 1 0 0 1 0 1 1 1 1 0 1 1 1 1 16373.0 12757.0 16474.0 16877.0 0 0.041797635265575894
1 1 0 0 1 1 1 1 1 0 1 1 1 1 1 0 0 1 1 1 1 0 0 1 1 0 1 0 0 1 0 1 1 0 1 0 1 1 1 1 15850.0 13069.0 16019.0 16860.0 0 0.04470922270942095
1 1 0 1 1 0 1 1 1 0 0 0 1 1 1 1 0 1 1 1 1 0 0 1 1 0 1 0 1 1 0 1 1 0 1 0 1 1 1 1 15353.0 13593.0 15932.0 16847.0 0 0.10489814421570662
0 1 0 1 1 1 1 1 1 0 0 0 1 1 1 1 0 1 0 1 1 1 0 1 1 0 1 0 0 1 0 1 1 1 1 0 1 1 1 1 15697.0 12994.0 16098.0 16819.0 0 0.061263141738282456
1 1 0 0 1 1 1 1 1 0 0 1 1 1 1 1 0 1 1 1 1 1 0 1 1 0 1 0 0 1 0 0 1 1 1 0 1 1 1 1 17206.0 12606.0 16368.0 16796.0 0 0.11704778975944025
1 1 0 1 1 0 1 1 1 0 0 0 1 1 1 1 0 1 1 1 1 0 0 1 1 0 1 0 0 1 0 1 1 1 1 0 1 1 1 1 15815.0 12926.0 16088.0 16744.0 0 0.07352769431871418
1 1 0 1 1 0 1 1 1 0 0 1 1 1 1 1 0 1 1 1 1 1 0 1 1 0 1 0 0 1 0 1 1 0 1 0 1 1 1 1 16292.0 13076.0 16747.0 16743.0 0 0.0998174407698701
1 1 0 0 0 0 1 1 1 0 0 1 1 1 1 1 0 1 1 1 1 1 1 1 1 0 1 0 0 1 0 1 1 1 1 0 1 1 1 1 16176.0 12031.0 16809.0 16739.0 0 1000000000000000.0
1 1 0 0 1 1 1 1 0 0 0 1 1 1 1 1 0 1 1 1 1 1 0 1 1 0 1 0 0 1 0 1 1 1 1 0 1 1 1 1 17321.0 12113.0 16286.0 16727.0 0 1000000000000000.0
1 1 0 1 1 1 1 1 1 0 0 0 1 1 1 1 0 1 0 1 1 1 0 1 1 0 1 0 0 1 0 1 1 0 1 0 1 1 1 1 15616.0 13313.0 16371.0 16685.0 0 0.06014310523729095
0 1 0 1 1 1 1 1 1 0 0 1 1 1 1 1 0 1 0 1 1 0 0 1 1 0 1 0 1 1 0 1 1 0 1 0 1 1 1 1 15294.0 13826.0 15865.0 16658.0 0 0.10706893501678721
1 1 0 0 1 1 1 1 1 0 0 1 1 1 1 1 0 1 1 1 1 0 0 1 1 0 1 0 1 1 0 1 0 1 1 0 1 1 1 1 16623.0 13291.0 15186.0 16615.0 0 0.10675968941181274
0 1 0 1 1 1 1 1 1 0 0 1 1 1 1 1 0 1 0 1 1 0 0 1 1 0 1 0 0 1 0 1 1 1 1 0 1 1 1 1 15756.0 13159.0 16021.0 16555.0 0 0.04656076379959847
1 1 0 0 1 1 1 1 1 0 0 1 1 1 1 1 0 1 0 1 1 1 0 1 1 0 1 0 0 1 0 1 1 1 1 0 1 1 1 1 16733.0 12764.0 16395.0 16553.0 0 0.04453842629598559
1 1 0 1 1 0 1 1 1 0 0 0 1 1 1 1 1 1 1 1 1 0 0 1 1 0 1 0 0 1 0 1 1 0 1 0 1 1 1 1 15500.0 13389.0 16164.0 16549.0 0 0.08004860039466585
1 1 0 1 1 0 1 1 1 0 0 0 1 1 1 1 0 1 1 1 1 0 0 1 1 0 1 0 0 1 1 1 1 0 1 0 1 1 1 1 15779.0 13325.0 16076.0 16504.0 0 0.04945129631218334
1 1 0 0 1 1 1 1 1 0 0 1 1 1 1 1 0 1 1 0 1 0 0 1 1 0 1 0 1 1 0 0 1 1 1 0 1 1 1 1 16802.0 13272.0 15680.0 16502.0 0 0.04380727144577999
1 1 0 0 1 0 1 1 1 0 1 1 1 1 1 1 0 1 1 1 1 1 0 1 1 0 1 0 0 1 0 1 1 0 1 0 1 1 1 1 16523.0 12492.0 16759.0 16496.0 0 0.10070732829660918
1 1 0 0 1 1 1 1 1 0 0 1 1 1 1 1 1 1 1 1 1 0 0 1 1 0 1 0 1 1 0 1 1 0 1 0 1 0 0 1 16069.0 13732.0 14218.0 16440.0 0 0.10920854653735865
1 1 0 1 1 1 1 1 1 0 0 1 0 1 1 1 0 1 1 1 1 0 0 1 1 0 1 0 1 1 0 1 1 0 1 0 1 0 0 1 15506.0 13848.0 14345.0 16423.0 0 0.14676962218156253
1 1 0 1 1 1 1 1 1 0 0 1 1 1 1 1 0 1 0 1 1 0 0 1 1 0 1 0 0 1 0 1 1 0 1 0 1 1 1 1 15675.0 13478.0 16294.0 16421.0 0 0.09311336766631297
0 1 0 1 1 1 1 0 1 0 0 0 0 1 1 1 1 1 1 1 1 0 0 1 1 0 1 0 1 1 0 1 1 0 1 0 1 1 1 1 14458.0 13993.0 14731.0 16394.0 0 1000000000000000.0
0 1 0 1 1 1 1 1 1 0 0 0 0 1 1 1 1 1 1 1 1 0 0 1 1 0 1 0 1 1 0 1 1 0 1 0 1 0 1 1 14759.0 14045.0 14614.0 16385.0 0 0.16880020299410117
0 1 0 1 1 1 1 1 1 0 0 0 0 1 1 1 1 1 0 1 1 0 0 1 1 0 1 0 1 1 0 1 1 0 1 0 1 1 1 1 14682.0 14004.0 15586.0 16384.0 0 0.14188896858865227
1 1 0 0 1 1 1 1 1 0 0 1 1 1 1 1 1 1 0 1 1 1 0 1 1 0 1 0 0 1 0 1 1 0 1 0 1 1 1 1 16418.0 13227.0 16471.0 16358.0 0 0.09338681356254405
1 1 0 0 1 0 1 1 1 0 0 1 0 1 1 1 1 1 1 1 1 1 0 1 1 0 1 0 0 1 0 1 1 1 1 0 1 1 1 1 16797.0 12705.0 16492.0 16337.0 0 0.08899731296048716
1 1 0 1 1 0 1 1 1 0 0 1 0 1 1 1 1 1 1 1 1 0 0 1 1 0 1 0 0 1 0 1 1 0 1 0 1 1 1 1 15739.0 13419.0 16391.0 16205.0 0 0.13299175516006836
1 1 0 0 1 1 1 1 1 0 0 1 1 1 0 1 0 1 1 0 1 1 0 1 1 0 1 0 0 1 0 1 1 1 1 0 1 1 1 1 17196.0 12735.0 15435.0 16137.0 0 0.07431049631096594
1 1 0 0 1 1 1 1 1 0 0 1 0 1 1 1 1 1 1 1 1 0 0 1 1 0 1 0 1 1 0 1 1 0 1 0 1 0 1 1 15795.0 13815.0 14911.0 16119.0 0 0.09915739292466548
1 1 0 0 1 1 1 1 1 0 0 1 1 1 1 1 0 1 0 1 1 1 0 1 1 0 1 0 1 1 0 1 0 1 1 0 1 1 1 1 16534.0 13167.0 15777.0 16060.0 0 0.09524530062027857
1 1 0 1 1 0 1 1 1 0 0 1 1 1 1 1 0 1 0 1 1 0 0 1 1 0 1 0 1 1 0 1 1 0 1 0 1 1 1 1 15323.0 13634.0 16446.0 16028.0 0 0.11392363974791252
1 1 0 1 1 1 1 1 1 0 0 0 1 1 1 1 0 1 0 1 1 0 0 1 1 0 1 0 1 1 0 1 1 0 1 0 1 0 1 1 14724.0 13912.0 15098.0 15971.0 0 0.11229338486807332
1 1 0 0 1 0 1 1 1 0 1 1 1 1 1 1 0 1 0 1 1 1 0 1 1 0 1 0 0 1 0 1 1 1 1 0 1 1 1 1 16681.0 12472.0 17211.0 15968.0 0 1000000000000000.2
1 1 0 0 1 1 1 1 1 0 0 1 1 1 1 1 0 1 1 1 1 0 0 1 1 0 1 0 1 0 0 0 1 1 1 0 1 1 1 1 16550.0 12880.0 15872.0 15964.0 0 0.05440741152119754
1 1 0 1 1 0 1 1 1 0 0 1 1 1 0 1 0 1 1 1 1 0 0 1 1 0 1 0 0 1 0 1 1 1 1 0 1 1 1 1 16437.0 13043.0 16035.0 15933.0 0 0.09186583419672173
1 1 0 0 1 1 1 1 0 0 0 1 0 1 1 1 1 1 1 1 1 1 0 1 1 0 1 0 0 1 0 0 1 1 1 0 1 1 1 1 17152.0 12174.0 16494.0 15877.0 0 0.30692097015201486
1 1 0 1 1 0 1 1 1 0 0 1 0 1 1 1 0 1 0 1 1 1 0 1 1 0 1 0 0 1 0 1 1 1 1 0 1 1 1 1 15965.0 12832.0 16906.0 15845.0 0 0.18171932905682214
1 1 0 1 1 0 1 1 1 0 0 0 0 1 1 1 1 1 1 1 1 0 0 1 1 0 1 0 1 1 0 1 1 0 1 0 1 0 1 1 14788.0 13853.0 15195.0 15755.0 0 0.08578471104708967
1 1 0 1 1 0 1 1 1 0 0 0 0 1 1 1 1 1 0 1 1 0 0 1 1 0 1 0 1 1 0 1 1 0 1 0 1 1 1 1 14711.0 13812.0 16167.0 15754.0 0 0.04780217629418407
1 1 0 0 1 1 1 1 1 0 0 1 1 1 1 1 1 1 0 1 1 0 0 1 0 0 1 0 0 1 1 1 1 1 1 0 1 1 1 1 16726.0 12923.0 15988.0 15714.0 0 0.09424993681978136
1 1 0 0 1 1 1 1 1 0 0 1 1 1 1 1 1 1 0 1 1 0 0 1 1 0 1 0 1 1 0 1 1 0 1 0 1 0 1 1 15526.0 13826.0 15198.0 15644.0 0 0.09141749357296261
1 1 0 1 1 1 1 1 1 0 0 1 0 1 1 1 0 1 0 1 1 0 0 1 1 0 1 0 1 1 0 1 1 0 1 0 1 0 1 1 14963.0 13942.0 15325.0 15627.0 0 0.19125318688513118
1 1 0 1 1 0 1 1 1 0 0 1 1 1 1 1 0 1 0 1 1 1 0 1 1 0 1 0 0 1 0 0 1 1 1 0 1 1 1 1 16169.0 12685.0 17166.0 15613.0 0 0.12129370220523655
1 1 0 1 1 0 1 1 1 0 0 1 1 1 1 1 1 1 1 1 1 0 0 1 1 0 1 0 0 0 0 1 1 0 1 0 1 1 1 1 15783.0 13146.0 16483.0 15613.0 0 0.026218312440503395
0 1 0 1 1 1 1 1 1 0 0 1 0 1 1 1 1 1 0 1 1 0 0 1 1 0 1 0 1 1 0 1 1 0 1 0 1 0 1 1 14729.0 14086.0 15128.0 15566.0 0 1000000000000000.1
1 1 0 1 1 0 1 1 1 0 0 1 0 1 1 1 1 1 0 1 1 0 0 1 1 0 1 0 1 1 0 0 1 0 1 0 1 1 1 1 15154.0 13695.0 16654.0 15178.0 0 0.39460244257229504
1 1 0 1 1 0 1 1 1 0 0 1 0 1 1 1 1 1 0 1 1 0 0 1 1 0 1 0 0 1 0 0 1 1 1 0 1 1 1 1 15616.0 13028.0 16810.0 15075.0 0 0.14629488719326875
1 1 0 1 1 0 1 1 1 0 0 1 0 1 1 1 1 1 0 1 1 0 0 1 1 0 1 0 1 1 0 1 1 0 1 0 1 0 1 1 14758.0 13894.0 15709.0 14936.0 0 0.1376057691138493
1 1 0 1 1 0 1 1 1 0 0 1 0 1 0 1 1 1 0 1 1 0 0 1 1 0 1 0 0 1 0 1 1 1 1 0 1 1 1 1 15795.0 13262.0 16270.0 14840.0 0 0.09818998830728876
1 1 0 1 1 1 1 1 1 0 0 0 0 1 0 1 1 1 1 1 1 0 0 1 1 0 1 0 1 1 0 1 0 0 1 0 1 0 1 1 14839.0 13963.0 13852.0 14818.0 0 2000000000000000.0
1 1 0 1 1 1 1 0 1 0 0 0 0 1 1 1 1 1 1 1 1 0 0 1 1 0 1 0 1 1 0 1 1 0 1 0 1 0 0 1 14401.0 14026.0 13498.0 15684.0 1 2000000000000000.0
0 1 0 1 1 1 1 1 1 0 0 0 0 1 1 1 1 1 0 1 1 0 0 1 1 0 1 0 1 1 0 1 1 0 1 0 1 0 1 1 14005.0 13832.0 14608.0 15540.0 1 1000000000000000.4
0 1 0 0 0 1 1 1 1 1 0 0 1 1 1 1 0 1 1 1 1 1 0 1 1 0 1 0 0 1 0 1 1 1 1 0 1 1 0 1 15971.0 11836.0 14163.0 17611.0 1 1000000000000000.2
1 1 0 0 1 0 1 1 1 0 1 1 1 1 1 1 0 1 0 1 1 1 0 1 1 0 1 0 0 1 0 0 1 1 1 0 1 1 1 1 16400.0 12101.0 17178.0 15366.0 1 1000000000000000.2
1 1 0 1 1 0 1 1 1 0 0 1 0 1 0 1 1 1 0 1 1 0 0 1 1 0 1 0 1 1 0 0 1 0 1 0 1 1 1 1 15052.0 13558.0 16081.0 14341.0 1 1000000000000000.1
1 0 0 0 1 1 1 1 1 0 0 1 1 1 1 1 0 1 1 1 1 1 0 1 1 0 1 0 0 1 0 1 1 1 1 0 1 1 1 1 17279.0 12017.0 15682.0 16446.0 1 1000000000000000.0
1 1 0 0 1 1 1 1 0 0 0 1 1 1 1 1 0 1 1 1 1 1 1 1 0 0 1 0 0 1 0 1 1 1 1 0 1 1 1 1 16582.0 11498.0 16260.0 16435.0 1 1000000000000000.0
1 1 0 0 1 1 1 1 0 0 0 1 1 1 0 1 0 1 0 1 1 1 0 1 1 0 1 0 0 1 1 0 1 1 1 0 1 1 1 1 17060.0 11984.0 16120.0 14520.0 1 0.463284400905579
1 1 0 0 1 1 1 1 0 0 0 1 0 1 1 1 1 1 1 1 1 1 0 1 1 0 1 0 0 0 0 0 1 1 1 0 1 1 1 1 16711.0 11677.0 16293.0 14915.0 1 0.42169770079236835
1 1 0 1 1 0 1 1 1 0 0 0 1 1 1 1 1 1 0 1 1 0 0 1 1 0 1 0 1 0 0 1 1 0 1 0 1 1 1 1 14755.0 13539.0 16259.0 15162.0 1 0.3990010971851061
0 1 0 0 1 1 1 1 1 1 0 0 0 1 1 1 1 1 1 1 1 0 0 1 1 0 1 0 0 1 0 1 1 1 0 0 1 1 1 1 15415.0 12746.0 14013.0 17348.0 1 0.37603131623289093
1 1 0 1 1 1 1 1 1 0 0 0 1 1 1 1 1 1 0 1 1 0 0 1 1 0 1 0 1 1 0 1 1 0 1 0 1 0 1 0 14442.0 13808.0 14910.0 15292.0 1 0.33840344508369485
0 1 0 0 0 0 1 1 1 0 1 1 1 1 1 1 0 1 0 1 1 1 1 1 1 0 1 0 0 1 0 1 1 1 1 0 1 1 1 1 15341.0 11718.0 17038.0 15939.0 1 0.3199028048898939
1 1 0 0 1 0 1 1 1 0 1 1 1 1 1 1 0 1 0 1 1 1 0 1 1 0 1 0 0 1 0 1 1 0 1 0 1 1 1 1 15769.0 12279.0 16753.0 15651.0 1 0.31373016614542465
0 1 0 0 1 1 1 1 1 0 0 1 1 1 1 1 0 1 1 1 1 1 0 1 1 0 1 0 1 1 0 1 1 1 1 0 0 1 0 1 16181.0 12121.0 14378.0 17456.0 1 0.3020016806892855
0 1 0 1 1 1 1 1 1 0 0 0 1 1 0 1 0 1 1 1 1 0 0 1 1 0 1 0 1 1 0 1 1 0 1 0 1 1 1 1 15222.0 13648.0 14778.0 16640.0 1 0.29222117613531234
0 1 0 1 1 1 1 1 1 0 0 0 0 1 1 1 1 1 1 1 1 0 0 1 1 0 1 0 0 1 0 1 1 0 1 0 1 1 1 1 14986.0 13357.0 15290.0 16809.0 1 0.24981064587089874
1 1 0 0 1 1 1 1 1 0 0 1 1 1 1 1 1 1 0 1 1 0 0 1 1 0 1 0 0 1 0 1 1 0 1 0 1 1 1 1 15753.0 13138.0 15874.0 16068.0 1 0.24599763091603744
0 1 0 0 1 1 1 1 1 0 0 1 1 1 1 1 0 1 1 1 1 1 0 1 1 0 1 0 0 1 0 1 1 1 1 0 1 1 1 1 16656.0 12465.0 15670.0 17215.0 1 0.2424749109299581
1 1 0 1 1 0 1 1 1 0 0 1 0 1 1 1 0 1 1 1 1 0 0 1 1 0 1 0 0 1 0 1 1 1 1 0 1 1 1 1 16054.0 12956.0 16315.0 16400.0 1 0.23459508275775148
0 1 0 1 1 1 1 1 1 0 0 0 0 1 1 1 0 1 1 1 1 1 0 1 1 0 1 0 0 1 0 1 1 0 1 0 1 1 1 1 15054.0 12790.0 15353.0 16977.0 1 0.22524648735473712
0 1 0 0 1 1 1 1 1 0 0 1 1 1 1 1 1 1 1 1 1 0 0 1 1 0 1 0 1 1 0 0 1 0 1 0 1 1 1 1 15845.0 13328.0 15418.0 16548.0 1 0.22469908345669495
1 1 0 0 1 0 1 1 1 0 0 1 0 1 1 1 1 1 1 1 1 1 0 1 1 0 1 0 0 1 0 0 1 1 1 0 1 1 1 1 16516.0 12334.0 16459.0 15735.0 1 0.21669520983808865
