0 1 0 0 0 1 1 1 1 1 0 0 1 1 1 0 0 1 1 1 1 1 0 1 1 0 1 0 0 1 0 1 1 1 1 0 1 1 1 1 15372.0 12105.0 14856.0 17501.0 0 1000000000000000.1
0 1 0 0 1 1 1 1 1 1 0 0 1 1 1 0 0 1 1 1 1 1 0 1 1 0 1 0 0 1 0 1 1 0 1 0 1 1 1 1 15045.0 12539.0 14604.0 17486.0 0 0.2628658543199177
0 1 0 0 1 1 1 1 1 1 0 0 1 1 1 0 0 1 1 1 1 0 0 1 1 0 1 0 0 1 0 1 1 1 1 0 1 1 0 1 15081.0 12336.0 13479.0 17464.0 0 1000000000000000.2
0 1 0 1 1 1 1 1 1 0 0 0 0 1 1 1 0 1 1 1 1 1 0 1 1 0 1 0 0 1 0 1 1 1 1 0 1 1 1 1 15966.0 12983.0 15811.0 17294.0 0 0.21359873187094608
0 1 0 1 1 1 1 1 1 0 0 1 0 1 1 1 0 1 1 1 1 0 0 1 1 0 1 0 0 1 0 1 1 1 1 0 1 1 1 1 16025.0 13148.0 15734.0 17030.0 0 0.27810551317810794
1 1 0 1 1 1 1 1 1 0 0 1 0 1 1 1 0 1 1 1 1 0 0 1 1 0 1 0 0 1 0 1 1 0 1 0 1 1 1 1 15944.0 13467.0 16007.0 16896.0 0 0.18909902925094135
0 1 0 1 1 1 1 1 1 0 0 0 1 1 1 1 0 1 0 1 1 1 0 1 1 0 1 0 0 1 0 1 1 1 1 0 1 1 1 1 15697.0 12994.0 16098.0 16819.0 0 0.12465025755311286
1 1 0 0 1 1 1 1 1 0 0 1 1 1 1 1 0 1 1 1 1 1 0 1 1 0 1 0 0 1 0 0 1 1 1 0 1 1 1 1 17206.0 12606.0 16368.0 16796.0 0 0.15731127858356064
0 1 0 1 1 1 1 1 1 0 0 1 0 1 1 0 1 1 1 1 1 0 0 1 1 0 1 0 0 1 0 1 1 0 1 0 1 1 1 1 14900.0 13573.0 15517.0 16676.0 0 0.25463709935589646
1 1 0 1 1 0 1 1 1 0 0 0 0 1 1 1 0 1 1 1 1 1 0 1 1 0 1 0 0 1 0 1 1 1 1 0 1 1 1 1 15995.0 12791.0 16392.0 16664.0 0 0.11078894475702095
0 1 0 1 1 1 1 1 1 0 0 1 1 1 1 1 0 1 0 1 1 0 0 1 1 0 1 0 0 1 0 1 1 1 1 0 1 1 1 1 15756.0 13159.0 16021.0 16555.0 0 0.1267928392019592
0 1 0 1 1 1 1 1 1 0 0 1 1 1 1 1 0 1 0 1 1 1 0 1 1 0 1 0 0 1 0 1 1 0 1 0 1 1 1 1 15509.0 13055.0 16160.0 16528.0 0 0.17427286291005395
0 1 0 1 1 1 1 1 1 0 0 1 1 1 1 1 0 1 1 1 1 0 0 1 1 0 0 0 1 1 0 1 1 0 1 0 1 1 1 1 15219.0 13753.0 14977.0 16527.0 0 0.257124743700549
1 1 0 1 1 0 1 1 1 0 0 1 0 1 1 1 0 1 1 1 1 0 0 1 1 0 1 0 0 1 0 1 1 1 1 0 1 1 1 1 16054.0 12956.0 16315.0 16400.0 0 0.19076814769051767
0 1 0 1 1 1 1 1 1 0 0 0 0 1 1 1 1 1 1 1 1 0 0 1 1 0 1 0 1 1 0 1 1 0 1 0 1 0 1 1 14759.0 14045.0 14614.0 16385.0 0 1000000000000000.1
1 1 0 0 1 0 1 1 1 0 0 1 0 1 1 1 1 1 1 1 1 1 0 1 1 0 1 0 0 1 0 1 1 1 1 0 1 1 1 1 16797.0 12705.0 16492.0 16337.0 0 0.3229755230119778
0 1 0 1 1 0 1 1 1 0 0 1 0 1 1 1 0 1 1 1 1 0 0 1 1 0 1 0 0 1 1 1 1 1 1 0 1 1 1 1 16099.0 13036.0 16030.0 16294.0 0 0.09264872784261008
0 1 0 1 1 1 1 1 1 0 0 1 0 1 1 1 0 1 1 0 1 1 0 1 1 0 1 0 0 1 0 0 1 1 1 0 1 1 1 1 16220.0 12761.0 15905.0 16294.0 0 0.1470187572384345
1 1 0 1 1 0 1 1 1 0 0 1 0 1 1 1 1 1 1 1 1 0 0 1 1 0 1 0 0 1 0 1 1 0 1 0 1 1 1 1 15739.0 13419.0 16391.0 16205.0 0 0.19938258961638888
1 1 0 0 1 1 1 1 1 0 0 1 1 1 0 1 1 1 1 1 1 0 0 1 1 0 1 0 0 1 0 1 1 0 1 0 1 1 1 1 16405.0 13214.0 15307.0 16076.0 0 0.3432644481232341
1 1 0 0 0 0 1 1 1 0 0 1 1 1 1 1 0 1 1 1 1 1 0 1 1 0 1 1 0 1 0 0 1 1 1 0 1 1 1 1 15994.0 11988.0 16698.0 16036.0 0 0.2664381982440021
0 1 0 1 1 1 1 1 1 0 0 1 0 1 0 1 1 1 1 1 1 0 0 1 1 0 1 0 0 1 0 1 1 0 1 0 1 1 1 1 15608.0 13474.0 15237.0 15998.0 0 0.2121365044650969
0 1 0 1 1 0 1 1 0 0 0 1 0 1 1 1 1 1 1 1 1 1 0 1 1 0 1 0 0 1 0 1 1 1 1 0 1 1 1 1 16319.0 12325.0 16600.0 15958.0 0 0.2105891676459117
1 1 0 1 1 0 1 1 1 0 0 1 1 1 1 1 0 1 1 1 1 0 0 1 1 0 0 0 1 1 0 1 1 0 1 0 1 1 1 1 15248.0 13561.0 15558.0 15897.0 0 0.1733170298490395
1 1 0 0 1 1 1 1 0 0 0 1 0 1 1 1 1 1 1 1 1 1 0 1 1 0 1 0 0 1 0 0 1 1 1 0 1 1 1 1 17152.0 12174.0 16494.0 15877.0 0 0.22494683294406267
0 1 0 1 1 0 1 1 1 0 0 1 1 1 0 1 1 1 1 1 1 0 0 1 1 0 1 0 0 1 0 1 1 1 1 0 1 1 1 1 16203.0 13187.0 15838.0 15872.0 0 0.08902604429828327
1 1 0 1 1 0 1 1 1 0 0 1 0 1 1 1 0 1 0 1 1 1 0 1 1 0 1 0 0 1 0 1 1 1 1 0 1 1 1 1 15965.0 12832.0 16906.0 15845.0 0 0.2158456032016262
0 1 0 1 1 1 1 1 1 0 0 0 0 1 1 1 0 1 0 1 1 0 0 1 1 0 0 1 1 1 0 1 1 0 1 0 1 1 1 1 13431.0 13775.0 14844.0 15641.0 0 1000000000000000.1
0 1 0 1 1 1 1 1 1 0 0 1 0 1 1 1 1 1 1 1 1 0 0 1 1 0 1 0 1 1 0 1 0 0 1 0 1 0 1 1 14834.0 13842.0 14214.0 15498.0 0 0.4932027449065991
1 1 0 1 1 0 1 1 0 0 0 1 0 1 1 1 1 1 1 1 1 0 0 1 1 0 1 0 0 1 0 0 1 1 1 0 1 1 1 1 16204.0 12377.0 16701.0 15249.0 0 0.253250850386461
1 1 0 0 1 1 1 1 0 0 0 1 1 1 0 1 1 1 1 1 1 0 0 1 0 0 1 0 0 1 1 1 1 1 1 0 1 1 1 1 17212.0 12135.0 15306.0 15051.0 0 1000000000000000.1
0 1 0 1 1 1 1 1 1 0 0 1 0 1 0 1 1 1 1 1 1 1 0 1 1 0 1 0 1 1 0 1 0 0 1 0 1 0 1 1 15397.0 13794.0 14238.0 14951.0 0 0.2216252026259316
0 1 0 1 1 0 1 1 0 0 1 1 0 1 1 1 1 1 1 1 1 1 0 1 1 0 1 0 0 0 0 1 1 0 1 0 1 1 1 1 15716.0 12047.0 16907.0 14907.0 0 1000000000000000.0
1 1 0 1 1 0 1 0 1 0 0 1 0 1 1 1 1 1 1 1 1 0 0 1 1 0 0 0 1 1 0 1 1 0 1 0 1 1 1 1 14382.0 13769.0 14938.0 14814.0 0 0.41292441516877065
1 1 0 1 1 0 1 1 1 0 0 1 0 1 1 1 1 1 1 1 1 0 0 1 1 0 0 0 1 1 0 1 1 0 1 0 1 0 1 1 14683.0 13821.0 14821.0 14805.0 0 0.1930327043507116
1 1 0 1 1 0 1 1 0 0 0 1 1 0 1 1 0 1 1 1 1 1 0 1 1 0 1 0 0 1 0 0 1 1 1 0 1 1 1 1 16090.0 11546.0 16706.0 14795.0 0 2000000000000000.0
0 1 0 0 1 1 1 1 1 1 0 0 0 1 1 1 0 1 1 1 1 1 0 1 1 0 1 0 0 1 0 1 1 0 0 0 1 1 1 1 14571.0 11986.0 13618.0 17199.0 1 1000000000000000.2
0 1 0 0 1 1 1 1 1 1 0 0 1 1 1 0 0 1 1 1 1 1 0 1 1 0 1 0 0 1 0 1 1 0 0 0 1 1 1 1 14246.0 12172.0 13618.0 17410.0 1 1000000000000000.1
1 1 0 0 1 1 1 1 0 0 0 1 1 1 1 1 0 1 1 1 1 1 0 1 1 0 1 0 0 1 0 0 1 1 1 0 1 1 1 1 17040.0 11742.0 16253.0 16125.0 1 1000000000000000.1
0 1 0 1 1 1 1 1 1 0 0 0 0 1 1 1 0 1 0 1 1 0 0 1 1 0 0 1 1 1 0 1 1 0 1 0 1 0 1 1 12754.0 13603.0 13866.0 14797.0 1 1000000000000000.1
1 1 0 1 1 0 1 1 1 0 0 1 0 1 1 1 1 1 0 1 1 0 0 1 1 0 0 0 1 1 0 1 1 0 1 0 1 0 1 1 13929.0 13608.0 14815.0 13960.0 1 1000000000000000.1
1 1 0 0 1 1 1 1 0 0 0 1 1 1 0 1 1 1 1 1 1 0 0 1 1 0 1 0 0 1 0 1 1 1 1 0 1 1 1 1 17151.0 12543.0 15650.0 15722.0 1 1000000000000000.0
1 1 0 1 1 0 1 1 1 0 0 1 0 1 1 1 0 1 0 1 1 1 0 1 1 0 1 0 0 1 0 0 1 1 1 0 1 1 1 1 15684.0 12461.0 16873.0 15243.0 1 1000000000000000.0
0 1 0 1 1 1 1 1 1 0 0 1 0 1 0 1 1 1 1 1 1 0 0 1 1 0 0 0 1 1 0 1 1 0 1 0 1 0 1 1 14552.0 13876.0 13667.0 14598.0 1 1000000000000000.0
0 1 0 1 1 1 1 1 1 0 0 1 0 0 1 0 0 1 1 1 1 0 1 1 1 0 1 0 1 1 0 1 1 0 1 0 1 0 1 1 13485.0 13502.0 14720.0 15594.0 1 0.4107715972443577
1 1 0 1 1 0 1 1 1 0 0 1 0 1 1 1 1 1 1 0 1 0 0 1 1 0 0 0 1 1 0 1 1 0 1 0 1 0 1 1 14494.0 13716.0 14428.0 14381.0 1 0.3277613759840665
0 1 0 1 1 1 1 1 1 0 0 1 0 1 1 1 1 1 0 1 1 0 0 1 1 0 0 0 1 1 0 1 1 0 1 0 1 0 1 1 13900.0 13800.0 14234.0 14590.0 1 0.3084112482321671
1 1 0 0 1 1 1 1 0 0 0 1 0 1 1 1 1 1 1 1 1 0 0 1 1 0 1 0 0 1 0 1 1 1 1 0 1 1 1 1 16768.0 12456.0 15930.0 16189.0 1 0.1521683081474321
0 1 0 0 1 1 1 1 1 0 0 0 0 1 1 1 1 1 1 1 1 1 0 1 1 0 1 0 1 1 0 1 1 1 1 0 0 1 0 1 15569.0 12299.0 14099.0 17182.0 1 0.14899020418453868
0 1 0 1 1 1 1 1 1 0 0 0 0 1 1 1 1 1 1 1 1 0 0 1 1 0 0 0 1 1 0 1 1 0 1 0 1 0 1 1 13930.0 13759.0 13720.0 15409.0 1 0.14844137509204655
0 1 0 1 1 0 1 1 0 0 0 1 0 1 1 1 1 1 1 1 1 1 0 1 1 0 1 0 0 1 0 0 1 1 1 0 1 1 1 1 16038.0 11954.0 16567.0 15356.0 1 0.13223200668626067
0 1 0 0 1 1 1 1 1 0 0 1 1 1 1 1 0 1 1 1 1 1 0 1 1 0 1 0 0 1 0 0 1 1 1 0 1 1 1 1 16375.0 12094.0 15637.0 16613.0 1 0.1292393477082519
0 1 0 1 1 1 1 1 1 0 0 1 0 1 1 1 0 1 1 1 1 0 0 1 1 0 1 0 0 1 0 1 1 0 1 0 1 1 1 1 15113.0 12955.0 15276.0 16713.0 1 0.12757750761866354
0 1 0 1 1 1 1 1 1 0 0 1 0 1 0 1 1 1 1 1 1 0 0 1 1 0 1 0 1 1 0 1 0 0 1 0 1 0 1 1 14732.0 13705.0 13641.0 14661.0 1 0.12681373269654025
0 1 0 1 1 1 1 1 1 0 0 0 0 1 1 1 1 1 1 1 1 0 0 1 1 0 1 0 1 1 0 1 0 0 1 0 1 0 1 1 14110.0 13588.0 13694.0 15472.0 1 0.12629007934208128
1 1 0 1 1 0 1 1 1 0 0 0 0 1 1 1 0 1 1 1 1 0 0 1 1 0 1 0 0 1 0 1 1 1 1 0 1 1 1 1 15330.0 12702.0 15795.0 16374.0 1 0.12239724346711507
0 1 0 1 1 1 1 1 1 0 0 0 0 1 1 1 0 1 1 1 1 1 0 1 1 0 1 0 0 1 0 1 1 0 1 0 1 1 1 1 15054.0 12790.0 15353.0 16977.0 1 0.12166239731944894
1 1 0 1 1 1 1 1 1 0 0 0 0 1 1 1 0 1 1 1 1 1 0 1 1 0 1 0 0 1 0 1 1 0 0 0 1 1 1 1 15086.0 12935.0 15098.0 17084.0 1 0.12081899704491783
1 1 0 0 1 1 1 1 0 0 0 1 0 1 1 1 1 1 1 1 0 1 0 1 1 0 1 0 0 1 0 0 1 1 1 0 1 1 1 1 16762.0 11768.0 16139.0 14946.0 1 0.11991395836533669
0 1 0 1 1 0 1 1 1 0 0 1 0 1 0 1 1 1 1 1 1 0 0 1 1 0 1 0 0 1 0 1 1 1 1 0 1 1 1 1 15718.0 12963.0 15545.0 15502.0 1 0.1183132940777562
1 1 0 1 0 0 1 1 1 0 0 1 0 1 1 1 1 1 1 1 1 0 0 1 1 0 1 0 0 1 0 0 1 1 1 0 1 1 1 1 15785.0 12614.0 16610.0 15618.0 1 0.11811776280285463
1 1 0 1 1 0 1 1 0 0 0 1 0 1 1 0 0 1 1 1 1 1 0 1 1 0 1 0 0 1 0 1 1 1 1 0 1 1 1 1 15743.0 12143.0 16504.0 15860.0 1 0.1174871602125502
1 1 0 1 1 0 1 1 1 0 0 1 0 1 1 1 1 1 1 0 1 0 0 1 1 0 1 0 0 1 0 1 1 1 1 0 1 0 1 1 15785.0 13335.0 15478.0 15254.0 1 0.11609418122367401
1 1 0 0 1 0 1 1 0 0 0 1 0 1 1 1 1 1 1 1 1 1 0 1 1 0 1 0 0 1 0 1 1 1 1 0 1 1 1 1 16631.0 11841.0 16377.0 15666.0 1 0.11490217298446675
1 1 0 1 1 0 1 1 1 0 0 1 0 1 1 1 1 1 1 0 1 0 0 1 1 0 1 0 0 1 0 1 1 0 1 0 1 1 1 1 15550.0 13314.0 15998.0 15781.0 1 0.11023624414626129
0 1 0 1 1 1 1 1 1 0 0 0 0 1 1 1 1 1 0 1 1 1 0 1 1 0 1 0 0 1 0 1 1 0 1 0 1 1 1 1 14897.0 13233.0 15881.0 16254.0 1 0.10962152682773445
1 1 0 1 1 0 1 1 1 0 0 1 0 1 1 1 1 1 1 1 1 0 0 1 1 0 1 0 0 1 0 0 1 1 1 0 1 0 1 1 15693.0 13069.0 15838.0 15076.0 1 0.10840023035974605
0 1 0 1 1 1 1 1 1 0 0 1 0 1 1 1 0 1 1 1 1 0 0 1 1 0 1 0 1 1 0 0 1 1 1 0 1 0 1 1 15517.0 13465.0 15025.0 16004.0 1 0.10719211587546491
1 1 0 0 1 0 1 1 1 0 0 1 0 1 1 1 1 1 1 1 1 1 0 1 1 0 1 0 0 0 0 1 1 1 1 0 1 1 1 1 16356.0 12208.0 16291.0 15375.0 1 0.1063450305412029
0 1 0 1 1 1 1 1 0 0 0 1 1 1 0 1 1 1 1 1 1 0 0 1 1 0 1 0 0 0 0 1 1 1 1 0 1 1 1 1 16398.0 12530.0 15672.0 15052.0 1 0.10308636671612063
0 1 0 1 1 1 1 1 1 0 0 1 0 1 1 1 0 1 1 1 1 1 0 1 1 0 1 0 0 1 0 1 1 1 1 0 1 1 1 0 15811.0 12477.0 15609.0 16519.0 1 0.1012949064468657
1 1 0 1 1 0 1 1 1 0 0 1 0 1 1 1 1 1 1 1 1 0 0 1 1 0 0 0 1 1 0 1 0 0 1 0 1 1 1 1 14711.0 13536.0 14879.0 14736.0 1 0.09849262155253713
1 1 0 1 1 0 1 1 1 0 0 0 0 1 1 1 1 1 1 1 1 1 0 1 1 0 1 0 1 1 0 1 0 0 1 0 1 0 1 1 14804.0 13485.0 14872.0 15132.0 1 0.09672209981860543
1 1 0 1 1 0 1 1 0 0 0 1 0 1 1 1 1 1 1 0 1 0 0 1 1 0 1 0 0 1 0 1 1 1 1 0 1 1 1 1 16296.0 12643.0 16341.0 15427.0 1 0.09671913624555749
0 1 0 0 0 1 1 1 0 1 0 0 1 1 1 1 1 1 1 1 1 0 0 1 1 0 1 0 0 1 0 1 1 1 1 0 1 1 1 1 15948.0 11846.0 14971.0 16821.0 1 0.09639132264186143
1 1 0 0 1 1 1 1 0 0 0 0 0 1 1 1 1 1 1 1 1 1 0 1 1 0 1 0 0 1 0 1 1 1 1 0 1 1 1 1 16709.0 12291.0 16007.0 16453.0 1 0.09599194360328502
0 1 0 1 1 1 1 1 1 0 0 0 0 1 1 1 1 1 1 1 1 1 0 1 1 0 1 0 0 1 0 1 1 0 0 0 1 1 1 1 14852.0 13079.0 14901.0 17023.0 1 0.0955491853460499
0 1 0 1 1 1 1 1 1 0 0 0 0 1 1 1 1 1 1 1 1 0 0 1 1 0 1 0 0 1 0 0 1 1 1 0 1 1 1 1 15617.0 13179.0 15715.0 16524.0 1 0.0954001208066726
1 1 0 0 0 0 1 1 1 1 0 0 1 1 1 0 0 1 1 1 1 1 0 1 1 0 1 0 0 1 0 1 1 1 1 0 1 1 1 1 15401.0 11913.0 15437.0 16871.0 1 0.09529473970884156
0 1 0 0 0 1 1 1 1 1 0 0 1 1 1 0 0 1 1 1 1 1 0 1 1 0 1 0 0 1 0 1 1 0 1 0 1 1 1 1 14460.0 11912.0 14398.0 17184.0 1 0.0937839163261425
1 1 0 1 0 0 1 1 1 0 0 1 0 1 1 1 0 1 1 1 1 0 1 1 1 0 1 0 0 1 0 1 1 0 1 0 1 1 1 1 14633.0 12521.0 16415.0 16237.0 1 0.09356093936243189
1 1 0 1 0 0 1 1 1 0 0 1 0 1 1 1 0 1 1 1 1 0 0 1 1 0 1 0 0 1 0 1 1 1 1 0 1 1 1 1 15469.0 12329.0 16109.0 16098.0 1 0.092338725874584
1 1 0 1 1 0 1 1 1 0 0 1 0 1 1 1 0 1 0 1 1 1 0 1 1 0 1 0 0 1 0 1 1 0 1 0 1 1 1 1 15053.0 12639.0 16448.0 15528.0 1 0.09190599762336166
1 1 0 0 1 1 1 1 1 0 0 1 0 1 1 1 0 1 1 1 1 1 0 1 1 0 1 0 0 1 0 0 1 1 1 0 1 1 1 1 16721.0 12382.0 16075.0 16426.0 1 0.0895115826696014
1 1 0 0 1 1 1 1 0 0 0 0 1 1 1 1 0 1 1 1 1 1 0 1 1 0 1 0 0 1 0 1 1 1 1 0 1 1 1 1 16597.0 11859.0 15766.0 16701.0 1 0.08874174904247087
1 1 0 1 0 0 1 1 1 0 0 1 0 1 1 1 1 1 1 1 1 0 0 1 1 0 1 0 0 1 0 1 1 0 1 0 1 1 1 1 15154.0 12792.0 16185.0 15903.0 1 0.08837625244007788
1 1 0 0 1 1 1 1 1 0 0 1 1 1 0 1 1 1 1 1 1 0 0 1 1 0 1 0 0 1 0 0 1 1 1 0 1 0 1 1 16359.0 12864.0 14754.0 14947.0 1 0.08837194716387309
0 1 0 1 1 0 1 1 1 0 0 1 1 1 0 1 1 1 1 1 1 0 0 1 1 0 1 0 0 1 0 0 1 1 1 0 1 1 1 1 15922.0 12816.0 15805.0 15270.0 1 0.08788650886348719
1 1 0 0 1 1 1 1 1 0 0 0 0 1 1 1 1 1 1 1 1 0 0 1 1 0 1 0 1 1 0 1 1 0 1 0 1 0 1 1 15071.0 13561.0 14391.0 16093.0 1 0.08743963657124502
1 1 0 1 1 1 1 1 1 0 0 1 0 1 1 1 0 1 1 1 1 0 0 1 1 0 1 0 0 1 0 0 1 1 1 0 1 0 1 1 15898.0 13117.0 15454.0 15767.0 1 0.08727558603151206
1 1 1 0 1 1 1 1 0 0 0 1 0 1 1 1 0 1 1 1 1 0 0 1 1 0 1 0 0 1 0 1 1 1 1 0 1 1 1 1 16207.0 12402.0 15409.0 16308.0 1 0.08583890802355473
1 1 0 1 1 0 1 1 1 0 0 1 0 1 1 0 0 1 1 1 1 0 0 1 1 0 1 0 0 1 0 1 1 1 1 0 1 1 1 1 15244.0 12918.0 16022.0 16241.0 1 0.085747081813665
0 1 0 1 1 1 1 1 1 1 0 0 1 1 1 1 0 1 0 1 1 1 0 1 1 0 1 0 0 1 0 1 1 0 1 0 1 0 1 1 14943.0 13188.0 14867.0 16431.0 1 0.082709518635084
0 1 0 1 1 1 1 1 1 0 0 1 1 1 1 1 0 0 1 1 1 1 0 1 1 0 1 0 0 1 0 1 1 0 1 0 1 1 1 1 16102.0 12303.0 15307.0 16642.0 1 0.08199078396229922
0 1 0 0 1 1 1 1 0 1 0 0 1 1 1 0 0 1 1 1 1 1 0 1 1 0 1 0 0 1 0 1 1 1 1 0 1 1 1 1 15791.0 11868.0 14947.0 17132.0 1 0.08066028478262678
1 1 0 1 1 0 1 1 1 0 0 1 0 1 1 1 1 1 1 1 1 0 0 1 1 0 1 0 0 0 0 1 1 0 1 0 1 1 1 1 15298.0 12922.0 16190.0 15243.0 1 0.0805899006911736
1 1 0 0 1 1 1 1 1 0 0 1 0 1 1 1 1 1 1 1 1 0 0 1 1 0 1 0 0 1 0 1 1 1 1 0 1 0 1 1 16257.0 13148.0 15067.0 16016.0 1 0.0752818300450213
1 1 0 0 1 0 1 1 1 0 0 1 0 1 1 1 1 1 1 1 1 0 0 1 1 0 1 0 0 1 0 1 1 1 1 0 1 1 1 1 16132.0 12616.0 15895.0 16047.0 1 0.07296761118123984
0 1 0 1 1 0 1 1 1 0 0 1 1 1 0 1 1 1 1 1 1 0 0 1 1 0 0 0 1 1 0 1 1 0 1 0 1 1 1 1 14912.0 13568.0 14788.0 14999.0 1 0.07228915656880744
1 1 0 1 1 0 1 1 0 1 0 0 1 1 1 1 0 1 0 1 1 0 0 1 1 0 1 0 0 1 0 1 1 1 1 0 1 1 1 1 15730.0 12408.0 16172.0 16001.0 1 0.07212347596356689
