0 1 0 0 0 1 1 1 1 1 0 0 1 1 1 0 0 1 1 1 1 1 0 1 1 0 1 0 0 1 0 1 1 1 1 0 1 1 1 1 15372.0 12105.0 14856.0 17501.0 0 1000000000000000.1
0 1 0 0 1 1 1 1 1 1 0 0 1 1 1 0 0 1 1 1 1 1 0 1 1 0 1 0 0 1 0 1 1 0 1 0 1 1 1 1 15045.0 12539.0 14604.0 17486.0 0 0.2788926986698801
0 1 0 0 1 1 1 1 1 1 0 0 1 1 1 0 0 1 1 1 1 0 0 1 1 0 1 0 0 1 0 1 1 1 1 0 1 1 0 1 15081.0 12336.0 13479.0 17464.0 0 1000000000000000.2
0 1 0 1 1 1 1 1 1 0 0 0 0 1 1 1 0 1 1 1 1 1 0 1 1 0 1 0 0 1 0 1 1 1 1 0 1 1 1 1 15966.0 12983.0 15811.0 17294.0 0 0.2168446896657239
0 1 0 1 1 1 1 1 1 0 0 1 0 1 1 1 0 1 1 1 1 0 0 1 1 0 1 0 0 1 0 1 1 1 1 0 1 1 1 1 16025.0 13148.0 15734.0 17030.0 0 0.2859065980155075
1 1 0 1 1 1 1 1 1 0 0 1 0 1 1 1 0 1 1 1 1 0 0 1 1 0 1 0 0 1 0 1 1 0 1 0 1 1 1 1 15944.0 13467.0 16007.0 16896.0 0 0.1932253146888787
0 1 0 1 1 1 1 1 1 0 0 0 1 1 1 1 0 1 0 1 1 1 0 1 1 0 1 0 0 1 0 1 1 1 1 0 1 1 1 1 15697.0 12994.0 16098.0 16819.0 0 0.1284848623242175
1 1 0 0 1 1 1 1 1 0 0 1 1 1 1 1 0 1 1 1 1 1 0 1 1 0 1 0 0 1 0 0 1 1 1 0 1 1 1 1 17206.0 12606.0 16368.0 16796.0 0 0.16908824132372247
0 1 0 1 1 1 1 1 1 0 0 1 0 1 1 0 1 1 1 1 1 0 0 1 1 0 1 0 0 1 0 1 1 0 1 0 1 1 1 1 14900.0 13573.0 15517.0 16676.0 0 0.26821286750021867
1 1 0 1 1 0 1 1 1 0 0 0 0 1 1 1 0 1 1 1 1 1 0 1 1 0 1 0 0 1 0 1 1 1 1 0 1 1 1 1 15995.0 12791.0 16392.0 16664.0 0 0.11590810034884816
0 1 0 1 1 1 1 1 1 0 0 1 1 1 1 1 0 1 0 1 1 0 0 1 1 0 1 0 0 1 0 1 1 1 1 0 1 1 1 1 15756.0 13159.0 16021.0 16555.0 0 0.12970008382667397
0 1 0 1 1 1 1 1 1 0 0 1 1 1 1 1 0 1 0 1 1 1 0 1 1 0 1 0 0 1 0 1 1 0 1 0 1 1 1 1 15509.0 13055.0 16160.0 16528.0 0 0.1636112744268217
0 1 0 1 1 1 1 1 1 0 0 1 1 1 1 1 0 1 1 1 1 0 0 1 1 0 0 0 1 1 0 1 1 0 1 0 1 1 1 1 15219.0 13753.0 14977.0 16527.0 0 0.2709740879118144
1 1 0 1 1 0 1 1 1 0 0 1 0 1 1 1 0 1 1 1 1 0 0 1 1 0 1 0 0 1 0 1 1 1 1 0 1 1 1 1 16054.0 12956.0 16315.0 16400.0 0 0.18930992197237362
0 1 0 1 1 1 1 1 1 0 0 0 0 1 1 1 1 1 1 1 1 0 0 1 1 0 1 0 1 1 0 1 1 0 1 0 1 0 1 1 14759.0 14045.0 14614.0 16385.0 0 1000000000000000.1
1 1 0 0 1 0 1 1 1 0 0 1 0 1 1 1 1 1 1 1 1 1 0 1 1 0 1 0 0 1 0 1 1 1 1 0 1 1 1 1 16797.0 12705.0 16492.0 16337.0 0 0.33391379549811906
0 1 0 1 1 0 1 1 1 0 0 1 0 1 1 1 0 1 1 1 1 0 0 1 1 0 1 0 0 1 1 1 1 1 1 0 1 1 1 1 16099.0 13036.0 16030.0 16294.0 0 0.10648460957928071
0 1 0 1 1 1 1 1 1 0 0 1 0 1 1 1 0 1 1 0 1 1 0 1 1 0 1 0 0 1 0 0 1 1 1 0 1 1 1 1 16220.0 12761.0 15905.0 16294.0 0 0.15314052064973074
1 1 0 1 1 0 1 1 1 0 0 1 0 1 1 1 1 1 1 1 1 0 0 1 1 0 1 0 0 1 0 1 1 0 1 0 1 1 1 1 15739.0 13419.0 16391.0 16205.0 0 0.2173318902780899
1 1 0 0 1 1 1 1 1 0 0 1 1 1 0 1 1 1 1 1 1 0 0 1 1 0 1 0 0 1 0 1 1 0 1 0 1 1 1 1 16405.0 13214.0 15307.0 16076.0 0 0.34592854784134386
1 1 0 0 0 0 1 1 1 0 0 1 1 1 1 1 0 1 1 1 1 1 0 1 1 0 1 1 0 1 0 0 1 1 1 0 1 1 1 1 15994.0 11988.0 16698.0 16036.0 0 0.12715514877004358
0 1 0 1 1 1 1 1 1 0 0 1 0 1 0 1 1 1 1 1 1 0 0 1 1 0 1 0 0 1 0 1 1 0 1 0 1 1 1 1 15608.0 13474.0 15237.0 15998.0 0 0.21113137922615346
0 1 0 1 1 0 1 1 0 0 0 1 0 1 1 1 1 1 1 1 1 1 0 1 1 0 1 0 0 1 0 1 1 1 1 0 1 1 1 1 16319.0 12325.0 16600.0 15958.0 0 0.21266625072805595
1 1 0 1 1 0 1 1 1 0 0 1 1 1 1 1 0 1 0 1 1 1 0 1 1 0 1 0 0 1 0 1 1 0 1 0 1 1 1 1 15538.0 12863.0 16741.0 15898.0 0 0.15579679151906656
1 1 0 1 1 0 1 1 1 0 0 1 1 1 1 1 0 1 1 1 1 0 0 1 1 0 0 0 1 1 0 1 1 0 1 0 1 1 1 1 15248.0 13561.0 15558.0 15897.0 0 0.1580795762559068
1 1 0 0 1 1 1 1 0 0 0 1 0 1 1 1 1 1 1 1 1 1 0 1 1 0 1 0 0 1 0 0 1 1 1 0 1 1 1 1 17152.0 12174.0 16494.0 15877.0 0 0.23823640334662693
0 1 0 1 1 0 1 1 1 0 0 1 1 1 0 1 1 1 1 1 1 0 0 1 1 0 1 0 0 1 0 1 1 1 1 0 1 1 1 1 16203.0 13187.0 15838.0 15872.0 0 0.09290696883912636
1 1 0 1 1 0 1 1 1 0 0 1 0 1 1 1 0 1 0 1 1 1 0 1 1 0 1 0 0 1 0 1 1 1 1 0 1 1 1 1 15965.0 12832.0 16906.0 15845.0 0 0.17376038302079874
0 1 0 1 1 1 1 1 1 0 0 0 0 1 1 1 0 1 0 1 1 0 0 1 1 0 0 1 1 1 0 1 1 0 1 0 1 1 1 1 13431.0 13775.0 14844.0 15641.0 0 1000000000000000.1
0 1 0 1 1 1 1 1 1 0 0 1 0 1 1 1 1 1 1 1 1 0 0 1 1 0 1 0 1 1 0 1 0 0 1 0 1 0 1 1 14834.0 13842.0 14214.0 15498.0 0 0.4544712326836892
1 1 0 1 1 0 1 1 0 0 0 1 1 0 1 1 0 1 1 1 1 1 0 1 1 0 1 0 0 1 0 1 1 1 1 0 1 1 1 1 16371.0 11917.0 16739.0 15397.0 0 1000000000000000.1
1 1 0 1 1 0 1 1 0 0 0 1 0 1 1 1 1 1 1 1 1 0 0 1 1 0 1 0 0 1 0 0 1 1 1 0 1 1 1 1 16204.0 12377.0 16701.0 15249.0 0 0.24018950753067142
1 1 0 0 1 1 1 1 0 0 0 1 1 1 0 1 1 1 1 1 1 0 0 1 0 0 1 0 0 1 1 1 1 1 1 0 1 1 1 1 17212.0 12135.0 15306.0 15051.0 0 1000000000000000.1
0 1 0 1 1 1 1 1 1 0 0 1 0 1 0 1 1 1 1 1 1 1 0 1 1 0 1 0 1 1 0 1 0 0 1 0 1 0 1 1 15397.0 13794.0 14238.0 14951.0 0 0.2250317663368271
0 1 0 1 1 0 1 1 0 0 1 1 0 1 1 1 1 1 1 1 1 1 0 1 1 0 1 0 0 0 0 1 1 0 1 0 1 1 1 1 15716.0 12047.0 16907.0 14907.0 0 1000000000000000.1
1 1 0 1 1 0 1 0 1 0 0 1 0 1 1 1 1 1 1 1 1 0 0 1 1 0 0 0 1 1 0 1 1 0 1 0 1 1 1 1 14382.0 13769.0 14938.0 14814.0 0 0.4145990542142744
1 1 0 1 1 0 1 1 1 0 0 1 0 1 1 1 1 1 1 1 1 0 0 1 1 0 0 0 1 1 0 1 1 0 1 0 1 0 1 1 14683.0 13821.0 14821.0 14805.0 0 1000000000000000.2
0 1 0 0 1 1 1 1 1 1 0 0 1 1 1 0 0 1 1 1 1 1 0 1 1 0 1 0 0 1 0 1 1 0 0 0 1 1 1 1 14246.0 12172.0 13618.0 17410.0 1 2000000000000000.0
0 1 0 1 1 1 1 1 1 0 0 0 0 1 1 1 0 1 0 1 1 0 0 1 1 0 0 1 1 1 0 1 1 0 1 0 1 0 1 1 12754.0 13603.0 13866.0 14797.0 1 1000000000000000.1
1 1 0 1 1 0 1 1 0 0 0 1 1 0 1 1 0 1 1 1 1 1 0 1 1 0 1 0 0 1 0 0 1 1 1 0 1 1 1 1 16090.0 11546.0 16706.0 14795.0 1 1000000000000000.1
1 1 0 1 1 0 1 1 1 0 0 1 0 1 1 1 1 1 0 1 1 0 0 1 1 0 0 0 1 1 0 1 1 0 1 0 1 0 1 1 13929.0 13608.0 14815.0 13960.0 1 1000000000000000.1
1 1 0 0 1 1 1 1 0 0 0 1 1 1 0 1 1 1 1 1 1 0 0 1 1 0 1 0 0 1 0 1 1 1 1 0 1 1 1 1 17151.0 12543.0 15650.0 15722.0 1 1000000000000000.0
1 1 0 1 1 0 1 1 1 0 0 1 0 1 1 1 0 1 0 1 1 1 0 1 1 0 1 0 0 1 0 0 1 1 1 0 1 1 1 1 15684.0 12461.0 16873.0 15243.0 1 1000000000000000.0
0 1 0 1 1 1 1 1 1 0 0 1 0 1 0 1 1 1 1 1 1 0 0 1 1 0 0 0 1 1 0 1 1 0 1 0 1 0 1 1 14552.0 13876.0 13667.0 14598.0 1 1000000000000000.0
0 1 0 1 1 1 1 1 1 0 0 1 0 0 1 0 0 1 1 1 1 0 1 1 1 0 1 0 1 1 0 1 1 0 1 0 1 0 1 1 13485.0 13502.0 14720.0 15594.0 1 0.35469056710851304
1 1 0 1 1 0 1 1 1 0 0 1 0 1 1 1 1 1 1 0 1 0 0 1 1 0 0 0 1 1 0 1 1 0 1 0 1 0 1 1 14494.0 13716.0 14428.0 14381.0 1 0.30806575158736926
0 1 0 1 1 1 1 1 1 0 0 1 0 1 1 1 1 1 0 1 1 0 0 1 1 0 0 0 1 1 0 1 1 0 1 0 1 0 1 1 13900.0 13800.0 14234.0 14590.0 1 0.3037992238245589
1 1 0 0 1 1 1 1 0 0 0 1 1 1 1 1 0 1 1 1 1 1 0 1 1 0 1 0 0 1 0 0 1 1 1 0 1 1 1 1 17040.0 11742.0 16253.0 16125.0 1 0.25515079473405305
0 1 0 0 1 1 1 1 1 1 0 0 0 1 1 1 0 1 1 1 1 1 0 1 1 0 1 0 0 1 0 1 1 0 1 0 1 1 1 1 15370.0 12353.0 14604.0 17275.0 1 0.19063128115317107
0 1 0 1 1 0 1 1 0 0 0 1 0 1 1 1 1 1 1 1 1 1 0 1 1 0 1 0 0 1 0 0 1 1 1 0 1 1 1 1 16038.0 11954.0 16567.0 15356.0 1 0.18283228910213367
0 1 0 0 1 1 1 1 1 1 0 0 1 1 1 0 0 1 1 1 1 0 0 1 1 0 1 0 0 1 0 1 1 0 1 0 1 1 1 1 14380.0 12450.0 14007.0 17196.0 1 0.1346814386497459
0 1 0 1 1 1 1 1 1 0 0 0 0 1 1 1 1 1 1 1 1 0 0 1 1 0 0 0 1 1 0 1 1 0 1 0 1 0 1 1 13930.0 13759.0 13720.0 15409.0 1 0.1288248284521237
0 1 0 1 1 1 1 1 1 0 0 1 0 1 1 1 0 1 1 1 1 0 0 1 1 0 1 0 0 1 0 1 1 0 1 0 1 1 1 1 15113.0 12955.0 15276.0 16713.0 1 0.12647377528180004
1 1 0 1 1 0 1 1 1 0 0 0 0 1 1 1 0 1 1 1 1 0 0 1 1 0 1 0 0 1 0 1 1 1 1 0 1 1 1 1 15330.0 12702.0 15795.0 16374.0 1 0.12564939512704382
1 1 0 0 1 1 1 1 0 0 0 1 0 1 1 1 1 1 1 1 1 0 0 1 1 0 1 0 0 1 0 1 1 1 1 0 1 1 1 1 16768.0 12456.0 15930.0 16189.0 1 0.1253866827701705
0 1 0 1 1 1 1 1 1 0 0 1 0 1 0 1 1 1 1 1 1 0 0 1 1 0 1 0 1 1 0 1 0 0 1 0 1 0 1 1 14732.0 13705.0 13641.0 14661.0 1 0.12255647939720957
0 1 0 1 1 1 1 1 1 0 0 0 0 1 1 1 1 1 1 1 1 0 0 1 1 0 1 0 1 1 0 1 0 0 1 0 1 0 1 1 14110.0 13588.0 13694.0 15472.0 1 0.11933101477937122
0 1 0 1 1 1 1 1 1 0 0 0 0 1 1 1 0 1 1 1 1 1 0 1 1 0 1 0 0 1 0 1 1 0 1 0 1 1 1 1 15054.0 12790.0 15353.0 16977.0 1 0.11811468623667337
1 1 0 1 1 0 1 1 0 0 0 1 0 1 1 0 0 1 1 1 1 1 0 1 1 0 1 0 0 1 0 1 1 1 1 0 1 1 1 1 15743.0 12143.0 16504.0 15860.0 1 0.11790638201749537
0 1 0 0 1 1 1 1 1 0 0 1 1 1 1 1 0 1 1 1 1 1 0 1 1 0 1 0 0 1 0 0 1 1 1 0 1 1 1 1 16375.0 12094.0 15637.0 16613.0 1 0.11765403361620046
0 1 0 1 1 1 1 1 1 0 0 1 0 1 1 1 0 1 1 1 1 0 0 1 1 0 1 0 1 1 0 0 1 1 1 0 1 0 1 1 15517.0 13465.0 15025.0 16004.0 1 0.11664024717375707
1 1 0 0 0 0 1 1 1 1 0 0 1 1 1 0 0 1 1 1 1 1 0 1 1 0 1 0 0 1 0 1 1 1 1 0 1 1 1 1 15401.0 11913.0 15437.0 16871.0 1 0.11416642344872702
1 1 0 0 1 1 1 1 0 0 0 1 0 1 1 1 1 1 1 1 0 1 0 1 1 0 1 0 0 1 0 0 1 1 1 0 1 1 1 1 16762.0 11768.0 16139.0 14946.0 1 0.11263205989164159
0 1 0 1 1 0 1 1 1 0 0 1 0 1 0 1 1 1 1 1 1 0 0 1 1 0 1 0 0 1 0 1 1 1 1 0 1 1 1 1 15718.0 12963.0 15545.0 15502.0 1 0.11040810983109842
1 1 0 1 1 1 1 1 1 0 0 0 0 1 1 1 0 1 1 1 1 1 0 1 1 0 1 0 0 1 0 1 1 0 0 0 1 1 1 1 15086.0 12935.0 15098.0 17084.0 1 0.1102428073290598
1 1 0 1 1 0 1 1 1 0 0 1 0 1 1 1 1 1 1 0 1 0 0 1 1 0 1 0 0 1 0 1 1 1 1 0 1 0 1 1 15785.0 13335.0 15478.0 15254.0 1 0.11014191040701721
1 1 0 0 1 1 1 1 0 0 0 0 0 1 1 1 1 1 1 1 1 1 0 1 1 0 1 0 0 1 0 1 1 1 1 0 1 1 1 1 16709.0 12291.0 16007.0 16453.0 1 0.10785545728530196
0 1 0 0 1 1 1 1 1 0 0 0 0 1 1 1 1 1 1 1 1 1 0 1 1 0 1 0 1 1 0 1 1 1 1 0 0 1 0 1 15569.0 12299.0 14099.0 17182.0 1 0.10708547001777163
1 1 0 1 1 0 1 1 1 0 0 1 0 1 1 1 1 1 1 0 1 0 0 1 1 0 1 0 0 1 0 1 1 0 1 0 1 1 1 1 15550.0 13314.0 15998.0 15781.0 1 0.10621550491911562
0 1 0 1 1 1 1 1 1 0 0 0 0 1 1 1 1 1 0 1 1 1 0 1 1 0 1 0 0 1 0 1 1 0 1 0 1 1 1 1 14897.0 13233.0 15881.0 16254.0 1 0.10465473131184863
0 1 0 0 0 1 1 1 0 1 0 0 1 1 1 1 1 1 1 1 1 0 0 1 1 0 1 0 0 1 0 1 1 1 1 0 1 1 1 1 15948.0 11846.0 14971.0 16821.0 1 0.10386718081266999
1 1 0 1 1 0 1 1 0 0 0 1 0 1 1 1 1 1 1 0 1 0 0 1 1 0 1 0 0 1 0 1 1 1 1 0 1 1 1 1 16296.0 12643.0 16341.0 15427.0 1 0.10198407408998533
1 1 0 1 1 0 1 1 1 0 0 1 0 1 1 1 1 1 1 1 1 0 0 1 1 0 1 0 0 1 0 0 1 1 1 0 1 0 1 1 15693.0 13069.0 15838.0 15076.0 1 0.1017807748390834
0 1 0 0 1 1 1 1 1 1 0 1 1 1 0 1 1 1 1 1 1 0 0 1 1 0 1 0 0 1 0 1 1 0 0 0 1 1 1 1 15610.0 12894.0 13795.0 16590.0 1 0.1017393799299918
1 1 0 1 0 0 1 1 1 0 0 1 0 1 1 1 1 1 1 1 1 0 0 1 1 0 1 0 0 1 0 0 1 1 1 0 1 1 1 1 15785.0 12614.0 16610.0 15618.0 1 0.09626813709656286
1 1 0 1 1 0 1 1 1 0 0 1 0 1 1 1 1 1 1 1 1 0 0 1 1 0 0 0 1 1 0 1 0 0 1 0 1 1 1 1 14711.0 13536.0 14879.0 14736.0 1 0.09558718969779005
1 1 0 0 1 1 1 1 1 0 0 0 0 1 1 1 1 1 1 1 1 0 0 1 1 0 1 0 1 1 0 1 1 0 1 0 1 0 1 1 15071.0 13561.0 14391.0 16093.0 1 0.09539481804800902
1 1 0 0 1 1 1 1 0 0 0 0 1 1 1 1 0 1 1 1 1 1 0 1 1 0 1 0 0 1 0 1 1 1 1 0 1 1 1 1 16597.0 11859.0 15766.0 16701.0 1 0.0953089179054611
1 1 0 1 1 0 1 1 1 0 0 0 0 1 1 1 1 1 1 1 1 1 0 1 1 0 1 0 1 1 0 1 0 0 1 0 1 0 1 1 14804.0 13485.0 14872.0 15132.0 1 0.09526359637346435
1 1 0 0 1 0 1 1 0 0 0 1 0 1 1 1 1 1 1 1 1 1 0 1 1 0 1 0 0 1 0 1 1 1 1 0 1 1 1 1 16631.0 11841.0 16377.0 15666.0 1 0.094071529316749
1 1 1 0 1 1 1 1 0 0 0 1 0 1 1 1 0 1 1 1 1 0 0 1 1 0 1 0 0 1 0 1 1 1 1 0 1 1 1 1 16207.0 12402.0 15409.0 16308.0 1 0.09115422723959685
1 1 0 1 0 0 1 1 1 0 0 1 0 1 1 1 0 1 1 1 1 0 1 1 1 0 1 0 0 1 0 1 1 0 1 0 1 1 1 1 14633.0 12521.0 16415.0 16237.0 1 0.08854648295505
0 1 0 1 1 1 1 1 1 0 0 1 0 1 1 1 0 1 1 1 1 1 0 1 1 0 1 0 0 1 0 1 1 1 1 0 1 1 1 0 15811.0 12477.0 15609.0 16519.0 1 0.08824065951623684
1 1 0 0 1 1 1 1 1 0 0 1 1 1 0 1 1 1 1 1 1 0 0 1 1 0 1 0 0 1 0 0 1 1 1 0 1 0 1 1 16359.0 12864.0 14754.0 14947.0 1 0.08769644625274678
0 1 0 1 1 1 1 1 1 0 0 0 0 1 1 1 1 1 1 1 1 1 0 1 1 0 1 0 0 1 0 1 1 0 0 0 1 1 1 1 14852.0 13079.0 14901.0 17023.0 1 0.08525127566712055
0 1 0 1 1 1 1 1 1 0 0 0 0 1 1 1 1 1 1 1 1 0 0 1 1 0 1 0 0 1 0 0 1 1 1 0 1 1 1 1 15617.0 13179.0 15715.0 16524.0 1 0.0834553969366954
1 1 0 0 1 1 1 1 1 0 0 1 1 1 1 1 0 1 0 1 1 1 0 1 1 0 1 0 0 1 0 0 1 1 1 0 1 1 1 1 16452.0 12393.0 16362.0 15951.0 1 0.0834524540024572
1 1 0 0 1 1 1 1 1 0 0 1 0 1 1 1 1 1 1 1 1 0 0 1 1 0 1 0 0 1 0 1 1 1 1 0 1 0 1 1 16257.0 13148.0 15067.0 16016.0 1 0.08174131896546308
0 1 0 1 1 1 1 1 1 0 0 1 1 1 1 1 0 1 1 1 1 0 0 1 1 0 0 0 1 1 0 1 1 0 1 0 1 0 1 1 14542.0 13581.0 13999.0 15683.0 1 0.08132435931253973
1 1 0 1 1 0 1 1 1 0 0 1 0 1 1 1 1 1 1 1 1 0 0 1 1 0 1 0 0 0 0 1 1 0 1 0 1 1 1 1 15298.0 12922.0 16190.0 15243.0 1 0.07991977748664932
0 1 0 0 1 1 1 1 0 1 0 0 1 1 1 0 0 1 1 1 1 1 0 1 1 0 1 0 0 1 0 1 1 1 1 0 1 1 1 1 15791.0 11868.0 14947.0 17132.0 1 0.07900026169434848
1 1 0 1 1 0 1 1 1 0 0 1 0 1 1 1 0 1 0 1 1 1 0 1 1 0 1 0 0 1 0 1 1 0 1 0 1 1 1 1 15053.0 12639.0 16448.0 15528.0 1 0.07856058354801754
1 1 0 1 0 0 1 1 1 0 0 1 0 1 1 1 0 1 1 1 1 0 0 1 1 0 1 0 0 1 0 1 1 1 1 0 1 1 1 1 15469.0 12329.0 16109.0 16098.0 1 0.07677827199281773
0 1 0 1 1 0 1 1 1 0 0 1 1 1 0 1 1 1 1 1 1 0 0 1 1 0 1 0 0 1 0 0 1 1 1 0 1 1 1 1 15922.0 12816.0 15805.0 15270.0 1 0.07560627991143021
1 1 0 1 1 1 1 1 1 0 0 1 0 1 1 1 0 1 1 1 1 0 0 1 1 0 1 0 0 1 0 0 1 1 1 0 1 0 1 1 15898.0 13117.0 15454.0 15767.0 1 0.0754585625343386
1 1 0 0 1 0 1 1 1 0 0 1 0 1 1 1 1 1 1 1 1 0 0 1 1 0 1 0 0 1 0 1 1 1 1 0 1 1 1 1 16132.0 12616.0 15895.0 16047.0 1 0.07198213588046885
0 1 0 1 1 1 1 1 1 0 0 1 1 1 1 1 0 0 1 1 1 1 0 1 1 0 1 0 0 1 0 1 1 0 1 0 1 1 1 1 16102.0 12303.0 15307.0 16642.0 1 0.0715906640863887
1 1 0 0 1 1 1 1 1 0 0 1 0 1 1 1 0 1 1 1 1 1 0 1 1 0 1 0 0 1 0 0 1 1 1 0 1 1 1 1 16721.0 12382.0 16075.0 16426.0 1 0.07001314736612844
0 1 0 1 1 0 1 1 1 0 0 1 1 1 0 1 1 1 1 1 1 0 0 1 1 0 0 0 1 1 0 1 1 0 1 0 1 1 1 1 14912.0 13568.0 14788.0 14999.0 1 0.06822055139848132
1 1 0 1 0 0 1 1 1 0 0 1 0 1 1 1 1 1 1 1 1 0 0 1 1 0 1 0 0 1 0 1 1 0 1 0 1 1 1 1 15154.0 12792.0 16185.0 15903.0 1 0.067942264390883
