0 0 1 1 0 0 1 0 1 1 1 0 1 1 1 1 0 0 1 1 5909.0 6222.0 0 2000000000000000.0
0 0 1 1 1 0 1 1 1 1 1 1 0 1 1 0 0 0 1 0 6322.0 5778.0 0 1.9999999999997615
0 1 1 1 1 0 1 0 1 0 1 1 1 1 1 1 0 0 1 0 6667.0 5282.0 0 2000000000000000.0
0 0 1 1 0 0 0 1 1 1 0 1 0 1 1 1 0 0 1 1 5144.0 6219.0 1 2000000000000000.0
0 0 1 1 0 0 0 1 1 1 0 1 1 1 1 0 0 0 0 1 5173.0 6130.0 1 0.4561536425716871
0 0 1 1 0 0 1 1 1 1 0 0 0 1 1 1 0 1 0 1 5557.0 5963.0 1 0.5226113794954018
0 0 1 1 0 0 1 0 1 1 1 0 1 1 1 1 0 0 0 1 5597.0 5788.0 1 0.3364188211963747
0 0 1 1 0 1 1 0 1 1 0 0 1 1 1 0 0 0 1 0 5820.0 5733.0 1 0.5658426895091163
0 0 1 1 1 1 1 1 1 0 1 1 1 1 1 0 0 0 0 0 6228.0 5588.0 1 0.9275781669349876
0 1 1 1 1 0 1 0 1 0 0 1 1 1 1 1 0 0 1 0 6513.0 5067.0 1 0.8308023200333421
0 1 0 1 1 1 1 1 1 0 1 0 1 1 1 1 0 1 0 0 6616.0 4761.0 1 2000000000000000.0
0 0 1 1 0 1 0 1 1 0 1 1 0 1 1 0 0 0 1 1 4879.0 6207.0 2 2000000000000000.0
0 0 1 1 0 1 0 1 1 0 1 1 1 1 1 0 0 0 0 1 5056.0 6181.0 2 0.24631218887527184
0 0 1 1 0 1 1 0 1 0 1 1 0 1 1 0 0 1 0 1 5122.0 6031.0 2 0.16986602143710977
0 0 1 1 0 1 0 0 1 1 0 0 1 1 1 1 0 0 0 1 5140.0 5973.0 2 0.1715941676525003
0 0 1 1 0 1 1 1 1 0 1 1 0 1 1 0 0 0 0 1 5261.0 5877.0 2 0.2170978959965687
0 0 1 1 0 0 1 1 1 0 1 0 1 1 1 0 0 1 0 1 5390.0 5855.0 2 0.5134456027248829
0 0 1 1 1 1 1 0 1 0 1 0 1 1 1 0 0 0 0 1 5834.0 5579.0 2 0.7513255647475595
0 0 1 1 1 1 1 0 1 0 1 0 1 1 1 1 1 0 0 0 5886.0 5064.0 2 0.7017541147810191
0 1 1 1 1 0 1 0 1 0 1 1 1 1 1 1 1 0 0 0 6437.0 4985.0 2 0.7411335897213509
0 1 1 0 1 1 1 1 1 1 0 0 0 1 1 1 0 0 0 0 6555.0 4470.0 2 2000000000000000.0
0 0 1 1 0 0 1 0 0 1 0 1 1 1 1 1 1 0 0 1 5147.0 5859.0 3 2000000000000000.0
0 1 1 1 0 1 0 0 0 1 1 1 1 1 1 0 0 0 0 0 5331.0 5582.0 3 0.7322537112010219
0 1 1 1 0 0 0 0 1 1 1 1 1 1 1 1 1 0 0 0 5749.0 5531.0 3 0.41554467564256237
0 0 1 1 1 1 0 0 1 1 1 0 1 1 1 1 0 0 0 0 5772.0 5491.0 3 1.0228038791073475
0 1 1 1 1 0 1 0 1 0 1 1 1 1 1 1 0 0 0 0 6355.0 4848.0 3 1.2175281674668712
0 1 0 1 1 1 1 1 1 0 1 1 1 1 1 0 0 0 0 0 6437.0 4624.0 3 2000000000000000.0
0 0 1 1 0 1 0 0 1 0 1 1 1 1 1 0 0 0 0 1 4685.0 5859.0 4 2000000000000000.0
0 0 1 1 0 0 0 1 1 1 0 0 0 1 1 1 0 0 1 1 4943.0 5817.0 4 0.24665310471760415
0 0 1 1 0 0 1 0 0 1 0 1 1 1 1 0 1 0 0 1 4999.0 5796.0 4 0.23826960601152272
0 0 1 1 0 1 0 1 1 0 1 1 1 1 1 1 1 0 0 0 5108.0 5666.0 4 0.35248059119024067
0 0 1 1 0 0 1 1 1 0 1 1 0 1 1 0 0 1 1 0 5236.0 5568.0 4 0.5207179529759814
0 0 1 1 0 0 1 0 1 1 1 0 1 1 1 1 0 0 1 0 5731.0 5507.0 4 0.5422399357882832
1 0 0 1 1 0 1 0 1 1 0 1 1 1 1 0 0 0 0 1 5769.0 5327.0 4 0.782532763177857
0 1 0 1 1 1 1 0 0 1 0 0 1 1 1 0 0 0 0 1 5972.0 4815.0 4 0.8586263683037196
0 1 1 0 1 1 0 1 1 1 0 0 1 1 1 1 0 0 0 0 6350.0 4774.0 4 2000000000000000.0
0 0 1 1 0 0 0 1 1 1 0 1 0 1 1 1 0 0 0 1 4832.0 5785.0 5 2000000000000000.0
0 0 1 1 0 1 0 1 1 0 0 0 1 1 1 1 0 0 0 1 4849.0 5627.0 5 0.31575386504552144
0 0 1 1 0 0 0 1 1 0 1 1 1 1 1 1 1 0 1 0 5029.0 5596.0 5 0.33201248514454945
0 0 1 1 0 1 1 0 1 0 1 1 0 1 1 1 1 1 0 0 5174.0 5516.0 5 0.4110723310960943
0 1 1 1 0 1 0 0 0 1 0 0 1 1 1 1 0 0 1 0 5436.0 5462.0 5 0.48240801494629876
0 0 1 1 0 1 1 0 1 1 0 0 1 1 1 1 0 0 0 0 5656.0 5362.0 5 0.35724760270991657
0 1 1 1 0 1 0 0 1 1 0 0 1 1 1 1 0 0 0 0 5703.0 5281.0 5 0.24121191279896434
1 0 1 0 0 0 1 1 1 1 0 0 1 1 1 1 0 0 1 0 5717.0 5151.0 5 0.9159262011483036
0 1 0 1 1 1 1 1 1 0 0 0 1 1 1 0 0 0 0 1 6260.0 4722.0 5 2000000000000000.0
0 0 1 1 0 1 0 1 1 0 1 1 0 1 1 0 0 0 0 1 4567.0 5773.0 6 2000000000000000.0
0 0 1 1 0 1 0 1 1 0 1 1 0 1 1 0 1 0 1 0 4783.0 5629.0 6 0.6222851854053677
0 0 1 1 0 0 1 1 1 0 1 0 1 1 1 0 0 0 0 1 5158.0 5379.0 6 0.5436991265650911
0 0 1 1 0 0 1 1 0 1 0 0 1 1 1 1 0 0 1 0 5369.0 5361.0 6 0.3262170506003676
0 0 1 1 0 0 1 0 1 1 0 0 1 1 1 1 0 0 1 0 5577.0 5292.0 6 0.2137650488353543
0 0 1 1 1 1 0 0 1 1 0 0 1 1 1 1 0 0 0 0 5618.0 5276.0 6 0.27513002944828896
0 0 1 1 1 0 1 0 1 0 1 1 1 1 1 1 1 0 0 0 5696.0 4962.0 6 0.33006864490848986
0 1 1 0 0 0 1 0 1 0 1 1 1 1 1 0 0 1 1 0 5715.0 4830.0 6 0.32593305126381567
0 1 0 1 1 1 0 1 1 0 1 1 1 1 1 1 1 0 0 0 5973.0 4720.0 6 0.29558854363886555
0 1 1 0 1 0 1 0 1 0 1 1 1 1 1 0 0 0 0 1 6005.0 4653.0 6 0.45043468328203484
0 1 0 1 1 1 1 0 1 0 1 0 1 1 1 1 1 0 0 0 6095.0 4100.0 6 2000000000000000.0
0 0 1 1 0 1 0 1 1 0 0 1 1 0 1 1 0 0 1 1 4369.0 5717.0 7 2000000000000000.0
0 0 1 1 0 1 0 0 1 0 1 0 1 1 1 1 0 0 0 1 4632.0 5520.0 7 0.6310187229332547
0 0 1 1 1 0 0 0 0 1 0 1 1 1 1 1 0 0 1 0 5161.0 5355.0 7 0.6710661361133914
0 1 1 1 0 0 1 0 1 0 0 1 1 1 1 0 0 0 0 1 5575.0 5267.0 7 0.41271996237621866
0 1 0 1 0 1 1 0 1 0 1 1 1 1 1 0 0 0 0 1 5588.0 4999.0 7 0.17379337930490035
1 1 0 1 0 0 0 1 1 1 0 0 1 1 1 1 0 0 1 0 5612.0 4930.0 7 0.23724299441234853
1 1 0 1 0 0 1 1 1 1 0 0 0 1 1 1 0 1 0 0 5737.0 4668.0 7 0.38039996016055266
0 1 1 0 1 0 1 0 1 0 1 1 0 1 1 0 0 1 1 0 5882.0 4440.0 7 0.239910318678128
1 1 1 0 1 0 1 0 1 0 1 1 0 1 1 1 0 0 1 0 5947.0 4411.0 7 0.530576228324636
0 1 0 0 1 0 1 0 1 1 0 0 1 1 1 1 0 0 1 0 6062.0 3499.0 7 2000000000000000.0
0 0 1 1 0 0 0 0 0 1 0 1 1 1 1 0 0 0 0 1 4223.0 5555.0 8 2000000000000000.0
1 0 1 1 0 0 0 1 1 0 0 0 1 1 1 1 0 0 0 1 4607.0 5507.0 8 0.5627878120359648
0 0 1 1 0 1 1 0 1 0 1 1 0 1 1 0 0 1 0 0 4944.0 5316.0 8 0.41154594187640925
0 1 1 1 0 0 0 0 0 1 0 1 1 1 1 0 0 0 1 0 5098.0 5297.0 8 0.13225098115758394
0 1 1 1 0 0 0 1 0 1 0 1 0 1 1 1 0 0 1 0 5128.0 5274.0 8 0.20075146563681706
0 0 1 1 0 0 1 1 1 0 1 1 1 1 1 1 1 0 0 0 5411.0 5266.0 8 0.23474238949340925
0 0 1 1 1 0 1 0 1 0 1 1 0 1 1 0 0 1 1 0 5521.0 5264.0 8 0.239042055586136
0 1 0 1 0 1 0 1 1 0 1 1 1 1 1 1 0 0 1 0 5547.0 4999.0 8 0.23427882302913142
0 0 1 1 1 0 1 0 1 0 1 1 1 1 1 0 1 0 0 0 5548.0 4899.0 8 0.18459146898286144
0 0 1 0 1 1 0 1 1 1 0 0 1 1 1 1 0 0 0 0 5609.0 4751.0 8 0.3020536342913527
0 1 0 1 0 1 1 0 1 0 1 1 1 1 1 1 1 0 0 0 5640.0 4484.0 8 0.2751709619178243
0 1 1 1 1 0 1 0 0 0 0 0 1 1 1 1 0 0 1 0 5733.0 4412.0 8 0.18246324580175016
0 1 0 1 0 1 1 0 1 1 0 0 1 1 1 1 0 0 0 0 5865.0 4398.0 8 0.43663987508101104
0 1 0 1 1 1 1 0 1 0 0 0 1 1 1 1 1 0 0 0 5941.0 3885.0 8 2000000000000000.0
0 0 1 1 0 1 0 1 1 0 1 0 1 1 0 0 0 0 1 1 4379.0 5431.0 9 2000000000000000.0
0 0 1 1 0 1 0 0 1 1 0 0 1 1 0 0 0 1 1 0 4570.0 5323.0 9 0.5198257151471691
0 0 1 1 0 1 0 0 1 1 0 0 1 1 1 1 0 0 0 0 4962.0 5258.0 9 0.4863066924644712
0 0 1 1 1 1 0 1 1 1 0 1 1 0 1 1 0 0 0 0 5197.0 5254.0 9 0.25279698794702343
1 1 0 1 0 0 0 1 1 1 0 0 0 1 1 1 0 0 1 1 5301.0 5237.0 9 0.2109878749572412
0 1 0 1 0 1 1 0 1 0 1 1 0 1 1 0 0 1 0 1 5331.0 5067.0 9 0.2023518697425858
0 0 0 1 1 1 1 0 0 1 1 0 1 1 1 0 0 0 0 1 5385.0 5007.0 9 0.19493513765829668
0 0 1 0 1 0 1 1 0 1 1 0 1 1 1 0 0 0 0 1 5517.0 4965.0 9 0.3217439385774469
0 1 0 1 0 1 1 0 1 0 1 0 1 1 1 1 0 0 0 1 5535.0 4660.0 9 0.3048789385730531
0 1 1 1 1 1 0 1 1 0 0 0 0 1 1 1 0 0 0 0 5579.0 4545.0 9 0.37647761047077977
1 1 0 0 0 0 1 0 1 1 0 0 1 1 1 1 0 1 1 0 5787.0 4341.0 9 0.6006911265573476
0 1 0 1 1 1 1 0 1 0 0 0 1 1 1 0 1 0 0 0 5793.0 3822.0 9 2000000000000000.0
0 0 1 1 0 1 1 0 1 1 0 0 1 1 0 0 0 0 0 1 4898.0 5232.0 10 2000000000000000.0
0 0 1 1 0 0 1 1 1 1 0 0 0 1 1 0 0 1 0 0 5231.0 5185.0 10 0.753308618352782
0 0 1 1 0 0 1 1 1 0 0 0 1 1 1 1 0 0 1 0 5286.0 4946.0 10 0.5249242605436713
0 1 0 1 0 1 1 0 0 1 0 0 1 1 1 0 0 0 0 1 5316.0 4797.0 10 0.37856772701901215
0 1 0 1 0 1 1 0 1 0 1 1 0 1 1 0 0 1 1 0 5465.0 4786.0 10 0.4179522442796313
0 1 1 1 1 0 1 0 0 1 0 0 1 1 0 1 0 0 0 1 5473.0 4579.0 10 0.8681236546279826
0 1 0 1 0 0 1 0 1 1 0 0 1 1 1 1 0 0 1 0 5786.0 4328.0 10 2000000000000000.0
0 0 1 1 0 1 1 0 1 1 1 1 0 0 1 0 0 0 1 0 4693.0 5196.0 11 2000000000000000.0
