0 0 1 1 0 0 1 1 1 1 0 1 1 1 1 0 0 0 0 1 5867.0 6234.0 0 2000000000000000.0
0 0 1 1 0 0 1 0 1 1 1 0 1 1 1 1 0 0 1 1 5909.0 6222.0 0 0.3399955902771295
0 0 1 1 1 1 1 0 1 0 1 1 1 1 1 0 0 0 0 1 6035.0 5981.0 0 0.7170447706049667
0 0 1 1 1 0 1 1 1 1 0 0 1 1 1 1 0 0 0 1 6470.0 5913.0 0 0.6289675090825863
0 1 1 1 0 1 1 0 1 1 0 1 1 1 1 1 0 0 0 0 6598.0 5787.0 0 0.6596746736903888
0 1 1 1 1 0 1 0 1 0 1 1 1 1 1 1 0 0 1 0 6667.0 5282.0 0 0.6593886376140884
0 1 1 1 1 0 1 1 1 0 1 0 1 1 1 1 0 0 1 0 6837.0 5202.0 0 0.5782894645364451
0 1 0 1 1 1 1 1 1 1 1 0 1 1 1 1 0 0 0 0 7046.0 4953.0 0 2000000000000000.0
0 0 1 1 0 0 0 1 1 1 0 1 0 1 1 1 0 0 1 1 5144.0 6219.0 1 2000000000000000.0
0 0 1 1 0 0 1 1 1 0 1 1 1 1 1 0 0 0 1 1 5671.0 6215.0 1 0.44545242391246553
0 1 1 1 0 0 0 0 1 1 1 1 1 1 1 0 0 0 0 1 5697.0 6046.0 1 0.39122916296661625
0 0 1 1 1 0 1 0 1 0 1 1 1 1 1 0 0 0 1 1 5956.0 5911.0 1 0.3169687173164347
0 0 1 1 0 0 1 1 1 1 1 0 1 1 1 1 0 1 0 0 6022.0 5871.0 1 0.31130564299764873
0 0 1 1 1 0 1 0 1 1 1 1 1 1 1 0 0 0 1 0 6440.0 5864.0 1 0.5055090675252971
0 1 1 1 0 1 1 0 1 1 1 0 1 1 1 1 0 0 0 0 6551.0 5600.0 1 0.6336869054758176
0 1 1 1 1 1 1 0 1 0 0 1 1 1 1 1 0 0 0 0 6592.0 5137.0 1 0.5167717258970427
0 1 1 1 1 0 1 0 1 1 1 0 1 1 1 1 0 0 0 0 6816.0 5114.0 1 0.36031240642690693
0 1 0 1 1 1 1 1 1 1 1 0 1 1 1 0 0 0 0 0 6898.0 4890.0 1 2000000000000000.0
0 0 1 1 0 1 0 1 1 0 1 1 0 1 1 0 0 0 1 1 4879.0 6207.0 2 2000000000000000.0
0 0 1 1 0 1 0 1 1 0 1 1 1 1 1 0 0 0 0 1 5056.0 6181.0 2 0.41072441799471826
0 0 1 1 0 1 0 1 1 1 1 1 1 1 1 0 0 0 0 0 5540.0 6134.0 2 0.360176061332794
0 0 1 1 0 0 1 0 1 1 1 1 1 1 1 0 0 0 0 1 5650.0 6127.0 2 0.22873169532843757
0 0 1 1 0 1 1 1 1 0 1 0 1 1 1 1 0 0 0 1 5697.0 5946.0 2 0.2585643100553043
0 0 0 1 0 0 1 1 1 1 1 1 1 1 1 0 0 0 1 1 5801.0 5896.0 2 0.26480785661737616
0 0 1 1 0 1 1 1 1 1 1 0 1 1 1 0 0 0 0 0 6033.0 5836.0 2 0.3534244869413551
0 1 1 1 0 0 1 0 1 1 1 0 1 1 1 1 0 0 0 1 6338.0 5811.0 2 0.4281800397844898
0 0 1 1 1 0 1 1 1 1 0 1 1 1 1 1 0 0 0 0 6493.0 5600.0 2 0.405616099203951
0 1 1 1 0 0 1 1 1 1 1 0 1 1 1 1 0 0 0 0 6531.0 5418.0 2 0.17272121478029823
0 0 0 1 1 1 1 1 1 1 1 0 1 1 1 1 0 1 0 0 6537.0 5406.0 2 0.26426147928465066
0 1 1 1 1 0 1 1 1 0 1 1 1 1 1 0 0 0 0 0 6578.0 5107.0 2 0.4274485126990152
0 1 0 1 1 0 1 1 1 1 0 0 1 1 1 1 0 0 0 1 6679.0 4949.0 2 0.2430158544269181
0 1 0 1 1 1 1 1 1 0 0 1 1 1 1 1 0 0 1 0 6743.0 4906.0 2 2000000000000000.0
0 0 1 1 0 0 0 1 1 1 0 1 1 1 1 0 0 0 0 1 5173.0 6130.0 3 2000000000000000.0
0 0 1 1 0 0 1 0 0 1 0 1 1 1 1 0 0 0 1 1 5229.0 6093.0 3 0.34984893456614075
0 0 1 1 1 0 0 0 1 1 1 1 1 1 1 0 0 0 0 1 5612.0 6041.0 3 0.6269262979188437
0 0 1 1 0 0 1 1 1 1 1 0 1 1 1 0 0 1 0 0 5874.0 5808.0 3 0.5877290431129528
0 0 1 1 1 0 1 0 1 1 1 0 1 1 1 1 0 0 0 1 6253.0 5806.0 3 0.3124937095631526
0 0 1 1 1 0 1 1 1 1 1 1 0 1 1 0 0 0 1 0 6322.0 5778.0 3 0.3051464793493055
0 0 1 1 1 0 1 1 1 1 0 0 1 1 1 0 0 0 1 0 6456.0 5569.0 3 0.44452546843574314
0 0 0 1 1 1 1 1 1 1 1 0 1 1 1 0 0 0 1 0 6469.0 5301.0 3 0.3788827424595192
0 1 0 1 1 0 1 1 1 0 0 1 1 1 1 1 0 0 1 1 6530.0 5117.0 3 0.223748701558873
0 1 0 1 1 1 1 0 1 1 0 0 1 1 1 0 0 0 0 1 6551.0 5068.0 3 0.24273869952694174
0 1 0 1 1 1 1 1 1 0 0 1 1 1 1 0 0 0 1 0 6595.0 4843.0 3 0.29261023219068444
0 1 0 1 1 1 1 0 1 1 0 0 1 1 1 0 0 0 1 0 6685.0 4787.0 3 0.1356541009850019
0 1 0 1 1 1 1 1 1 1 0 0 0 1 1 1 0 0 1 0 6715.0 4764.0 3 2000000000000000.0
0 0 1 1 0 1 1 0 1 0 1 1 0 1 1 0 0 1 0 1 5122.0 6031.0 4 2000000000000000.0
0 0 1 1 0 1 0 1 1 1 0 1 0 1 1 1 0 0 1 0 5357.0 6008.0 4 0.3296041753964438
0 0 1 1 0 0 1 1 1 1 0 0 0 1 1 1 0 1 0 1 5557.0 5963.0 4 0.3447192633064626
0 0 1 1 1 0 0 0 1 1 1 1 1 1 1 0 0 1 0 0 5666.0 5802.0 4 0.3787257114653176
0 0 1 1 1 0 1 0 1 1 1 1 0 1 1 1 0 0 0 1 5965.0 5800.0 4 0.3774663480460305
0 1 1 1 0 0 1 0 1 1 1 0 1 1 1 0 0 0 0 1 6190.0 5748.0 4 0.319114782499599
0 0 1 1 1 1 1 1 1 0 1 1 1 1 1 0 0 0 0 0 6228.0 5588.0 4 0.23455745942175835
0 0 1 1 1 0 1 0 1 1 1 1 1 1 1 1 0 0 0 0 6276.0 5493.0 4 0.26400411213286484
0 0 1 1 1 0 1 1 1 1 1 0 1 1 1 1 0 0 0 0 6446.0 5413.0 4 0.3786620842986982
0 1 0 1 1 1 1 1 1 0 0 1 1 1 1 0 0 0 0 1 6461.0 5124.0 4 0.28605865152216925
0 1 1 1 1 0 1 0 1 0 0 1 1 1 1 1 0 0 1 0 6513.0 5067.0 4 0.35501186646655003
0 1 0 1 1 1 1 1 1 0 1 0 1 1 1 1 0 1 0 0 6616.0 4761.0 4 0.42249256698347054
0 1 0 1 1 0 1 1 1 1 0 0 1 1 1 0 0 0 1 0 6665.0 4605.0 4 2000000000000000.0
0 0 1 1 0 0 0 0 1 1 1 1 1 1 1 0 0 0 0 1 4956.0 6023.0 5 2000000000000000.0
0 0 1 1 0 1 0 0 1 1 0 0 1 1 1 1 0 0 0 1 5140.0 5973.0 5 0.29727884347270933
0 0 1 1 0 1 1 0 1 0 1 1 1 1 1 0 0 0 0 1 5379.0 5963.0 5 0.23199539562583021
0 0 1 1 0 0 0 1 1 1 0 1 1 1 1 1 0 0 1 0 5455.0 5912.0 5 0.15583455075971997
0 0 1 1 0 1 1 1 1 0 1 0 1 1 1 0 0 0 0 1 5549.0 5883.0 5 0.16736772950174628
0 0 1 1 0 0 1 0 1 1 1 0 1 1 1 1 0 0 0 1 5597.0 5788.0 5 0.2788085188865757
0 0 1 1 1 1 1 0 1 0 0 1 1 1 1 0 0 0 0 1 5881.0 5766.0 5 0.33017954358225576
0 0 1 1 0 1 1 1 1 1 0 0 1 1 1 1 0 0 0 0 6027.0 5684.0 5 0.2937918006232719
0 0 1 1 1 0 1 0 1 1 1 1 0 1 1 1 0 0 1 0 6099.0 5519.0 5 0.1824836769534116
0 0 1 1 1 0 1 1 1 0 1 1 1 1 1 0 0 0 1 0 6149.0 5518.0 5 0.12909287632774136
0 0 1 1 1 1 1 1 1 0 0 1 1 1 1 1 0 0 0 0 6222.0 5436.0 5 0.23793635699945206
0 1 1 1 0 1 1 0 1 1 0 0 1 1 1 1 0 0 0 0 6397.0 5385.0 5 0.42468638857705765
0 1 1 1 1 0 1 0 1 0 1 1 1 1 1 1 1 0 0 0 6437.0 4985.0 5 0.3706866761518441
0 1 1 1 1 0 1 0 1 0 1 0 1 1 1 1 0 0 1 0 6466.0 4880.0 5 0.20565290994697602
0 1 0 1 1 1 1 1 1 0 1 0 1 1 1 0 0 1 0 0 6468.0 4698.0 5 0.3344876044940892
0 1 1 0 1 0 1 0 1 1 0 0 1 1 1 1 0 0 1 0 6594.0 4486.0 5 2000000000000000.0
0 0 1 1 0 1 0 1 0 0 1 1 1 1 1 1 0 0 0 1 4625.0 5991.0 6 2000000000000000.0
0 0 1 1 0 1 0 1 1 0 1 1 0 1 1 0 0 1 1 0 4933.0 5968.0 6 0.41292713751858645
0 0 1 1 0 0 0 1 1 1 0 1 1 1 1 1 0 1 0 0 5375.0 5954.0 6 0.3110807929062042
0 0 1 1 0 0 1 1 1 0 1 0 1 1 1 0 0 1 0 1 5390.0 5855.0 6 0.14192496755269904
0 0 1 1 0 0 1 1 1 0 1 0 1 1 1 0 0 0 1 1 5470.0 5813.0 6 0.3017979717461418
0 0 1 1 0 1 1 0 1 1 0 1 1 1 1 1 0 0 0 0 5857.0 5764.0 6 0.37771100959620163
0 0 1 1 1 1 1 0 1 0 1 0 1 1 1 1 0 0 0 1 5982.0 5642.0 6 0.1908210783061205
0 1 1 1 0 0 1 0 1 0 1 0 1 1 1 1 0 0 1 1 5988.0 5577.0 6 0.1752072027879009
0 0 1 1 1 0 1 0 1 0 1 1 1 1 1 1 1 0 1 0 6008.0 5396.0 6 0.17868187346065864
0 0 1 1 1 1 1 1 1 0 0 1 1 1 1 0 0 0 0 0 6074.0 5373.0 6 0.2297424996508172
0 0 1 1 1 0 1 1 1 1 0 0 1 1 1 1 1 0 0 0 6374.0 5335.0 6 0.45169901176275473
0 1 0 1 0 1 1 1 1 1 1 0 1 1 1 1 0 0 0 0 6390.0 4935.0 6 0.3697247175126571
0 1 0 1 1 0 1 0 1 1 1 0 1 1 1 1 0 0 0 1 6462.0 4842.0 6 0.3912121490837866
0 1 1 0 1 1 1 1 1 1 0 0 0 1 1 1 0 0 0 0 6555.0 4470.0 6 2000000000000000.0
0 0 1 1 0 0 0 0 1 1 1 1 1 1 1 1 1 0 1 0 5320.0 5942.0 7 2000000000000000.0
0 1 0 1 1 0 1 1 1 1 1 0 1 1 1 0 0 0 0 0 6507.0 4386.0 7 2000000000000000.0
0 0 1 1 0 0 1 1 1 1 1 1 0 1 1 0 0 0 1 0 5666.0 5760.0 7 0.57428266373281
0 0 1 1 0 0 1 1 1 1 1 1 1 1 1 0 0 0 0 0 5843.0 5734.0 7 0.4176619894616383
0 0 0 1 1 1 1 1 1 1 1 0 1 1 1 1 0 0 0 0 6305.0 4930.0 7 0.39969528503948554
0 0 1 1 1 0 1 0 1 1 0 0 1 1 1 1 0 0 1 0 6233.0 5310.0 7 0.3467697398769204
0 1 0 1 1 1 1 1 1 0 1 1 1 1 1 0 0 0 0 0 6437.0 4624.0 7 0.33983027355041473
0 0 1 1 1 0 1 1 1 1 1 1 0 1 1 0 0 0 0 0 6010.0 5344.0 7 0.29572456972815947
0 0 0 1 1 0 1 1 1 1 1 1 0 1 1 0 0 0 1 1 5968.0 5506.0 7 0.26343171417864725
0 1 0 1 1 1 1 1 1 0 0 0 1 1 1 1 0 0 0 1 6408.0 4785.0 7 0.21304058751295207
0 1 0 1 0 1 1 0 1 1 1 0 1 1 1 1 0 0 0 1 6197.0 5328.0 7 0.20971947598554183
0 1 1 1 1 0 1 0 1 0 1 1 1 1 1 1 0 0 0 0 6355.0 4848.0 7 0.1799610389328996
