0 0 1 1 0 0 0 0 1 1 1 1 1 1 1 1 0 1 0 1 5336.0 6562.0 0 2000000000000000.0
0 0 1 1 0 0 0 0 1 1 1 1 1 1 1 1 0 0 1 1 5416.0 6520.0 0 0.3088202690276364
0 0 1 1 0 0 1 0 1 1 1 1 0 1 1 1 0 1 0 1 5541.0 6258.0 0 0.441492845434463
0 0 1 1 0 0 1 1 1 1 0 1 1 1 1 0 0 0 0 1 5867.0 6234.0 0 0.23757882379450443
0 0 1 1 0 0 1 0 1 1 1 0 1 1 1 1 0 0 1 1 5909.0 6222.0 0 0.1989823325664365
0 0 1 1 0 1 1 0 1 1 0 1 1 1 1 1 0 0 1 0 6169.0 6198.0 0 0.2710742570118942
0 0 1 1 0 1 1 1 1 1 0 1 1 1 1 1 0 0 0 0 6228.0 6086.0 0 0.20401651528862352
0 0 1 1 1 0 1 0 1 1 0 1 1 1 1 1 0 0 0 1 6300.0 5993.0 0 0.30934545811388037
0 0 1 1 1 0 1 0 1 1 1 1 1 1 1 1 0 0 1 0 6588.0 5927.0 0 0.3022988380418443
0 1 1 1 0 1 1 0 1 1 0 1 1 1 1 1 0 0 0 0 6598.0 5787.0 0 0.19270041688018316
0 0 1 1 1 0 1 1 1 1 0 0 1 1 1 1 0 0 1 0 6604.0 5632.0 0 0.2740073199364515
0 0 0 1 1 1 1 1 1 1 1 0 1 1 1 1 0 0 1 0 6617.0 5364.0 0 0.3360461439490382
0 1 0 1 1 0 1 1 1 1 0 1 1 1 1 1 0 0 0 1 6880.0 5351.0 0 0.22803855505761203
0 1 1 1 1 0 1 0 1 1 0 0 1 1 1 1 0 0 1 0 6974.0 5333.0 0 0.3444346312227427
0 1 0 1 1 1 1 1 1 1 1 0 1 1 1 1 0 0 0 0 7046.0 4953.0 0 2000000000000000.0
0 0 1 1 0 0 0 0 1 1 1 1 1 1 1 0 0 1 0 1 5188.0 6499.0 1 2000000000000000.0
0 0 1 1 0 0 0 0 1 1 1 1 1 1 1 0 0 0 1 1 5268.0 6457.0 1 0.24920935390333487
0 0 1 1 0 0 0 0 1 1 1 1 1 1 1 0 0 1 1 0 5322.0 6218.0 1 0.3762842346629046
0 0 1 1 0 0 1 1 1 0 1 1 1 1 1 0 0 0 1 1 5671.0 6215.0 1 0.21872860768369023
0 0 1 1 0 1 0 1 1 1 1 1 1 1 1 1 0 0 0 0 5688.0 6197.0 1 0.08685871749063111
0 0 1 1 0 0 1 0 1 1 1 1 1 1 1 1 0 0 0 1 5798.0 6190.0 1 0.14270727241357367
0 1 1 1 0 0 0 0 1 1 1 1 1 1 1 1 0 0 0 1 5845.0 6109.0 1 0.26185760439448824
0 0 1 1 0 1 1 1 1 1 0 1 1 1 1 0 0 0 0 0 6080.0 6023.0 1 0.2833361856421564
0 0 1 1 1 0 1 0 1 1 0 1 1 1 1 0 0 0 0 1 6152.0 5930.0 1 0.2872935902359042
0 0 1 1 1 0 1 1 1 1 0 0 1 1 1 1 0 0 0 1 6470.0 5913.0 1 0.2945071488598942
0 0 1 1 1 1 1 0 1 1 0 1 1 1 1 1 0 0 0 0 6513.0 5782.0 1 0.2392193161137216
0 1 1 1 0 1 1 0 1 1 1 0 1 1 1 1 0 0 0 0 6551.0 5600.0 1 0.4287959360859942
0 1 0 1 1 0 1 1 1 1 0 1 1 1 1 0 0 0 0 1 6732.0 5288.0 1 0.40705160313668065
0 1 1 1 1 0 1 1 1 0 1 0 1 1 1 1 0 0 1 0 6837.0 5202.0 1 0.25029949242814875
0 1 0 1 1 1 1 1 1 1 0 1 1 1 1 0 0 0 0 0 6945.0 5077.0 1 0.2704757512007361
0 1 0 1 1 0 1 1 1 1 1 0 1 1 1 1 0 0 1 0 6967.0 4883.0 1 2000000000000000.0
0 0 1 1 0 1 0 1 1 0 1 1 0 1 1 1 0 0 1 1 5027.0 6270.0 2 2000000000000000.0
0 0 1 1 0 1 0 1 1 0 1 1 1 1 1 1 0 0 0 1 5204.0 6244.0 2 0.4727383635814107
0 0 1 1 0 0 1 0 1 1 1 0 1 1 1 0 0 0 1 1 5761.0 6159.0 2 0.4577328251961405
0 0 1 1 0 1 1 0 1 1 0 0 1 1 1 1 0 0 0 1 5834.0 6077.0 2 0.27543125818168834
0 0 1 1 1 1 1 0 1 0 1 1 1 1 1 0 0 0 0 1 6035.0 5981.0 2 0.24943221868486942
0 1 1 1 0 1 0 0 1 1 1 1 1 1 1 1 0 0 0 0 6058.0 5898.0 2 0.30124439383727
0 0 1 1 1 0 1 0 1 1 1 1 1 1 1 0 0 0 1 0 6440.0 5864.0 2 0.33560058559707956
0 1 1 1 0 1 1 0 1 1 0 1 1 1 1 0 0 0 0 0 6450.0 5724.0 2 0.18167801454696286
0 0 0 1 1 1 1 1 1 1 1 0 1 1 1 1 0 0 0 1 6483.0 5645.0 2 0.1128374348368229
0 0 1 1 1 0 1 1 1 1 0 1 1 1 1 1 0 0 0 0 6493.0 5600.0 2 0.19014748371403561
0 1 1 1 0 0 1 1 1 1 1 0 1 1 1 1 0 0 0 0 6531.0 5418.0 2 0.16409654606153823
0 0 0 1 1 1 1 1 1 1 1 0 1 1 1 1 0 1 0 0 6537.0 5406.0 2 0.17123912656177487
0 1 1 1 1 0 1 0 1 0 1 1 1 1 1 1 0 0 1 0 6667.0 5282.0 2 0.21687542118837638
0 1 1 1 1 0 1 0 1 1 0 1 1 1 1 0 0 0 0 0 6715.0 5238.0 2 0.11269335935986352
0 1 1 1 1 0 1 1 1 0 1 1 1 1 1 1 0 0 0 0 6726.0 5170.0 2 0.1166910665458219
0 1 0 1 1 0 1 1 1 1 1 0 1 1 1 1 0 0 0 1 6833.0 5164.0 2 0.1929422381273161
0 1 0 1 1 0 1 1 1 1 0 1 1 1 1 0 0 0 1 0 6866.0 5007.0 2 0.2020499771493054
0 1 0 1 1 0 1 1 1 1 1 0 1 1 1 1 0 1 0 0 6887.0 4925.0 2 0.1018857620895521
0 1 0 1 1 1 1 1 1 1 1 0 1 1 1 0 0 0 0 0 6898.0 4890.0 2 2000000000000000.0
0 0 1 1 0 0 0 1 1 1 0 1 0 1 1 1 0 0 1 1 5144.0 6219.0 3 2000000000000000.0
0 0 1 1 0 0 1 0 1 1 1 1 0 1 1 0 0 0 1 1 5473.0 6153.0 3 0.2934429141389118
0 0 1 1 0 1 0 1 1 1 1 1 1 1 1 0 0 0 0 0 5540.0 6134.0 3 0.08106520194566917
0 0 1 1 1 0 0 0 1 1 1 1 0 1 1 1 0 0 1 1 5583.0 6130.0 3 0.0693692955129215
0 0 1 1 0 0 1 0 1 1 1 1 1 1 1 0 0 0 0 1 5650.0 6127.0 3 0.12239369842049866
0 0 1 1 1 0 0 0 1 1 1 1 1 1 1 1 0 0 0 1 5760.0 6104.0 3 0.3322163469421004
0 0 1 1 0 0 1 1 1 1 0 1 1 1 1 0 0 0 1 0 6001.0 5953.0 3 0.3233590206044493
0 0 1 1 0 0 1 1 1 1 1 0 1 1 1 1 0 1 0 0 6022.0 5871.0 3 0.10421790457451306
0 0 1 1 0 1 1 1 1 1 1 0 1 1 1 0 0 0 0 0 6033.0 5836.0 3 0.2284390883751295
0 1 1 1 0 0 1 0 1 1 1 0 1 1 1 1 0 0 0 1 6338.0 5811.0 3 0.4290901513909108
0 0 1 1 1 1 1 0 1 1 1 0 1 1 1 1 0 0 0 0 6466.0 5595.0 3 0.2836803847625098
0 1 1 1 0 0 1 0 1 1 1 0 1 1 1 1 0 0 1 0 6472.0 5530.0 3 0.3817736514182386
0 1 0 1 1 1 1 1 1 0 0 1 1 1 1 1 0 0 0 1 6609.0 5187.0 3 0.5050281466906803
0 1 1 1 1 0 1 0 1 1 1 0 1 1 1 1 0 0 0 0 6816.0 5114.0 3 0.38988973602227234
0 1 0 1 1 0 1 1 1 1 1 1 1 1 1 1 0 0 0 0 6856.0 4851.0 3 2000000000000000.0
0 0 1 1 0 1 0 1 1 0 1 1 0 1 1 0 0 0 1 1 4879.0 6207.0 4 2000000000000000.0
0 0 1 1 0 1 0 1 1 0 1 1 1 1 1 0 0 0 0 1 5056.0 6181.0 4 0.2070618928340363
0 0 1 1 0 0 0 1 1 1 0 1 1 1 1 0 0 0 0 1 5173.0 6130.0 4 0.32398449520211714
0 0 1 1 0 0 0 1 1 1 1 1 1 1 1 1 0 0 1 0 5609.0 6127.0 4 0.3306654575996368
0 1 1 1 0 0 0 0 1 1 1 1 1 1 1 0 0 0 0 1 5697.0 6046.0 4 0.33459777462295137
0 0 1 1 1 0 1 0 1 0 1 1 1 1 1 0 0 0 1 1 5956.0 5911.0 4 0.4596332661904454
0 0 1 1 1 0 1 0 1 1 1 0 1 1 1 1 0 0 0 1 6253.0 5806.0 4 0.2845502047733205
0 0 1 1 1 0 1 1 1 1 1 1 0 1 1 0 0 0 1 0 6322.0 5778.0 4 0.2403589293810558
0 1 1 1 0 0 1 0 1 1 1 0 1 1 1 1 0 1 0 0 6392.0 5572.0 4 0.21975709645528851
0 0 1 1 1 0 1 1 1 1 0 0 1 1 1 0 0 0 1 0 6456.0 5569.0 4 0.2350764462349046
0 0 0 1 1 1 1 1 1 1 1 0 1 1 1 0 0 0 1 0 6469.0 5301.0 4 0.3101528181419297
0 1 0 1 1 0 1 0 1 1 1 1 1 1 1 0 0 0 0 1 6515.0 5181.0 4 0.18164286935385587
0 1 1 1 1 1 1 0 1 0 0 1 1 1 1 1 0 0 0 0 6592.0 5137.0 4 0.1549498658381482
0 1 1 1 1 0 1 1 1 0 0 0 1 1 1 1 0 1 0 0 6603.0 5029.0 4 0.180389701127542
0 1 0 1 1 0 1 1 1 1 0 0 1 1 1 1 0 0 0 1 6679.0 4949.0 4 0.16084555407724627
0 1 0 1 1 1 1 1 1 0 0 1 1 1 1 1 0 0 1 0 6743.0 4906.0 4 0.16517143727839956
0 1 0 1 1 0 1 1 1 1 1 0 1 1 1 0 0 0 1 0 6819.0 4820.0 4 2000000000000000.0
0 0 1 1 0 0 1 0 0 1 0 1 1 1 1 0 0 0 1 1 5229.0 6093.0 5 2000000000000000.0
0 1 0 1 1 0 1 1 1 1 0 0 1 1 1 1 0 1 0 0 6733.0 4710.0 5 2000000000000000.0
0 0 1 1 1 0 1 1 1 1 1 0 1 1 1 1 0 0 0 0 6446.0 5413.0 5 0.3677087660189582
0 1 0 1 1 1 1 1 1 0 0 1 1 1 1 0 0 0 1 0 6595.0 4843.0 5 0.30252467269732164
0 0 1 1 0 1 1 1 1 0 0 1 1 1 1 0 0 0 0 1 5596.0 6070.0 5 0.29225367686649006
0 1 1 1 1 1 1 0 1 0 0 0 1 1 1 0 0 1 0 0 6475.0 5148.0 5 0.26987854033012953
0 1 1 1 1 0 1 1 1 0 1 1 1 1 1 0 0 0 0 0 6578.0 5107.0 5 0.24133811402899774
0 0 1 1 1 0 1 1 1 1 0 1 1 1 1 0 0 0 0 0 6345.0 5537.0 5 0.21858269488160192
0 0 1 1 0 1 1 1 1 0 1 0 1 1 1 1 0 0 0 1 5697.0 5946.0 5 0.19031678358793164
0 0 0 1 1 0 1 0 1 1 1 1 1 1 1 1 0 0 1 1 6234.0 5655.0 5 0.18859613698249475
0 0 1 1 0 0 1 1 1 1 1 0 0 1 1 1 0 1 1 0 5845.0 5897.0 5 0.18831392978568268
0 0 1 1 1 1 1 1 1 0 0 0 1 1 1 1 0 0 0 1 6199.0 5749.0 5 0.17470019692003536
0 1 1 1 0 1 0 1 1 1 1 0 1 1 1 0 0 0 0 0 6080.0 5755.0 5 0.1730050306918238
0 1 1 1 0 1 1 1 1 0 1 1 1 1 1 0 0 0 0 0 6313.0 5593.0 5 0.15912495576990016
0 0 1 1 0 1 1 1 1 0 0 1 1 1 1 1 0 0 1 0 5878.0 5852.0 5 0.14992461654435046
0 1 0 1 1 1 1 0 1 1 0 0 1 1 1 0 0 0 1 0 6685.0 4787.0 5 0.13690943216257268
0 0 1 1 0 1 1 0 1 1 0 0 1 1 1 0 0 0 0 1 5686.0 6014.0 5 0.12520720835063204
0 0 1 1 1 0 1 0 1 1 1 1 0 1 1 1 0 0 0 1 5965.0 5800.0 5 0.11490159766772032
