0 0 1 1 0 0 0 0 1 1 1 1 1 1 1 1 0 1 0 1 5336.0 6562.0 0 2000000000000000.0
0 0 1 1 0 0 0 0 1 1 1 1 1 1 1 1 0 0 1 1 5416.0 6520.0 0 0.18741029452612284
0 0 1 1 0 0 0 1 1 1 1 1 1 1 1 1 0 0 0 1 5475.0 6408.0 0 0.2122972846408077
0 0 1 1 0 1 0 1 1 1 0 0 1 1 1 1 0 0 0 1 5511.0 6295.0 0 0.213853847219107
0 0 1 1 0 1 1 0 1 1 1 1 0 1 1 1 0 0 0 1 5700.0 6286.0 0 0.24551542673988141
0 0 1 1 0 0 1 1 1 1 0 1 1 1 1 0 0 0 0 1 5867.0 6234.0 0 0.1639597927358179
0 0 1 1 0 0 1 0 1 1 1 0 1 1 1 1 0 0 1 1 5909.0 6222.0 0 0.1972003486956218
0 0 1 1 0 1 1 0 1 1 0 1 1 1 1 1 0 0 1 0 6169.0 6198.0 0 0.277199420121386
0 0 1 1 0 1 1 1 1 1 0 1 1 1 1 1 0 0 0 0 6228.0 6086.0 0 0.4247878888304267
0 0 1 1 1 1 1 0 1 1 1 1 1 1 1 1 0 0 0 0 6667.0 5997.0 0 0.5290063375190881
0 0 1 1 1 1 1 1 1 1 0 0 1 1 1 1 0 0 0 0 6683.0 5702.0 0 0.5755191010120271
0 1 0 1 1 0 1 1 1 1 0 1 1 1 1 1 0 0 0 1 6880.0 5351.0 0 0.4251168922861621
0 1 1 1 1 0 1 0 1 1 0 0 1 1 1 1 0 0 1 0 6974.0 5333.0 0 0.26961192801626793
0 1 0 1 1 1 1 1 1 1 0 1 1 1 1 1 0 0 0 0 7093.0 5140.0 0 2000000000000000.0
0 0 1 1 0 0 0 0 1 1 1 1 1 1 1 0 0 1 0 1 5188.0 6499.0 1 2000000000000000.0
0 0 1 1 0 0 0 0 1 1 1 1 1 1 1 0 0 0 1 1 5268.0 6457.0 1 0.3458753935639811
0 0 1 1 0 0 1 0 1 1 1 1 0 1 1 1 0 1 0 1 5541.0 6258.0 1 0.45533527266445617
0 0 1 1 0 1 1 0 1 1 1 0 1 1 1 0 0 0 0 1 5840.0 6229.0 1 0.3255479260343185
0 0 1 1 0 0 1 1 1 1 1 0 1 1 1 1 0 0 0 1 5968.0 6110.0 1 0.26241824103870093
0 0 1 1 0 1 1 1 1 1 0 1 1 1 1 0 0 0 0 0 6080.0 6023.0 1 0.14692104489936014
0 0 1 1 0 1 1 0 1 1 1 0 1 1 1 1 0 0 1 0 6122.0 6011.0 1 0.13781180504011814
0 0 1 1 1 0 1 0 1 1 0 1 1 1 1 1 0 0 0 1 6300.0 5993.0 1 0.3051410842522706
0 0 1 1 1 0 1 0 1 1 1 1 1 1 1 1 0 0 1 0 6588.0 5927.0 1 0.29363460271792424
0 1 1 1 0 1 1 0 1 1 0 1 1 1 1 1 0 0 0 0 6598.0 5787.0 1 0.1994264165866994
0 0 1 1 1 0 1 1 1 1 0 0 1 1 1 1 0 0 1 0 6604.0 5632.0 1 0.2838353638752277
0 0 0 1 1 1 1 1 1 1 1 0 1 1 1 1 0 0 1 0 6617.0 5364.0 1 0.291400983405193
0 1 0 1 1 0 1 1 1 1 0 1 1 1 1 0 0 0 0 1 6732.0 5288.0 1 0.22319343505304923
0 1 1 1 1 0 1 1 1 0 1 0 1 1 1 1 0 0 1 0 6837.0 5202.0 1 0.25112063911589505
0 1 0 1 1 1 1 1 1 1 0 1 1 1 1 0 0 0 0 0 6945.0 5077.0 1 0.1693477525249963
0 1 0 1 1 1 1 0 1 1 1 0 1 1 1 1 0 0 1 0 6987.0 5065.0 1 0.1345665121421637
0 1 0 1 1 1 1 1 1 1 1 0 1 1 1 1 0 0 0 0 7046.0 4953.0 1 2000000000000000.0
0 0 1 1 0 1 0 1 1 0 1 1 0 1 1 1 0 0 1 1 5027.0 6270.0 2 2000000000000000.0
0 0 1 1 0 1 0 1 1 0 1 1 1 1 1 1 0 0 0 1 5204.0 6244.0 2 0.1895528434134235
0 0 1 1 0 0 0 0 1 1 1 1 1 1 1 0 0 1 1 0 5322.0 6218.0 2 0.23513590854695154
0 0 1 1 0 0 1 0 1 1 1 1 0 1 1 1 0 0 1 1 5621.0 6216.0 2 0.1820598488170622
0 0 1 1 0 0 1 1 1 0 1 1 1 1 1 0 0 0 1 1 5671.0 6215.0 2 0.04823471261121034
0 0 1 1 0 1 0 1 1 1 1 1 1 1 1 1 0 0 0 0 5688.0 6197.0 2 0.08348843086390839
0 0 1 1 0 0 1 0 1 1 1 1 1 1 1 1 0 0 0 1 5798.0 6190.0 2 0.14437412200178998
0 1 1 1 0 0 0 0 1 1 1 1 1 1 1 1 0 0 0 1 5845.0 6109.0 2 0.17843227614296517
0 0 1 1 0 1 1 1 1 0 1 1 1 1 1 0 0 0 1 0 5884.0 6004.0 2 0.1516682894922565
0 0 1 1 0 0 1 0 1 1 1 0 1 1 1 1 0 1 1 0 5963.0 5983.0 2 0.09441760381747523
0 0 1 1 1 1 1 0 1 0 1 1 1 1 1 0 0 0 0 1 6035.0 5981.0 2 0.13563464868921987
0 0 1 1 1 0 1 0 1 1 0 1 1 1 1 0 0 0 0 1 6152.0 5930.0 2 0.27325348040343667
0 0 1 1 1 0 1 1 1 1 0 0 1 1 1 1 0 0 0 1 6470.0 5913.0 2 0.29278759318857484
0 0 1 1 1 1 1 0 1 1 0 1 1 1 1 1 0 0 0 0 6513.0 5782.0 2 0.16656991652976796
0 1 1 1 0 0 1 0 1 1 0 1 1 1 1 1 0 0 1 0 6519.0 5717.0 2 0.16111870907319462
0 1 1 1 0 0 1 1 1 1 0 1 1 1 1 1 0 0 0 0 6578.0 5605.0 2 0.38991519187742163
0 1 1 1 1 0 1 0 1 0 1 1 1 1 1 1 0 0 1 0 6667.0 5282.0 2 0.3352184125049015
0 1 1 1 1 0 1 0 1 1 0 1 1 1 1 0 0 0 0 0 6715.0 5238.0 2 0.11116219088887985
0 1 1 1 1 0 1 1 1 0 1 1 1 1 1 1 0 0 0 0 6726.0 5170.0 2 0.11417730174892826
0 1 0 1 1 0 1 1 1 1 1 0 1 1 1 1 0 0 0 1 6833.0 5164.0 2 0.189684775418268
0 1 0 1 1 0 1 1 1 1 0 1 1 1 1 0 0 0 1 0 6866.0 5007.0 2 0.20014939905899506
0 1 0 1 1 0 1 1 1 1 1 0 1 1 1 1 0 1 0 0 6887.0 4925.0 2 0.1008495677833124
0 1 0 1 1 1 1 1 1 1 1 0 1 1 1 0 0 0 0 0 6898.0 4890.0 2 0.07151829581013253
0 1 0 1 1 0 1 1 1 1 1 0 1 1 1 1 0 0 1 0 6967.0 4883.0 2 2000000000000000.0
0 0 1 1 0 0 0 1 1 1 0 1 0 1 1 1 0 0 1 1 5144.0 6219.0 3 2000000000000000.0
0 0 1 1 0 0 0 1 1 1 1 1 1 1 1 1 0 1 0 0 5529.0 6169.0 3 0.404256845384465
0 0 1 1 0 0 1 0 1 1 1 0 1 1 1 0 0 0 1 1 5761.0 6159.0 3 0.2454056675957654
0 0 1 1 0 1 1 0 1 1 0 0 1 1 1 1 0 0 0 1 5834.0 6077.0 3 0.29077171120946865
0 0 1 1 0 0 1 1 1 1 0 1 1 1 1 0 0 0 1 0 6001.0 5953.0 3 0.2616890747116841
0 1 1 1 0 1 0 0 1 1 1 1 1 1 1 1 0 0 0 0 6058.0 5898.0 3 0.3214837131770038
0 0 1 1 1 0 1 0 1 1 1 1 1 1 1 0 0 0 1 0 6440.0 5864.0 3 0.3561649450729401
0 1 1 1 0 1 1 0 1 1 0 1 1 1 1 0 0 0 0 0 6450.0 5724.0 3 0.18520454172813897
0 0 0 1 1 1 1 1 1 1 1 0 1 1 1 1 0 0 0 1 6483.0 5645.0 3 0.14963860195659484
0 1 1 1 0 1 1 0 1 1 1 0 1 1 1 1 0 0 0 0 6551.0 5600.0 3 0.40839345247851966
0 1 0 1 1 1 1 1 1 0 0 1 1 1 1 1 0 0 0 1 6609.0 5187.0 3 0.51005287752087
0 1 1 1 1 0 1 0 1 1 1 0 1 1 1 1 0 0 0 0 6816.0 5114.0 3 0.38988973602227234
0 1 0 1 1 0 1 1 1 1 1 1 1 1 1 1 0 0 0 0 6856.0 4851.0 3 2000000000000000.0
0 0 1 1 0 1 0 1 1 0 1 1 0 1 1 0 0 0 1 1 4879.0 6207.0 4 2000000000000000.0
0 0 1 1 0 1 0 1 1 0 1 1 1 1 1 0 0 0 0 1 5056.0 6181.0 4 0.34511851582067277
0 0 1 1 0 0 1 0 1 1 1 1 0 1 1 0 0 0 1 1 5473.0 6153.0 4 0.28337062115816186
0 0 1 1 0 1 0 1 1 1 1 1 1 1 1 0 0 0 0 0 5540.0 6134.0 4 0.1541103323199882
0 0 1 1 0 1 1 1 1 0 0 1 1 1 1 1 0 0 0 1 5744.0 6133.0 4 0.13503147786143055
0 0 1 1 1 0 0 0 1 1 1 1 1 1 1 1 0 0 0 1 5760.0 6104.0 4 0.2519380997331472
0 0 1 1 0 1 1 0 1 1 1 0 1 1 1 0 0 0 1 0 5974.0 5948.0 4 0.3030400107031971
0 0 1 1 0 0 1 1 1 1 1 0 1 1 1 1 0 1 0 0 6022.0 5871.0 4 0.250037535584463
0 0 1 1 1 0 1 1 1 1 0 0 1 1 1 0 0 0 0 1 6322.0 5850.0 4 0.2061454299496685
0 1 1 1 0 0 1 0 1 1 1 0 1 1 1 1 0 0 0 1 6338.0 5811.0 4 0.15722727238940853
0 0 1 1 1 0 1 0 1 1 0 1 1 1 1 1 0 0 1 0 6434.0 5712.0 4 0.23202379979038026
0 0 1 1 1 0 1 1 1 1 0 1 1 1 1 1 0 0 0 0 6493.0 5600.0 4 0.26196827685650703
0 1 1 1 0 0 1 1 1 1 1 0 1 1 1 1 0 0 0 0 6531.0 5418.0 4 0.16255063587508817
0 0 0 1 1 1 1 1 1 1 1 0 1 1 1 1 0 1 0 0 6537.0 5406.0 4 0.23403882888974809
0 1 1 1 1 1 1 0 1 0 0 1 1 1 1 1 0 0 0 0 6592.0 5137.0 4 0.2961877225191011
0 1 0 1 1 0 1 1 1 1 1 0 1 1 1 0 0 0 0 1 6685.0 5101.0 4 0.1634462869502426
0 1 0 1 1 0 1 1 1 1 0 1 1 1 1 0 0 1 0 0 6786.0 5049.0 4 0.27166769486912756
0 1 0 1 1 0 1 1 1 1 1 0 1 1 1 0 0 0 1 0 6819.0 4820.0 4 2000000000000000.0
0 0 1 1 0 0 0 0 0 1 1 1 1 1 1 0 0 0 1 1 4689.0 6204.0 5 2000000000000000.0
0 1 0 1 1 1 1 1 1 0 0 1 1 1 1 1 0 0 1 0 6743.0 4906.0 5 2000000000000000.0
0 0 1 1 1 0 0 0 1 1 1 1 0 1 1 1 0 0 1 1 5583.0 6130.0 5 0.6124754884677315
0 1 1 1 1 0 1 0 1 0 1 1 1 1 1 0 0 0 1 0 6519.0 5219.0 5 0.43337964331310264
0 1 1 1 0 0 1 0 1 1 1 0 1 1 1 1 0 0 1 0 6472.0 5530.0 5 0.3154797358830592
0 1 0 1 1 0 1 0 1 1 0 0 1 1 1 1 0 0 1 1 6620.0 5061.0 5 0.2859091134139209
0 0 1 1 0 1 1 1 1 1 1 0 1 1 1 0 0 0 0 0 6033.0 5836.0 5 0.2254895930072798
0 1 1 1 0 0 1 1 1 1 0 1 0 1 1 1 0 0 1 0 6401.0 5631.0 5 0.2110932405933336
0 0 1 1 1 0 1 1 1 1 1 1 0 1 1 0 0 0 1 0 6322.0 5778.0 5 0.2068773320650461
0 0 1 1 1 0 1 0 1 1 1 0 1 1 1 1 0 0 0 1 6253.0 5806.0 5 0.18538520051069976
0 0 1 1 0 0 1 0 1 1 0 0 1 1 1 1 0 0 1 1 5755.0 6007.0 5 0.18097199946587322
0 1 0 1 1 0 1 1 1 1 0 0 1 1 1 1 0 0 0 1 6679.0 4949.0 5 0.17929763864111503
0 1 1 1 0 0 0 0 1 1 1 1 1 1 1 0 0 0 0 1 5697.0 6046.0 5 0.1785002167967083
0 0 1 1 0 1 1 0 1 1 1 1 1 1 1 0 0 0 0 0 5863.0 5916.0 5 0.17181777673087506
