0 0 0 1 1 1 1 0 1 0 0 1 1 1 1 1 0 1 0 1 7286.0 4194.0 7360.0 4516.0 6762.0 0 1000000000000000.2
1 0 0 1 1 1 1 0 1 0 1 1 0 1 1 1 0 0 0 1 6776.0 3733.0 7461.0 4170.0 6728.0 0 1000000000000000.1
1 0 0 0 1 1 1 1 1 1 0 1 0 1 0 1 0 0 1 1 5616.0 4587.0 7341.0 4609.0 6526.0 0 0.334255306393939
1 0 0 1 1 1 1 0 1 1 1 1 0 1 0 0 0 1 0 1 6821.0 4535.0 7169.0 3883.0 6425.0 0 0.2256163106921973
1 0 0 0 1 1 1 1 1 1 1 0 0 1 0 0 0 1 0 1 5457.0 4346.0 7597.0 2872.0 6360.0 0 0.3706411790823525
1 0 0 1 1 1 1 1 1 1 0 1 0 0 0 1 0 1 0 1 6507.0 4348.0 8099.0 3660.0 6346.0 0 0.265275811520715
1 1 0 0 1 1 0 1 1 0 0 1 1 1 1 1 0 0 0 1 6037.0 4176.0 7536.0 4770.0 6227.0 0 0.22318523907555612
1 0 0 1 1 1 1 1 1 1 0 0 0 1 1 0 0 0 1 1 6169.0 4702.0 6864.0 3414.0 6192.0 0 0.43329381479856804
1 0 0 0 1 1 0 1 1 1 0 1 1 0 1 1 0 1 0 1 6833.0 4655.0 7926.0 4773.0 6187.0 0 0.27416372574942
1 0 0 1 1 1 0 1 1 0 0 1 1 0 1 1 0 1 0 1 7430.0 4145.0 7954.0 4243.0 6186.0 0 0.3472012656698017
1 0 0 1 1 1 0 0 1 1 0 1 1 1 1 1 0 1 0 1 7666.0 4899.0 7593.0 5337.0 6171.0 0 1000000000000000.1
1 0 0 0 1 1 1 0 1 1 0 0 1 1 0 0 1 1 0 1 5120.0 5706.0 6568.0 3911.0 6039.0 0 1000000000000000.0
1 1 0 1 1 1 1 1 1 1 0 0 0 0 0 1 0 1 0 1 5759.0 4570.0 8306.0 2831.0 6022.0 0 1000000000000000.2
1 0 0 1 1 1 1 1 1 1 0 0 1 1 0 0 0 1 0 1 6318.0 5124.0 7833.0 3547.0 6000.0 0 0.21311978869972004
1 0 0 1 1 1 0 0 1 1 0 1 0 1 0 0 1 1 1 1 6658.0 5315.0 5733.0 4453.0 5979.0 0 0.5193395985259858
1 0 1 0 1 1 0 0 1 1 0 0 1 1 1 1 0 1 0 1 5835.0 5176.0 7251.0 4318.0 5877.0 0 0.1453712348311466
1 0 0 1 1 1 1 1 1 1 0 0 1 0 0 1 0 1 0 1 6386.0 5027.0 8573.0 3650.0 5869.0 0 1000000000000000.0
1 0 0 0 1 1 1 0 1 1 0 0 1 1 0 0 0 1 1 1 5444.0 5445.0 6554.0 4009.0 5848.0 0 0.17218994193153744
1 0 0 1 1 1 1 0 1 1 0 0 1 1 0 1 0 1 0 1 6223.0 5122.0 7881.0 4143.0 5837.0 0 0.12293449612155088
1 0 1 0 1 1 1 0 1 1 0 1 1 0 0 0 0 1 0 1 5386.0 5386.0 6609.0 3915.0 5836.0 0 0.21648296352381297
1 1 0 1 1 1 0 0 1 1 0 1 1 1 0 1 0 1 0 1 6983.0 5125.0 7651.0 5150.0 5777.0 0 0.20673573417323074
1 0 0 1 1 1 1 1 1 1 0 0 1 0 1 1 0 0 0 1 6362.0 4854.0 8211.0 3914.0 5769.0 0 0.18267924832261542
1 1 0 1 1 1 0 0 1 1 0 1 1 1 1 1 0 0 0 1 6959.0 4952.0 7289.0 5414.0 5677.0 0 0.26490842023548017
0 0 0 1 1 1 1 0 1 1 0 1 1 0 0 0 0 1 1 1 6816.0 5130.0 6179.0 4207.0 5553.0 0 0.11902777352946886
1 1 0 0 1 1 0 1 1 1 0 0 1 1 0 1 1 0 0 1 5090.0 5458.0 7449.0 4540.0 5548.0 0 1000000000000000.0
1 1 0 1 1 1 0 0 1 1 0 1 1 0 1 0 0 1 0 1 7071.0 5036.0 6720.0 4331.0 5508.0 0 0.2961184816635783
0 0 1 1 1 1 1 0 1 1 0 1 1 0 0 0 0 1 0 1 6227.0 5126.0 6329.0 3666.0 5460.0 0 0.13555968820020095
1 0 0 0 1 1 0 0 1 1 0 1 1 0 1 1 1 0 0 1 5831.0 5145.0 6359.0 5146.0 5440.0 0 0.26838636168562946
0 0 0 1 1 1 0 0 1 1 0 1 1 1 1 1 0 0 1 1 7306.0 4751.0 6310.0 5516.0 5424.0 0 1000000000000000.1
1 0 1 1 1 1 1 0 1 1 0 0 1 1 0 1 0 0 0 1 5429.0 5379.0 7387.0 4101.0 5389.0 0 0.12376967188790847
1 0 0 1 0 1 0 0 1 1 1 1 1 1 1 1 0 0 0 1 7442.0 4419.0 7012.0 5364.0 5348.0 0 0.30298627055455124
1 1 0 1 1 1 1 0 1 1 0 0 1 1 0 1 0 0 0 1 5516.0 5175.0 7577.0 4220.0 5343.0 0 0.12361859831747979
1 0 0 1 1 1 0 0 1 1 0 1 1 1 0 1 1 0 0 1 6361.0 5353.0 6664.0 5412.0 5305.0 0 0.15938067285782875
1 0 1 1 1 1 0 0 1 1 0 0 1 1 0 1 0 1 0 1 6055.0 5257.0 7311.0 4063.0 5191.0 0 0.2051634226461604
1 0 1 1 1 1 0 0 1 1 0 0 1 1 1 0 0 0 1 1 6248.0 5556.0 5981.0 4264.0 5118.0 0 0.3199962221337164
1 0 0 1 1 1 0 0 1 1 0 0 1 1 0 0 1 1 0 1 5942.0 5492.0 6190.0 3882.0 5055.0 0 0.28259631444045724
1 0 0 1 1 1 0 0 1 1 0 1 1 0 0 0 0 1 1 1 6797.0 5176.0 6081.0 4427.0 4945.0 0 0.20065214106826038
1 1 0 1 1 1 0 0 1 1 0 0 1 0 1 1 0 0 1 1 6403.0 5255.0 6911.0 4486.0 4941.0 0 0.4220322468996993
1 0 1 1 1 1 0 0 1 1 0 1 1 1 0 0 1 0 0 0 5178.0 5494.0 4897.0 4604.0 4272.0 0 2000000000000000.0
1 1 0 1 1 1 1 0 0 0 0 1 0 0 0 1 1 1 0 1 5434.0 3796.0 6477.0 3304.0 6379.0 1 1000000000000000.4
0 0 0 1 1 1 1 0 1 0 1 1 0 1 1 1 0 0 0 1 6621.0 3324.0 6822.0 3850.0 6336.0 1 0.32161481816845516
0 0 0 1 1 1 1 1 1 0 1 1 0 1 0 1 0 0 0 1 6318.0 3288.0 7460.0 3552.0 6217.0 1 0.1742311613801833
0 0 0 0 1 1 1 0 0 0 1 1 1 1 1 1 0 0 0 1 5780.0 3008.0 6345.0 4408.0 6162.0 1 1000000000000000.0
1 0 1 1 1 1 1 0 1 0 0 1 0 0 0 0 0 1 1 1 5858.0 4627.0 6030.0 2988.0 6127.0 1 0.2910868411931978
1 0 1 1 1 1 1 0 1 1 0 1 0 0 0 1 0 1 0 1 6040.0 4814.0 7329.0 3652.0 6117.0 1 0.14880690764871846
0 0 0 0 1 0 1 0 1 0 0 1 1 1 1 1 0 1 0 1 5654.0 3258.0 6059.0 4357.0 6094.0 1 0.2220297422715604
0 0 0 1 1 1 1 0 1 0 1 1 0 1 0 1 0 0 1 1 6440.0 3758.0 6540.0 4085.0 6081.0 1 0.29380821524295087
0 0 0 1 1 1 1 0 1 1 0 1 1 1 0 1 0 1 0 1 6909.0 4785.0 7392.0 4791.0 6077.0 1 0.07902515335484907
1 0 0 1 1 1 1 0 1 1 1 1 0 1 0 1 0 0 0 1 6399.0 4324.0 7493.0 4445.0 6043.0 1 0.18191495963264837
1 0 0 0 1 1 1 1 1 1 0 0 1 1 0 0 0 1 0 1 5322.0 4975.0 7474.0 3476.0 5984.0 1 0.15122084977058797
1 0 0 1 1 1 1 1 1 1 0 0 0 0 0 0 1 1 0 1 5559.0 5009.0 6995.0 2531.0 5932.0 1 1000000000000000.1
1 0 1 0 1 1 1 0 1 0 0 0 1 0 0 0 1 1 0 1 4417.0 5418.0 6159.0 2809.0 5825.0 1 1000000000000000.2
1 0 0 0 1 1 1 0 1 1 0 0 1 1 0 1 0 1 0 1 5227.0 4973.0 7522.0 4072.0 5821.0 1 0.08915511339033054
0 0 0 1 1 1 1 0 1 1 0 1 1 0 1 0 0 1 0 1 6997.0 4696.0 6461.0 3972.0 5808.0 1 0.10632101075343454
0 0 0 1 1 1 0 0 1 0 0 1 1 1 1 0 0 1 1 1 7329.0 4303.0 5655.0 4353.0 5789.0 1 0.30391278727218346
1 0 0 0 1 1 1 0 1 1 0 0 1 1 1 1 0 0 0 1 5203.0 4800.0 7160.0 4336.0 5721.0 1 0.10649757546476346
0 0 1 1 1 1 1 0 1 1 0 0 1 1 1 1 0 0 0 1 6050.0 5038.0 7047.0 4107.0 5699.0 1 0.10008056894244222
1 1 0 1 1 1 0 1 1 0 0 1 1 0 1 1 0 0 0 1 6723.0 4198.0 7650.0 4320.0 5692.0 1 0.3391710875578017
1 1 1 1 1 1 1 0 1 0 0 0 1 1 0 1 0 0 0 1 5123.0 5014.0 7413.0 3639.0 5680.0 1 0.13609530038613932
1 0 1 0 1 1 1 0 1 1 0 0 1 1 1 0 0 0 0 1 4831.0 5268.0 6342.0 3732.0 5655.0 1 0.2862467091092592
0 0 0 0 1 1 1 0 1 1 0 0 1 1 0 0 1 1 0 1 4965.0 5297.0 5929.0 3591.0 5647.0 1 0.159223730556893
1 0 1 1 1 1 0 0 1 0 0 0 1 1 0 1 0 1 1 1 6251.0 5100.0 6997.0 4023.0 5621.0 1 0.09014959690407198
0 0 0 0 0 1 1 0 1 1 0 0 1 1 0 0 1 1 1 1 5281.0 5438.0 5279.0 3887.0 5542.0 1 0.18645983364207608
1 0 0 1 0 1 0 1 1 1 0 1 1 1 0 1 0 1 0 1 7084.0 4502.0 7564.0 4774.0 5500.0 1 0.1294059799997015
1 0 0 0 0 1 1 1 1 1 0 0 1 1 0 1 0 0 1 1 5216.0 4905.0 7148.0 4334.0 5497.0 1 0.06687007466166872
1 0 0 1 1 1 0 0 1 1 1 1 0 1 0 1 0 0 1 1 6820.0 4463.0 6773.0 4906.0 5490.0 1 0.19575166236328728
0 0 1 1 1 1 0 0 1 1 0 1 1 1 0 1 0 1 0 1 6741.0 4920.0 6822.0 4711.0 5431.0 1 0.1856932825983528
0 1 0 1 1 1 0 0 1 1 0 1 1 1 0 1 0 1 0 1 6828.0 4716.0 7012.0 4830.0 5385.0 1 0.07408113182692072
1 0 1 0 1 1 1 0 1 1 0 0 1 1 0 1 0 0 0 1 4433.0 5230.0 7028.0 4030.0 5373.0 1 0.07236720740985832
1 0 0 1 1 1 0 0 1 1 0 1 1 1 1 1 0 0 0 1 6866.0 4658.0 6932.0 5275.0 5369.0 1 0.1375092330425989
1 1 0 1 1 1 0 0 1 1 0 1 1 1 0 0 0 1 0 1 6605.0 5095.0 6666.0 4526.0 5357.0 1 0.1309376008106402
0 0 1 1 1 1 0 0 1 1 0 1 1 1 1 1 0 0 0 1 6717.0 4747.0 6460.0 4975.0 5331.0 1 0.07324219614867128
1 1 0 0 1 1 1 0 1 1 0 0 1 1 0 1 0 0 0 1 4520.0 5026.0 7218.0 4149.0 5327.0 1 0.22921042865031677
1 1 0 1 1 1 0 1 1 1 0 0 1 1 0 0 0 1 0 1 6237.0 5055.0 7453.0 3586.0 5308.0 1 0.09139202373515455
0 0 0 1 1 1 0 0 1 1 1 0 1 1 1 0 0 1 0 1 7147.0 4510.0 6566.0 3779.0 5258.0 1 0.20133494514342182
0 0 0 1 1 1 0 0 1 1 0 1 1 0 1 0 0 1 1 1 7418.0 4835.0 5741.0 4433.0 5255.0 1 1000000000000000.0
1 0 0 1 1 1 0 1 1 1 0 1 1 1 0 1 0 0 0 1 6563.0 4622.0 7570.0 4977.0 5250.0 1 0.1795949670234423
1 1 0 1 1 1 0 0 1 1 0 1 1 0 0 1 0 1 0 1 6673.0 4998.0 7406.0 4629.0 5226.0 1 0.12296340205893559
0 1 0 1 1 1 0 0 1 1 0 1 1 1 0 1 1 0 0 1 6299.0 5238.0 6382.0 5231.0 5221.0 1 0.14218507558711302
1 0 0 1 1 1 0 0 1 1 0 1 1 0 1 0 0 1 0 1 6978.0 4742.0 6363.0 4192.0 5200.0 1 0.08934948161878432
1 0 0 1 1 1 0 0 1 1 1 1 1 1 0 1 0 0 0 1 6945.0 4712.0 7380.0 5303.0 5198.0 1 0.1180528528396575
0 0 1 1 1 1 0 0 1 1 0 1 1 0 1 0 0 1 0 1 6829.0 4831.0 5891.0 3892.0 5162.0 1 0.12010480287961305
1 1 0 1 1 1 0 0 1 1 0 0 1 1 0 1 0 1 0 1 6142.0 5053.0 7501.0 4182.0 5145.0 1 0.09766371815788974
1 0 0 1 1 1 1 1 1 1 0 0 1 0 0 1 0 0 0 1 5586.0 4786.0 7912.0 3588.0 5067.0 1 1000000000000000.0
1 0 1 1 1 1 0 0 1 1 0 1 1 1 0 1 0 0 0 1 6096.0 5088.0 6800.0 4969.0 5021.0 1 0.11096360163085497
0 0 0 1 1 1 0 0 1 1 0 1 1 1 1 0 0 0 1 1 6928.0 4721.0 5325.0 4892.0 5004.0 1 0.18244091766150794
1 1 0 1 1 1 0 0 1 1 0 1 1 1 0 1 0 0 0 1 6183.0 4884.0 6990.0 5088.0 4975.0 1 0.2881835904850466
1 1 0 1 0 1 0 0 1 1 0 1 1 0 0 0 0 1 1 1 6611.0 5109.0 5771.0 4301.0 4701.0 1 0.277451980076681
1 0 1 0 1 1 0 0 1 1 0 0 1 0 0 0 0 1 1 1 4966.0 5453.0 5739.0 3408.0 4651.0 1 1000000000000000.0
1 1 0 1 1 1 0 0 1 1 0 0 1 1 0 1 0 1 1 0 5926.0 5228.0 6569.0 4539.0 4625.0 1 0.2815459422754279
1 0 0 1 1 0 0 0 1 1 0 1 1 1 1 1 1 0 0 0 5690.0 4307.0 5072.0 5446.0 4388.0 1 1000000000000000.5
1 0 0 1 1 1 0 0 1 1 0 0 1 0 1 0 1 0 1 0 5392.0 5367.0 4651.0 3982.0 3884.0 1 2000000000000000.0
1 0 0 1 1 1 0 0 1 1 0 1 1 1 0 0 1 0 0 0 5172.0 4996.0 4730.0 4584.0 3918.0 2 3000000000000000.0
1 0 0 0 1 0 0 0 1 1 0 1 1 0 0 1 1 0 0 1 4419.0 4290.0 5118.0 4732.0 4086.0 2 1000000000000000.5
1 0 1 1 1 1 1 0 1 0 0 1 0 0 0 1 0 1 0 1 5641.0 4155.0 6998.0 3051.0 6100.0 2 1000000000000000.2
1 0 0 1 0 1 0 0 1 1 1 1 1 1 1 1 0 0 0 0 6631.0 4092.0 6063.0 5160.0 4381.0 2 1000000000000000.2
0 0 0 1 1 1 1 0 1 0 1 1 0 0 0 0 0 1 1 1 6552.0 3842.0 5971.0 3002.0 5912.0 2 1000000000000000.1
0 1 0 1 1 1 0 0 1 1 0 1 1 0 1 0 0 1 0 1 6916.0 4627.0 6081.0 4011.0 5116.0 2 1000000000000000.1
1 0 0 1 1 0 0 1 0 0 1 1 1 1 0 1 0 1 0 1 6618.0 2621.0 6963.0 4375.0 5601.0 2 1000000000000000.0
1 1 0 0 1 1 0 1 1 0 0 0 1 1 1 1 0 0 0 1 5196.0 4104.0 7386.0 3802.0 5595.0 2 1000000000000000.0
