1 0 0 1 1 1 0 0 1 1 0 1 1 1 0 0 1 0 1 0 5767.0 5498.0 4747.0 5145.0 4365.0 0 2000000000000000.0
1 0 0 0 1 0 0 0 1 1 0 1 1 1 0 1 1 0 1 1 5324.0 4919.0 5380.0 5814.0 5084.0 0 1000000000000000.1
1 0 0 0 1 1 1 1 1 0 0 1 0 1 1 1 0 1 0 1 6198.0 3735.0 7953.0 3835.0 7566.0 0 1000000000000000.0
1 0 0 1 1 1 1 1 1 0 0 0 0 1 1 1 0 1 0 1 6353.0 3812.0 8162.0 2938.0 6950.0 0 1000000000000000.0
1 0 0 1 1 1 0 1 0 0 1 1 0 1 1 1 0 1 0 1 7310.0 2725.0 7580.0 3831.0 6800.0 0 1000000000000000.0
1 0 0 0 1 1 1 1 1 0 1 0 1 0 0 1 0 1 0 1 5846.0 4341.0 8630.0 3332.0 6367.0 0 1000000000000000.0
0 0 0 1 1 1 0 0 1 0 1 1 1 1 1 1 0 1 0 1 7967.0 3953.0 7370.0 4770.0 6293.0 0 1000000000000000.0
1 0 1 0 1 1 1 0 1 1 0 0 1 0 0 1 1 0 0 1 4394.0 5866.0 6814.0 3972.0 5460.0 0 1000000000000000.0
1 0 1 1 1 1 0 0 1 1 0 0 1 1 0 0 1 1 0 1 5948.0 5990.0 6357.0 3902.0 5409.0 0 1000000000000000.0
1 0 0 1 1 1 1 1 0 0 0 1 0 1 1 1 0 1 0 1 6629.0 2966.0 7570.0 3577.0 7269.0 0 0.2454997299651937
1 1 0 0 1 1 1 0 1 1 0 0 1 1 0 0 1 0 0 1 4413.0 5759.0 6264.0 3988.0 5545.0 0 0.2132998361577992
1 0 0 1 1 1 0 0 1 1 1 0 1 0 0 0 1 0 1 1 6282.0 5748.0 6048.0 4214.0 4680.0 0 0.20416909015618662
1 1 0 0 1 1 1 0 1 0 0 1 0 1 1 1 0 1 0 1 5818.0 3997.0 7373.0 3946.0 7291.0 0 0.18331584468070167
1 0 0 1 0 1 0 0 1 1 0 1 1 1 0 0 1 0 1 1 6299.0 5464.0 5029.0 5084.0 4780.0 0 0.1724011483237943
1 0 0 0 1 1 0 0 1 1 0 1 1 1 0 0 1 0 1 1 5582.0 5676.0 5337.0 5278.0 5316.0 0 0.16707636282432461
1 0 0 1 0 1 0 1 1 0 1 1 0 1 1 1 0 1 0 1 7596.0 3282.0 7655.0 3895.0 6561.0 0 0.16067034831363516
0 0 0 1 1 1 0 1 1 0 1 1 0 1 1 1 0 1 0 1 7720.0 3234.0 7683.0 3840.0 6721.0 0 0.15980184070686146
1 0 0 0 1 1 0 1 1 0 1 1 0 1 1 1 0 1 0 1 6879.0 3494.0 7963.0 4089.0 7097.0 0 0.1547894602633594
1 0 0 0 1 1 1 1 1 1 0 0 1 1 0 0 1 0 0 1 4793.0 5497.0 6844.0 3877.0 5820.0 0 0.15122636876961426
1 0 0 1 1 1 1 1 1 0 0 1 0 0 1 1 0 1 0 1 6884.0 3757.0 8067.0 3385.0 7031.0 0 0.13349013729454592
1 0 0 1 1 1 0 0 1 0 1 1 1 1 1 0 0 1 0 1 7744.0 4332.0 7024.0 4466.0 6265.0 0 0.1268009553092608
0 0 0 1 1 1 0 0 1 1 0 1 1 1 0 0 1 0 1 1 6423.0 5416.0 5057.0 5029.0 4940.0 0 0.12384610955162384
1 0 0 0 1 1 1 1 1 0 0 0 1 1 0 0 1 1 0 1 5194.0 5079.0 7174.0 3338.0 6605.0 0 0.12374609123893537
1 0 0 1 1 1 1 1 1 1 0 0 1 0 0 1 0 1 0 1 6386.0 5027.0 8573.0 3650.0 5869.0 0 0.12161412581485836
1 1 0 1 1 1 0 0 1 0 0 0 1 1 0 1 1 1 0 1 6014.0 5157.0 7201.0 4044.0 5766.0 0 0.11650300981496628
1 0 0 1 1 1 0 0 1 1 1 1 0 1 0 0 1 1 0 1 6918.0 4935.0 6463.0 4246.0 6063.0 0 0.1151822537776392
1 0 0 1 1 1 0 0 1 0 1 1 0 1 1 1 0 1 0 1 7402.0 3611.0 7385.0 4132.0 6530.0 0 0.1144671647715335
1 0 0 1 1 1 0 0 1 1 0 0 1 0 1 0 1 0 1 1 6203.0 5694.0 5600.0 4186.0 4851.0 0 0.11292254640760277
1 0 0 1 1 1 0 0 1 1 0 1 0 1 0 0 1 1 1 1 6658.0 5315.0 5733.0 4453.0 5979.0 0 0.11227494772869512
1 0 1 1 1 1 0 0 1 1 0 1 1 1 0 0 0 0 1 1 6313.0 5560.0 5832.0 4906.0 5048.0 0 0.11196526493937733
1 0 0 1 1 1 0 1 1 0 1 0 0 1 1 1 0 1 0 1 7034.0 3571.0 8172.0 3192.0 6481.0 0 0.10832893068831358
1 0 0 0 1 1 0 0 1 1 0 0 1 1 1 0 1 0 1 1 5517.0 5672.0 5486.0 4636.0 5386.0 0 0.107678162139222
1 0 0 1 1 1 1 0 1 0 1 1 0 1 1 1 0 0 0 1 6776.0 3733.0 7461.0 4170.0 6728.0 0 0.10659223434303404
1 1 0 1 1 1 1 0 1 0 1 0 0 1 0 1 0 1 0 1 6052.0 4128.0 8030.0 3077.0 6504.0 0 0.10554350265703243
1 0 0 1 1 0 0 0 1 1 0 1 1 1 1 1 0 0 1 1 6825.0 4373.0 6007.0 5748.0 5164.0 0 0.1034021924575709
1 0 0 0 1 1 1 1 1 1 0 0 1 1 0 1 0 1 0 1 5700.0 5005.0 8459.0 4100.0 6404.0 0 0.10334833150793346
1 0 0 0 1 1 0 0 1 1 1 1 1 1 1 1 0 0 0 1 6725.0 4631.0 7320.0 5558.0 5884.0 0 0.10197217682612308
1 0 0 0 1 1 1 0 1 1 0 0 1 1 0 0 1 0 1 1 4915.0 5967.0 5924.0 4410.0 5684.0 0 0.1013767909993373
1 0 1 0 1 1 1 0 1 1 0 0 0 1 0 0 1 1 0 1 4406.0 5453.0 6111.0 2973.0 6238.0 0 0.10016202195626352
1 1 0 1 1 1 0 0 1 1 0 0 1 1 0 1 1 0 0 1 5613.0 5575.0 6871.0 4583.0 4981.0 0 0.09991741329971283
1 0 0 1 1 1 0 0 1 1 0 1 1 1 1 1 0 1 0 1 7666.0 4899.0 7593.0 5337.0 6171.0 0 0.0992865363001072
1 0 0 1 1 1 0 0 1 1 0 0 1 1 0 1 1 0 1 1 6115.0 5783.0 6531.0 5005.0 5120.0 0 0.09816963150502028
1 0 0 1 1 1 1 0 1 0 1 0 1 1 0 1 0 1 0 1 6679.0 4585.0 8297.0 3896.0 6351.0 0 0.09622569643716027
1 0 0 0 1 1 1 0 1 0 0 1 1 1 1 1 0 1 0 1 6445.0 4454.0 7640.0 4765.0 7138.0 0 0.09608069831552471
1 0 1 0 1 1 0 0 1 1 0 1 1 1 0 1 0 1 0 1 5900.0 5180.0 7102.0 4960.0 5807.0 0 0.09565715575215361
1 1 0 0 1 1 0 0 1 1 0 0 1 1 1 1 1 0 0 1 5393.0 5494.0 6811.0 4838.0 5667.0 0 0.09502806347537832
0 0 0 1 1 1 0 0 1 1 0 1 1 1 1 1 1 0 0 1 6982.0 5012.0 6324.0 5418.0 5615.0 0 0.0947899726213625
1 1 0 1 1 1 0 0 1 1 0 1 1 1 0 0 1 0 0 1 6076.0 5617.0 6036.0 4927.0 5193.0 0 0.092320814529918
1 0 0 0 1 1 1 0 1 0 0 1 1 1 0 0 1 1 0 1 5562.0 5119.0 6387.0 4278.0 6654.0 0 0.09184824043609019
1 0 1 1 1 1 0 0 1 1 0 1 1 1 0 0 1 0 0 1 5989.0 5821.0 5846.0 4808.0 5239.0 0 0.09066736361560639
1 0 0 0 1 1 0 1 1 0 0 1 1 1 1 1 0 1 0 1 6744.0 4123.0 7840.0 4693.0 6721.0 0 0.09050986830419294
1 1 0 1 1 1 0 0 1 1 0 1 1 0 1 0 0 1 0 1 7071.0 5036.0 6720.0 4331.0 5508.0 0 0.09018976927519436
1 0 0 1 1 1 1 1 1 0 0 1 0 1 0 1 0 1 0 1 6418.0 3816.0 8013.0 3580.0 6880.0 0 0.08803689378445373
1 0 0 1 1 1 0 0 1 1 1 0 1 0 0 0 1 1 0 1 6487.0 5487.0 6692.0 3715.0 5035.0 0 0.08772474986723831
1 0 0 1 1 1 1 1 1 0 0 1 0 1 1 0 0 1 0 1 6816.0 3854.0 7327.0 3282.0 7162.0 0 0.08737453438837503
1 0 0 0 1 1 0 0 1 0 1 1 1 1 1 1 0 1 0 1 7126.0 4213.0 7650.0 5019.0 6669.0 0 0.08737146606417905
1 1 0 0 1 1 0 0 1 0 0 1 1 1 1 1 0 1 0 1 6364.0 4385.0 7260.0 4804.0 6446.0 0 0.08690817518400429
1 1 0 0 1 1 1 1 1 1 0 0 0 1 0 1 0 1 0 1 5073.0 4548.0 8192.0 3281.0 6557.0 0 0.08655235227059233
1 0 0 1 1 1 0 1 1 1 0 1 1 1 1 1 0 0 0 1 7339.0 4690.0 7869.0 5303.0 5952.0 0 0.08621816658991126
1 0 0 1 1 0 0 0 1 1 0 1 1 1 0 1 0 1 1 1 6849.0 4546.0 6369.0 5484.0 5264.0 0 0.08617616045015049
1 0 0 0 1 1 0 0 1 1 0 1 1 1 1 1 1 0 0 1 6141.0 5272.0 6604.0 5667.0 5991.0 0 0.0852693151831451
1 0 0 1 1 1 0 0 1 0 0 1 1 1 1 0 0 1 1 1 7484.0 4712.0 6294.0 4673.0 6181.0 0 0.08492112110902264
1 0 0 1 1 1 0 0 1 1 1 1 1 0 0 1 0 1 0 1 7435.0 4826.0 7796.0 4844.0 5449.0 0 0.08457702733881046
1 0 0 0 1 1 1 1 1 0 0 0 1 0 1 1 0 1 0 1 5767.0 4287.0 8182.0 3304.0 6538.0 0 0.08393067943426735
1 0 0 1 0 1 0 0 1 1 0 1 1 1 0 1 0 1 1 1 7206.0 4972.0 6644.0 5307.0 5364.0 0 0.08392256641810154
1 1 0 0 1 1 1 0 1 0 0 0 1 1 0 0 1 1 0 1 4814.0 5341.0 6594.0 3449.0 6330.0 0 0.08371806903657152
1 0 0 0 1 1 1 0 1 0 1 0 0 1 1 0 1 1 0 1 5632.0 4486.0 6659.0 3032.0 7100.0 0 0.08264060886164415
1 0 0 0 1 1 0 0 1 0 0 1 1 1 1 1 1 1 0 1 6542.0 4854.0 6934.0 5128.0 6776.0 0 0.08183722814806176
1 0 0 1 1 1 0 0 1 1 0 1 1 1 1 0 0 0 1 1 7083.0 5130.0 5964.0 5212.0 5396.0 0 0.08077336189410916
1 0 0 0 1 1 1 0 1 1 0 1 0 1 0 0 1 0 1 1 5036.0 5288.0 5450.0 4420.0 6161.0 0 0.0806866072650907
1 1 0 1 1 1 1 0 1 1 0 0 0 1 0 0 1 1 0 1 5489.0 5398.0 6660.0 3163.0 6208.0 0 0.08066958506961479
1 0 0 0 1 1 1 1 1 0 0 0 1 0 0 1 1 1 0 1 5262.0 4982.0 7914.0 3441.0 6474.0 0 0.08043335691027498
1 0 0 0 1 1 1 0 1 1 1 0 0 1 1 1 0 1 0 1 6138.0 4412.0 7944.0 3794.0 6899.0 0 0.08014116955336295
1 0 0 0 1 1 1 0 1 1 0 0 1 1 0 0 1 1 0 1 5120.0 5706.0 6568.0 3911.0 6039.0 0 0.08007266576135524
0 0 0 1 1 1 0 0 1 1 0 1 1 1 0 1 1 1 0 1 7006.0 5185.0 6686.0 5154.0 5715.0 0 0.07967113317948929
1 1 0 0 1 1 1 1 1 1 0 0 1 1 0 1 0 0 0 1 4993.0 5058.0 8155.0 4177.0 5910.0 0 0.079106411110294
1 0 1 0 1 1 0 0 1 1 0 1 1 0 0 0 1 1 0 1 5483.0 5786.0 5903.0 4278.0 5474.0 0 0.07859063464859793
1 0 0 0 1 1 1 0 1 1 0 0 0 1 0 0 1 1 1 1 4995.0 5457.0 5961.0 3514.0 6331.0 0 0.07677179254934811
1 0 0 1 1 1 0 0 1 1 0 1 1 1 1 1 0 0 1 0 6650.0 4833.0 6000.0 5632.0 4849.0 0 0.07544933926838361
1 0 0 1 1 1 1 1 1 1 0 1 0 0 1 1 0 0 0 1 6483.0 4175.0 7737.0 3924.0 6246.0 0 0.07523780994959679
1 1 0 0 1 1 1 0 1 1 0 0 1 1 1 1 0 0 0 1 5296.0 5094.0 7517.0 4475.0 6029.0 0 0.074357928604164
1 0 0 1 1 1 0 1 1 1 0 0 1 1 1 1 0 1 0 1 7298.0 4859.0 8380.0 4397.0 6122.0 0 0.073598984066992
1 0 0 1 1 1 1 0 1 1 0 0 1 0 0 1 0 0 1 1 5708.0 5256.0 6992.0 4121.0 4931.0 0 0.07310911388246362
1 0 0 1 1 1 0 0 1 1 0 1 1 1 1 0 1 0 0 1 6759.0 5391.0 5978.0 5114.0 5587.0 0 0.07285232071013566
1 0 0 1 1 1 0 1 1 1 0 1 1 1 0 1 0 1 0 1 7363.0 4863.0 8231.0 5039.0 6052.0 0 0.07207150827459909
1 1 0 1 1 1 1 0 1 0 0 0 1 1 0 1 0 1 0 1 5917.0 4757.0 7907.0 3681.0 6128.0 0 0.07187834915203924
0 0 0 1 1 1 1 0 1 0 0 1 1 1 1 1 0 1 0 1 7286.0 4194.0 7360.0 4516.0 6762.0 0 0.0714233632598136
1 0 0 1 1 1 0 0 1 1 0 1 1 0 0 1 0 1 1 1 7175.0 5206.0 7066.0 5051.0 5365.0 0 0.07036494015991494
1 0 0 1 1 1 1 0 1 0 0 0 1 1 1 1 0 1 0 1 6600.0 4531.0 7849.0 3868.0 6522.0 0 0.0690957826172731
1 0 0 0 1 1 0 0 1 1 0 1 1 1 0 1 1 1 0 1 6165.0 5445.0 6966.0 5403.0 6091.0 0 0.06758338292176073
1 0 0 0 1 1 0 0 1 1 0 1 1 0 0 1 1 0 1 1 5650.0 5579.0 6077.0 5381.0 5185.0 0 0.06620014528868393
1 1 0 1 1 1 0 0 1 1 0 1 1 0 0 1 0 0 1 1 6468.0 5259.0 6762.0 5128.0 4871.0 0 0.0657073061443591
1 0 0 0 1 1 1 1 1 1 0 0 1 1 1 1 0 0 0 1 5676.0 4832.0 8097.0 4364.0 6304.0 0 0.06496318720409187
1 1 0 0 1 1 0 0 1 1 0 0 1 0 0 1 1 0 1 1 4902.0 5801.0 6284.0 4552.0 4861.0 0 0.06478264356075587
1 0 0 1 0 1 0 1 1 0 0 1 1 1 1 1 0 1 0 1 7461.0 3911.0 7532.0 4499.0 6185.0 0 0.06444908076618906
1 0 0 0 1 1 1 0 1 1 0 1 0 1 0 1 0 1 1 1 5943.0 4796.0 7065.0 4643.0 6745.0 0 0.06411256393658102
1 1 0 0 1 1 0 0 1 1 0 1 1 1 0 1 0 0 1 1 5782.0 5237.0 6648.0 5578.0 5406.0 0 0.06324205944843854
1 1 0 0 1 1 1 0 1 0 0 1 1 1 0 0 1 0 0 1 4855.0 5172.0 6083.0 4355.0 6160.0 0 0.0622132381562308
0 0 0 1 1 1 0 0 1 1 0 1 1 1 1 1 0 0 1 1 7306.0 4751.0 6310.0 5516.0 5424.0 0 0.06113418722433523
1 0 0 1 1 1 1 0 1 0 1 1 0 1 0 1 0 1 0 1 6800.0 3906.0 7823.0 3906.0 6828.0 0 0.05524223588598156
