1 0 0 1 1 1 0 0 1 1 0 1 1 1 0 0 1 0 1 0 5767.0 5498.0 4747.0 5145.0 4365.0 0 2000000000000000.0
1 0 0 0 1 0 0 0 1 1 0 1 1 1 0 1 1 0 1 1 5324.0 4919.0 5380.0 5814.0 5084.0 0 1000000000000000.1
1 0 0 0 1 1 1 1 1 0 0 1 0 1 1 1 0 1 0 1 6198.0 3735.0 7953.0 3835.0 7566.0 0 1000000000000000.0
1 0 0 1 1 1 1 1 0 0 0 1 0 1 1 1 0 1 0 1 6629.0 2966.0 7570.0 3577.0 7269.0 0 1000000000000000.0
1 0 0 1 1 1 1 1 1 0 0 0 0 1 1 1 0 1 0 1 6353.0 3812.0 8162.0 2938.0 6950.0 0 1000000000000000.0
1 0 0 0 1 1 1 1 1 0 1 0 1 0 0 1 0 1 0 1 5846.0 4341.0 8630.0 3332.0 6367.0 0 1000000000000000.0
0 0 0 1 1 1 0 0 1 0 1 1 1 1 1 1 0 1 0 1 7967.0 3953.0 7370.0 4770.0 6293.0 0 1000000000000000.0
1 0 1 0 1 1 1 0 1 1 0 0 1 0 0 1 1 0 0 1 4394.0 5866.0 6814.0 3972.0 5460.0 0 1000000000000000.0
1 0 1 1 1 1 0 0 1 1 0 0 1 1 0 0 1 1 0 1 5948.0 5990.0 6357.0 3902.0 5409.0 0 1000000000000000.0
0 0 0 1 1 1 0 1 1 0 1 1 0 1 1 1 0 1 0 1 7720.0 3234.0 7683.0 3840.0 6721.0 0 0.1751646349101195
1 0 0 1 0 1 0 0 1 1 0 1 1 1 0 0 1 0 1 1 6299.0 5464.0 5029.0 5084.0 4780.0 0 0.17280273400485927
1 1 0 0 1 1 1 0 1 1 0 0 1 1 0 0 1 0 0 1 4413.0 5759.0 6264.0 3988.0 5545.0 0 0.16957199712682305
1 0 0 1 0 1 0 1 1 0 1 1 0 1 1 1 0 1 0 1 7596.0 3282.0 7655.0 3895.0 6561.0 0 0.16666901360278988
1 1 0 0 1 1 1 0 1 0 0 1 0 1 1 1 0 1 0 1 5818.0 3997.0 7373.0 3946.0 7291.0 0 0.1641969875925514
1 0 0 0 1 1 0 1 1 0 1 1 0 1 1 1 0 1 0 1 6879.0 3494.0 7963.0 4089.0 7097.0 0 0.16184369509324464
1 0 0 0 1 1 1 1 1 1 0 0 1 1 0 0 1 0 0 1 4793.0 5497.0 6844.0 3877.0 5820.0 0 0.15107874013483666
1 0 0 0 1 1 0 0 1 1 0 1 1 1 0 0 1 0 1 1 5582.0 5676.0 5337.0 5278.0 5316.0 0 0.149494025692644
1 0 0 1 1 1 0 0 1 1 1 0 1 0 0 0 1 0 1 1 6282.0 5748.0 6048.0 4214.0 4680.0 0 0.14173268901164418
0 0 0 1 1 1 0 0 1 1 0 1 1 1 0 0 1 0 1 1 6423.0 5416.0 5057.0 5029.0 4940.0 0 0.12499333805336987
1 0 0 1 1 1 0 0 1 0 1 1 1 1 1 0 0 1 0 1 7744.0 4332.0 7024.0 4466.0 6265.0 0 0.12451358793430467
1 0 0 1 1 1 1 1 1 1 0 0 1 0 0 1 0 1 0 1 6386.0 5027.0 8573.0 3650.0 5869.0 0 0.12219994462426059
1 0 1 1 1 1 0 0 1 1 0 0 1 0 0 1 1 0 0 1 5216.0 5652.0 6436.0 3943.0 4476.0 0 0.11626678792220008
1 0 0 1 1 1 1 1 1 0 0 1 0 0 1 1 0 1 0 1 6884.0 3757.0 8067.0 3385.0 7031.0 0 0.11542633193154385
1 0 0 1 1 1 0 0 1 1 0 0 1 0 1 0 1 0 1 1 6203.0 5694.0 5600.0 4186.0 4851.0 0 0.11365481991935557
1 0 0 1 1 1 0 0 1 1 0 1 0 1 0 0 1 1 1 1 6658.0 5315.0 5733.0 4453.0 5979.0 0 0.11356863093279171
1 0 0 1 1 1 0 1 1 0 1 0 0 1 1 1 0 1 0 1 7034.0 3571.0 8172.0 3192.0 6481.0 0 0.11243440688118161
1 0 0 0 1 1 1 1 1 1 0 0 1 1 0 1 0 1 0 1 5700.0 5005.0 8459.0 4100.0 6404.0 0 0.11166368194210358
1 0 0 1 1 1 0 0 1 0 1 1 0 1 1 1 0 1 0 1 7402.0 3611.0 7385.0 4132.0 6530.0 0 0.11131392072055471
1 0 1 1 1 1 0 0 1 1 0 1 1 1 0 0 0 0 1 1 6313.0 5560.0 5832.0 4906.0 5048.0 0 0.10964792904602448
1 0 0 0 1 1 1 0 1 1 1 0 0 1 1 1 0 1 0 1 6138.0 4412.0 7944.0 3794.0 6899.0 0 0.1093283599143548
1 0 0 0 1 1 1 1 1 0 0 0 1 1 0 0 1 1 0 1 5194.0 5079.0 7174.0 3338.0 6605.0 0 0.10877429368437741
1 1 0 1 1 1 0 0 1 0 0 0 1 1 0 1 1 1 0 1 6014.0 5157.0 7201.0 4044.0 5766.0 0 0.10800401526565753
1 1 0 1 1 1 1 0 1 0 1 0 0 1 0 1 0 1 0 1 6052.0 4128.0 8030.0 3077.0 6504.0 0 0.1068127767440706
1 0 1 0 1 1 0 0 1 1 0 1 1 1 0 1 0 1 0 1 5900.0 5180.0 7102.0 4960.0 5807.0 0 0.10580266377873654
1 1 0 1 1 1 0 0 1 1 0 1 1 0 1 0 0 1 0 1 7071.0 5036.0 6720.0 4331.0 5508.0 0 0.10555006803752384
1 0 0 0 1 1 0 0 1 0 1 1 1 1 1 1 0 1 0 1 7126.0 4213.0 7650.0 5019.0 6669.0 0 0.10528824552223943
1 0 0 1 1 0 0 0 1 1 0 1 1 1 1 1 0 0 1 1 6825.0 4373.0 6007.0 5748.0 5164.0 0 0.10385138885962558
1 0 0 0 1 1 1 0 1 1 0 0 1 1 0 0 1 0 1 1 4915.0 5967.0 5924.0 4410.0 5684.0 0 0.10346631439180808
1 0 0 1 1 1 0 0 1 1 0 1 1 1 1 1 0 1 0 1 7666.0 4899.0 7593.0 5337.0 6171.0 0 0.10178673460408716
1 0 0 1 1 1 0 0 1 1 1 1 0 1 0 0 1 1 0 1 6918.0 4935.0 6463.0 4246.0 6063.0 0 0.10148078105173615
1 1 0 0 1 1 0 0 1 1 0 0 1 1 1 1 1 0 0 1 5393.0 5494.0 6811.0 4838.0 5667.0 0 0.10003726244915478
1 0 0 0 1 1 1 0 1 0 0 1 1 1 1 1 0 1 0 1 6445.0 4454.0 7640.0 4765.0 7138.0 0 0.09788697297784826
1 0 0 1 1 1 0 1 1 1 0 1 1 1 1 1 0 0 0 1 7339.0 4690.0 7869.0 5303.0 5952.0 0 0.09724674787540061
1 0 0 1 1 1 1 0 1 0 1 0 1 1 0 1 0 1 0 1 6679.0 4585.0 8297.0 3896.0 6351.0 0 0.09713214573627306
1 0 0 1 1 1 0 0 1 1 0 1 1 0 0 1 0 1 1 1 7175.0 5206.0 7066.0 5051.0 5365.0 0 0.09569763680650578
1 0 0 1 1 1 0 0 1 1 1 0 1 0 0 0 1 1 0 1 6487.0 5487.0 6692.0 3715.0 5035.0 0 0.09541112629971409
1 0 0 0 1 1 1 0 1 1 0 0 1 1 0 0 1 1 0 1 5120.0 5706.0 6568.0 3911.0 6039.0 0 0.09414508437106248
0 0 0 1 1 1 0 0 1 1 0 1 1 1 1 1 1 0 0 1 6982.0 5012.0 6324.0 5418.0 5615.0 0 0.09403529916409889
1 0 0 0 1 1 0 0 1 1 0 0 1 1 1 0 1 0 1 1 5517.0 5672.0 5486.0 4636.0 5386.0 0 0.09378753862659113
1 0 0 0 1 1 0 0 1 1 1 1 1 1 1 1 0 0 0 1 6725.0 4631.0 7320.0 5558.0 5884.0 0 0.0927803062415235
1 0 0 0 1 1 0 1 1 0 0 1 1 1 1 1 0 1 0 1 6744.0 4123.0 7840.0 4693.0 6721.0 0 0.09230807836792604
1 0 1 1 1 1 0 0 1 1 0 1 1 1 0 0 1 0 0 1 5989.0 5821.0 5846.0 4808.0 5239.0 0 0.0922539562244041
1 0 0 1 1 1 0 0 1 1 0 0 1 0 0 1 1 0 1 1 5805.0 5656.0 6286.0 4484.0 4569.0 0 0.09133965957225759
1 0 0 0 1 1 0 0 1 0 0 1 1 1 1 1 1 1 0 1 6542.0 4854.0 6934.0 5128.0 6776.0 0 0.09121913167080581
1 0 0 1 1 1 1 0 1 0 1 1 0 1 1 1 0 0 0 1 6776.0 3733.0 7461.0 4170.0 6728.0 0 0.09070292736808913
1 1 0 0 1 1 1 0 1 0 0 0 1 1 0 0 1 1 0 1 4814.0 5341.0 6594.0 3449.0 6330.0 0 0.08959766263036825
1 0 0 1 1 1 0 1 1 1 0 0 1 1 1 1 0 1 0 1 7298.0 4859.0 8380.0 4397.0 6122.0 0 0.08932164128499134
1 0 0 1 1 1 1 1 1 0 0 1 0 1 0 1 0 1 0 1 6418.0 3816.0 8013.0 3580.0 6880.0 0 0.088400701039532
1 0 0 1 1 1 0 0 1 1 0 1 1 1 1 1 0 0 1 0 6650.0 4833.0 6000.0 5632.0 4849.0 0 0.0878911017484305
1 0 0 0 1 1 0 0 1 1 0 1 1 1 1 1 1 0 0 1 6141.0 5272.0 6604.0 5667.0 5991.0 0 0.08700731091958551
1 0 1 0 1 1 0 0 1 1 0 1 1 0 0 0 1 1 0 1 5483.0 5786.0 5903.0 4278.0 5474.0 0 0.08696650669215727
1 0 0 0 1 1 1 1 1 0 0 0 1 0 1 1 0 1 0 1 5767.0 4287.0 8182.0 3304.0 6538.0 0 0.0868353643642201
1 0 0 1 1 1 1 0 1 1 0 0 1 0 0 1 1 0 0 1 5384.0 5517.0 7006.0 4023.0 5122.0 0 0.08660788981137221
1 0 0 0 1 1 1 0 1 0 1 0 0 1 1 0 1 1 0 1 5632.0 4486.0 6659.0 3032.0 7100.0 0 0.08619937200024788
1 0 0 1 1 1 0 0 1 0 0 1 1 1 1 0 0 1 1 1 7484.0 4712.0 6294.0 4673.0 6181.0 0 0.08589501157871363
1 0 0 0 1 1 1 0 1 0 0 1 1 1 0 0 1 1 0 1 5562.0 5119.0 6387.0 4278.0 6654.0 0 0.08577358209340773
1 1 0 0 1 1 0 0 1 1 0 0 1 1 0 0 1 1 0 1 5039.0 5637.0 6188.0 3950.0 5347.0 0 0.08568009163625712
1 0 0 0 1 1 1 1 1 0 0 0 1 0 0 1 1 1 0 1 5262.0 4982.0 7914.0 3441.0 6474.0 0 0.08417470751759094
1 0 0 1 1 1 1 1 1 0 0 1 0 1 1 0 0 1 0 1 6816.0 3854.0 7327.0 3282.0 7162.0 0 0.08407730701584047
1 0 0 1 1 0 0 0 1 1 0 1 1 1 0 1 0 1 1 1 6849.0 4546.0 6369.0 5484.0 5264.0 0 0.08315468932330536
1 1 0 1 1 1 0 0 1 1 0 0 1 1 0 1 1 0 0 1 5613.0 5575.0 6871.0 4583.0 4981.0 0 0.08270748868105517
1 0 1 0 1 1 1 0 1 1 0 0 0 1 0 0 1 1 0 1 4406.0 5453.0 6111.0 2973.0 6238.0 0 0.08242763288040883
1 0 0 0 1 1 1 0 1 1 0 1 0 1 0 0 1 0 1 1 5036.0 5288.0 5450.0 4420.0 6161.0 0 0.08221726223259901
0 0 0 1 1 1 1 0 1 0 0 1 1 1 1 1 0 1 0 1 7286.0 4194.0 7360.0 4516.0 6762.0 0 0.08200528714403893
1 0 0 1 1 1 0 0 1 1 0 1 1 1 1 0 0 0 1 1 7083.0 5130.0 5964.0 5212.0 5396.0 0 0.08170090834232936
1 0 0 0 1 1 0 0 1 1 0 1 1 0 0 1 1 0 1 1 5650.0 5579.0 6077.0 5381.0 5185.0 0 0.08115329209777979
1 1 0 0 1 1 0 0 1 0 0 1 1 1 1 1 0 1 0 1 6364.0 4385.0 7260.0 4804.0 6446.0 0 0.08062267792768116
1 0 0 1 1 1 1 0 1 0 1 1 0 1 0 1 0 1 0 1 6800.0 3906.0 7823.0 3906.0 6828.0 0 0.07957024686730432
1 1 0 0 1 1 1 1 1 1 0 0 0 1 0 1 0 1 0 1 5073.0 4548.0 8192.0 3281.0 6557.0 0 0.07826837164779397
1 1 0 1 1 1 0 0 1 1 0 1 1 1 0 0 1 0 0 1 6076.0 5617.0 6036.0 4927.0 5193.0 0 0.07741925125859495
0 0 0 1 1 1 0 0 1 1 0 1 1 1 1 1 0 0 1 1 7306.0 4751.0 6310.0 5516.0 5424.0 0 0.07574459035943223
1 1 0 1 1 1 1 0 1 1 0 0 0 1 0 0 1 1 0 1 5489.0 5398.0 6660.0 3163.0 6208.0 0 0.07561409061647219
1 0 0 0 1 1 1 0 1 1 0 0 0 1 0 0 1 1 1 1 4995.0 5457.0 5961.0 3514.0 6331.0 0 0.07505616585286388
1 1 0 1 1 1 1 0 1 0 0 0 1 1 0 1 0 1 0 1 5917.0 4757.0 7907.0 3681.0 6128.0 0 0.07328916179392646
1 0 0 1 1 1 1 1 1 1 0 1 0 0 1 1 0 0 0 1 6483.0 4175.0 7737.0 3924.0 6246.0 0 0.07323036788297937
1 0 0 1 1 1 0 1 1 1 0 1 1 1 0 1 0 1 0 1 7363.0 4863.0 8231.0 5039.0 6052.0 0 0.07304787295693614
1 0 0 1 1 1 1 0 1 0 0 0 1 1 1 1 0 1 0 1 6600.0 4531.0 7849.0 3868.0 6522.0 0 0.07264656051699558
1 0 0 0 1 1 0 0 1 1 0 1 1 1 0 1 1 1 0 1 6165.0 5445.0 6966.0 5403.0 6091.0 0 0.07233593448760828
1 0 0 1 0 1 0 1 1 0 0 1 1 1 1 1 0 1 0 1 7461.0 3911.0 7532.0 4499.0 6185.0 0 0.07170289914168675
0 0 0 1 1 1 0 0 1 1 0 1 1 1 0 1 1 1 0 1 7006.0 5185.0 6686.0 5154.0 5715.0 0 0.07052837240203735
1 1 0 0 1 1 1 1 1 1 0 0 1 1 0 1 0 0 0 1 4993.0 5058.0 8155.0 4177.0 5910.0 0 0.07020165948863652
1 1 0 0 1 1 1 0 1 1 0 0 1 1 1 1 0 0 0 1 5296.0 5094.0 7517.0 4475.0 6029.0 0 0.07011871609595882
1 0 0 1 1 1 1 0 1 1 0 0 1 0 0 1 0 0 1 1 5708.0 5256.0 6992.0 4121.0 4931.0 0 0.06901052341989179
1 0 0 0 1 1 1 0 1 1 0 1 0 1 0 1 0 1 1 1 5943.0 4796.0 7065.0 4643.0 6745.0 0 0.06811160782842718
1 1 0 0 1 1 0 0 1 1 0 0 1 0 0 1 1 0 1 1 4902.0 5801.0 6284.0 4552.0 4861.0 0 0.06670672749099131
1 0 0 1 1 1 0 0 1 1 0 1 1 1 1 0 1 0 0 1 6759.0 5391.0 5978.0 5114.0 5587.0 0 0.06653941074959652
1 1 0 0 1 1 0 1 1 1 0 0 1 1 0 1 0 1 0 1 5619.0 4936.0 8079.0 4139.0 5712.0 0 0.06642014694161215
1 1 0 1 1 1 0 0 1 1 0 1 1 0 0 1 0 0 1 1 6468.0 5259.0 6762.0 5128.0 4871.0 0 0.06609785201729391
1 0 0 1 1 1 1 0 1 1 0 1 1 0 0 1 0 1 0 1 6754.0 5067.0 7786.0 4590.0 5918.0 0 0.06483969356349983
1 1 0 0 1 1 0 0 1 1 0 1 1 1 0 1 0 0 1 1 5782.0 5237.0 6648.0 5578.0 5406.0 0 0.06451167300066996
