1 1 0 0 1 1 1 1 1 0 0 0 1 1 1 1 0 1 1 1 1 1 0 1 1 0 1 0 0 1 0 1 1 1 1 0 1 1 1 1 16763.0 12723.0 15881.0 17372.0 0 1000000000000000.1
1 1 0 0 1 1 1 1 1 0 0 0 0 1 1 1 0 1 1 1 1 0 0 1 1 0 1 0 1 1 0 1 1 1 1 0 1 1 1 1 16063.0 13270.0 15293.0 17132.0 0 0.2041461211744735
1 1 0 0 1 1 1 1 1 0 0 0 0 1 1 1 0 1 1 1 1 0 0 1 1 0 1 0 1 1 1 1 1 0 1 0 1 1 1 1 16027.0 13669.0 15281.0 16892.0 0 0.22769697069080652
1 1 0 0 1 1 1 1 1 0 0 1 1 1 1 1 0 1 1 1 1 0 0 1 0 0 1 1 1 1 0 1 1 0 1 0 1 1 1 1 15720.0 13268.0 15544.0 16818.0 0 0.0644487763348118
0 1 0 1 1 0 1 1 1 0 0 0 1 1 1 1 0 1 1 1 1 0 0 1 1 0 1 0 1 1 1 1 1 0 1 0 1 1 1 1 15398.0 13673.0 15647.0 16741.0 0 0.18594056238991497
0 1 0 1 1 1 1 1 0 0 0 1 0 1 1 1 0 1 1 1 1 1 0 1 1 0 1 0 0 1 0 1 1 1 1 0 1 1 1 1 16524.0 12373.0 16216.0 16649.0 0 0.13396648278697437
1 1 0 0 1 0 1 1 1 0 0 1 1 1 1 1 0 1 1 1 1 1 0 1 1 0 1 0 0 1 0 1 1 1 1 0 1 1 1 1 16685.0 12273.0 16251.0 16585.0 0 0.19627256090434947
1 1 0 0 1 1 1 1 1 0 0 1 1 1 1 1 0 1 1 1 1 1 0 1 0 0 1 0 1 1 0 0 1 1 1 0 1 1 1 1 16841.0 12466.0 15880.0 16468.0 0 0.14594422951027647
1 1 0 1 1 0 1 1 1 0 1 0 1 1 1 1 0 1 1 1 1 0 0 1 0 0 1 0 0 1 0 1 1 1 1 0 1 1 1 1 15750.0 12338.0 16264.0 16224.0 0 0.11183653816485742
0 1 0 1 1 1 1 1 0 0 1 0 1 1 1 1 0 1 0 1 1 0 0 1 1 0 1 0 1 1 0 1 1 0 1 0 1 1 1 1 15154.0 13120.0 16196.0 16189.0 0 0.17192079609705915
1 1 0 1 1 1 1 1 0 0 0 0 1 1 1 1 0 1 0 1 1 0 0 1 1 0 1 0 1 1 0 1 1 0 1 0 1 1 1 1 15235.0 13220.0 15961.0 16144.0 0 0.09290134640241346
0 1 0 0 1 1 1 1 1 0 0 1 1 1 1 1 0 1 0 0 1 1 0 1 1 0 1 0 1 1 1 1 1 0 1 0 1 1 1 1 16127.0 13406.0 15561.0 16126.0 0 0.09101118232264799
1 1 0 1 1 0 1 1 1 0 0 1 0 1 1 1 0 1 1 1 1 0 1 1 0 0 1 0 0 1 0 1 1 1 1 0 1 1 1 1 15315.0 12341.0 16289.0 16108.0 0 0.08725996533609669
1 1 0 1 1 0 1 1 1 0 0 0 1 1 1 1 0 1 0 1 1 0 0 1 1 0 1 0 1 1 0 1 1 0 1 0 1 1 1 1 14599.0 13380.0 15926.0 16002.0 0 0.1785716993140385
1 1 0 1 1 0 1 1 1 0 1 0 1 1 1 1 0 1 1 1 1 0 0 1 0 0 1 0 0 1 1 1 1 0 1 0 1 1 1 1 15714.0 12737.0 16252.0 15984.0 0 0.04968020916279664
1 1 0 0 1 1 1 1 0 0 1 1 1 1 1 1 0 1 0 1 1 0 0 1 1 0 1 0 1 1 0 1 1 0 1 0 1 1 1 1 16190.0 12890.0 16493.0 15923.0 0 0.10893452683523838
1 1 0 1 1 0 1 1 1 0 1 1 0 1 1 1 0 1 1 0 1 0 0 1 1 0 1 0 0 1 0 1 1 0 1 0 1 1 1 1 15703.0 13070.0 16430.0 15887.0 0 0.1121232256977209
1 1 0 1 1 0 1 1 1 0 1 1 1 1 1 1 0 1 1 0 1 0 0 1 0 0 1 0 0 1 0 1 1 1 1 0 1 1 1 1 16285.0 12487.0 16391.0 15826.0 0 0.12132181534858583
1 1 0 0 0 1 1 1 1 0 0 1 0 1 1 1 0 1 0 1 1 0 0 1 1 0 1 0 1 1 1 1 1 0 1 0 1 1 1 1 15412.0 13083.0 15589.0 15771.0 0 0.1487465714387959
1 1 0 1 1 0 1 1 1 0 1 0 1 1 1 1 0 1 1 1 1 0 1 1 0 0 1 0 0 1 0 0 1 0 1 0 1 1 1 1 14633.0 12159.0 16537.0 15761.0 0 0.1342726701839875
1 1 0 1 1 0 1 1 0 0 0 0 1 1 1 1 0 1 0 1 1 0 0 1 1 0 1 1 1 1 0 1 1 0 1 0 1 1 1 1 14608.0 13229.0 16497.0 15686.0 0 0.057448697574853866
1 1 0 0 1 1 1 1 1 0 0 1 1 1 0 1 1 1 1 0 1 0 0 1 1 0 1 0 0 1 0 1 1 0 1 0 1 1 1 1 16216.0 13109.0 14914.0 15652.0 0 0.22021804117733415
1 1 0 0 1 1 1 1 0 0 1 1 1 1 1 1 1 1 1 0 1 0 0 1 0 0 1 0 0 1 0 1 1 1 1 0 1 1 1 1 16999.0 11987.0 16006.0 15615.0 0 1000000000000000.0
1 1 0 0 1 1 1 1 1 0 0 1 1 1 1 1 0 1 0 0 1 1 0 1 0 0 1 0 1 1 1 1 1 0 1 0 1 1 1 1 16143.0 12918.0 15502.0 15561.0 0 0.09734958157031198
1 1 0 1 1 0 1 1 0 0 1 0 1 1 1 1 0 1 0 1 1 0 0 1 1 0 1 0 1 1 0 1 1 0 1 0 1 1 1 1 15183.0 12928.0 16777.0 15559.0 0 0.03195327161636726
0 1 0 1 1 0 1 1 1 0 0 1 0 1 1 1 0 1 0 1 1 0 0 1 1 0 1 0 1 1 1 1 1 0 1 0 1 1 1 1 14883.0 13490.0 15868.0 15552.0 0 0.163640441596476
1 1 0 0 1 1 1 1 1 0 0 1 1 1 0 0 1 1 0 1 1 0 0 1 1 0 1 0 1 1 0 1 1 0 1 0 1 1 1 1 15291.0 13823.0 15310.0 15492.0 0 0.1548496139238114
1 1 0 1 1 0 1 1 1 0 1 1 1 1 1 1 0 1 0 1 1 0 0 1 0 0 1 0 0 1 0 1 1 1 1 0 1 1 1 1 15720.0 12379.0 16778.0 15405.0 0 0.051495970477811036
1 1 0 1 1 0 1 0 1 0 1 0 1 1 1 1 0 1 0 1 1 0 0 1 1 0 1 0 1 1 0 1 1 0 1 0 1 1 1 1 14371.0 13568.0 16031.0 15395.0 0 0.14643736741644173
1 1 0 0 1 1 1 1 1 0 0 1 1 1 0 1 1 1 1 0 1 0 0 1 1 0 1 0 0 1 0 0 1 1 1 0 1 1 1 1 16847.0 12931.0 15339.0 15367.0 0 0.1211709505960648
1 1 0 1 1 0 1 1 1 0 1 0 1 1 1 1 0 1 0 1 1 0 1 1 0 0 1 0 1 1 0 0 1 0 1 0 1 1 1 1 14329.0 12806.0 16833.0 15336.0 0 1000000000000000.0
1 1 0 1 1 0 1 1 1 0 1 0 1 1 1 1 0 1 0 1 1 0 1 1 0 0 1 0 0 1 0 0 1 1 1 0 1 1 1 1 14791.0 12139.0 16989.0 15233.0 0 0.235643866549873
1 1 0 1 1 0 1 1 1 0 1 1 1 1 1 1 0 1 1 0 1 1 0 1 0 0 1 0 0 1 0 0 1 0 1 0 1 1 1 1 15757.0 12012.0 16497.0 15197.0 0 0.11484928836591159
1 1 0 1 1 0 1 1 0 0 0 1 1 1 1 1 1 1 1 0 1 0 0 1 1 0 1 0 0 1 0 0 1 1 1 0 1 1 1 1 16500.0 12496.0 16601.0 15195.0 0 0.0849435954487098
1 1 0 1 1 0 1 1 1 0 1 0 1 1 1 1 0 1 0 1 0 1 0 1 1 0 1 0 0 1 0 1 1 0 1 0 1 1 1 1 15174.0 12615.0 16832.0 15169.0 0 0.10653715402090036
1 1 0 1 1 0 1 1 1 0 1 1 1 1 1 1 0 1 0 1 1 0 0 1 0 0 1 0 0 1 1 1 1 0 1 0 1 1 1 1 15684.0 12778.0 16766.0 15165.0 0 0.04415225478747979
1 1 0 1 1 0 1 1 1 0 1 0 0 1 1 1 0 1 0 1 1 1 0 1 1 0 1 0 0 1 0 0 1 0 1 0 1 1 1 1 14798.0 12426.0 16861.0 15128.0 0 0.09766175296107926
1 1 0 0 1 1 1 1 1 0 0 1 1 1 0 1 1 1 1 0 1 0 0 1 1 0 1 0 0 1 0 1 1 1 1 0 1 0 1 1 16451.0 13130.0 14394.0 15125.0 0 0.22403704929459736
1 1 0 1 1 0 1 1 0 0 1 1 0 1 1 1 0 1 1 1 1 0 0 1 0 0 1 0 1 1 0 0 1 1 1 0 1 1 1 1 15992.0 11993.0 16645.0 15027.0 0 0.1224093204046962
1 1 0 1 1 0 1 1 1 0 1 1 1 1 1 1 0 1 0 1 0 0 0 1 1 0 1 0 0 1 0 1 1 0 1 0 1 1 1 1 15233.0 12780.0 16755.0 14905.0 0 0.09175421447124289
1 1 0 1 1 0 1 1 1 0 1 1 1 1 1 1 0 1 0 0 1 0 0 1 1 0 1 0 0 1 0 1 1 1 1 0 1 0 1 1 15669.0 13102.0 16197.0 14885.0 0 0.1380353517463545
1 1 0 0 1 1 1 1 1 0 0 1 1 1 0 1 1 1 1 0 1 0 0 1 1 0 1 0 0 1 1 1 0 0 1 0 1 1 1 1 16443.0 13244.0 14440.0 14816.0 0 0.11630218216843183
1 1 0 1 1 0 1 1 0 0 1 1 1 1 1 1 0 1 1 1 1 1 0 1 0 0 1 0 1 1 0 0 0 1 1 0 1 1 1 1 16493.0 11849.0 16615.0 14774.0 0 0.10760273182337511
1 1 0 1 1 0 1 1 0 0 1 1 1 1 1 1 0 1 0 1 1 0 1 1 0 0 1 0 1 1 0 0 1 0 1 0 1 1 1 1 14887.0 12196.0 17238.0 14691.0 0 0.18773430464382826
1 1 0 1 1 0 1 1 0 0 1 1 1 1 1 1 0 1 1 0 1 1 0 1 0 0 1 0 0 1 1 0 1 0 1 0 1 1 1 1 16467.0 11740.0 16828.0 14603.0 0 0.16741452930785583
1 1 0 1 1 0 1 1 0 0 1 1 1 1 1 1 0 1 0 1 1 0 1 1 0 0 1 0 0 1 0 0 1 1 1 0 1 1 1 1 15349.0 11529.0 17394.0 14588.0 0 0.2506059769789534
1 1 0 1 1 0 1 1 0 0 1 1 1 1 1 1 0 1 0 1 0 1 0 1 1 0 1 0 0 1 0 1 1 0 1 0 1 1 1 1 15732.0 12005.0 17237.0 14524.0 0 0.10967060381355888
1 1 0 1 1 0 1 1 0 0 1 1 0 1 1 1 0 1 0 1 1 0 0 1 0 0 1 0 0 1 1 1 1 1 1 0 1 1 1 1 15945.0 11883.0 16816.0 14441.0 0 0.12917258642810417
1 1 0 0 1 1 1 1 1 0 1 1 1 1 0 1 1 1 1 0 1 0 0 1 0 0 1 0 0 1 1 1 1 0 1 0 1 0 1 1 16350.0 12941.0 14558.0 14365.0 0 0.25705912147833576
1 1 0 1 1 0 1 1 0 0 1 1 1 1 1 1 0 1 0 1 1 0 0 1 1 0 1 0 0 0 1 1 1 0 1 0 1 1 1 1 15892.0 12417.0 17240.0 14280.0 0 0.2355892487783537
1 1 0 1 1 0 1 1 1 0 0 0 1 1 0 0 1 1 1 0 1 0 0 1 1 0 1 0 1 1 1 1 0 0 1 0 1 0 1 1 14399.0 13932.0 13755.0 13869.0 0 1000000000000000.6
1 1 0 0 1 1 1 1 1 0 0 1 1 1 0 1 1 1 1 0 1 0 0 0 1 0 1 0 1 1 1 1 0 0 1 0 1 0 1 1 15332.0 13878.0 12953.0 13541.0 0 1000000000000000.1
1 1 0 1 1 0 1 1 0 0 1 1 1 1 1 1 0 1 0 1 0 1 0 1 1 0 1 0 0 0 0 0 1 1 1 0 1 1 1 1 15922.0 11330.0 17461.0 13277.0 0 3000000000000000.0
1 1 0 0 1 1 1 1 1 0 0 1 1 1 0 0 1 1 1 0 1 0 0 0 1 0 1 0 1 1 1 1 0 0 1 0 1 0 1 1 14522.0 13840.0 12660.0 13382.0 1 2000000000000000.0
1 1 0 1 1 0 1 1 0 0 1 1 0 0 1 1 0 1 0 1 1 1 0 1 1 0 1 0 0 0 0 1 1 1 1 0 1 1 1 1 15441.0 11395.0 17205.0 13448.0 1 1000000000000000.2
1 1 0 1 1 0 1 1 0 0 1 1 0 0 0 1 0 1 0 1 1 1 0 1 1 0 1 0 0 1 1 1 0 1 1 0 1 1 1 1 16007.0 11890.0 16359.0 12737.0 1 1000000000000000.1
1 1 0 0 1 1 1 1 1 0 0 0 1 1 1 1 0 1 1 1 1 1 0 1 1 0 1 0 0 1 0 1 1 1 1 0 0 1 1 1 16049.0 11826.0 15273.0 17242.0 1 1000000000000000.0
1 1 0 0 1 1 1 1 0 0 1 1 1 1 0 1 1 1 1 0 1 0 0 1 0 0 1 0 0 1 0 1 1 1 1 0 1 1 1 1 16897.0 11850.0 15433.0 14778.0 1 1000000000000000.0
1 1 0 1 1 0 1 0 1 0 1 0 1 1 1 1 0 1 0 1 1 0 0 0 1 0 1 0 1 1 0 1 1 0 1 0 1 1 1 1 13487.0 13514.0 15220.0 14544.0 1 1000000000000000.0
1 1 0 1 1 0 1 1 0 0 1 1 1 1 1 1 0 1 0 1 0 1 0 1 1 0 1 0 0 1 0 0 1 1 1 0 0 1 1 1 15649.0 10930.0 17054.0 14109.0 1 1000000000000000.0
1 1 0 1 1 0 1 1 1 0 1 0 0 1 1 1 0 1 1 0 1 0 0 0 1 0 1 0 1 1 1 1 0 0 1 0 1 0 1 1 14095.0 13585.0 13949.0 13750.0 1 0.2959094556969547
1 1 0 1 1 0 1 1 0 0 1 1 1 1 1 1 0 1 0 1 0 1 0 1 0 0 1 0 0 1 0 1 1 1 1 0 1 1 1 1 15829.0 11198.0 16905.0 14093.0 1 0.2838235282775891
0 1 0 1 1 1 1 0 1 0 0 0 0 1 1 1 0 1 1 0 1 0 0 0 1 0 1 0 1 1 1 1 1 0 1 0 1 1 1 1 13664.0 13770.0 13439.0 15074.0 1 0.2669164743889221
1 1 0 1 1 0 1 1 1 0 1 0 1 1 1 1 0 1 0 1 1 0 1 1 0 0 1 0 0 1 0 1 1 0 1 0 1 1 1 1 14160.0 12317.0 16564.0 15518.0 1 0.2601558770467347
1 1 0 0 1 1 1 1 1 0 0 0 1 1 0 0 1 1 1 0 1 0 0 1 1 0 1 0 1 1 1 1 0 0 1 0 1 0 1 1 14682.0 13640.0 12951.0 14207.0 1 0.23377813181484455
1 1 0 1 1 0 1 1 0 0 1 1 0 0 1 1 0 1 0 1 1 1 0 1 1 0 1 0 0 0 1 1 1 0 1 0 1 1 1 1 15405.0 11794.0 17193.0 13208.0 1 0.2249986554211825
1 1 0 0 1 1 1 1 0 0 0 1 1 1 1 1 0 1 1 1 1 0 0 1 1 0 1 0 0 1 0 0 1 1 1 0 1 1 1 1 16375.0 11653.0 15656.0 15835.0 1 0.20556550302184798
1 1 0 1 1 0 1 1 1 0 1 0 0 1 1 1 0 1 1 0 1 0 0 1 1 0 1 0 0 1 0 0 1 1 1 0 1 1 1 1 15610.0 12638.0 16335.0 15576.0 1 0.19742077427495472
1 1 0 0 1 1 1 1 1 0 0 1 1 1 0 1 1 1 1 1 1 0 0 1 0 0 1 1 1 1 0 1 1 0 1 0 1 0 0 1 15327.0 13308.0 13541.0 15210.0 1 0.19505633668677072
1 1 0 0 1 1 1 1 1 0 0 1 1 1 0 1 0 1 0 1 1 0 1 1 1 0 1 0 0 1 0 0 1 1 1 0 1 1 1 1 15761.0 12552.0 15956.0 15280.0 1 0.193364717035806
0 1 0 0 1 1 1 1 0 1 0 1 1 1 0 1 1 1 1 1 1 1 0 1 1 0 1 0 0 0 0 0 1 1 1 0 1 1 0 1 16887.0 11504.0 14501.0 14989.0 1 0.1826396378981522
1 1 0 0 1 1 1 1 1 0 0 0 0 1 1 1 0 1 1 1 1 1 0 1 1 0 1 0 0 1 0 1 1 1 1 0 1 1 1 1 16278.0 12499.0 15588.0 17002.0 1 0.1798767652827526
1 1 0 1 1 0 1 1 0 0 0 0 0 1 1 1 0 1 1 1 1 1 0 1 1 0 1 0 0 1 1 1 0 1 1 0 1 1 1 1 16056.0 12062.0 15803.0 15157.0 1 0.17920888888180503
0 1 0 1 1 1 1 1 1 0 0 0 0 1 1 1 0 1 1 0 1 0 0 0 1 0 1 0 1 1 1 1 0 0 1 0 1 1 1 1 13993.0 13537.0 13380.0 14996.0 1 0.1787540465325424
0 1 0 0 1 1 1 1 1 0 1 0 0 1 1 1 0 1 0 0 1 0 0 1 1 0 1 1 1 1 0 1 1 0 1 0 1 1 1 1 14302.0 13372.0 15357.0 15946.0 1 0.1773920722488427
1 1 0 1 1 0 1 1 0 0 0 1 1 1 0 1 1 1 1 1 1 1 0 1 1 0 1 0 0 0 0 0 1 1 1 0 1 1 0 1 16600.0 11749.0 15831.0 14061.0 1 0.1757177828765452
1 1 0 0 1 1 1 1 1 0 0 0 1 1 1 1 0 1 1 1 1 0 0 1 0 0 1 1 1 1 0 1 1 0 1 0 1 1 1 1 14996.0 13014.0 15024.0 16792.0 1 0.17014836800570615
1 1 0 1 1 0 1 0 1 0 1 0 1 1 1 1 0 1 0 1 1 0 0 1 1 0 1 0 1 0 0 1 1 0 1 0 1 1 1 1 13930.0 13071.0 15830.0 14433.0 1 0.16145478605347857
1 1 0 0 1 1 1 1 1 0 0 0 1 1 1 1 0 1 0 1 1 0 0 1 1 0 1 0 1 1 0 1 1 0 1 1 1 1 1 1 15115.0 13172.0 15247.0 16554.0 1 0.1600000352900388
1 1 0 1 1 0 1 1 1 0 1 0 1 0 1 1 0 1 0 1 1 0 0 1 0 0 1 0 1 1 1 1 1 0 1 0 1 1 1 1 14743.0 12896.0 16197.0 14567.0 1 0.15446183557759413
0 1 0 1 1 0 1 1 1 0 0 0 0 1 1 1 0 1 1 1 1 0 0 1 1 0 1 0 1 1 1 1 1 0 1 0 1 1 1 1 14913.0 13449.0 15354.0 16371.0 1 0.14954676514317206
1 1 0 0 1 1 1 1 1 0 0 0 0 1 1 1 0 1 1 1 1 1 0 1 1 0 1 0 0 1 1 1 0 1 1 0 1 1 1 1 16505.0 12634.0 15114.0 16166.0 1 0.1471520646910381
1 1 0 1 1 0 1 1 1 0 1 1 0 1 1 1 0 1 1 1 1 0 0 1 0 0 1 0 0 1 0 1 1 1 1 0 1 1 1 1 15989.0 12368.0 16491.0 15880.0 1 0.14395347250978346
1 1 0 0 1 1 1 1 1 0 0 0 0 1 1 1 0 1 1 1 1 0 0 1 1 0 1 0 1 1 0 1 1 1 1 0 1 1 0 1 15852.0 12963.0 14307.0 17083.0 1 0.1398309664617614
1 1 0 0 1 1 1 1 1 0 0 0 0 1 1 1 0 1 1 1 1 0 0 1 1 0 1 0 1 1 1 1 1 0 1 0 0 1 1 1 15313.0 12772.0 14673.0 16762.0 1 0.1393252791416385
1 1 0 0 1 1 1 1 1 0 0 0 0 1 1 1 0 1 1 1 1 0 0 1 1 0 0 0 1 1 0 1 1 1 1 0 1 1 1 1 15234.0 12984.0 14399.0 16156.0 1 0.1380303846107931
1 1 0 1 1 0 1 1 0 0 1 1 0 1 1 1 0 1 0 1 1 0 0 1 0 0 1 0 1 1 1 1 1 0 1 0 1 1 1 1 15483.0 12550.0 16660.0 14544.0 1 0.13725319591114488
0 1 0 0 1 1 1 1 1 0 0 1 1 1 1 1 0 1 0 0 1 1 0 1 1 0 1 0 1 1 1 1 1 0 1 0 1 1 0 1 15916.0 13099.0 14575.0 16077.0 1 0.13692297975044534
0 1 0 1 1 1 1 1 0 0 0 1 0 1 1 1 0 1 1 1 1 1 0 1 1 0 1 0 0 1 0 0 1 1 1 0 1 1 1 1 16243.0 12002.0 16183.0 16047.0 1 0.13604615586577345
1 1 0 0 1 1 1 1 0 0 0 1 1 1 0 0 1 1 1 0 1 0 0 1 1 0 1 0 0 1 1 1 1 0 1 0 1 1 1 1 16116.0 12799.0 14952.0 14899.0 1 0.13205669543648088
1 1 0 0 1 1 1 1 1 0 0 1 1 1 1 0 0 1 1 1 1 0 0 1 0 0 1 1 1 1 0 1 1 0 1 0 1 1 1 1 14910.0 13230.0 15251.0 16659.0 1 0.13080307134912098
1 1 0 1 1 0 1 1 1 0 1 0 1 1 1 1 0 1 0 1 0 1 0 1 1 0 1 0 0 0 0 0 1 1 1 0 1 1 1 1 15364.0 11940.0 17056.0 13922.0 1 0.12837333747270926
0 1 0 1 1 0 1 1 1 0 0 1 1 1 1 1 0 1 1 1 1 0 0 1 0 0 1 1 1 1 0 1 1 0 1 0 1 1 1 1 14606.0 13048.0 15617.0 16297.0 1 0.12697494058057093
1 1 0 0 1 1 1 1 0 0 0 1 1 1 0 1 1 1 1 0 1 0 0 1 1 0 1 0 0 1 1 1 1 0 1 0 1 1 0 1 16715.0 12530.0 14259.0 15009.0 1 0.12341582301500408
1 1 0 1 1 0 1 1 1 0 1 0 0 1 1 1 0 1 0 1 1 0 0 1 1 0 1 0 1 1 1 1 0 0 1 0 1 0 1 1 14414.0 13531.0 15147.0 14180.0 1 0.11749584843742544
1 1 0 1 1 0 1 1 0 0 0 1 1 1 0 1 1 1 1 0 1 0 0 1 1 0 1 0 0 1 0 0 1 1 1 0 1 1 1 1 16398.0 12359.0 16028.0 14358.0 1 0.11663702938869988
1 1 0 0 1 1 1 1 1 0 0 1 1 1 0 1 1 1 1 0 1 0 0 1 1 0 1 0 1 1 1 1 0 0 1 0 1 0 0 1 16005.0 13625.0 12778.0 14343.0 1 0.11639623765934937
1 1 0 0 1 1 1 1 1 0 0 0 1 1 1 1 0 1 0 1 1 1 0 1 1 0 1 0 1 1 0 1 1 0 1 0 1 1 0 1 15336.0 12870.0 14733.0 16581.0 1 0.11547528615623971
1 1 0 0 1 1 1 1 1 0 1 1 1 1 0 1 1 1 1 0 1 0 0 1 0 0 1 0 0 1 0 0 1 1 1 0 1 1 1 1 16782.0 12343.0 15515.0 14847.0 1 0.11131387608947994
1 1 0 0 1 1 1 1 1 0 0 1 1 1 0 1 1 1 1 0 0 0 0 1 1 0 1 0 0 1 1 1 0 0 1 0 1 1 1 1 16053.0 12838.0 14085.0 13885.0 1 0.10475914189408503
