1 1 0 0 1 1 1 1 1 0 0 0 1 1 1 1 0 1 1 1 1 1 0 1 1 0 1 0 0 1 0 1 1 1 1 0 1 1 1 1 16763.0 12723.0 15881.0 17372.0 0 1000000000000000.1
1 1 0 0 1 1 1 1 1 0 0 1 1 1 1 1 0 1 1 1 1 0 0 1 1 0 1 0 1 1 0 1 1 0 1 0 1 1 1 1 16360.0 13555.0 15648.0 17211.0 0 0.12267164260972246
1 1 0 0 1 1 1 1 1 0 0 1 1 1 1 1 0 1 1 1 1 0 0 1 1 0 1 0 0 1 0 1 1 1 1 0 1 1 1 1 16822.0 12888.0 15804.0 17108.0 0 0.12968989708994483
1 1 0 0 1 1 1 1 1 0 0 0 0 1 1 1 0 1 1 1 1 0 0 1 1 0 1 0 1 1 1 1 1 0 1 0 1 1 1 1 16027.0 13669.0 15281.0 16892.0 0 0.1396267689210745
1 1 0 0 1 1 1 1 1 0 0 1 1 1 1 1 0 1 1 1 1 0 0 1 1 0 1 0 0 1 1 1 1 0 1 0 1 1 1 1 16786.0 13287.0 15792.0 16868.0 0 0.12520099638661264
1 1 0 1 1 0 1 1 1 0 0 1 1 1 1 1 0 1 1 1 1 1 0 1 1 0 1 0 0 1 0 1 1 0 1 0 1 1 1 1 16292.0 13076.0 16747.0 16743.0 0 0.13195270340829554
0 1 0 1 1 0 1 1 1 0 0 0 1 1 1 1 0 1 1 1 1 0 0 1 1 0 1 0 1 1 1 1 1 0 1 0 1 1 1 1 15398.0 13673.0 15647.0 16741.0 0 0.09204507858914085
1 1 0 0 1 1 1 1 1 0 0 1 1 1 1 1 0 1 0 1 1 1 0 1 1 0 1 0 1 1 0 1 1 0 1 0 1 1 1 1 16271.0 13431.0 16239.0 16656.0 0 0.1677767433309758
0 1 0 1 1 1 1 1 0 0 0 1 0 1 1 1 0 1 1 1 1 1 0 1 1 0 1 0 0 1 0 1 1 1 1 0 1 1 1 1 16524.0 12373.0 16216.0 16649.0 0 0.043680177016780425
1 1 0 0 1 1 1 1 1 0 0 1 1 1 1 1 0 1 1 1 1 1 0 1 0 0 1 0 0 1 1 1 1 1 1 0 0 1 1 1 16834.0 11672.0 15449.0 16597.0 0 0.15692947058228596
1 1 0 0 1 0 1 1 1 0 0 1 1 1 1 1 0 1 1 1 1 1 0 1 1 0 1 0 0 1 0 1 1 1 1 0 1 1 1 1 16685.0 12273.0 16251.0 16585.0 0 0.08816191113277434
1 1 1 0 1 1 1 1 1 0 0 0 1 1 1 1 0 1 0 1 1 0 0 1 1 0 1 0 1 1 0 1 1 0 1 0 1 1 1 1 14918.0 13690.0 15135.0 16581.0 0 0.2943090461637552
1 1 0 0 1 1 1 1 1 0 1 0 1 1 1 1 0 1 0 1 1 0 0 1 1 0 1 0 1 1 0 1 1 0 1 0 1 1 1 1 15632.0 13500.0 16088.0 16568.0 0 0.11043147043941026
1 1 0 0 1 1 1 1 1 0 0 1 1 1 1 1 0 1 1 1 1 1 0 1 0 0 1 0 1 1 0 0 1 1 1 0 1 1 1 1 16841.0 12466.0 15880.0 16468.0 0 0.06034328803137404
1 1 0 0 1 1 1 1 0 0 0 1 1 1 1 1 0 1 1 1 1 1 0 1 0 0 1 0 1 1 0 1 1 1 1 0 1 1 1 1 16956.0 11973.0 15798.0 16399.0 0 0.0783534950608133
1 1 0 1 1 0 1 1 0 0 0 0 1 1 1 1 0 1 1 1 1 1 0 1 1 0 1 0 0 1 0 1 1 1 1 0 1 1 1 1 16314.0 12151.0 16570.0 16363.0 0 0.07283490267849087
1 1 0 0 1 1 1 1 1 0 0 0 1 1 1 0 1 1 1 1 1 0 0 1 1 0 1 0 1 1 0 1 1 0 1 0 1 0 1 1 14746.0 13747.0 14391.0 16304.0 0 0.3959213593524247
1 1 0 0 1 1 1 1 1 0 0 1 1 1 1 1 0 1 1 0 1 1 0 1 0 0 1 0 0 1 1 1 1 1 1 0 1 1 1 1 17359.0 12464.0 15664.0 16303.0 0 0.11623341395496607
1 1 0 1 1 0 1 1 1 0 0 1 1 1 1 1 0 1 1 1 1 1 0 1 1 0 1 0 0 1 0 1 1 1 1 0 1 1 1 0 16325.0 12509.0 16483.0 16259.0 0 0.048596023738868184
1 1 0 0 1 1 1 1 0 0 0 1 0 1 1 1 0 1 1 1 1 1 1 1 1 0 1 0 0 1 0 0 1 1 1 0 1 1 1 1 16631.0 11903.0 16724.0 16211.0 0 0.12099914561814132
1 1 0 0 1 1 1 1 0 0 0 1 1 1 1 1 0 1 1 1 1 1 0 1 0 0 1 0 1 1 1 1 1 0 1 0 1 1 1 1 16920.0 12372.0 15786.0 16159.0 0 0.12507820003108727
1 1 0 0 1 1 1 1 0 0 0 1 1 1 1 1 0 1 1 1 1 1 0 1 0 0 1 0 0 1 1 1 1 1 1 0 1 1 1 1 17382.0 11705.0 15942.0 16056.0 0 1000000000000000.0
1 1 0 1 1 0 1 1 1 0 0 1 1 1 1 1 0 1 0 1 1 0 0 1 1 0 1 0 1 1 0 1 1 0 1 0 1 1 1 1 15323.0 13634.0 16446.0 16028.0 0 0.09160537612994078
0 1 0 0 1 1 1 1 1 0 1 1 1 1 1 1 0 1 0 1 1 1 0 1 1 0 1 0 0 1 0 0 1 1 1 0 1 1 1 1 16371.0 12293.0 16597.0 15996.0 0 0.06009764223739998
1 1 0 0 1 1 1 1 1 0 0 1 1 1 1 1 0 1 1 1 1 0 0 1 1 0 1 0 1 0 0 0 1 1 1 0 1 1 1 1 16550.0 12880.0 15872.0 15964.0 0 0.09441705494945048
1 1 0 0 1 1 1 1 1 0 0 1 1 1 1 1 0 1 0 1 1 1 0 1 1 0 1 0 0 1 0 0 1 1 1 0 1 1 1 1 16452.0 12393.0 16362.0 15951.0 0 0.08584334043458641
1 1 0 1 1 0 1 1 1 0 0 0 1 1 1 1 0 1 1 0 1 1 0 1 0 0 1 0 0 1 1 1 1 1 1 0 1 1 1 1 16352.0 12502.0 15948.0 15939.0 0 0.04832382606517082
1 1 0 1 1 0 1 1 1 0 0 0 1 1 1 0 1 1 0 1 1 0 0 1 1 0 1 0 1 1 0 1 1 0 1 0 1 1 0 1 14175.0 13691.0 15181.0 15916.0 0 0.2329129817776839
1 1 0 0 1 1 1 1 0 0 0 1 1 1 1 1 0 1 1 1 1 1 0 1 1 0 1 0 0 1 1 0 1 0 1 0 1 1 1 1 17004.0 12141.0 16241.0 15885.0 0 0.06201468619150138
1 1 0 1 1 0 1 1 1 0 1 1 1 1 1 1 0 1 0 1 1 0 0 1 1 0 1 0 0 1 0 1 1 0 1 0 1 1 1 1 15623.0 13186.0 17110.0 15836.0 0 0.22218589034784428
1 1 0 1 1 0 1 1 0 0 0 0 1 1 1 1 0 1 0 1 1 0 0 1 1 0 1 1 1 1 0 1 1 0 1 0 1 1 1 1 14608.0 13229.0 16497.0 15686.0 0 0.19571144724706874
1 1 0 0 1 0 1 1 1 0 1 1 1 1 1 1 0 1 0 1 1 1 0 1 1 0 1 0 0 1 0 1 1 0 1 0 1 1 1 1 15769.0 12279.0 16753.0 15651.0 0 0.07128018235127542
1 1 0 0 1 1 1 1 0 0 1 1 1 1 1 1 0 1 1 0 1 1 0 1 0 0 1 0 0 1 1 1 1 0 1 0 1 1 1 1 17031.0 11819.0 16057.0 15543.0 0 0.16971033022400714
1 1 0 0 1 1 1 1 0 0 1 1 1 1 1 1 0 1 0 1 1 1 1 1 0 0 1 0 0 1 0 1 1 0 1 0 1 1 1 1 15666.0 11504.0 16762.0 15501.0 0 0.14612725051323278
1 1 0 0 1 1 1 1 1 0 0 1 1 1 0 0 1 1 0 1 1 0 0 1 1 0 1 0 1 1 0 1 1 0 1 0 1 1 1 1 15291.0 13823.0 15310.0 15492.0 0 0.17452599490116152
1 1 0 1 1 0 1 1 1 0 1 1 1 1 1 1 0 1 0 1 1 0 0 1 0 0 1 0 0 1 0 1 1 1 1 0 1 1 1 1 15720.0 12379.0 16778.0 15405.0 0 0.061488055503137996
1 1 0 0 1 1 1 1 1 0 0 1 1 1 0 1 1 1 1 0 1 0 0 1 1 0 1 0 0 1 0 0 1 1 1 0 1 1 1 1 16847.0 12931.0 15339.0 15367.0 0 0.1369428225744955
1 1 0 1 1 0 1 1 1 0 0 1 1 1 1 1 0 1 0 1 1 1 1 1 0 0 1 0 0 1 0 0 1 1 1 0 1 1 1 1 15430.0 12070.0 17140.0 15321.0 0 0.13401747524108756
1 1 0 0 1 1 1 1 0 0 1 1 1 1 1 1 0 1 0 1 1 1 1 1 0 0 1 0 0 1 0 0 1 1 1 0 1 1 1 1 16297.0 11326.0 17187.0 15216.0 0 0.2423607120380657
1 1 0 1 1 0 1 1 0 0 0 1 1 1 1 1 1 1 1 0 1 0 0 1 1 0 1 0 0 1 0 0 1 1 1 0 1 1 1 1 16500.0 12496.0 16601.0 15195.0 0 0.06728774413770053
1 1 0 1 1 0 1 1 1 0 1 1 1 1 1 1 0 1 0 1 1 0 0 1 0 0 1 0 0 1 1 1 1 0 1 0 1 1 1 1 15684.0 12778.0 16766.0 15165.0 0 0.08407896375388378
1 1 0 1 1 0 1 1 0 0 1 0 1 1 1 1 0 1 0 1 1 1 0 1 1 0 1 0 0 1 0 0 1 1 1 0 1 1 1 1 16029.0 11979.0 17497.0 15144.0 0 1000000000000000.0
0 1 0 0 1 1 1 1 1 0 0 1 1 1 0 1 1 1 1 0 1 0 0 1 1 0 1 0 1 1 1 1 1 0 1 0 1 0 1 1 16034.0 13877.0 13953.0 15122.0 0 0.16799975742501477
1 1 0 1 1 0 1 1 1 0 0 0 1 1 1 0 1 1 0 1 1 0 0 1 1 0 1 0 1 1 0 1 1 0 1 0 1 0 1 1 13709.0 13826.0 15189.0 15121.0 0 1000000000000000.1
1 1 0 1 1 0 1 1 1 0 1 1 0 1 1 1 0 1 0 1 1 1 0 1 1 0 1 0 0 0 0 1 1 0 1 0 1 1 1 1 15362.0 12554.0 17213.0 14794.0 0 0.2087308588650415
1 1 0 1 1 1 1 1 0 0 1 0 1 1 1 1 0 1 0 1 1 0 0 1 1 0 1 0 0 0 0 0 1 1 1 0 1 1 1 1 15725.0 12097.0 16849.0 14705.0 0 0.12604809676239095
1 1 0 1 1 0 1 1 0 0 1 1 1 1 1 1 0 1 0 1 1 0 1 1 0 0 1 0 1 1 0 0 1 0 1 0 1 1 1 1 14887.0 12196.0 17238.0 14691.0 0 0.08175894171650214
1 1 0 0 1 1 1 1 0 0 1 1 1 1 1 1 0 1 0 1 1 0 0 1 1 0 1 0 1 0 0 0 1 1 1 0 1 1 1 1 16380.0 12215.0 16717.0 14676.0 0 0.09786172926606454
1 1 0 1 1 0 1 1 0 0 1 1 1 1 1 1 0 1 1 0 1 1 0 1 0 0 1 0 0 1 1 0 1 0 1 0 1 1 1 1 16467.0 11740.0 16828.0 14603.0 0 0.07858246170689036
1 0 0 1 1 0 1 1 1 0 1 1 1 1 1 1 0 1 0 1 1 0 0 1 1 0 1 0 0 1 0 0 1 1 1 0 1 1 1 1 16046.0 12048.0 16816.0 14599.0 0 0.1096379849217768
1 1 0 1 1 0 1 1 1 0 1 1 1 1 1 1 0 1 0 1 1 0 0 1 1 0 1 0 0 0 0 0 1 1 1 0 1 1 1 1 15813.0 12511.0 17334.0 14589.0 0 0.13434113849676146
1 0 0 0 1 1 1 1 0 0 1 1 1 1 1 1 0 1 0 1 1 1 0 1 0 0 1 0 0 1 1 1 1 1 1 0 1 1 1 1 17170.0 10944.0 16183.0 14487.0 0 1000000000000000.2
1 1 0 1 1 0 1 1 0 0 1 1 1 1 1 1 0 1 0 1 1 0 0 1 1 0 1 0 0 0 1 1 1 0 1 0 1 1 1 1 15892.0 12417.0 17240.0 14280.0 0 0.2644670577549705
1 1 0 1 1 0 1 1 1 0 0 0 1 1 0 0 1 1 1 0 1 0 0 1 1 0 1 0 1 1 1 1 0 0 1 0 1 0 1 1 14399.0 13932.0 13755.0 13869.0 0 1000000000000000.6
1 1 0 0 1 1 1 1 1 0 0 1 1 1 0 1 1 1 1 0 1 0 0 0 1 0 1 0 1 1 1 1 0 0 1 0 1 0 1 1 15332.0 13878.0 12953.0 13541.0 0 2000000000000000.0
1 1 0 0 1 1 1 1 1 0 0 1 1 1 0 0 1 1 1 0 1 0 0 0 1 0 1 0 1 1 1 1 0 0 1 0 1 0 1 1 14522.0 13840.0 12660.0 13382.0 1 2000000000000000.0
1 1 0 0 1 1 1 1 1 0 0 0 1 1 1 1 0 1 1 1 1 1 0 1 1 0 1 0 0 1 0 1 1 1 1 0 1 1 0 1 16552.0 12416.0 14895.0 17323.0 1 1000000000000000.2
1 1 0 0 1 1 1 1 0 0 0 1 1 1 0 1 0 1 1 1 1 1 0 1 0 0 1 0 0 1 1 1 1 1 1 0 1 1 1 1 17280.0 11568.0 15369.0 15219.0 1 1000000000000000.1
1 1 0 1 1 0 1 1 0 0 1 0 1 1 1 1 0 1 0 1 1 1 1 1 0 0 1 0 0 1 0 0 1 1 1 0 1 1 1 1 15290.0 11364.0 17471.0 14852.0 1 1000000000000000.1
1 1 0 1 1 0 1 1 0 0 1 1 1 1 1 1 0 1 0 1 0 1 0 1 1 0 1 0 0 0 0 0 1 1 1 0 1 1 1 1 15922.0 11330.0 17461.0 13277.0 1 1000000000000000.1
1 1 1 0 1 1 1 1 1 0 0 0 1 1 1 1 0 1 0 1 1 0 0 1 1 0 1 0 1 1 0 1 1 0 0 0 1 1 1 1 14119.0 13323.0 14149.0 16505.0 1 1000000000000000.0
1 1 0 0 0 1 1 1 0 0 1 1 1 1 1 1 0 1 0 1 1 1 1 1 0 0 1 0 0 1 0 0 1 1 1 0 1 1 1 1 15712.0 10699.0 16981.0 14914.0 1 1000000000000000.0
1 1 1 0 1 1 1 1 1 0 0 0 1 1 1 1 0 1 0 1 1 0 0 1 1 0 1 0 1 1 0 1 1 0 1 0 1 0 1 1 14241.0 13518.0 14157.0 15737.0 1 0.4078104182164877
1 1 0 0 1 1 1 1 1 0 0 1 1 1 1 0 1 1 0 1 1 0 0 1 1 0 1 0 1 1 0 1 1 0 1 0 1 0 1 1 14716.0 13788.0 14905.0 15485.0 1 0.29360780133678
0 1 0 0 1 1 1 1 1 0 0 1 1 1 0 1 1 1 1 0 1 0 0 1 1 0 1 0 1 1 1 1 0 0 1 0 1 0 1 1 15385.0 13420.0 13033.0 14209.0 1 0.2888029789186288
1 1 0 1 1 0 1 1 0 0 1 1 1 1 1 1 0 1 0 1 1 0 0 1 1 0 1 0 0 0 1 0 1 0 1 0 1 1 1 1 15611.0 12046.0 17207.0 13678.0 1 0.28133720115081806
1 1 0 1 1 0 1 1 1 0 1 1 1 1 1 1 0 1 0 1 1 0 1 1 0 0 1 0 0 1 0 1 1 0 1 0 1 1 1 1 14884.0 12571.0 17084.0 15544.0 1 0.2711512874491743
0 1 0 1 1 1 1 1 0 0 1 0 1 1 1 1 0 1 0 1 1 0 0 1 1 0 1 0 1 1 0 1 1 0 1 0 1 1 1 1 15154.0 13120.0 16196.0 16189.0 1 0.2225161483313543
0 1 0 0 1 1 1 1 1 0 0 1 1 1 0 0 1 1 1 0 1 0 0 1 1 0 1 0 1 1 1 1 1 0 1 0 1 0 1 1 15224.0 13839.0 13660.0 14963.0 1 0.21309508715172165
1 1 0 0 1 1 1 1 1 0 0 1 0 1 1 1 0 1 1 0 1 1 0 1 1 0 1 0 0 1 0 1 1 1 1 0 1 1 1 1 16813.0 12648.0 15715.0 16604.0 1 0.21219420912372913
1 0 0 1 1 0 1 1 0 0 1 1 1 1 1 1 0 1 0 1 0 1 0 1 1 0 1 0 0 1 0 0 1 1 1 0 1 1 1 1 16155.0 10867.0 16943.0 13287.0 1 0.20465620209467233
1 1 0 0 1 1 1 1 1 0 0 0 0 1 1 1 0 1 1 1 1 0 0 1 1 0 1 0 1 1 0 1 1 1 1 0 1 1 1 1 16063.0 13270.0 15293.0 17132.0 1 0.1996072939656327
1 1 0 0 1 1 1 1 1 0 0 0 0 1 1 0 0 1 1 1 1 0 0 1 1 0 1 0 1 1 1 1 1 0 1 0 1 0 1 1 14540.0 13459.0 14010.0 15889.0 1 0.1969340427374144
0 1 0 0 1 1 1 1 1 0 0 1 1 0 0 1 1 1 1 0 1 0 0 1 1 0 1 0 1 1 1 1 1 0 1 0 1 0 1 1 15367.0 13389.0 13602.0 14130.0 1 0.19654168294251106
1 1 0 0 1 1 1 1 1 0 0 1 1 1 1 1 0 1 1 1 1 0 0 1 1 0 1 0 0 1 0 1 1 1 1 0 0 1 1 1 16108.0 11991.0 15196.0 16978.0 1 0.1947699763721323
1 1 0 0 1 1 1 1 1 0 0 0 1 1 1 1 0 1 1 1 1 1 0 1 1 0 1 0 0 1 0 0 1 1 1 0 1 1 1 1 16482.0 12352.0 15848.0 16770.0 1 0.18313424045506865
1 1 0 0 1 1 1 1 0 0 1 1 1 1 1 1 1 1 1 0 1 0 0 1 0 0 1 0 0 1 0 1 1 1 1 0 1 1 1 1 16999.0 11987.0 16006.0 15615.0 1 0.1803767630850305
1 1 0 0 1 1 1 1 0 0 0 1 1 1 1 1 0 1 1 1 1 1 1 1 0 0 1 0 0 1 0 0 1 1 1 0 1 1 1 1 16301.0 11127.0 16227.0 15833.0 1 0.17985905661998922
1 1 0 0 1 1 1 1 0 0 0 0 1 1 1 1 0 1 1 1 1 0 0 1 1 0 1 0 1 1 1 1 1 0 1 0 1 1 1 1 16346.0 13029.0 15459.0 16591.0 1 0.17402316821349711
1 1 0 0 1 0 1 1 0 0 1 1 1 1 1 1 0 1 1 1 0 1 0 1 1 0 1 0 0 1 0 0 1 1 1 0 1 1 1 1 16598.0 11044.0 16714.0 14609.0 1 0.1722138259367076
1 1 0 0 1 1 1 1 1 0 0 1 1 1 1 1 0 1 0 1 1 1 1 1 0 0 1 0 0 1 0 1 1 1 1 0 1 1 1 1 15994.0 12149.0 16369.0 16261.0 1 0.168438044823405
1 1 0 0 1 1 1 1 0 0 1 1 1 1 1 1 0 1 0 1 1 1 0 1 0 0 0 0 0 1 1 1 1 1 1 0 1 1 1 1 16549.0 11618.0 16008.0 14463.0 1 0.16528392827604738
1 1 0 0 1 1 1 1 0 0 0 1 1 1 1 1 0 1 1 1 1 1 0 1 0 0 1 0 0 1 1 0 1 1 1 0 1 1 1 1 17101.0 11334.0 15909.0 15454.0 1 0.1639509284847846
1 1 0 1 1 1 1 1 0 0 1 0 1 1 1 1 0 1 0 1 1 0 0 1 1 0 1 0 0 1 0 1 1 0 1 0 1 1 1 1 15535.0 12772.0 16625.0 15952.0 1 0.16349340610697446
1 1 0 0 1 1 1 1 1 0 1 0 1 1 1 1 0 1 0 1 1 1 0 1 1 0 1 0 0 1 0 1 1 0 1 0 1 1 1 1 15847.0 12729.0 16383.0 16438.0 1 0.15129428423323765
1 1 0 1 1 0 1 1 0 0 1 1 1 1 1 1 0 1 1 1 1 1 0 1 0 0 1 0 1 1 0 0 0 1 1 0 1 1 1 1 16493.0 11849.0 16615.0 14774.0 1 0.14944414768590428
1 1 0 0 1 1 1 1 0 0 1 1 1 1 1 1 0 1 1 0 1 1 0 1 0 0 1 0 0 1 1 0 1 0 1 0 1 1 1 1 16750.0 11448.0 16024.0 14941.0 1 0.14443969486796593
1 1 0 1 1 0 1 1 0 0 0 0 1 1 1 1 0 1 1 1 1 1 0 1 1 0 1 0 0 1 0 0 1 1 1 0 1 1 1 1 16033.0 11780.0 16537.0 15761.0 1 0.1372900041653031
1 1 0 1 1 0 1 1 1 0 1 1 1 1 1 1 0 1 0 1 1 0 0 1 1 0 1 0 0 0 1 1 1 0 1 0 1 0 1 1 15381.0 13109.0 16377.0 14107.0 1 0.13623817006648314
1 1 0 0 0 1 1 1 0 0 1 1 1 1 1 1 0 1 0 1 1 0 0 1 1 0 1 0 1 1 0 0 1 1 1 0 1 1 1 1 16236.0 12085.0 16712.0 15336.0 1 0.136174623290338
1 1 0 1 1 0 1 1 1 0 1 1 0 1 1 1 0 1 0 1 1 0 0 1 1 0 1 0 0 0 0 0 1 1 1 0 1 1 1 1 15328.0 12287.0 17041.0 14219.0 1 0.1254565684135378
0 1 0 1 1 0 1 1 1 0 0 0 1 1 1 1 0 1 1 1 1 0 0 1 1 0 1 0 0 1 1 1 1 1 1 0 1 1 1 1 15860.0 13006.0 15803.0 16638.0 1 0.12493600471325686
1 1 0 1 1 0 1 1 0 0 1 1 1 1 1 1 0 1 0 1 0 1 0 1 1 0 1 0 0 1 0 1 1 0 1 0 1 1 1 1 15732.0 12005.0 17237.0 14524.0 1 0.12425166056975351
1 1 0 1 1 0 1 1 0 0 1 1 1 1 1 1 0 1 0 1 1 0 1 1 0 0 1 0 0 1 0 0 1 1 1 0 1 1 1 1 15349.0 11529.0 17394.0 14588.0 1 0.1181106313728415
1 1 0 1 1 0 1 1 1 0 0 1 1 1 1 1 0 1 0 1 1 1 0 1 1 0 1 0 0 1 0 1 1 0 1 0 1 1 1 1 15538.0 12863.0 16741.0 15898.0 1 0.11220900917814947
1 1 0 0 1 1 1 1 1 0 0 1 1 1 0 1 1 1 1 1 1 0 0 1 0 0 1 0 1 1 0 0 1 1 1 0 1 1 1 1 16671.0 12896.0 15244.0 15463.0 1 0.11156749939734109
1 1 0 0 1 1 1 1 1 0 1 1 1 1 1 1 0 1 0 1 1 0 0 1 1 0 1 0 0 1 0 1 1 0 1 0 1 1 1 1 15906.0 12894.0 16306.0 16174.0 1 0.0998093076974548
1 1 0 1 1 0 1 1 1 0 1 1 0 1 1 1 0 1 1 0 1 0 0 1 1 0 1 0 0 1 0 1 1 0 1 0 1 1 1 1 15703.0 13070.0 16430.0 15887.0 1 0.09412660945393908
1 1 0 0 1 0 1 1 1 0 1 1 0 1 1 1 0 1 1 0 1 0 1 1 1 0 1 0 0 1 0 0 1 1 1 0 1 1 1 1 15891.0 12281.0 16665.0 15583.0 1 0.09411916364076853
1 1 0 0 1 0 1 1 1 0 1 1 1 1 1 1 0 1 0 1 1 0 0 1 1 0 1 0 0 1 0 1 1 1 1 0 1 1 1 1 16016.0 12383.0 16614.0 15678.0 1 0.0790796276274466
