0 1 0 0 0 1 1 1 0 1 0 1 1 1 0 0 0 1 1 0 1 0 0 1 0 0 1 0 1 1 1 1 1 0 1 0 1 1 1 1 14573.0 11423.0 13198.0 14737.0 0 2000000000000000.2
1 1 0 0 1 0 1 1 1 1 0 0 1 1 1 0 1 1 0 0 1 0 0 0 0 0 1 0 1 1 0 0 1 1 1 0 1 1 1 1 13445.0 12224.0 13849.0 13955.0 0 0.3567447545621638
0 1 0 0 0 1 1 1 0 1 0 1 1 1 0 0 1 1 1 0 1 0 0 1 0 0 1 0 1 1 1 1 0 0 1 0 1 1 1 1 14521.0 11622.0 12812.0 13946.0 0 0.29966048997074085
0 1 0 0 1 0 1 1 1 1 1 1 0 0 1 1 0 1 0 0 1 0 0 1 0 1 1 1 0 1 0 0 1 1 1 0 1 1 1 1 13927.0 11139.0 15045.0 13929.0 0 1000000000000000.2
0 1 0 1 1 1 0 0 1 1 0 0 1 1 0 1 0 1 1 0 1 0 0 0 0 0 1 0 1 1 1 1 1 0 0 0 1 1 1 1 12389.0 12243.0 10596.0 13788.0 0 0.48466224358379506
1 1 0 0 1 1 0 0 1 1 0 0 1 1 1 0 1 1 0 0 1 0 0 0 0 0 1 0 1 1 0 1 1 1 1 0 1 1 1 1 12671.0 12269.0 12179.0 13767.0 0 0.6696523289202181
0 1 0 0 1 1 0 0 1 1 0 0 1 1 1 0 1 1 0 1 1 1 0 0 1 0 1 0 1 1 1 1 0 0 1 0 1 0 0 1 11936.0 12414.0 10332.0 13000.0 0 1000000000000000.5
1 1 0 1 0 0 1 1 1 0 1 0 1 1 0 0 0 1 1 0 1 0 0 0 0 0 1 0 1 1 1 1 1 0 1 0 1 0 1 1 12917.0 12464.0 13300.0 12987.0 0 0.2858419455289933
0 1 0 1 1 1 0 0 1 1 0 0 1 1 1 0 1 1 0 0 1 0 0 0 0 0 1 0 1 1 1 1 0 0 1 0 1 1 1 1 11674.0 12695.0 11470.0 12906.0 0 1000000000000000.5
1 1 0 0 1 0 1 1 0 1 1 1 1 1 0 0 0 1 1 0 1 0 0 0 0 0 1 0 1 1 1 1 0 0 1 0 1 1 1 1 14404.0 11759.0 13220.0 12873.0 0 0.42337361299607124
1 1 0 0 1 0 1 0 1 1 1 1 1 1 0 0 0 1 1 0 1 0 0 0 0 0 1 0 1 1 1 1 0 0 1 0 1 1 1 1 13592.0 12399.0 12474.0 12709.0 0 0.26126373974300476
1 1 1 0 1 0 1 0 1 0 1 0 1 1 0 0 0 1 1 0 1 0 1 0 0 0 1 0 1 1 1 1 0 0 1 0 1 1 1 1 12145.0 12573.0 12526.0 12607.0 0 0.3288237665330585
1 1 0 0 1 0 1 1 0 1 1 1 1 1 0 0 0 0 0 1 1 0 0 1 0 0 1 0 1 1 1 1 0 0 1 0 1 1 1 1 14562.0 10740.0 13559.0 12572.0 0 0.3736120686044449
1 1 0 1 1 0 1 0 1 0 1 0 1 1 0 1 0 1 1 0 1 0 0 0 0 0 1 0 1 1 1 1 0 0 1 0 1 1 1 1 13362.0 12620.0 12996.0 12544.0 0 0.2888408487443207
1 1 0 1 1 0 1 0 1 0 1 0 1 1 0 0 1 1 1 0 0 0 0 1 0 0 1 0 1 1 1 1 0 0 1 0 1 1 1 1 13643.0 12886.0 13693.0 12427.0 0 1000000000000000.2
1 1 0 0 0 1 1 1 1 0 1 0 0 0 0 1 1 1 1 0 0 0 0 0 1 0 1 0 1 1 1 1 0 0 1 0 1 1 1 1 13908.0 12463.0 13172.0 11992.0 0 0.3129421157002158
1 1 0 0 0 1 1 1 0 0 1 0 1 1 0 0 1 1 1 0 0 0 0 1 0 0 0 0 0 1 1 0 1 1 1 0 1 1 1 1 14154.0 10460.0 13578.0 11859.0 0 1000000000000000.2
1 1 0 1 1 0 1 0 1 0 1 0 1 1 0 0 1 1 1 0 0 0 0 0 1 0 1 0 0 0 0 0 1 1 1 0 1 1 1 1 13087.0 12162.0 14068.0 11493.0 0 0.8312695436191199
1 1 0 1 1 0 1 0 0 0 1 0 1 1 0 0 1 1 1 0 0 0 0 1 0 0 0 0 0 1 1 0 1 1 1 0 1 1 1 1 13478.0 11155.0 13727.0 10988.0 0 1000000000000000.2
0 1 0 0 0 1 1 1 0 1 0 0 1 1 0 1 0 1 1 0 1 0 0 0 0 0 1 0 1 1 1 1 1 0 0 0 1 1 1 1 12976.0 10786.0 11174.0 13943.0 1 1000000000000000.4
1 1 0 0 0 1 1 1 0 1 0 0 0 0 1 0 0 0 0 1 1 0 0 1 0 1 1 0 1 1 0 1 1 1 1 0 1 1 1 1 13109.0 9818.0 13009.0 13899.0 1 0.2481965456351517
0 1 0 0 0 1 1 1 0 1 0 1 1 1 0 0 1 1 1 0 1 0 0 1 0 0 1 0 1 1 1 1 0 0 1 0 1 1 0 1 14310.0 11315.0 11826.0 13897.0 1 1000000000000000.4
1 1 0 0 0 1 1 1 0 1 0 0 0 0 1 0 0 0 0 1 1 0 0 1 0 1 1 0 1 1 0 0 1 1 1 1 1 1 1 1 13061.0 9531.0 13101.0 13511.0 1 0.42151053960237983
0 1 0 0 0 1 1 1 0 1 0 1 1 1 0 0 0 1 1 0 1 0 1 1 0 0 1 0 0 1 1 0 1 0 1 0 1 0 1 1 13241.0 10405.0 12649.0 13327.0 1 0.2322906974211636
1 1 0 0 0 1 1 1 0 1 0 0 0 0 1 0 0 0 0 1 1 1 0 1 0 1 1 0 0 1 1 0 1 1 1 0 1 1 1 1 13919.0 9268.0 13717.0 13244.0 1 1000000000000000.1
1 1 0 0 1 1 0 0 1 1 0 0 1 1 1 0 1 1 0 0 1 0 0 0 0 0 1 0 1 1 0 0 1 1 1 0 1 1 1 1 12390.0 11898.0 12146.0 13165.0 1 0.26261148857254585
1 1 0 0 0 1 1 1 0 1 0 0 0 0 1 0 0 0 0 1 1 0 0 1 0 1 1 1 1 1 1 1 0 0 1 0 1 1 1 1 12599.0 10473.0 12763.0 13101.0 1 0.2979240747874145
0 1 0 0 1 1 1 0 0 1 1 1 0 1 1 0 1 1 0 0 1 0 0 0 0 0 1 0 1 1 0 0 1 1 1 0 1 1 1 1 13261.0 11770.0 13485.0 12963.0 1 0.19614521843449337
0 1 0 1 1 1 0 0 1 1 0 0 1 1 1 0 1 1 0 0 1 0 0 0 0 0 1 0 1 1 1 1 0 0 1 0 1 1 0 1 11463.0 12388.0 10484.0 12857.0 1 0.32897426313917355
0 1 0 1 1 1 0 0 1 1 0 0 1 1 0 0 0 1 1 0 1 0 0 0 0 0 1 0 1 1 1 1 0 0 1 0 1 1 1 1 11729.0 12115.0 10369.0 12792.0 1 1000000000000000.0
1 1 0 1 0 0 1 1 1 1 0 0 0 0 0 1 1 1 0 1 1 0 0 1 0 0 1 0 1 1 1 1 0 0 1 0 1 1 0 1 13393.0 11947.0 12992.0 12763.0 1 0.11801459192874561
1 1 0 0 1 1 0 0 1 1 0 0 1 1 1 0 1 1 0 0 1 0 0 0 0 0 1 0 1 1 1 1 0 0 1 0 1 1 1 1 11986.0 12211.0 11247.0 12614.0 1 0.15949806523887597
1 1 0 0 1 0 1 1 1 1 0 0 0 0 0 1 1 1 0 1 1 0 0 1 0 0 1 0 1 1 1 1 0 0 1 0 1 1 0 1 13459.0 11578.0 12244.0 12590.0 1 0.12252436494142116
1 1 0 1 0 0 1 0 1 0 1 0 1 1 0 0 0 1 1 0 1 0 1 0 0 0 1 0 1 1 1 1 0 0 1 0 1 1 1 1 12043.0 12340.0 13261.0 12539.0 1 0.1812476327586763
0 1 1 0 1 0 1 1 1 1 0 1 0 1 0 0 1 1 1 0 0 1 0 0 0 0 1 0 0 1 1 1 0 1 1 0 1 1 0 1 13663.0 11442.0 11304.0 12333.0 1 0.26713244281765913
0 1 0 1 1 1 0 0 1 1 0 0 1 1 1 0 1 1 0 0 1 0 0 0 0 0 1 0 1 1 1 1 0 0 1 0 1 0 1 1 10997.0 12523.0 10492.0 12062.0 1 1000000000000000.4
1 1 0 0 1 0 1 0 0 1 1 1 1 1 0 0 0 1 1 0 1 0 0 0 0 0 1 0 1 1 1 1 0 0 1 0 1 1 1 1 13426.0 11535.0 12359.0 12038.0 1 0.12300502284667492
0 1 0 0 1 1 1 0 0 1 1 0 1 0 0 1 0 1 1 1 0 0 0 1 0 1 1 0 0 1 1 0 1 1 1 0 1 0 1 1 13821.0 10207.0 12245.0 11959.0 1 0.15887032102391804
1 1 0 0 1 0 1 0 0 1 1 1 1 1 0 0 0 1 1 0 1 0 0 0 1 0 1 0 1 1 1 1 0 0 1 0 1 0 1 1 13564.0 12363.0 12171.0 11942.0 1 0.05725138010906871
1 1 0 1 0 0 1 0 1 0 1 0 1 1 0 0 0 1 1 0 1 0 0 0 1 0 1 0 1 1 1 1 0 0 1 0 1 0 0 1 11894.0 12476.0 11323.0 11938.0 1 0.10462267193544307
1 1 0 1 1 0 1 0 0 0 1 0 1 1 0 0 1 1 1 0 0 0 0 1 0 0 0 0 1 1 0 1 1 1 1 0 1 1 1 1 13333.0 11794.0 13616.0 11933.0 1 0.1526557234955928
1 1 0 1 0 0 1 0 1 0 1 0 1 1 0 0 0 1 1 0 1 0 0 0 1 0 0 0 1 1 1 1 1 0 1 0 1 0 0 1 11714.0 12647.0 11349.0 11875.0 1 0.18209056556842018
1 1 0 1 1 0 1 0 1 0 1 0 0 1 0 0 0 1 1 0 1 0 0 0 1 0 1 0 1 1 1 1 0 0 1 0 1 0 0 1 11994.0 12879.0 11236.0 11870.0 1 1000000000000000.0
1 1 0 0 1 0 1 0 1 0 1 0 1 1 0 0 1 1 1 0 0 0 0 0 1 0 1 0 1 1 1 1 0 0 0 0 1 1 1 1 12256.0 12469.0 11732.0 11773.0 1 0.1748728022326663
1 1 0 0 0 1 1 1 1 0 0 0 0 0 0 1 1 1 1 0 0 0 0 0 1 0 1 0 1 1 1 1 0 0 1 0 1 1 1 1 13158.0 12051.0 12206.0 11764.0 1 0.11471220404549629
1 1 0 1 1 0 1 0 1 0 1 0 1 1 0 1 1 1 1 0 0 0 0 1 0 0 0 0 0 1 0 0 1 1 1 0 1 1 1 1 13578.0 11465.0 13689.0 11741.0 1 0.09278865787235761
1 1 1 0 1 0 1 1 1 1 1 1 0 0 0 1 0 1 0 0 1 0 0 0 0 0 1 0 1 1 1 1 0 0 1 0 1 1 1 1 13510.0 12338.0 12991.0 11737.0 1 0.16819900905615925
1 1 0 1 1 0 1 0 0 0 1 0 1 1 0 0 1 1 1 0 0 0 0 1 1 0 1 0 1 1 1 1 0 0 1 0 1 0 0 1 13404.0 12543.0 12404.0 11611.0 1 0.1906791335028254
1 1 0 1 1 0 1 0 0 0 1 0 1 1 1 0 1 1 0 0 1 0 1 0 0 0 1 0 1 1 1 1 0 0 1 0 1 0 1 1 11730.0 12511.0 13475.0 11440.0 1 0.19526191027244594
1 1 0 0 1 1 1 0 0 0 1 0 1 0 0 1 0 1 1 1 0 0 0 1 0 1 1 0 0 1 1 0 1 1 1 0 1 0 1 1 13817.0 10160.0 12771.0 11369.0 1 0.27831990769107867
1 1 0 1 1 0 1 0 1 0 1 0 1 1 0 0 1 1 1 0 0 0 0 0 1 0 1 0 1 0 1 1 0 0 0 0 1 1 0 1 12123.0 12661.0 11499.0 11237.0 1 0.1861192694029764
1 1 0 1 1 0 1 0 0 0 1 0 1 1 0 0 1 1 1 0 0 0 0 0 1 0 1 0 0 1 1 1 0 0 1 0 1 1 1 1 12958.0 12108.0 13255.0 11233.0 1 0.25638983599763965
1 1 0 1 1 0 1 0 0 0 1 0 1 1 0 0 1 1 1 0 0 0 0 0 1 0 1 0 1 1 1 1 0 0 1 0 1 0 1 1 12731.0 12796.0 12579.0 10809.0 1 0.44443291255126494
1 1 0 1 1 0 1 0 1 0 1 0 1 1 0 0 1 1 1 0 0 0 0 0 1 0 1 0 1 0 1 1 0 0 1 0 1 0 0 1 12245.0 12856.0 11507.0 10469.0 1 0.2704945272779176
1 1 0 1 1 0 1 0 0 0 1 0 1 1 0 0 1 1 1 0 0 0 0 1 0 0 0 1 0 0 0 0 1 1 1 0 1 1 1 1 12336.0 10779.0 13766.0 10304.0 1 2000000000000000.0
0 1 1 0 0 1 1 1 0 1 0 0 0 0 1 0 0 0 0 1 1 0 0 1 0 1 1 0 1 1 0 0 1 1 1 0 1 1 1 1 12033.0 9537.0 12258.0 13355.0 2 1000000000000000.1
0 1 0 0 0 1 1 1 0 1 0 0 0 1 0 0 0 0 0 1 1 0 1 1 0 1 1 0 0 1 0 0 1 1 1 0 1 1 1 1 12188.0 8811.0 12485.0 13305.0 2 0.2780770625268134
1 1 0 0 0 1 1 1 0 1 0 0 0 0 1 0 0 0 0 1 1 0 0 1 0 1 1 0 1 1 0 0 1 1 1 0 1 1 1 1 12828.0 9447.0 12976.0 13297.0 2 0.13423159400670484
0 1 0 0 0 1 1 1 0 1 0 1 1 1 0 0 0 1 1 0 1 0 0 0 0 0 1 0 1 1 1 1 0 0 1 0 1 1 1 1 13040.0 10912.0 11467.0 12973.0 2 1.002438396371097
1 1 0 0 0 1 1 1 0 1 0 0 0 0 1 0 0 1 1 0 1 0 0 0 0 0 1 1 1 1 1 1 0 0 1 0 1 1 1 1 12272.0 11308.0 12293.0 12960.0 2 0.22456946815428824
1 1 0 0 0 1 1 1 0 1 0 0 0 0 1 0 0 0 0 1 1 0 0 1 0 1 1 0 1 1 1 1 0 0 1 0 1 1 1 1 12424.0 9760.0 12077.0 12746.0 2 0.2805395126550901
0 1 0 1 1 1 0 0 1 1 0 0 1 1 0 0 0 1 1 0 1 0 0 0 0 0 1 0 1 1 1 1 0 0 0 0 1 1 1 1 10930.0 11748.0 9383.0 12716.0 2 2000000000000000.0
0 1 0 0 0 1 1 1 0 1 0 1 1 1 0 0 1 1 1 0 1 0 0 0 1 0 1 0 0 0 0 0 1 0 1 0 1 1 0 1 12842.0 10398.0 11743.0 12646.0 2 0.3666136602096812
0 1 0 0 1 0 1 1 1 1 1 0 0 0 0 1 1 1 0 1 1 0 0 1 0 0 1 0 1 1 1 1 0 0 1 0 1 1 0 1 13378.0 11478.0 12479.0 12635.0 2 0.19188472670308393
1 1 0 0 1 0 1 1 1 1 0 0 0 0 1 0 0 0 1 1 0 0 0 1 0 1 1 1 0 0 0 0 1 1 1 0 1 1 1 1 12425.0 9397.0 12981.0 12344.0 2 0.24752596949263694
1 1 1 0 1 1 0 1 1 0 0 0 0 0 0 1 1 1 0 1 1 0 0 1 0 0 1 0 1 1 1 1 0 0 1 0 1 1 1 1 12794.0 11826.0 12196.0 12152.0 2 0.17013725249009537
0 1 0 0 1 0 1 1 1 1 1 1 0 0 1 1 0 1 0 0 1 0 0 0 0 0 1 0 1 1 1 1 0 0 1 0 1 1 1 1 12745.0 11361.0 12820.0 12150.0 2 0.0978776125905325
1 1 0 1 0 0 1 0 1 0 1 0 1 1 0 0 0 1 1 0 1 0 1 0 0 0 1 0 0 1 1 1 0 0 1 0 1 1 1 1 11593.0 11480.0 12959.0 12119.0 2 0.37738105855424714
1 1 0 0 0 1 1 1 0 1 0 0 0 0 1 0 0 0 0 1 0 0 0 1 0 1 1 0 0 1 1 0 1 1 1 0 1 1 1 1 12864.0 8773.0 12765.0 12023.0 2 1000000000000000.2
1 1 0 0 0 1 1 1 0 1 0 0 0 0 1 0 1 1 1 0 0 0 0 1 0 0 0 0 0 1 1 0 1 1 1 0 1 1 1 1 13189.0 10032.0 12746.0 11879.0 2 0.37449244238655155
1 1 1 0 1 0 1 1 1 1 1 1 0 0 1 1 0 1 0 0 1 0 0 0 0 0 1 0 1 1 1 1 0 0 1 0 1 1 1 0 12733.0 11715.0 12842.0 11773.0 2 0.15880043522322507
1 1 0 0 0 1 1 1 0 0 0 0 1 0 0 1 0 1 0 0 1 0 0 1 0 0 1 0 0 1 1 0 1 1 1 0 1 1 1 1 13415.0 9421.0 13263.0 11738.0 2 0.10740464906616254
1 1 1 0 1 0 1 1 1 1 1 1 0 0 0 0 0 1 0 0 1 0 0 0 0 0 1 0 0 1 0 0 1 1 1 0 1 1 1 1 12654.0 11127.0 13295.0 11709.0 2 0.20071965597765454
0 1 0 0 1 0 1 1 1 1 1 1 0 0 0 1 0 1 0 0 1 0 0 0 0 0 1 1 1 1 1 1 0 0 1 0 1 1 1 1 12818.0 11937.0 12933.0 11668.0 2 0.10229715427640011
1 1 1 0 1 1 0 1 1 0 0 0 0 0 0 1 1 1 0 1 1 0 0 0 0 0 1 0 1 1 1 1 0 1 1 0 1 1 1 1 12822.0 11965.0 11843.0 11618.0 2 0.17465255543472874
1 1 0 0 1 0 1 1 1 1 1 1 0 0 0 1 0 1 0 0 1 0 0 0 0 0 1 0 1 1 1 1 0 0 1 0 1 1 1 1 13474.0 11736.0 12978.0 11496.0 2 1000000000000000.0
1 1 1 0 1 0 1 1 1 1 1 1 0 0 0 0 0 1 0 0 1 0 0 0 0 0 1 0 0 1 1 0 1 0 1 0 1 1 1 1 12618.0 11526.0 13283.0 11469.0 2 0.132112358200107
1 1 0 1 1 0 1 0 0 0 1 0 1 1 0 0 1 1 1 0 1 0 0 0 0 0 0 0 1 1 0 0 1 1 1 0 1 1 1 1 12558.0 11775.0 13127.0 11411.0 2 0.17979031812146545
0 1 0 0 1 0 1 1 0 0 1 0 1 1 0 0 1 1 1 0 0 0 0 1 0 0 0 0 0 1 1 0 1 1 1 1 1 1 1 1 13339.0 9955.0 13028.0 11379.0 2 0.20535325972857602
1 1 0 0 1 0 1 1 1 1 0 1 0 0 0 1 0 1 0 1 0 1 1 1 0 0 0 1 0 1 0 0 1 1 1 1 0 1 1 0 12088.0 9232.0 13406.0 11151.0 2 1000000000000000.5
1 1 0 1 1 0 1 0 1 0 1 0 1 1 0 0 1 1 1 0 0 0 0 0 1 0 1 0 1 0 1 1 0 0 1 0 0 0 1 1 11742.0 12266.0 11885.0 10388.0 2 0.5715536904619862
1 1 0 1 0 0 1 1 0 1 0 1 0 1 0 0 1 1 0 0 0 0 0 0 0 0 1 0 0 0 0 0 1 1 1 1 1 1 1 1 12302.0 9943.0 13403.0 10177.0 2 0.3318372802364479
1 0 0 1 1 0 1 0 1 0 1 0 1 1 0 0 1 1 0 0 0 0 0 0 1 0 1 0 1 1 1 1 0 0 1 0 1 0 1 1 11935.0 12487.0 11969.0 9683.0 2 2000000000000000.0
1 1 0 1 1 0 1 0 0 0 1 0 1 1 0 0 1 1 1 0 0 0 0 1 0 0 0 1 0 0 0 0 1 1 1 1 1 1 1 0 11690.0 10103.0 13169.0 9717.0 3 2000000000000000.0
0 1 0 0 0 1 1 0 0 1 0 1 1 1 0 0 0 1 1 0 1 1 1 0 1 0 1 0 1 1 0 0 0 0 0 1 0 1 1 1 11181.0 10019.0 10809.0 12961.0 3 1000000000000000.4
0 1 0 1 0 0 0 1 0 0 0 0 1 0 1 0 1 1 0 1 1 1 1 1 1 0 1 0 1 0 1 1 0 0 1 0 0 0 1 1 10394.0 9744.0 12872.0 11023.0 3 1000000000000000.2
0 1 1 0 1 0 1 0 1 0 1 0 1 1 0 0 1 1 1 0 0 1 0 0 1 0 1 0 1 0 1 1 0 0 1 0 1 0 0 1 11596.0 12039.0 10432.0 10342.0 3 1000000000000000.2
1 1 0 0 0 1 1 1 0 1 0 0 0 0 1 0 0 0 0 1 1 1 0 1 0 1 1 0 0 1 1 0 1 1 1 1 0 1 1 0 12559.0 7695.0 12512.0 12527.0 3 1000000000000000.1
1 1 0 1 1 1 0 0 1 1 0 1 1 1 0 0 0 0 1 0 1 0 0 0 0 0 1 0 1 1 1 1 0 0 1 0 1 0 1 1 12446.0 11744.0 9783.0 11426.0 3 1000000000000000.1
0 1 0 0 0 1 1 1 0 1 0 1 0 0 0 1 1 1 1 0 0 1 0 0 1 0 1 0 1 0 1 1 0 1 1 0 0 0 1 1 13465.0 10204.0 11353.0 10380.0 3 1000000000000000.1
1 1 0 0 1 0 1 1 1 1 0 0 0 0 1 0 0 0 1 1 0 0 0 1 0 1 1 1 0 0 0 0 1 1 1 1 1 1 1 0 11779.0 8721.0 12384.0 11757.0 3 0.47081873194318197
0 1 0 0 0 1 1 1 0 1 0 0 0 1 0 0 0 0 0 1 1 0 1 1 0 1 1 0 0 1 0 0 1 1 1 1 1 1 1 0 11542.0 8135.0 11888.0 12718.0 3 0.47057109357214477
0 1 0 0 0 1 1 1 0 1 0 1 1 1 0 0 0 1 1 0 1 0 0 1 0 0 1 0 0 1 1 0 1 1 1 1 1 0 0 0 13220.0 9230.0 10760.0 12552.0 3 0.31853295719948566
0 1 0 1 1 0 0 1 1 0 0 1 1 1 0 0 0 1 1 1 1 0 0 0 0 0 1 0 1 1 1 1 0 0 1 0 1 1 1 1 11983.0 11435.0 11788.0 12491.0 3 0.3106139595349752
1 1 0 1 1 0 1 0 0 0 1 0 1 1 0 0 1 1 1 0 0 0 1 1 0 0 0 1 0 0 0 0 1 0 1 0 1 1 0 1 11289.0 10664.0 13086.0 10394.0 3 0.2983517369511172
1 0 0 0 1 0 1 1 1 1 0 1 0 0 0 1 0 1 0 1 0 1 1 1 0 0 0 1 0 1 0 0 1 1 1 0 1 0 1 1 12563.0 9673.0 12914.0 10072.0 3 0.2710232376414061
1 1 1 0 1 0 1 1 1 1 0 1 0 0 0 1 0 1 0 0 1 0 0 0 0 0 1 0 1 1 1 1 0 0 1 0 1 0 1 1 12083.0 11754.0 11047.0 10665.0 3 0.26013726347952804
0 1 0 0 1 1 1 0 0 1 1 1 0 0 0 1 1 1 1 0 1 0 0 0 1 1 1 0 0 0 1 0 1 1 1 0 1 0 0 0 13258.0 10576.0 11038.0 10329.0 3 0.23723214819834082
0 1 0 1 1 0 0 1 1 0 0 1 1 1 0 0 1 1 1 0 1 0 0 0 0 0 1 0 1 1 1 1 0 0 1 0 1 1 0 1 12180.0 11679.0 10943.0 12140.0 3 0.22364737543370916
0 1 0 0 1 1 1 0 0 1 1 1 0 0 1 0 0 0 1 1 0 0 0 1 1 1 1 1 0 0 0 0 1 1 1 0 1 1 1 0 12662.0 9407.0 12978.0 11669.0 3 0.22176513264302292
