0 1 0 0 1 0 1 1 1 1 0 0 1 1 1 0 0 1 1 1 1 0 1 1 1 0 1 0 0 1 0 1 1 0 1 0 1 1 1 1 13654.0 12131.0 14621.0 16839.0 0 1000000000000000.2
0 1 0 0 1 0 1 1 1 1 1 0 0 1 1 1 0 1 1 1 1 1 0 1 0 0 1 0 1 1 0 1 1 1 1 0 1 1 1 1 15865.0 12114.0 15390.0 16679.0 0 0.13373013420845897
0 1 0 0 1 0 1 1 1 1 0 0 1 1 1 0 1 1 1 1 1 0 0 1 0 0 1 0 1 1 0 1 1 1 1 0 1 1 1 1 14722.0 12455.0 14361.0 16494.0 0 0.30574481998558967
1 1 0 1 1 0 1 1 1 0 1 0 1 1 1 1 0 1 1 1 1 1 0 1 0 0 1 0 0 1 0 1 1 1 0 0 1 1 1 1 15616.0 12060.0 15875.0 16438.0 0 0.23655401423356182
1 1 0 1 1 0 1 1 1 0 1 0 1 1 1 1 0 1 1 1 1 0 0 1 0 0 1 0 0 1 0 1 1 1 1 0 1 1 1 1 15750.0 12338.0 16264.0 16224.0 0 0.14187284496325994
0 1 0 0 1 1 1 1 1 0 1 0 0 1 1 1 0 1 1 1 1 0 0 1 0 0 1 1 1 1 0 0 1 1 1 0 1 1 1 1 15061.0 12512.0 15391.0 16182.0 0 0.14556983597736117
1 1 0 1 1 0 1 1 1 0 1 0 0 1 1 0 0 1 1 1 1 0 0 1 1 0 1 0 0 1 0 1 1 0 1 0 1 1 1 1 14358.0 12883.0 16010.0 16126.0 0 0.21428513974014352
1 1 0 1 1 0 1 1 1 0 1 0 1 1 1 1 0 1 1 1 1 0 0 1 0 0 1 0 0 1 1 1 1 0 1 0 1 1 1 1 15714.0 12737.0 16252.0 15984.0 0 0.15838014972314854
0 1 0 0 1 1 1 1 1 1 1 1 1 1 0 1 0 1 1 0 1 0 0 1 0 0 1 0 0 1 0 1 1 1 1 0 1 1 1 1 16470.0 12105.0 14488.0 15917.0 0 0.14498876647282985
1 1 0 0 1 0 1 1 1 0 1 0 0 1 1 0 0 1 1 0 1 0 0 1 1 0 1 0 1 1 1 1 1 0 1 0 1 1 1 1 14976.0 13234.0 15411.0 15724.0 0 0.15145981454398486
1 1 0 0 1 1 1 1 1 0 0 1 1 1 0 1 1 1 1 0 1 0 0 1 1 0 1 0 0 1 0 1 1 0 1 0 1 1 1 1 16216.0 13109.0 14914.0 15652.0 0 0.35460936772898455
1 1 0 1 1 0 1 1 0 0 1 1 0 1 1 0 0 1 1 1 1 0 0 1 1 0 1 0 0 1 0 1 1 0 1 0 1 1 1 1 14916.0 12273.0 16415.0 15481.0 0 0.18913187540087
1 1 0 1 1 0 1 1 1 0 1 1 1 1 1 1 0 1 0 1 1 0 0 1 0 0 1 0 0 1 0 1 1 1 1 0 1 1 1 1 15720.0 12379.0 16778.0 15405.0 0 0.12678196633421754
1 1 0 0 1 1 1 1 1 0 0 1 1 1 0 1 1 1 1 0 1 0 0 1 1 0 1 0 0 1 0 0 1 1 1 0 1 1 1 1 16847.0 12931.0 15339.0 15367.0 0 0.20681167835509576
1 1 0 1 1 0 1 1 1 0 1 0 1 1 1 1 0 1 0 1 1 0 0 1 0 0 1 0 1 1 0 0 1 1 1 0 1 1 1 1 15165.0 12614.0 16527.0 15197.0 0 0.2777365919035781
1 1 0 1 1 0 1 1 0 0 1 1 0 1 1 1 0 1 1 1 1 0 0 1 0 0 1 0 1 1 0 0 1 1 1 0 1 1 1 1 15992.0 11993.0 16645.0 15027.0 0 0.17191507124888572
0 1 0 0 1 1 1 1 0 1 0 1 1 1 0 1 1 1 1 1 1 1 0 1 1 0 1 0 0 0 0 0 1 1 1 0 1 1 0 1 16887.0 11504.0 14501.0 14989.0 0 0.2449899380767847
1 1 0 0 1 1 1 1 1 0 1 1 1 1 0 1 1 1 1 0 1 0 0 1 0 0 1 0 0 1 0 0 1 1 1 0 1 1 1 1 16782.0 12343.0 15515.0 14847.0 0 0.14514987497339923
1 1 0 0 1 1 1 1 1 0 0 1 1 1 0 1 1 1 1 0 1 0 0 1 1 0 1 0 0 1 1 1 0 0 1 0 1 1 1 1 16443.0 13244.0 14440.0 14816.0 0 0.09010555165296225
1 1 0 0 1 1 1 1 0 0 1 1 1 1 0 1 1 1 1 0 1 0 0 1 0 0 1 0 0 1 0 1 1 1 1 0 1 1 1 1 16897.0 11850.0 15433.0 14778.0 0 1000000000000000.0
1 1 0 1 1 0 1 1 1 0 1 0 1 0 1 1 0 1 0 1 1 0 0 1 0 0 1 0 1 1 1 1 1 0 1 0 1 1 1 1 14743.0 12896.0 16197.0 14567.0 0 0.1569990592503746
1 1 0 1 1 0 1 1 1 0 1 0 0 1 1 1 0 1 0 1 1 0 0 1 1 0 1 0 0 0 1 1 1 0 1 0 1 1 1 1 14849.0 12803.0 16542.0 14555.0 0 0.12901892065070336
1 1 0 1 1 0 1 1 0 0 1 1 1 1 1 1 0 1 0 1 0 1 0 1 1 0 1 0 0 1 0 1 1 0 1 0 1 1 1 1 15732.0 12005.0 17237.0 14524.0 0 0.1752370007553014
1 1 0 0 1 0 1 1 1 0 1 0 1 1 1 0 1 1 1 0 1 0 0 0 1 0 1 0 1 1 0 1 1 0 1 0 1 0 1 1 13621.0 13296.0 14003.0 14444.0 0 1000000000000000.2
1 1 0 1 1 0 1 1 0 0 0 1 1 1 0 1 1 1 1 0 1 0 0 1 1 0 1 0 0 1 0 0 1 1 1 0 1 1 1 1 16398.0 12359.0 16028.0 14358.0 0 0.17613235503790942
1 1 0 1 1 0 1 1 0 0 0 1 1 1 0 1 1 1 1 1 1 0 0 1 1 0 1 0 0 1 1 1 0 0 1 0 1 1 1 1 16183.0 12777.0 15522.0 14231.0 0 0.1400252769490476
1 1 0 1 1 0 1 1 1 0 1 0 0 1 1 1 0 1 0 1 1 0 0 1 1 0 1 0 1 1 1 1 0 0 1 0 1 0 1 1 14414.0 13531.0 15147.0 14180.0 0 0.34686589897017084
1 1 0 1 1 0 1 1 0 0 1 1 1 1 1 1 0 1 0 1 0 1 0 1 0 0 1 0 0 1 0 1 1 1 1 0 1 1 1 1 15829.0 11198.0 16905.0 14093.0 0 1000000000000000.0
1 1 0 1 1 0 1 1 0 0 0 1 1 1 0 1 1 1 1 1 1 1 0 1 1 0 1 0 0 0 0 0 1 1 1 0 1 1 0 1 16600.0 11749.0 15831.0 14061.0 0 0.34060535634300393
1 1 0 1 1 0 1 1 0 0 1 1 0 1 1 1 0 1 0 1 1 0 0 1 1 0 1 0 0 0 1 1 1 0 1 0 1 1 1 1 15407.0 12193.0 16947.0 13910.0 0 0.28913968615509394
1 1 0 1 1 0 1 1 1 0 1 0 0 1 1 1 0 1 1 0 1 0 0 0 1 0 1 0 1 1 1 1 0 0 1 0 1 0 1 1 14095.0 13585.0 13949.0 13750.0 0 0.6672492004612378
1 1 0 0 1 1 1 1 1 0 0 1 1 1 0 1 1 1 1 0 1 0 0 0 1 0 1 0 1 1 1 1 0 0 1 0 1 0 1 1 15332.0 13878.0 12953.0 13541.0 0 2000000000000000.0
1 1 0 1 1 0 1 1 0 0 1 1 0 1 1 1 0 1 0 1 1 0 0 1 1 0 1 0 1 1 1 1 0 0 1 0 1 0 1 1 14972.0 12921.0 15552.0 13535.0 0 0.16427837837737508
1 1 0 1 1 0 1 1 0 0 1 1 1 1 1 1 0 1 0 1 0 1 0 1 1 0 1 0 0 0 0 0 1 1 1 0 1 1 1 1 15922.0 11330.0 17461.0 13277.0 0 1000000000000000.4
1 1 0 1 1 0 1 1 0 0 1 1 0 0 0 1 0 1 0 1 1 1 0 1 1 0 1 0 0 1 1 1 0 1 1 0 1 1 1 1 16007.0 11890.0 16359.0 12737.0 0 1000000000000000.1
1 1 0 0 1 1 1 1 0 0 1 1 1 1 0 1 1 0 1 0 1 0 0 1 0 0 1 0 0 1 0 1 1 1 1 0 1 1 1 1 16736.0 10885.0 14574.0 14047.0 1 2000000000000000.0
1 1 0 1 1 0 1 0 1 0 1 1 0 1 1 0 0 1 1 0 1 0 0 0 1 0 1 0 1 1 1 1 0 0 1 0 1 0 1 1 13031.0 13577.0 13315.0 12782.0 1 1000000000000000.2
1 1 1 0 1 0 1 1 1 1 0 0 0 1 1 0 0 1 1 1 1 0 0 1 1 0 1 0 1 1 1 1 0 0 1 0 1 0 0 1 13749.0 13152.0 12172.0 15128.0 1 1000000000000000.1
1 1 0 1 1 0 1 1 0 0 1 1 0 0 1 1 0 1 0 1 1 1 0 1 1 0 1 0 0 0 1 1 1 0 1 0 1 1 1 1 15405.0 11794.0 17193.0 13208.0 1 1000000000000000.1
1 1 0 0 1 1 1 1 0 0 0 1 1 1 0 1 1 1 0 0 1 1 0 0 1 0 1 0 1 1 1 1 0 0 1 0 1 0 1 1 15077.0 12890.0 13429.0 12315.0 1 1000000000000000.1
0 1 0 0 1 0 1 1 1 1 0 0 1 1 1 0 1 1 1 1 1 0 0 1 0 0 1 0 1 1 0 1 1 1 1 0 1 1 0 1 14511.0 12148.0 13375.0 16445.0 1 1000000000000000.0
1 1 0 1 1 0 1 0 1 0 1 0 0 1 1 0 0 1 0 0 1 0 0 1 1 0 1 0 1 1 0 1 1 0 1 0 1 1 1 1 12887.0 13201.0 15052.0 14442.0 1 1000000000000000.0
0 0 0 0 1 1 1 1 0 1 0 1 1 1 1 0 0 1 1 1 1 1 0 1 0 0 1 0 1 1 1 1 1 0 1 0 1 1 1 1 15906.0 11421.0 14248.0 15638.0 1 0.2571648170183435
1 1 0 0 1 1 1 1 0 0 0 1 1 1 0 1 1 1 1 0 1 0 0 1 1 0 1 0 1 1 1 1 0 0 1 0 1 0 0 1 15839.0 12761.0 12663.0 13672.0 1 0.24497254420269268
1 1 0 1 1 1 1 1 0 0 1 1 0 0 1 1 0 1 0 1 1 1 0 1 1 0 1 0 0 0 0 0 1 0 1 0 1 1 1 1 15050.0 11535.0 16864.0 13342.0 1 0.19914786829341302
1 1 0 1 1 0 1 1 1 0 1 0 0 1 1 0 0 1 1 0 1 0 0 0 1 0 1 0 1 1 1 1 0 0 1 0 1 0 1 1 13285.0 13547.0 13656.0 13591.0 1 0.19626339071995508
1 1 0 0 0 0 1 1 1 1 1 1 1 1 0 1 0 1 1 0 1 1 0 1 0 0 1 0 0 1 0 0 1 1 1 0 1 1 1 1 16298.0 11004.0 15427.0 14673.0 1 0.19000296908368652
1 1 0 0 1 1 1 1 1 0 0 0 0 1 1 0 1 1 1 0 1 0 0 0 1 0 1 0 1 1 1 1 0 0 1 0 1 0 1 1 13415.0 13499.0 12420.0 13823.0 1 0.1567201340206355
0 1 0 1 1 1 1 1 1 0 0 0 0 1 1 1 0 1 1 0 1 0 0 0 1 0 1 0 1 1 1 1 0 0 1 0 1 0 1 1 13316.0 13365.0 12402.0 14152.0 1 0.15203787004760522
0 1 0 0 1 1 1 1 0 1 0 1 1 1 0 1 1 1 1 1 1 0 0 1 0 0 1 0 0 1 0 1 1 1 1 0 1 1 1 1 16340.0 11590.0 14334.0 15564.0 1 0.15038559940408824
1 1 0 1 1 0 1 1 1 0 1 0 0 1 1 0 0 1 0 1 1 0 0 1 1 0 1 0 0 1 1 1 0 0 1 0 1 1 1 1 13831.0 12805.0 15530.0 14445.0 1 0.14443129932619223
0 1 0 1 1 1 1 1 1 0 0 0 0 1 1 1 0 1 1 1 1 0 0 1 0 0 1 0 1 1 0 0 1 1 1 0 1 1 1 1 14655.0 12383.0 14693.0 16074.0 1 0.1426408158067207
0 1 0 0 1 1 1 1 0 1 0 1 1 1 1 0 1 1 1 1 1 0 0 1 0 0 1 0 0 1 0 1 1 1 1 0 1 1 1 1 15632.0 11689.0 14614.0 16242.0 1 0.14108117614428733
1 1 0 1 1 0 1 1 0 0 1 1 0 1 1 1 0 1 0 1 1 0 0 1 0 0 1 0 1 1 1 0 1 0 1 0 1 1 1 1 15202.0 12179.0 16627.0 13942.0 1 0.14092717817676373
1 1 0 1 1 0 1 0 1 0 1 0 0 1 1 0 0 1 1 1 1 0 0 1 1 0 1 0 1 1 1 1 0 0 1 0 1 0 1 1 13380.0 13482.0 13999.0 14031.0 1 0.1391450040928396
0 1 0 0 1 0 1 1 1 0 1 0 0 1 1 0 0 1 1 0 1 0 0 1 1 0 1 0 1 1 1 1 1 0 1 0 1 1 1 1 14145.0 12722.0 14680.0 15541.0 1 0.1376203270259443
0 1 0 1 1 0 1 1 1 0 1 1 1 1 1 0 0 1 1 0 1 0 0 0 1 0 1 0 1 1 1 1 0 0 1 0 1 0 1 1 13663.0 13513.0 13738.0 13804.0 1 0.13205751810598942
1 1 0 0 1 1 1 1 0 0 1 1 0 1 1 0 0 1 1 1 1 0 0 1 1 0 1 0 0 1 0 1 1 0 1 0 1 1 1 1 15199.0 11981.0 15611.0 15819.0 1 0.12656373804056742
1 1 0 1 1 0 1 1 0 0 1 1 0 1 1 1 0 1 0 1 0 1 0 1 0 0 1 0 0 1 0 1 1 1 1 0 1 1 1 1 15344.0 10974.0 16612.0 13723.0 1 0.1253454309452117
1 1 0 0 1 0 1 1 1 0 1 0 0 1 0 0 0 1 1 0 1 0 0 1 1 0 1 0 1 1 1 1 1 0 1 0 1 1 1 1 14874.0 13097.0 14838.0 14887.0 1 0.1243350853383138
1 1 0 0 1 0 1 1 1 1 1 1 1 1 0 1 0 1 1 0 1 0 0 1 0 0 1 0 0 1 0 1 1 1 1 0 1 1 1 1 16499.0 11913.0 15069.0 15287.0 1 0.12068342941978794
1 1 0 0 0 0 1 1 1 0 1 0 0 1 1 0 0 1 1 0 1 0 0 1 1 0 1 0 1 1 1 1 1 0 1 0 1 1 1 1 14391.0 12607.0 15205.0 15422.0 1 0.11434304314272721
0 1 1 1 1 0 1 1 1 0 1 0 0 1 1 1 0 1 0 1 1 0 0 1 1 0 1 0 0 1 1 1 1 0 1 0 1 0 1 1 13818.0 13218.0 15047.0 14731.0 1 0.11338793069198189
1 1 0 1 1 0 1 1 0 0 0 0 1 1 0 0 0 1 1 0 1 0 0 1 1 0 1 0 1 1 1 1 1 0 1 0 1 1 1 1 14962.0 13041.0 15004.0 14833.0 1 0.11263491321065103
1 1 0 0 1 0 1 1 0 0 0 1 1 1 0 1 1 1 1 1 1 0 0 1 1 1 1 0 0 0 0 1 1 1 1 0 1 1 1 1 16077.0 11526.0 15430.0 14389.0 1 0.11211687187961465
1 1 0 1 1 0 1 0 1 0 1 0 0 1 1 0 0 1 0 0 1 0 0 1 1 0 1 0 1 1 1 1 0 0 1 0 1 1 1 1 13114.0 13336.0 14578.0 13606.0 1 0.10920537723818229
1 1 0 1 1 0 1 1 1 0 1 0 1 1 1 1 0 1 0 1 1 0 0 1 0 0 1 0 1 0 0 1 1 1 1 0 1 1 1 1 15005.0 12488.0 16359.0 14837.0 1 0.10895529413728211
1 1 0 1 1 0 1 1 0 0 0 1 1 1 0 1 1 0 1 0 1 1 0 1 1 0 1 0 0 0 0 0 1 1 1 0 1 1 1 1 16461.0 10986.0 15565.0 12955.0 1 0.10760930917860548
1 1 0 1 1 0 1 1 1 0 1 0 0 1 0 0 0 1 1 0 1 0 0 1 0 0 1 0 1 1 1 1 1 0 1 0 1 1 1 1 14578.0 13093.0 15002.0 14614.0 1 0.10591352404524748
1 1 0 1 1 0 1 1 1 0 1 0 0 1 1 1 0 1 1 1 1 0 0 1 0 0 1 0 1 1 0 0 1 1 1 0 1 1 1 1 15434.0 12603.0 16240.0 15672.0 1 0.10378173799226466
0 1 0 0 1 1 1 1 0 1 0 1 1 1 0 0 1 1 1 0 1 0 0 1 0 0 1 0 1 1 0 1 1 1 1 0 1 1 1 1 15791.0 12307.0 13950.0 15401.0 1 0.10113226676860484
0 1 0 0 1 1 1 1 1 0 1 0 0 1 1 1 0 1 1 1 1 0 0 1 0 0 1 1 1 1 0 0 1 0 1 0 1 1 1 1 14149.0 12319.0 14933.0 15865.0 1 0.10027310216996863
1 1 0 0 1 0 1 1 1 1 1 0 0 1 1 1 0 1 0 1 1 1 0 1 0 0 1 0 1 1 0 0 1 1 1 0 1 1 1 1 15661.0 12042.0 16082.0 15415.0 1 0.1001934160795108
1 1 0 0 1 0 1 1 0 0 1 1 1 1 1 0 1 1 1 1 1 0 0 1 0 0 1 0 1 1 0 0 1 1 1 0 1 1 1 1 15745.0 11839.0 16225.0 14885.0 1 0.09875765289443358
1 1 0 1 1 0 1 1 0 0 0 1 1 1 0 1 1 1 1 0 1 0 0 1 1 0 1 0 0 0 0 1 1 1 1 0 1 1 1 1 16238.0 12233.0 15860.0 13998.0 1 0.09871072281368724
1 1 0 1 1 0 1 1 1 0 1 0 0 1 1 0 0 1 0 0 1 0 0 0 1 0 1 0 1 0 1 0 1 0 1 0 1 1 1 1 13135.0 13095.0 15314.0 12939.0 1 0.09815813057275977
0 1 0 0 1 1 1 1 0 0 1 1 0 1 1 0 0 1 1 1 1 0 0 1 1 0 1 1 0 1 0 1 1 0 1 0 1 1 1 1 14543.0 12182.0 15566.0 15991.0 1 0.09723340258193175
1 1 0 1 1 0 1 1 0 0 1 1 0 1 0 1 1 1 1 0 1 0 0 1 0 0 1 0 0 1 0 1 1 1 1 0 1 1 1 1 16129.0 11918.0 15944.0 14070.0 1 0.09631213676348277
1 1 0 1 1 0 1 1 0 0 1 1 0 0 1 1 0 1 0 1 1 1 0 1 1 0 1 0 0 1 0 1 1 0 1 0 1 1 1 1 14970.0 11699.0 16948.0 14093.0 1 0.09583432124988868
0 1 0 0 1 0 1 1 1 1 1 1 1 1 0 1 0 1 1 0 1 0 0 1 1 0 1 0 1 0 0 0 1 1 1 0 1 1 0 1 16000.0 12086.0 14210.0 14659.0 1 0.09169017603120619
1 1 0 0 1 1 1 1 0 0 0 1 1 0 1 1 1 1 1 1 1 0 0 1 1 0 1 0 0 1 1 1 1 0 1 0 1 0 1 1 15873.0 12419.0 14882.0 14483.0 1 0.0894212121806044
1 1 0 0 1 1 1 1 0 0 0 1 1 1 0 1 1 1 1 0 1 0 0 1 1 0 1 0 0 1 0 0 1 1 1 0 1 1 1 1 16681.0 12067.0 15224.0 14696.0 1 0.08762457571931503
1 1 0 0 1 1 1 1 1 0 0 1 1 1 0 0 1 1 1 1 1 0 0 1 1 0 1 0 0 0 0 1 1 0 1 0 1 1 1 1 15154.0 12679.0 14813.0 14955.0 1 0.08561618924884222
1 1 0 1 1 0 1 1 1 0 1 0 1 1 1 1 0 1 0 1 1 0 0 1 0 0 1 0 0 1 1 1 1 0 1 0 1 1 1 1 14960.0 12524.0 16246.0 15139.0 1 0.0810089332141242
1 1 0 0 1 1 1 1 1 0 1 1 1 1 0 1 1 1 1 0 1 0 0 1 0 0 1 0 0 1 1 1 0 0 1 0 1 1 1 1 16378.0 12656.0 14616.0 14296.0 1 0.07821993387132728
1 1 0 1 1 0 1 1 0 0 0 1 1 1 0 1 1 1 1 1 1 0 0 1 1 0 1 0 0 0 0 1 1 0 1 0 1 1 1 1 15515.0 12145.0 15795.0 14105.0 1 0.07810703985045836
1 1 0 1 1 0 1 1 1 0 1 0 0 1 1 0 0 1 1 1 1 0 0 1 0 0 1 0 1 1 1 1 0 0 1 0 1 1 1 1 14220.0 12878.0 15048.0 14962.0 1 0.07723100431090622
1 1 0 1 1 0 1 1 1 0 1 0 0 1 1 1 0 1 1 1 1 0 0 1 1 0 1 0 0 0 0 0 1 1 1 0 1 1 1 1 15358.0 12246.0 16527.0 15038.0 1 0.07691719179171448
1 1 0 1 1 0 1 0 1 0 1 0 0 1 1 0 0 1 0 0 1 1 0 1 0 0 1 0 1 1 1 1 1 0 1 0 1 1 1 1 13613.0 12882.0 15305.0 14061.0 1 0.07563828805608523
1 1 0 0 0 0 1 1 1 0 1 0 0 1 1 1 1 1 0 0 1 0 0 0 1 0 1 0 1 1 0 1 1 1 1 0 1 1 1 1 14196.0 12635.0 15227.0 14247.0 1 0.07362750894172873
1 1 0 0 1 1 1 1 1 0 0 1 1 1 0 1 1 1 1 0 1 0 0 1 1 0 1 0 0 0 0 0 1 1 1 0 1 1 1 1 16406.0 12434.0 15138.0 14405.0 1 0.07346998488582715
0 1 0 0 1 0 1 1 1 1 1 1 1 1 0 1 1 1 1 0 1 0 0 1 0 0 1 0 0 1 0 1 1 1 1 0 1 1 1 1 16265.0 12057.0 14872.0 15226.0 1 0.06947378584008299
1 1 0 1 1 0 1 1 1 0 1 0 1 0 1 1 0 1 0 1 1 0 0 1 1 0 1 0 0 1 1 1 1 0 1 0 1 0 1 1 14431.0 12864.0 15707.0 14051.0 1 0.06734675092981263
0 1 0 0 1 0 1 1 1 1 1 0 0 1 1 1 0 1 1 1 1 1 0 1 0 0 1 0 1 1 0 0 1 1 1 0 1 1 1 1 15584.0 11743.0 15357.0 16077.0 1 0.06726010137020219
1 1 0 0 1 1 1 1 0 0 0 1 1 0 1 1 1 1 1 1 1 0 0 1 1 0 1 0 1 1 1 1 0 0 1 0 1 0 1 1 15674.0 12822.0 14264.0 13990.0 1 0.0669986045087943
0 1 0 0 1 1 1 1 1 0 1 0 0 1 1 1 0 1 1 1 1 1 0 1 0 0 1 0 1 1 0 0 1 1 1 0 1 1 1 1 15551.0 11888.0 15302.0 16117.0 1 0.06305150360406257
1 1 0 0 1 0 1 1 1 0 1 0 0 1 1 1 0 1 0 1 1 0 0 1 1 0 1 1 0 0 1 1 1 0 1 0 1 1 1 1 14505.0 12520.0 16274.0 14435.0 1 0.06303276538785146
1 1 0 0 1 0 1 1 0 0 0 1 1 1 0 1 1 1 1 1 1 0 0 1 1 1 1 0 0 0 1 1 1 0 1 0 1 1 1 1 16041.0 11925.0 15418.0 14149.0 1 0.05904423192756903
0 1 0 0 1 0 1 1 1 1 0 0 1 1 1 0 0 1 1 1 1 1 0 1 0 0 1 0 1 1 1 0 1 1 1 0 1 1 1 1 15385.0 12109.0 14837.0 16137.0 1 0.0575270339100364
0 1 0 1 1 0 1 1 1 0 1 1 1 1 1 0 0 1 0 0 1 1 0 1 0 0 1 0 1 1 1 1 1 0 0 0 1 1 1 1 14170.0 12705.0 15262.0 15033.0 1 0.05743723723437616
