1 1 0 0 1 1 1 1 1 0 0 0 1 1 1 1 0 1 1 1 1 1 0 1 1 0 1 0 0 1 0 1 1 1 1 0 1 1 1 1 16763.0 12723.0 15881.0 17372.0 0 1000000000000000.1
1 1 0 0 1 1 1 1 1 0 0 0 0 1 1 1 0 1 1 1 1 0 0 1 1 0 1 0 1 1 0 1 1 1 1 0 1 1 1 1 16063.0 13270.0 15293.0 17132.0 0 0.178807221649032
1 1 0 0 1 1 1 1 1 0 0 0 0 1 1 1 0 1 1 1 1 0 0 1 1 0 1 0 1 1 1 1 1 0 1 0 1 1 1 1 16027.0 13669.0 15281.0 16892.0 0 0.16586506319748445
1 1 0 0 1 1 1 1 1 0 0 1 1 1 1 1 0 1 1 1 1 0 0 1 0 0 1 1 1 1 0 1 1 0 1 0 1 1 1 1 15720.0 13268.0 15544.0 16818.0 0 0.0698264161868406
0 1 0 1 1 0 1 1 1 0 0 0 1 1 1 1 0 1 1 1 1 0 0 1 1 0 1 0 1 1 1 1 1 0 1 0 1 1 1 1 15398.0 13673.0 15647.0 16741.0 0 0.11559610596235499
0 1 0 1 1 1 1 1 0 0 0 1 0 1 1 1 0 1 1 1 1 1 0 1 1 0 1 0 0 1 0 1 1 1 1 0 1 1 1 1 16524.0 12373.0 16216.0 16649.0 0 0.12570768559419876
1 1 0 0 1 0 1 1 1 0 0 1 1 1 1 1 0 1 1 1 1 1 0 1 1 0 1 0 0 1 0 1 1 1 1 0 1 1 1 1 16685.0 12273.0 16251.0 16585.0 0 0.15802503695745085
1 1 1 0 1 1 1 1 1 0 0 0 1 1 1 1 0 1 0 1 1 0 0 1 1 0 1 0 1 1 0 1 1 0 1 0 1 1 1 1 14918.0 13690.0 15135.0 16581.0 0 0.18566363889029244
1 1 0 0 1 1 1 1 1 0 0 1 1 1 1 1 0 1 1 1 1 1 0 1 0 0 1 0 1 1 0 0 1 1 1 0 1 1 1 1 16841.0 12466.0 15880.0 16468.0 0 0.09194255849449416
1 1 0 0 1 1 1 1 1 0 0 1 1 1 1 1 0 1 0 1 1 0 0 1 1 0 1 0 1 1 0 1 1 0 1 0 1 1 1 1 15606.0 13342.0 15642.0 16366.0 0 0.14582760690537566
1 1 0 0 1 1 1 1 1 0 0 1 1 1 1 1 0 1 1 0 1 1 0 1 0 0 1 0 0 1 1 1 1 1 1 0 1 1 1 1 17359.0 12464.0 15664.0 16303.0 0 1000000000000000.0
1 1 0 1 1 0 1 1 1 0 1 0 1 1 1 1 0 1 1 1 1 0 0 1 0 0 1 0 0 1 0 1 1 1 1 0 1 1 1 1 15750.0 12338.0 16264.0 16224.0 0 0.07437325660010527
0 1 0 1 1 1 1 1 0 0 1 0 1 1 1 1 0 1 0 1 1 0 0 1 1 0 1 0 1 1 0 1 1 0 1 0 1 1 1 1 15154.0 13120.0 16196.0 16189.0 0 0.07113339779407442
1 1 0 1 1 1 1 1 0 0 0 0 1 1 1 1 0 1 0 1 1 0 0 1 1 0 1 0 1 1 0 1 1 0 1 0 1 1 1 1 15235.0 13220.0 15961.0 16144.0 0 0.05766824286112928
0 1 0 0 1 1 1 1 1 0 0 1 1 1 1 1 0 1 0 0 1 1 0 1 1 0 1 0 1 1 1 1 1 0 1 0 1 1 1 1 16127.0 13406.0 15561.0 16126.0 0 0.09916003572200757
1 1 0 1 1 0 1 1 1 0 0 1 0 1 1 1 0 1 1 1 1 0 1 1 0 0 1 0 0 1 0 1 1 1 1 0 1 1 1 1 15315.0 12341.0 16289.0 16108.0 0 0.0853731578972418
1 1 0 1 1 0 1 1 1 0 0 0 1 1 1 1 0 1 0 1 1 0 0 1 1 0 1 0 1 1 0 1 1 0 1 0 1 1 1 1 14599.0 13380.0 15926.0 16002.0 0 0.1355850465891944
1 1 0 1 1 0 1 1 1 0 1 0 1 1 1 1 0 1 1 1 1 0 0 1 0 0 1 0 0 1 1 1 1 0 1 0 1 1 1 1 15714.0 12737.0 16252.0 15984.0 0 0.03952962058525235
1 1 0 1 1 1 1 1 0 0 1 0 1 1 1 1 0 1 0 1 1 0 0 1 1 0 1 0 0 1 0 1 1 0 1 0 1 1 1 1 15535.0 12772.0 16625.0 15952.0 0 0.10081209061162474
1 1 0 0 1 1 1 1 1 0 0 1 0 1 1 1 0 1 1 1 1 1 0 1 1 0 1 0 0 1 1 1 1 0 1 0 1 0 1 1 16289.0 12980.0 15118.0 15944.0 0 0.11934025480003464
1 1 0 0 1 1 1 1 0 0 1 1 1 1 1 1 0 1 0 1 1 0 0 1 1 0 1 0 1 1 0 1 1 0 1 0 1 1 1 1 16190.0 12890.0 16493.0 15923.0 0 0.09159477717585382
1 1 0 1 1 0 1 1 1 0 1 1 0 1 1 1 0 1 1 0 1 0 0 1 1 0 1 0 0 1 0 1 1 0 1 0 1 1 1 1 15703.0 13070.0 16430.0 15887.0 0 0.07614940221804957
1 1 0 1 1 0 1 1 1 0 1 1 1 1 1 1 0 1 1 0 1 0 0 1 0 0 1 0 0 1 0 1 1 1 1 0 1 1 1 1 16285.0 12487.0 16391.0 15826.0 0 0.09856927947140331
1 1 0 1 1 0 1 1 1 0 1 0 0 1 1 1 0 1 0 1 1 1 0 1 1 0 1 0 0 1 0 1 1 0 1 0 1 1 1 1 15079.0 12797.0 16894.0 15730.0 0 0.177623692127382
1 1 0 1 1 0 1 1 0 0 0 0 1 1 1 1 0 1 0 1 1 0 0 1 1 0 1 1 1 1 0 1 1 0 1 0 1 1 1 1 14608.0 13229.0 16497.0 15686.0 0 0.12974745669707385
1 1 0 0 1 1 1 1 1 0 0 1 1 1 0 1 1 1 1 0 1 0 0 1 1 0 1 0 0 1 0 1 1 0 1 0 1 1 1 1 16216.0 13109.0 14914.0 15652.0 0 0.16338614090772927
1 1 0 0 1 1 1 1 0 0 1 1 1 1 1 1 1 1 1 0 1 0 0 1 0 0 1 0 0 1 0 1 1 1 1 0 1 1 1 1 16999.0 11987.0 16006.0 15615.0 0 0.25131082936589194
1 1 0 0 1 1 1 1 1 0 0 1 1 1 1 1 0 1 0 0 1 1 0 1 0 0 1 0 1 1 1 1 1 0 1 0 1 1 1 1 16143.0 12918.0 15502.0 15561.0 0 0.08322438074254707
1 1 0 1 1 0 1 1 0 0 1 0 1 1 1 1 0 1 0 1 1 0 0 1 1 0 1 0 1 1 0 1 1 0 1 0 1 1 1 1 15183.0 12928.0 16777.0 15559.0 0 0.02932194869166033
0 1 0 1 1 0 1 1 1 0 0 1 0 1 1 1 0 1 0 1 1 0 0 1 1 0 1 0 1 1 1 1 1 0 1 0 1 1 1 1 14883.0 13490.0 15868.0 15552.0 0 0.2048206776678552
1 1 0 1 1 0 1 1 1 0 1 1 1 1 1 1 0 1 0 1 1 0 1 1 0 0 1 0 0 1 0 1 1 0 1 0 1 1 1 1 14884.0 12571.0 17084.0 15544.0 0 0.13110448501291375
1 1 0 0 1 0 1 1 1 0 0 1 1 1 1 1 0 1 0 0 1 1 0 1 1 0 1 0 1 1 1 1 1 0 1 0 1 1 1 1 16156.0 13214.0 16142.0 15496.0 0 0.09334323042852696
1 1 0 0 1 1 1 1 1 0 0 1 1 1 0 0 1 1 0 1 1 0 0 1 1 0 1 0 1 1 0 1 1 0 1 0 1 1 1 1 15291.0 13823.0 15310.0 15492.0 0 0.11252233754661166
1 1 0 1 1 0 1 1 1 0 1 1 1 1 1 1 0 1 0 1 1 0 0 1 0 0 1 0 0 1 0 1 1 1 1 0 1 1 1 1 15720.0 12379.0 16778.0 15405.0 0 0.05120982899898975
1 1 0 1 1 0 1 0 1 0 1 0 1 1 1 1 0 1 0 1 1 0 0 1 1 0 1 0 1 1 0 1 1 0 1 0 1 1 1 1 14371.0 13568.0 16031.0 15395.0 0 0.1126846729685706
1 1 0 0 1 1 1 1 1 0 0 1 1 1 0 1 1 1 1 0 1 0 0 1 1 0 1 0 0 1 0 0 1 1 1 0 1 1 1 1 16847.0 12931.0 15339.0 15367.0 0 0.0727192055400622
1 1 0 1 1 1 1 1 0 0 1 1 1 1 1 1 0 1 1 0 1 1 0 1 0 0 1 0 0 1 0 0 1 0 1 0 1 1 1 1 16393.0 11852.0 16532.0 15339.0 0 0.11431843790524007
1 1 0 1 1 0 1 1 1 0 1 0 1 1 1 1 0 1 0 1 1 0 1 1 0 0 1 0 1 1 0 0 1 0 1 0 1 1 1 1 14329.0 12806.0 16833.0 15336.0 0 1000000000000000.0
1 1 0 1 1 0 1 1 1 0 1 1 1 1 1 1 0 1 1 0 1 1 0 1 0 0 1 0 0 1 0 0 1 0 1 0 1 1 1 1 15757.0 12012.0 16497.0 15197.0 0 0.0703294920383547
1 1 0 1 1 0 1 1 0 0 0 1 1 1 1 1 1 1 1 0 1 0 0 1 1 0 1 0 0 1 0 0 1 1 1 0 1 1 1 1 16500.0 12496.0 16601.0 15195.0 0 0.044663264638800694
1 1 0 1 1 0 1 1 1 0 1 0 1 1 1 1 0 1 0 1 0 1 0 1 1 0 1 0 0 1 0 1 1 0 1 0 1 1 1 1 15174.0 12615.0 16832.0 15169.0 0 0.0764202514087051
1 1 0 1 1 0 1 1 1 0 1 1 1 1 1 1 0 1 0 1 1 0 0 1 0 0 1 0 0 1 1 1 1 0 1 0 1 1 1 1 15684.0 12778.0 16766.0 15165.0 0 0.02990990213321721
1 1 0 0 1 1 1 1 1 0 0 1 1 1 0 1 1 1 1 0 1 0 0 1 1 0 1 0 0 1 0 1 1 1 1 0 1 0 1 1 16451.0 13130.0 14394.0 15125.0 0 0.16233851744939895
0 1 0 0 1 1 1 1 1 0 0 1 1 1 0 1 1 1 1 0 1 0 0 1 1 0 1 0 1 1 1 1 1 0 1 0 1 0 1 1 16034.0 13877.0 13953.0 15122.0 0 0.19277410041447737
1 1 0 1 1 0 1 1 0 0 1 1 0 1 1 1 0 1 1 1 1 0 0 1 0 0 1 0 1 1 0 0 1 1 1 0 1 1 1 1 15992.0 11993.0 16645.0 15027.0 0 0.1256423861488656
1 1 0 1 1 0 1 1 1 0 1 1 1 1 1 1 0 1 0 1 0 0 0 1 1 0 1 0 0 1 0 1 1 0 1 0 1 1 1 1 15233.0 12780.0 16755.0 14905.0 0 0.08567778777204393
1 1 0 0 1 1 1 1 0 0 1 1 1 1 1 1 0 1 0 1 1 0 0 1 1 0 1 0 0 0 1 1 1 1 1 0 1 1 0 1 16876.0 12011.0 15908.0 14886.0 0 0.0723112560748744
1 1 0 1 1 0 1 1 1 0 1 1 1 1 1 1 0 1 0 0 1 0 0 1 1 0 1 0 0 1 0 1 1 1 1 0 1 0 1 1 15669.0 13102.0 16197.0 14885.0 0 0.05346059046207785
1 1 0 1 1 0 1 1 0 0 1 0 1 1 1 1 0 1 0 1 1 1 1 1 0 0 1 0 0 1 0 0 1 1 1 0 1 1 1 1 15290.0 11364.0 17471.0 14852.0 0 1000000000000000.1
1 1 0 0 1 1 1 1 1 0 0 1 1 1 0 1 1 1 1 0 1 0 0 1 1 0 1 0 0 1 1 1 0 0 1 0 1 1 1 1 16443.0 13244.0 14440.0 14816.0 0 0.08947725110104063
1 1 0 1 1 0 1 1 0 0 1 1 1 1 1 1 0 1 1 1 1 1 0 1 0 0 1 0 1 1 0 0 0 1 1 0 1 1 1 1 16493.0 11849.0 16615.0 14774.0 0 0.07658520389244561
1 1 0 0 1 1 1 1 1 0 0 1 1 1 1 1 0 1 0 0 1 1 0 1 1 0 1 0 1 0 1 0 1 0 1 0 1 1 1 1 16236.0 13050.0 16058.0 14745.0 0 0.10219806845381163
1 1 0 1 1 0 1 1 0 0 1 1 1 1 1 1 0 1 0 1 1 0 1 1 0 0 1 0 1 1 0 0 1 0 1 0 1 1 1 1 14887.0 12196.0 17238.0 14691.0 0 0.16689805390343532
1 1 0 1 1 0 1 1 0 0 1 1 1 1 1 1 0 1 1 0 1 1 0 1 0 0 1 0 0 1 1 0 1 0 1 0 1 1 1 1 16467.0 11740.0 16828.0 14603.0 0 0.16285151989191815
1 0 0 1 1 0 1 1 1 0 1 1 1 1 1 1 0 1 0 1 1 0 0 1 1 0 1 0 0 1 0 0 1 1 1 0 1 1 1 1 16046.0 12048.0 16816.0 14599.0 0 0.09477143899318186
1 1 0 1 1 0 1 1 1 0 1 1 1 1 1 1 0 1 0 1 1 0 0 1 1 0 1 0 0 0 0 0 1 1 1 0 1 1 1 1 15813.0 12511.0 17334.0 14589.0 0 0.11015051839178834
1 1 0 1 1 0 1 1 0 0 1 1 1 1 1 1 0 1 0 1 1 0 1 1 0 0 1 0 0 1 0 0 1 1 1 0 1 1 1 1 15349.0 11529.0 17394.0 14588.0 0 0.24909704352582546
1 1 0 0 1 1 1 1 1 0 1 1 1 1 0 1 1 1 1 0 1 0 0 1 0 0 1 0 0 1 1 1 1 0 1 0 1 0 1 1 16350.0 12941.0 14558.0 14365.0 0 0.23328245412349402
1 1 0 1 1 0 1 1 0 0 1 1 1 1 1 1 0 1 0 1 1 0 0 1 1 0 1 0 0 0 1 1 1 0 1 0 1 1 1 1 15892.0 12417.0 17240.0 14280.0 0 0.21101243754949628
1 1 0 1 1 0 1 1 1 0 0 0 1 1 0 0 1 1 1 0 1 0 0 1 1 0 1 0 1 1 1 1 0 0 1 0 1 0 1 1 14399.0 13932.0 13755.0 13869.0 0 1000000000000000.5
1 1 0 0 1 1 1 1 1 0 0 1 1 1 0 1 1 1 1 0 1 0 0 0 1 0 1 0 1 1 1 1 0 0 1 0 1 0 1 1 15332.0 13878.0 12953.0 13541.0 0 1000000000000000.1
1 1 0 1 1 0 1 1 0 0 1 1 1 1 1 1 0 1 0 1 0 1 0 1 1 0 1 0 0 0 0 0 1 1 1 0 1 1 1 1 15922.0 11330.0 17461.0 13277.0 0 2000000000000000.0
1 1 0 0 1 1 1 1 1 0 0 1 1 1 0 0 1 1 1 0 1 0 0 0 1 0 1 0 1 1 1 1 0 0 1 0 1 0 1 1 14522.0 13840.0 12660.0 13382.0 1 2000000000000000.2
1 1 0 0 1 1 1 1 1 0 0 0 1 1 1 1 0 1 1 1 1 1 0 1 1 0 1 0 0 1 0 1 1 1 1 0 0 1 1 1 16049.0 11826.0 15273.0 17242.0 1 1000000000000000.1
1 1 0 0 1 1 1 1 0 0 1 1 1 1 0 1 1 1 1 0 1 0 0 1 0 0 1 0 0 1 0 1 1 1 1 0 1 1 1 1 16897.0 11850.0 15433.0 14778.0 1 1000000000000000.1
1 1 0 1 1 0 1 1 0 0 1 1 1 1 1 1 0 1 0 1 0 1 0 1 1 0 1 0 0 1 0 1 1 0 1 0 1 1 1 1 15732.0 12005.0 17237.0 14524.0 1 1000000000000000.1
1 1 0 1 1 0 1 1 0 0 1 1 1 1 1 1 0 1 0 1 0 1 0 1 0 0 1 0 0 1 0 1 1 1 1 0 1 1 1 1 15829.0 11198.0 16905.0 14093.0 1 1000000000000000.1
1 1 0 1 1 0 1 1 0 0 1 1 0 0 0 1 0 1 0 1 1 1 0 1 1 0 1 0 0 1 1 1 0 1 1 0 1 1 1 1 16007.0 11890.0 16359.0 12737.0 1 1000000000000000.1
1 1 0 1 1 0 1 0 1 0 1 0 1 1 1 1 0 1 0 1 1 0 0 0 1 0 1 0 1 1 0 1 1 0 1 0 1 1 1 1 13487.0 13514.0 15220.0 14544.0 1 1000000000000000.0
1 1 0 0 1 1 1 1 1 0 0 0 1 1 0 0 1 1 1 0 1 0 0 1 1 0 1 0 1 1 1 1 0 0 1 0 1 0 1 1 14682.0 13640.0 12951.0 14207.0 1 0.30466035978344025
0 1 0 1 1 1 1 0 1 0 0 0 0 1 1 1 0 1 1 0 1 0 0 0 1 0 1 0 1 1 1 1 1 0 1 0 1 1 1 1 13664.0 13770.0 13439.0 15074.0 1 0.28540522207793523
1 1 0 1 1 0 1 1 1 0 1 0 0 1 1 1 0 1 1 0 1 0 0 0 1 0 1 0 1 1 1 1 0 0 1 0 1 0 1 1 14095.0 13585.0 13949.0 13750.0 1 0.24593455111853485
1 1 0 0 1 1 1 1 1 0 0 0 1 1 1 1 0 1 0 1 1 0 0 1 1 0 1 0 1 1 0 1 1 0 1 1 1 1 1 1 15115.0 13172.0 15247.0 16554.0 1 0.2323421103184969
1 1 0 1 1 0 1 1 1 0 1 0 1 1 1 1 0 1 0 1 1 0 1 1 0 0 1 0 0 1 0 1 1 0 1 0 1 1 1 1 14160.0 12317.0 16564.0 15518.0 1 0.22877597579199918
1 1 0 1 1 0 1 0 1 0 1 0 1 1 1 1 0 1 0 1 1 0 0 1 1 0 1 0 1 0 0 1 1 0 1 0 1 1 1 1 13930.0 13071.0 15830.0 14433.0 1 0.223303769478998
1 1 0 1 1 0 1 1 0 0 1 1 0 1 1 1 0 1 0 1 1 0 0 1 0 0 1 0 1 1 1 1 1 0 1 0 1 1 1 1 15483.0 12550.0 16660.0 14544.0 1 0.22003447001889256
1 1 0 0 1 1 1 1 0 0 0 1 1 1 1 1 0 1 1 1 1 0 0 1 1 0 1 0 0 1 0 0 1 1 1 0 1 1 1 1 16375.0 11653.0 15656.0 15835.0 1 0.2173733128257175
1 1 0 0 1 1 1 1 1 0 0 0 0 1 1 1 0 1 1 1 1 0 0 1 1 0 1 0 1 1 1 1 1 0 1 0 0 1 1 1 15313.0 12772.0 14673.0 16762.0 1 0.21403942670094347
1 1 0 0 1 0 1 1 0 0 1 1 1 1 1 1 0 1 1 1 1 1 0 1 1 0 1 0 0 1 0 1 1 1 0 0 1 1 1 1 16470.0 11454.0 16116.0 16066.0 1 0.20767007432941353
1 1 0 1 1 0 1 1 1 0 1 0 1 1 1 1 0 1 0 1 1 0 1 1 0 0 1 0 0 1 0 0 1 1 1 0 1 1 1 1 14791.0 12139.0 16989.0 15233.0 1 0.20155908754880356
1 1 0 0 1 1 1 1 1 0 0 0 0 1 1 1 0 1 1 1 1 1 0 1 1 0 1 0 0 1 0 1 1 1 1 0 1 1 1 1 16278.0 12499.0 15588.0 17002.0 1 0.1983359775689373
1 1 0 0 1 1 1 1 1 0 0 1 1 1 0 1 1 1 1 1 1 0 0 1 0 0 1 1 1 1 0 1 1 0 1 0 1 0 0 1 15327.0 13308.0 13541.0 15210.0 1 0.19562723914712954
1 1 0 0 1 1 1 1 0 0 0 1 1 1 0 0 1 1 1 0 1 0 0 1 1 0 1 0 0 1 1 1 1 0 1 0 1 1 1 1 16116.0 12799.0 14952.0 14899.0 1 0.18890786951781857
0 1 0 1 1 1 1 1 1 0 0 0 0 1 1 1 0 1 1 0 1 0 0 0 1 0 1 0 1 1 1 1 0 0 1 0 1 1 1 1 13993.0 13537.0 13380.0 14996.0 1 0.18632024585441667
1 1 0 0 1 1 1 1 1 0 0 1 1 1 0 1 1 1 1 0 0 0 0 1 1 0 1 0 0 1 1 1 0 0 1 0 1 1 1 1 16053.0 12838.0 14085.0 13885.0 1 0.1863140438801412
0 1 0 0 1 1 1 1 0 1 0 1 1 1 0 1 1 1 1 1 1 1 0 1 1 0 1 0 0 0 0 0 1 1 1 0 1 1 0 1 16887.0 11504.0 14501.0 14989.0 1 0.18629104701713126
1 1 0 0 1 1 1 1 1 0 0 0 0 1 1 1 0 1 1 1 1 0 0 1 1 0 1 0 1 1 0 1 1 1 1 0 1 1 0 1 15852.0 12963.0 14307.0 17083.0 1 0.1861476891901329
1 1 0 0 1 1 1 1 1 0 1 1 1 1 0 1 1 1 1 0 1 0 0 1 0 0 1 0 0 1 0 0 1 1 1 0 1 1 1 1 16782.0 12343.0 15515.0 14847.0 1 0.18005111192376538
1 1 0 0 1 1 1 1 1 0 0 1 1 1 0 1 1 1 1 0 1 0 0 1 1 0 1 0 1 1 1 1 0 0 1 0 1 0 0 1 16005.0 13625.0 12778.0 14343.0 1 0.18001735297637073
0 1 0 0 1 1 1 1 1 0 1 0 0 1 1 1 0 1 0 0 1 0 0 1 1 0 1 1 1 1 0 1 1 0 1 0 1 1 1 1 14302.0 13372.0 15357.0 15946.0 1 0.17945093898351513
1 1 0 0 1 1 1 1 1 0 0 0 0 1 1 1 0 1 1 1 1 1 0 1 1 0 1 0 0 1 1 1 0 1 1 0 1 1 1 1 16505.0 12634.0 15114.0 16166.0 1 0.17892862041557128
1 1 0 1 1 0 1 1 0 0 0 1 1 1 0 1 1 1 1 1 1 1 0 1 1 0 1 0 0 0 0 0 1 1 1 0 1 1 0 1 16600.0 11749.0 15831.0 14061.0 1 0.174546097691138
1 1 0 0 1 1 1 1 1 0 0 0 1 1 1 1 0 1 1 1 1 0 0 1 0 0 1 1 1 1 0 1 1 0 1 0 1 1 1 1 14996.0 13014.0 15024.0 16792.0 1 0.17313597073646478
1 1 0 1 1 0 1 1 1 0 1 0 0 1 1 1 0 1 1 0 1 0 0 1 1 0 1 0 0 1 0 0 1 1 1 0 1 1 1 1 15610.0 12638.0 16335.0 15576.0 1 0.17160375658749719
1 1 0 0 1 1 1 0 1 0 0 0 0 1 0 1 0 1 1 1 1 0 0 1 1 0 1 0 1 1 1 1 1 0 1 0 1 1 1 1 14947.0 13308.0 13847.0 15220.0 1 0.17006312775207041
0 1 0 1 1 1 1 1 0 0 0 1 0 1 1 1 0 1 1 1 1 1 0 1 1 0 1 0 0 1 0 0 1 1 1 0 1 1 1 1 16243.0 12002.0 16183.0 16047.0 1 0.1641881137161974
0 1 0 1 1 0 1 1 1 0 1 1 0 1 1 1 0 1 1 0 1 0 0 1 1 0 1 0 0 1 0 1 1 0 1 0 1 1 1 1 14872.0 12558.0 15699.0 15704.0 1 0.14421114066483562
0 1 0 1 1 0 1 1 1 0 0 0 0 1 1 1 0 1 1 1 1 0 0 1 1 0 1 0 1 1 1 1 1 0 1 0 1 1 1 1 14913.0 13449.0 15354.0 16371.0 1 0.14137472797979972
1 0 0 0 1 1 1 1 1 0 0 0 0 1 1 1 0 1 1 1 1 0 0 1 1 0 1 0 1 1 1 1 1 0 1 0 1 1 1 1 15819.0 12709.0 14562.0 15940.0 1 0.14109013485378347
1 1 0 0 1 1 1 1 0 0 0 1 1 1 0 1 1 1 1 0 1 0 0 1 1 0 1 0 0 1 1 1 1 0 1 0 1 1 0 1 16715.0 12530.0 14259.0 15009.0 1 0.13849347387547184
