0 1 0 0 1 1 1 1 0 1 0 1 1 1 1 0 1 1 1 1 1 0 0 1 0 0 1 0 0 1 0 1 1 1 1 0 1 1 1 1 15632.0 11689.0 14614.0 16242.0 0 2000000000000000.0
0 1 0 0 1 0 1 1 1 1 0 0 0 1 1 0 0 1 1 1 1 1 0 1 0 0 1 0 1 1 1 1 1 0 1 0 1 1 1 1 14269.0 12063.0 14119.0 16052.0 0 0.21231701004459377
0 1 0 0 1 0 1 1 1 1 0 0 1 1 1 0 1 1 1 1 1 0 0 1 0 0 1 0 1 1 0 0 1 1 1 0 1 1 1 1 14441.0 12084.0 14328.0 15892.0 0 0.17864312561559856
1 1 0 0 1 0 1 1 1 1 0 0 0 1 1 0 0 1 1 1 1 1 0 1 0 0 1 0 1 1 0 0 1 1 1 0 1 1 1 1 14855.0 11805.0 14829.0 15873.0 0 0.1629248007599336
0 1 0 0 1 1 1 1 0 1 0 1 1 1 0 0 1 1 1 1 1 0 0 1 0 0 1 0 1 1 0 1 1 1 0 0 1 1 1 1 15181.0 12045.0 13357.0 15749.0 0 0.2325533519553849
1 1 0 1 1 0 1 1 1 0 1 0 0 1 1 1 0 1 1 1 1 0 0 1 0 0 1 0 1 1 0 0 1 1 1 0 1 1 1 1 15434.0 12603.0 16240.0 15672.0 0 0.28560546219605837
1 1 0 0 0 0 1 1 1 0 1 0 0 1 1 0 0 1 1 0 1 0 0 1 1 0 1 0 1 1 1 1 1 0 1 0 1 1 1 1 14391.0 12607.0 15205.0 15422.0 0 0.17785094568532728
0 1 0 0 1 1 1 1 0 1 0 1 1 1 0 0 1 1 1 0 1 0 0 1 0 0 1 0 1 1 0 1 1 1 1 0 1 1 1 1 15791.0 12307.0 13950.0 15401.0 0 0.46526019070971053
1 1 0 1 1 0 1 1 1 0 1 0 1 1 1 1 0 1 0 1 1 0 0 1 0 0 1 0 0 1 0 1 1 1 1 0 1 1 1 1 14996.0 12125.0 16258.0 15379.0 0 0.16518617944940397
1 1 0 0 1 0 1 1 1 1 1 1 1 1 0 1 0 1 1 0 1 0 0 1 0 0 1 0 0 1 0 1 1 1 1 0 1 1 1 1 16499.0 11913.0 15069.0 15287.0 0 1000000000000000.1
0 1 0 0 1 0 1 1 1 1 1 1 1 1 0 1 1 1 1 0 1 0 0 1 0 0 1 0 0 1 0 1 1 1 1 0 1 1 1 1 16265.0 12057.0 14872.0 15226.0 0 0.21090594063957654
1 1 0 1 1 0 1 1 1 0 1 0 1 1 1 1 0 1 0 1 1 0 0 1 0 0 1 0 1 1 0 0 1 1 1 0 1 1 1 1 15165.0 12614.0 16527.0 15197.0 0 0.288028221108135
0 1 0 0 1 1 1 1 1 1 1 0 1 1 0 1 0 1 0 1 1 0 0 1 1 0 1 0 0 1 1 1 0 0 1 0 1 1 1 1 15311.0 12685.0 14213.0 15065.0 0 0.17344399144336142
1 1 0 0 1 0 1 1 0 0 1 1 0 1 1 0 0 1 1 1 1 1 0 1 0 0 1 0 1 1 1 1 1 0 1 0 1 1 1 1 15573.0 11818.0 16016.0 15045.0 0 0.16031275355447366
1 1 0 1 1 0 1 1 1 0 1 0 0 1 1 0 0 1 1 1 1 0 0 1 0 0 1 0 1 1 1 1 0 0 1 0 1 1 1 1 14220.0 12878.0 15048.0 14962.0 0 0.31553398725427173
1 1 0 0 1 0 1 1 0 0 1 1 1 1 1 0 1 1 1 1 1 0 0 1 0 0 1 0 1 1 0 0 1 1 1 0 1 1 1 1 15745.0 11839.0 16225.0 14885.0 0 0.12056367864230574
0 1 0 0 1 1 1 0 1 0 0 0 1 1 1 0 1 1 1 0 1 0 0 0 1 0 1 0 1 1 0 1 1 0 1 0 1 1 1 1 12541.0 13024.0 12573.0 14855.0 0 1000000000000000.2
1 1 0 1 1 0 1 1 0 0 0 0 1 1 0 0 0 1 1 0 1 0 0 1 1 0 1 0 1 1 1 1 1 0 1 0 1 1 1 1 14962.0 13041.0 15004.0 14833.0 0 0.09225324408002004
1 1 0 0 1 1 1 1 1 0 0 1 1 1 0 1 1 1 1 0 1 0 0 1 1 0 1 0 0 1 1 1 0 0 1 0 1 1 1 1 16443.0 13244.0 14440.0 14816.0 0 0.2972929344805092
1 1 0 1 1 0 1 1 1 0 1 0 0 1 0 0 0 1 1 0 1 0 0 1 0 0 1 0 1 1 1 1 1 0 1 0 1 1 1 1 14578.0 13093.0 15002.0 14614.0 0 0.1958969891864759
1 1 0 1 1 0 1 1 1 0 1 0 1 0 1 1 0 1 0 1 1 0 0 1 0 0 1 0 1 1 1 1 1 0 1 0 1 1 1 1 14743.0 12896.0 16197.0 14567.0 0 0.3347263680553042
1 1 0 1 1 0 1 1 0 0 0 1 1 1 0 1 1 1 1 1 1 0 0 1 1 0 1 0 0 0 0 1 1 0 1 0 1 1 1 1 15515.0 12145.0 15795.0 14105.0 0 0.46215582765110297
1 1 0 1 1 0 1 1 1 0 1 0 1 1 0 1 1 1 1 0 1 0 0 1 0 0 1 0 0 1 1 1 0 0 1 0 1 1 1 1 15371.0 12694.0 14900.0 13932.0 0 0.2386345469249232
0 1 0 1 1 0 1 1 1 0 1 1 1 1 1 0 0 1 1 0 1 0 0 0 1 0 1 0 1 1 1 1 0 0 1 0 1 0 1 1 13663.0 13513.0 13738.0 13804.0 0 0.7628013346764773
1 1 0 1 1 0 1 1 0 0 1 1 0 0 1 1 0 1 0 1 1 1 0 1 1 0 1 0 0 1 1 1 0 0 1 0 1 1 1 1 15197.0 11834.0 16474.0 13257.0 0 0.2699118455289584
1 1 0 1 1 0 1 1 0 0 1 1 0 0 1 1 0 1 0 1 1 1 0 1 1 0 1 0 0 0 1 1 1 0 1 0 1 1 1 1 15405.0 11794.0 17193.0 13208.0 0 1000000000000000.2
1 1 0 1 1 0 1 1 1 0 1 0 0 1 1 0 0 1 0 0 1 0 0 0 1 0 1 0 1 0 1 0 1 0 1 0 1 1 1 1 13135.0 13095.0 15314.0 12939.0 0 0.4827269252859845
1 1 0 1 1 0 1 0 1 0 1 1 0 1 1 0 0 1 1 0 1 0 0 0 1 0 1 0 1 1 1 1 0 0 1 0 1 0 1 1 13031.0 13577.0 13315.0 12782.0 0 1000000000000000.4
1 1 0 1 1 0 1 0 1 0 1 0 0 1 1 0 0 1 0 0 1 0 0 0 1 0 1 0 1 0 1 1 1 0 1 0 1 1 1 1 12438.0 13242.0 14486.0 12706.0 0 2000000000000000.0
0 1 0 0 1 0 1 1 1 1 0 0 0 1 1 0 0 1 1 1 1 1 0 1 0 0 1 0 1 1 0 0 1 1 1 0 1 1 1 1 14024.0 11293.0 14098.0 15690.0 1 1000000000000000.1
0 1 0 0 1 0 1 1 1 1 1 0 0 1 1 0 0 1 1 1 1 0 0 1 0 0 1 0 1 1 0 0 1 1 1 0 1 1 1 1 14109.0 11616.0 14467.0 15628.0 1 0.13498200629493
1 1 0 0 1 0 1 1 1 1 0 0 0 1 1 0 0 1 1 1 1 0 0 1 0 0 1 0 1 1 0 0 1 1 1 0 1 1 1 1 14190.0 11716.0 14232.0 15583.0 1 0.07473240462374872
0 1 0 0 1 0 1 1 1 1 0 0 0 1 1 0 0 1 1 1 1 1 0 1 0 0 1 0 1 1 1 1 1 1 1 0 1 0 1 1 14504.0 12084.0 13599.0 15525.0 1 0.0840215162009697
1 1 0 1 1 0 1 1 1 0 1 0 0 1 1 0 0 1 1 1 1 0 0 1 0 0 1 0 1 1 0 0 1 1 1 0 1 1 1 1 14624.0 12565.0 15947.0 15513.0 1 0.107469863852528
0 1 0 0 0 1 1 1 0 1 0 1 1 1 0 0 0 1 1 0 1 0 0 1 1 0 1 0 1 1 1 1 1 0 1 0 1 1 1 1 15388.0 12423.0 13988.0 15485.0 1 0.09586133059091709
1 1 0 1 1 0 1 1 1 0 0 0 0 1 1 1 0 1 1 1 1 0 0 1 0 0 1 0 1 1 0 0 1 1 1 0 1 1 1 1 14684.0 12191.0 15274.0 15444.0 1 0.11455162719027104
0 1 0 0 0 1 1 1 0 1 0 1 1 1 0 1 1 1 1 0 1 0 0 1 0 1 1 0 0 1 0 1 1 1 1 0 1 1 1 1 15735.0 11042.0 13866.0 15280.0 1 0.13595943542070282
0 1 0 0 0 1 1 1 0 1 0 1 1 1 0 1 1 1 1 0 1 0 0 1 0 0 1 0 1 1 0 1 1 1 1 0 1 1 1 1 16016.0 11718.0 14037.0 15258.0 1 0.1518236730625488
1 1 0 1 1 0 1 1 1 0 1 0 1 1 1 1 0 1 0 1 1 0 0 1 0 0 1 0 0 1 1 1 1 0 1 0 1 1 1 1 14960.0 12524.0 16246.0 15139.0 1 0.11960937007159464
0 1 0 0 1 0 1 1 1 1 1 1 1 1 0 1 0 1 1 0 1 0 0 1 0 0 1 0 0 1 0 1 1 1 1 0 1 1 1 1 15668.0 11401.0 14338.0 15104.0 1 0.09916005311767208
0 1 0 0 1 1 1 1 1 1 1 0 1 1 0 1 0 1 1 1 1 0 0 1 0 0 1 0 1 1 1 1 0 1 1 0 1 1 1 0 15733.0 12191.0 13467.0 15098.0 1 0.13993989181677796
1 1 0 0 1 1 1 1 0 0 0 1 1 1 0 1 1 1 1 0 1 0 0 1 0 0 1 0 0 1 0 1 1 1 1 1 1 1 1 1 16380.0 11522.0 14592.0 14764.0 1 0.19378914665117164
1 1 0 1 1 0 1 1 1 0 1 0 0 1 1 1 0 1 1 1 1 0 0 1 0 0 1 0 1 0 0 0 1 1 1 0 1 1 1 1 14993.0 12106.0 16039.0 14710.0 1 0.13294389690288178
0 1 0 0 0 1 1 1 0 1 0 1 1 0 0 1 0 1 1 0 1 0 0 1 1 0 1 0 1 1 1 1 1 0 1 0 1 1 1 1 15531.0 11973.0 13930.0 14652.0 1 0.12650233722252438
0 1 0 0 1 1 1 1 1 1 1 0 1 1 0 1 0 1 0 1 1 1 0 1 0 0 1 0 0 1 1 1 0 0 1 0 1 1 1 1 15161.0 11774.0 14020.0 14607.0 1 0.09182361633462548
0 1 0 0 1 1 1 1 1 1 1 0 1 1 0 1 0 1 0 1 1 0 0 1 1 0 1 0 1 1 1 1 0 0 1 0 1 0 0 1 14873.0 13066.0 12551.0 14592.0 1 0.20052121754388796
1 1 0 0 1 0 1 1 1 1 1 1 1 1 0 0 0 1 1 0 1 0 0 1 0 0 1 0 0 1 0 0 1 1 1 0 1 1 1 1 15408.0 11504.0 14743.0 14526.0 1 0.14438306028899947
0 1 0 0 1 1 1 1 1 1 1 0 1 1 0 1 0 1 0 1 1 0 0 1 0 0 1 0 1 1 1 0 0 1 1 0 1 1 1 1 15577.0 12367.0 14150.0 14452.0 1 0.09025550846275672
1 1 0 1 1 0 1 1 1 0 1 0 0 1 1 0 0 1 0 1 1 0 0 1 1 0 1 0 0 1 1 1 0 0 1 0 1 1 1 1 13831.0 12805.0 15530.0 14445.0 1 0.12173420616088203
1 1 0 0 1 1 1 1 0 0 0 1 1 1 0 1 1 1 1 1 1 0 0 1 1 0 1 0 0 0 0 1 1 0 1 0 1 1 1 1 15798.0 11853.0 14991.0 14443.0 1 0.0763042526245766
1 1 0 0 1 0 1 1 1 1 1 1 1 1 0 1 0 1 1 0 1 0 0 1 0 0 1 0 0 1 0 1 1 1 1 0 1 0 1 1 15822.0 11741.0 14091.0 14443.0 1 0.02856490358018459
1 1 0 1 1 0 1 1 1 0 1 0 0 1 1 0 0 1 1 1 1 0 0 1 0 0 1 0 1 1 1 1 0 1 1 0 1 0 1 1 14455.0 12899.0 14528.0 14435.0 1 0.11945486753126594
1 1 0 0 1 0 1 1 0 0 1 0 1 1 0 1 1 1 1 0 1 0 0 1 0 0 1 0 1 1 0 1 1 1 1 0 1 1 1 1 15821.0 11752.0 15065.0 14359.0 1 0.0645907488690177
1 1 0 0 1 0 1 1 0 0 1 1 1 1 1 0 1 1 1 1 1 0 0 1 0 0 1 0 1 1 1 1 0 0 1 0 1 1 1 1 15341.0 12152.0 15326.0 14334.0 1 0.08725490599281543
1 1 0 1 1 0 1 1 1 0 1 0 1 1 0 0 1 1 1 0 1 0 0 1 0 0 1 0 0 1 0 0 1 1 1 0 1 1 1 1 14965.0 12343.0 15506.0 14324.0 1 0.07952791520273987
1 1 1 0 1 0 1 1 1 1 0 0 0 1 1 0 0 1 1 1 1 0 0 0 1 0 1 0 1 1 1 1 0 0 1 0 1 0 0 1 12865.0 13098.0 11361.0 14277.0 1 1000000000000000.1
1 1 0 0 0 0 1 1 1 0 1 0 0 1 1 1 1 1 0 0 1 0 0 0 1 0 1 0 1 1 0 1 1 1 1 0 1 1 1 1 14196.0 12635.0 15227.0 14247.0 1 0.06445998845184599
1 1 0 0 0 1 1 1 0 1 0 1 0 1 1 1 1 0 1 0 1 0 0 1 0 0 1 0 0 1 1 0 1 1 1 0 1 1 1 1 16448.0 10539.0 14300.0 14232.0 1 2000000000000000.0
0 1 0 0 0 0 1 1 1 0 1 0 0 1 1 1 1 1 0 0 1 0 0 0 1 0 1 0 1 1 1 1 1 1 1 0 1 1 1 1 14241.0 12715.0 14942.0 14141.0 1 0.1722382843986149
1 1 0 0 1 0 1 1 1 1 1 1 0 0 1 1 0 1 0 0 1 0 0 1 0 0 1 0 1 1 1 1 1 0 1 0 1 1 1 1 15109.0 12384.0 15282.0 14097.0 1 0.0753316966398206
1 1 0 1 1 0 1 1 1 1 0 1 1 1 0 0 1 1 1 0 1 0 0 1 0 0 1 0 0 1 0 0 0 1 1 0 1 1 1 1 15125.0 12287.0 14345.0 13982.0 1 0.14762732799343756
0 1 0 1 1 1 0 0 1 0 0 0 1 1 1 0 1 1 0 1 1 0 0 0 1 0 1 0 1 1 0 0 1 1 1 0 1 1 1 1 12247.0 12928.0 13347.0 13856.0 1 1000000000000000.0
1 1 0 0 0 1 1 1 0 0 1 0 1 1 0 1 0 1 0 1 1 0 0 1 0 0 1 0 1 1 1 0 1 1 1 0 1 1 1 1 15471.0 11286.0 15275.0 13802.0 1 0.06483185288547721
1 1 0 0 1 1 1 1 0 0 0 1 1 1 0 1 1 1 1 0 1 0 0 1 1 0 1 0 0 0 0 0 1 1 1 0 1 1 1 1 16240.0 11570.0 15023.0 13734.0 1 0.14726583249617223
1 1 0 1 1 0 1 0 1 0 1 1 0 1 1 0 0 1 1 0 1 0 0 1 0 0 1 0 1 0 1 1 1 0 1 0 1 1 1 1 13985.0 12763.0 15033.0 13680.0 1 0.0753550491529371
1 1 0 0 1 1 1 1 0 0 0 1 1 1 0 1 1 1 1 0 1 0 0 1 1 0 1 0 1 1 1 1 0 0 1 0 1 0 0 1 15839.0 12761.0 12663.0 13672.0 1 0.1875773627193202
1 1 0 1 1 0 1 1 1 0 1 0 0 1 1 0 0 1 0 0 1 0 0 1 1 0 1 0 1 1 1 1 0 0 1 0 1 0 0 1 13204.0 13081.0 13475.0 13548.0 1 0.12927595683812354
1 1 1 0 1 0 1 0 1 1 0 0 0 1 0 0 0 1 1 1 1 0 0 0 1 0 1 0 1 1 1 1 0 0 1 0 1 1 1 1 12673.0 13216.0 11891.0 13498.0 1 0.3213227771556835
1 1 0 1 1 0 1 1 1 0 1 0 0 1 0 0 0 1 0 0 1 1 0 1 1 0 1 0 0 1 1 1 0 0 1 0 1 1 1 1 14205.0 12652.0 15161.0 13474.0 1 0.07549081127350193
0 1 0 1 1 0 1 1 1 0 1 1 0 1 1 0 0 1 1 0 1 0 0 0 1 0 1 0 1 1 1 1 0 0 1 0 1 0 1 1 13178.0 13289.0 13445.0 13434.0 1 0.10905411337675103
1 1 0 1 1 0 1 0 1 0 1 0 0 1 1 0 0 1 0 0 1 0 0 0 1 0 1 0 1 1 0 0 1 1 1 0 1 1 1 1 12634.0 12969.0 14666.0 13306.0 1 0.14243607865339314
1 1 0 1 1 0 1 1 0 0 1 1 0 1 1 1 0 1 0 1 1 0 0 1 0 0 1 0 1 0 0 0 1 1 1 0 1 1 1 1 14797.0 11283.0 16438.0 13220.0 1 0.12521726635782912
1 1 0 1 1 0 1 0 1 0 1 0 1 1 1 1 1 1 0 0 1 0 0 0 0 0 1 0 1 1 0 0 1 1 1 0 1 1 1 1 13711.0 12887.0 14996.0 13209.0 1 0.07059566108940735
1 1 0 0 1 0 1 1 1 1 1 1 1 0 1 1 1 1 0 0 1 0 0 1 0 0 1 0 0 0 1 1 1 0 1 0 1 1 1 1 15300.0 11907.0 15606.0 13207.0 1 0.13780434159528643
1 1 0 1 1 0 1 0 1 0 1 0 0 1 1 0 0 1 1 1 1 0 0 0 1 0 1 0 1 1 1 1 0 0 1 0 1 0 1 1 12496.0 13428.0 13188.0 13180.0 1 1000000000000000.0
1 1 0 1 1 0 1 1 0 0 1 1 0 0 1 1 0 1 0 1 1 1 0 1 1 0 1 0 0 0 0 1 1 0 1 0 1 1 1 1 14529.0 11202.0 16747.0 13131.0 1 0.2539060181153857
0 1 0 1 1 0 1 1 1 0 1 1 1 0 0 1 1 1 1 0 1 0 0 0 1 0 1 0 0 1 0 1 1 1 1 0 1 0 1 1 14536.0 12780.0 14271.0 12989.0 1 0.11664776558129744
1 1 0 1 1 0 1 1 0 0 1 1 0 0 1 1 0 1 0 1 1 1 0 1 1 0 1 0 0 0 0 0 1 1 1 0 1 1 1 1 15160.0 11024.0 17172.0 12846.0 1 1000000000000000.1
1 1 0 1 1 0 1 1 0 0 1 1 0 0 1 1 0 1 0 1 1 1 0 1 1 0 1 0 1 1 1 1 0 0 1 0 1 0 1 1 14970.0 12522.0 15798.0 12833.0 1 0.1026179164544656
1 1 0 1 1 0 1 0 1 0 1 0 0 1 0 0 0 1 1 0 1 0 0 0 1 0 1 0 1 1 1 1 0 0 1 0 1 1 1 1 12882.0 13358.0 13200.0 12763.0 1 0.14364495967153085
1 1 0 1 1 0 1 1 1 0 1 0 0 1 0 0 0 1 1 0 1 0 0 0 1 0 1 0 1 1 1 1 0 0 1 0 1 0 1 1 13183.0 13410.0 13083.0 12754.0 1 0.1527385523644127
1 1 0 1 1 0 1 1 1 0 1 0 0 1 0 0 0 1 1 0 1 0 0 0 1 0 1 0 1 0 1 1 0 0 1 0 1 1 1 1 13419.0 13085.0 13860.0 12636.0 1 0.17580016897117764
1 1 0 1 1 0 1 1 1 0 1 0 0 0 1 0 0 1 0 0 1 0 0 0 1 0 1 0 1 1 1 1 0 0 1 0 1 1 1 1 12541.0 13018.0 14277.0 12598.0 1 0.09282901085268366
1 1 0 1 1 0 1 1 0 0 1 1 0 1 0 1 0 1 0 1 0 1 0 1 1 0 1 0 0 1 1 1 1 0 1 0 1 0 1 1 15344.0 12064.0 15839.0 12550.0 1 0.09225888719615233
1 1 0 1 1 0 1 0 1 0 1 0 1 1 1 0 1 1 0 0 1 0 0 0 0 0 1 0 1 1 1 1 0 0 1 0 1 1 1 1 12497.0 13162.0 13804.0 12499.0 1 0.11629368212403565
1 1 0 1 1 0 1 1 0 0 1 1 0 0 0 1 0 1 0 1 1 1 0 1 1 0 1 0 0 1 1 1 0 0 1 0 1 1 1 1 15095.0 11697.0 15901.0 12420.0 1 0.13267500921955688
1 1 0 1 1 0 1 1 0 0 1 1 0 1 1 1 0 1 0 1 0 1 0 1 1 0 0 0 0 0 1 1 1 0 1 0 1 1 1 1 14853.0 11590.0 16295.0 12293.0 1 0.08007290526493595
1 1 0 1 1 0 1 0 1 0 1 1 0 0 1 1 0 1 0 1 1 1 0 1 0 0 1 1 0 0 0 0 1 1 1 0 1 1 1 1 13708.0 11377.0 16322.0 12289.0 1 0.12781949637067125
1 1 0 1 1 0 1 1 1 0 1 0 0 1 0 0 0 1 0 0 1 1 0 0 1 0 1 0 1 1 1 1 0 0 1 0 1 0 1 1 13094.0 13286.0 13674.0 12199.0 1 0.2747618885806192
1 1 0 1 1 0 1 1 0 0 1 1 0 0 0 1 0 1 0 1 0 1 0 1 1 0 1 1 0 0 0 1 1 0 1 0 1 1 1 1 14212.0 11372.0 16505.0 11718.0 1 1000000000000000.1
1 1 0 0 0 1 1 1 0 1 0 1 0 1 1 1 1 0 1 0 1 1 0 1 0 0 1 0 0 1 0 0 1 1 1 0 1 1 1 1 16237.0 10036.0 14451.0 14445.0 2 2000000000000000.0
1 1 1 0 1 0 1 1 1 1 0 0 0 1 1 0 0 1 1 1 1 0 0 1 1 0 1 0 0 1 1 1 1 0 1 0 0 0 0 1 13234.0 11852.0 12182.0 15491.0 2 1000000000000000.4
0 1 0 0 1 0 1 1 1 1 1 0 1 1 0 1 0 1 1 1 1 0 0 0 1 0 1 0 1 1 1 1 0 0 1 0 1 0 0 1 13941.0 12521.0 11596.0 13773.0 2 1000000000000000.2
0 1 0 1 1 1 0 0 1 0 0 0 1 1 1 0 1 1 0 0 1 0 0 0 1 0 1 0 1 1 0 1 1 0 1 0 1 1 1 1 11427.0 13001.0 12529.0 13717.0 2 1000000000000000.2
0 1 0 1 1 0 1 0 1 0 1 1 0 1 1 0 0 1 1 0 1 0 0 0 1 0 1 0 1 1 1 1 0 1 1 0 1 0 1 1 13112.0 13258.0 13042.0 12916.0 2 1000000000000000.1
1 1 0 1 1 0 1 0 1 0 1 0 0 0 1 0 0 1 0 0 1 0 0 0 1 0 1 0 1 1 1 1 0 0 1 0 1 1 1 1 11563.0 12794.0 13416.0 11763.0 2 1000000000000000.1
1 1 0 1 1 0 1 1 1 0 1 0 1 1 1 1 0 1 0 1 1 0 0 1 0 0 1 0 0 1 0 0 1 1 1 0 1 1 1 1 14715.0 11754.0 16225.0 14777.0 2 1000000000000000.0
0 1 0 1 1 0 1 0 1 0 1 0 0 1 1 0 0 1 0 0 1 0 0 0 1 0 1 0 1 0 1 1 1 0 1 0 1 1 1 1 11607.0 12730.0 13755.0 12523.0 2 0.6491776352500405
0 0 0 0 0 1 1 1 0 1 0 1 1 1 0 1 1 1 1 0 1 0 0 1 0 1 1 0 0 1 0 1 1 1 1 0 1 1 1 1 15527.0 10082.0 13147.0 14328.0 2 0.620817358742381
0 1 0 0 1 0 1 1 1 0 1 0 0 1 1 1 0 1 1 1 1 0 0 1 0 0 1 0 1 1 0 0 1 1 1 0 1 1 1 1 14084.0 11095.0 14555.0 15014.0 2 0.4813841905761097
