0 1 0 0 0 1 1 1 0 1 0 1 1 1 0 0 0 1 1 0 1 0 0 1 1 0 1 0 1 1 1 1 1 0 1 0 1 1 1 1 15388.0 12423.0 13988.0 15485.0 0 1000000000000000.4
1 1 0 0 1 0 1 1 1 0 1 0 0 1 1 0 0 1 1 1 1 0 0 1 0 1 1 0 0 1 1 1 1 1 1 0 1 0 1 1 14304.0 11684.0 14323.0 14895.0 0 0.5591115806555391
0 1 0 0 0 1 1 1 0 1 0 1 1 0 1 1 0 1 1 0 1 0 0 1 0 1 1 1 0 1 0 0 1 1 1 0 1 1 1 1 14467.0 10377.0 14207.0 14756.0 0 1000000000000000.4
0 1 0 0 0 1 1 1 0 1 0 1 1 0 1 1 1 1 1 0 1 0 0 1 0 0 1 0 0 1 1 0 1 1 1 0 1 1 1 1 15596.0 10728.0 14370.0 14158.0 0 1000000000000000.4
0 1 0 0 1 1 0 0 1 1 0 0 1 1 1 0 1 1 0 1 1 0 0 0 1 0 1 0 1 1 0 0 1 1 1 0 1 1 1 1 12563.0 12491.0 12598.0 14154.0 0 0.5162361919659122
1 1 0 1 1 0 1 0 1 0 1 0 0 1 1 0 0 1 1 1 1 0 0 1 0 0 1 0 1 1 1 1 0 0 1 0 1 1 1 1 13242.0 12654.0 14187.0 14127.0 0 0.2843809293850549
1 1 0 0 1 0 1 1 1 0 1 0 1 0 1 0 1 1 1 0 1 0 0 1 0 0 1 1 0 1 0 0 1 1 1 0 1 1 1 1 14056.0 11709.0 15460.0 14049.0 0 1000000000000000.2
0 1 0 0 1 0 1 1 1 1 1 1 0 0 1 1 0 1 0 0 1 0 0 1 0 0 1 0 1 1 1 1 1 0 1 0 1 1 1 1 14278.0 11872.0 14551.0 13914.0 0 0.21461167571169848
0 1 0 1 1 1 0 0 1 0 0 0 1 1 1 0 1 1 0 1 1 0 0 0 1 0 1 0 1 1 0 0 1 1 1 0 1 1 1 1 12247.0 12928.0 13347.0 13856.0 0 1000000000000000.2
0 1 0 0 1 0 1 0 1 1 1 1 1 1 0 0 0 1 1 0 1 0 0 1 0 0 1 1 1 1 1 1 1 0 1 0 1 0 0 1 13581.0 12632.0 12196.0 13752.0 0 0.4138227542864769
1 1 0 0 0 0 1 1 1 0 1 0 0 1 1 1 1 1 0 0 1 0 0 0 1 0 1 0 1 1 0 0 1 1 1 0 1 1 1 1 13915.0 12264.0 15194.0 13645.0 0 0.3251522088115847
1 1 0 0 1 0 1 0 1 1 1 1 1 1 0 0 0 1 1 0 1 0 0 1 1 0 1 0 0 0 0 0 1 1 1 0 1 1 1 1 14804.0 11783.0 14471.0 13477.0 0 0.2674392927713169
1 1 0 1 1 0 1 1 1 0 1 0 0 1 0 0 0 1 0 0 1 1 0 1 1 0 1 0 0 1 1 1 0 0 1 0 1 1 1 1 14205.0 12652.0 15161.0 13474.0 0 0.12327204566453387
1 1 0 1 1 0 1 1 1 0 1 0 1 1 0 1 0 1 1 0 1 0 0 0 0 0 1 0 1 1 1 1 0 0 1 0 1 1 1 1 14340.0 12844.0 13857.0 13379.0 0 0.3547245245205653
0 1 0 1 1 0 1 1 0 1 1 1 0 0 1 1 0 1 0 1 1 0 0 1 0 0 1 0 0 1 0 0 1 1 1 0 1 1 1 1 14125.0 10479.0 15460.0 13360.0 0 0.17229850282076914
1 1 0 0 1 0 1 1 0 0 1 1 1 1 0 0 0 1 1 0 1 0 0 1 0 0 1 1 1 1 1 1 0 0 1 0 1 1 1 1 14628.0 11967.0 14512.0 13306.0 0 0.21539985390725194
1 1 0 0 1 0 1 1 1 1 1 1 0 0 0 1 0 1 0 0 1 0 0 1 0 0 1 0 1 1 1 1 1 0 1 0 1 1 1 1 15007.0 12247.0 14709.0 13260.0 0 0.41173583013641
1 1 0 1 1 0 1 0 1 0 1 0 1 1 1 1 1 1 0 0 1 0 0 0 0 0 1 0 1 1 0 0 1 1 1 0 1 1 1 1 13711.0 12887.0 14996.0 13209.0 0 0.28909246301747565
1 1 0 1 1 0 1 0 1 0 1 0 0 1 1 0 0 1 1 1 1 0 0 0 1 0 1 0 1 1 1 1 0 0 1 0 1 0 1 1 12496.0 13428.0 13188.0 13180.0 0 1000000000000000.5
0 1 0 1 1 1 1 0 0 1 1 1 1 1 0 0 0 1 1 0 1 0 0 0 1 0 1 0 1 1 0 1 0 0 1 0 1 0 1 1 13178.0 12959.0 12098.0 12970.0 0 0.329227404750871
1 1 0 0 1 0 1 1 1 1 1 1 0 0 1 1 0 1 0 0 1 0 0 1 0 0 1 1 0 0 0 0 1 1 1 0 1 1 1 1 14148.0 10970.0 15444.0 12708.0 0 0.4450160708978905
1 1 0 1 1 0 1 1 1 0 1 0 0 1 0 0 0 1 1 0 1 0 0 0 1 0 1 0 1 1 1 1 0 0 1 0 1 0 0 1 12972.0 13103.0 12097.0 12705.0 0 1000000000000000.4
1 1 0 1 1 1 1 0 0 0 1 1 0 0 1 1 0 1 0 1 1 0 0 1 0 0 1 0 1 0 1 1 1 0 1 0 1 1 1 1 14199.0 12045.0 15397.0 12568.0 0 1000000000000000.1
0 1 0 0 0 1 1 1 0 1 0 1 1 1 0 0 0 1 1 0 1 0 0 1 0 0 1 0 1 1 1 1 1 0 1 0 1 1 1 1 14573.0 11423.0 13198.0 14737.0 1 1000000000000000.2
0 1 0 0 1 1 1 1 0 1 0 1 1 1 0 0 1 1 1 1 1 0 0 1 0 0 1 0 1 1 1 1 0 0 1 0 1 1 1 1 15295.0 12354.0 13411.0 14672.0 1 1000000000000000.1
0 1 0 0 0 1 1 1 0 1 0 1 1 0 1 1 0 1 1 0 1 0 0 1 0 1 1 0 0 1 1 0 1 1 1 0 1 1 1 1 15168.0 10256.0 13967.0 14478.0 1 0.38302969539584547
0 1 0 0 1 0 1 0 1 1 1 1 1 1 0 0 0 1 1 0 1 0 0 1 1 0 1 0 0 1 0 0 1 1 1 0 1 1 1 1 14414.0 11768.0 13941.0 14256.0 1 0.24225340482878763
0 1 0 0 1 0 1 1 1 1 0 0 1 1 1 0 1 1 0 0 1 0 0 0 0 0 1 1 1 1 0 0 1 1 1 0 1 1 1 1 12789.0 12425.0 13804.0 14127.0 1 0.2569871797174784
0 1 0 0 1 1 1 1 0 1 0 1 1 1 1 1 1 1 0 0 1 0 0 0 0 0 1 0 1 1 0 0 1 1 1 0 1 1 1 1 14784.0 11844.0 13966.0 14099.0 1 0.14600438458409498
1 1 0 0 0 0 1 1 1 0 1 0 0 1 1 0 0 1 1 1 1 0 0 1 0 1 1 0 0 1 1 0 1 1 1 0 1 0 1 1 13438.0 10686.0 14084.0 13991.0 1 0.2506204339005693
1 1 0 0 1 0 1 1 1 1 0 0 1 1 1 0 1 1 0 0 1 0 0 0 0 0 1 0 1 1 0 0 1 1 1 0 1 1 1 1 13445.0 12224.0 13849.0 13955.0 1 0.13523468729268365
0 1 0 0 1 0 1 1 1 1 1 1 0 0 1 1 0 1 0 0 1 0 0 1 0 1 1 1 0 1 0 0 1 1 1 0 1 1 1 1 13927.0 11139.0 15045.0 13929.0 1 1000000000000000.1
1 1 0 0 0 1 1 1 1 1 0 0 0 1 1 0 1 1 0 0 1 0 0 0 0 0 1 0 1 1 1 0 1 0 1 0 1 1 1 1 13141.0 12476.0 13488.0 13856.0 1 0.28273573840083943
0 1 0 1 1 1 1 0 0 1 0 1 1 1 0 0 0 1 1 0 1 0 0 1 0 0 1 0 1 1 1 1 0 0 1 0 1 1 1 1 14050.0 12365.0 12577.0 13766.0 1 0.19478588082394743
0 1 0 0 0 0 1 1 1 1 1 1 0 0 1 1 0 1 0 0 1 0 0 1 0 0 1 0 1 1 1 1 1 0 1 0 1 1 1 1 13693.0 11245.0 14345.0 13612.0 1 0.19864375434935827
0 1 0 0 1 1 0 0 1 1 0 0 1 1 1 0 1 1 0 1 1 0 0 0 1 0 1 0 1 1 0 1 1 0 1 0 1 0 1 1 11255.0 12497.0 11195.0 13595.0 1 2000000000000000.0
0 1 0 0 0 1 1 1 0 1 1 1 0 1 1 0 1 1 0 0 1 0 0 1 1 0 0 0 0 1 1 0 1 0 1 0 1 1 1 1 14038.0 11674.0 14533.0 13459.0 1 0.17310050562300155
1 1 0 0 0 1 1 1 1 0 1 0 0 0 1 0 0 0 0 1 1 1 0 1 0 1 1 0 0 1 1 0 1 1 1 0 1 1 1 1 14000.0 9985.0 14593.0 13370.0 1 0.2743243759884719
0 1 0 0 1 0 1 1 0 1 1 1 0 0 1 1 0 1 0 1 1 0 0 1 0 0 1 0 1 1 0 0 1 1 1 0 1 1 1 1 14056.0 10343.0 14808.0 13305.0 1 0.29443505260339153
0 1 0 0 1 1 0 0 1 1 0 0 1 1 1 0 1 1 0 1 1 1 0 0 1 0 1 0 1 1 1 0 0 0 1 0 1 1 1 1 12543.0 12522.0 12263.0 13291.0 1 0.35672801211453276
1 1 0 0 1 0 1 1 0 1 1 1 1 1 0 0 0 0 0 1 1 0 0 1 0 1 1 0 0 1 0 0 1 1 1 0 1 1 1 1 14685.0 9751.0 14287.0 13145.0 1 1000000000000000.1
1 1 0 1 1 0 1 0 1 0 1 0 1 1 0 0 0 1 1 0 1 0 0 1 0 0 1 0 0 1 1 0 1 0 1 0 1 1 1 1 13354.0 11862.0 14099.0 13127.0 1 0.2592809492826717
0 1 0 0 1 1 1 0 0 1 1 1 0 1 1 0 1 1 0 0 1 0 0 1 1 0 0 0 0 1 1 0 1 0 1 0 1 1 1 1 13645.0 12077.0 13878.0 12926.0 1 0.22627818404657998
0 1 0 1 1 1 0 0 1 1 0 0 1 1 1 0 1 1 0 0 1 0 0 0 0 0 1 0 1 1 1 1 0 0 1 0 1 1 1 1 11674.0 12695.0 11470.0 12906.0 1 0.3803929195888869
1 1 0 1 0 0 1 0 1 0 1 0 0 1 0 0 0 1 1 1 1 0 0 0 1 0 1 0 1 1 1 1 1 0 1 0 1 0 0 1 12247.0 12814.0 12343.0 12905.0 1 0.17128691718979197
1 1 0 1 1 0 1 1 1 0 1 0 1 1 0 0 0 1 1 0 1 0 0 1 0 1 1 0 0 0 1 0 0 1 1 0 1 1 1 1 14323.0 11509.0 14428.0 12846.0 1 0.17216798390987026
1 1 0 1 0 0 1 0 1 0 1 0 1 1 0 1 1 1 0 1 1 0 0 1 0 0 1 0 1 1 1 1 0 0 1 0 1 1 1 1 13693.0 12595.0 14522.0 12794.0 1 0.1540075187537261
1 1 0 1 1 0 1 0 1 0 1 0 1 1 0 0 0 0 0 1 1 1 0 1 0 0 1 0 0 1 1 0 1 1 1 0 1 1 1 1 14205.0 11071.0 14682.0 12582.0 1 0.27940318734713854
1 1 0 1 1 0 1 1 1 0 1 0 0 1 0 0 0 1 1 0 1 0 0 0 1 0 1 0 1 0 1 1 0 0 0 0 1 1 1 1 12620.0 12718.0 12874.0 12560.0 1 0.1577761252330395
1 1 0 1 1 0 1 0 1 0 1 0 1 1 0 1 0 1 1 0 1 0 0 0 0 0 1 0 1 1 1 1 0 0 1 0 1 1 1 1 13362.0 12620.0 12996.0 12544.0 1 0.1518718274991256
1 1 0 1 1 0 1 0 1 0 1 0 1 1 1 0 1 1 0 0 1 0 0 0 0 0 1 0 1 1 1 1 0 0 1 0 1 1 0 1 12286.0 12855.0 12818.0 12450.0 1 0.18251137340325366
1 1 0 1 1 0 1 0 1 0 1 0 1 1 0 0 1 1 1 0 0 0 0 1 0 0 1 0 1 1 1 1 1 0 1 0 1 0 0 1 13404.0 12864.0 12649.0 12447.0 1 0.0978916233278553
1 1 0 1 1 0 1 0 1 0 1 0 1 1 0 0 1 1 1 0 0 0 0 1 0 0 1 0 1 1 1 1 0 0 1 0 1 1 1 1 13643.0 12886.0 13693.0 12427.0 1 0.19128662210040895
0 1 0 1 1 1 1 0 0 0 1 1 0 0 1 1 0 1 0 1 1 0 0 1 0 0 1 0 1 0 1 1 1 0 1 0 1 1 1 1 13368.0 11533.0 14666.0 12385.0 1 0.12467921870618906
1 1 0 0 1 0 1 1 0 1 1 1 1 1 0 0 0 1 1 0 0 0 0 1 0 0 1 0 1 1 1 1 0 1 1 0 1 1 1 0 14931.0 10840.0 13412.0 12309.0 1 0.2672851306163635
1 1 0 1 1 0 1 0 1 0 1 0 0 1 0 0 0 1 1 1 1 0 0 0 1 0 1 0 1 1 1 1 0 0 1 0 1 0 0 1 12183.0 12984.0 11629.0 12294.0 1 1000000000000000.5
1 1 0 0 0 0 1 1 1 0 1 0 0 0 0 1 1 1 1 0 0 0 0 0 1 0 1 0 1 1 1 1 1 0 1 0 1 1 1 1 13755.0 12216.0 13942.0 12092.0 1 0.20256446682182488
1 1 0 1 0 0 1 0 1 0 1 0 1 1 0 1 1 1 0 1 1 0 0 1 0 0 0 0 0 1 1 0 1 1 1 0 1 1 1 1 13694.0 11728.0 14671.0 12026.0 1 0.0850074136926281
1 1 0 0 0 1 1 1 1 0 1 0 0 0 0 1 1 1 1 0 0 0 0 0 1 0 1 0 1 1 1 1 0 0 1 0 1 1 1 1 13908.0 12463.0 13172.0 11992.0 1 1000000000000000.1
0 1 0 0 1 1 1 1 0 1 0 1 1 1 0 0 1 1 1 1 1 0 0 1 0 0 1 0 1 1 1 1 0 0 1 0 0 1 1 1 14581.0 11457.0 12803.0 14542.0 2 1000000000000000.1
1 1 0 1 1 0 1 0 1 0 1 0 1 1 0 0 1 1 1 0 0 0 0 0 1 0 1 0 1 0 1 1 0 0 1 0 1 0 0 1 12245.0 12856.0 11507.0 10469.0 2 1000000000000000.1
0 1 0 0 1 1 1 1 0 1 0 1 1 1 0 0 0 1 1 0 1 0 0 1 1 0 1 0 1 1 1 1 0 0 0 0 1 0 0 1 13637.0 11747.0 10324.0 13905.0 2 1000000000000000.0
0 1 0 0 1 1 0 0 1 1 0 0 1 1 1 0 1 1 0 1 1 0 0 0 1 0 1 0 1 1 0 0 1 0 1 0 1 1 1 1 11651.0 12298.0 12140.0 13837.0 2 1000000000000000.0
0 1 0 0 1 0 1 1 1 1 1 1 0 0 1 1 0 1 0 0 1 0 0 1 0 0 1 1 0 1 0 0 1 1 1 0 1 1 1 1 13758.0 10955.0 14914.0 13487.0 2 1000000000000000.0
0 1 0 0 0 1 1 1 0 1 1 0 1 1 0 1 1 1 1 0 0 0 0 1 0 0 1 0 1 1 1 1 0 0 1 0 1 1 1 1 14967.0 11412.0 13196.0 13376.0 2 1000000000000000.0
1 1 0 0 0 1 1 1 0 1 0 0 0 0 1 0 0 0 0 1 1 1 0 1 0 1 1 0 0 1 1 0 1 1 1 0 1 1 1 1 13919.0 9268.0 13717.0 13244.0 2 1000000000000000.0
1 1 0 1 1 0 1 0 1 0 1 0 0 1 0 0 0 1 1 0 1 0 0 0 1 0 1 0 1 1 1 1 0 0 1 0 1 0 0 1 11994.0 12879.0 11236.0 11870.0 2 1000000000000000.0
1 1 0 1 1 0 1 0 1 0 1 0 1 1 0 0 1 1 1 0 0 0 0 0 0 0 1 0 1 1 1 1 0 0 1 0 1 1 1 1 12759.0 12832.0 12882.0 11576.0 2 0.37338403318942187
0 1 0 0 0 1 1 1 0 1 0 1 1 0 1 1 0 1 1 0 1 0 0 1 0 1 1 0 0 1 1 0 1 1 1 0 1 1 0 1 14957.0 9949.0 12981.0 14429.0 2 0.2930119179076589
1 1 0 0 0 0 1 1 1 0 1 0 0 1 1 0 0 1 1 1 1 0 0 1 0 1 1 0 0 0 1 0 1 1 1 0 1 1 1 1 13674.0 10361.0 14861.0 13873.0 2 0.27738362574199243
0 1 0 0 0 1 1 1 0 1 0 1 1 1 0 0 0 0 0 1 1 1 0 1 0 1 1 0 0 1 1 0 1 1 1 0 1 1 1 1 14862.0 9585.0 13577.0 13612.0 2 0.27279116840038325
1 1 0 0 1 0 1 1 0 0 1 0 1 1 1 0 1 1 1 0 0 0 0 1 0 0 0 0 0 1 1 0 1 1 1 0 1 1 1 1 14039.0 10520.0 14207.0 12185.0 2 0.2629842077983438
0 1 0 0 1 1 0 0 1 1 0 0 1 1 1 0 1 1 0 1 1 0 0 0 1 0 1 0 1 1 0 0 1 1 1 0 1 1 0 1 12352.0 12184.0 11612.0 14105.0 2 0.2607276673738312
1 1 0 1 1 1 1 0 1 0 1 1 1 1 0 0 0 0 0 1 1 1 0 1 0 0 1 0 0 1 0 0 1 0 1 0 1 1 1 1 13943.0 11244.0 14448.0 13027.0 2 0.19478183382987294
0 1 0 1 1 1 0 0 1 1 0 0 1 1 0 1 0 1 1 0 1 0 0 0 0 0 1 0 1 1 1 1 1 0 0 0 1 1 1 1 12389.0 12243.0 10596.0 13788.0 2 0.19330708895501922
0 1 0 0 0 1 1 1 0 1 0 1 1 1 0 0 0 1 1 0 1 0 0 1 0 0 1 0 1 1 0 0 1 1 1 0 1 1 1 1 14328.0 10653.0 13177.0 14375.0 2 0.1912154478729804
0 1 0 0 1 1 0 0 1 1 1 0 1 1 0 1 1 1 1 1 1 0 0 1 0 0 1 0 1 1 0 1 0 0 1 0 1 1 0 1 13353.0 11485.0 10980.0 13975.0 2 0.18981954581822674
1 1 0 1 0 0 1 0 1 0 1 0 1 1 0 0 0 1 1 0 1 0 0 0 1 0 0 0 1 1 1 1 1 0 1 0 1 0 0 1 11714.0 12647.0 11349.0 11875.0 2 0.18733825122878442
1 1 0 0 0 1 1 1 0 1 0 0 0 0 1 0 0 1 1 0 1 0 0 1 0 0 1 0 1 1 1 1 1 0 1 0 1 1 1 1 13630.0 11106.0 13338.0 14369.0 2 0.17930772087356972
1 1 0 1 1 0 1 0 0 0 1 0 1 1 1 0 1 1 0 0 1 0 0 1 0 0 1 0 1 1 1 1 0 0 1 0 1 1 1 1 13215.0 12352.0 14500.0 12679.0 2 0.1722711031636769
0 1 0 0 1 0 1 1 1 1 1 1 1 1 0 0 0 1 1 0 1 0 0 0 1 0 1 0 1 1 0 1 0 0 1 0 1 0 1 1 13001.0 12347.0 11970.0 13188.0 2 0.16901816857945318
1 1 0 0 0 1 1 1 1 0 1 0 1 1 0 0 1 1 1 0 0 0 0 1 0 0 0 0 1 1 1 1 0 0 1 0 1 1 1 1 13490.0 11905.0 12650.0 12322.0 2 0.16136757029162402
1 1 0 0 1 0 1 1 0 1 1 1 1 1 0 0 0 1 1 0 1 0 0 0 0 0 1 0 1 1 1 1 0 0 1 0 1 1 1 1 14404.0 11759.0 13220.0 12873.0 2 0.1560058945162205
0 1 0 1 1 0 1 1 1 0 1 0 1 1 0 1 1 1 1 1 0 0 0 0 1 0 1 0 1 0 1 1 0 0 0 0 1 1 0 1 13269.0 12516.0 12315.0 12472.0 2 0.15551380135562745
1 1 0 0 0 1 1 1 1 0 1 0 0 0 1 0 0 1 1 1 1 0 0 0 1 0 1 0 1 1 1 1 0 0 1 0 1 0 1 1 12505.0 12245.0 12688.0 13059.0 2 0.15334321939384618
1 1 0 1 1 0 1 1 0 1 0 1 1 0 0 0 0 0 0 1 1 1 0 1 0 0 1 0 1 1 1 1 0 0 1 0 1 1 1 1 14329.0 10925.0 13793.0 12117.0 2 0.14854668236985336
1 1 0 0 0 0 1 1 1 0 1 0 0 1 1 1 1 1 1 0 1 0 0 0 1 0 1 0 1 1 0 0 0 0 1 0 1 1 1 1 13108.0 11827.0 13822.0 13260.0 2 0.14294752534325803
1 1 0 0 0 0 0 1 1 0 1 0 0 1 1 0 0 1 1 1 1 0 0 1 0 1 1 0 0 1 0 0 1 1 1 0 1 1 1 1 12360.0 9460.0 13624.0 13990.0 2 0.14262754965225627
0 1 0 0 1 1 0 0 1 1 0 0 1 1 1 0 1 1 0 1 1 1 0 0 1 0 1 0 1 1 1 1 0 0 1 0 1 0 0 1 11936.0 12414.0 10332.0 13000.0 2 0.14141767633671645
1 1 0 1 1 0 1 1 1 0 1 0 0 1 0 0 0 1 1 0 1 0 0 0 1 0 1 0 1 1 1 1 0 0 0 0 1 0 0 1 12173.0 12736.0 11111.0 12629.0 2 0.1390972931105658
1 1 0 0 1 0 1 1 0 1 1 1 1 1 0 0 0 0 0 1 1 0 0 1 0 0 1 0 1 1 1 1 0 0 1 0 1 1 1 1 14562.0 10740.0 13559.0 12572.0 2 0.1311397491808884
1 1 0 0 0 0 1 1 1 1 0 0 1 1 1 0 1 1 0 0 1 0 0 0 0 0 1 0 1 1 0 0 1 1 1 0 1 1 1 1 12860.0 11597.0 13643.0 13653.0 2 0.12764811170955892
1 1 0 0 1 0 1 0 1 1 1 1 1 1 0 0 0 1 1 0 1 0 0 0 0 0 1 0 1 1 1 1 0 0 1 0 1 1 1 1 13592.0 12399.0 12474.0 12709.0 2 0.12726662915363132
0 1 0 1 0 1 1 1 0 1 0 1 1 1 0 0 1 1 1 0 1 0 0 1 0 0 0 0 1 1 1 1 1 0 1 0 1 1 0 0 13770.0 11722.0 12084.0 13508.0 2 0.12285465772454336
1 1 0 1 0 0 1 1 1 0 1 0 1 1 1 0 1 1 0 0 1 0 0 0 0 0 1 0 1 1 1 1 0 0 1 0 1 0 1 1 12213.0 12587.0 13481.0 12188.0 2 0.12072216009022238
1 1 0 0 1 1 0 0 1 1 0 0 1 1 1 0 1 1 0 0 1 0 0 0 0 0 1 0 1 1 0 1 1 1 1 0 1 1 1 1 12671.0 12269.0 12179.0 13767.0 2 0.1197890351003072
1 1 1 0 1 0 1 0 1 0 1 0 1 1 0 0 0 1 1 0 1 0 1 0 0 0 1 0 1 1 1 1 0 0 1 0 1 1 1 1 12145.0 12573.0 12526.0 12607.0 2 0.11501867632106169
1 1 0 1 1 0 1 0 0 0 1 0 1 1 0 0 1 1 1 0 0 0 0 1 1 0 1 0 1 1 1 1 0 0 1 0 1 0 0 1 13404.0 12543.0 12404.0 11611.0 2 0.1115614866624654
1 1 0 0 1 0 1 1 1 1 0 0 1 0 1 0 0 0 0 1 1 0 0 1 0 0 1 1 1 1 0 0 1 1 1 0 1 1 1 1 13268.0 10987.0 13995.0 13740.0 2 0.10951003850905716
1 1 0 1 1 0 1 0 0 0 1 0 1 1 0 0 1 1 1 0 0 0 0 0 1 0 1 0 0 1 0 0 1 1 1 0 1 1 1 1 13362.0 11795.0 14154.0 11784.0 2 0.10936996261087759
