0 1 0 0 1 1 1 1 1 0 0 0 1 1 1 1 0 1 1 1 1 1 1 1 1 0 1 0 0 1 0 1 1 1 1 0 1 1 1 1 16008.0 12596.0 15914.0 17645.0 0 1000000000000000.1
1 1 0 0 1 1 1 1 1 0 0 0 1 1 1 1 0 1 1 1 1 1 0 1 1 0 1 0 0 1 0 1 1 1 1 0 1 1 1 1 16763.0 12723.0 15881.0 17372.0 0 0.14076768271039936
1 1 0 0 1 1 1 1 1 0 0 1 1 1 1 1 0 1 1 1 1 1 0 1 1 0 1 0 0 1 0 1 1 1 1 0 1 1 0 1 17276.0 12670.0 15415.0 17349.0 0 0.15275484071214668
1 1 0 0 1 1 1 1 1 0 0 1 1 1 1 1 0 1 1 1 1 0 0 1 1 0 1 0 1 1 0 1 1 0 1 0 1 1 1 1 16360.0 13555.0 15648.0 17211.0 0 0.13192078822208564
1 1 0 0 1 1 1 1 1 0 0 1 1 1 1 1 0 1 1 1 1 0 0 1 1 0 1 0 0 1 0 1 1 1 1 0 1 1 1 1 16822.0 12888.0 15804.0 17108.0 0 0.14714855133034585
1 1 0 0 1 1 1 1 1 0 0 1 1 1 1 1 0 1 1 1 1 1 0 1 1 0 1 0 0 1 0 1 1 0 1 0 1 1 1 1 16575.0 12784.0 15943.0 17081.0 0 0.121427221796377
1 1 0 0 1 1 1 1 1 0 0 0 0 1 1 1 0 1 1 1 1 0 0 1 1 0 1 0 1 1 1 1 1 0 1 0 1 1 1 1 16027.0 13669.0 15281.0 16892.0 0 0.09068252614896737
1 1 0 0 1 1 1 1 1 0 0 1 1 1 1 1 0 1 1 1 1 0 0 1 1 0 1 0 0 1 1 1 1 0 1 0 1 1 1 1 16786.0 13287.0 15792.0 16868.0 0 0.15467144889091666
1 1 0 0 1 1 1 1 1 0 0 1 1 1 1 1 0 1 1 1 1 1 0 1 1 0 1 0 0 1 0 0 1 1 1 0 1 1 1 1 17206.0 12606.0 16368.0 16796.0 0 0.1241387771702545
1 1 0 1 1 0 1 1 1 0 0 1 1 1 1 1 0 1 1 1 1 1 0 1 1 0 1 0 0 1 0 1 1 0 1 0 1 1 1 1 16292.0 13076.0 16747.0 16743.0 0 0.13096251960207728
0 1 0 1 1 0 1 1 1 0 0 0 1 1 1 1 0 1 1 1 1 0 0 1 1 0 1 0 1 1 1 1 1 0 1 0 1 1 1 1 15398.0 13673.0 15647.0 16741.0 0 0.09982580958144532
1 1 0 0 1 1 1 1 1 0 0 1 1 1 1 1 0 1 0 1 1 1 0 1 1 0 1 0 1 1 0 1 1 0 1 0 1 1 1 1 16271.0 13431.0 16239.0 16656.0 0 0.23327454407587261
1 1 1 0 1 1 1 1 1 0 0 0 1 1 1 1 0 1 0 1 1 0 0 1 1 0 1 0 1 1 0 1 1 0 1 0 1 1 1 1 14918.0 13690.0 15135.0 16581.0 0 0.16953759815332892
1 1 0 0 1 1 1 1 1 0 1 0 1 1 1 1 0 1 0 1 1 0 0 1 1 0 1 0 1 1 0 1 1 0 1 0 1 1 1 1 15632.0 13500.0 16088.0 16568.0 0 0.11682166938970542
1 1 0 0 1 1 1 1 1 0 0 1 1 1 1 1 0 1 0 1 1 1 0 1 1 0 1 0 0 1 0 1 1 1 1 0 1 1 1 1 16733.0 12764.0 16395.0 16553.0 0 0.10035189418917653
1 0 0 0 1 1 1 1 1 0 0 1 1 1 1 1 0 1 1 1 1 1 0 1 1 0 1 0 0 1 0 1 1 1 1 0 1 1 1 1 17279.0 12017.0 15682.0 16446.0 0 0.10486616085290766
1 1 0 0 1 1 1 1 1 0 0 0 1 1 1 1 0 1 1 1 1 0 0 1 1 0 1 0 1 1 1 1 1 0 1 0 1 0 1 1 15835.0 13721.0 14596.0 16418.0 0 0.12861821895437256
1 1 0 1 1 0 1 1 0 0 0 0 1 1 1 1 0 1 1 1 1 1 0 1 1 0 1 0 0 1 0 1 1 1 1 0 1 1 1 1 16314.0 12151.0 16570.0 16363.0 0 0.06873921773578455
1 1 0 0 1 1 1 1 1 0 0 0 1 1 1 0 1 1 1 1 1 0 0 1 1 0 1 0 1 1 0 1 1 0 1 0 1 0 1 1 14746.0 13747.0 14391.0 16304.0 0 0.3070407521600364
1 1 0 0 1 1 1 1 1 0 0 1 1 1 1 1 0 1 1 0 1 1 0 1 0 0 1 0 0 1 1 1 1 1 1 0 1 1 1 1 17359.0 12464.0 15664.0 16303.0 0 0.07190725140008306
1 1 0 1 1 0 1 1 1 0 0 0 1 1 1 1 0 1 0 1 1 1 0 1 1 0 1 0 1 1 0 1 1 0 1 0 1 1 1 1 15264.0 13469.0 16523.0 16292.0 0 0.08982330465115718
1 1 0 1 1 0 1 1 1 0 0 1 1 1 1 1 0 1 1 1 1 1 0 1 1 0 1 0 0 1 0 1 1 1 1 0 1 1 1 0 16325.0 12509.0 16483.0 16259.0 0 0.05527823525499225
1 1 0 1 1 1 1 1 1 0 0 0 1 1 1 1 0 1 0 1 1 1 0 1 1 0 1 0 1 1 0 1 1 0 1 0 1 0 0 1 15178.0 13694.0 14709.0 16212.0 0 0.17721238837745035
1 1 0 0 1 1 1 1 0 0 0 1 0 1 1 1 0 1 1 1 1 1 1 1 1 0 1 0 0 1 0 0 1 1 1 0 1 1 1 1 16631.0 11903.0 16724.0 16211.0 0 0.18081731779665283
1 1 0 0 1 1 1 1 0 0 0 1 1 1 1 1 0 1 1 1 1 1 0 1 0 0 1 0 0 1 1 1 1 1 1 0 1 1 1 1 17382.0 11705.0 15942.0 16056.0 0 2000000000000000.0
1 1 0 1 1 0 1 1 1 0 0 1 1 1 1 1 0 1 0 1 1 0 0 1 1 0 1 0 1 1 0 1 1 0 1 0 1 1 1 1 15323.0 13634.0 16446.0 16028.0 0 0.08797688806952265
1 1 0 1 1 0 1 1 0 0 0 1 0 1 1 1 0 1 1 1 1 1 0 1 1 0 1 0 0 1 0 1 1 1 1 0 1 1 1 1 16553.0 12181.0 16797.0 16019.0 0 0.06022825913045625
1 1 0 0 1 1 1 1 0 0 0 1 1 1 1 1 0 1 1 1 1 0 0 1 1 0 1 0 1 1 1 0 1 0 1 0 1 1 1 1 16789.0 12912.0 15946.0 16015.0 0 0.1272312842611801
0 1 0 0 1 1 1 1 1 0 1 1 1 1 1 1 0 1 0 1 1 1 0 1 1 0 1 0 0 1 0 0 1 1 1 0 1 1 1 1 16371.0 12293.0 16597.0 15996.0 0 0.11588222205404049
1 1 0 1 1 0 1 1 1 0 0 0 1 1 1 0 1 1 0 1 1 0 0 1 1 0 1 0 1 1 0 1 1 0 1 0 1 1 0 1 14175.0 13691.0 15181.0 15916.0 0 0.12663137975088912
0 1 0 1 1 1 1 1 1 0 0 0 1 1 1 1 1 1 0 1 1 0 0 1 1 0 1 0 1 1 0 1 1 0 1 0 1 0 1 1 14490.0 14056.0 14901.0 15910.0 0 1000000000000000.2
1 1 0 0 1 1 1 1 0 0 0 1 1 1 0 1 0 1 1 1 1 1 0 1 1 0 1 0 0 1 0 1 1 1 1 0 1 1 1 1 17219.0 11976.0 15713.0 15890.0 0 0.07736218363997198
1 1 0 1 1 0 1 1 1 0 1 1 1 1 1 1 0 1 0 1 1 0 0 1 1 0 1 0 0 1 0 1 1 0 1 0 1 1 1 1 15623.0 13186.0 17110.0 15836.0 0 0.16893580330906194
1 1 0 0 1 1 1 1 0 0 1 1 1 1 1 1 0 1 0 1 1 0 0 1 1 0 1 0 0 1 0 1 1 1 1 0 1 1 1 1 16652.0 12223.0 16649.0 15820.0 0 0.1036453143224281
1 1 0 0 1 1 1 1 0 0 0 1 1 1 0 1 0 1 1 1 1 0 0 1 1 0 1 0 1 1 1 1 1 0 1 0 1 1 1 1 16968.0 13146.0 15406.0 15780.0 0 0.16903849579061866
1 1 0 0 1 0 1 1 1 0 1 1 1 1 1 1 0 1 0 1 1 1 0 1 1 0 1 0 0 1 0 1 1 0 1 0 1 1 1 1 15769.0 12279.0 16753.0 15651.0 0 0.11202496871521364
0 1 0 1 1 1 1 1 1 0 0 0 1 0 1 0 1 1 0 1 1 0 0 1 1 0 1 0 1 1 0 1 1 0 1 0 1 1 1 1 13690.0 13702.0 15235.0 15603.0 0 1000000000000000.0
1 1 0 0 1 1 1 1 0 0 1 1 1 1 1 1 0 1 0 1 1 1 0 1 1 0 1 0 0 1 0 0 1 1 1 0 1 1 1 1 17036.0 11941.0 17213.0 15508.0 0 0.13765158766900346
1 1 0 1 1 0 1 1 1 0 0 1 1 1 1 1 0 1 1 1 1 1 0 1 1 0 1 0 0 0 0 0 1 1 1 0 1 1 1 1 16482.0 12401.0 16971.0 15496.0 0 0.149681152126403
1 1 0 0 1 1 1 1 1 0 0 1 1 1 0 0 1 1 0 1 1 0 0 1 1 0 1 0 1 1 0 1 1 0 1 0 1 1 1 1 15291.0 13823.0 15310.0 15492.0 0 0.11217974273586112
1 1 0 1 1 0 1 1 1 0 1 1 1 1 1 1 0 1 0 1 1 0 0 1 1 0 1 0 0 1 0 1 1 1 1 0 1 1 1 0 15656.0 12619.0 16846.0 15352.0 0 0.12126588575832943
1 1 0 1 1 0 1 1 1 0 0 1 1 1 1 1 0 1 0 1 1 1 1 1 0 0 1 0 0 1 0 0 1 1 1 0 1 1 1 1 15430.0 12070.0 17140.0 15321.0 0 0.1607775463595495
0 1 0 1 1 0 1 1 1 0 0 0 1 1 1 0 1 1 0 1 1 0 0 1 1 0 1 0 1 1 1 0 1 0 1 0 1 1 1 1 14150.0 13707.0 15849.0 15257.0 0 0.18194769586772047
1 1 0 1 1 0 1 1 0 0 0 1 1 1 1 1 1 1 1 0 1 0 0 1 1 0 1 0 0 1 0 0 1 1 1 0 1 1 1 1 16500.0 12496.0 16601.0 15195.0 0 0.07223237635140045
1 1 0 1 1 0 1 1 1 0 1 1 1 1 1 1 0 1 0 1 1 0 0 1 0 0 1 0 0 1 1 1 1 0 1 0 1 1 1 1 15684.0 12778.0 16766.0 15165.0 0 0.06122373469286779
1 1 0 1 1 0 1 1 0 0 1 0 1 1 1 1 0 1 0 1 1 1 0 1 1 0 1 0 0 1 0 0 1 1 1 0 1 1 1 1 16029.0 11979.0 17497.0 15144.0 0 1000000000000000.0
0 1 0 0 1 1 1 1 1 0 0 1 1 1 0 1 1 1 1 0 1 0 0 1 1 0 1 0 1 1 1 1 1 0 1 0 1 0 1 1 16034.0 13877.0 13953.0 15122.0 0 0.36016430203374766
1 1 0 1 1 0 1 1 1 0 0 0 1 1 1 0 1 1 0 1 1 0 0 1 1 0 1 0 1 1 0 1 1 0 1 0 1 0 1 1 13709.0 13826.0 15189.0 15121.0 0 0.2184133299415891
1 1 0 1 1 0 1 1 0 0 1 1 1 1 1 1 0 1 0 1 1 0 0 1 1 0 1 0 0 1 0 0 1 1 1 0 1 1 1 1 16088.0 12144.0 17420.0 14880.0 0 0.21419611492531176
1 1 0 1 1 0 1 1 1 0 1 1 0 1 1 1 0 1 0 1 1 1 0 1 1 0 1 0 0 0 0 1 1 0 1 0 1 1 1 1 15362.0 12554.0 17213.0 14794.0 0 0.10558570958267967
1 1 0 1 1 0 1 1 0 0 1 1 1 1 1 1 0 1 0 1 1 0 1 1 0 0 1 0 1 1 0 0 1 0 1 0 1 1 1 1 14887.0 12196.0 17238.0 14691.0 0 0.12034512247546528
1 1 0 1 1 0 1 1 1 0 1 1 1 1 1 1 0 1 0 1 1 0 0 1 1 0 1 0 0 0 0 0 1 1 1 0 1 1 1 1 15813.0 12511.0 17334.0 14589.0 0 0.17677615574691943
1 1 0 1 1 0 1 1 0 0 1 1 1 1 1 1 0 1 0 1 1 0 0 1 1 0 1 0 0 0 1 1 1 0 1 0 1 1 1 1 15892.0 12417.0 17240.0 14280.0 0 0.35014256346478795
1 1 0 0 1 1 1 1 1 0 0 1 1 1 0 1 1 1 1 0 1 0 0 0 1 0 1 0 1 1 1 1 0 0 1 0 1 0 1 1 15332.0 13878.0 12953.0 13541.0 0 2000000000000000.0
1 1 0 0 1 1 1 1 1 0 0 1 1 1 0 0 1 1 1 0 1 0 0 0 1 0 1 0 1 1 1 1 0 0 1 0 1 0 1 1 14522.0 13840.0 12660.0 13382.0 1 1000000000000000.2
0 1 0 0 1 1 1 1 1 0 0 0 1 1 1 1 0 1 1 1 1 1 1 1 1 0 1 0 0 1 0 1 1 0 1 0 1 1 1 1 15096.0 12403.0 15456.0 17328.0 1 1000000000000000.1
1 1 0 1 1 0 1 1 0 0 1 0 1 1 1 1 0 1 0 1 1 1 1 1 0 0 1 0 0 1 0 0 1 1 1 0 1 1 1 1 15290.0 11364.0 17471.0 14852.0 1 1000000000000000.1
1 1 0 1 1 0 1 1 0 0 1 1 1 1 1 1 0 1 0 1 0 1 0 1 1 0 1 0 0 0 0 0 1 1 1 0 1 1 1 1 15922.0 11330.0 17461.0 13277.0 1 1000000000000000.1
0 1 0 1 1 1 1 1 1 0 0 0 1 1 1 0 1 1 0 1 1 0 0 1 1 0 1 0 1 1 0 1 1 0 1 0 1 0 1 1 13680.0 14018.0 14608.0 15751.0 1 1000000000000000.0
1 1 0 0 1 1 1 1 0 0 0 1 1 1 0 1 0 1 1 1 1 1 0 1 0 0 1 0 0 1 1 1 1 1 1 0 1 1 1 1 17280.0 11568.0 15369.0 15219.0 1 1000000000000000.0
1 1 0 1 1 0 1 1 1 0 0 0 1 1 1 0 1 1 0 1 1 0 0 1 1 0 0 0 1 1 0 1 1 0 1 0 1 1 1 1 13557.0 13712.0 15273.0 14989.0 1 1000000000000000.0
1 0 0 0 1 1 1 1 0 0 1 1 1 1 1 1 0 1 0 1 1 1 0 1 0 0 1 0 0 1 1 1 1 1 1 0 1 1 1 1 17170.0 10944.0 16183.0 14487.0 1 1000000000000000.0
0 1 0 0 1 1 1 1 1 0 0 1 1 1 0 0 1 1 1 0 1 0 0 1 1 0 1 0 1 1 1 1 1 0 1 0 1 0 1 1 15224.0 13839.0 13660.0 14963.0 1 0.3069958041773677
1 1 0 1 1 0 1 1 1 0 0 0 1 1 0 0 1 1 1 0 1 0 0 1 1 0 1 0 1 1 1 1 0 0 1 0 1 0 1 1 14399.0 13932.0 13755.0 13869.0 1 0.3004889718993721
1 1 0 1 1 0 1 1 1 0 0 0 1 1 1 0 1 1 0 1 1 0 0 1 1 0 1 0 1 1 0 0 1 0 1 0 1 1 1 1 14105.0 13627.0 16134.0 15363.0 1 0.20580501968925416
1 1 0 1 1 0 1 1 1 0 1 1 1 1 1 1 0 1 0 1 1 0 0 1 1 0 1 0 0 0 1 1 1 0 1 0 1 0 1 1 15381.0 13109.0 16377.0 14107.0 1 0.19838547304264653
1 1 0 1 1 0 1 1 0 0 1 1 1 1 1 1 0 1 0 1 1 0 0 1 1 0 1 0 0 0 1 0 1 0 1 0 1 1 1 1 15611.0 12046.0 17207.0 13678.0 1 0.19047417403359523
1 1 0 0 1 1 1 1 1 0 0 0 0 1 1 1 0 1 1 1 1 0 0 1 1 0 1 0 1 1 0 1 1 1 1 0 1 1 1 1 16063.0 13270.0 15293.0 17132.0 1 0.18710915180286974
0 1 0 1 1 0 1 1 1 0 0 0 1 1 1 0 1 1 1 1 1 0 0 1 1 0 1 0 1 1 0 1 1 0 1 0 1 0 1 1 13632.0 13527.0 14464.0 15783.0 1 0.1867286755121908
1 1 0 0 1 1 1 1 0 0 1 1 0 1 1 1 0 1 0 1 1 1 0 1 1 0 1 0 0 1 0 0 1 1 1 0 1 1 1 1 16551.0 11717.0 16920.0 15138.0 1 0.18013674657672654
0 1 0 0 1 1 1 1 1 0 0 0 1 1 1 1 0 1 1 1 1 0 0 1 1 0 1 0 0 1 1 1 1 1 1 0 1 1 1 1 16143.0 12714.0 14999.0 16976.0 1 0.16916312691912797
1 1 0 0 1 1 1 1 1 0 0 1 0 1 1 1 0 1 1 0 1 1 0 1 1 0 1 0 0 1 0 1 1 1 1 0 1 1 1 1 16813.0 12648.0 15715.0 16604.0 1 0.16545155135964748
1 1 0 0 1 1 1 1 1 0 0 0 1 1 1 1 1 1 0 1 1 0 0 1 1 0 1 0 1 1 0 1 1 0 1 0 1 0 1 1 14802.0 13572.0 14678.0 15618.0 1 0.16500844201819015
1 1 0 0 1 1 1 1 1 0 0 0 1 1 1 0 0 1 1 1 1 0 0 1 1 0 1 0 1 1 1 1 1 0 1 0 1 0 1 1 15025.0 13683.0 14303.0 16259.0 1 0.16352326276188087
1 1 0 1 1 0 1 1 1 0 0 1 1 1 1 0 0 1 1 1 1 1 0 1 1 0 1 0 0 1 0 1 1 0 1 0 1 1 1 1 15482.0 13038.0 16454.0 16584.0 1 0.16291597854358605
1 1 0 0 1 1 1 1 0 0 1 1 1 1 1 1 0 1 1 0 1 1 0 1 0 0 1 0 0 1 1 1 1 0 1 0 1 1 1 1 17031.0 11819.0 16057.0 15543.0 1 0.15710632525445056
1 1 0 1 1 0 1 1 1 0 1 1 1 1 1 1 0 1 0 1 1 1 0 1 1 0 1 0 0 0 0 0 0 1 1 0 1 1 1 1 15829.0 12143.0 17011.0 13966.0 1 0.15546643141237587
0 1 0 1 0 1 1 1 1 0 0 1 1 1 1 0 1 1 0 1 1 0 0 1 1 0 1 0 1 1 0 1 1 0 1 0 1 0 1 1 13819.0 13645.0 14922.0 15475.0 1 0.15527618177024347
1 1 0 1 1 0 1 1 1 0 0 0 1 1 0 1 1 1 0 1 1 0 0 1 1 0 1 0 1 1 0 1 1 0 1 0 1 0 1 1 14417.0 13727.0 14909.0 14443.0 1 0.15509892791344632
1 1 0 0 1 1 1 1 1 0 0 1 1 1 1 0 1 1 0 1 1 0 0 1 1 0 1 0 1 1 0 1 1 0 1 0 1 0 1 1 14716.0 13788.0 14905.0 15485.0 1 0.15334407199523623
1 1 0 0 1 1 1 1 0 0 0 1 1 1 1 1 0 0 1 1 1 1 0 1 1 0 1 0 0 1 0 1 1 1 1 0 1 1 1 1 17160.0 11148.0 15427.0 15996.0 1 0.14838051335871455
1 1 0 0 1 1 1 1 1 0 0 1 1 1 1 1 0 1 1 1 1 0 0 1 1 0 0 0 1 1 1 1 1 0 1 0 1 0 1 1 15730.0 13689.0 14222.0 15468.0 1 0.14249948335377977
1 1 0 0 1 0 1 1 1 0 1 1 1 1 1 1 0 1 0 0 1 0 0 1 1 0 1 0 1 1 1 1 1 0 1 0 1 0 1 1 15564.0 13365.0 15533.0 14590.0 1 0.14150650495327383
1 1 0 0 1 0 1 1 0 0 1 1 1 1 1 1 0 1 1 1 0 1 0 1 1 0 1 0 0 1 0 0 1 1 1 0 1 1 1 1 16598.0 11044.0 16714.0 14609.0 1 0.13983660959720362
1 1 0 0 1 0 1 1 0 0 0 0 1 1 1 1 0 1 1 1 1 1 1 1 1 0 1 0 0 1 0 1 1 1 1 0 1 1 1 1 15871.0 11540.0 16380.0 16344.0 1 0.13760964701871936
1 1 0 0 1 1 1 1 1 0 1 1 1 1 1 1 0 1 0 1 1 0 0 1 1 0 1 0 0 1 0 1 1 0 1 0 1 1 1 1 15906.0 12894.0 16306.0 16174.0 1 0.13711779104878766
1 1 0 1 1 0 1 1 0 0 1 1 1 1 1 1 0 1 0 1 1 0 0 1 1 0 1 0 0 0 1 1 1 1 1 0 1 1 1 0 15925.0 11850.0 16976.0 13796.0 1 0.1348408810856545
1 1 0 1 1 0 1 1 1 0 1 1 1 1 1 1 0 1 0 1 1 0 1 1 0 0 1 0 0 1 0 1 1 0 1 0 1 1 1 1 14884.0 12571.0 17084.0 15544.0 1 0.13178332075031016
1 1 0 0 1 1 1 1 1 0 0 1 1 1 1 1 0 1 1 1 1 1 0 1 1 0 1 0 1 1 0 1 1 0 1 0 1 0 1 1 16348.0 13472.0 15267.0 16657.0 1 0.12800152998874426
1 1 0 1 1 0 1 1 0 0 0 0 1 1 1 1 0 1 0 1 1 0 0 1 1 0 1 1 1 1 0 1 1 0 1 0 1 1 1 1 14608.0 13229.0 16497.0 15686.0 1 0.12741072787279678
1 1 0 1 1 0 1 1 0 0 1 1 1 1 1 1 0 1 0 1 1 1 0 1 1 0 1 0 0 0 0 1 1 0 1 0 1 1 1 1 15681.0 11914.0 17391.0 14493.0 1 0.12229798487810853
1 1 0 1 1 0 1 1 1 0 1 1 1 1 1 1 0 1 0 1 1 0 0 1 1 0 1 0 0 1 0 0 1 0 1 0 1 1 1 1 15342.0 12815.0 17077.0 15234.0 1 0.12162284196375023
1 1 0 0 1 0 1 1 0 0 1 1 1 1 1 1 0 1 1 1 0 1 0 1 1 0 1 0 1 1 0 1 1 0 1 0 1 1 1 1 16417.0 12082.0 16591.0 15314.0 1 0.12093697841778184
1 1 0 0 1 1 1 1 1 0 0 0 1 1 1 1 0 1 1 1 1 1 0 1 1 0 1 0 0 1 0 0 1 1 1 0 1 1 1 1 16482.0 12352.0 15848.0 16770.0 1 0.1194017779548101
1 1 0 1 1 0 1 1 0 0 1 1 1 1 1 1 0 1 0 1 0 1 0 1 1 0 1 0 0 1 0 1 1 0 1 0 1 1 1 1 15732.0 12005.0 17237.0 14524.0 1 0.11252941066185376
1 1 0 0 1 1 1 1 0 0 0 1 1 1 1 1 0 1 0 1 1 1 0 1 1 0 1 0 1 1 0 1 1 0 1 0 1 1 1 1 16105.0 12567.0 16124.0 15985.0 1 0.10226732234992317
1 1 0 0 1 1 1 1 1 0 0 0 1 1 1 1 0 1 1 1 1 0 0 1 1 0 1 0 1 1 0 0 1 1 1 0 1 1 1 1 16267.0 13123.0 15553.0 16900.0 1 0.10052730588983294
1 1 0 0 1 1 1 1 1 0 0 1 1 1 1 1 0 1 1 1 1 1 0 1 1 0 1 0 0 1 0 0 1 0 1 0 1 1 1 1 16294.0 12413.0 15910.0 16479.0 1 0.09908638609483876
1 1 0 0 1 1 1 1 0 0 0 1 1 1 1 1 0 1 1 1 1 1 0 1 1 0 1 0 1 1 0 1 1 0 1 0 1 1 0 1 16648.0 12473.0 15144.0 16781.0 1 0.09880642351906932
1 1 0 0 1 1 1 1 0 0 0 1 1 1 1 1 0 1 1 1 1 1 0 1 0 0 1 0 1 1 0 1 1 1 1 0 1 1 1 1 16956.0 11973.0 15798.0 16399.0 1 0.09822444825407989
