0 0 1 1 1 1 0 0 1 0 0 0 1 1 1 1 0 0 1 1 5446.0 5757.0 0 2000000000000000.0
0 1 0 1 1 1 0 0 1 0 1 1 1 1 1 1 0 1 0 1 5930.0 5452.0 0 2000000000000000.0
0 0 1 0 0 1 0 0 1 1 1 1 0 1 1 0 0 1 1 0 4844.0 5467.0 1 2000000000000000.0
0 0 1 1 1 1 0 0 1 0 0 0 0 1 1 1 0 0 1 1 4957.0 5349.0 1 0.8034387175423572
0 0 1 1 1 1 0 0 1 0 0 0 1 1 1 1 1 0 1 0 5350.0 5179.0 1 1.79096546175693
0 1 0 0 1 0 1 1 0 0 1 1 1 1 1 1 1 0 1 0 5629.0 3654.0 1 2000000000000000.0
0 0 1 0 0 1 0 0 1 1 0 1 0 1 1 1 1 0 0 1 4554.0 5257.0 2 2000000000000000.0
0 0 1 0 0 1 1 0 1 1 0 1 0 1 1 0 0 0 0 1 5018.0 5161.0 2 0.9408158001224897
0 0 1 0 0 1 1 0 1 1 0 0 0 1 1 1 0 1 1 0 5331.0 5017.0 2 1.4652455517192156
0 1 0 0 1 0 1 0 1 1 0 0 0 1 1 1 1 0 0 1 5521.0 3509.0 2 2000000000000000.0
0 0 1 1 1 1 0 0 0 0 1 1 1 0 1 1 0 1 1 0 4283.0 5136.0 3 2000000000000000.0
0 0 1 0 0 1 0 0 1 0 0 1 1 1 1 1 1 0 0 1 4381.0 4997.0 3 0.24188288171673905
0 0 1 0 0 0 1 0 0 1 0 1 0 1 1 0 1 0 1 1 4442.0 4975.0 3 0.39615481006763215
0 0 1 1 1 1 0 0 0 0 0 0 1 1 1 1 1 0 1 0 4771.0 4926.0 3 0.5570937172096718
0 1 1 1 0 0 1 0 0 0 1 1 1 1 0 1 0 1 1 0 4876.0 4705.0 3 0.6335397944935266
0 0 0 0 1 1 1 0 0 1 1 1 0 1 1 0 0 1 1 0 5083.0 4349.0 3 0.7077374739398508
0 0 0 0 1 0 1 1 1 1 1 0 0 1 1 0 1 0 0 1 5157.0 3960.0 3 0.4262057873385483
0 1 0 0 1 1 0 0 0 1 1 0 1 1 1 1 0 1 0 0 5254.0 3903.0 3 0.493285927133587
0 1 0 0 1 0 1 1 1 1 0 0 1 0 1 1 1 0 0 1 5388.0 3493.0 3 2000000000000000.0
0 0 1 1 0 0 0 1 1 1 0 0 0 0 1 0 0 1 0 1 3722.0 5050.0 4 2000000000000000.0
1 0 1 1 1 1 0 0 1 0 0 1 0 1 0 0 0 0 0 1 4059.0 4856.0 4 0.5833052865138009
0 0 1 0 0 1 0 0 1 1 0 0 0 1 1 1 1 0 0 1 4353.0 4855.0 4 0.531676701195382
0 0 0 1 0 0 1 1 0 1 0 1 1 1 0 1 0 1 1 0 4482.0 4470.0 4 0.6188424765964469
0 1 0 0 0 1 0 0 1 1 0 1 0 1 1 1 1 0 0 1 4763.0 4293.0 4 0.46440796280365215
1 1 1 0 1 1 0 0 0 0 0 1 1 1 1 0 0 0 0 0 4940.0 4254.0 4 0.37686573675876134
0 0 1 0 1 0 1 0 1 1 0 0 1 0 1 1 1 0 1 0 4942.0 3854.0 4 0.30134998691146747
1 1 0 1 1 0 1 0 0 0 1 0 1 1 0 1 0 1 1 0 4948.0 3718.0 4 0.2778804083616749
1 0 0 0 1 0 1 1 1 1 1 0 0 1 1 0 0 0 0 0 5046.0 3492.0 4 0.34153048377645273
1 1 0 0 1 0 1 1 1 0 0 1 1 0 1 1 0 1 0 0 5048.0 3235.0 4 2000000000000000.0
0 0 1 1 0 0 0 1 0 1 0 0 0 0 1 0 1 1 0 1 3225.0 4934.0 5 2000000000000000.0
0 0 0 1 0 1 0 0 0 1 0 0 0 1 1 0 1 0 1 1 3786.0 4833.0 5 0.733925819729293
0 0 1 1 1 1 0 0 1 0 0 0 0 0 1 1 0 1 1 0 4018.0 4364.0 5 0.41274428951881803
0 0 0 1 0 1 1 0 0 0 1 1 1 1 0 1 1 1 1 0 4076.0 4336.0 5 0.2694901497154767
0 0 0 0 1 1 0 0 0 1 1 1 0 1 1 0 0 1 1 0 4389.0 4245.0 5 0.2821376732508713
0 1 1 0 0 1 0 1 1 0 0 1 1 0 1 1 0 1 0 0 4472.0 4220.0 5 0.29215258449823184
0 0 1 0 1 0 1 0 1 1 0 0 1 0 1 1 1 0 0 1 4808.0 4135.0 5 0.6750562604448447
0 1 0 0 1 0 1 0 0 1 1 0 1 1 0 0 0 0 1 1 4879.0 3331.0 5 0.7044314460568918
0 1 0 0 1 0 1 0 1 1 0 0 1 1 0 0 0 0 0 1 4992.0 2935.0 5 2000000000000000.0
0 0 1 1 0 0 1 0 0 0 0 1 1 1 0 0 1 1 0 1 3781.0 4822.0 6 2000000000000000.0
0 0 1 1 0 0 1 1 0 0 0 1 1 1 0 0 0 0 1 0 3972.0 4250.0 6 0.6110675826567069
1 0 0 1 0 1 1 0 0 0 0 1 1 1 1 0 0 0 0 0 4085.0 4177.0 6 0.18867739737692196
0 1 0 1 0 1 0 0 1 1 0 1 0 1 0 0 0 0 0 1 4125.0 4158.0 6 0.5047753553246217
0 0 0 1 0 0 1 1 1 1 1 0 1 1 0 0 0 1 0 0 4554.0 4039.0 6 0.6770165029617707
0 1 0 1 1 0 0 1 0 1 1 1 0 1 0 1 1 0 1 0 4700.0 3875.0 6 0.3058011128143737
0 1 1 0 1 1 0 0 0 0 0 1 1 1 1 0 0 0 0 0 4791.0 3870.0 6 0.49643303241920683
1 1 0 0 1 0 1 1 1 0 0 0 1 0 1 1 0 0 0 1 4793.0 3072.0 6 0.578355949204154
1 1 0 0 1 0 1 1 1 0 0 0 1 0 1 0 1 0 1 0 4861.0 2865.0 6 2000000000000000.0
0 0 1 1 0 0 1 0 0 0 0 1 1 1 0 0 0 0 1 1 3779.0 4643.0 7 2000000000000000.0
0 0 0 1 1 0 1 0 0 0 1 1 1 1 0 0 1 1 0 1 4059.0 4068.0 7 0.8691102551599867
0 1 0 1 0 0 1 0 0 1 1 1 0 0 1 0 0 1 1 0 4164.0 3951.0 7 0.5973612867477116
0 1 1 1 1 0 1 1 0 0 1 1 1 0 0 0 0 1 0 0 4450.0 3802.0 7 0.4245470815143172
0 1 1 0 1 1 0 0 0 1 0 1 1 0 1 0 0 0 0 0 4460.0 3792.0 7 0.27565736073475516
0 0 0 0 1 0 1 1 1 1 1 1 0 1 0 0 0 0 0 1 4488.0 3443.0 7 0.6642653489140109
0 1 0 1 1 1 1 0 0 1 1 0 0 1 0 0 0 0 0 0 4671.0 3125.0 7 0.44805121741852527
0 1 0 0 0 0 1 0 1 1 0 0 1 1 0 0 0 1 1 0 4702.0 3112.0 7 2000000000000000.0
0 0 1 1 0 0 1 1 0 1 0 0 0 0 1 0 1 0 0 1 3687.0 4562.0 8 2000000000000000.0
0 0 1 0 0 0 0 1 0 1 0 0 0 1 1 1 1 0 0 1 3754.0 4420.0 8 0.7993188618942301
0 0 0 1 1 1 0 1 1 0 1 1 0 0 1 0 1 0 1 0 3914.0 3914.0 8 0.931435891445142
0 0 1 0 1 0 1 0 0 1 0 0 0 1 0 0 1 0 1 1 4109.0 3809.0 8 0.47478580892383426
0 1 0 1 1 1 0 0 0 0 1 1 1 0 1 1 0 1 0 0 4180.0 3738.0 8 0.4081307242009227
0 0 1 0 0 0 1 1 1 1 0 0 0 1 0 1 1 0 1 0 4373.0 3714.0 8 0.7258953291817303
1 0 0 0 1 0 1 1 0 1 1 0 1 1 0 0 0 0 1 0 4480.0 3299.0 8 2000000000000000.0
0 0 0 1 0 0 0 1 0 0 0 0 0 1 1 1 0 1 1 1 3402.0 4385.0 9 2000000000000000.0
0 0 1 0 0 0 0 1 0 1 0 0 0 1 1 0 1 0 0 1 3606.0 4357.0 9 0.2509481084080792
0 0 0 1 0 0 0 0 1 0 0 0 0 1 1 1 0 1 1 1 3610.0 4316.0 9 0.17443949538573977
0 1 1 1 0 1 0 0 0 1 0 1 0 0 1 0 0 0 0 0 3695.0 4213.0 9 0.2728725965244104
1 0 0 1 0 1 1 0 0 1 0 1 1 0 1 0 0 0 0 0 3754.0 4099.0 9 0.639123494825967
0 0 0 1 0 0 1 1 0 1 1 0 1 1 0 0 0 0 1 0 4055.0 3744.0 9 0.5671164696925015
0 0 1 1 1 0 1 0 0 0 1 1 1 1 0 0 0 0 0 0 4099.0 3727.0 9 0.09502251979820363
0 1 0 1 0 0 0 1 0 1 1 0 1 1 0 0 0 0 1 0 4102.0 3663.0 9 0.17796036325773035
0 1 1 0 0 1 0 0 1 1 0 0 0 1 0 0 0 0 1 0 4210.0 3615.0 9 0.42303245270127277
0 1 0 0 0 1 0 0 1 1 0 1 0 1 1 0 0 0 0 0 4355.0 3378.0 9 0.7311024621171187
0 1 0 0 0 0 1 0 1 1 0 0 1 1 0 0 0 1 0 0 4390.0 2678.0 9 2000000000000000.0
0 0 1 0 0 0 0 1 0 1 1 0 0 1 0 1 1 0 1 1 3432.0 4287.0 10 2000000000000000.0
0 0 1 1 0 0 1 0 0 0 0 1 1 1 0 0 0 0 0 1 3467.0 4209.0 10 0.3114028812070775
0 0 0 1 0 1 0 0 0 1 0 1 0 1 1 0 1 0 0 0 3497.0 4086.0 10 0.45671685473637047
0 0 0 1 0 0 1 1 0 1 1 1 0 1 0 0 0 0 0 1 3633.0 4019.0 10 0.9414506845304609
0 1 0 1 0 0 0 1 0 1 1 1 0 1 0 0 0 0 1 0 3814.0 3657.0 10 0.8156791649051001
0 0 0 0 1 1 0 0 0 1 0 0 0 1 1 1 1 0 0 1 3898.0 3633.0 10 0.7471464342622016
0 1 0 0 0 0 1 1 0 1 1 1 0 1 0 0 1 0 0 1 4076.0 3332.0 10 2000000000000000.0
0 0 1 1 0 0 0 1 0 1 0 0 0 0 1 0 1 1 0 0 3047.0 4219.0 11 2000000000000000.0
0 0 1 1 0 0 0 0 0 0 0 1 1 1 1 0 0 0 0 0 3383.0 4172.0 11 0.3911692283251535
0 0 1 0 0 0 1 0 0 1 0 0 0 0 1 0 0 1 1 1 3398.0 4166.0 11 0.3506875387609012
0 0 1 0 0 0 1 0 0 1 1 0 0 1 0 0 1 0 1 1 3607.0 4006.0 11 0.6981802601068066
0 1 1 1 0 0 1 1 0 0 0 1 1 0 0 0 0 1 0 0 3640.0 3569.0 11 0.5320520458134694
0 0 0 1 0 0 1 0 1 0 0 0 0 1 1 1 0 0 0 1 3760.0 3510.0 11 0.3122168351525856
0 0 1 0 1 0 1 0 0 1 0 0 0 0 1 0 0 1 1 0 3876.0 3469.0 11 0.6904639702804252
0 1 0 1 0 1 1 0 1 1 0 0 1 0 0 0 1 0 0 0 4018.0 2944.0 11 0.598433676415278
0 1 0 0 0 0 1 0 1 1 0 1 0 1 0 0 0 0 0 1 4048.0 2911.0 11 2000000000000000.0
1 0 0 1 0 0 0 1 0 0 1 1 0 0 1 0 0 1 0 1 2453.0 4143.0 12 2000000000000000.0
0 0 1 0 0 1 0 0 0 1 1 0 0 0 1 1 0 0 0 1 2853.0 3934.0 12 0.9326434348581005
0 0 1 1 1 1 0 0 1 0 0 0 1 0 0 0 0 1 1 0 3571.0 3927.0 12 0.5516731344648332
1 0 0 0 0 0 0 0 1 0 0 1 1 1 1 1 1 0 0 1 3607.0 3890.0 12 0.7185397148941743
1 1 0 0 0 0 0 1 1 1 1 1 0 0 1 0 0 0 0 0 3645.0 3049.0 12 0.778419766636556
1 0 0 0 0 0 1 0 1 1 0 0 1 1 0 0 0 1 0 0 3798.0 3039.0 12 0.34881685024758036
0 1 0 0 0 1 0 0 1 1 0 0 0 1 0 1 1 0 1 0 3908.0 2828.0 12 2000000000000000.0
0 0 0 1 0 0 0 0 0 1 1 1 0 0 0 1 1 1 1 1 2349.0 3957.0 13 2000000000000000.0
0 1 0 0 0 0 1 1 0 0 0 1 1 1 0 0 1 1 0 0 3803.0 2618.0 13 2000000000000000.0
0 0 0 1 0 1 0 1 0 0 1 0 0 1 1 1 0 0 1 0 3537.0 3913.0 13 1.0235265595770218
0 0 1 0 1 0 0 0 0 0 0 0 0 1 1 1 0 0 1 1 3607.0 3745.0 13 0.7876446012287635
