0 0 1 1 0 0 1 0 1 1 1 0 1 1 1 1 0 1 1 0 5963.0 5983.0 0 2000000000000000.0
0 0 1 1 1 1 0 0 1 1 1 0 1 1 1 1 0 0 1 0 6084.0 5925.0 0 0.6170773787559042
0 0 1 1 1 0 1 1 1 0 0 0 1 1 1 1 0 0 1 1 6120.0 5679.0 0 1.0926849700316859
0 1 0 1 0 0 1 0 1 1 1 0 1 1 1 1 0 1 1 0 6172.0 5019.0 0 1.3829226212437977
0 1 0 1 1 0 1 0 1 1 0 0 1 1 1 0 0 0 1 1 6472.0 4998.0 0 2000000000000000.0
0 0 1 1 0 1 1 0 0 0 1 1 1 1 1 1 0 1 1 0 5314.0 5968.0 1 2000000000000000.0
0 1 1 1 0 1 0 0 1 0 1 1 1 1 1 1 0 0 0 1 5574.0 5945.0 1 0.4724756035887123
0 0 1 1 1 1 0 0 1 0 1 0 1 1 1 1 0 1 1 0 5654.0 5733.0 1 0.4392422761683318
0 0 1 1 0 1 1 0 1 1 1 0 1 1 1 1 0 0 0 0 5810.0 5577.0 1 0.4125695643407121
0 0 1 1 1 0 1 0 1 1 0 0 1 1 1 0 0 0 0 1 5951.0 5528.0 1 0.47559367263356433
0 0 1 1 1 0 1 1 1 0 0 0 1 1 1 1 1 0 1 0 6024.0 5101.0 1 0.8909650919499279
0 1 0 0 1 0 1 0 1 1 0 0 1 1 1 0 0 0 1 1 6092.0 4151.0 1 0.8089791574161543
0 1 0 0 1 0 1 0 1 1 1 0 1 1 1 0 0 1 1 0 6300.0 4127.0 1 2000000000000000.0
0 0 1 1 0 1 0 0 1 0 1 1 1 1 1 1 0 0 0 1 4833.0 5922.0 2 2000000000000000.0
0 0 1 1 1 1 0 0 0 0 0 1 1 1 1 1 0 0 1 1 5068.0 5906.0 2 0.42264276149023944
0 0 1 1 1 1 0 0 1 0 0 0 1 1 1 1 0 1 0 1 5366.0 5799.0 2 0.3263600602611106
0 0 1 1 1 1 0 0 1 0 0 0 1 1 1 1 0 0 1 1 5446.0 5757.0 2 0.14615237457553232
0 0 1 1 0 1 1 0 1 1 0 1 0 1 1 0 0 0 1 0 5532.0 5727.0 2 0.08199758477210245
0 0 0 1 0 1 1 0 1 1 1 0 1 1 1 0 0 1 0 1 5540.0 5718.0 2 0.3945400306088045
0 1 0 1 1 1 0 0 1 0 1 1 1 1 1 1 0 1 0 1 5930.0 5452.0 2 0.6640932134487167
0 1 0 1 0 0 1 0 1 1 1 0 1 1 1 0 0 1 1 0 6024.0 4956.0 2 1.0366648333253112
0 1 0 0 1 0 1 1 1 1 1 0 1 1 1 1 0 0 0 0 6275.0 3602.0 2 2000000000000000.0
0 0 1 1 1 1 0 0 1 0 1 1 0 1 1 1 1 0 0 1 5082.0 5669.0 3 2000000000000000.0
0 0 1 1 1 1 0 1 0 0 0 0 1 1 1 1 0 1 1 0 5292.0 5587.0 3 1.3051397846552693
0 1 1 1 1 1 0 0 1 0 0 0 0 1 1 1 0 0 1 1 5698.0 5372.0 3 1.5898132749223461
0 0 1 0 1 0 1 0 1 1 0 0 1 1 1 0 0 0 1 1 5883.0 5115.0 3 2000000000000000.0
0 0 1 1 0 1 0 0 1 0 1 1 0 1 1 1 1 0 0 1 4426.0 5651.0 4 2000000000000000.0
0 0 1 1 1 1 0 0 1 0 1 1 0 1 1 0 1 0 0 1 4934.0 5606.0 4 0.6665942740536333
0 0 1 1 0 0 1 1 1 0 1 1 0 1 1 0 0 1 1 0 5236.0 5568.0 4 0.7094544133815655
1 0 0 1 1 1 0 0 1 1 1 0 1 1 1 1 0 1 0 0 5621.0 5364.0 4 0.6759830390913389
0 0 1 0 1 1 0 1 1 1 0 0 1 1 1 0 0 1 0 0 5693.0 5164.0 4 0.4076774531659678
0 0 0 1 1 0 1 0 1 1 0 0 1 1 1 0 0 0 1 1 5731.0 4975.0 4 0.65742268685487
0 0 0 1 1 0 1 0 1 1 0 0 1 1 1 1 1 0 1 0 5783.0 4460.0 4 2000000000000000.0
1 0 0 1 0 1 0 0 1 1 0 1 0 1 1 1 0 1 1 0 4835.0 5559.0 5 2000000000000000.0
0 0 1 0 0 1 0 0 1 1 1 1 0 1 1 0 0 1 1 0 4844.0 5467.0 5 0.31282740221223465
0 0 1 1 1 1 0 0 1 0 0 1 0 1 1 0 0 1 1 0 5064.0 5449.0 5 0.3897317466501751
0 0 0 1 1 1 0 0 1 0 1 1 1 1 1 1 0 1 0 1 5189.0 5429.0 5 0.27891421520875304
0 0 1 1 1 1 0 0 1 1 0 1 0 1 1 0 1 0 0 0 5264.0 5344.0 5 0.3301932484793102
0 0 1 1 1 1 0 0 1 0 0 0 1 1 1 1 1 0 1 0 5350.0 5179.0 5 0.4707462064635789
0 0 1 0 0 0 1 0 1 1 1 0 1 1 1 1 0 1 1 0 5583.0 5136.0 5 0.5616503777301037
0 0 1 0 1 1 1 0 1 0 1 1 1 1 1 0 0 1 0 0 5709.0 4895.0 5 0.7276906509080148
0 1 0 0 1 0 1 1 0 0 1 1 1 1 1 1 0 0 1 1 5725.0 4232.0 5 0.6501423252591713
0 1 0 0 1 0 1 1 0 0 1 1 1 1 1 1 0 1 1 0 5779.0 3993.0 5 2000000000000000.0
0 0 1 1 0 0 0 0 0 1 1 1 0 1 1 0 0 1 1 0 4254.0 5557.0 6 2000000000000000.0
0 0 1 0 0 1 0 0 1 0 1 1 1 1 1 1 0 1 0 1 4685.0 5551.0 6 0.3720539039229756
0 0 1 1 1 1 0 0 0 0 0 0 1 1 1 1 0 1 0 1 4787.0 5546.0 6 0.12841787371739333
0 0 1 1 1 1 0 0 0 0 1 0 1 1 1 1 1 0 0 1 4791.0 5422.0 6 0.20170993513426005
0 0 1 1 1 1 0 0 1 0 0 0 0 1 1 1 0 0 1 1 4957.0 5349.0 6 0.20391797280548224
0 0 1 1 1 1 0 0 1 0 0 0 1 1 1 0 0 0 0 1 4986.0 5260.0 6 0.25308104814496607
0 0 1 0 0 1 1 1 1 0 1 1 0 1 1 0 0 1 1 0 5247.0 5225.0 6 0.24036227790215653
0 0 0 1 1 1 0 0 1 1 1 0 1 1 1 0 0 0 0 1 5270.0 5156.0 6 0.09042217443645019
0 1 1 1 1 1 0 0 0 0 0 0 1 1 1 1 0 0 0 1 5296.0 5093.0 6 0.10169662479331452
0 0 1 0 0 1 1 0 1 1 0 0 0 1 1 1 0 1 1 0 5331.0 5017.0 6 0.1697935122440243
0 0 0 1 1 1 0 0 1 1 1 0 1 1 1 1 0 1 0 0 5472.0 4980.0 6 0.2022299257874428
0 1 0 1 0 0 1 1 0 0 1 1 1 1 1 1 0 1 1 0 5503.0 4822.0 6 0.2892434697988198
0 1 0 1 1 1 0 0 1 1 0 1 0 1 1 0 0 0 1 0 5703.0 4677.0 6 0.8237636911645567
0 1 0 0 1 0 1 1 1 0 0 0 1 1 1 0 1 0 1 0 5705.0 3227.0 6 2000000000000000.0
0 0 1 1 1 1 0 0 0 0 0 0 1 1 1 0 0 1 0 1 4639.0 5483.0 7 2000000000000000.0
0 0 1 1 1 1 0 0 0 0 0 0 1 1 1 1 0 1 1 0 4921.0 5265.0 7 0.7474108157364145
0 0 1 1 0 0 1 1 1 1 0 0 0 1 1 0 0 1 0 0 5231.0 5185.0 7 0.41254035932451416
0 0 1 0 1 0 0 0 1 1 0 0 1 1 1 1 0 1 0 1 5257.0 5116.0 7 0.20735524080593462
0 0 1 0 1 1 0 0 1 1 0 0 0 1 1 1 0 1 1 0 5293.0 4931.0 7 0.40788624014216773
0 1 1 1 0 0 1 0 1 1 1 0 1 0 1 1 0 0 1 0 5479.0 4784.0 7 0.43839057701174355
0 1 0 0 1 1 0 0 1 0 1 1 1 1 1 1 0 1 0 1 5550.0 4605.0 7 0.3806218992225985
0 0 0 1 1 0 1 0 1 1 0 0 1 1 1 1 0 1 0 0 5621.0 4365.0 7 0.6068433664457522
1 1 0 0 1 0 1 1 1 0 1 0 0 1 1 0 0 1 1 0 5669.0 3757.0 7 2000000000000000.0
0 0 1 1 0 1 0 0 0 1 0 1 0 1 1 1 0 0 1 0 4407.0 5433.0 8 2000000000000000.0
0 0 1 1 1 1 0 0 0 0 1 1 0 1 1 1 1 0 0 1 4503.0 5416.0 8 0.16061773610837723
0 0 1 1 0 1 0 0 1 0 1 1 0 1 1 1 1 0 1 0 4560.0 5370.0 8 0.1095100228249303
1 0 0 1 0 1 1 0 0 0 0 1 1 1 1 0 0 0 1 1 4575.0 5326.0 8 0.361838286096448
0 0 1 1 1 1 0 0 1 0 1 1 0 1 1 0 0 1 0 0 4906.0 5230.0 8 0.4552691935096236
0 0 1 0 0 1 1 0 1 1 0 1 0 1 1 0 0 0 0 1 5018.0 5161.0 8 0.21886042748227585
0 0 1 0 1 1 0 1 0 0 0 1 1 1 1 1 0 1 1 0 5113.0 5142.0 8 0.1446066999150741
1 0 1 1 0 0 1 1 1 1 0 0 0 1 1 0 0 0 0 0 5148.0 5093.0 8 0.47447029308100286
0 0 1 0 1 0 1 0 1 1 0 0 0 1 1 0 0 0 1 1 5394.0 4707.0 8 0.5175805381753873
0 1 0 0 1 1 0 0 1 0 1 1 1 1 1 0 0 1 0 1 5402.0 4542.0 8 0.29503877295486747
0 1 0 1 0 0 1 0 1 0 1 0 1 1 1 1 0 1 1 0 5510.0 4351.0 8 0.34814148333574907
0 1 0 0 1 1 0 0 1 0 0 1 1 1 1 1 0 1 1 0 5530.0 4109.0 8 0.4000992668603931
0 1 0 0 1 0 1 1 0 0 1 1 1 1 1 1 1 1 0 0 5549.0 3696.0 8 0.3367763938069781
0 1 0 0 1 0 1 1 0 0 1 1 1 1 1 1 1 0 1 0 5629.0 3654.0 8 2000000000000000.0
0 0 1 0 0 1 0 0 1 1 0 1 0 1 1 1 1 0 0 1 4554.0 5257.0 9 2000000000000000.0
0 0 1 1 1 1 0 0 0 0 1 1 0 1 1 1 1 0 1 0 4637.0 5135.0 9 0.5592664330219379
1 0 1 1 0 0 1 0 1 0 0 0 1 1 1 0 1 0 1 0 4998.0 5082.0 9 0.5885071193788036
0 1 1 1 1 1 0 0 0 0 0 0 1 1 1 0 0 0 0 1 5148.0 5030.0 9 0.5186740230820309
0 1 0 1 1 1 0 0 1 0 1 1 0 1 1 1 1 0 0 1 5291.0 4705.0 9 0.4882465763797654
0 0 1 0 1 0 1 0 1 1 0 0 0 1 1 1 1 0 0 1 5312.0 4473.0 9 0.2900434001689409
0 1 1 0 1 0 0 0 0 1 1 0 1 1 1 1 0 1 0 0 5395.0 4386.0 9 0.34119892375150684
0 1 0 0 1 0 1 1 0 0 1 1 1 1 1 0 0 1 0 1 5497.0 4211.0 9 0.6320161437269296
0 1 0 0 1 0 1 0 1 1 0 0 0 1 1 1 1 0 0 1 5521.0 3509.0 9 2000000000000000.0
0 0 1 1 1 1 0 0 0 0 1 1 1 0 1 1 0 1 1 0 4283.0 5136.0 10 2000000000000000.0
0 0 1 1 1 1 0 0 0 0 0 0 1 1 1 1 0 0 0 1 4555.0 5070.0 10 0.3184939593629609
0 0 0 1 1 1 0 0 0 1 1 0 0 1 1 0 1 0 1 1 4596.0 5066.0 10 0.13397446457989
0 1 1 1 0 1 1 0 0 0 1 1 1 0 1 1 0 0 0 1 4696.0 5050.0 10 0.40458676551342043
0 0 1 1 1 1 0 0 0 1 0 0 1 1 1 1 0 0 0 0 5039.0 5023.0 10 0.3821732564524668
0 0 0 0 1 1 0 0 1 0 1 1 1 1 1 1 0 1 1 1 5121.0 5016.0 10 0.5314703459637122
0 1 0 1 0 0 1 0 1 0 1 0 1 1 1 0 0 1 0 1 5228.0 4569.0 10 0.5815156507413028
0 0 1 0 1 0 1 0 1 0 1 1 0 1 1 1 0 1 1 0 5289.0 4480.0 10 0.2688152114222732
0 1 0 1 1 1 0 0 1 0 0 0 1 1 1 1 0 0 0 1 5343.0 4359.0 10 0.4446691378363169
0 1 0 1 0 0 1 0 1 0 1 0 1 1 1 1 1 0 1 0 5360.0 4012.0 10 0.47663371773746743
0 1 0 0 1 1 0 0 1 0 1 0 1 1 1 1 0 1 1 0 5483.0 3922.0 10 2000000000000000.0
