0 0 1 1 1 1 0 0 1 0 0 1 1 1 1 1 0 0 1 1 5647.0 6159.0 0 2000000000000000.0
0 0 1 1 0 0 1 0 1 1 1 0 1 1 1 1 0 1 1 0 5963.0 5983.0 0 0.5076206697954361
0 0 1 1 1 1 0 0 1 1 1 0 1 1 1 1 0 1 0 0 6004.0 5967.0 0 0.16607970721464338
0 0 1 1 1 1 0 0 1 1 1 0 1 1 1 1 0 0 1 0 6084.0 5925.0 0 0.3553322631636678
0 0 1 1 1 0 1 1 1 0 0 0 1 1 1 1 0 0 1 1 6120.0 5679.0 0 0.3621821657455537
0 0 1 1 1 1 1 0 1 0 0 0 1 1 1 1 0 1 1 0 6194.0 5622.0 0 0.3052058442698663
0 0 1 1 1 0 1 1 1 1 0 0 1 1 1 0 0 1 0 0 6376.0 5611.0 0 0.7633470984922983
0 1 0 1 1 0 1 0 1 1 1 0 1 1 1 0 0 0 1 1 6626.0 5213.0 0 0.8318412227708486
0 1 0 1 1 0 1 0 1 1 1 0 1 1 1 0 0 1 1 0 6680.0 4974.0 0 2000000000000000.0
0 0 1 1 1 1 0 0 1 0 1 1 0 1 1 1 0 1 0 1 5232.0 6008.0 1 2000000000000000.0
0 0 1 1 1 1 0 0 1 0 1 0 1 1 1 1 0 0 1 1 5600.0 5972.0 1 0.5741744298367275
0 0 1 1 1 0 0 0 1 1 1 0 1 1 1 1 0 1 1 0 5925.0 5897.0 1 0.41807682322422446
0 0 1 1 1 1 1 0 1 0 0 1 1 1 1 1 0 0 0 1 6029.0 5829.0 1 0.4340046731048208
0 0 1 1 1 0 1 1 1 0 1 0 1 1 1 0 0 1 1 0 6180.0 5592.0 1 0.6453597565681407
0 1 0 1 1 1 0 1 1 1 0 0 1 1 1 1 0 0 0 1 6376.0 5349.0 1 0.6991028012900773
0 1 0 1 1 1 1 0 1 1 0 0 1 1 1 0 0 0 0 1 6551.0 5068.0 1 0.6510081791028898
0 1 0 1 1 0 1 0 1 1 0 0 1 1 1 1 0 1 1 0 6674.0 4822.0 1 2000000000000000.0
0 0 1 1 0 1 0 0 1 0 1 1 0 1 1 1 0 1 0 1 4576.0 5990.0 2 2000000000000000.0
0 0 1 1 0 1 1 0 0 0 1 1 1 1 1 1 0 1 1 0 5314.0 5968.0 2 0.515674682655708
0 1 1 1 0 1 0 0 1 0 1 1 1 1 1 1 0 0 0 1 5574.0 5945.0 2 0.3485126487142818
0 0 1 1 1 1 0 0 1 0 1 0 1 1 1 1 0 1 1 0 5654.0 5733.0 2 0.35621235997510914
0 0 1 1 1 1 0 0 1 1 0 0 1 1 1 1 0 0 1 0 5930.0 5710.0 2 0.32587127215614997
0 0 1 1 1 0 1 0 1 1 0 0 1 1 1 1 0 0 0 1 6099.0 5591.0 2 0.6910301544258081
0 1 0 1 1 1 0 1 1 1 0 0 1 1 1 0 0 1 0 0 6282.0 5047.0 2 0.5277085104980875
0 0 1 0 1 0 1 1 1 1 1 0 1 1 1 1 0 1 0 0 6298.0 5042.0 2 0.05844298934777059
0 1 0 1 1 0 1 0 1 1 0 0 1 1 1 0 0 1 0 1 6392.0 5040.0 2 0.11835277066173072
0 1 0 1 1 0 1 0 1 1 0 0 1 1 1 0 0 0 1 1 6472.0 4998.0 2 0.28557084105410085
0 1 0 1 1 0 1 0 1 1 0 0 1 1 1 0 0 1 1 0 6526.0 4759.0 2 0.278986179442327
0 1 0 1 1 0 1 0 1 1 0 1 1 1 1 1 0 0 1 0 6643.0 4748.0 2 0.09306897254137633
0 1 0 0 1 0 1 1 1 1 1 1 1 1 1 1 0 0 0 1 6654.0 4719.0 2 2000000000000000.0
0 0 1 1 0 1 0 0 1 0 1 1 1 1 1 1 0 0 0 1 4833.0 5922.0 3 2000000000000000.0
0 1 1 1 0 1 0 0 0 0 0 1 1 1 1 1 0 0 1 1 5153.0 5911.0 3 0.19886555317884605
0 0 1 1 0 1 1 0 0 0 1 1 1 1 1 0 0 1 1 0 5166.0 5905.0 3 0.17492028521989644
1 0 1 1 0 0 1 0 1 1 0 0 1 1 1 0 0 0 0 1 5444.0 5894.0 3 0.2928800221520469
0 0 1 1 0 1 1 0 0 1 1 0 1 1 1 1 0 0 1 0 5543.0 5758.0 3 0.22665478451917775
0 0 1 1 1 1 0 0 1 0 1 1 1 1 1 1 0 0 1 0 5623.0 5659.0 3 0.2359871875948314
0 0 1 1 1 0 1 0 1 0 1 0 1 1 1 1 0 1 0 1 5823.0 5614.0 3 0.19003495721337593
0 0 1 1 1 1 0 1 1 1 0 0 1 1 1 0 0 0 0 0 5841.0 5535.0 3 0.11857520637572483
0 0 1 1 1 0 1 0 1 1 0 0 1 1 1 0 0 0 0 1 5951.0 5528.0 3 0.11409400842309808
0 0 0 1 1 0 1 0 1 1 0 0 1 1 1 0 0 1 1 1 5963.0 5451.0 3 0.157509996844048
0 0 1 1 1 0 1 0 1 1 0 0 1 1 1 0 0 1 0 0 6005.0 5289.0 3 0.22035559381917558
0 0 1 1 1 0 1 1 1 0 0 0 1 1 1 1 1 0 1 0 6024.0 5101.0 3 0.15401488009227576
0 0 1 0 1 0 1 0 1 1 1 0 1 1 1 0 0 1 1 0 6091.0 5091.0 3 0.12785682415348057
0 1 0 1 0 0 1 0 1 1 1 0 1 1 1 1 0 1 1 0 6172.0 5019.0 3 0.21187626283083316
0 0 1 0 1 0 1 1 1 1 1 0 1 1 1 1 0 0 1 0 6378.0 5000.0 3 0.4393992341093169
0 1 0 0 1 0 1 0 1 1 1 0 1 1 1 1 0 0 1 1 6394.0 4429.0 3 0.3832536689354592
0 1 0 1 1 0 1 0 1 1 0 0 1 1 1 1 0 0 1 0 6442.0 4346.0 3 0.3184117260834326
0 1 0 0 1 0 1 1 1 1 1 0 1 1 1 1 0 0 1 0 6587.0 4036.0 3 2000000000000000.0
0 0 1 1 1 1 0 0 0 0 0 1 1 1 1 1 0 0 1 1 5068.0 5906.0 4 2000000000000000.0
0 0 1 1 1 1 0 0 1 0 0 0 1 1 1 1 0 1 0 1 5366.0 5799.0 4 0.3468045000477734
0 0 1 1 1 1 0 0 1 0 0 0 1 1 1 1 0 0 1 1 5446.0 5757.0 4 0.15575261686262226
0 0 1 1 0 1 1 0 1 1 0 1 0 1 1 0 0 0 1 0 5532.0 5727.0 4 0.08726609549755654
0 0 0 1 0 1 1 0 1 1 1 0 1 1 1 0 0 1 0 1 5540.0 5718.0 4 0.27630753513046646
0 0 1 1 0 1 1 0 1 1 1 0 1 1 1 1 0 0 0 0 5810.0 5577.0 4 0.41684142290409304
0 1 0 1 1 1 0 0 1 0 1 1 1 1 1 1 0 1 0 1 5930.0 5452.0 4 0.2326894238122409
0 0 1 1 1 0 1 0 1 0 1 0 1 1 1 1 0 1 1 0 5957.0 5333.0 4 0.1635300162508273
0 1 0 1 0 0 1 0 1 1 1 0 1 1 1 0 0 0 1 1 5970.0 5195.0 4 0.24579763526430126
0 1 0 1 0 0 1 0 1 1 1 0 1 1 1 0 0 1 1 0 6024.0 4956.0 4 0.21627129934995365
0 0 1 0 1 0 1 0 1 1 0 0 1 1 1 1 0 1 1 0 6085.0 4939.0 4 0.15964579748589014
0 1 0 1 1 0 1 0 1 1 1 0 0 1 1 0 0 0 1 1 6137.0 4805.0 4 0.32241853670775183
0 1 0 1 1 0 1 0 1 1 0 0 1 1 1 1 0 0 0 1 6308.0 4627.0 4 0.4508613839498825
0 1 0 0 1 0 1 1 1 0 1 1 1 1 1 1 0 1 1 0 6358.0 4246.0 4 0.44686812924192054
0 1 0 0 1 0 1 1 1 1 1 1 1 1 1 1 0 0 0 0 6476.0 4004.0 4 2000000000000000.0
0 0 1 1 0 1 0 0 1 0 1 1 1 1 1 0 0 0 0 1 4685.0 5859.0 5 2000000000000000.0
0 0 1 1 0 1 1 0 0 0 1 1 0 1 1 1 0 1 0 1 4691.0 5841.0 5 0.06051451819331972
0 0 1 1 0 1 0 0 1 0 0 0 1 1 1 1 0 1 0 1 4710.0 5781.0 5 0.29209346556172644
0 0 1 1 1 1 0 1 0 0 0 0 1 1 1 0 0 0 1 1 5090.0 5763.0 5 0.46907421045478626
0 1 1 1 0 1 0 0 1 0 0 1 1 1 1 1 0 0 0 1 5420.0 5730.0 5 0.31128028943433983
0 0 1 1 1 1 0 0 1 0 1 0 1 1 1 0 0 1 1 0 5506.0 5670.0 5 0.23361421145580938
0 1 1 1 1 1 0 0 0 0 0 0 1 1 1 1 0 0 1 1 5608.0 5527.0 5 0.2680546121450728
0 0 1 1 1 1 0 0 1 1 1 0 1 1 1 1 0 0 0 0 5772.0 5491.0 5 0.193959630770979
0 0 1 1 1 1 1 0 1 0 0 0 1 1 1 1 0 0 0 1 5828.0 5427.0 5 0.24375656911602395
0 0 0 1 1 0 1 0 1 1 1 0 1 1 1 0 0 0 1 1 5885.0 5190.0 5 0.22784947697322383
0 0 0 1 1 0 1 0 1 1 0 0 1 1 1 1 1 0 1 1 5961.0 5175.0 5 0.25067675301552234
0 0 0 1 1 0 1 0 1 1 0 1 1 1 1 1 1 0 1 0 5984.0 4862.0 5 0.47599117682806313
0 1 0 1 1 0 1 0 1 1 0 0 1 1 1 0 0 0 0 1 6160.0 4564.0 5 0.430203633659589
0 1 0 0 1 0 1 1 1 1 1 1 0 1 1 1 0 0 0 1 6165.0 4311.0 5 0.24521232098040147
0 1 0 1 1 0 1 0 1 1 0 0 1 1 1 0 0 0 1 0 6294.0 4283.0 5 0.18982689708919998
0 1 0 0 1 0 1 0 1 1 1 0 1 1 1 0 0 1 1 0 6300.0 4127.0 5 2000000000000000.0
1 0 0 1 0 1 0 0 1 1 0 1 0 1 1 0 0 0 1 1 4633.0 5735.0 6 2000000000000000.0
0 0 1 1 1 1 0 0 1 0 0 1 1 1 1 1 0 0 0 1 5335.0 5725.0 6 0.5407830547517853
0 0 1 1 0 0 1 1 1 0 0 0 1 1 1 1 0 0 1 1 5464.0 5661.0 6 0.34147663906831904
0 0 0 1 0 1 1 0 1 1 1 0 1 1 1 0 0 1 1 0 5674.0 5437.0 6 0.33692402836236046
0 0 1 1 1 0 1 1 1 0 1 0 1 1 1 0 0 0 0 1 5814.0 5397.0 6 0.24341177700000907
0 0 1 1 1 1 1 0 1 0 0 0 1 1 1 1 0 1 0 0 5882.0 5188.0 6 0.17423008200694307
0 0 1 0 1 0 1 0 1 1 0 0 1 1 1 0 0 0 1 1 5883.0 5115.0 6 0.11418158935079677
0 1 0 1 0 0 1 1 1 0 1 1 1 1 1 0 0 1 1 0 5934.0 5012.0 6 0.3244902189535776
0 1 0 1 1 0 1 0 0 1 0 0 1 1 1 0 0 1 1 0 5947.0 4506.0 6 0.30481791555812215
0 1 0 1 1 0 1 0 1 0 0 0 1 1 1 1 0 0 1 1 5958.0 4393.0 6 0.17094831923150955
0 1 1 0 1 0 1 0 1 0 0 0 1 1 1 0 0 1 1 0 6016.0 4231.0 6 0.25566114071948365
0 1 0 0 1 0 1 0 1 1 0 0 1 1 1 1 0 0 1 1 6240.0 4214.0 6 0.4526242966937162
0 1 0 0 1 0 1 1 1 1 1 0 1 1 1 1 0 0 0 0 6275.0 3602.0 6 2000000000000000.0
0 0 1 1 0 1 0 0 1 0 1 1 1 1 1 1 0 1 0 0 4887.0 5683.0 7 2000000000000000.0
0 1 0 0 1 0 1 1 1 1 0 0 1 1 1 0 0 1 0 0 6205.0 3800.0 7 2000000000000000.0
0 1 0 0 1 0 1 0 1 1 0 0 1 1 1 0 0 0 1 1 6092.0 4151.0 7 0.7369096709879592
0 0 0 1 1 0 1 0 1 1 0 0 1 1 1 1 0 1 1 0 5933.0 4799.0 7 0.6349414979647412
0 0 1 1 1 1 0 1 0 0 0 0 1 1 1 1 0 1 1 0 5292.0 5587.0 7 0.501582726044109
0 0 1 1 1 1 0 1 1 0 0 0 1 1 1 1 0 1 0 0 5559.0 5406.0 7 0.36099410345900484
0 0 1 1 1 1 0 0 1 0 1 1 0 1 1 1 1 0 0 1 5082.0 5669.0 7 0.3582662380519638
0 0 1 1 1 0 1 1 1 0 0 0 1 1 1 0 1 0 1 0 5876.0 5038.0 7 0.344214709198245
