0 0 0 0 1 1 1 1 1 1 0 0 0 0 1 0 0 1 1 1 1 0 1 0 0 0 1 1 0 1 0 1 0 1 1 1 0 0 1 0 0 1 0 1 1 1 0 1 1 0 0 1 0 1 0 1 0 1 1 0 0 0 1 0 0 0 1 1 0 1 1 0 0 0 0 1 0 1 1 1 1 1 0 0 1 0 0 0 1 1 0 1 0 0 1 1 1 1 0 0 26739.0 27061.0 0 2000000000000000.0
0 0 0 0 1 1 1 1 1 1 0 0 0 0 1 0 0 1 1 1 1 0 1 0 0 0 1 1 0 1 0 1 0 1 1 1 0 0 1 0 0 1 0 1 1 1 0 1 1 0 0 1 0 1 0 1 0 0 1 1 0 0 1 0 1 1 0 1 0 0 1 1 1 1 1 1 1 1 1 1 0 0 0 0 0 1 0 0 0 0 0 0 0 1 1 1 0 0 1 1 29907.0 26258.0 0 1.9999999999999403
1 0 1 0 1 1 1 0 1 1 0 0 0 1 0 0 0 1 0 1 1 0 0 1 1 1 0 0 1 1 0 1 1 1 0 1 0 0 1 0 1 1 1 0 0 0 1 0 1 0 0 1 0 0 0 0 0 0 1 1 0 0 1 0 1 1 0 1 0 0 1 1 1 1 1 1 1 1 1 1 1 0 0 0 0 1 0 0 0 0 0 0 0 1 1 1 0 0 1 1 30092.0 23837.0 0 2000000000000000.0
0 0 0 1 1 1 1 0 1 1 0 0 0 0 1 0 0 1 1 1 1 0 1 0 0 0 0 1 0 1 0 1 0 1 1 1 0 0 1 0 0 1 0 1 1 1 0 1 1 0 0 1 0 1 0 1 0 0 1 1 0 0 1 0 1 1 0 1 0 0 1 1 1 1 1 1 1 1 1 1 0 0 0 0 0 1 0 0 0 0 0 0 0 1 1 1 0 0 1 1 28537.0 26247.0 1 2000000000000000.0
0 0 1 0 1 1 1 0 1 1 0 0 1 1 0 0 0 1 0 1 1 0 1 1 1 1 0 0 1 1 0 1 1 1 0 1 0 0 1 0 0 1 1 1 0 0 0 0 1 1 0 0 0 0 0 0 0 0 1 1 0 0 1 0 1 1 0 1 0 0 1 1 1 1 1 1 1 1 1 1 1 0 0 0 0 1 0 0 0 0 0 0 0 1 1 1 0 0 1 1 29810.0 25366.0 1 2000000000000000.0
0 1 0 0 1 1 1 1 1 0 0 0 0 0 1 0 0 1 1 1 1 0 1 0 0 0 1 1 0 1 0 1 0 1 1 1 0 0 1 0 0 1 0 1 1 1 0 1 1 0 0 1 0 1 0 1 0 1 1 0 0 0 1 0 0 0 1 1 0 1 1 0 0 0 0 1 0 0 1 1 1 1 0 0 1 0 0 0 1 1 0 1 0 0 1 1 1 1 0 0 26347.0 26191.0 2 2000000000000000.0
0 0 0 0 1 1 1 1 1 1 0 0 0 0 1 0 0 1 1 1 1 0 1 0 0 0 1 1 0 1 0 1 0 1 1 1 0 0 1 0 0 1 0 1 1 1 0 1 1 0 0 1 0 1 0 1 0 1 1 0 0 0 1 0 0 0 1 1 0 1 1 0 0 0 0 1 0 0 1 1 1 1 0 0 1 0 0 0 1 1 0 1 0 0 1 1 1 1 0 0 26492.0 26155.0 2 0.3584659924441975
0 1 0 1 1 0 1 0 1 0 1 1 1 1 1 0 0 0 0 0 1 0 0 1 1 1 0 1 1 1 0 0 1 1 0 1 0 0 1 0 0 1 0 1 1 1 1 0 0 1 0 1 0 0 0 1 1 1 1 1 1 1 1 0 0 0 0 0 0 1 0 1 1 0 0 0 1 1 0 1 0 1 0 0 1 0 0 0 0 1 0 0 0 1 1 1 1 0 1 1 27013.0 25637.0 2 0.925309739874736
0 0 0 0 1 0 1 1 1 1 0 0 0 1 1 1 1 1 1 1 0 0 1 0 0 0 1 1 0 1 0 1 1 0 1 1 0 1 0 0 0 1 1 0 0 1 1 0 0 1 0 1 0 0 0 1 1 1 1 1 1 0 1 0 0 0 0 0 0 0 1 1 1 1 1 1 1 1 1 1 0 0 0 0 0 1 0 0 1 0 0 0 0 1 1 1 0 0 1 1 28717.0 25216.0 2 0.7405939043019336
0 1 0 0 1 1 1 0 1 1 0 0 1 1 0 0 0 1 0 1 1 0 0 1 1 1 0 0 1 1 0 1 1 1 0 1 0 0 1 0 0 1 0 1 0 1 1 0 0 1 0 1 0 0 0 1 1 1 1 1 1 0 1 0 0 0 0 0 0 0 1 1 1 1 1 1 1 1 1 1 0 0 0 0 0 1 0 0 1 0 0 0 0 1 1 1 0 0 1 1 29054.0 25138.0 2 0.3909831617484666
0 0 0 0 1 1 1 0 1 1 0 0 1 1 0 0 0 1 0 1 1 0 0 1 1 1 1 0 1 1 0 1 1 1 0 1 0 0 1 0 0 1 0 1 0 1 0 1 0 0 0 0 0 0 1 0 1 1 1 0 1 0 1 1 0 0 0 1 0 1 1 1 1 1 1 1 1 1 1 1 0 0 0 0 0 1 0 0 0 0 0 0 1 1 0 1 1 1 0 1 29728.0 24888.0 2 0.6250092391845102
0 0 0 0 1 1 1 0 1 1 0 0 1 1 0 0 0 1 0 1 1 0 0 1 1 1 0 0 1 1 0 1 1 1 0 1 0 0 1 0 0 1 1 0 1 0 0 0 1 1 0 0 0 0 0 0 0 0 1 1 0 0 1 0 1 1 0 1 0 0 1 1 1 1 1 1 1 1 1 1 1 0 0 0 0 1 0 0 0 0 0 0 0 1 1 1 0 0 1 1 29766.0 23736.0 2 0.6309286354135378
1 0 1 0 0 1 1 0 1 1 0 0 1 1 0 0 0 1 0 1 1 0 0 1 1 1 0 0 1 1 0 1 1 1 0 1 0 0 1 0 0 1 1 0 1 0 0 0 1 1 0 0 0 0 0 0 0 0 1 1 0 0 1 0 0 1 0 1 0 0 1 1 1 1 1 1 1 1 1 1 1 0 0 0 0 1 0 0 0 0 0 0 0 1 1 1 0 0 1 1 29797.0 22842.0 2 2000000000000000.0
0 1 0 1 0 0 0 1 0 1 1 0 1 1 0 0 0 1 1 1 1 0 1 0 0 0 1 1 0 1 0 1 1 1 0 1 0 0 1 0 0 0 1 1 0 0 1 0 1 1 1 1 0 0 0 1 1 1 1 0 1 0 1 1 0 0 0 0 0 0 1 0 1 0 0 1 1 1 1 0 0 0 0 0 1 0 0 1 1 0 0 0 0 1 1 1 1 1 0 0 25599.0 25833.0 3 2000000000000000.0
0 0 1 0 1 1 1 0 1 1 1 0 1 1 0 0 0 1 0 1 1 0 0 1 1 1 0 0 1 1 0 1 1 1 0 1 0 0 1 0 0 1 0 1 1 1 0 0 1 0 0 1 0 1 0 1 0 1 1 0 0 0 1 0 0 0 1 1 0 1 1 0 0 0 0 1 0 0 1 1 1 0 0 0 1 0 0 0 1 1 1 1 0 0 1 1 1 1 0 0 25908.0 25409.0 3 0.46925746046421457
0 1 0 1 1 0 1 0 1 0 1 1 1 1 1 0 0 0 0 0 1 0 0 1 1 1 0 1 1 1 0 0 1 1 0 1 0 0 1 0 0 1 0 1 1 1 1 0 0 1 0 1 0 0 0 1 1 1 1 1 1 1 1 0 0 0 0 0 0 1 0 1 1 0 0 0 1 1 0 1 0 1 0 0 1 0 0 0 0 1 0 0 1 0 0 1 1 1 0 1 26223.0 25215.0 3 0.4116045802509129
0 0 1 0 1 1 1 0 1 1 1 0 1 1 0 0 0 1 0 1 1 0 0 1 1 1 0 0 1 1 0 1 1 1 0 1 0 0 1 0 0 1 1 1 0 0 1 0 1 0 0 1 1 0 1 0 1 0 1 1 1 1 1 0 0 0 0 0 0 1 0 1 1 1 0 0 0 1 1 1 0 0 0 0 0 1 0 0 0 0 0 0 0 1 1 1 1 0 0 1 26982.0 25122.0 3 0.5270973662889532
0 1 0 1 0 0 0 1 0 1 1 0 1 1 0 0 0 1 1 1 1 0 1 0 1 0 1 1 0 1 0 1 1 1 0 1 0 0 1 0 0 1 0 1 0 1 0 1 0 0 0 0 0 0 1 0 1 1 1 0 1 0 1 1 0 0 0 1 0 1 1 1 1 1 1 1 1 1 1 1 0 0 0 0 0 1 0 0 0 0 0 0 0 1 1 1 1 0 0 1 28159.0 25119.0 3 0.3748100304669025
0 0 0 1 1 1 1 0 1 1 0 0 1 0 0 0 0 1 0 1 1 0 1 1 1 1 0 0 1 1 0 1 0 0 1 0 1 1 0 0 1 1 1 0 0 1 1 0 1 0 1 0 0 1 0 0 1 1 1 1 1 0 1 0 0 0 0 0 0 0 1 1 1 1 1 1 1 1 1 1 0 0 0 0 0 1 0 0 1 0 0 0 0 1 1 1 1 1 0 0 28289.0 25020.0 3 0.2821565350211949
0 0 0 0 1 1 1 0 1 1 0 0 1 1 0 0 0 1 0 1 1 0 0 1 1 1 1 0 1 1 0 1 1 1 0 1 0 0 1 0 0 1 1 1 0 1 0 1 0 0 0 0 0 0 1 0 1 1 1 0 1 0 1 1 0 0 0 1 0 1 1 1 1 1 1 1 1 1 1 1 0 0 0 0 0 1 0 0 0 1 0 1 0 0 0 1 1 1 0 0 28490.0 24726.0 3 0.5459540818748815
0 0 0 0 1 1 1 0 1 1 0 0 1 1 0 0 0 1 0 1 1 0 0 1 1 1 1 0 1 1 0 1 1 1 0 1 0 0 1 0 0 1 0 1 0 1 0 1 0 0 0 0 0 0 1 0 1 1 1 0 1 0 1 1 0 0 0 1 0 1 1 1 1 1 1 1 1 1 1 1 0 0 0 0 0 1 0 0 0 0 0 0 0 1 1 1 1 0 1 1 29525.0 24548.0 3 0.625118181924637
0 0 0 1 1 1 1 0 1 1 0 0 1 1 0 0 0 1 0 1 1 0 0 1 1 1 0 0 1 1 0 1 1 1 0 1 0 0 1 0 0 1 0 1 0 1 0 1 0 0 1 0 0 0 1 0 1 1 1 0 1 0 1 1 0 1 1 1 0 0 1 1 1 1 1 1 1 0 1 1 1 0 0 0 0 1 0 0 0 0 0 0 0 1 1 1 0 0 1 1 29615.0 24045.0 3 0.375099951650398
1 0 1 0 1 1 1 0 1 1 0 0 1 1 0 0 0 1 0 1 1 0 0 1 1 1 0 0 1 1 0 1 1 1 0 1 0 0 1 0 1 1 1 1 0 0 1 0 0 0 0 0 0 0 1 0 1 1 1 0 1 0 1 1 0 0 0 1 0 1 1 1 1 1 1 1 1 1 1 1 0 0 0 0 0 1 0 0 0 0 0 0 0 1 1 1 0 0 1 1 29648.0 23872.0 3 2000000000000000.0
0 0 0 1 1 0 1 0 0 0 1 1 1 1 1 0 0 0 0 0 1 0 0 1 1 1 0 1 1 1 0 0 1 1 0 1 0 0 1 0 0 1 0 1 1 1 1 1 1 0 0 0 0 0 1 1 1 1 1 0 1 0 1 1 0 1 1 1 0 0 0 0 0 1 0 0 0 1 1 1 0 0 0 1 1 0 0 0 1 1 0 1 0 0 1 1 1 1 0 0 24225.0 25630.0 4 2000000000000000.0
0 0 0 0 1 1 1 1 1 1 0 0 0 1 1 1 1 0 1 1 1 0 1 0 0 0 1 0 0 1 0 0 0 1 1 1 1 0 0 0 0 0 1 1 0 0 1 0 1 1 1 1 0 0 0 1 1 1 1 0 1 0 1 1 0 0 0 0 0 0 1 0 1 0 0 1 1 1 1 0 0 0 0 0 1 0 0 1 1 0 0 0 0 1 1 1 1 1 0 0 24963.0 25502.0 4 0.9418752439896461
0 0 0 1 1 0 1 0 0 0 1 1 1 1 1 0 0 0 0 0 1 0 0 1 1 1 0 1 1 1 1 0 1 1 0 1 0 0 1 0 0 1 0 1 1 1 0 1 0 1 1 1 0 0 1 1 1 1 1 1 1 0 1 0 0 0 0 0 0 0 1 0 1 0 1 1 1 1 1 1 1 0 0 0 0 1 0 0 0 0 0 0 0 1 1 1 0 0 1 1 27781.0 25080.0 4 0.8856416581078703
0 0 1 1 1 1 1 0 1 1 0 0 1 1 0 0 0 1 0 1 1 0 0 1 1 1 0 0 1 1 0 1 1 1 0 1 0 0 1 0 0 0 0 0 0 1 1 0 0 1 0 1 0 0 0 1 1 1 1 1 1 0 1 1 0 0 1 1 0 1 1 0 0 0 0 1 0 0 1 1 1 1 0 0 1 0 0 0 1 1 0 1 0 0 1 1 1 1 0 0 27814.0 24802.0 4 0.39646686473093273
0 0 0 1 1 1 1 0 1 1 0 0 1 0 0 0 0 1 0 1 1 0 1 1 1 1 0 0 1 1 0 1 0 0 1 0 1 1 0 0 1 1 1 0 0 1 1 0 1 0 1 0 0 1 0 0 1 1 1 1 1 0 1 0 0 0 0 0 0 0 1 1 1 1 1 1 1 1 1 1 0 0 0 0 0 1 0 0 1 0 0 0 0 1 1 1 1 0 0 1 28425.0 24532.0 4 0.46453853518135085
0 1 0 1 0 0 0 1 0 1 1 0 1 1 0 0 0 1 1 1 1 0 1 0 1 0 1 1 0 1 0 1 1 1 0 1 0 0 1 0 0 1 0 1 0 1 0 1 0 0 0 0 0 0 1 0 1 1 1 0 1 0 1 1 0 0 0 1 0 1 1 1 1 1 1 1 1 1 1 1 0 0 0 0 0 1 0 0 0 0 0 0 0 1 1 1 0 0 1 1 28779.0 24238.0 4 0.6032231830333166
0 1 0 0 0 0 1 0 1 1 0 0 1 1 0 0 0 1 0 1 1 0 0 1 1 1 1 0 1 1 0 1 1 1 0 1 0 0 1 0 0 1 0 1 0 1 0 1 0 0 0 0 0 0 1 0 1 1 1 0 1 0 1 1 0 0 0 1 0 1 1 1 1 1 1 1 1 1 1 1 0 0 0 0 0 1 0 0 0 0 0 0 0 1 1 1 1 0 1 1 29380.0 23689.0 4 0.4473664655414594
0 1 0 1 0 0 0 1 1 1 1 0 1 1 0 1 0 1 1 1 1 0 1 0 0 0 1 1 0 0 0 1 0 1 1 0 0 1 0 0 0 1 1 0 1 0 0 0 1 1 0 0 0 0 0 0 0 0 1 1 0 0 1 1 0 0 0 1 0 1 1 1 1 1 1 1 1 1 1 1 0 0 0 0 0 1 0 0 1 0 0 0 0 1 1 1 1 0 0 1 29574.0 23645.0 4 2000000000000000.0
0 0 0 0 1 1 1 0 1 1 0 0 1 1 0 0 0 1 0 1 1 0 0 1 1 1 1 0 1 1 0 1 1 1 0 1 0 0 1 0 0 1 1 1 0 1 0 1 0 0 0 0 0 0 1 0 1 1 1 0 1 0 1 1 0 0 0 1 0 1 1 0 1 0 0 1 0 1 1 1 0 0 1 1 0 0 0 1 1 0 0 0 0 1 1 1 1 1 0 0 26569.0 24977.0 5 2000000000000000.0
1 0 1 0 1 1 1 0 1 1 0 0 1 1 0 0 0 1 1 1 1 1 1 0 0 0 1 0 0 1 0 0 0 1 1 1 1 0 0 0 0 0 1 1 0 0 1 0 1 1 1 1 0 0 0 1 1 1 1 0 1 0 1 0 0 0 0 0 0 0 1 0 1 0 0 1 1 1 1 1 1 0 0 0 1 1 0 1 1 1 0 1 1 1 0 0 0 0 1 0 27073.0 24957.0 5 0.5494742934310478
1 0 1 0 1 1 1 0 1 1 0 0 1 1 0 0 0 1 0 1 1 0 0 1 1 1 0 0 1 1 0 1 1 1 0 1 0 0 1 0 1 1 1 1 0 0 1 0 1 0 0 1 0 1 0 1 1 0 0 0 1 0 0 1 0 1 0 1 0 0 0 1 1 0 0 0 1 1 0 1 0 1 0 0 1 0 1 0 0 1 0 1 0 1 1 1 1 1 0 0 27181.0 24509.0 5 0.6628898897635861
0 0 0 0 1 1 1 0 1 1 0 0 1 1 0 0 0 1 0 1 1 0 0 1 1 1 0 0 1 1 0 1 1 1 0 1 0 0 1 0 0 1 0 1 0 1 0 1 0 0 1 0 0 0 1 0 1 1 1 0 0 0 1 1 0 0 0 1 0 1 1 1 1 1 1 1 1 1 1 1 0 0 0 0 0 1 0 0 0 0 0 0 0 1 0 1 1 0 1 1 27843.0 24407.0 5 0.5225599968341129
0 0 1 0 1 1 1 0 1 1 1 0 1 1 0 0 0 1 0 1 1 0 0 1 1 1 0 0 1 1 0 1 1 1 0 1 0 0 1 0 0 0 0 0 0 1 1 0 0 1 0 1 0 0 0 1 1 1 1 1 1 0 1 1 0 0 1 0 0 1 1 0 0 0 0 1 0 0 1 1 1 1 0 0 1 0 0 0 1 1 0 1 0 0 1 1 1 1 1 1 28297.0 24310.0 5 0.49884347028165904
0 1 0 1 0 0 0 1 0 1 1 0 1 1 0 0 0 1 1 1 1 0 1 0 0 0 1 1 0 1 0 1 1 1 0 1 0 0 1 0 0 1 0 1 0 1 0 1 0 0 0 0 0 0 1 0 1 1 1 0 1 0 1 1 0 0 0 1 0 1 1 1 1 1 1 1 1 1 1 1 0 0 0 0 0 1 0 0 0 0 0 0 0 1 1 1 0 0 1 1 28394.0 23980.0 5 0.7970918570512988
0 0 0 0 1 1 1 0 1 1 0 0 1 1 0 0 0 1 0 1 1 0 0 1 1 1 1 0 1 1 0 1 1 1 0 1 0 0 1 0 0 1 0 1 0 1 0 1 0 0 0 0 0 0 1 0 1 1 1 0 1 0 1 1 0 0 0 1 0 1 1 1 1 1 1 1 1 1 1 1 0 0 0 0 0 1 0 0 0 0 0 0 0 1 1 1 0 0 1 1 29241.0 23657.0 5 0.6534593248299883
0 0 0 0 1 1 1 1 1 1 0 0 1 0 0 0 0 1 0 1 1 0 1 1 1 1 0 0 1 1 0 1 0 0 1 0 1 1 0 0 1 1 1 0 0 1 1 0 1 0 1 0 0 1 0 0 1 1 1 1 1 0 1 0 0 0 0 0 0 0 1 1 1 1 1 1 1 1 1 1 0 0 0 0 0 1 0 0 1 0 0 0 0 1 1 1 0 0 1 1 29531.0 23612.0 5 2000000000000000.0
0 0 0 1 1 0 1 0 0 0 1 1 1 1 1 0 0 0 0 0 1 0 0 1 1 1 0 1 1 1 0 0 1 1 0 1 0 0 1 0 0 1 0 1 1 1 0 1 0 1 1 1 0 0 1 1 0 0 1 0 1 0 0 0 0 1 1 0 0 0 1 0 1 0 0 1 0 1 1 1 0 0 1 1 0 0 0 1 1 0 0 0 0 1 1 1 1 1 0 0 23274.0 24976.0 6 2000000000000000.0
0 0 0 1 1 0 1 0 0 0 1 1 1 1 1 0 1 0 0 0 1 0 0 1 1 1 0 1 1 1 0 0 1 1 0 1 0 0 1 0 0 1 0 1 1 1 1 1 1 0 0 0 0 0 1 1 1 1 1 0 1 0 1 1 0 1 1 1 0 0 0 0 0 1 0 0 0 1 1 1 0 0 0 1 1 0 0 0 1 1 0 0 0 1 1 1 0 0 1 1 25775.0 24891.0 6 0.6678328532708844
0 1 0 0 0 0 1 0 1 1 0 0 1 1 0 0 0 1 0 1 1 0 0 1 1 1 0 0 1 1 0 1 1 1 0 1 1 0 0 0 0 0 1 1 0 0 1 0 1 1 1 1 0 0 0 1 1 1 1 0 1 0 1 1 0 0 0 0 0 0 1 0 1 0 0 1 1 1 1 0 0 0 0 0 1 0 0 1 1 0 0 0 0 1 1 1 1 1 0 0 25804.0 24672.0 6 0.3044406155696959
0 1 0 0 1 1 1 0 1 1 0 0 1 1 0 0 0 1 0 1 1 0 0 1 1 1 0 0 1 1 0 1 1 1 0 1 0 0 1 0 0 1 0 1 0 1 1 0 0 1 0 1 0 0 0 1 1 1 1 1 1 0 1 0 0 0 0 0 0 1 0 1 1 0 0 0 1 1 0 1 0 1 0 0 1 0 0 0 0 1 0 1 1 0 0 1 1 0 0 1 26038.0 24548.0 6 0.38712430074901294
1 0 1 0 1 1 1 0 1 1 0 0 1 1 0 0 0 1 0 1 1 0 0 1 1 1 0 0 1 1 0 1 1 1 0 1 0 0 1 0 1 1 1 1 0 0 1 0 1 0 0 1 0 1 0 1 1 0 0 0 1 0 0 1 0 1 0 1 0 0 0 1 1 0 0 0 1 1 0 1 1 1 0 0 1 0 0 0 1 1 0 1 0 0 1 1 1 1 0 0 27167.0 24472.0 6 0.4509875336343228
0 0 1 0 1 1 1 0 1 1 1 0 1 1 0 0 0 1 0 1 1 0 0 1 1 1 0 0 1 1 0 1 1 1 0 1 0 0 1 0 0 1 1 1 0 0 1 0 1 0 0 1 1 0 1 0 1 1 1 1 1 1 1 0 0 0 0 0 0 1 0 1 0 1 0 0 0 1 1 1 0 0 1 0 0 1 0 1 1 0 1 1 1 0 0 1 1 0 0 1 27726.0 24338.0 6 0.28934078329185364
0 1 0 1 0 0 0 1 0 1 1 0 1 1 0 0 0 1 1 1 1 0 1 0 1 0 1 1 0 1 0 1 1 1 0 1 0 0 1 0 0 1 0 1 0 1 0 1 0 0 0 0 0 0 1 0 1 1 1 0 1 1 1 0 1 0 0 1 0 0 1 1 1 1 1 1 1 1 1 1 0 0 0 0 0 1 0 0 0 0 0 1 0 1 1 1 0 0 1 1 28092.0 24301.0 6 0.7470471420210586
0 0 0 1 1 1 1 0 1 1 0 0 1 0 0 0 0 1 0 1 1 0 1 1 1 1 0 0 1 1 0 1 0 0 1 0 1 1 0 0 1 1 1 0 0 1 1 0 1 0 1 0 0 1 0 0 1 1 1 1 1 0 1 0 0 0 0 0 0 0 1 1 1 1 1 1 1 1 1 1 0 0 0 0 0 1 0 0 1 0 0 0 0 1 1 1 0 0 1 1 29045.0 23651.0 6 2000000000000000.0
0 0 0 0 1 1 1 0 1 1 0 1 1 1 0 0 0 1 0 1 1 0 0 1 1 1 1 0 1 1 0 1 1 1 0 1 0 0 1 0 0 0 1 1 0 1 0 1 0 1 1 1 0 0 0 1 0 0 1 0 1 0 0 0 0 1 1 0 0 0 1 0 1 0 0 1 0 1 1 1 0 0 1 1 0 0 0 1 1 0 0 0 0 1 1 1 1 1 0 0 24704.0 24882.0 7 2000000000000000.0
0 0 0 1 1 0 1 0 0 0 1 1 1 1 1 0 0 0 0 0 1 0 0 1 1 1 0 1 1 1 0 0 1 1 0 1 0 0 1 0 0 1 0 1 1 1 0 1 0 1 1 1 0 0 1 1 0 0 1 0 1 0 0 0 0 1 1 0 0 0 1 1 1 1 1 1 1 1 1 1 0 0 0 0 0 1 0 0 0 1 0 1 0 0 0 1 1 1 0 0 25195.0 24725.0 7 0.17562419669909612
0 0 0 0 1 1 1 0 1 1 0 0 1 1 0 0 0 1 0 1 1 0 0 1 1 1 0 0 1 1 0 1 1 1 0 1 0 0 1 0 0 1 0 1 1 1 0 0 1 0 0 1 0 1 0 1 0 1 1 0 0 0 1 0 0 0 1 1 0 1 1 0 0 0 0 1 0 0 1 1 1 0 0 0 1 0 0 0 1 1 1 1 0 0 1 1 1 1 0 0 25258.0 24711.0 7 0.30687718370243844
0 1 0 0 1 1 1 0 1 1 0 0 1 1 0 0 0 1 0 1 1 0 0 1 1 1 0 0 1 1 0 1 1 1 0 1 0 0 1 0 0 1 0 1 0 1 1 0 0 1 0 1 0 0 0 1 1 1 1 1 1 0 1 0 0 0 1 1 0 1 1 0 0 0 0 1 0 0 1 1 0 1 0 0 1 0 1 0 0 1 0 1 0 0 0 1 1 1 0 0 26216.0 24470.0 7 0.4400785862213395
0 0 0 0 1 1 1 1 1 1 0 0 0 0 1 0 0 1 1 1 1 0 1 0 0 0 1 1 0 1 0 1 1 0 1 1 0 0 0 0 0 1 1 0 1 0 0 0 1 1 0 0 0 0 0 0 0 0 1 1 0 0 1 0 1 1 0 1 0 0 1 1 1 1 1 1 1 1 1 0 0 0 0 0 1 0 0 1 1 0 0 0 0 1 1 1 1 1 0 0 26775.0 24389.0 7 0.24016280231566628
0 0 0 0 1 1 1 0 1 1 0 0 1 1 0 0 0 1 0 1 1 0 0 0 1 0 1 1 0 1 0 1 1 1 0 1 0 0 1 0 0 1 0 1 0 1 0 1 0 0 0 0 0 0 1 0 1 1 1 0 1 0 1 1 0 0 0 1 0 1 1 1 1 1 1 1 1 1 1 1 0 0 0 0 0 1 0 0 0 0 0 0 0 1 1 1 1 0 0 1 27052.0 24301.0 7 0.1934688833518114
0 0 1 0 1 1 1 1 1 1 0 0 0 0 1 0 0 1 1 1 1 0 1 0 0 0 1 1 0 1 0 1 1 0 1 1 0 1 0 0 0 1 1 0 1 0 0 0 1 1 0 0 0 0 0 0 0 0 1 1 0 0 1 0 1 1 0 1 0 0 1 1 1 1 1 1 1 1 1 1 0 0 0 0 0 1 0 0 0 0 0 0 0 1 1 1 1 1 0 0 27393.0 24207.0 7 0.2469480365817952
0 0 0 0 1 1 1 0 1 1 0 0 1 1 0 0 0 1 0 1 1 0 0 1 1 1 0 0 1 1 0 1 1 1 0 1 0 0 1 0 0 1 0 1 0 1 0 1 0 0 1 0 0 0 1 0 0 1 1 0 0 0 1 1 1 0 0 1 0 1 1 1 1 1 1 1 1 1 1 1 0 0 0 0 0 1 0 0 0 0 0 0 0 1 0 1 0 1 1 1 27944.0 24154.0 7 0.5091249568866058
0 0 0 0 1 1 1 1 1 1 0 0 0 0 1 0 0 1 1 1 1 0 1 0 0 0 1 1 0 1 0 1 0 1 1 1 0 0 1 0 0 1 0 1 0 1 1 0 0 1 0 1 0 0 0 1 1 1 1 1 1 0 0 1 0 0 1 1 0 1 1 0 0 0 0 1 0 0 1 1 1 0 1 0 0 1 0 1 1 1 0 0 1 1 0 0 0 1 1 0 28602.0 23383.0 7 0.4803062712763449
0 1 0 0 0 0 1 0 1 1 0 0 1 1 0 0 0 1 0 1 1 0 0 1 1 1 0 0 1 1 0 1 1 1 0 1 0 0 1 0 0 0 0 0 1 1 0 1 1 0 0 1 0 1 0 1 0 0 1 1 0 0 1 0 1 1 0 1 0 0 1 1 1 1 1 1 1 1 1 1 0 0 0 0 0 1 0 0 0 0 0 0 0 1 1 1 0 0 1 1 28750.0 23100.0 7 0.6762382240534595
0 0 0 0 1 1 1 1 1 1 0 0 0 0 1 0 0 1 0 1 1 0 0 1 1 1 0 0 1 1 0 1 1 1 0 1 0 0 1 0 1 1 1 0 0 0 1 0 1 0 0 1 0 1 0 1 1 0 0 0 1 0 0 1 0 1 0 1 0 0 0 1 1 0 1 1 1 1 1 1 0 0 0 0 0 1 0 0 1 0 0 0 0 1 1 1 0 0 1 1 29022.0 21308.0 7 0.5685328767568066
0 0 0 0 1 1 1 0 1 1 0 0 1 1 0 0 0 1 0 1 1 0 0 1 1 1 1 0 1 1 0 1 0 1 1 0 0 1 0 0 0 1 1 0 0 0 0 0 1 1 0 0 0 0 0 0 0 0 1 1 0 0 1 0 1 0 0 1 0 0 1 1 1 1 1 1 1 1 1 1 0 0 0 0 0 1 0 0 1 0 0 0 0 1 1 1 0 0 1 1 29036.0 21300.0 7 2000000000000000.0
0 0 0 0 1 1 1 1 1 1 0 0 0 1 1 1 1 0 1 1 1 0 1 0 0 0 1 0 0 1 0 0 0 1 1 1 1 0 0 0 0 0 1 1 0 0 1 0 1 1 1 1 0 0 0 1 1 1 1 0 1 0 1 1 0 0 0 0 0 0 1 0 1 0 0 1 1 1 1 0 0 0 0 0 1 0 0 1 1 0 0 0 0 0 1 1 1 1 0 0 23970.0 24740.0 8 2000000000000000.0
0 0 0 1 1 0 1 0 0 0 1 1 1 1 1 0 0 0 1 0 1 0 0 1 1 1 0 1 1 1 0 0 1 1 0 1 0 0 1 0 0 1 0 1 1 1 0 1 0 0 0 0 0 0 1 0 1 1 1 0 1 0 1 1 0 0 0 1 0 1 1 1 1 1 1 1 1 1 1 1 0 0 0 0 0 1 0 0 0 1 0 1 0 0 0 1 1 1 0 0 26517.0 24338.0 8 0.7595890231376652
0 0 0 0 1 1 1 0 1 1 0 0 1 1 0 0 0 1 0 1 1 0 0 1 1 1 1 0 1 1 0 1 1 1 0 1 0 0 1 0 0 1 0 1 0 1 0 1 1 0 0 1 0 1 0 1 1 0 0 0 1 0 0 1 0 1 0 1 0 0 0 1 1 0 0 0 1 1 0 1 1 1 0 0 1 0 0 0 1 1 0 1 0 0 1 1 1 1 0 0 26760.0 24257.0 8 0.11077241757897699
0 0 0 0 1 1 1 0 1 1 0 0 1 1 0 0 0 1 0 1 1 0 0 1 1 1 0 0 1 1 0 1 1 1 0 1 0 0 1 0 1 1 1 1 0 0 1 0 1 0 0 1 0 1 0 1 1 0 0 0 1 0 0 1 0 1 0 1 0 0 1 1 1 0 0 0 1 1 0 1 1 1 0 0 1 0 0 0 1 1 0 1 0 0 1 1 1 1 0 0 26857.0 24215.0 8 0.2352712328482512
0 0 0 0 1 1 1 0 1 1 0 0 1 1 0 0 0 1 0 1 1 0 0 1 1 1 1 0 1 1 0 1 1 1 0 1 0 0 1 0 0 1 0 1 0 1 0 1 0 0 0 0 0 0 1 0 1 1 1 0 1 0 1 1 0 0 0 1 0 1 1 1 0 1 1 1 1 1 1 1 0 0 0 0 0 1 0 0 0 0 1 1 0 0 1 1 1 1 0 0 27443.0 23965.0 8 0.3214727899518648
0 0 1 0 1 1 1 0 1 1 1 0 1 1 0 0 0 1 0 1 1 0 0 1 1 1 0 0 1 1 0 1 1 1 0 1 0 0 1 0 0 1 1 1 0 0 1 0 1 0 0 1 1 0 1 0 1 0 1 1 1 1 1 0 0 0 0 0 0 1 0 1 1 1 0 0 0 1 1 1 0 0 1 0 0 1 0 1 0 0 1 0 1 1 0 0 0 1 1 0 27906.0 23907.0 8 0.20469945508845994
0 0 1 0 1 1 1 0 1 1 1 0 1 1 0 0 0 1 0 1 1 0 0 1 1 1 0 0 1 1 0 1 1 1 0 1 0 0 1 0 0 1 1 1 0 0 1 0 1 0 0 1 1 0 1 0 1 1 1 1 1 1 1 0 0 0 0 0 0 1 0 1 0 1 0 0 0 1 1 1 0 0 1 0 0 1 0 1 1 0 1 0 1 1 0 0 0 1 1 0 27933.0 23629.0 8 0.2316511765673667
0 0 1 1 1 1 1 0 1 1 0 0 1 1 1 1 0 1 0 1 1 0 0 1 1 1 0 0 1 1 0 1 1 1 0 0 0 0 1 0 0 0 0 0 0 1 1 0 0 1 0 1 0 0 0 1 1 0 1 1 1 0 1 1 0 0 1 1 0 1 1 0 0 0 0 1 0 0 1 1 0 1 0 0 1 0 1 0 0 1 0 0 0 1 1 1 0 0 1 0 28242.0 23355.0 8 0.21540515992122622
0 1 0 1 0 0 0 1 1 1 1 0 1 1 0 0 0 1 1 1 1 0 1 0 0 0 1 1 0 1 0 1 0 1 1 1 0 1 0 0 0 1 1 0 1 0 0 0 1 1 0 0 0 0 0 0 0 0 1 1 0 0 1 0 1 1 0 0 0 0 1 1 1 1 1 1 1 1 1 1 0 0 0 0 0 1 0 0 0 0 0 0 0 1 1 1 0 0 1 1 28429.0 23260.0 8 0.6296766211406148
0 0 1 1 1 1 1 0 1 1 0 0 1 1 0 0 0 1 0 0 1 0 0 1 1 1 1 0 0 1 0 0 0 1 1 1 1 0 0 1 1 0 0 0 1 0 0 0 1 1 0 0 0 0 0 0 0 0 1 1 0 0 1 0 1 1 0 1 0 0 1 1 1 1 1 1 1 1 1 1 0 0 0 0 0 1 0 0 0 0 0 0 0 1 1 1 0 0 1 1 28446.0 21297.0 8 0.5850351290043476
0 0 0 1 0 1 0 1 0 0 0 0 1 1 0 0 0 1 0 1 0 0 1 1 0 1 1 0 0 1 0 0 0 1 0 1 1 1 0 1 1 0 1 0 1 0 1 0 1 1 0 0 0 1 0 1 1 1 1 1 1 0 1 1 0 0 0 0 0 0 1 1 1 1 1 1 1 1 1 1 0 0 0 0 0 1 0 0 0 1 0 1 0 0 0 1 0 0 1 1 28452.0 21217.0 8 2000000000000000.0
0 0 0 0 1 1 1 1 1 1 0 0 0 0 1 1 0 0 1 1 1 0 1 0 0 0 0 0 1 1 0 0 1 1 0 1 0 0 1 0 0 1 0 1 1 1 0 0 1 0 0 1 0 1 0 1 0 1 1 0 0 0 1 0 0 0 1 1 0 1 0 1 1 0 0 0 1 1 0 1 0 1 0 0 1 0 0 0 0 1 0 1 0 0 1 1 1 1 0 0 22554.0 24252.0 9 2000000000000000.0
0 1 0 0 0 0 1 0 1 1 0 0 1 1 0 0 0 1 0 1 1 0 1 0 0 0 1 0 0 1 0 0 0 1 1 1 1 0 0 0 0 0 1 1 0 0 1 0 1 1 1 1 0 0 0 1 1 1 1 0 1 0 1 1 0 0 0 0 0 0 1 0 1 0 0 1 1 1 1 0 0 0 0 0 1 0 0 1 1 0 0 0 0 1 1 1 1 1 0 0 23907.0 24195.0 9 0.36659594581298793
0 0 1 0 1 1 1 0 1 1 0 0 1 1 0 0 0 1 0 1 1 0 0 1 1 1 0 0 1 1 0 1 1 1 0 1 0 0 0 0 0 0 0 0 0 1 1 0 0 1 0 1 0 0 0 1 1 1 1 1 1 0 1 0 1 0 0 0 1 1 1 0 0 1 0 0 1 1 1 0 0 1 0 0 0 0 1 0 0 0 1 1 0 0 1 1 1 1 0 0 24069.0 24038.0 9 0.20780424581769655
0 0 0 1 0 1 1 0 1 1 0 0 1 1 0 0 0 1 0 1 1 0 0 1 1 1 0 0 1 1 0 1 1 0 0 1 0 0 1 0 0 1 0 1 1 1 0 0 1 0 0 1 0 1 0 1 0 1 1 0 0 0 1 0 0 0 1 1 0 1 1 0 0 0 0 1 0 0 1 1 1 0 0 0 1 0 0 0 1 1 1 1 0 0 1 1 1 1 0 0 24630.0 24027.0 9 0.37161128054648285
0 0 1 0 1 1 1 0 1 1 1 0 1 1 0 0 0 1 0 1 1 0 0 1 1 1 0 0 1 1 0 1 1 1 0 1 0 0 1 0 0 0 0 0 0 1 1 0 0 1 0 1 0 0 0 1 1 1 1 1 1 0 1 1 0 0 1 0 0 1 1 0 0 0 0 1 0 0 1 1 1 0 0 0 1 0 0 0 1 1 0 1 0 0 1 1 1 1 0 0 26125.0 24000.0 9 0.48966434685155724
0 0 0 0 1 1 1 0 1 1 0 0 1 1 0 0 0 1 0 1 1 0 0 1 1 1 0 0 1 1 0 1 1 1 0 1 0 0 1 0 0 1 0 1 0 1 0 1 0 0 1 0 0 0 1 0 1 1 1 0 0 0 1 1 0 0 0 1 0 1 1 1 1 1 1 1 1 1 1 1 0 0 0 0 0 1 0 0 0 0 0 0 0 1 1 1 0 0 1 0 27130.0 23905.0 9 0.37627115744086215
1 0 1 0 1 1 1 0 1 1 0 0 0 0 1 0 0 1 1 1 0 0 1 0 0 0 1 1 0 1 0 1 1 0 1 1 0 1 0 0 0 1 1 0 0 1 1 0 0 1 0 1 0 0 0 1 1 1 1 1 1 0 1 0 0 0 0 0 0 0 1 1 1 1 1 1 1 1 1 1 0 0 0 0 0 1 0 0 1 0 0 0 0 1 1 1 0 0 1 1 27205.0 23617.0 9 0.28487144060944264
0 0 1 0 1 1 1 0 1 1 1 0 1 1 0 1 0 1 0 1 1 0 0 1 1 1 0 0 1 1 0 1 1 1 0 1 0 0 1 0 0 0 0 0 0 1 1 0 0 1 0 1 0 0 0 1 1 1 1 1 1 0 1 1 0 0 1 0 0 1 0 0 0 0 0 1 0 0 1 1 1 0 0 0 1 0 0 0 1 1 0 1 1 1 0 0 0 1 1 0 27587.0 23491.0 9 0.32344439073840636
0 1 0 0 1 1 1 0 1 1 0 0 1 1 0 0 0 1 0 1 1 0 1 1 1 1 0 0 1 1 0 1 0 0 1 0 1 1 0 0 1 1 1 0 0 1 1 0 0 0 1 0 0 1 0 0 1 1 1 1 1 0 1 0 0 0 0 0 0 0 1 1 1 1 1 1 1 1 1 1 0 0 0 0 0 1 0 0 1 0 0 0 0 1 1 1 0 0 0 1 27631.0 23115.0 9 0.2794168096054777
0 0 0 0 1 1 1 1 1 1 0 0 0 0 1 0 0 1 1 1 1 0 1 0 0 0 1 1 0 1 0 0 1 1 0 1 0 0 1 0 0 1 1 1 0 0 0 0 1 0 0 1 0 1 0 1 1 0 0 1 1 0 1 0 1 1 0 1 0 0 1 1 1 1 1 1 1 1 1 1 0 0 0 0 0 1 0 0 0 0 0 0 0 1 1 1 0 0 1 1 28050.0 23090.0 9 0.2270053853359657
0 0 1 0 1 1 1 1 1 1 0 0 0 0 1 0 0 1 1 1 1 0 1 0 0 0 1 1 0 1 0 1 1 0 1 1 0 1 0 0 0 1 1 0 1 0 0 0 1 1 0 0 0 0 0 0 0 0 1 1 0 0 1 0 1 1 0 1 0 0 1 1 1 1 1 1 1 1 1 1 0 0 0 0 0 1 0 0 0 0 0 0 0 1 1 1 0 0 1 1 28149.0 22838.0 9 0.31208171680574176
0 1 0 0 0 0 1 0 1 1 0 0 1 1 0 0 0 1 0 1 1 0 0 1 1 1 0 0 1 1 0 1 1 1 0 1 0 0 1 0 0 0 0 0 0 1 1 0 0 1 0 1 0 0 0 1 1 1 1 1 1 0 1 1 0 0 1 1 0 1 1 0 0 0 0 1 0 0 1 1 1 1 0 0 1 0 0 0 1 1 0 1 0 0 0 1 1 1 1 1 28276.0 22542.0 9 0.3350718401252292
0 0 0 1 1 1 1 1 1 1 0 0 0 0 1 0 0 1 0 1 1 0 0 1 1 1 0 0 1 1 0 1 1 1 1 0 0 0 0 0 0 0 0 0 0 1 1 0 0 1 0 1 0 0 0 1 1 1 1 1 1 0 1 0 0 0 0 0 0 0 1 1 1 1 1 1 1 1 1 1 0 0 0 0 0 1 0 0 1 0 0 0 0 1 1 1 0 0 1 1 28384.0 22247.0 9 2000000000000000.0
0 0 0 0 0 0 1 0 1 1 0 0 1 1 0 0 0 1 1 1 1 0 1 0 0 0 1 0 0 1 0 0 0 1 1 1 1 0 0 0 0 0 1 1 0 0 1 0 1 1 1 1 0 0 0 1 1 1 1 0 1 0 1 1 0 0 0 0 0 0 1 0 1 0 0 1 1 1 1 0 0 0 0 0 1 0 0 1 1 0 0 0 0 1 1 1 1 1 0 0 23887.0 24160.0 10 2000000000000000.0
0 0 0 0 1 0 1 0 0 0 1 1 1 1 1 0 1 1 1 1 1 0 0 0 0 0 1 0 1 1 0 0 0 1 1 0 1 0 0 0 0 0 1 1 0 0 1 0 1 1 1 1 0 0 0 1 1 1 1 0 1 0 1 0 0 0 0 0 0 0 1 0 1 0 0 1 1 0 1 1 1 0 0 0 1 0 0 0 1 1 0 1 0 0 1 1 1 1 0 0 24612.0 23943.0 10 0.7189592639659016
0 0 0 0 1 1 1 1 1 1 0 0 0 0 1 0 0 1 1 1 1 0 1 0 0 0 1 0 0 1 0 0 0 1 1 1 1 0 0 0 0 0 1 1 0 1 1 0 1 1 1 1 0 0 0 1 1 1 1 0 1 0 1 0 0 0 0 0 0 0 1 0 1 0 1 1 1 0 1 1 0 1 0 0 0 1 0 0 0 0 0 0 0 1 1 1 1 0 1 1 26514.0 23895.0 10 0.5423754463901447
0 0 0 0 1 1 1 0 1 1 0 0 1 1 0 0 0 1 0 1 1 0 0 1 1 1 0 0 1 1 0 1 0 1 0 1 1 0 0 1 1 0 0 0 1 0 1 0 1 0 0 1 0 1 0 1 0 1 1 0 0 0 1 0 0 1 1 1 0 1 1 0 1 1 0 1 0 0 1 1 1 0 0 0 1 0 0 0 1 1 0 1 0 0 1 1 1 0 0 0 26764.0 23823.0 10 0.2542017642437229
0 1 0 1 0 0 0 1 0 1 1 0 1 1 0 0 0 1 0 1 0 0 1 0 0 1 1 0 0 1 0 0 0 1 0 1 1 0 0 1 1 0 1 1 0 1 1 0 1 1 1 1 0 0 0 1 1 1 1 0 1 0 1 0 0 0 0 0 0 0 1 0 1 0 1 1 1 0 1 1 0 1 0 0 0 1 0 0 0 0 0 0 0 1 1 1 1 0 1 1 26997.0 23592.0 10 0.3428368297229218
0 0 0 0 1 1 1 1 1 1 0 0 0 0 1 0 0 1 1 1 1 0 1 0 0 0 1 0 1 1 0 0 0 1 1 1 0 0 1 0 0 1 0 1 0 1 0 1 0 0 0 0 0 0 1 0 1 1 1 0 1 0 1 1 0 0 0 1 0 1 1 1 1 1 1 1 1 1 1 0 0 0 0 0 0 1 0 0 0 0 0 0 0 1 1 1 0 0 1 1 27027.0 23232.0 10 0.2817853141691553
0 1 0 0 0 0 1 0 1 1 0 0 1 1 0 0 0 1 0 1 1 0 1 0 0 0 1 0 0 1 0 0 0 1 1 1 1 0 0 0 0 1 0 1 0 1 0 1 0 1 0 0 0 0 1 0 1 1 1 0 1 0 1 1 0 0 0 1 0 1 1 1 1 1 1 1 1 1 1 1 0 0 0 0 0 1 0 0 0 0 0 0 0 1 1 1 0 0 1 1 27415.0 23201.0 10 0.14344306420278033
0 1 0 1 0 0 0 1 1 1 1 0 1 1 0 0 0 1 1 1 1 0 1 0 0 0 1 1 0 1 0 1 1 1 1 0 0 1 1 0 0 1 1 0 0 0 0 0 1 1 0 0 0 0 0 0 0 0 1 1 0 0 1 0 1 0 0 1 0 0 1 1 1 1 1 1 1 1 1 1 0 0 0 0 0 1 0 0 0 1 0 1 0 0 0 1 1 1 0 0 27455.0 23134.0 10 0.15321662510663248
0 1 0 1 0 0 0 1 0 1 1 0 1 1 0 0 0 1 1 1 1 0 1 0 1 0 1 1 0 1 0 1 1 1 0 1 0 0 1 0 0 1 0 1 0 1 0 1 0 0 0 0 0 0 1 0 1 1 1 0 1 0 1 1 0 0 0 1 0 1 1 0 1 0 1 1 1 1 1 1 0 0 1 0 0 1 0 1 0 0 1 0 1 1 0 0 0 1 1 0 27618.0 22977.0 10 0.2837723692329134
1 0 0 0 1 1 1 1 1 1 0 0 0 0 1 0 0 1 0 1 1 0 0 1 1 1 0 0 1 1 0 1 1 1 0 1 0 0 1 0 1 1 1 1 0 0 1 0 1 0 0 1 0 1 0 1 1 0 0 0 1 1 0 1 0 1 0 1 0 0 0 1 1 0 0 0 1 1 0 1 0 1 0 0 0 0 0 1 1 0 0 0 0 1 1 1 1 1 0 1 27852.0 22729.0 10 0.3038137145065919
0 0 0 0 1 1 1 1 1 1 0 0 0 0 1 0 0 1 1 1 1 0 1 0 0 0 1 1 0 1 0 1 1 0 1 1 0 1 0 0 0 1 1 0 1 0 0 0 1 1 0 0 0 0 0 0 0 0 1 1 0 0 1 0 1 1 0 1 0 0 1 1 1 1 1 1 1 1 1 1 0 0 0 0 0 1 0 0 0 0 0 0 0 1 1 1 0 0 1 1 27908.0 22480.0 10 0.18574921985765788
0 0 0 0 1 1 1 0 1 1 0 0 1 1 0 0 0 1 0 1 1 0 0 1 1 1 1 0 1 1 0 1 0 1 1 0 0 1 0 0 0 1 1 0 0 0 0 0 1 1 0 0 0 0 0 0 0 0 1 1 0 0 1 0 1 0 0 1 0 0 1 1 1 1 1 1 1 1 1 1 0 0 0 0 0 1 1 0 1 0 0 1 0 0 1 1 1 1 0 0 28078.0 22448.0 10 0.28802331800792663
1 0 1 0 1 1 1 0 1 1 0 0 1 1 0 0 0 1 0 1 1 0 0 1 1 1 0 0 1 1 0 1 1 1 0 1 0 0 1 0 1 1 1 1 0 0 1 0 1 0 0 1 0 1 0 1 1 0 0 0 1 0 0 1 0 1 0 1 0 0 0 1 1 0 0 0 1 1 0 1 0 1 0 0 0 0 0 1 1 1 0 1 1 1 0 0 0 1 1 1 28326.0 22076.0 10 2000000000000000.0
0 0 0 1 1 0 1 0 0 0 1 1 1 1 1 0 0 0 0 0 1 0 0 1 1 1 0 1 1 1 0 0 1 1 0 1 0 0 1 0 0 1 0 1 1 1 1 1 1 1 1 1 0 0 1 1 0 0 0 0 1 0 0 0 0 0 0 0 0 1 0 1 1 0 0 0 1 1 0 1 0 1 0 0 1 0 0 0 0 1 0 1 1 0 0 1 1 0 0 1 23778.0 23981.0 11 2000000000000000.0
0 0 0 1 0 0 0 1 0 1 1 0 1 1 0 0 0 1 1 1 1 0 1 0 0 0 1 1 0 1 0 1 0 1 1 0 0 1 0 0 0 1 1 0 0 0 0 0 1 1 0 0 0 0 0 0 0 0 1 1 0 1 1 0 1 0 0 1 0 0 1 1 1 1 1 1 1 1 1 1 0 0 0 0 0 1 0 0 1 0 0 0 0 1 1 1 0 0 1 1 28317.0 21533.0 11 2000000000000000.0
0 0 0 0 1 0 1 0 0 0 1 1 1 1 1 0 1 1 1 1 1 1 0 0 0 0 1 0 1 1 0 0 0 1 1 0 1 0 0 0 0 0 1 1 0 0 1 0 1 1 1 1 0 0 0 1 1 1 1 0 1 0 1 0 0 0 0 0 0 0 1 0 1 0 0 1 1 1 1 0 1 0 0 0 0 1 1 0 1 1 0 1 0 0 0 1 1 0 1 1 26282.0 23891.0 11 0.7032064698538422
0 1 0 0 0 0 1 0 1 1 0 0 1 1 0 0 0 1 1 1 1 0 0 1 1 1 0 0 1 1 0 1 1 1 0 1 0 0 1 0 0 0 0 0 0 1 1 0 0 1 0 1 0 0 0 1 1 1 1 1 1 0 1 1 0 0 1 1 0 1 1 0 0 0 0 1 0 0 1 1 1 1 0 0 1 0 0 0 1 1 0 1 0 0 1 1 1 1 0 0 27208.0 23036.0 11 0.5978602115003094
