0 0 1 1 1 0 1 1 1 0 1 0 1 1 0 1 0 1 0 1 1 0 1 0 1 0 0 1 0 1 0 1 0 1 1 1 0 0 1 0 0 1 1 1 1 1 1 1 1 1 1 1 0 1 0 1 0 0 1 0 0 0 1 0 1 0 0 0 0 1 1 1 1 1 1 0 1 1 1 1 1 0 0 0 0 1 1 0 0 0 0 0 1 1 1 1 1 1 0 0 31740.0 34537.0 0 2000000000000000.0
1 0 1 0 0 0 1 1 1 0 1 1 1 1 0 1 0 1 0 1 1 0 1 0 1 0 0 1 1 1 0 1 0 1 1 1 0 0 1 0 0 1 1 1 1 1 1 1 1 1 1 1 0 1 0 0 0 0 1 0 0 0 1 0 1 1 0 0 0 1 0 1 1 1 1 1 1 1 1 1 1 0 0 0 0 1 1 0 0 0 0 0 1 1 1 1 1 1 0 0 32538.0 33784.0 0 0.6824430362656239
1 0 1 1 1 0 1 1 1 0 1 0 1 1 0 1 0 1 0 1 1 0 1 0 1 0 0 1 0 1 0 1 1 1 0 1 0 0 1 0 0 1 1 1 1 1 1 1 1 1 1 1 0 1 0 0 0 0 1 1 0 0 1 1 0 0 0 1 0 1 0 1 1 1 1 1 1 1 1 1 1 0 0 0 0 1 1 0 0 0 0 0 1 1 1 1 1 1 0 0 34438.0 33747.0 0 0.4458920025155269
1 0 1 0 1 0 1 1 1 0 1 0 1 1 0 1 0 1 0 1 1 0 1 0 1 0 0 1 1 1 1 1 0 1 0 1 1 0 1 0 0 1 1 1 1 1 1 1 0 1 1 1 0 0 0 0 0 0 1 0 1 0 1 1 0 0 0 1 0 1 0 1 1 1 1 1 1 1 1 1 1 1 0 0 0 0 1 0 0 0 0 0 1 1 1 1 1 1 0 0 34638.0 33517.0 0 0.10984127787785196
1 1 1 0 1 0 1 1 1 0 1 0 1 1 0 1 0 1 0 1 1 0 1 0 1 0 0 1 0 1 1 1 0 1 0 1 1 0 0 0 0 1 1 1 1 1 1 1 1 1 0 1 0 1 0 0 0 0 1 0 1 0 1 1 0 0 0 1 0 1 0 1 1 1 1 1 1 1 1 1 1 0 0 1 0 1 1 0 0 0 0 0 1 1 0 1 1 1 0 0 34683.0 33480.0 0 0.049214428088724935
1 0 1 0 0 0 1 1 1 0 1 1 1 1 0 1 0 1 0 1 1 0 1 0 1 0 0 1 1 1 1 1 0 1 0 1 1 0 1 0 0 1 1 1 1 1 1 1 0 1 1 1 0 1 0 0 0 0 1 0 1 0 1 1 0 0 0 1 0 1 1 1 1 1 1 1 1 1 1 1 1 0 0 0 0 1 1 0 0 0 0 0 1 1 1 1 1 1 0 0 34842.0 33467.0 0 0.2803607466308465
1 0 1 0 0 0 1 1 1 0 1 1 1 1 0 1 0 1 0 1 1 0 1 0 1 0 0 1 1 1 1 1 0 1 1 1 1 0 1 0 0 1 1 0 1 1 1 1 1 1 1 1 0 1 0 0 0 0 1 0 1 0 1 1 0 0 0 1 0 1 1 1 1 1 1 1 1 1 1 1 1 0 0 0 0 1 1 0 0 0 0 0 1 1 1 1 1 0 0 0 35738.0 33116.0 0 0.32292481639787407
1 0 1 1 1 0 1 1 1 0 1 0 1 1 0 1 0 1 0 1 1 0 1 0 1 1 1 0 1 1 1 1 1 1 0 1 1 0 0 0 0 1 1 1 1 1 1 1 0 1 0 1 0 1 0 0 0 0 1 0 1 0 1 1 0 0 0 1 0 1 1 1 1 1 1 1 1 1 1 1 1 0 0 0 0 1 1 0 0 0 0 0 1 1 1 1 1 0 0 0 35841.0 32888.0 0 0.22420110427747109
1 0 1 0 1 0 1 1 1 0 1 0 1 1 0 1 0 1 0 1 1 0 1 0 1 0 0 1 0 1 1 1 0 1 0 1 1 0 0 0 0 1 1 1 1 1 1 1 1 1 0 1 0 1 0 0 0 0 1 0 1 1 1 1 0 0 0 1 0 1 0 1 1 1 1 1 1 1 1 1 1 0 0 0 0 1 0 0 1 0 0 0 1 1 1 1 1 0 1 1 36008.0 32401.0 0 0.25108446941030016
0 0 1 0 1 0 1 1 1 0 1 0 1 1 0 1 0 1 0 1 1 0 1 0 1 1 1 1 1 1 1 1 0 1 0 1 1 0 0 0 0 1 1 0 1 1 1 1 0 1 0 1 0 1 0 0 0 1 1 0 1 0 1 1 0 0 0 1 0 1 0 1 1 1 1 1 1 1 1 1 1 1 0 0 0 1 1 0 0 0 0 0 1 1 1 1 1 1 0 0 36323.0 32220.0 0 0.2284360776831442
1 0 1 0 0 0 1 1 1 0 1 0 1 1 0 1 0 1 0 1 1 0 1 0 1 1 1 0 1 1 1 1 1 1 1 1 1 0 1 0 0 1 1 0 1 1 1 1 0 1 0 1 0 1 0 0 0 0 1 0 1 0 1 1 0 0 0 1 0 1 0 1 1 1 1 1 1 1 1 1 1 1 0 0 0 1 1 0 0 0 0 0 1 1 1 1 1 1 0 0 36683.0 31968.0 0 0.2515571982334345
1 0 1 0 1 0 1 1 1 0 1 0 1 1 0 1 0 1 0 1 1 0 1 0 1 1 1 1 1 1 1 1 0 1 0 1 1 0 0 0 0 1 1 0 1 1 1 1 0 1 0 1 0 1 0 0 0 1 1 0 1 0 1 1 0 0 0 1 0 1 0 1 1 1 1 1 1 1 1 1 1 1 0 0 0 0 0 0 0 0 0 0 1 1 1 1 1 0 1 1 36721.0 31488.0 0 0.15686051923780325
0 0 1 0 1 0 1 1 1 0 1 0 1 1 0 1 0 1 0 1 1 0 1 0 1 1 1 1 1 1 1 1 0 1 0 1 1 0 0 0 0 1 1 0 1 1 1 1 0 1 0 1 0 1 0 0 0 1 1 0 1 0 1 1 0 0 0 1 0 1 0 1 1 1 1 1 1 1 1 1 1 1 0 0 0 1 0 0 0 0 0 0 1 1 1 1 1 0 1 1 36879.0 31473.0 0 0.22102079935760954
0 0 1 0 1 0 1 1 1 0 1 0 1 1 0 1 0 1 0 1 1 0 1 0 1 1 1 1 1 1 1 1 0 1 0 1 1 0 0 0 0 1 1 0 1 1 1 1 0 1 0 1 0 1 0 0 0 1 1 0 1 0 1 1 0 0 0 1 0 1 0 1 1 1 1 1 1 1 1 1 1 1 0 0 0 1 1 0 0 0 0 0 1 1 1 1 0 0 1 1 37079.0 30851.0 0 0.3178572380272157
1 0 1 0 1 0 1 1 1 0 1 0 1 1 0 1 0 1 0 1 1 0 0 1 0 1 1 0 0 1 1 1 1 1 0 1 1 0 0 0 0 1 1 1 1 1 1 1 1 1 0 1 0 1 0 0 0 1 1 0 1 0 1 1 0 0 0 1 0 1 0 1 1 1 1 1 1 1 1 1 1 1 0 0 0 1 1 0 0 0 0 0 1 1 1 1 0 0 1 1 37260.0 30458.0 0 2000000000000000.0
0 0 1 1 1 0 1 1 1 0 1 0 1 1 0 1 0 1 0 1 1 0 1 0 1 0 0 1 0 1 0 1 0 1 1 1 0 0 1 0 0 1 1 1 1 1 1 1 1 1 1 1 0 1 0 1 0 0 1 0 0 0 1 0 1 1 0 0 0 1 1 1 1 1 1 0 1 1 1 1 1 0 0 0 0 0 1 0 0 0 0 0 0 1 1 1 1 1 0 0 30744.0 34274.0 1 2000000000000000.0
0 0 1 1 1 0 0 1 1 0 1 0 1 1 0 1 0 1 0 1 1 0 1 0 1 0 0 1 0 1 0 1 0 1 1 1 0 0 1 0 0 1 1 1 1 1 1 1 1 1 1 1 0 1 0 1 0 0 1 0 0 0 1 1 1 1 0 0 0 1 1 1 1 1 1 0 1 1 1 1 1 0 0 0 0 0 1 0 0 0 0 0 0 1 1 1 1 1 0 0 31033.0 33805.0 1 0.18579112828795183
0 0 1 0 1 0 1 1 1 0 1 0 1 1 0 1 0 1 0 1 1 0 1 0 1 0 0 1 0 1 0 1 0 1 1 1 0 0 1 0 0 1 1 1 1 1 1 1 1 1 1 1 0 1 0 1 0 0 1 0 0 0 1 0 1 1 0 0 0 1 1 1 1 1 1 1 1 1 1 1 1 0 0 0 0 0 1 0 0 0 0 0 0 1 1 1 1 1 0 0 31210.0 33792.0 1 0.4632616616674281
1 0 1 1 1 0 1 1 1 0 1 0 1 1 0 1 0 1 0 1 1 0 1 0 1 0 0 1 0 1 0 1 1 1 0 1 0 0 1 0 0 1 1 1 1 1 1 1 1 1 1 1 0 1 0 0 0 0 1 1 0 0 1 1 0 0 0 1 0 1 0 1 1 1 1 1 1 1 1 0 1 0 0 0 0 1 1 0 0 0 0 0 1 1 1 1 1 1 0 0 33723.0 33596.0 1 0.46910691624364703
1 0 1 0 1 0 1 1 1 0 1 0 1 1 0 1 0 1 0 1 0 0 1 0 1 0 0 1 0 1 0 1 1 1 1 1 0 0 1 0 0 1 1 1 1 1 1 1 1 1 1 1 0 1 0 0 0 0 1 0 1 0 1 1 0 0 0 1 0 1 1 1 1 1 1 1 1 1 1 1 1 0 0 0 0 0 1 0 1 0 0 0 1 1 1 1 1 1 0 0 33938.0 33583.0 1 0.07220283417935561
1 0 1 0 1 0 1 1 1 0 1 0 1 1 0 1 0 1 0 1 0 0 1 0 1 0 0 1 0 1 0 1 1 1 1 1 0 0 1 0 0 1 1 1 1 1 1 1 1 1 1 1 0 1 0 0 0 0 1 1 0 0 1 1 0 0 0 1 0 1 1 1 1 1 1 1 1 1 1 1 1 0 0 0 0 1 1 0 0 0 0 0 1 1 1 1 1 1 0 0 33980.0 33458.0 1 0.0768054914628504
1 0 1 0 1 0 1 1 1 0 1 0 1 1 0 1 0 1 0 1 1 0 1 0 1 0 0 1 0 1 1 1 1 1 0 1 1 0 1 0 0 1 1 1 1 1 1 1 1 1 1 1 0 1 0 0 0 1 1 0 1 0 1 1 0 0 0 1 0 1 0 0 1 1 1 1 1 1 1 0 1 1 0 0 0 1 1 0 0 0 0 0 1 1 0 1 1 1 0 0 34228.0 33447.0 1 0.12376341139824433
1 0 1 0 1 0 1 1 1 0 1 0 1 1 0 1 0 1 0 1 1 0 1 0 1 0 0 1 1 1 1 1 0 1 0 1 1 0 0 0 0 1 1 1 1 1 1 1 0 1 1 1 0 1 0 0 0 0 1 0 1 0 1 1 0 0 0 1 0 1 1 1 1 1 1 1 1 1 1 1 1 0 0 0 0 1 1 0 0 0 0 0 1 1 1 1 1 1 0 0 34663.0 33379.0 1 0.13215875442239394
1 0 1 0 0 0 1 1 1 0 1 1 1 1 0 1 0 1 0 1 1 0 1 0 1 0 0 1 1 1 1 1 0 1 0 1 1 0 1 0 0 1 1 1 1 1 1 1 0 1 1 1 0 1 0 0 0 0 1 1 0 0 1 1 0 0 0 1 0 1 0 1 1 1 1 1 1 1 1 1 1 0 0 0 0 1 1 0 0 0 0 0 1 1 1 1 1 1 0 0 34667.0 33174.0 1 0.06893771150592054
1 0 1 0 0 0 1 1 1 0 1 0 1 1 0 1 0 1 0 1 1 0 1 0 1 0 0 1 1 1 1 1 0 1 0 1 1 0 1 0 0 1 1 1 1 1 1 1 0 1 1 1 0 1 0 0 0 0 1 0 1 0 1 1 0 0 0 1 0 1 1 1 1 1 1 1 1 1 1 1 1 0 0 0 0 1 1 0 0 0 0 0 1 1 1 1 1 1 0 0 34691.0 33106.0 1 0.07336852022765598
1 0 1 1 1 0 1 1 1 0 1 0 1 1 0 1 0 1 1 0 1 0 1 0 1 1 0 1 0 1 1 1 0 1 0 1 1 0 1 0 0 1 1 1 1 1 1 1 0 1 0 1 0 1 0 0 0 0 1 0 1 0 1 1 0 0 1 1 0 1 1 1 1 1 1 1 1 1 1 1 1 0 0 0 0 1 0 0 0 0 0 0 1 1 1 1 1 1 0 0 35027.0 33098.0 1 0.18529721389016757
1 0 1 0 0 0 1 1 1 0 1 1 1 1 0 1 0 1 0 1 1 0 1 0 1 0 0 1 1 1 1 1 0 1 1 1 1 0 1 0 0 1 1 0 1 1 1 1 1 1 1 1 0 1 0 0 0 0 1 0 1 0 1 1 0 0 0 1 0 1 0 0 1 1 1 1 1 1 1 1 1 1 0 0 0 1 1 0 0 0 0 0 1 1 0 1 1 1 0 0 35694.0 32975.0 1 0.20311298261805488
1 0 1 1 1 0 1 1 1 0 1 0 1 1 0 1 0 1 0 1 1 0 1 0 1 1 1 0 1 1 1 1 1 1 0 1 1 1 0 0 0 1 1 1 1 1 1 1 0 1 0 1 0 1 0 0 0 0 1 0 1 0 1 1 0 0 0 1 0 1 0 0 1 1 1 1 1 1 1 1 1 1 0 0 0 1 1 0 0 0 0 0 1 1 0 1 1 1 0 0 35818.0 32754.0 1 0.18726325757575332
1 0 1 0 1 0 1 1 1 0 1 0 1 1 0 1 0 1 0 1 1 0 1 1 1 1 1 0 1 1 1 1 1 1 0 1 1 0 0 0 0 1 1 1 1 1 1 1 0 1 0 1 0 1 0 0 0 0 1 0 1 0 1 1 0 0 0 1 0 1 1 1 1 1 1 1 1 1 1 1 1 0 0 0 0 1 1 0 0 0 0 0 1 1 1 1 1 0 0 0 35891.0 32312.0 1 0.19860406091370103
1 0 1 0 1 0 1 1 1 0 1 0 1 1 0 1 0 1 0 1 1 0 1 0 1 0 1 1 1 1 1 1 0 1 0 1 1 0 0 0 1 1 1 0 1 1 1 1 0 1 0 1 0 1 0 0 0 0 1 0 1 0 1 1 0 0 0 1 0 1 1 1 1 1 1 1 1 1 1 1 1 1 0 0 0 1 1 0 0 0 0 0 1 1 1 1 1 0 0 0 36001.0 32034.0 1 0.10601133479464472
1 0 1 0 1 0 1 1 1 0 1 0 1 1 0 1 0 1 0 1 1 0 0 1 0 1 1 0 0 1 1 1 1 1 0 1 1 0 1 0 0 1 1 1 1 1 1 1 1 1 1 1 0 1 0 0 0 0 1 0 1 0 1 1 0 0 0 1 0 1 0 0 1 1 1 1 1 1 1 1 1 1 0 0 0 1 1 0 0 0 0 0 1 1 0 1 1 1 0 0 36120.0 32013.0 1 0.17161662628825944
1 0 1 0 1 0 1 1 1 0 1 0 1 1 0 1 0 1 0 1 1 0 1 0 1 0 0 1 0 1 1 1 0 1 0 1 1 0 0 0 0 1 1 1 1 1 1 1 1 1 0 1 0 1 0 0 0 0 1 0 1 1 1 1 0 0 0 1 0 1 1 1 1 1 1 1 1 0 1 1 1 0 0 0 0 1 1 0 0 0 0 0 1 1 1 1 0 1 1 1 36164.0 31415.0 1 0.22903207198891984
1 0 1 0 0 0 1 0 1 0 1 0 1 1 0 1 0 1 0 1 1 0 1 0 1 1 1 0 1 1 1 1 1 1 1 1 1 0 1 0 0 1 1 0 1 1 1 1 0 1 0 1 0 1 0 0 0 0 1 1 1 0 1 1 0 0 0 1 0 1 0 1 1 1 1 1 1 1 1 1 1 1 0 0 0 1 1 0 0 0 0 0 1 1 1 1 1 1 0 0 36587.0 31349.0 1 0.338014103599439
0 0 1 0 1 0 1 1 1 0 1 0 1 1 0 1 0 1 0 1 1 0 1 0 1 1 1 1 1 1 1 1 0 1 0 1 1 0 0 0 0 1 1 0 1 1 1 1 0 1 0 1 0 1 0 0 0 1 1 0 1 0 1 1 0 0 0 1 0 1 1 1 1 1 1 1 1 0 1 1 1 0 0 0 0 1 1 0 0 0 0 0 1 1 1 1 0 1 1 1 36867.0 30444.0 1 0.40874360675279825
1 0 1 0 0 0 1 1 1 0 1 0 1 1 0 1 0 1 1 1 1 0 1 0 1 1 1 0 1 1 1 1 1 1 1 1 1 0 1 0 0 1 1 0 1 1 1 1 0 1 0 1 0 1 0 0 0 0 1 0 1 0 1 1 0 0 0 1 0 1 0 1 1 1 1 1 1 0 1 1 1 0 0 0 0 1 1 0 0 0 0 0 1 1 1 1 0 1 1 1 37245.0 30050.0 1 2000000000000000.0
1 0 1 1 1 0 0 1 1 0 1 0 1 1 0 1 0 1 0 1 1 0 1 0 1 0 0 1 0 1 0 1 0 1 1 1 0 0 1 0 0 1 1 1 1 1 1 1 1 1 1 1 0 1 0 1 0 0 1 0 0 0 1 0 1 1 0 0 0 1 1 1 1 1 1 0 1 1 1 1 1 0 0 0 0 0 1 0 0 0 0 0 0 1 1 1 1 1 0 0 30489.0 33816.0 2 2000000000000000.0
1 0 1 0 1 0 1 1 1 0 1 0 1 1 0 1 0 1 0 1 1 0 1 0 1 0 0 1 0 1 0 1 0 1 1 1 0 1 1 0 0 1 1 1 1 1 1 1 1 1 1 1 0 1 0 1 0 0 1 0 0 0 1 0 1 1 0 0 0 1 1 1 1 1 1 0 1 1 1 1 1 0 0 0 0 0 1 0 0 0 0 0 0 1 1 1 1 1 0 0 30596.0 33773.0 2 0.19381284319266578
1 0 1 0 1 0 1 1 1 0 1 0 1 1 0 1 0 1 0 1 1 0 1 0 1 0 0 1 0 1 0 1 0 1 1 1 0 0 1 0 0 1 1 1 1 1 1 1 1 1 0 1 0 1 0 1 0 0 1 0 0 0 1 0 1 1 0 0 0 1 1 1 1 1 1 1 1 1 1 1 1 0 0 0 0 0 1 0 0 0 0 0 0 1 1 1 1 1 0 0 31354.0 33581.0 2 0.5434503866392362
1 0 1 0 1 0 1 1 1 0 1 0 1 1 0 1 0 1 0 1 1 0 1 0 1 0 0 1 1 1 1 1 0 1 0 1 1 0 1 0 0 1 1 1 1 1 1 1 0 1 1 1 0 1 0 0 0 0 1 0 1 0 1 1 0 0 0 1 0 1 1 1 1 1 1 1 1 1 1 1 1 0 0 0 0 0 1 0 0 0 0 0 0 1 1 1 1 1 0 0 33779.0 33567.0 2 0.39439576833059914
1 0 1 0 1 0 1 1 1 0 1 0 1 1 0 1 0 1 1 1 1 0 1 0 1 0 0 1 0 1 0 1 1 1 0 1 0 0 1 0 0 1 1 1 1 1 1 1 1 1 1 1 0 1 0 0 0 0 1 0 1 0 1 1 1 0 0 1 0 1 0 1 1 1 1 1 1 1 1 1 1 0 0 0 0 1 0 0 0 0 0 0 1 1 1 1 1 1 0 0 33812.0 33520.0 2 0.03868325639556103
1 0 1 0 1 0 1 1 1 0 1 0 1 1 0 1 0 1 0 1 0 0 1 0 1 0 0 1 0 1 0 1 1 1 1 1 0 0 1 0 0 1 1 1 1 1 1 1 1 1 1 1 0 1 0 0 0 0 1 0 1 0 1 1 0 0 0 1 0 1 1 1 1 1 1 1 1 1 1 1 1 0 0 0 0 1 1 0 0 0 0 0 1 1 1 1 1 1 0 0 33908.0 33494.0 2 0.09701760958059936
1 0 1 1 1 0 0 1 1 0 1 0 1 1 0 1 0 1 0 1 0 0 1 0 1 0 0 1 1 1 0 1 1 1 1 1 0 0 1 0 0 1 1 1 1 1 1 1 1 1 0 1 0 1 0 0 0 0 1 0 1 0 1 1 0 0 0 1 0 1 1 1 1 1 1 1 1 1 1 1 1 0 0 0 0 1 1 0 0 0 0 0 1 1 0 1 1 1 0 0 34134.0 33336.0 2 0.10166098811383956
1 0 1 0 1 0 1 1 1 0 1 0 1 1 0 1 0 1 0 1 0 0 1 0 1 0 0 1 1 1 0 1 1 1 1 1 0 0 1 0 0 1 1 1 1 1 1 1 1 1 0 1 0 1 0 0 0 0 1 0 1 0 1 1 0 0 0 1 0 1 1 1 1 1 1 1 1 1 1 1 1 0 0 0 0 1 1 0 0 0 0 0 1 1 0 1 1 1 0 0 34220.0 33286.0 2 0.06306430829581731
1 0 1 1 1 0 1 1 1 0 1 0 1 1 0 1 0 1 1 0 1 0 1 0 1 0 0 1 0 1 1 1 0 1 0 1 1 0 1 0 0 1 1 1 1 1 1 1 0 1 0 1 1 1 0 0 0 0 1 0 1 0 1 1 0 0 0 1 0 1 1 1 1 1 1 1 1 1 1 1 1 0 0 0 0 1 1 0 0 0 0 0 1 1 1 1 1 1 0 0 34443.0 33276.0 2 0.1876143413207499
0 0 1 1 1 0 1 1 1 0 1 0 0 1 0 1 0 1 0 1 1 0 1 0 1 1 1 1 1 1 0 1 0 1 0 1 1 0 0 0 0 1 1 1 1 1 1 1 0 1 0 1 0 1 0 0 0 0 1 0 1 0 1 1 0 0 0 1 0 1 0 1 1 1 1 1 1 1 1 1 1 0 0 1 0 1 1 0 0 0 0 0 1 1 0 1 1 1 0 0 34921.0 32977.0 2 0.16983895129048968
1 0 1 1 1 0 1 1 1 0 1 0 1 1 0 1 0 1 1 0 1 0 1 0 1 1 0 1 0 1 1 1 0 1 0 1 1 0 1 0 0 1 1 1 1 1 1 1 0 1 0 1 0 1 0 0 0 0 1 1 0 0 1 1 0 0 0 1 0 1 0 1 1 1 1 1 1 1 1 1 1 0 0 0 0 1 1 0 0 0 0 0 1 1 1 1 1 1 0 0 35042.0 32975.0 2 0.0909768985824645
1 0 1 0 1 1 1 1 1 0 1 0 1 1 0 1 0 1 0 1 1 0 1 0 0 1 1 0 1 1 1 1 1 1 0 1 1 0 1 0 0 1 1 1 1 1 1 1 0 1 1 1 0 1 0 0 0 0 1 0 1 0 1 1 0 0 0 1 0 1 0 0 1 1 1 1 1 1 1 1 1 1 0 0 0 1 1 0 0 0 0 0 1 1 1 1 1 0 0 0 35264.0 32829.0 2 0.1405686846604339
1 0 1 0 1 0 1 1 1 1 1 0 1 1 0 1 0 1 0 1 1 0 1 0 0 1 1 0 1 1 1 1 1 1 0 1 1 0 1 0 0 1 1 1 1 1 1 1 0 1 1 1 0 1 0 0 0 0 1 0 1 0 1 1 0 0 0 1 0 1 0 0 1 1 1 1 1 1 1 1 1 1 0 0 0 1 1 0 0 0 0 0 1 1 1 1 1 0 0 0 35640.0 32787.0 2 0.1222779635299418
1 0 1 1 1 0 1 1 1 0 1 0 1 1 0 1 0 1 0 1 1 0 1 0 1 1 1 0 1 1 1 1 0 1 0 1 1 1 0 0 0 1 1 1 1 1 1 1 0 1 0 1 0 1 0 0 0 0 1 0 1 0 1 1 0 0 0 1 0 1 0 0 1 1 1 1 1 1 1 1 1 1 0 0 0 1 1 0 0 0 0 0 1 1 0 1 1 1 0 0 35760.0 32651.0 2 0.10205278583062323
1 0 1 0 1 0 1 1 1 0 1 0 1 1 0 1 0 1 0 1 1 0 1 0 1 1 1 1 1 1 1 1 0 1 0 1 1 0 0 0 0 1 1 0 1 1 1 1 0 1 0 1 0 1 0 0 0 0 1 0 1 0 1 1 0 0 0 1 0 1 0 1 1 1 1 1 1 1 1 1 1 0 0 1 0 1 1 0 0 0 0 0 1 1 0 1 1 1 0 0 35799.0 32486.0 2 0.14227290548889987
1 0 1 0 0 0 1 1 1 0 1 0 1 1 0 1 0 1 0 1 1 0 1 0 1 1 1 0 1 1 1 1 1 1 1 1 1 0 1 0 0 1 1 0 1 1 1 1 0 1 0 1 0 1 0 0 0 0 1 0 1 0 1 1 0 0 0 1 0 1 0 1 1 1 1 1 1 1 1 1 1 0 0 1 0 1 1 0 0 0 0 0 1 1 0 1 1 1 0 0 35874.0 32167.0 2 0.1780560251680965
1 0 1 1 1 0 1 1 1 0 1 0 1 1 0 1 0 1 1 0 1 0 1 0 1 1 0 1 0 1 1 1 0 1 0 1 1 0 1 0 0 1 1 1 1 1 1 1 0 1 0 1 0 1 0 0 0 0 1 0 1 0 1 1 0 0 0 1 0 1 1 1 1 1 1 1 1 1 1 1 1 0 0 0 0 1 1 0 0 0 0 0 1 1 1 1 0 0 1 1 35973.0 31899.0 2 0.10981700982443435
1 0 1 0 0 0 1 1 1 0 1 1 1 1 0 1 0 1 0 1 1 0 1 0 1 0 0 1 1 1 1 1 0 1 1 1 1 0 1 0 0 1 1 0 1 1 1 1 0 1 0 1 0 1 0 0 0 0 1 0 1 0 1 1 0 0 0 1 0 1 0 1 1 1 1 1 1 1 1 1 1 1 0 0 0 1 0 0 0 0 0 0 1 1 1 1 1 0 1 1 36065.0 31855.0 2 0.09878327953425133
0 0 1 0 0 0 1 1 1 0 1 0 1 1 0 1 0 1 0 1 1 0 0 1 0 1 1 0 1 1 1 1 1 1 0 1 1 0 1 0 0 1 1 1 1 1 1 1 1 1 1 1 0 1 0 0 0 0 1 0 1 0 1 1 0 0 0 1 0 1 0 0 1 1 1 1 1 1 1 1 1 1 0 0 0 1 1 0 0 0 0 0 1 1 0 1 1 1 0 0 36079.0 31579.0 2 0.1871393014750803
0 0 1 0 1 0 1 1 1 0 1 0 1 1 0 1 0 1 0 1 1 0 1 0 1 1 1 1 1 1 1 1 0 1 0 1 1 0 0 0 0 1 1 0 1 1 1 1 0 1 0 1 0 1 0 0 0 1 1 0 1 0 1 1 0 0 0 1 0 1 0 1 1 1 1 1 1 1 1 1 1 1 0 0 0 0 0 0 0 0 0 0 1 1 1 1 1 0 1 1 36405.0 31332.0 2 0.1774696782507093
1 0 0 0 1 0 1 1 1 0 1 0 1 1 0 1 0 1 0 1 1 0 1 0 1 1 1 1 1 1 1 1 0 1 0 1 1 0 0 0 0 1 1 0 1 1 1 1 0 1 0 1 0 1 0 0 0 1 1 0 1 0 1 1 0 0 0 1 0 1 0 1 1 1 1 1 1 1 1 1 1 1 0 0 0 0 0 0 0 0 0 0 1 1 1 1 1 0 1 1 36480.0 31130.0 2 0.10977008936838162
1 0 1 0 1 0 1 1 1 0 1 0 1 1 0 1 0 1 0 1 1 0 1 0 1 1 1 1 1 1 1 1 0 1 0 1 1 0 0 0 0 1 1 0 1 1 1 1 0 1 0 1 0 1 0 0 0 1 1 0 1 0 1 1 0 0 0 1 0 1 0 1 1 0 1 1 1 1 1 1 1 1 0 0 0 1 0 0 0 0 0 0 1 1 1 1 1 0 1 1 36492.0 30958.0 2 0.12794807437773198
1 0 1 0 1 0 1 1 1 0 1 0 1 1 0 1 0 1 0 1 1 0 1 0 1 1 1 0 1 1 1 1 1 1 1 1 1 0 1 0 0 1 1 0 1 1 1 1 0 1 0 1 0 1 0 0 0 0 1 0 1 0 1 0 0 0 0 1 0 1 0 1 1 1 1 1 1 0 1 1 1 0 0 0 0 1 1 0 0 0 0 0 1 1 1 1 0 1 1 1 36496.0 30643.0 2 0.14806404888364863
1 0 1 0 0 0 1 1 1 0 1 0 1 1 0 1 0 1 0 1 1 0 1 0 1 1 1 0 1 1 1 1 1 1 0 1 1 0 1 0 0 1 1 1 1 1 1 1 0 1 1 1 0 1 0 0 0 0 1 0 1 0 1 1 0 1 0 1 0 1 0 1 1 1 1 1 1 0 1 1 1 0 0 0 0 1 1 0 0 0 0 0 1 1 1 1 0 0 1 1 36570.0 30430.0 2 0.1212697294662542
1 0 1 0 1 0 1 1 1 0 1 0 1 1 0 1 0 1 1 1 1 0 0 0 0 1 1 0 1 1 1 1 0 1 1 1 1 0 0 0 0 1 1 0 1 1 1 1 0 1 0 1 0 1 0 0 0 1 1 0 1 0 1 1 0 0 0 1 0 1 0 1 1 1 1 1 1 1 1 1 1 1 0 0 0 1 0 0 0 0 0 0 1 1 1 1 1 0 1 1 36855.0 30387.0 2 0.19070882875863082
1 0 1 0 0 0 1 1 1 0 1 0 1 1 0 1 0 1 0 1 1 0 1 0 1 1 1 0 1 1 1 1 1 1 1 1 1 0 1 0 0 1 1 0 1 1 1 1 0 1 0 1 0 1 0 0 0 0 1 0 1 0 1 1 0 0 0 1 0 1 0 1 1 1 1 1 1 0 1 1 1 0 0 0 0 1 1 0 0 0 0 0 1 1 1 1 0 1 1 1 36980.0 29935.0 2 2000000000000000.0
1 0 1 0 1 0 1 1 1 0 1 0 1 1 0 1 0 1 0 1 1 0 1 0 1 0 0 1 0 1 0 1 0 1 1 1 0 0 1 0 0 1 1 1 1 1 1 1 1 1 1 1 0 1 0 1 0 0 1 0 0 0 1 0 1 1 0 0 0 1 1 1 1 1 1 0 1 1 1 1 1 0 0 0 0 0 1 0 0 0 0 0 0 1 1 1 1 1 0 0 30575.0 33766.0 3 2000000000000000.0
0 0 1 0 1 0 1 1 1 0 1 0 1 1 0 1 0 1 0 1 1 0 1 0 1 0 0 1 0 1 0 1 0 1 1 1 0 0 1 0 0 1 1 1 1 1 1 1 1 1 1 1 0 1 0 0 0 0 1 0 0 0 1 0 1 1 0 0 0 1 0 1 1 1 1 1 1 1 1 1 1 0 0 0 0 1 1 0 0 0 0 0 1 1 1 1 1 1 0 0 31796.0 33545.0 3 0.5919976715039525
1 0 1 0 1 0 1 1 1 0 1 0 1 1 0 1 0 1 0 1 0 0 1 0 1 0 0 1 0 1 0 1 0 1 1 1 0 0 1 0 0 1 1 1 1 1 1 1 1 1 1 1 0 1 0 0 0 0 1 0 1 0 1 1 0 0 0 1 0 1 1 1 1 1 1 1 1 1 1 1 1 0 0 0 0 0 1 0 1 0 0 0 1 1 1 1 1 1 0 0 33880.0 33480.0 3 0.415408697418409
1 0 1 0 0 0 1 1 1 0 1 1 1 1 0 1 0 1 0 1 1 0 1 0 1 0 0 1 1 1 1 1 0 1 0 1 1 0 1 0 0 1 1 1 1 1 1 1 0 1 1 1 0 1 0 0 0 0 1 0 1 0 1 1 0 0 0 1 0 1 1 1 1 1 1 1 1 1 1 1 1 0 0 0 0 0 1 0 1 0 0 0 0 1 1 1 1 1 0 0 34058.0 33305.0 3 0.11134059994833509
1 0 1 1 1 0 0 1 1 0 1 0 1 1 0 1 0 1 1 1 1 0 1 0 1 0 0 1 0 1 0 1 1 1 0 1 0 0 1 0 0 1 1 1 1 1 1 1 1 1 0 1 0 1 0 0 0 0 1 0 1 0 1 1 0 0 0 1 0 1 1 1 1 1 1 1 1 1 1 1 1 0 0 0 0 1 1 0 0 0 0 0 1 1 1 1 1 1 0 0 34135.0 33174.0 3 0.05389610963065551
1 0 1 0 1 0 1 1 1 0 1 0 1 1 0 1 0 1 0 1 0 0 1 0 1 0 0 1 0 1 0 1 1 1 1 1 0 0 1 0 0 1 1 1 1 1 1 1 1 1 1 1 0 1 0 0 0 0 1 0 1 1 1 1 0 0 0 1 0 1 1 1 1 1 1 1 1 1 1 1 1 0 0 0 0 1 1 0 0 0 0 0 1 1 0 1 1 1 0 0 34154.0 33138.0 3 0.05742392095477061
1 0 1 0 1 0 1 1 1 0 1 0 1 1 0 1 0 1 0 1 1 0 1 0 1 0 0 1 0 1 0 1 1 1 0 1 1 0 1 0 0 1 1 1 1 1 1 1 0 1 1 1 0 1 0 0 0 0 1 1 1 0 1 1 0 0 0 1 0 1 1 1 1 1 1 1 1 1 1 1 1 0 0 0 0 1 0 0 0 0 0 0 1 1 1 1 1 1 0 0 34368.0 33086.0 3 0.13050907517347565
1 0 1 0 1 0 1 1 1 0 1 0 1 1 0 1 0 1 0 1 1 0 1 0 1 0 0 1 0 1 0 1 1 1 0 1 1 0 1 0 0 1 1 1 1 1 1 1 0 1 1 1 0 1 0 0 0 0 1 1 1 0 1 1 0 0 0 1 0 1 1 1 1 1 1 1 1 1 1 1 1 0 0 0 0 1 1 0 0 0 0 0 1 1 0 1 1 1 0 0 34685.0 32939.0 3 0.14261795370531605
1 0 1 0 0 0 1 1 1 0 1 1 1 1 0 1 0 1 0 1 1 0 1 0 1 0 0 1 1 1 1 1 0 1 1 1 1 0 1 0 0 1 1 0 1 1 1 1 0 1 0 1 0 1 0 0 0 0 1 0 1 0 1 1 0 0 1 1 0 1 0 1 1 1 1 1 1 1 1 1 1 0 0 1 0 1 1 0 0 0 0 0 1 1 0 1 1 1 0 0 34994.0 32900.0 3 0.09620250556182139
1 0 1 0 1 0 1 1 1 0 1 0 1 1 0 1 0 1 0 1 1 0 1 0 1 0 0 1 0 1 1 1 0 1 0 1 1 0 0 0 0 1 1 1 1 1 1 1 1 1 0 1 0 1 0 0 0 0 1 0 1 1 1 1 0 0 0 1 0 1 1 1 1 1 1 1 1 1 1 1 1 0 0 0 0 1 1 0 0 0 0 0 1 1 0 1 1 1 0 0 35028.0 32759.0 3 0.10177672931674936
0 0 1 0 1 0 1 1 1 0 1 0 1 1 0 1 0 1 0 1 1 0 1 0 1 1 1 1 1 1 1 1 0 1 0 1 1 0 0 0 0 1 1 1 1 1 1 1 0 1 0 1 0 1 0 0 0 0 1 0 1 0 1 1 0 0 0 1 0 1 1 1 1 1 1 1 1 1 1 1 1 0 0 0 0 1 0 0 0 0 0 0 1 1 1 1 1 1 0 0 35420.0 32753.0 3 0.08532138617635639
0 0 1 1 1 0 1 1 1 0 1 0 1 1 0 1 0 1 0 1 1 0 1 0 1 1 1 0 1 1 1 1 1 1 0 1 1 0 0 0 0 1 1 1 1 1 1 1 0 1 0 1 0 1 0 0 0 0 1 0 1 0 1 1 0 0 0 1 0 1 1 1 1 1 1 1 1 1 1 1 1 0 0 0 0 1 1 0 0 0 0 0 1 1 1 1 1 0 0 0 35525.0 32732.0 3 0.04073407235852873
1 0 1 0 1 0 1 1 1 0 1 0 1 1 0 1 0 1 0 1 1 0 1 0 1 0 0 1 1 1 1 1 0 1 1 1 1 0 1 0 0 1 1 0 1 1 1 1 0 1 0 1 0 1 0 0 0 0 1 0 1 0 1 1 0 0 0 1 0 1 0 1 1 1 1 1 1 1 1 1 1 1 0 0 0 1 1 0 0 0 0 0 1 1 0 1 1 1 0 0 35567.0 32678.0 3 0.059274059715177595
1 0 1 0 1 0 1 1 1 0 1 0 1 1 0 1 0 1 0 1 1 0 1 0 1 1 1 0 1 1 1 1 0 1 0 1 1 0 0 0 0 1 1 1 1 1 1 1 0 1 0 1 0 1 0 0 0 0 1 0 1 0 1 1 0 0 0 1 0 1 1 1 1 1 1 1 1 1 1 1 1 0 0 0 0 1 1 0 0 0 0 0 1 1 1 1 1 1 0 0 35758.0 32636.0 3 0.20069133665533614
1 0 1 0 1 0 1 1 1 0 1 0 1 1 0 1 0 1 0 1 1 0 1 0 1 1 0 1 1 1 1 1 0 1 1 1 1 0 1 0 0 1 1 0 1 1 1 0 0 1 0 1 0 1 0 0 0 0 1 0 1 0 1 1 0 0 0 1 0 1 0 1 1 1 1 1 1 1 1 1 1 0 0 0 0 1 0 0 0 0 0 0 1 1 1 1 1 1 1 0 35776.0 31954.0 3 0.18747627531889435
0 0 1 0 1 0 1 1 1 0 1 0 1 1 0 1 0 1 0 1 1 0 0 1 0 1 1 0 0 1 1 1 1 1 0 1 1 0 1 0 0 1 1 1 1 1 1 1 1 1 1 1 0 1 0 0 0 0 1 0 1 0 1 1 0 0 0 1 0 1 0 0 1 1 1 1 1 1 1 1 1 1 0 0 0 1 1 0 0 0 0 0 1 1 0 1 1 1 0 0 35804.0 31857.0 3 0.09728885493778577
1 0 1 0 0 0 1 1 1 0 1 0 1 1 0 1 0 1 0 1 1 0 1 0 1 1 1 0 1 1 1 1 1 1 1 1 1 0 1 0 0 1 1 0 1 1 1 1 0 1 0 1 0 1 0 0 0 0 1 0 1 0 1 1 0 0 0 1 0 1 0 1 1 1 1 1 1 1 1 1 1 0 0 0 0 1 1 0 0 0 0 0 1 1 1 1 1 1 0 0 36011.0 31695.0 3 0.16270792902943895
1 0 1 0 1 0 1 1 1 0 1 0 1 1 0 1 0 1 0 1 1 0 1 0 1 0 0 1 1 1 1 1 0 1 1 1 1 0 1 0 0 1 0 0 1 1 1 1 0 1 0 1 0 1 0 0 0 0 1 0 1 0 1 1 0 0 0 1 0 1 0 1 1 1 1 1 1 1 1 1 1 1 0 0 0 1 1 0 0 0 0 0 1 1 1 1 0 0 1 1 36033.0 31311.0 3 0.13521346141533097
1 0 1 0 1 0 1 1 1 0 1 0 1 1 0 1 0 1 0 1 1 0 1 0 1 0 0 1 1 1 1 1 1 1 1 1 1 0 1 0 0 1 1 0 1 1 1 1 0 1 0 1 0 1 0 0 0 0 1 0 1 0 1 1 0 0 0 1 0 1 0 1 1 1 1 1 1 0 1 1 1 0 0 0 0 1 1 0 0 0 0 0 1 1 1 1 0 1 1 1 36089.0 31164.0 3 0.091401822320443
1 0 1 0 0 0 1 1 1 0 1 1 1 1 0 1 0 1 0 1 1 0 1 0 1 0 0 1 0 1 1 1 0 1 0 1 1 0 0 0 0 1 1 1 1 1 1 1 1 1 0 1 0 1 0 0 0 0 1 0 1 1 1 1 0 1 0 1 0 1 1 1 1 1 1 1 1 0 1 1 1 0 0 0 0 1 1 0 0 0 0 0 1 1 1 1 0 1 1 1 36231.0 31052.0 3 0.12663526435126776
1 0 1 0 1 0 1 1 1 0 1 0 1 1 0 1 0 1 0 1 1 0 0 1 0 1 1 0 0 1 1 1 1 1 0 1 1 0 1 0 0 1 1 1 1 1 1 1 0 1 0 1 0 1 0 0 0 0 1 0 1 0 1 1 0 0 0 1 0 1 0 1 1 1 1 1 1 1 1 1 1 1 0 0 0 1 0 0 0 0 0 0 1 1 1 1 1 0 1 1 36491.0 30893.0 3 0.288810671341315
1 0 1 0 1 0 1 1 1 0 1 0 1 1 0 1 0 1 0 1 1 0 1 0 0 1 1 0 1 1 1 1 0 1 0 1 1 0 1 0 0 1 1 0 1 1 1 1 0 1 0 1 0 1 0 0 0 0 1 0 1 0 1 1 0 1 0 1 0 1 0 1 1 1 1 1 1 0 1 1 1 0 0 0 0 1 1 0 0 0 0 0 1 1 1 1 0 1 1 1 36754.0 30163.0 3 0.2858269362246656
1 0 1 0 1 0 1 1 1 0 1 0 1 1 0 1 0 1 1 1 1 0 1 1 1 1 1 0 1 1 1 1 1 1 0 1 1 0 0 0 0 1 1 0 1 1 1 1 0 1 0 1 0 1 0 0 0 0 1 0 1 0 1 1 0 1 0 1 0 1 0 0 1 1 1 1 1 0 1 1 1 0 0 0 0 1 1 0 0 0 0 0 1 1 1 1 0 1 1 1 36831.0 29891.0 3 0.18360930868541847
1 0 1 0 0 0 0 1 1 0 1 0 1 1 0 1 0 1 0 1 1 0 1 0 1 1 1 0 1 1 1 1 1 1 1 1 1 0 1 0 1 1 1 0 1 1 1 1 0 1 0 1 0 1 0 0 0 0 1 0 1 0 1 1 0 0 0 1 0 1 0 1 1 1 1 1 1 0 1 1 1 0 0 0 0 1 1 0 0 0 0 0 1 1 1 1 0 1 1 1 36860.0 29442.0 3 2000000000000000.0
0 0 1 0 1 0 1 1 1 0 1 0 1 1 0 1 0 1 0 1 1 0 1 0 1 0 0 1 0 1 0 1 0 1 1 1 0 0 1 0 0 1 1 1 1 1 1 1 1 1 1 1 0 1 0 1 0 0 1 0 0 0 1 0 1 1 0 0 0 1 1 1 1 1 1 0 1 1 1 1 1 0 0 0 0 0 1 0 0 0 0 0 0 1 1 1 1 1 0 0 30259.0 33610.0 4 2000000000000000.0
1 0 1 0 1 0 1 1 1 0 1 0 1 1 0 1 0 1 1 1 1 0 1 1 1 1 1 0 1 1 1 1 0 1 0 1 1 0 0 0 0 1 1 0 1 1 1 1 0 1 0 1 0 1 0 0 0 0 1 0 1 0 1 1 0 1 0 1 0 1 0 0 1 1 1 1 1 0 1 1 1 0 0 0 0 1 1 0 0 0 0 0 1 1 1 1 0 1 1 1 36773.0 29788.0 4 2000000000000000.0
1 0 1 1 1 0 1 1 1 0 1 0 1 1 0 1 0 1 0 1 1 0 1 0 1 0 0 1 0 1 0 1 1 1 0 1 0 0 1 0 0 1 1 1 1 1 1 1 1 1 1 1 0 1 0 0 0 0 1 1 0 0 1 1 0 0 0 0 0 1 0 1 1 1 1 1 1 1 1 1 1 1 0 0 0 0 0 0 0 0 0 0 1 1 1 1 1 0 1 1 34251.0 32927.0 4 0.3861457197129733
1 0 1 0 1 0 1 1 1 0 1 0 1 1 0 1 0 1 0 1 1 0 1 0 1 1 1 1 1 1 1 1 0 1 0 1 1 0 0 0 0 1 1 0 1 1 1 1 0 1 0 1 0 1 0 0 0 1 1 0 1 0 1 1 0 1 0 1 0 1 0 0 1 1 1 1 1 1 1 1 1 0 0 1 0 1 1 0 0 0 0 0 1 1 0 1 1 1 0 0 35360.0 32448.0 4 0.3801907480358213
1 0 1 0 1 0 1 1 1 0 1 0 1 1 0 1 0 1 1 0 1 0 1 0 1 0 0 1 0 1 0 1 0 1 1 1 0 0 1 0 0 1 1 1 1 1 1 1 1 1 1 1 0 1 0 1 0 1 1 0 0 0 1 1 1 0 0 0 0 1 1 1 1 1 1 1 1 1 1 1 1 0 0 0 0 0 1 0 0 0 0 0 0 1 1 1 1 1 0 0 31768.0 33524.0 4 0.37174900190821303
0 0 1 0 1 0 1 1 1 0 1 0 1 1 0 1 0 1 0 1 0 0 1 0 1 0 0 1 0 1 0 1 1 1 1 1 0 0 1 0 0 1 1 1 1 1 1 1 1 1 1 1 0 1 0 0 0 0 1 0 1 0 1 1 0 0 0 1 0 1 1 1 1 1 1 1 1 1 1 1 1 0 0 0 0 1 1 0 0 0 0 0 1 1 1 1 1 1 0 0 33592.0 33338.0 4 0.3598842054476009
1 0 1 1 1 0 1 1 1 0 1 0 1 1 0 1 0 0 1 0 1 0 1 0 1 1 0 1 0 1 1 1 0 1 0 1 1 0 1 0 0 1 1 1 1 1 1 1 1 1 1 1 0 1 0 1 0 0 1 0 0 0 1 0 1 1 0 0 0 1 1 1 1 1 1 0 1 1 1 1 1 0 0 0 0 0 1 0 0 0 0 0 0 1 1 1 1 1 0 0 31513.0 33539.0 4 0.25415620536020134
1 0 1 0 1 0 1 1 1 0 1 0 1 1 0 1 0 1 0 1 1 0 1 0 0 1 1 0 1 1 1 1 0 1 0 1 1 0 1 0 0 1 1 0 1 1 1 1 0 1 0 1 0 1 0 0 0 0 1 0 1 0 1 1 0 0 0 1 0 1 1 1 1 1 1 1 1 1 1 1 1 0 0 0 0 1 1 0 0 0 0 0 1 1 1 1 1 1 0 0 35740.0 32051.0 4 0.19281635802096736
1 0 1 0 1 0 1 1 1 0 1 0 1 1 0 1 0 1 0 1 1 0 1 0 1 1 1 1 1 1 1 1 0 1 0 1 1 0 0 0 0 1 1 0 1 1 1 1 0 1 0 1 0 1 0 0 0 1 1 0 1 0 1 1 0 1 0 1 0 1 0 0 1 1 1 1 1 0 1 1 1 0 0 0 0 1 1 0 0 0 0 0 1 1 1 1 0 1 1 1 36466.0 30216.0 4 0.1894457648438041
0 0 1 0 1 0 1 1 1 0 1 0 1 1 0 1 0 1 0 1 1 0 1 0 1 0 0 1 0 1 1 1 0 1 0 1 1 0 0 0 0 1 1 1 1 1 1 1 1 1 0 1 0 1 0 0 0 0 1 0 1 0 1 1 0 0 0 1 0 1 0 1 1 1 1 1 1 1 1 1 1 0 0 1 0 1 1 0 0 0 0 0 1 1 0 1 1 1 0 0 34082.0 33174.0 4 0.17749573554652354
0 0 1 0 1 0 1 1 1 0 1 0 1 1 0 1 0 1 0 1 1 0 1 0 1 1 1 1 1 1 1 1 0 1 0 1 1 0 0 0 0 1 1 0 1 1 1 1 1 1 0 1 0 1 0 0 0 0 1 0 1 0 1 1 0 0 0 1 0 1 0 1 1 0 1 1 1 1 1 1 1 0 0 1 0 1 1 0 0 0 0 0 1 1 0 1 1 1 0 0 35722.0 32337.0 4 0.1622082100831132
1 0 1 0 1 0 1 1 1 0 1 0 1 1 0 1 0 1 1 1 1 0 1 1 1 0 1 0 1 1 1 1 1 1 0 1 1 0 0 0 0 1 1 0 1 1 1 1 0 1 0 1 0 1 0 0 0 0 1 0 1 0 1 1 0 0 0 1 0 1 0 1 1 1 1 1 1 1 1 1 1 1 0 0 0 1 1 0 0 0 0 0 1 1 0 1 1 1 0 0 35992.0 31519.0 4 0.15030597865370926
1 0 1 0 1 0 1 1 1 0 1 0 1 1 0 1 0 1 0 1 1 0 1 0 1 1 1 1 1 1 1 1 0 1 0 1 1 0 0 0 0 1 1 0 1 1 1 1 0 1 0 1 0 1 0 0 0 0 1 0 1 0 1 1 0 0 0 1 0 1 0 1 1 1 1 1 1 1 1 1 1 0 0 0 0 1 1 0 0 1 0 0 1 1 1 1 1 0 0 0 35877.0 31691.0 4 0.131558530216363
1 0 1 0 1 0 1 1 1 0 1 0 1 1 0 1 0 1 0 1 1 0 1 0 1 1 1 0 1 1 1 1 0 1 0 1 1 0 0 0 0 1 1 1 1 1 1 0 0 1 0 1 0 1 0 0 0 0 1 0 1 0 1 1 0 0 0 1 0 1 0 1 1 1 1 1 1 1 1 1 1 0 0 0 0 1 0 0 1 0 0 0 1 1 1 1 1 0 1 1 36020.0 31138.0 4 0.12471034090403037
1 0 1 1 1 0 0 1 1 0 1 0 1 1 0 1 0 1 0 1 0 0 1 0 1 0 0 1 0 1 0 1 1 1 1 1 0 0 1 0 0 1 1 1 1 1 1 1 1 1 1 1 0 1 0 0 0 0 1 1 0 0 1 1 0 0 0 1 0 1 0 1 1 1 1 1 1 1 1 1 1 0 0 0 0 1 1 0 0 0 0 0 1 1 1 1 1 1 0 0 33647.0 33251.0 4 0.11813206896324345
