1 0 1 1 1 1 0 1 1 0 1 0 1 1 0 1 0 1 0 0 1 0 1 0 1 0 1 1 0 1 0 1 0 1 1 1 0 0 1 0 0 1 1 1 1 1 1 1 1 1 1 1 0 1 0 0 0 0 1 1 0 0 1 0 1 0 0 0 0 1 1 1 1 1 1 1 1 1 1 0 1 0 0 0 0 1 0 0 0 0 0 0 1 1 1 1 1 1 0 0 31973.0 33027.0 0 2000000000000000.0
1 0 1 0 1 0 1 1 1 0 1 0 1 1 0 1 0 1 0 1 1 0 1 0 1 0 0 1 0 1 0 1 1 1 1 1 0 0 1 0 0 1 1 1 1 1 1 1 0 1 1 1 1 1 0 1 0 1 1 0 1 0 1 1 0 0 0 0 0 1 1 1 1 1 1 1 1 1 1 1 1 0 0 0 0 1 0 0 0 0 0 0 1 1 0 1 1 1 0 0 32602.0 32796.0 0 0.43067648562671923
0 0 1 0 1 0 1 1 1 0 1 0 1 1 0 1 0 1 0 1 1 0 1 0 1 0 0 1 0 1 0 1 1 1 1 1 0 1 1 0 0 1 1 1 1 1 1 1 0 1 0 1 0 1 0 0 0 0 1 0 1 0 1 1 1 0 0 1 0 1 1 1 1 1 1 1 1 1 1 1 1 0 0 0 0 1 1 0 0 0 0 0 1 1 0 1 1 1 0 0 33153.0 32714.0 0 0.43826360175607476
0 0 1 1 1 0 1 1 1 0 1 0 1 1 0 1 0 1 0 1 1 0 1 0 1 0 0 1 0 1 0 1 1 1 1 1 0 0 1 0 0 1 1 1 1 1 1 1 1 0 0 1 0 1 0 0 0 0 1 0 1 1 1 1 0 0 0 1 0 1 1 1 1 1 1 1 1 1 1 1 1 0 0 0 0 1 1 0 0 0 0 0 1 1 0 1 1 1 0 0 34109.0 32695.0 0 0.6756719864464655
1 0 1 0 1 0 0 1 1 0 1 0 1 1 0 1 0 1 0 1 1 0 1 0 0 1 1 0 1 1 1 1 0 1 0 1 1 0 1 0 0 1 1 1 1 1 1 1 0 1 1 1 0 1 0 0 0 0 1 0 1 0 1 1 0 0 0 1 0 1 1 1 1 1 1 1 1 1 1 1 1 0 0 0 0 1 0 0 0 0 0 0 1 1 0 1 1 1 0 0 34727.0 32026.0 0 0.5335016685889035
1 0 1 0 1 0 0 1 1 0 1 0 1 1 0 1 0 1 1 1 1 0 1 0 0 1 1 0 1 1 1 1 0 1 0 1 1 0 1 0 0 1 1 1 1 1 1 1 0 1 0 1 0 1 0 0 0 0 1 0 1 0 1 1 0 0 0 1 0 1 1 1 1 1 1 1 1 1 1 1 1 0 0 0 0 1 0 0 0 0 0 0 1 1 0 1 1 1 0 0 34820.0 31774.0 0 0.196862275375275
1 0 1 1 1 1 0 1 1 0 1 0 1 1 0 1 0 1 1 0 1 0 1 0 0 1 1 0 1 1 0 1 0 1 0 1 1 0 1 0 0 1 1 0 1 1 1 1 0 1 0 1 0 1 0 0 0 0 1 0 1 0 1 1 0 0 0 1 0 1 1 1 1 1 1 1 1 1 1 1 1 0 0 0 0 1 1 0 0 0 0 0 1 1 1 1 1 1 0 0 34854.0 31590.0 0 0.1486329123261777
1 0 1 0 1 0 0 1 1 0 1 0 1 1 0 1 0 1 1 1 1 0 1 0 0 1 1 0 1 1 1 1 0 1 0 1 0 0 1 0 0 1 1 1 1 1 1 1 0 1 0 1 0 1 0 0 0 0 1 0 1 1 1 1 0 0 0 1 0 1 1 1 1 1 1 1 1 1 1 1 1 0 0 0 0 1 1 0 0 0 0 0 1 1 0 1 1 1 0 0 34926.0 31452.0 0 0.08790049091817465
1 0 1 0 1 0 0 1 1 0 1 0 1 1 0 1 0 1 1 1 1 0 1 0 0 1 1 0 1 1 0 1 0 1 0 1 1 0 1 0 0 1 1 0 1 1 1 1 0 1 0 1 0 1 0 0 0 0 1 0 1 0 1 1 0 0 0 1 0 1 1 1 1 1 1 1 1 1 1 1 1 0 0 0 0 1 1 0 0 0 0 0 1 1 1 1 1 1 0 0 34937.0 31414.0 0 0.1331338801147127
1 0 1 0 0 0 0 1 1 0 1 0 1 1 0 1 0 1 1 1 1 0 1 0 0 1 1 0 1 1 1 1 0 1 0 1 1 0 1 0 0 1 1 0 1 1 1 1 0 1 0 1 0 1 0 0 0 0 1 0 1 0 1 1 0 1 0 1 0 1 1 1 1 1 1 1 1 1 1 1 1 0 0 1 0 1 1 0 0 0 0 0 1 1 0 1 1 1 0 0 35213.0 31300.0 0 0.31189633761457836
0 0 1 0 1 1 1 1 1 0 1 0 1 1 0 1 0 1 1 1 1 0 1 0 0 1 1 1 0 1 1 1 0 1 0 1 0 0 1 0 0 1 1 1 1 1 1 1 0 1 0 1 0 1 0 0 0 0 1 0 1 0 1 1 0 0 0 1 0 1 1 1 1 1 1 1 1 1 1 1 1 0 0 0 0 1 1 0 0 0 0 0 1 1 1 1 0 0 1 1 35556.0 31020.0 0 0.41070849636708795
1 0 1 0 1 0 0 1 1 0 1 0 1 1 0 1 0 1 1 1 1 0 1 0 0 1 1 0 1 1 1 1 0 1 0 1 0 0 1 0 0 1 1 1 1 1 1 1 0 1 0 1 0 1 0 0 0 0 1 0 1 0 1 1 0 1 0 1 0 1 1 1 1 1 1 1 1 1 1 1 1 0 0 0 0 1 1 0 0 0 0 0 1 1 1 1 0 0 1 1 35728.0 30568.0 0 0.29699242401872206
1 0 1 0 1 0 0 1 1 0 1 0 1 1 0 1 0 1 1 1 1 0 1 0 0 1 1 0 1 1 1 1 0 1 0 1 0 0 1 0 0 1 1 1 1 1 1 1 1 1 0 1 1 1 0 0 0 0 1 1 1 0 1 1 0 0 0 1 0 1 1 1 0 1 1 1 1 1 1 1 1 0 0 0 0 1 0 0 0 0 0 0 1 1 1 1 0 0 1 0 35736.0 30354.0 0 2000000000000000.0
0 0 1 0 1 0 1 1 1 0 1 0 1 1 0 1 0 1 0 1 1 0 1 0 1 0 0 1 0 1 0 1 1 1 1 1 0 0 1 0 0 1 1 1 1 1 1 1 0 1 1 1 1 1 0 1 0 1 1 0 1 0 1 0 0 0 0 1 0 1 1 1 1 1 1 1 1 1 1 1 1 0 0 0 0 1 0 0 0 0 0 0 0 1 1 1 1 1 0 0 31720.0 32865.0 1 2000000000000000.0
1 0 1 1 1 1 0 1 1 0 1 0 1 1 0 1 0 1 1 0 1 0 1 0 1 0 0 1 0 1 0 1 0 1 1 1 0 0 1 0 0 1 1 1 1 1 1 1 1 1 1 1 0 1 0 0 0 0 1 1 0 0 1 0 1 0 0 0 0 1 1 1 1 1 1 1 1 1 1 1 1 0 0 0 0 1 0 0 0 0 0 0 1 1 0 1 1 1 0 0 31902.0 32827.0 1 0.23741032504610957
1 0 1 1 1 1 0 1 1 0 1 0 1 1 0 1 0 1 0 0 1 0 1 0 1 0 1 1 0 1 0 1 0 1 1 1 0 0 1 0 0 1 1 1 1 1 1 1 1 1 1 1 0 1 0 0 0 0 1 1 0 0 1 0 1 0 0 0 0 1 1 1 1 1 1 1 1 1 1 1 1 0 0 0 0 1 0 0 0 0 0 0 1 1 0 1 1 1 0 0 32521.0 32762.0 1 0.34193275209333984
1 0 1 1 1 1 0 1 1 0 1 0 1 1 0 1 0 1 1 0 1 0 1 0 1 0 0 1 0 1 0 1 0 1 1 1 0 0 1 0 0 1 1 1 1 1 1 1 1 0 0 1 0 1 0 1 0 0 1 0 1 0 1 1 0 0 0 1 0 1 1 1 1 1 1 1 1 1 1 1 1 0 0 1 0 1 0 0 0 0 0 0 1 1 0 1 1 1 0 0 33081.0 32702.0 1 0.3499608707802871
1 1 1 0 1 0 0 1 1 0 1 0 1 1 0 1 0 1 1 1 1 0 1 0 1 0 0 1 1 1 0 1 1 1 0 1 0 0 1 0 0 1 1 1 1 1 1 1 0 1 0 1 0 1 0 0 0 0 1 0 1 0 1 1 0 0 0 1 0 1 1 1 1 1 1 1 1 1 1 1 1 0 0 0 0 1 1 0 0 0 0 0 1 1 1 1 1 1 0 0 33644.0 32557.0 1 0.33994606741242006
1 0 1 0 1 1 0 1 1 0 1 0 1 1 0 1 0 1 1 1 1 0 1 0 1 0 0 1 0 1 1 1 0 1 1 1 0 0 1 0 0 1 1 1 1 1 1 1 1 0 0 1 0 1 0 0 0 0 1 0 1 0 1 1 0 0 0 1 0 1 1 1 1 1 1 1 1 1 1 1 1 0 0 0 0 1 1 0 0 0 0 0 1 1 1 1 1 1 0 0 33881.0 32235.0 1 0.4221423275330408
0 0 1 0 1 1 1 1 1 0 1 0 1 1 0 1 0 1 1 1 1 0 1 0 0 1 1 1 0 1 1 1 0 1 0 1 0 0 1 0 0 1 1 1 1 1 1 1 0 1 0 1 0 1 0 0 0 0 1 0 1 0 1 1 0 0 0 1 0 1 1 1 1 1 1 1 1 1 1 1 1 0 0 0 0 1 1 0 0 0 0 0 1 1 0 1 1 1 0 0 34633.0 31973.0 1 0.32906744658245485
1 0 1 0 1 1 0 1 1 0 1 0 1 1 0 1 0 1 1 1 1 0 1 0 0 1 1 0 1 1 1 1 0 1 0 1 1 0 0 0 0 1 1 1 1 1 1 1 0 1 0 1 0 1 0 0 0 0 1 0 1 0 1 1 0 0 0 1 0 1 1 1 1 1 1 1 1 1 1 1 1 0 0 0 0 1 0 0 0 0 0 0 1 1 1 1 1 1 0 0 34637.0 31766.0 1 0.17238097721323817
1 0 1 0 1 0 0 1 1 0 1 0 1 1 0 1 0 1 1 1 1 0 1 0 0 1 1 0 1 1 1 1 0 1 0 1 0 0 1 0 0 1 1 1 1 1 1 1 0 1 0 1 0 1 0 0 0 0 1 0 1 0 1 1 0 1 0 1 0 1 1 1 1 1 1 1 1 1 1 1 1 0 0 0 0 1 1 0 0 0 0 0 1 1 0 1 1 1 0 0 34805.0 31521.0 1 0.26755183290371837
1 0 1 0 1 0 0 1 1 0 1 0 1 1 0 1 0 1 1 1 1 0 1 0 0 1 1 0 1 1 1 1 0 1 0 1 0 0 1 0 0 1 1 1 1 1 1 1 0 1 0 1 0 1 0 0 0 0 1 0 1 1 1 1 0 0 0 1 0 1 1 1 1 1 1 1 1 1 1 1 1 0 0 0 0 1 1 0 0 0 0 0 1 1 1 1 0 1 0 0 34809.0 30977.0 1 0.3093499187852853
1 0 1 0 1 0 0 1 1 0 1 0 1 1 0 1 0 1 1 1 1 0 1 0 0 1 1 0 1 1 1 1 0 1 0 1 0 0 1 0 0 1 1 1 1 1 1 1 1 1 0 1 1 1 0 0 0 0 1 0 1 0 1 1 0 0 0 1 0 1 1 1 1 1 1 1 1 1 1 1 1 0 0 0 0 1 0 0 0 0 0 0 1 1 1 1 0 0 1 0 35369.0 30945.0 1 0.21128963371303966
1 0 1 0 1 0 0 1 1 0 1 0 1 1 0 1 0 1 1 1 1 0 1 0 0 1 1 0 1 1 1 1 0 1 0 1 0 0 1 0 0 1 1 1 1 1 1 1 0 1 0 1 0 1 0 0 0 0 1 0 1 0 1 1 0 0 0 1 0 1 1 1 1 1 1 1 1 1 1 1 1 0 0 0 0 1 1 0 0 0 0 0 1 1 0 1 1 0 1 1 35553.0 30914.0 1 0.5087555806419838
1 0 1 0 0 0 0 1 1 0 1 0 1 1 0 1 0 1 1 1 1 0 1 0 0 1 1 0 1 1 1 1 0 1 0 1 0 0 1 0 0 1 1 1 1 1 1 1 0 1 0 1 0 1 0 0 0 0 1 0 1 0 1 1 0 1 0 1 0 1 1 1 1 1 1 1 1 0 1 1 1 0 0 0 0 1 1 0 0 0 0 0 1 1 1 1 0 1 1 1 35565.0 29324.0 1 2000000000000000.0
1 0 1 1 1 1 0 1 1 0 1 0 1 1 0 1 0 1 1 0 1 0 1 0 1 0 0 1 0 1 0 1 0 1 1 1 0 0 1 0 0 1 1 1 1 1 1 0 1 1 1 1 0 1 0 1 0 0 1 1 0 0 1 0 1 0 0 0 0 1 1 1 1 1 1 1 1 1 1 1 1 0 0 0 0 0 1 0 0 0 0 0 0 1 1 1 1 1 0 0 31169.0 32778.0 2 2000000000000000.0
0 0 1 0 1 0 1 1 1 0 1 0 1 1 0 1 0 1 0 1 1 0 1 0 1 0 0 1 0 1 0 1 1 1 1 1 0 0 1 0 0 1 1 1 1 1 1 1 0 1 1 1 1 1 0 1 0 1 1 0 1 0 1 1 0 0 0 0 0 1 1 1 1 1 1 1 1 1 1 1 1 0 0 0 0 1 0 0 0 0 0 0 1 1 0 1 1 1 0 0 32286.0 32640.0 2 0.5979346719045393
1 0 1 0 1 0 0 1 1 0 1 0 1 1 0 1 0 1 1 1 1 0 1 0 1 0 0 1 1 1 0 1 1 1 0 1 0 0 1 0 0 1 1 1 1 1 1 1 0 1 0 1 1 1 0 0 0 0 1 0 1 0 1 1 0 0 0 1 0 1 1 1 1 1 1 1 1 1 1 1 1 0 0 0 0 1 1 0 0 0 0 0 1 1 1 1 1 1 0 0 33430.0 32531.0 2 0.4393721809980971
1 0 1 1 1 1 0 1 1 0 1 0 1 1 0 1 0 1 0 0 1 0 1 0 1 0 1 1 0 1 0 1 0 1 1 1 0 0 1 0 0 1 1 1 1 1 1 1 0 1 0 1 0 1 0 0 0 0 1 0 1 0 1 1 0 0 0 1 0 1 1 1 1 1 1 1 1 1 1 1 1 0 0 0 0 1 1 0 0 0 0 0 1 1 1 1 1 1 0 0 33637.0 32233.0 2 0.14643387167175476
1 0 1 1 1 1 0 1 1 0 1 0 1 1 0 1 1 1 1 0 1 0 1 0 1 0 0 1 0 1 0 1 0 1 1 1 0 0 1 0 0 1 1 1 1 1 1 1 1 0 0 1 0 1 0 1 0 0 1 0 1 0 1 1 0 0 0 1 0 1 1 1 1 1 1 1 1 1 1 1 1 0 0 0 0 1 1 0 0 0 0 0 1 1 0 1 1 1 0 0 33643.0 32223.0 2 0.11955841699403102
1 0 1 1 1 1 0 1 1 0 1 0 1 1 0 1 0 1 0 0 1 0 1 0 1 0 1 1 0 1 0 1 0 1 1 1 0 0 1 0 0 1 1 1 1 1 1 1 0 1 0 1 0 1 0 0 0 0 1 0 1 0 1 1 0 1 0 1 0 1 1 1 1 1 1 1 1 1 1 1 1 0 0 0 0 1 1 0 0 0 0 0 1 1 0 1 1 1 0 0 33762.0 31946.0 2 0.14854430379746392
1 0 1 0 1 0 0 1 1 0 1 0 1 1 0 1 0 1 1 1 1 0 1 0 0 1 1 0 1 1 1 1 0 1 0 1 0 0 1 0 0 1 1 1 1 1 1 1 0 1 1 1 1 1 0 1 0 1 1 0 1 0 1 1 0 0 0 0 0 1 1 1 1 1 1 1 1 1 1 1 1 0 0 0 0 1 0 0 0 0 0 0 1 1 0 1 1 1 0 0 33817.0 31880.0 2 0.040602357049322274
1 0 1 0 1 0 0 1 1 0 1 0 1 1 0 1 0 1 1 1 1 0 1 0 1 0 0 1 1 1 0 1 1 1 0 1 0 0 1 0 0 1 1 1 1 1 1 1 1 0 0 1 0 1 0 0 0 0 1 0 1 1 1 1 0 0 0 1 0 1 1 1 1 1 1 1 1 1 1 1 1 0 0 0 0 1 1 0 0 0 0 0 1 1 0 1 1 1 0 0 33834.0 31870.0 2 0.14700858431543334
1 0 1 0 1 0 0 1 1 0 1 0 1 1 0 1 0 1 1 1 1 0 1 0 0 1 1 0 1 1 1 1 0 1 0 1 0 0 1 0 0 1 1 1 1 1 1 1 0 1 0 1 0 1 0 1 0 0 1 0 1 1 1 1 0 0 0 1 0 1 1 1 1 1 1 1 1 1 1 1 1 0 0 0 0 1 0 0 0 0 0 0 0 1 1 1 1 1 0 0 34250.0 31730.0 2 0.20966244725737856
1 0 1 1 1 1 0 1 1 0 1 0 1 1 0 1 0 1 1 0 1 0 1 0 0 1 1 0 1 1 1 1 0 1 0 1 0 0 1 0 0 1 1 1 1 1 1 1 0 1 0 1 1 1 0 0 0 0 1 0 1 0 1 1 0 0 0 1 0 1 1 1 1 1 1 1 1 1 1 1 1 0 0 0 0 1 1 0 0 0 0 0 1 1 0 1 1 1 0 0 34501.0 31692.0 2 0.11452640768223181
1 0 1 0 1 0 0 1 1 0 1 0 1 1 0 1 0 1 1 1 1 0 1 0 0 1 1 0 1 1 1 1 0 1 0 1 1 0 0 0 0 1 1 1 1 1 1 1 0 1 0 1 0 1 0 0 0 0 1 0 1 0 1 1 0 0 0 1 0 1 1 1 1 1 1 1 1 1 1 1 1 0 0 0 0 1 0 0 0 0 0 0 1 1 1 1 1 1 0 0 34583.0 31610.0 2 0.07477666230175826
1 0 1 0 1 0 0 1 1 0 1 0 1 1 0 1 0 1 1 1 1 0 1 0 0 1 1 0 1 1 1 1 0 1 0 1 0 0 1 0 0 1 1 1 1 1 1 1 0 1 0 1 1 1 0 0 0 0 1 0 1 0 1 1 0 0 0 1 0 1 1 1 1 1 1 1 1 1 1 1 1 0 0 0 0 1 1 0 0 0 0 0 1 1 0 1 1 1 0 0 34584.0 31516.0 2 0.1203913865851848
1 0 1 0 1 0 0 1 1 0 1 0 1 1 0 1 0 1 1 1 1 0 1 0 0 1 1 0 1 1 1 1 0 1 0 1 0 0 1 0 0 1 1 1 1 1 1 1 1 0 0 1 0 1 0 1 0 0 1 0 1 0 1 1 0 0 0 1 0 1 1 1 1 1 1 1 1 1 1 1 1 0 0 0 0 1 0 0 0 0 0 0 1 1 0 1 1 1 0 0 34713.0 31324.0 2 0.1571540811872497
1 0 1 0 1 0 0 1 1 0 1 0 1 1 0 1 0 1 1 1 1 0 1 0 0 1 1 0 1 1 0 1 0 1 0 1 0 0 1 0 0 1 1 1 1 1 1 1 0 1 0 1 0 1 0 0 0 0 1 0 1 0 1 1 0 1 0 1 0 1 1 1 1 1 1 1 1 1 1 1 1 0 0 0 0 1 0 0 0 0 0 0 1 1 0 1 1 1 1 0 34728.0 31124.0 2 0.2516339298705008
1 0 1 0 1 0 0 1 1 0 1 0 1 1 0 1 0 1 1 1 1 0 1 0 0 1 1 0 1 1 1 1 0 1 0 1 0 0 1 0 0 1 1 1 1 1 1 1 0 1 0 1 0 1 0 1 0 0 1 0 1 0 1 1 0 1 0 1 0 1 1 1 1 1 1 1 1 1 1 1 1 0 0 0 0 1 1 0 0 0 0 0 1 1 1 1 0 0 0 1 35279.0 30940.0 2 0.256868907318486
1 0 1 0 1 0 0 1 1 0 1 0 1 1 0 1 0 1 1 1 1 0 1 0 0 1 1 0 1 1 1 1 0 1 0 1 1 0 1 0 0 1 1 0 1 1 1 1 0 1 0 1 1 1 0 0 0 0 1 0 1 0 1 1 0 0 1 1 0 1 1 1 1 1 1 1 1 1 1 1 1 0 0 0 0 1 1 0 0 0 0 0 1 1 1 1 0 1 0 0 35515.0 30884.0 2 0.4735268441728355
1 0 1 0 1 0 0 1 1 0 1 0 1 1 0 1 0 1 1 1 1 0 0 0 0 1 1 0 1 1 1 1 0 1 0 1 0 0 1 0 0 1 1 1 1 1 1 1 0 1 0 1 0 1 0 0 0 0 1 0 1 0 1 1 0 1 0 1 0 1 1 1 1 1 1 1 1 1 1 1 1 0 0 0 0 1 1 0 0 0 0 0 1 1 1 1 0 0 1 1 35519.0 29618.0 2 2000000000000000.0
1 0 1 1 1 1 0 1 1 0 1 0 1 1 0 1 0 1 1 0 1 0 1 0 1 0 0 1 0 1 0 1 0 1 1 1 0 0 1 0 0 1 1 1 1 1 1 0 1 1 1 1 0 1 0 1 0 0 1 1 0 0 1 0 1 0 0 0 0 1 1 1 1 1 1 1 1 1 1 1 1 0 0 0 0 1 0 0 0 0 0 0 0 1 1 1 1 1 0 0 31159.0 32650.0 3 2000000000000000.0
1 0 1 0 1 1 0 1 1 0 1 0 1 1 0 1 0 1 1 1 0 0 1 0 1 0 1 0 1 1 0 1 0 1 0 1 0 0 1 0 0 1 1 1 1 1 1 1 1 1 1 1 0 1 0 0 0 0 1 1 0 0 1 0 1 0 0 0 0 1 1 1 1 1 1 1 1 1 1 1 1 0 0 0 0 1 0 0 0 0 0 0 1 1 1 1 1 1 0 0 32157.0 32638.0 3 0.24689528949747017
1 0 1 0 1 0 0 1 1 0 1 0 1 1 0 1 0 1 1 1 1 0 1 0 1 0 0 1 1 1 0 1 1 1 0 1 0 0 1 0 0 1 1 1 1 1 1 1 0 1 0 1 1 1 0 0 0 0 1 0 1 0 1 1 0 0 0 0 0 1 1 1 1 1 1 1 1 1 1 1 1 0 1 1 0 1 0 0 0 0 0 0 1 1 0 1 1 1 0 0 32195.0 32632.0 3 0.18347645586269873
1 0 1 0 1 1 0 1 1 0 1 0 1 1 0 1 0 1 1 1 1 0 1 0 1 0 1 0 1 1 0 1 0 1 0 1 0 0 1 0 0 1 1 1 1 1 1 1 1 1 1 1 0 1 0 0 0 0 1 1 0 0 1 0 1 0 0 0 0 1 1 1 1 1 1 1 1 1 1 1 1 0 0 0 0 1 0 0 0 0 0 0 1 1 0 1 1 1 0 0 32661.0 32497.0 3 0.19008866382287087
0 0 1 0 1 0 1 1 1 0 1 0 1 1 0 1 0 1 0 1 1 0 1 0 1 0 0 1 0 1 0 1 1 1 1 1 0 0 1 0 0 1 1 1 1 1 1 1 0 1 1 1 1 1 0 1 0 1 1 0 1 0 1 0 0 0 0 1 0 1 1 1 1 1 1 1 1 1 1 1 1 0 0 0 0 1 1 0 0 0 0 0 1 1 1 1 0 1 0 0 32734.0 32494.0 3 0.18140565704635356
1 0 1 1 1 1 1 0 1 0 1 0 1 1 0 1 0 1 1 0 0 0 1 0 1 0 0 1 0 1 0 1 0 1 1 1 0 0 1 0 0 1 1 1 1 1 1 0 1 1 1 1 0 1 0 1 0 0 1 1 1 0 1 1 0 0 0 1 0 1 1 1 1 1 1 1 1 1 1 1 1 0 0 0 0 1 0 0 0 0 0 0 1 1 1 1 1 1 0 0 33356.0 32452.0 3 0.21803249096676583
1 0 1 1 1 1 0 0 1 0 1 0 1 1 0 1 0 1 1 0 1 0 1 0 1 0 0 1 0 1 0 1 0 1 1 1 0 0 1 0 0 1 1 1 1 1 1 1 1 1 1 1 0 1 0 0 0 0 1 0 1 1 1 1 0 0 0 1 0 1 1 1 1 1 1 1 1 1 1 1 1 0 0 0 0 1 1 0 0 0 0 0 1 1 0 1 1 1 0 0 33407.0 32362.0 3 0.21747872777948535
1 0 1 1 1 1 0 1 1 0 1 0 1 1 0 1 0 1 0 0 1 0 1 0 1 0 0 1 0 1 0 1 0 1 1 1 0 0 1 0 0 1 1 1 1 1 1 1 1 0 0 1 0 1 0 1 0 0 1 0 1 0 1 1 0 1 0 1 0 1 1 1 1 1 1 1 1 1 1 1 1 0 0 0 0 1 1 0 0 0 0 0 1 1 0 1 1 1 0 0 33562.0 32097.0 3 0.19455590727016972
1 0 1 0 1 0 0 1 1 0 1 0 1 1 0 1 0 1 1 1 1 0 1 0 1 0 0 1 1 1 0 1 1 1 0 1 0 0 1 0 0 1 1 1 1 1 1 1 0 1 0 1 0 1 0 0 0 0 1 0 1 1 1 1 0 0 0 1 0 1 1 1 1 1 1 1 1 1 1 1 1 0 0 0 0 1 1 0 0 0 0 0 1 1 0 1 1 1 0 0 33605.0 32051.0 3 0.10734972134415575
1 0 1 0 1 1 0 1 1 0 1 0 1 1 0 1 0 1 1 1 1 0 1 0 1 0 0 1 0 1 1 1 0 1 1 1 0 0 1 0 0 1 1 1 1 1 1 1 1 0 0 1 0 1 0 1 0 0 1 0 1 0 1 1 0 0 0 1 0 1 1 1 1 1 1 1 1 1 1 1 1 0 0 0 0 1 0 0 0 0 0 0 1 1 0 1 1 1 0 0 33685.0 31932.0 3 0.13874374109845794
0 0 1 0 1 1 1 1 1 0 1 0 1 1 0 1 0 1 0 1 1 0 1 0 1 0 0 1 0 1 0 1 1 1 1 1 0 0 1 0 0 1 1 1 1 1 1 1 0 1 0 1 0 1 0 1 0 0 1 0 1 0 1 1 0 1 0 1 0 1 1 1 1 1 1 1 1 1 1 1 1 0 0 0 0 1 1 0 0 0 0 0 1 1 1 1 0 0 0 1 33802.0 31856.0 3 0.21596345537648742
0 0 1 0 1 1 1 1 1 0 1 0 1 1 0 1 0 1 1 1 1 0 1 0 0 1 1 1 0 1 1 1 0 1 0 1 0 0 1 0 0 1 1 1 1 1 1 1 0 1 0 1 0 1 0 0 0 0 1 0 1 0 1 1 0 0 0 1 0 1 1 1 1 1 1 1 1 1 1 1 1 0 0 0 0 1 0 0 0 0 0 0 1 1 0 1 1 1 0 0 34149.0 31704.0 3 0.16333336125107367
1 0 1 0 1 0 0 1 1 0 1 0 1 1 0 1 0 1 1 1 1 0 1 0 0 1 1 0 1 1 1 1 0 1 0 1 0 0 1 0 0 1 1 1 1 1 1 1 0 1 0 1 0 1 0 0 0 0 1 0 1 0 1 1 0 1 0 1 0 1 1 1 1 1 1 1 1 1 1 1 1 0 0 0 0 1 1 0 0 0 0 0 0 1 1 1 1 1 0 0 34158.0 31686.0 3 0.08101461758491574
1 0 1 1 1 1 0 1 1 0 1 0 1 1 0 1 0 1 1 1 1 0 1 0 0 1 1 0 1 1 1 1 0 1 0 1 0 0 1 0 0 1 1 1 1 1 1 1 0 1 0 1 1 1 0 0 0 0 1 0 1 0 1 1 0 0 0 1 0 1 1 1 1 0 1 1 1 1 1 1 1 0 0 0 0 1 1 0 0 0 0 0 1 1 0 1 1 1 0 0 34420.0 31665.0 3 0.1190979864399058
1 0 1 1 1 1 0 1 1 0 1 0 1 1 0 1 0 1 1 0 1 0 1 0 0 1 1 0 1 1 1 1 0 1 0 1 0 0 1 0 0 1 1 1 1 1 1 1 0 1 0 1 0 1 0 0 0 0 1 0 1 0 1 1 0 0 0 1 0 1 1 1 1 1 1 1 1 1 1 1 1 0 0 0 0 1 1 0 0 0 0 0 1 1 0 1 1 1 0 0 34430.0 31568.0 3 0.08986997970967259
1 0 1 0 1 1 0 1 1 0 1 0 1 1 0 1 0 1 1 1 1 0 1 0 0 1 1 0 1 1 1 1 0 1 0 1 0 0 1 0 0 1 1 1 1 1 1 1 0 1 0 1 0 1 0 0 0 0 1 0 1 0 1 1 0 0 0 1 0 1 1 1 1 1 1 1 1 1 1 1 1 0 0 0 0 1 1 0 0 0 0 0 1 1 0 1 1 1 0 0 34567.0 31548.0 3 0.08295097041350424
1 0 1 0 0 0 1 1 1 0 1 0 1 1 0 1 0 1 0 1 1 0 1 0 1 0 0 1 0 1 0 1 1 1 1 1 0 0 1 0 0 1 1 1 1 1 1 1 0 1 1 1 1 1 0 1 0 1 1 0 1 0 1 1 0 0 0 1 0 1 1 1 1 1 1 1 1 1 1 1 1 0 0 0 0 1 1 0 0 0 0 0 1 1 1 1 0 0 1 1 34574.0 31464.0 3 0.3845886988669789
1 0 1 1 1 1 0 1 1 0 1 0 1 1 0 1 0 1 1 0 1 0 1 0 0 1 1 0 1 1 0 1 0 1 0 1 1 0 1 0 0 1 1 0 1 1 1 1 0 1 0 1 1 1 0 0 0 0 1 0 1 0 1 1 0 0 1 1 0 1 1 1 1 1 1 1 1 1 1 1 1 0 0 0 0 1 1 0 0 0 0 0 1 1 1 1 0 1 0 0 34935.0 30922.0 3 0.36312241329224104
1 0 1 1 1 1 0 1 1 0 1 0 1 1 0 1 0 1 1 1 1 0 1 0 0 1 1 0 0 1 1 1 0 1 0 1 0 0 1 0 0 1 1 1 1 1 1 1 0 1 0 1 0 1 0 0 0 0 1 0 1 0 1 1 0 0 0 1 0 1 1 1 1 1 1 1 1 1 1 1 1 0 0 0 0 1 0 0 0 0 0 0 1 1 0 1 1 0 1 1 34957.0 30890.0 3 0.12045908676350142
1 0 1 0 1 0 0 1 1 0 1 0 1 1 0 1 0 1 1 1 1 0 1 0 0 1 1 0 1 1 1 1 0 1 0 1 0 0 1 0 0 1 1 1 1 1 1 1 0 1 0 1 1 1 0 0 0 0 1 0 1 0 1 1 0 0 0 1 0 1 1 1 1 1 1 1 1 1 1 1 1 0 0 0 0 1 0 0 0 0 0 0 1 1 0 1 1 0 1 1 35140.0 30769.0 3 0.16831689933168686
1 0 1 0 1 0 0 1 1 0 1 0 0 1 0 1 0 1 1 1 1 0 1 0 0 1 1 0 1 1 1 1 0 1 0 1 0 0 1 0 0 1 1 1 1 1 1 1 0 1 0 1 0 1 0 0 0 0 1 0 1 1 1 1 0 0 0 1 0 1 1 1 1 1 1 1 1 1 1 1 1 0 0 0 0 1 1 0 0 0 0 0 1 1 0 1 1 1 1 0 35243.0 30676.0 3 0.12277816985068099
1 0 1 1 1 1 0 1 1 0 1 0 1 1 0 1 0 1 1 0 1 0 1 0 0 1 1 0 1 1 1 1 0 1 0 1 0 0 1 0 0 1 1 1 1 1 1 1 0 1 0 1 0 1 0 0 0 0 1 0 1 0 1 1 0 0 0 1 0 1 1 1 1 1 1 1 1 1 1 1 1 0 0 0 0 1 1 0 0 0 0 0 1 1 1 1 0 0 1 1 35353.0 30615.0 3 0.09050209625538971
1 0 1 0 0 0 0 1 1 0 1 0 1 1 1 1 0 1 1 1 1 0 1 0 0 1 1 0 1 1 1 1 0 1 0 1 0 0 1 0 0 1 1 1 1 1 1 1 0 1 0 1 0 1 0 0 0 0 1 0 1 0 1 1 0 0 0 1 0 1 1 1 1 1 1 1 1 1 1 1 1 0 0 0 0 1 0 0 0 0 0 0 1 1 1 1 1 0 1 1 35474.0 30598.0 3 0.060334730836926476
1 0 1 0 1 0 0 1 1 0 1 0 1 1 0 1 0 1 1 1 1 0 1 0 0 1 1 0 1 1 1 1 0 1 0 1 0 0 1 0 0 1 1 1 1 1 1 1 0 1 0 1 1 1 0 0 0 0 1 0 1 0 1 1 0 0 0 1 0 1 1 1 1 1 1 1 1 1 1 1 1 0 0 0 0 1 1 0 0 0 0 0 1 1 1 1 0 0 1 1 35507.0 30563.0 3 2000000000000000.0
1 0 1 0 1 0 1 1 1 0 1 0 1 1 0 1 0 1 0 1 1 0 1 0 1 0 0 1 0 1 0 1 1 1 1 1 0 0 1 0 0 1 1 1 1 1 1 1 0 1 1 1 1 1 0 1 0 1 1 0 1 0 1 1 0 0 0 0 0 1 1 1 1 1 0 1 1 1 1 1 1 0 0 0 0 1 0 0 0 0 0 0 1 1 0 1 1 1 0 0 31803.0 32634.0 4 2000000000000000.0
1 0 1 0 1 0 1 1 1 0 1 0 1 1 0 1 0 1 1 0 1 0 1 0 1 0 0 1 0 1 0 1 0 1 1 1 0 0 1 0 0 1 1 1 1 1 1 1 1 1 1 1 0 1 0 0 0 0 1 1 0 0 1 0 1 0 0 0 0 1 1 1 1 1 1 1 1 1 1 1 1 0 0 0 0 1 0 0 0 0 0 0 1 1 0 1 1 1 0 0 31934.0 32621.0 4 0.23302440862580698
1 0 1 0 1 1 0 1 1 0 1 0 1 1 0 1 0 1 1 1 1 0 1 0 1 0 0 1 0 1 0 1 1 1 1 1 0 0 1 0 0 1 1 1 1 1 1 1 0 1 1 1 1 1 0 1 0 1 1 0 1 0 1 1 0 0 0 0 0 1 1 1 1 1 1 1 1 1 1 1 1 0 0 0 0 1 0 0 0 0 0 0 1 1 0 1 1 1 0 0 32350.0 32453.0 4 0.2868698534755032
1 0 1 0 1 1 0 1 1 0 1 0 1 1 0 1 0 1 1 1 1 0 1 0 1 0 0 1 1 1 0 1 1 1 0 1 0 0 1 0 0 1 1 1 1 1 1 1 0 1 0 1 1 1 0 0 0 0 1 0 1 0 1 1 0 0 0 1 0 1 1 1 1 1 1 1 1 1 1 1 1 0 0 0 0 1 1 0 0 0 0 0 0 1 1 1 1 1 0 0 32670.0 32436.0 4 0.14457425510396205
1 0 1 0 1 0 0 1 1 0 1 0 1 1 0 1 0 1 1 1 1 0 1 0 1 0 0 1 1 1 0 1 1 1 0 1 0 0 1 0 0 1 1 1 1 1 1 1 1 0 0 1 0 1 0 0 0 0 1 0 1 1 1 1 0 0 0 0 0 1 1 1 1 1 1 1 1 1 1 1 1 0 1 1 0 1 0 0 0 0 0 0 1 1 0 1 1 1 0 0 32766.0 32387.0 4 0.2532605758276208
1 0 1 0 1 1 0 1 1 0 1 0 1 1 0 1 0 1 1 1 1 0 1 0 1 0 0 1 1 1 0 1 1 1 0 1 0 0 1 0 0 1 1 1 1 1 1 1 0 1 0 1 1 1 0 0 0 0 1 0 1 0 1 1 0 0 0 1 0 1 1 1 1 1 1 1 1 1 1 1 1 0 0 0 0 1 1 0 0 0 0 0 1 1 0 1 1 1 0 0 33317.0 32271.0 4 0.35016737862932024
1 0 1 1 1 1 0 1 1 0 1 0 1 1 0 1 0 1 1 0 1 0 1 0 1 0 0 1 0 1 0 1 0 1 1 1 0 0 1 0 0 1 1 1 1 1 1 1 1 0 0 1 0 1 0 1 0 0 1 0 1 0 1 1 0 0 0 1 0 1 1 1 1 1 1 1 1 1 1 1 1 0 0 0 0 1 1 0 0 0 0 0 1 1 0 1 1 1 0 0 33535.0 32083.0 4 0.289087565451334
1 0 1 0 1 1 0 1 1 0 1 0 1 1 0 1 0 1 1 1 1 0 1 0 1 0 0 1 1 1 1 1 0 1 0 1 0 0 1 0 0 1 1 1 1 1 1 1 0 1 0 1 1 1 0 0 0 0 1 0 1 0 1 1 0 0 0 1 0 1 1 1 1 1 1 1 1 1 1 1 1 0 0 0 0 1 1 0 0 0 0 0 1 1 1 1 0 1 0 0 33639.0 31831.0 4 0.16954392380149141
1 0 1 0 1 1 0 1 1 0 1 0 1 1 0 1 0 1 1 1 1 0 1 0 1 0 0 1 0 1 1 1 0 1 1 1 0 0 1 0 0 1 1 1 1 1 1 1 1 0 0 1 0 1 0 0 0 0 1 0 1 0 1 1 0 0 0 1 0 1 1 1 1 1 1 1 1 1 1 1 1 0 0 0 0 1 1 0 0 0 0 0 1 1 0 1 1 1 0 0 33714.0 31819.0 4 0.0367129458074447
0 0 1 0 1 1 1 1 1 0 1 0 1 1 0 1 0 1 1 0 1 0 1 0 1 0 0 1 0 1 1 1 0 1 1 1 0 0 1 0 0 1 1 1 1 1 1 1 1 0 0 1 0 1 0 1 0 0 1 0 1 1 1 1 0 0 0 1 0 1 1 1 1 1 1 1 1 1 1 1 1 0 0 0 0 1 0 0 0 0 0 0 1 1 0 1 1 1 0 0 33731.0 31806.0 4 0.03789898594696529
1 0 1 0 1 0 0 1 1 0 1 0 1 1 0 1 0 1 1 1 1 0 1 0 0 1 1 1 0 1 1 1 0 1 0 1 0 0 1 0 0 1 1 1 1 1 1 1 0 1 0 1 0 1 0 0 0 0 1 0 1 0 1 1 1 0 0 1 0 1 1 1 1 1 1 1 1 1 1 0 1 0 0 0 0 1 1 0 0 0 0 0 1 1 0 1 1 1 0 0 33759.0 31763.0 4 0.11365005796648503
1 0 1 0 1 0 0 1 1 0 1 0 1 1 0 1 0 1 1 1 1 0 1 0 0 1 1 0 1 1 1 1 0 1 0 1 0 0 1 0 0 1 1 1 1 1 1 1 0 1 0 1 1 1 0 0 0 0 1 0 1 0 1 1 0 0 0 1 0 1 1 1 1 1 1 1 1 1 1 1 1 0 0 0 0 1 1 0 0 0 0 0 0 1 1 1 1 1 0 0 33937.0 31681.0 4 0.1129386596040935
0 0 1 0 1 0 1 1 1 0 1 0 1 1 0 1 0 1 0 1 1 0 1 0 1 0 0 1 0 1 0 1 1 1 1 1 0 0 1 0 0 1 1 1 1 1 1 1 0 1 0 1 0 1 0 0 0 0 1 0 1 0 1 1 0 0 0 1 0 1 1 1 1 1 1 1 1 1 1 1 1 0 0 0 0 1 1 0 0 0 0 0 1 1 0 1 1 0 1 1 34022.0 31674.0 4 0.072410647274695
1 0 1 1 0 1 0 1 1 0 1 0 1 1 0 1 0 1 0 0 1 0 1 0 1 0 1 1 0 1 0 1 0 1 1 1 0 0 1 0 0 1 1 1 1 1 1 1 1 1 1 1 1 1 0 0 0 0 1 0 1 0 1 1 0 0 0 1 0 1 1 1 1 1 1 1 1 1 1 1 1 0 0 0 0 1 1 0 0 0 0 0 1 1 1 1 0 1 0 0 34162.0 31658.0 4 0.058477120949632894
1 0 1 0 1 1 0 1 1 0 1 0 1 1 0 1 0 1 1 1 0 0 1 0 0 1 1 0 1 1 1 1 0 1 0 1 1 0 1 0 0 1 1 1 1 1 1 1 0 1 0 1 0 1 0 0 0 0 1 0 1 0 1 1 0 0 0 1 0 1 1 1 1 1 1 1 1 1 1 1 1 0 0 0 0 1 0 0 0 0 0 0 1 1 0 1 1 1 0 0 34203.0 31655.0 4 0.12149939149293516
1 0 1 0 1 0 0 1 1 0 1 0 1 1 0 1 0 1 1 1 1 1 1 0 0 1 1 0 1 1 0 1 0 1 0 1 0 0 1 0 0 1 1 1 1 1 1 1 0 1 0 1 0 1 0 0 0 0 1 0 1 0 1 1 0 0 0 1 0 1 1 1 1 1 1 1 1 1 1 1 1 0 0 0 0 1 1 0 0 0 0 0 1 1 0 1 1 1 0 0 34375.0 31520.0 4 0.12233430957804066
0 0 1 0 1 1 1 1 1 0 1 0 1 1 0 1 0 1 1 1 1 0 1 0 0 1 1 1 0 1 1 1 0 1 0 1 0 0 1 0 0 1 0 1 1 1 1 1 1 0 0 1 0 1 0 1 0 0 1 0 1 0 1 1 0 0 0 1 0 1 1 1 1 1 1 1 1 1 1 1 1 0 0 0 0 1 0 0 0 0 0 0 1 1 0 1 1 1 0 0 34376.0 31491.0 4 0.09629948704829505
1 0 1 0 1 0 0 1 1 0 1 0 1 1 0 1 0 1 1 1 1 0 1 0 0 1 1 0 1 1 1 1 0 1 0 1 0 0 1 0 0 1 1 1 1 1 1 1 0 1 0 1 0 1 0 0 0 0 1 0 1 0 1 1 0 0 0 1 0 1 1 1 1 1 1 1 1 1 1 1 1 0 0 0 0 1 1 0 0 0 0 0 1 1 0 1 1 1 0 0 34513.0 31392.0 4 0.2786080769358465
1 0 1 0 1 0 0 1 1 0 1 0 1 1 0 1 0 1 1 1 0 0 1 0 0 1 1 0 1 1 1 1 0 1 0 1 0 0 1 0 0 1 1 1 1 1 1 1 0 1 0 1 0 1 0 0 0 0 1 0 1 0 1 1 0 1 0 1 0 1 1 1 1 1 1 1 1 1 1 1 1 0 0 0 0 1 0 0 0 0 0 0 1 1 0 1 1 1 1 0 34554.0 30987.0 4 0.30080914823431426
1 0 1 0 1 1 0 1 1 0 1 0 1 1 0 1 0 1 1 1 1 0 0 1 1 1 0 0 1 1 0 1 0 1 0 1 1 0 1 0 0 1 1 0 1 1 1 1 0 1 0 1 0 1 0 0 0 0 1 0 1 0 1 1 0 0 0 1 0 1 1 1 1 1 1 1 1 1 1 1 1 0 0 0 0 1 1 0 0 0 0 0 1 1 1 1 1 1 0 0 34818.0 30916.0 4 0.26993561299326185
1 0 1 0 0 0 0 1 1 0 1 0 1 1 0 1 0 1 1 1 1 0 1 0 0 1 1 0 1 1 1 1 0 1 0 1 1 0 1 0 0 1 1 0 1 1 1 1 0 1 0 1 0 1 0 0 0 0 1 0 1 0 1 1 0 0 0 1 0 1 1 1 1 1 1 1 1 1 1 1 1 0 0 0 0 1 1 0 0 0 0 0 1 1 1 1 1 1 0 0 35058.0 30699.0 4 0.38741942219102476
1 0 1 0 1 0 0 1 1 0 1 0 1 1 0 1 0 1 1 1 1 0 1 0 0 1 1 0 1 1 1 1 0 1 0 1 0 0 1 0 0 1 1 1 1 1 1 1 0 1 0 1 0 1 0 0 0 0 1 0 1 0 1 1 0 0 0 1 0 1 1 1 1 1 1 1 1 1 1 1 1 0 0 0 0 1 1 0 0 0 0 0 1 1 1 1 0 0 1 1 35436.0 30439.0 4 2000000000000000.0
1 0 1 1 1 1 1 0 1 0 1 0 1 1 0 1 0 1 1 0 0 0 1 0 1 0 0 1 0 1 0 1 0 1 1 1 0 0 1 0 0 1 1 1 1 1 1 0 1 1 1 1 0 1 0 1 0 0 1 1 0 0 1 0 1 0 0 0 0 1 1 1 1 1 1 1 1 1 1 1 1 0 0 0 0 1 1 0 0 0 0 0 0 1 1 1 1 1 0 0 30572.0 32633.0 5 2000000000000000.0
1 0 1 0 1 0 0 1 1 0 1 0 1 1 0 1 0 1 0 1 1 0 0 1 1 1 0 0 1 1 0 1 0 1 0 1 1 0 1 0 0 1 1 1 1 1 1 1 0 1 0 1 1 1 0 0 0 0 1 0 1 0 1 1 0 0 0 1 0 1 1 1 1 1 1 1 1 1 1 1 1 0 0 0 0 1 1 0 0 0 0 0 1 1 1 1 0 0 1 1 35363.0 30307.0 5 2000000000000000.0
1 0 1 1 1 1 0 1 1 0 1 0 1 1 0 1 0 1 0 0 1 0 1 0 1 0 1 1 0 1 0 1 0 1 1 1 0 0 1 0 0 1 1 1 1 1 1 1 1 1 1 1 0 1 0 0 0 0 1 1 0 0 1 0 1 0 0 0 0 1 1 1 1 1 1 1 1 1 1 0 1 0 0 0 0 1 0 0 0 0 0 0 1 1 0 1 1 1 0 0 31806.0 32611.0 5 0.47834037128585943
1 0 1 0 1 0 0 1 1 0 1 0 1 1 0 1 0 1 1 1 1 0 1 0 0 1 1 0 1 1 1 1 0 1 0 1 0 0 1 0 0 1 1 1 1 1 1 1 0 1 0 1 1 1 0 0 0 0 1 0 1 0 1 1 0 0 0 0 0 1 1 1 1 1 1 1 1 1 1 1 1 0 1 1 0 1 0 0 0 0 0 0 1 1 0 1 1 1 0 0 33516.0 32033.0 5 0.4678291178303668
1 0 1 1 1 1 0 1 1 0 1 0 1 1 0 1 0 1 1 0 1 0 1 0 0 1 0 0 1 1 0 1 0 1 0 1 1 0 1 0 0 1 1 0 1 1 1 1 0 1 0 1 0 1 0 0 0 0 1 0 1 0 1 1 0 0 0 1 0 1 1 1 1 1 1 1 1 1 1 1 1 0 0 0 0 1 1 0 0 0 0 0 1 1 1 1 1 1 0 0 33970.0 31540.0 5 0.40723829593785893
1 0 1 0 1 0 0 1 1 0 1 0 1 1 0 1 0 1 1 1 1 0 1 0 0 1 1 0 1 1 1 1 0 1 0 1 0 0 1 0 0 1 1 0 1 1 1 1 0 1 0 1 0 1 0 0 0 0 1 0 1 1 1 1 0 0 0 1 0 1 1 1 1 1 1 1 1 1 1 1 1 0 0 0 0 1 1 0 0 0 0 0 1 1 0 1 1 1 0 0 34889.0 30545.0 5 0.29108515841808336
1 0 1 1 1 1 0 1 1 0 1 0 1 1 0 1 0 1 0 0 1 0 1 0 1 0 1 1 0 1 0 1 0 1 1 1 0 0 1 0 0 1 1 1 1 1 1 0 1 1 1 1 0 1 0 1 0 0 1 1 0 0 1 0 1 0 0 0 0 1 1 1 1 1 1 1 1 1 1 1 1 0 0 0 0 1 0 0 0 0 0 0 1 1 0 1 1 1 0 0 32425.0 32420.0 5 0.26823940632451154
1 0 1 0 1 0 0 1 1 0 1 0 1 1 0 1 0 1 1 1 1 0 1 0 0 1 1 0 1 1 1 1 0 1 0 1 0 0 1 0 0 1 1 0 1 1 1 1 0 1 0 1 0 1 0 0 0 0 1 0 1 0 1 1 0 0 0 1 0 1 1 1 1 1 1 1 1 1 1 1 1 0 0 0 0 1 1 0 0 0 0 0 1 1 1 1 1 1 0 0 34643.0 30901.0 5 0.23069552343862573
0 0 1 0 1 1 1 1 1 0 1 0 1 1 0 1 0 1 1 1 1 0 1 0 1 0 0 1 0 1 0 1 0 1 1 1 0 0 1 0 0 1 1 1 1 1 1 1 1 0 0 1 0 1 0 1 0 0 1 0 1 0 1 1 0 0 0 1 0 1 1 1 1 1 1 1 1 1 1 1 1 0 0 1 0 1 0 0 0 0 0 0 1 1 0 1 0 1 0 0 33189.0 32249.0 5 0.2283663497030494
1 0 1 1 1 1 0 1 1 0 1 0 1 1 0 1 0 1 1 1 1 0 1 0 0 1 1 0 1 1 1 1 0 1 0 1 0 0 1 0 0 1 1 1 1 1 1 1 0 1 0 1 1 1 0 0 0 0 1 0 1 0 1 1 0 0 0 1 0 1 1 1 1 0 1 1 1 1 1 1 1 0 0 0 0 1 1 0 0 0 0 0 1 1 1 1 0 0 1 0 34747.0 30685.0 5 0.2043987248231373
1 0 1 0 1 0 0 1 1 0 1 0 1 1 0 1 0 1 1 1 1 0 1 0 0 1 1 0 1 1 1 1 0 1 0 1 0 0 1 0 0 1 1 1 1 1 1 1 0 1 0 1 1 1 0 0 0 0 1 0 1 0 1 1 0 1 0 1 0 1 1 1 1 1 1 1 1 1 1 1 1 0 0 0 0 1 0 0 0 0 0 0 1 1 0 1 1 1 0 0 34392.0 31376.0 5 0.1776004844279289
