1 0 1 1 0 1 1 1 0 0 1 1 0 1 0 0 0 0 0 1 5257.0 2886.0 5872.0 2674.0 5678.0 0 2000000000000000.2
1 1 0 0 1 0 0 1 1 1 1 1 0 1 0 0 0 1 0 1 5581.0 3562.0 6425.0 3791.0 5648.0 0 0.7253240563531759
1 1 0 0 0 1 0 1 1 0 1 1 0 0 0 0 0 1 1 1 5824.0 3704.0 6141.0 3053.0 5627.0 0 0.5256904416790273
0 0 1 0 0 1 1 0 1 0 1 1 0 1 0 0 0 0 1 1 4793.0 3716.0 4696.0 3145.0 5447.0 0 0.9890314665520941
1 0 0 1 0 1 1 0 1 1 1 0 1 1 0 0 0 1 0 1 6421.0 4853.0 6976.0 3608.0 5396.0 0 1000000000000000.5
0 0 0 1 1 0 1 1 0 0 0 1 1 1 0 1 0 0 1 1 5577.0 2714.0 5670.0 4300.0 5323.0 0 1000000000000000.4
0 0 0 0 1 1 0 1 1 0 1 1 0 1 0 1 1 0 1 0 5203.0 3714.0 5463.0 4201.0 5319.0 0 0.2813397230078573
1 0 0 0 0 0 1 1 1 1 1 0 1 0 0 1 0 1 0 1 5330.0 3852.0 7352.0 3580.0 5180.0 0 1000000000000000.5
0 0 1 1 1 0 0 0 1 1 0 0 0 1 1 1 1 0 1 1 5386.0 4402.0 4792.0 3985.0 4977.0 0 0.5524860048923363
1 0 1 0 1 0 0 0 1 0 1 0 1 0 0 1 0 1 1 1 5164.0 4159.0 6198.0 3697.0 4933.0 0 0.5004830103449647
1 0 1 1 0 0 0 0 1 1 0 0 0 1 1 1 1 0 1 1 5262.0 4450.0 4764.0 4040.0 4817.0 0 0.37559162878551067
0 1 0 1 1 1 0 1 0 0 1 1 1 1 1 0 0 0 0 0 5979.0 2763.0 5327.0 3718.0 4682.0 0 0.515354602416449
1 0 0 1 1 0 0 1 1 1 1 0 1 0 1 1 0 0 0 1 6407.0 3826.0 7279.0 4080.0 4648.0 0 0.5502471577024249
1 0 0 1 1 1 1 0 1 1 0 1 1 0 0 0 1 0 0 0 5036.0 5232.0 5222.0 4163.0 4367.0 0 1000000000000000.6
1 0 0 1 0 1 0 0 1 1 1 0 1 0 0 1 1 1 0 0 5775.0 4829.0 6061.0 3870.0 3936.0 0 0.9824404904937112
0 1 0 0 0 0 0 0 1 1 1 1 1 1 0 1 0 0 0 0 4161.0 2973.0 4181.0 4494.0 2927.0 0 4000000000000000.0
0 0 0 0 0 0 1 1 0 0 1 0 0 1 0 0 1 1 1 1 4289.0 2477.0 4324.0 2293.0 5519.0 1 1000000000000000.4
0 1 0 1 1 1 1 0 0 0 1 0 0 0 1 0 1 0 0 1 4891.0 3234.0 5088.0 2010.0 5366.0 1 0.29183138846786305
0 0 0 0 1 0 1 0 0 0 1 1 0 0 0 1 0 1 1 1 4733.0 2018.0 4913.0 3138.0 5351.0 1 0.31648543330482
1 0 0 1 0 1 1 0 0 0 1 1 0 0 1 0 0 0 1 1 5839.0 2799.0 4839.0 2992.0 5339.0 1 0.3573423026272006
1 0 1 0 1 0 1 0 0 0 0 0 1 1 1 0 1 0 0 1 3502.0 3667.0 4358.0 3177.0 5311.0 1 0.18592231467061937
0 0 1 0 0 1 0 1 1 0 1 1 0 0 0 0 0 1 1 1 5582.0 3499.0 5312.0 2614.0 5281.0 1 0.21160254910519444
1 0 0 0 0 0 1 1 1 1 0 1 0 0 1 0 1 0 0 1 4465.0 3611.0 4815.0 3339.0 5244.0 1 0.23007862964286774
1 1 0 1 0 1 0 1 1 0 0 0 0 0 1 1 0 1 0 1 5683.0 3255.0 6870.0 2191.0 5155.0 1 0.4326108411096902
0 0 0 1 1 0 1 1 0 0 1 1 1 0 1 0 0 0 0 1 5925.0 2245.0 5469.0 3274.0 5138.0 1 0.37842311612447305
0 1 0 0 0 1 1 0 1 0 0 0 0 0 0 0 1 1 1 1 3945.0 4195.0 4436.0 1946.0 5127.0 1 1000000000000000.2
1 0 1 0 1 1 0 1 0 0 1 1 1 1 1 0 0 0 0 0 5051.0 3227.0 5417.0 3848.0 5104.0 1 0.1556862534118398
0 0 0 0 0 1 1 0 1 0 1 0 0 1 0 0 1 0 1 1 4217.0 3909.0 4410.0 2620.0 5099.0 1 0.29884775366868715
0 0 0 0 0 1 1 0 1 0 1 1 0 1 0 1 0 0 0 1 4570.0 2746.0 5497.0 3188.0 5066.0 1 0.3747052577417066
0 0 1 0 0 1 1 0 0 1 0 0 1 1 1 0 1 0 0 1 4103.0 4343.0 4325.0 3281.0 5036.0 1 0.10311442880945063
0 1 0 0 1 1 1 0 0 0 1 0 1 0 0 1 0 0 1 1 4541.0 3537.0 6025.0 3293.0 5032.0 1 0.17633149714902407
0 0 0 1 0 1 1 0 1 1 1 0 1 1 0 0 0 1 0 1 6266.0 4444.0 6337.0 3288.0 5004.0 1 1000000000000000.1
1 0 0 1 0 1 1 0 0 0 1 1 1 1 0 0 0 0 0 1 5498.0 3107.0 5392.0 3584.0 4896.0 1 0.23661427924570877
1 0 0 1 0 1 1 0 0 0 0 1 1 1 0 0 0 0 1 1 5238.0 3487.0 4662.0 3791.0 4812.0 1 0.19484233968239317
1 0 0 0 1 0 0 1 1 1 0 1 0 0 1 0 1 0 0 1 4570.0 3609.0 4745.0 3504.0 4796.0 1 0.12991305964325994
1 1 0 1 1 1 0 1 1 0 0 0 1 0 0 0 0 1 0 1 5528.0 4269.0 6877.0 2464.0 4740.0 1 0.2819632008289372
0 0 1 0 0 1 0 1 1 0 1 1 0 1 0 0 1 0 1 0 4552.0 3821.0 3978.0 3332.0 4701.0 1 0.17736427635634788
0 1 1 0 1 1 0 0 0 0 0 1 1 1 0 1 0 0 0 1 4074.0 3247.0 5086.0 3787.0 4591.0 1 0.21318604132066515
1 0 1 0 0 1 1 0 1 1 0 1 0 0 1 0 0 0 1 0 4147.0 4276.0 4024.0 3313.0 4509.0 1 0.2224335726421409
1 0 0 1 0 1 0 0 1 1 1 0 1 1 0 0 0 1 0 1 6247.0 4490.0 6239.0 3508.0 4396.0 1 0.3282562239750111
1 0 0 0 1 1 0 0 0 0 0 1 1 1 0 1 0 0 0 1 4130.0 2864.0 5201.0 3948.0 4321.0 1 0.35062100348428216
0 0 0 0 1 1 0 0 0 1 1 1 1 0 1 0 0 1 0 0 5306.0 3061.0 4421.0 3622.0 4043.0 1 0.38816238379353873
1 1 0 0 0 1 1 0 1 1 0 0 1 0 1 0 0 0 1 0 4113.0 4751.0 4688.0 3422.0 3986.0 1 0.16275960953325141
1 0 0 1 1 1 0 0 1 1 1 0 1 1 0 0 0 1 0 0 5715.0 4524.0 5957.0 3569.0 3981.0 1 0.1991593768855357
1 0 0 1 1 0 0 1 1 1 1 0 1 0 0 1 0 0 0 1 5631.0 3758.0 6980.0 3754.0 3946.0 1 1000000000000000.2
0 1 0 0 0 1 0 0 1 1 1 0 1 1 0 1 0 0 0 1 4767.0 4015.0 5922.0 3818.0 3914.0 1 0.34472888122859424
0 0 0 1 1 0 0 0 0 0 1 1 1 1 0 1 0 0 0 1 5190.0 1939.0 4726.0 3965.0 3824.0 1 1000000000000000.0
1 0 0 0 0 1 1 0 1 1 0 1 1 0 0 0 1 0 0 0 3761.0 4722.0 4196.0 3827.0 3799.0 1 0.16989008900230831
0 0 1 0 0 0 0 0 0 1 0 1 1 0 0 1 0 1 1 1 4550.0 3080.0 3884.0 3998.0 3794.0 1 0.1283460224641384
0 0 1 0 0 1 1 0 1 1 0 1 1 0 0 0 1 0 0 0 3612.0 4811.0 3724.0 3527.0 3761.0 1 1000000000000000.1
1 1 0 0 0 0 1 0 0 1 1 1 1 0 0 0 1 0 0 0 3508.0 3433.0 3616.0 3903.0 3673.0 1 0.24212743508876106
0 0 1 1 0 1 1 0 1 1 0 0 1 0 1 0 0 0 1 0 4867.0 4695.0 4218.0 3054.0 3656.0 1 0.3003823052210045
1 1 0 0 0 0 1 0 0 1 1 1 1 0 0 0 0 0 1 0 3832.0 3172.0 3602.0 4001.0 3482.0 1 1000000000000000.2
1 1 1 0 1 0 0 0 1 1 0 1 1 0 0 0 1 0 0 0 3329.0 4725.0 3708.0 4063.0 3361.0 1 2000000000000000.0
0 1 0 1 0 0 0 0 1 1 1 0 1 0 0 1 1 1 0 0 5077.0 3927.0 4837.0 3601.0 3200.0 1 1000000000000000.1
0 0 0 1 1 0 1 1 0 0 1 0 0 1 0 0 1 0 1 1 4764.0 2746.0 4689.0 2567.0 5285.0 2 1000000000000000.2
1 0 0 0 1 1 1 0 0 0 0 1 0 1 1 0 0 1 0 0 3971.0 2428.0 4340.0 2650.0 5283.0 2 0.24332309287768128
0 0 1 0 0 1 1 1 0 0 1 1 0 1 0 0 0 0 0 1 4106.0 2328.0 4874.0 2283.0 5270.0 2 0.4281376283963562
0 1 0 0 1 1 1 0 0 0 1 0 0 0 1 0 0 0 1 1 4219.0 2824.0 4715.0 2037.0 5159.0 2 0.2722930397444926
0 0 0 0 1 1 1 1 0 0 0 0 0 0 1 1 0 1 1 0 4111.0 2384.0 5245.0 2054.0 5158.0 2 0.18799574215171877
0 1 0 1 0 0 1 0 0 0 1 1 0 0 0 1 0 1 1 1 5543.0 2100.0 4962.0 3083.0 5123.0 2 0.34819021602739647
0 1 0 1 1 1 1 1 0 0 1 0 0 0 0 0 1 1 0 0 4577.0 3112.0 5438.0 1570.0 5082.0 2 1000000000000000.1
0 0 0 0 0 1 1 1 0 0 1 1 1 1 0 0 0 0 0 1 4820.0 2581.0 5331.0 3221.0 5071.0 2 0.14445768205810985
1 0 1 1 0 0 1 0 0 0 0 1 0 1 0 0 1 0 1 1 4159.0 3210.0 3294.0 3228.0 4997.0 2 0.19641723388986715
0 1 0 1 1 1 0 1 0 1 0 1 0 0 0 0 0 1 1 1 5923.0 3424.0 5370.0 2987.0 4976.0 2 0.23051046590055657
0 1 1 0 0 1 0 1 1 0 1 0 0 0 0 0 0 1 1 1 4834.0 3721.0 5519.0 1785.0 4957.0 2 0.1619665425893279
0 1 1 0 0 1 1 1 0 1 0 1 0 0 0 1 0 0 0 1 3811.0 3062.0 5555.0 2772.0 4933.0 2 0.2855920598547158
0 0 0 0 0 1 1 0 1 0 0 0 0 0 0 0 1 1 1 1 3852.0 3901.0 4079.0 1807.0 4819.0 2 0.35818089844452566
1 0 0 0 0 1 1 0 1 0 1 0 1 0 0 0 0 1 0 1 4716.0 3918.0 6041.0 2415.0 4812.0 2 0.20923616385648103
0 0 1 0 0 1 0 1 1 0 1 1 1 0 1 0 0 1 0 0 5672.0 3489.0 5269.0 3133.0 4724.0 2 0.20352906000974524
1 0 0 0 1 0 0 1 0 1 1 0 1 0 0 0 1 1 0 1 4763.0 3665.0 5586.0 3255.0 4637.0 2 0.11267742439201862
0 0 0 1 1 0 1 0 1 1 0 1 0 0 1 1 0 0 0 1 5219.0 2947.0 5219.0 3488.0 4619.0 2 0.15198384519559535
0 0 1 0 0 0 1 1 1 1 0 0 1 1 0 0 1 0 0 1 3729.0 4438.0 4763.0 3224.0 4578.0 2 0.14877871536277676
1 1 0 0 1 1 1 0 0 0 1 0 1 0 0 0 0 0 0 1 3723.0 3414.0 5662.0 2428.0 4557.0 2 0.1818505056555671
1 1 0 1 0 1 1 1 1 0 0 0 0 0 0 1 0 1 0 0 4270.0 3223.0 6359.0 1761.0 4486.0 2 1000000000000000.4
0 1 0 1 1 1 0 1 0 0 1 1 1 0 0 0 0 0 0 1 5704.0 2895.0 5732.0 3075.0 4396.0 2 0.2137820378251456
0 0 1 0 0 0 1 0 1 0 0 1 1 1 0 1 0 0 0 1 3805.0 3086.0 4599.0 3724.0 4392.0 2 0.15081054526955504
0 0 0 1 1 0 1 0 1 1 0 1 0 0 0 1 1 1 0 0 4703.0 3556.0 4663.0 3483.0 4390.0 2 0.12124878318492842
0 0 0 1 0 0 1 0 1 1 1 0 1 1 0 0 0 1 0 1 5630.0 3657.0 5395.0 3200.0 4352.0 2 0.20290008413681493
1 1 0 0 0 0 1 0 0 0 0 1 1 1 1 0 0 0 1 0 3664.0 2586.0 3068.0 3893.0 4187.0 2 2000000000000000.0
1 1 1 0 1 0 0 1 1 1 1 0 1 0 0 0 0 0 0 1 4356.0 4371.0 6160.0 3218.0 4172.0 2 0.18775396822337903
1 0 0 0 0 1 1 0 1 1 0 1 0 0 1 0 0 0 1 0 4141.0 3778.0 3857.0 3293.0 4155.0 2 0.17806336604230183
1 0 0 1 0 1 0 0 1 0 1 0 1 0 1 1 0 0 0 1 5892.0 3561.0 6286.0 3274.0 4148.0 2 0.21550047011917303
1 1 0 1 0 1 0 0 1 1 1 0 0 0 0 1 1 1 0 0 5148.0 4372.0 5794.0 3051.0 4089.0 2 0.2675845392212631
0 0 0 1 0 1 0 0 1 1 1 0 1 1 0 0 0 1 0 1 6092.0 4081.0 5600.0 3188.0 4004.0 2 1000000000000000.2
0 0 0 0 1 0 0 0 1 1 0 1 0 1 0 1 1 1 0 0 3843.0 3171.0 3812.0 3833.0 3925.0 2 0.23085466824989306
0 0 0 1 0 0 1 0 1 1 1 0 1 0 0 1 1 1 0 0 5158.0 3996.0 5217.0 3562.0 3892.0 2 0.25069037048410603
0 0 1 1 0 1 0 0 0 1 1 1 1 0 1 0 0 1 0 0 6029.0 3347.0 4280.0 3448.0 3861.0 2 0.2796622329367871
1 1 0 0 0 0 1 0 0 1 0 1 0 1 0 1 0 0 1 0 2945.0 2456.0 3461.0 3834.0 3767.0 2 1000000000000000.1
0 1 0 1 0 1 1 0 1 1 0 0 1 0 1 0 0 0 1 0 4954.0 4491.0 4408.0 3173.0 3610.0 2 1000000000000000.4
1 0 0 1 1 1 0 0 1 1 1 0 1 0 0 0 0 0 0 1 5416.0 4483.0 6000.0 3190.0 3595.0 2 0.12378448356844493
1 0 0 1 0 1 0 0 1 1 1 0 1 1 0 0 0 0 0 1 5447.0 4249.0 5578.0 3446.0 3594.0 2 0.20357628298705469
0 0 0 0 1 0 0 1 1 1 1 0 1 0 0 1 0 0 0 1 4480.0 3200.0 5982.0 3363.0 3538.0 2 0.2816580952643156
1 1 0 0 0 0 0 0 0 0 0 1 1 1 0 1 0 0 0 1 3308.0 2010.0 3949.0 3734.0 3425.0 2 1000000000000000.2
0 0 0 0 0 1 1 0 1 1 0 1 1 0 0 0 1 0 0 0 3606.0 4313.0 3557.0 3507.0 3407.0 2 0.20959175814541822
0 0 0 1 0 0 0 0 1 1 0 1 0 1 0 1 1 1 0 0 4560.0 2959.0 3504.0 3639.0 3389.0 2 0.19996822470260642
1 1 1 1 0 0 0 0 0 0 0 0 1 1 0 1 1 0 1 0 3524.0 3523.0 3424.0 3677.0 3281.0 2 0.379694624320137
0 0 0 0 1 1 0 0 1 1 0 1 1 0 0 0 1 0 0 0 3711.0 4311.0 3487.0 3672.0 2959.0 2 1000000000000000.1
0 1 0 0 0 0 1 0 0 0 1 1 0 0 0 1 0 1 1 1 4547.0 1951.0 4603.0 3012.0 5107.0 3 2000000000000000.0
0 1 1 0 1 1 1 1 0 0 0 0 0 0 1 0 0 1 0 0 3237.0 2644.0 4767.0 1028.0 4953.0 3 1000000000000000.2
