1 0 0 1 1 1 1 0 1 0 0 1 0 1 1 1 0 1 0 1 6721.0 3852.0 7375.0 3878.0 6999.0 0 1000000000000000.2
0 0 0 1 1 1 1 0 1 0 1 1 0 1 0 0 1 1 0 1 6538.0 4230.0 6230.0 3425.0 6654.0 0 0.3986512343090488
0 0 0 0 1 1 1 0 1 1 1 1 0 1 0 1 0 1 0 1 6048.0 4007.0 7156.0 4116.0 6437.0 0 0.20524835913873435
1 1 0 0 1 1 1 0 1 0 1 1 0 1 0 1 0 0 0 1 5097.0 3810.0 7160.0 3912.0 6318.0 0 0.19018985063361366
1 0 0 1 0 1 1 0 0 0 0 1 1 1 1 1 0 1 0 1 6597.0 3324.0 6590.0 4242.0 6289.0 0 0.19744328351929205
1 0 0 0 0 1 1 0 1 1 1 1 0 1 0 1 0 1 0 1 5924.0 4055.0 7128.0 4171.0 6277.0 0 0.11227893354853999
1 0 0 1 0 1 1 1 1 0 1 1 0 0 1 1 0 0 0 1 6660.0 3277.0 7486.0 3412.0 6208.0 0 1000000000000000.5
0 0 0 0 0 1 1 0 0 1 0 1 0 1 1 1 1 0 1 1 5191.0 3698.0 4686.0 4456.0 6026.0 0 0.4973750272071192
0 0 0 0 1 1 1 0 1 0 1 1 1 0 0 1 0 1 0 1 6059.0 3972.0 7204.0 3952.0 6024.0 0 0.1885818621278949
1 0 0 1 0 1 1 0 1 1 0 0 0 0 1 1 1 1 0 1 5961.0 4714.0 6675.0 3188.0 5919.0 0 0.44193128434059914
1 0 0 1 0 1 0 1 1 0 1 1 0 0 0 1 0 1 1 1 7105.0 3589.0 7128.0 3609.0 5755.0 0 0.3733265029383977
1 0 0 0 1 1 1 0 1 0 1 0 1 0 1 1 0 0 0 1 5349.0 4136.0 7331.0 3568.0 5684.0 0 0.21055994739414718
1 1 0 0 0 1 0 1 1 1 1 1 0 0 0 1 0 1 0 1 6006.0 3891.0 7440.0 3717.0 5617.0 0 0.22556652506564218
1 1 0 1 0 1 1 0 1 0 1 1 1 1 0 0 0 0 0 1 6156.0 4319.0 6491.0 4052.0 5517.0 0 0.19685285909484068
1 0 0 1 0 1 1 0 1 0 1 0 1 0 0 0 1 1 0 1 5983.0 4830.0 6431.0 2949.0 5466.0 0 1000000000000000.1
1 0 1 0 0 1 1 0 1 1 0 0 1 1 0 1 1 0 0 1 4425.0 5632.0 6392.0 4228.0 5459.0 0 2000000000000000.0
1 0 0 1 0 1 1 0 1 1 1 0 1 1 0 0 0 1 0 1 6421.0 4853.0 6976.0 3608.0 5396.0 0 0.21297535436166465
1 1 0 1 0 1 1 0 1 1 0 0 1 0 1 0 0 1 0 1 6125.0 4966.0 6640.0 3198.0 5324.0 0 0.23780355479460724
0 0 0 1 1 0 1 1 0 0 0 1 1 1 0 1 0 0 1 1 5577.0 2714.0 5670.0 4300.0 5323.0 0 1000000000000000.1
0 0 0 0 1 1 0 1 1 0 1 1 0 1 0 1 1 0 1 0 5203.0 3714.0 5463.0 4201.0 5319.0 0 0.19958232981978505
1 1 0 1 1 1 0 1 1 0 0 0 1 1 0 0 0 1 0 1 5838.0 4396.0 7122.0 2985.0 5291.0 0 0.35428830451978477
1 0 0 1 1 1 1 0 1 1 0 1 1 1 0 0 0 0 0 1 5886.0 4923.0 6385.0 4425.0 5247.0 0 0.16388089553770416
0 0 0 1 0 1 0 0 1 1 0 1 1 1 1 1 0 1 0 1 7232.0 4129.0 6287.0 4752.0 5227.0 0 1000000000000000.0
1 0 1 0 0 1 1 0 1 1 0 1 1 0 0 0 1 0 0 1 4578.0 5547.0 5312.0 4051.0 5120.0 0 0.37471544018887437
1 0 0 1 0 1 0 0 0 1 0 1 1 1 1 1 0 0 1 1 6617.0 3881.0 5540.0 5242.0 4951.0 0 1000000000000000.1
1 0 0 1 0 1 0 0 0 1 1 0 1 1 0 1 0 1 1 1 6655.0 4104.0 6499.0 4364.0 4950.0 0 0.08096563409099035
0 0 0 1 1 1 1 0 1 1 0 1 1 0 0 0 1 0 0 1 5692.0 5150.0 5532.0 4047.0 4942.0 0 0.1482749723795816
1 0 1 1 1 1 0 0 1 1 1 0 1 1 0 1 0 0 0 1 6110.0 5138.0 7397.0 4355.0 4920.0 0 0.10132788169757438
1 0 0 0 1 1 0 0 0 1 1 1 1 1 0 1 0 0 0 1 5384.0 3645.0 6279.0 4903.0 4869.0 0 0.30234861723531176
0 0 0 1 0 1 0 0 1 1 1 0 1 1 0 1 1 0 1 1 6536.0 5135.0 5972.0 4774.0 4707.0 0 0.36703129713546323
1 0 0 1 1 0 0 1 1 1 1 0 1 0 1 1 0 0 0 1 6407.0 3826.0 7279.0 4080.0 4648.0 0 0.14771767424883755
1 0 0 1 0 1 0 1 1 1 1 0 1 1 0 0 0 0 1 1 6515.0 4783.0 6532.0 4035.0 4624.0 0 0.19196713183570124
1 0 1 0 1 0 0 0 1 1 0 1 1 0 0 0 1 0 1 1 4642.0 5260.0 4317.0 4689.0 4467.0 0 1000000000000000.5
0 0 0 1 0 1 0 0 1 1 1 0 1 1 0 1 0 1 0 1 6470.0 4111.0 6585.0 3812.0 4424.0 0 0.16379381007146393
1 0 0 1 1 1 1 0 1 1 0 1 1 0 0 0 1 0 0 0 5036.0 5232.0 5222.0 4163.0 4367.0 0 0.32093926348480206
1 0 0 1 0 1 0 0 1 1 1 0 1 0 0 1 0 1 0 1 6315.0 4393.0 6979.0 3611.0 4265.0 0 0.32226746739817635
0 1 0 0 0 1 0 0 1 1 1 1 1 1 0 1 0 0 1 0 5392.0 4262.0 5140.0 5143.0 4026.0 0 0.48085599087045827
1 1 0 1 0 1 0 0 1 1 1 0 1 0 0 0 1 0 0 1 5501.0 5179.0 5721.0 3527.0 3989.0 0 1000000000000000.2
1 0 0 0 1 0 0 0 1 1 0 1 1 0 0 1 1 0 0 0 3608.0 3963.0 4169.0 4528.0 3119.0 1 2000000000000000.0
1 0 1 0 1 0 0 0 1 1 0 1 1 0 0 0 1 0 1 0 3831.0 4933.0 3368.0 4485.0 3500.0 1 1000000000000000.4
1 0 0 1 0 1 1 0 0 0 1 1 0 1 1 0 0 1 0 1 6354.0 2665.0 5728.0 3014.0 6245.0 1 1000000000000000.2
1 0 1 0 0 1 1 0 1 1 0 0 0 1 0 0 1 0 1 1 3922.0 5353.0 4800.0 3207.0 5331.0 1 1000000000000000.2
0 0 0 1 1 0 1 1 0 0 0 1 1 1 0 1 0 1 0 1 5782.0 2453.0 6314.0 3801.0 5678.0 1 1000000000000000.0
1 0 0 1 0 1 0 1 1 0 1 1 0 0 0 0 0 1 1 1 6727.0 3559.0 6143.0 2985.0 5335.0 1 1000000000000000.0
1 0 0 0 0 0 1 1 1 1 1 0 1 0 0 1 0 1 0 1 5330.0 3852.0 7352.0 3580.0 5180.0 1 1000000000000000.0
1 1 0 1 1 1 0 1 1 0 0 0 1 0 0 0 0 1 0 1 5528.0 4269.0 6877.0 2464.0 4740.0 1 1000000000000000.0
1 0 0 1 0 1 0 0 0 1 0 1 1 1 1 1 0 0 1 0 5806.0 3554.0 4591.0 5038.0 3984.0 1 1000000000000000.0
1 1 0 0 1 0 0 0 1 1 0 1 1 0 0 0 1 0 0 1 4134.0 4554.0 4490.0 4247.0 3974.0 1 0.3695017004589501
1 1 0 0 0 0 0 0 0 1 0 1 0 1 1 1 1 0 1 1 4629.0 3251.0 4003.0 4727.0 5074.0 1 0.30431497848585753
0 0 1 0 0 1 1 0 1 1 0 1 1 0 0 0 1 0 0 1 4423.0 5138.0 4673.0 3731.0 4728.0 1 0.2770910856527786
1 1 0 0 0 1 0 1 1 0 1 1 0 0 1 1 0 0 0 1 5583.0 3059.0 6747.0 3380.0 5500.0 1 0.22594394401670292
1 0 0 1 1 1 0 0 1 1 1 0 1 0 0 0 0 1 1 0 6000.0 4899.0 5729.0 3609.0 3877.0 1 0.21244914495687411
1 0 0 0 0 1 1 0 1 0 1 0 1 0 0 0 1 1 0 1 4987.0 4681.0 6072.0 2878.0 5450.0 1 0.211136987635204
1 0 0 0 1 0 0 0 1 1 0 1 1 0 0 0 1 0 1 1 4636.0 4762.0 4150.0 4669.0 4113.0 1 0.18357594122954904
1 0 1 0 0 1 1 0 1 0 1 1 0 1 0 0 0 1 0 1 5153.0 3864.0 5979.0 2966.0 6194.0 1 0.1795602210684925
1 0 0 1 0 1 1 0 0 0 1 1 0 1 0 1 0 1 0 1 5956.0 2627.0 6414.0 3312.0 5963.0 1 0.16771959948292478
0 0 0 0 0 1 1 0 1 1 0 1 1 0 0 1 1 1 0 0 4784.0 4584.0 5203.0 4193.0 4629.0 1 0.16695746748524815
0 1 0 0 0 1 1 0 1 1 0 1 1 0 0 0 1 0 0 1 4510.0 4934.0 4863.0 3850.0 4682.0 1 0.1605292002574696
0 0 1 0 1 0 0 0 1 0 1 1 1 1 0 1 0 0 1 1 5360.0 3708.0 5293.0 4804.0 4922.0 1 0.1534129921857734
1 1 0 1 0 1 1 0 1 0 0 0 1 0 1 0 0 1 0 1 5726.0 4307.0 6309.0 2597.0 5307.0 1 0.14889619907387183
1 0 0 1 0 1 1 0 1 0 1 1 1 1 0 0 0 0 0 1 6063.0 4025.0 6134.0 3913.0 5209.0 1 0.14203255600213932
1 0 0 1 1 1 1 0 1 1 0 1 0 0 0 0 1 0 1 0 4911.0 4983.0 4615.0 3766.0 4659.0 1 0.1378068771467828
1 0 1 1 1 0 0 1 1 1 1 0 1 0 0 1 0 0 0 1 5637.0 4256.0 7147.0 3774.0 4300.0 1 0.13730811909086893
1 1 0 1 0 1 1 1 1 0 1 1 0 1 0 0 0 0 0 1 5909.0 3600.0 6804.0 3122.0 5945.0 1 0.13405226753100036
0 0 0 1 1 1 0 0 0 1 0 1 1 0 0 1 0 1 1 1 6455.0 3879.0 5685.0 4402.0 4660.0 1 0.13198883587860347
1 0 0 1 0 1 1 0 0 0 0 1 1 0 1 1 0 1 0 1 6287.0 3197.0 6345.0 3721.0 5738.0 1 0.13040738161229112
1 0 0 0 1 1 0 0 1 1 1 0 1 0 0 1 1 1 0 0 5058.0 5041.0 6369.0 4064.0 4472.0 1 0.12374866663147857
1 1 0 0 0 1 0 0 1 1 1 0 0 1 0 0 1 0 1 1 4690.0 4908.0 5000.0 3580.0 4816.0 1 0.12213207024993263
0 0 0 0 1 1 0 0 0 1 1 1 1 1 0 1 0 0 0 1 5229.0 3236.0 5640.0 4583.0 4477.0 1 0.12080367876658103
1 0 0 1 0 1 0 0 1 1 1 0 1 1 0 1 0 0 0 1 5825.0 4279.0 6563.0 4070.0 4014.0 1 0.11827763712514228
1 0 0 0 1 0 1 0 1 1 0 1 1 1 0 1 0 1 0 0 4621.0 3931.0 5781.0 4748.0 4834.0 1 0.11769409601542802
1 0 0 1 0 1 0 1 1 0 1 1 0 0 0 1 0 1 0 1 6510.0 3087.0 7111.0 3048.0 5308.0 1 0.1164433448733298
0 1 0 0 0 1 0 0 1 1 1 0 1 1 0 1 0 0 1 1 5362.0 4517.0 5939.0 4379.0 4361.0 1 0.11296140652082243
0 0 0 0 0 0 1 1 1 0 1 1 1 1 1 1 0 0 0 0 5092.0 2483.0 5466.0 4208.0 4887.0 1 0.11214012699590113
1 1 0 0 0 1 0 0 1 1 1 0 1 0 0 1 0 0 1 1 5207.0 4799.0 6333.0 4178.0 4202.0 1 0.11132653291194002
0 0 0 1 0 1 1 0 1 0 1 1 0 0 0 0 0 1 1 1 6273.0 3481.0 5304.0 2737.0 5360.0 1 0.11123782992194171
1 0 0 1 0 1 0 0 1 1 1 0 1 0 0 1 1 1 0 0 5775.0 4829.0 6061.0 3870.0 3936.0 1 0.11025171679641271
1 0 0 1 0 1 1 0 1 0 1 0 1 1 0 0 0 1 0 1 6022.0 4194.0 6645.0 3007.0 5379.0 1 0.11019152751782972
1 0 1 1 0 0 0 0 1 1 0 0 0 1 1 1 1 1 0 1 5467.0 4189.0 5408.0 3541.0 5172.0 1 0.1064439728928846
0 0 0 0 0 1 1 0 1 0 1 1 1 1 0 0 0 1 0 1 5712.0 3708.0 5797.0 3584.0 5603.0 1 0.10498690914091083
1 0 0 1 0 1 1 0 1 0 1 1 0 1 0 0 0 1 0 1 6143.0 3515.0 6171.0 3017.0 5856.0 1 0.10394115035796576
1 0 0 0 0 1 1 0 1 1 1 1 0 1 0 1 0 0 0 1 5124.0 3814.0 6467.0 4109.0 5475.0 1 0.10337300523480163
1 0 0 1 1 0 1 1 0 0 0 1 1 1 0 0 0 0 1 1 5354.0 3093.0 5324.0 3996.0 5295.0 1 0.10276403257712695
0 0 1 1 1 0 0 0 1 1 0 0 0 1 1 1 1 0 1 1 5386.0 4402.0 4792.0 3985.0 4977.0 1 0.10004704338246698
1 0 1 0 1 0 0 0 1 0 1 0 1 0 0 1 0 1 1 1 5164.0 4159.0 6198.0 3697.0 4933.0 1 0.09963806426474475
1 0 0 1 0 1 1 1 1 0 1 1 0 0 0 0 0 0 1 1 6101.0 3681.0 6219.0 3023.0 5533.0 1 0.0990282347903285
1 0 0 1 0 1 0 1 1 1 0 0 0 0 1 1 0 1 0 1 5989.0 3620.0 6844.0 2653.0 4864.0 1 0.09885410194568783
0 0 0 1 0 1 1 0 1 1 1 0 1 1 0 0 0 1 0 1 6266.0 4444.0 6337.0 3288.0 5004.0 1 0.09837419534379505
0 0 1 1 1 1 0 0 1 1 1 0 1 1 0 1 0 0 0 1 5955.0 4729.0 6758.0 4035.0 4528.0 1 0.0929323011693711
1 0 0 1 0 1 0 0 1 1 1 0 1 1 0 0 0 1 0 1 6247.0 4490.0 6239.0 3508.0 4396.0 1 0.09187979347081685
1 0 0 1 0 1 0 0 0 1 0 1 1 1 1 1 0 0 0 1 6022.0 3379.0 5523.0 4681.0 4504.0 1 0.08705116660878316
0 0 0 1 0 1 0 0 1 1 1 0 1 1 0 1 1 0 0 1 5941.0 4633.0 5955.0 4213.0 4260.0 1 0.08630862242485138
0 0 1 1 1 0 0 0 1 1 0 0 0 1 1 1 1 1 0 1 5591.0 4141.0 5436.0 3486.0 5332.0 1 0.08627162417084698
1 0 0 1 0 1 1 0 1 1 0 1 1 0 0 0 1 1 0 0 5557.0 5112.0 5216.0 3960.0 4617.0 1 0.08566633660821259
1 0 0 1 0 0 1 1 1 1 1 0 1 0 0 1 0 0 0 1 5526.0 3760.0 7050.0 3589.0 4394.0 1 0.08183361286007752
0 0 0 0 0 0 1 1 1 1 1 0 1 1 0 1 0 1 0 1 5485.0 3570.0 6958.0 3781.0 5339.0 1 0.0812626927363429
1 0 1 0 0 1 1 0 1 1 0 0 0 0 1 1 0 1 0 1 4700.0 4300.0 6452.0 2674.0 5619.0 1 0.08093427189641697
1 0 0 1 0 1 1 0 1 0 1 1 0 1 0 1 0 0 0 1 5721.0 3304.0 6495.0 3579.0 5474.0 1 0.07987316385184345
1 0 0 1 0 1 1 0 1 1 1 0 1 1 0 0 0 0 0 1 5621.0 4612.0 6315.0 3546.0 4594.0 1 0.07964784887598492
1 0 0 1 0 1 1 0 1 1 0 0 1 0 1 0 0 1 1 0 5816.0 4847.0 5351.0 3416.0 4496.0 1 0.07905560436786124
