1 0 0 1 1 1 1 1 1 0 1 0 0 1 0 1 0 1 0 1 6432.0 3866.0 8610.0 2966.0 6779.0 0 2000000000000000.0
1 0 0 1 1 1 0 0 1 1 0 1 1 1 0 0 1 0 1 0 5767.0 5498.0 4747.0 5145.0 4365.0 0 1000000000000000.1
1 0 0 1 1 0 0 0 1 1 0 1 1 1 0 1 1 0 1 0 5509.0 4741.0 4790.0 5681.0 4133.0 0 1000000000000000.1
1 0 0 0 1 1 1 1 1 0 0 1 0 1 1 1 0 1 0 1 6198.0 3735.0 7953.0 3835.0 7566.0 0 1000000000000000.0
1 0 0 1 1 1 1 1 0 0 0 1 0 1 1 1 0 1 0 1 6629.0 2966.0 7570.0 3577.0 7269.0 0 1000000000000000.0
1 0 0 1 1 1 0 0 1 1 0 1 1 1 1 1 0 1 0 1 7666.0 4899.0 7593.0 5337.0 6171.0 0 1000000000000000.0
1 0 1 0 1 1 1 0 1 1 0 0 1 0 0 1 1 0 0 1 4394.0 5866.0 6814.0 3972.0 5460.0 0 1000000000000000.0
1 0 0 0 1 0 0 0 1 1 0 1 1 1 0 1 1 0 1 1 5324.0 4919.0 5380.0 5814.0 5084.0 0 1000000000000000.0
1 0 1 1 1 1 0 0 1 1 0 0 1 0 0 0 1 0 1 1 5433.0 6124.0 5468.0 3880.0 4503.0 0 1000000000000000.0
0 0 0 1 1 1 1 1 1 0 0 1 0 1 1 1 0 1 0 1 7039.0 3475.0 7673.0 3586.0 7190.0 0 0.2570017348180789
1 1 0 0 1 1 1 0 1 0 0 1 0 1 1 1 0 1 0 1 5818.0 3997.0 7373.0 3946.0 7291.0 0 0.1757852632698431
1 0 1 0 1 1 0 0 1 1 0 0 1 1 0 0 1 0 1 1 4747.0 6102.0 5354.0 4330.0 5038.0 0 0.17419759338443758
1 1 0 0 1 1 1 0 1 1 0 0 0 1 0 0 1 1 0 1 4493.0 5249.0 6301.0 3092.0 6192.0 0 0.17171906997132125
1 0 1 0 1 1 1 0 1 1 0 0 0 1 0 0 1 1 0 1 4406.0 5453.0 6111.0 2973.0 6238.0 0 0.15659365238421863
1 0 0 1 1 1 0 1 1 0 1 0 0 1 1 1 0 1 0 1 7034.0 3571.0 8172.0 3192.0 6481.0 0 0.1465358530300839
1 0 0 1 1 1 1 1 1 0 1 0 0 1 1 1 0 0 0 1 6408.0 3693.0 8248.0 3230.0 6679.0 0 0.14361215421843854
1 0 0 1 1 1 1 0 1 1 0 0 1 1 0 0 1 0 1 0 5100.0 5789.0 5334.0 4277.0 4733.0 0 0.1429327740400853
1 0 0 1 1 1 1 1 1 0 0 1 0 0 1 1 0 1 0 1 6884.0 3757.0 8067.0 3385.0 7031.0 0 0.13976766271434157
1 0 0 1 0 1 0 0 1 1 0 1 1 1 0 0 1 0 1 1 6299.0 5464.0 5029.0 5084.0 4780.0 0 0.13435857082971106
1 1 0 0 1 1 0 0 1 1 0 0 1 1 0 0 1 0 1 1 4834.0 5898.0 5544.0 4449.0 4992.0 0 0.1298352816629556
1 0 0 1 1 1 0 1 1 0 1 0 1 1 0 1 0 1 0 1 6978.0 4254.0 8497.0 3824.0 5934.0 0 0.1279210970714006
1 0 0 1 1 1 0 0 1 0 0 1 1 1 1 0 0 1 1 1 7484.0 4712.0 6294.0 4673.0 6181.0 0 0.12759047372735094
1 0 0 0 1 1 1 0 1 1 0 0 1 1 0 0 1 0 1 1 4915.0 5967.0 5924.0 4410.0 5684.0 0 0.12508813901867272
0 0 1 1 1 1 0 0 1 1 0 0 1 1 0 0 1 0 1 1 5588.0 5842.0 5074.0 4081.0 4662.0 0 0.12422374252772257
1 1 0 0 1 1 0 0 1 1 1 0 1 1 0 1 0 1 0 1 6001.0 5026.0 7889.0 4465.0 5660.0 0 0.12411253886396682
1 0 0 1 0 1 0 0 1 1 0 1 1 0 0 1 1 0 1 1 6367.0 5367.0 5769.0 5187.0 4649.0 0 0.12323421843734098
1 0 1 0 1 1 1 0 1 1 0 0 0 1 1 1 0 1 0 1 5289.0 4788.0 7364.0 3460.0 6722.0 0 0.1227160618457839
1 0 0 0 1 1 1 0 1 0 0 1 1 1 1 1 0 1 0 1 6445.0 4454.0 7640.0 4765.0 7138.0 0 0.12165630904204493
1 0 0 1 0 1 0 0 1 1 0 1 1 1 0 1 1 0 1 0 5866.0 5167.0 5065.0 5504.0 4233.0 0 0.1122006964138798
0 0 0 0 1 1 1 1 1 0 0 0 1 1 0 1 1 1 0 1 5417.0 4700.0 7520.0 3642.0 6633.0 0 0.11139033518727012
1 0 0 1 1 1 0 1 1 1 0 0 1 1 1 1 0 1 0 1 7298.0 4859.0 8380.0 4397.0 6122.0 0 0.1110133567071234
1 0 0 1 1 0 0 0 1 1 0 1 1 1 1 1 0 0 1 1 6825.0 4373.0 6007.0 5748.0 5164.0 0 0.11045554275039876
1 0 1 0 1 1 0 0 1 1 0 0 1 0 0 1 1 0 1 1 4815.0 6005.0 6094.0 4433.0 4907.0 0 0.10952120292857852
1 0 1 1 1 1 1 0 1 1 0 0 1 1 0 0 0 1 0 1 5851.0 5590.0 7063.0 3539.0 5771.0 0 0.10451816198665673
0 0 0 1 1 1 0 0 1 1 0 1 1 0 0 1 1 0 1 1 6491.0 5319.0 5797.0 5132.0 4809.0 0 0.103848601751599
1 1 1 0 1 1 0 0 1 1 0 0 1 1 0 1 0 1 0 1 5152.0 5402.0 7309.0 4131.0 5483.0 0 0.1024322691361513
1 0 0 0 1 1 1 0 1 1 1 0 0 1 1 1 0 1 0 1 6138.0 4412.0 7944.0 3794.0 6899.0 0 0.09932890989334181
1 0 0 1 0 1 0 1 1 1 0 0 1 1 0 1 1 1 0 1 6514.0 5193.0 7445.0 4269.0 5506.0 0 0.09906336860545943
1 0 0 1 1 1 1 0 1 1 0 0 0 0 0 0 1 1 1 1 5681.0 5479.0 6075.0 3064.0 5796.0 0 0.09535465881246022
1 0 0 1 1 1 0 1 1 1 0 1 1 1 1 1 0 0 0 1 7339.0 4690.0 7869.0 5303.0 5952.0 0 0.09481820066696432
1 1 0 1 1 1 1 0 1 0 1 0 0 1 0 1 0 1 0 1 6052.0 4128.0 8030.0 3077.0 6504.0 0 0.0943501608946206
1 0 0 1 1 1 0 1 1 1 0 1 1 1 0 1 0 1 0 1 7363.0 4863.0 8231.0 5039.0 6052.0 0 0.09420720280463667
1 0 0 1 1 1 0 0 1 1 1 0 1 1 0 1 1 0 0 1 6375.0 5403.0 7261.0 4798.0 5204.0 0 0.09363880603053935
1 0 0 1 0 1 0 0 1 1 0 1 1 1 0 1 0 1 1 1 7206.0 4972.0 6644.0 5307.0 5364.0 0 0.0936302255772764
1 0 1 1 0 1 0 0 1 1 0 0 1 1 0 0 1 0 1 1 5464.0 5890.0 5046.0 4136.0 4502.0 0 0.09321144568396586
1 0 0 0 1 1 1 0 1 1 0 0 1 1 0 0 1 1 0 1 5120.0 5706.0 6568.0 3911.0 6039.0 0 0.09284619834123625
0 0 0 1 1 1 0 0 1 1 0 0 1 1 1 1 0 1 1 1 7265.0 4920.0 6821.0 4610.0 5594.0 0 0.09246845935005725
1 0 0 0 1 1 0 0 1 0 0 1 1 1 1 1 0 1 1 1 6866.0 4593.0 6920.0 5226.0 6585.0 0 0.0923130307768034
1 0 0 1 1 1 0 0 1 1 0 1 1 1 0 0 1 1 0 1 6783.0 5564.0 6340.0 4850.0 5687.0 0 0.09122025364225377
1 0 0 1 1 1 0 0 0 1 0 1 1 1 1 1 1 0 0 1 6572.0 4503.0 6221.0 5409.0 5694.0 0 0.0908582414527215
1 0 0 1 1 1 0 0 1 0 0 1 1 1 0 1 1 1 0 1 6762.0 4935.0 6994.0 4873.0 6090.0 0 0.09019668167917164
1 0 0 0 1 1 0 0 1 1 1 1 0 1 1 1 0 1 0 1 6805.0 4121.0 7357.0 4662.0 6531.0 0 0.0896646994658143
1 0 0 1 0 1 1 0 1 1 0 0 1 1 0 0 1 0 1 1 5632.0 5755.0 5616.0 4216.0 5148.0 0 0.08844935191098596
1 0 0 1 1 1 0 0 1 1 0 1 1 0 0 1 1 1 0 1 6851.0 5467.0 7080.0 4953.0 5556.0 0 0.0883543962719672
1 1 0 0 1 1 1 1 1 0 0 1 0 1 1 1 0 0 0 1 5491.0 3788.0 7649.0 3912.0 7072.0 0 0.08670615723793237
1 0 0 0 1 1 1 0 1 0 1 1 0 1 0 0 1 1 0 1 5697.0 4490.0 6510.0 3674.0 7030.0 0 0.08613572637409718
1 0 1 1 1 1 0 0 1 1 1 0 1 1 0 1 0 0 0 1 6110.0 5138.0 7397.0 4355.0 4920.0 0 0.08543324571304785
1 1 0 0 1 1 1 1 1 1 0 0 1 1 0 1 0 0 0 1 4993.0 5058.0 8155.0 4177.0 5910.0 0 0.08476775565730932
1 0 0 0 0 1 0 0 1 1 0 1 1 1 0 1 1 0 1 1 5681.0 5345.0 5655.0 5637.0 5184.0 0 0.08411947960883527
1 0 0 1 1 1 1 1 1 1 0 0 1 1 0 1 0 0 0 1 5896.0 4913.0 8157.0 4109.0 5618.0 0 0.08399650262504067
1 0 0 1 1 1 0 0 1 1 0 1 1 1 1 1 1 0 0 0 6326.0 5094.0 6014.0 5534.0 5040.0 0 0.08358623814955571
1 0 0 1 1 1 0 0 1 1 0 0 1 1 0 1 1 0 1 1 6115.0 5783.0 6531.0 5005.0 5120.0 0 0.08317721851397432
1 0 0 0 1 1 0 0 1 1 0 1 1 1 0 0 1 0 1 1 5582.0 5676.0 5337.0 5278.0 5316.0 0 0.0828164512723177
1 0 0 1 1 1 1 0 1 0 1 1 0 1 0 1 0 1 0 1 6800.0 3906.0 7823.0 3906.0 6828.0 0 0.08275761179045282
1 0 0 1 1 1 1 0 1 0 0 1 0 1 1 1 0 1 0 1 6721.0 3852.0 7375.0 3878.0 6999.0 0 0.08252575911666674
1 0 0 0 1 1 1 0 1 1 0 1 0 1 0 0 1 0 1 1 5036.0 5288.0 5450.0 4420.0 6161.0 0 0.0816121057184526
1 0 0 1 1 1 1 0 1 0 1 0 1 1 0 1 0 1 0 1 6679.0 4585.0 8297.0 3896.0 6351.0 0 0.08152812838425758
1 1 0 1 1 1 0 0 1 1 0 0 1 1 1 1 0 1 0 1 6918.0 5121.0 7800.0 4508.0 5847.0 0 0.08115514978771199
1 0 0 1 1 1 0 0 1 1 1 0 1 0 0 0 1 0 1 1 6282.0 5748.0 6048.0 4214.0 4680.0 0 0.080109633978434
1 0 0 1 0 1 0 0 1 1 1 1 1 1 1 1 0 0 0 1 7442.0 4419.0 7012.0 5364.0 5348.0 0 0.07962518233309528
1 0 0 1 1 1 1 0 1 0 0 1 1 1 0 1 0 1 0 1 6665.0 4535.0 7700.0 4510.0 6452.0 0 0.0775774676232471
1 0 0 0 1 1 1 0 1 0 1 0 1 0 1 1 0 1 0 1 6149.0 4377.0 7992.0 3630.0 6486.0 0 0.07698229238565764
1 0 0 1 1 1 0 0 1 1 0 1 1 1 1 1 0 0 1 0 6650.0 4833.0 6000.0 5632.0 4849.0 0 0.07693462432614495
1 0 0 1 1 1 1 1 1 0 0 0 1 1 0 1 0 1 0 1 6297.0 4495.0 8487.0 3570.0 6403.0 0 0.07682798070142195
1 0 0 1 0 1 0 0 1 1 0 1 1 1 1 1 0 0 1 1 7182.0 4799.0 6282.0 5571.0 5264.0 0 0.07657035971599818
1 0 0 1 1 1 1 0 1 1 0 1 0 1 0 0 0 1 1 1 6561.0 4915.0 6439.0 4090.0 6341.0 0 0.07650698016160545
1 0 0 1 1 1 1 0 1 0 0 1 0 1 0 1 1 1 0 1 6216.0 4547.0 7107.0 4015.0 6935.0 0 0.07549086809788894
1 0 1 1 1 1 0 0 1 1 0 1 0 1 1 1 0 1 0 1 6952.0 4646.0 7136.0 4399.0 6370.0 0 0.07521850755984424
1 0 0 1 1 1 1 1 1 0 0 1 0 1 1 0 0 1 0 1 6816.0 3854.0 7327.0 3282.0 7162.0 0 0.07463518656829118
1 0 0 1 1 0 0 0 1 1 0 1 1 1 0 1 1 1 0 1 6525.0 4807.0 6383.0 5386.0 5455.0 0 0.07413247404916852
1 0 0 1 1 1 0 1 1 1 0 1 0 1 1 1 0 1 0 1 7419.0 4180.0 7906.0 4407.0 6599.0 0 0.07392130173858324
0 0 0 0 1 1 1 1 1 1 0 1 0 0 0 1 1 1 0 1 5627.0 4553.0 7132.0 3732.0 6576.0 0 0.07348746320211383
1 0 0 1 1 1 1 0 1 1 0 1 1 0 0 1 0 1 0 1 6754.0 5067.0 7786.0 4590.0 5918.0 0 0.07110596820144333
1 0 0 0 1 1 1 0 1 1 0 1 0 1 0 1 1 1 0 1 5619.0 5057.0 7079.0 4545.0 6936.0 0 0.07107876852181516
0 0 0 1 1 1 0 1 1 0 0 1 0 1 1 1 1 1 0 1 7136.0 3875.0 6967.0 3949.0 6828.0 0 0.07107561786563842
1 0 0 0 1 1 0 0 1 1 0 1 1 1 0 1 0 1 1 1 6489.0 5184.0 6952.0 5501.0 5900.0 0 0.07099124905330509
1 0 0 1 1 1 0 0 1 1 0 1 1 1 0 1 1 0 0 1 6361.0 5353.0 6664.0 5412.0 5305.0 0 0.07095857523063623
1 0 0 1 1 1 1 0 1 1 0 0 1 1 0 0 1 0 0 1 5316.0 5614.0 6266.0 3920.0 5253.0 0 0.07027555862671353
1 0 0 1 1 1 1 0 1 1 0 0 1 0 0 0 1 1 0 1 5806.0 5728.0 6682.0 3461.0 5504.0 0 0.06901985302916776
1 1 0 0 1 1 1 0 1 1 0 0 1 0 0 1 1 0 0 1 4481.0 5662.0 7004.0 4091.0 5414.0 0 0.06862189609927599
1 0 0 1 1 1 1 0 1 1 0 1 0 1 1 0 0 1 0 1 6742.0 4481.0 6721.0 3855.0 6596.0 0 0.06836025480571949
1 0 0 1 1 1 0 0 1 1 0 0 1 0 0 0 1 1 1 1 6227.0 5867.0 5962.0 3922.0 4951.0 0 0.06822766594145355
1 1 0 0 1 1 1 1 1 1 0 0 0 1 0 1 0 1 0 1 5073.0 4548.0 8192.0 3281.0 6557.0 0 0.0680994383854277
1 0 0 1 1 1 0 0 1 1 0 0 1 1 0 1 0 1 1 1 6644.0 5261.0 7161.0 4604.0 5284.0 0 0.06750266935714713
0 0 0 1 1 1 0 0 1 1 0 1 1 1 0 1 1 1 0 1 7006.0 5185.0 6686.0 5154.0 5715.0 0 0.06723715299530718
1 0 0 1 1 1 0 0 1 1 0 0 1 1 1 0 0 1 1 1 7042.0 5299.0 6475.0 4306.0 5566.0 0 0.0671083732622748
1 0 0 1 0 1 0 0 1 1 0 0 1 1 1 1 0 1 1 1 7141.0 4968.0 6793.0 4665.0 5434.0 0 0.06565477591551099
1 0 1 0 1 1 0 0 1 1 0 0 1 1 1 1 0 1 0 1 5835.0 5176.0 7251.0 4318.0 5877.0 0 0.06522070345523878
0 0 0 1 1 1 1 0 1 0 0 1 1 1 1 1 0 1 0 1 7286.0 4194.0 7360.0 4516.0 6762.0 0 0.06422306956950655
1 0 0 1 1 1 0 0 1 1 0 1 1 1 1 0 0 0 1 1 7083.0 5130.0 5964.0 5212.0 5396.0 0 0.06324186120692159
