1 0 0 0 1 1 1 1 1 0 0 1 0 1 1 1 0 1 0 1 6198.0 3735.0 7953.0 3835.0 7566.0 0 1000000000000000.0
1 0 0 1 1 1 1 1 0 0 0 1 0 1 1 1 0 1 0 1 6629.0 2966.0 7570.0 3577.0 7269.0 0 1000000000000000.1
1 0 0 0 1 1 0 1 1 0 0 1 0 1 1 1 1 1 0 1 6295.0 4135.0 7247.0 4198.0 7204.0 0 0.09416637926790544
0 0 0 1 1 1 1 1 1 0 0 1 0 1 1 1 0 1 0 1 7039.0 3475.0 7673.0 3586.0 7190.0 0 0.25880721351445135
1 0 0 1 1 1 1 1 1 0 0 1 0 1 1 0 0 1 0 1 6816.0 3854.0 7327.0 3282.0 7162.0 0 0.08558472882024923
1 0 0 0 1 1 1 0 1 0 0 1 1 1 1 1 0 1 0 1 6445.0 4454.0 7640.0 4765.0 7138.0 0 0.10952296681164443
1 1 0 0 1 1 1 1 1 0 0 1 0 1 1 1 0 0 0 1 5491.0 3788.0 7649.0 3912.0 7072.0 0 0.07815970893095162
1 0 0 1 1 1 1 1 1 0 0 1 0 0 1 1 0 1 0 1 6884.0 3757.0 8067.0 3385.0 7031.0 0 0.0907637586855988
1 0 0 0 1 1 1 0 1 0 1 1 0 1 0 0 1 1 0 1 5697.0 4490.0 6510.0 3674.0 7030.0 0 0.09269495165439723
1 0 0 0 1 1 0 1 1 0 0 1 0 1 1 1 0 1 1 1 6619.0 3874.0 7233.0 4296.0 7013.0 0 0.04496513633544933
1 0 0 1 1 1 1 0 1 0 0 1 0 1 1 1 0 1 0 1 6721.0 3852.0 7375.0 3878.0 6999.0 0 0.0683778169852078
1 0 0 0 1 1 1 0 1 1 0 1 0 1 0 1 1 1 0 1 5619.0 5057.0 7079.0 4545.0 6936.0 0 0.08804381952229914
1 0 0 1 1 1 1 1 1 0 0 1 0 1 0 1 0 1 0 1 6418.0 3816.0 8013.0 3580.0 6880.0 0 0.07993084330964588
0 0 0 1 1 1 0 1 1 0 0 1 0 1 1 1 1 1 0 1 7136.0 3875.0 6967.0 3949.0 6828.0 0 0.08105338904063256
1 0 0 1 1 1 1 0 1 0 1 1 0 1 0 1 0 1 0 1 6800.0 3906.0 7823.0 3906.0 6828.0 0 0.08660969862796616
1 0 0 0 1 1 0 0 1 0 0 1 1 1 1 1 1 1 0 1 6542.0 4854.0 6934.0 5128.0 6776.0 0 0.07820612048268442
0 0 0 1 1 1 1 0 1 0 0 1 1 1 1 1 0 1 0 1 7286.0 4194.0 7360.0 4516.0 6762.0 0 0.09194733286733495
1 0 1 0 1 1 1 0 1 1 0 0 0 1 1 1 0 1 0 1 5289.0 4788.0 7364.0 3460.0 6722.0 0 0.13251732142095263
0 0 0 0 1 1 1 1 1 0 0 0 1 1 1 1 0 1 0 1 5922.0 4005.0 7788.0 3505.0 6697.0 0 0.13343041623041849
1 0 0 1 1 1 1 1 1 0 1 0 0 1 1 1 0 0 0 1 6408.0 3693.0 8248.0 3230.0 6679.0 0 0.14352749912766374
0 0 0 0 1 1 1 1 1 1 0 0 0 0 1 1 1 1 0 1 5562.0 4549.0 7281.0 3090.0 6646.0 0 0.09690979895343295
0 0 0 0 1 1 1 1 1 0 0 0 1 1 0 1 1 1 0 1 5417.0 4700.0 7520.0 3642.0 6633.0 0 0.0921564012724439
1 0 0 1 1 1 0 1 1 1 0 1 0 1 1 1 0 1 0 1 7419.0 4180.0 7906.0 4407.0 6599.0 0 0.07334886255201732
1 0 0 0 1 1 0 0 1 0 0 1 1 1 1 1 0 1 1 1 6866.0 4593.0 6920.0 5226.0 6585.0 0 0.072635507391334
0 0 0 0 1 1 1 1 1 1 0 1 0 0 0 1 1 1 0 1 5627.0 4553.0 7132.0 3732.0 6576.0 0 0.08433641537626597
1 0 1 1 1 1 1 0 1 0 1 0 0 1 0 1 0 1 0 1 5965.0 4332.0 7840.0 2958.0 6550.0 0 0.21198667876709631
1 0 0 1 1 1 1 0 1 0 0 0 1 1 1 1 0 1 0 1 6600.0 4531.0 7849.0 3868.0 6522.0 0 0.08160411956034883
1 0 0 0 1 1 1 0 1 0 1 0 1 0 1 1 0 1 0 1 6149.0 4377.0 7992.0 3630.0 6486.0 0 0.07278831719664781
1 0 0 1 1 1 0 1 1 0 1 0 0 1 1 1 0 1 0 1 7034.0 3571.0 8172.0 3192.0 6481.0 0 0.14919693738530396
1 0 0 1 1 1 1 0 1 0 0 0 1 1 0 1 1 1 0 1 6095.0 5226.0 7581.0 4005.0 6458.0 0 0.08356634273824634
1 0 0 1 1 1 1 0 1 1 0 1 0 0 0 1 1 1 0 1 6305.0 5079.0 7193.0 4095.0 6401.0 0 0.09181176019357189
1 0 1 1 1 1 0 0 1 1 0 1 0 1 1 1 0 1 0 1 6952.0 4646.0 7136.0 4399.0 6370.0 0 0.08135732008715219
1 0 0 1 1 1 1 1 1 1 0 1 0 0 0 1 0 1 0 1 6507.0 4348.0 8099.0 3660.0 6346.0 0 0.0674368209848212
1 0 0 1 1 1 1 1 1 0 0 0 1 1 1 1 0 0 0 1 6273.0 4322.0 8125.0 3834.0 6303.0 0 0.10178429934050354
1 0 1 0 1 1 1 0 1 1 0 0 0 1 0 0 1 1 0 1 4406.0 5453.0 6111.0 2973.0 6238.0 0 0.15719070803832916
1 0 0 1 1 1 1 1 1 0 1 0 0 0 0 1 0 1 0 1 6122.0 3739.0 8365.0 2445.0 6228.0 0 1000000000000000.0
1 0 0 1 1 1 0 0 1 0 0 1 1 1 1 0 0 1 1 1 7484.0 4712.0 6294.0 4673.0 6181.0 0 0.1353822062278301
1 0 0 1 1 1 0 0 1 1 0 1 1 1 1 1 0 1 0 1 7666.0 4899.0 7593.0 5337.0 6171.0 0 1000000000000000.0
1 0 0 0 1 1 1 0 1 1 0 1 0 1 0 0 1 0 1 1 5036.0 5288.0 5450.0 4420.0 6161.0 0 0.09674010774020081
1 0 0 1 1 1 0 1 1 1 0 0 1 1 1 1 0 1 0 1 7298.0 4859.0 8380.0 4397.0 6122.0 0 1000000000000000.0
1 0 0 0 1 1 0 0 1 1 0 1 1 1 0 1 1 1 0 1 6165.0 5445.0 6966.0 5403.0 6091.0 0 0.07652085764259292
1 0 0 1 1 1 0 0 1 0 0 1 1 1 0 1 1 1 0 1 6762.0 4935.0 6994.0 4873.0 6090.0 0 0.06930944285573132
1 0 0 1 1 1 0 1 1 1 0 1 1 1 0 1 0 1 0 1 7363.0 4863.0 8231.0 5039.0 6052.0 0 0.06652362924776507
1 0 0 0 1 1 1 0 1 1 0 0 1 1 0 0 1 1 0 1 5120.0 5706.0 6568.0 3911.0 6039.0 0 0.09009699845607956
1 0 0 0 1 1 0 0 1 1 0 0 1 1 1 1 0 1 1 1 6424.0 5180.0 7101.0 4859.0 5970.0 0 0.060434101351059845
1 0 0 1 1 1 0 1 1 1 0 1 1 1 1 1 0 0 0 1 7339.0 4690.0 7869.0 5303.0 5952.0 0 0.08063485679160658
1 0 0 1 1 1 1 0 1 1 0 1 1 0 0 1 0 1 0 1 6754.0 5067.0 7786.0 4590.0 5918.0 0 0.08903009036567436
1 0 0 0 1 1 0 0 1 1 1 1 1 1 1 1 0 0 0 1 6725.0 4631.0 7320.0 5558.0 5884.0 0 0.07119416752303553
1 1 0 1 1 1 0 0 1 1 0 0 1 1 1 1 0 1 0 1 6918.0 5121.0 7800.0 4508.0 5847.0 0 0.0802129154099327
1 0 0 1 1 1 1 0 1 1 0 0 0 0 0 0 1 1 1 1 5681.0 5479.0 6075.0 3064.0 5796.0 0 0.09264319322491199
1 0 1 1 1 1 1 0 1 1 0 0 1 1 0 0 0 1 0 1 5851.0 5590.0 7063.0 3539.0 5771.0 0 0.11374182431274117
0 0 0 0 1 1 0 0 1 1 0 1 1 1 0 0 1 1 1 1 6227.0 5508.0 5359.0 5020.0 5726.0 0 0.058372240844241544
0 0 0 1 1 1 0 0 1 1 0 1 1 1 0 1 1 1 0 1 7006.0 5185.0 6686.0 5154.0 5715.0 0 0.0980106797534119
0 0 0 0 1 1 1 0 1 1 0 0 1 1 0 1 1 0 1 1 5138.0 5588.0 6270.0 4714.0 5712.0 0 0.13992405478749279
1 0 0 1 1 1 0 0 1 1 0 1 1 1 0 0 1 1 0 1 6783.0 5564.0 6340.0 4850.0 5687.0 0 0.0775463946620625
1 0 0 0 1 1 1 0 1 1 0 0 1 1 0 0 1 0 1 1 4915.0 5967.0 5924.0 4410.0 5684.0 0 0.0964208249649008
1 0 0 1 1 1 1 0 1 1 0 1 1 1 0 1 0 0 0 1 6264.0 4953.0 7370.0 5049.0 5667.0 0 0.06625023581448064
1 1 0 0 1 1 0 0 1 1 1 0 1 1 0 1 0 1 0 1 6001.0 5026.0 7889.0 4465.0 5660.0 0 0.06935137995749115
1 0 0 0 1 1 1 0 1 1 0 0 1 1 0 1 1 0 0 1 4698.0 5495.0 6892.0 4473.0 5657.0 0 0.1624819052508798
1 0 0 1 1 1 1 1 1 1 0 0 1 1 0 1 0 0 0 1 5896.0 4913.0 8157.0 4109.0 5618.0 0 0.08443529862951353
1 1 0 0 1 1 0 0 1 1 0 1 1 1 0 1 1 0 0 1 5458.0 5498.0 6662.0 5480.0 5597.0 0 0.06366100944632924
0 0 0 1 1 1 0 0 1 1 0 0 1 1 1 1 0 1 1 1 7265.0 4920.0 6821.0 4610.0 5594.0 0 0.08278604852790075
1 0 0 1 1 1 0 0 1 1 0 0 1 1 1 0 0 1 1 1 7042.0 5299.0 6475.0 4306.0 5566.0 0 0.081308941290727
1 0 0 1 1 1 0 0 1 1 0 1 1 0 0 1 1 1 0 1 6851.0 5467.0 7080.0 4953.0 5556.0 0 0.07620742083396026
1 0 0 1 1 1 0 0 1 1 1 0 1 0 1 1 0 1 0 1 7370.0 4822.0 7945.0 4202.0 5519.0 0 0.06771651143451163
1 0 0 1 1 1 1 0 1 1 0 0 1 1 0 1 0 0 1 1 6018.0 5383.0 7237.0 4642.0 5482.0 0 0.05745236230122376
1 0 1 0 1 1 0 0 1 1 0 1 1 0 0 0 1 1 0 1 5483.0 5786.0 5903.0 4278.0 5474.0 0 0.05804092329006034
1 0 1 0 1 1 1 0 1 1 0 0 1 0 0 1 1 0 0 1 4394.0 5866.0 6814.0 3972.0 5460.0 0 1000000000000000.0
1 1 0 0 1 1 0 0 1 1 0 1 1 1 0 1 0 0 1 1 5782.0 5237.0 6648.0 5578.0 5406.0 0 0.10792783358217405
1 0 0 1 1 1 0 0 1 1 0 1 1 1 1 0 0 0 1 1 7083.0 5130.0 5964.0 5212.0 5396.0 0 0.06984351219675132
1 0 1 0 1 1 0 0 1 1 0 0 1 1 0 0 1 1 0 1 4952.0 5841.0 5998.0 3831.0 5393.0 0 0.09798584949981563
1 1 0 1 1 1 0 0 1 1 0 0 1 1 0 0 1 1 0 1 6035.0 5786.0 6547.0 4021.0 5363.0 0 0.053118296703735204
1 0 0 1 0 1 0 0 1 1 1 1 1 1 1 1 0 0 0 1 7442.0 4419.0 7012.0 5364.0 5348.0 0 0.08876623178425522
1 0 0 0 1 1 0 0 1 1 0 1 1 1 0 0 1 0 1 1 5582.0 5676.0 5337.0 5278.0 5316.0 0 0.10698158074720394
1 0 0 1 0 1 0 0 1 1 0 1 1 1 1 1 0 0 1 1 7182.0 4799.0 6282.0 5571.0 5264.0 0 0.0953588526355818
1 0 0 1 1 1 0 0 1 1 1 0 1 1 0 1 1 0 0 1 6375.0 5403.0 7261.0 4798.0 5204.0 0 0.09005516992613072
1 0 0 0 0 1 0 0 1 1 0 1 1 1 0 1 1 0 1 1 5681.0 5345.0 5655.0 5637.0 5184.0 0 0.0966512498972523
1 0 0 1 1 0 0 0 1 1 0 1 1 1 1 1 0 0 1 1 6825.0 4373.0 6007.0 5748.0 5164.0 0 0.06961939224877356
1 0 1 0 1 1 0 0 1 1 0 0 1 0 1 1 1 0 0 1 4996.0 5571.0 6376.0 4198.0 5162.0 0 0.1015094719180917
1 0 0 1 0 1 1 0 1 1 0 0 1 1 0 0 1 0 1 1 5632.0 5755.0 5616.0 4216.0 5148.0 0 0.09221105595563928
1 0 0 1 1 1 1 0 1 1 0 0 1 0 0 1 1 0 0 1 5384.0 5517.0 7006.0 4023.0 5122.0 0 0.08123141454950314
1 0 0 1 1 1 0 0 1 1 0 0 1 1 0 1 1 0 1 1 6115.0 5783.0 6531.0 5005.0 5120.0 0 0.05462448442202407
1 0 0 0 1 0 0 0 1 1 0 1 1 1 0 1 1 0 1 1 5324.0 4919.0 5380.0 5814.0 5084.0 0 1000000000000000.0
1 0 0 1 1 1 0 0 1 1 0 1 1 1 1 1 1 0 0 0 6326.0 5094.0 6014.0 5534.0 5040.0 0 0.07849344304787689
1 0 1 0 1 1 0 0 1 1 0 0 1 1 0 0 1 0 1 1 4747.0 6102.0 5354.0 4330.0 5038.0 0 0.10802194008537
1 1 0 0 1 1 0 0 1 1 0 0 1 1 0 0 1 0 1 1 4834.0 5898.0 5544.0 4449.0 4992.0 0 0.14715293342263355
1 0 1 1 1 1 0 0 1 1 1 0 1 1 0 1 0 0 0 1 6110.0 5138.0 7397.0 4355.0 4920.0 0 0.10238755637908087
1 0 1 0 1 1 0 0 1 1 0 0 1 0 0 1 1 0 1 1 4815.0 6005.0 6094.0 4433.0 4907.0 0 0.10591488442358124
1 0 1 1 1 1 0 0 1 1 0 0 1 0 0 0 1 1 0 1 5638.0 5863.0 6112.0 3381.0 4858.0 0 0.11412515042820771
1 0 0 1 1 1 0 0 1 1 0 1 1 1 1 1 0 0 1 0 6650.0 4833.0 6000.0 5632.0 4849.0 0 0.07251349190466076
0 0 0 1 1 1 0 0 1 1 0 1 1 0 0 1 1 0 1 1 6491.0 5319.0 5797.0 5132.0 4809.0 0 0.0873878689887709
0 0 0 1 0 1 0 0 1 1 0 1 1 1 0 1 1 0 1 1 6522.0 5085.0 5375.0 5388.0 4808.0 0 0.0412505674401947
1 0 0 1 0 1 0 0 1 1 0 1 1 1 0 0 1 0 1 1 6299.0 5464.0 5029.0 5084.0 4780.0 0 0.12848031409860164
1 0 0 1 1 1 1 0 1 1 0 0 1 1 0 0 1 0 1 0 5100.0 5789.0 5334.0 4277.0 4733.0 0 0.17451984336546544
1 0 0 1 0 1 0 0 1 1 0 1 1 0 0 1 1 0 1 1 6367.0 5367.0 5769.0 5187.0 4649.0 0 0.15030722389226198
1 0 1 1 1 1 0 0 1 1 0 0 1 0 0 0 1 0 1 1 5433.0 6124.0 5468.0 3880.0 4503.0 0 1000000000000000.1
1 0 0 1 1 1 0 0 1 1 0 1 1 1 0 0 1 0 1 0 5767.0 5498.0 4747.0 5145.0 4365.0 0 1000000000000000.1
1 0 0 1 0 1 0 0 1 1 0 1 1 1 0 1 1 0 1 0 5866.0 5167.0 5065.0 5504.0 4233.0 0 0.1946131408640615
1 0 0 1 1 0 0 0 1 1 0 1 1 1 0 1 1 0 1 0 5509.0 4741.0 4790.0 5681.0 4133.0 0 1000000000000000.1
0 0 0 1 1 1 1 1 1 0 0 1 0 1 1 0 0 1 0 1 6661.0 3445.0 6688.0 2962.0 6770.0 1 2000000000000000.5
