1 0 0 0 1 1 1 1 1 0 0 1 0 1 1 1 0 1 0 1 6198.0 3735.0 7953.0 3835.0 7566.0 0 1000000000000000.1
1 0 0 0 1 1 0 1 1 0 0 1 0 1 1 1 1 1 0 1 6295.0 4135.0 7247.0 4198.0 7204.0 0 0.24031062311458148
1 0 0 0 1 1 1 0 1 0 0 1 0 1 1 0 1 1 0 1 5618.0 4436.0 6062.0 3646.0 7201.0 0 0.05255873401704195
1 0 0 1 1 1 1 1 1 0 0 1 0 1 1 0 0 1 0 1 6816.0 3854.0 7327.0 3282.0 7162.0 0 0.09446265792784764
1 0 0 0 1 1 1 0 1 0 0 1 1 1 1 1 0 1 0 1 6445.0 4454.0 7640.0 4765.0 7138.0 0 0.09114962739157213
1 1 0 0 1 1 1 1 1 0 0 1 0 1 1 1 0 0 0 1 5491.0 3788.0 7649.0 3912.0 7072.0 0 0.08905985401223418
1 0 0 1 1 1 1 1 1 0 0 1 0 0 1 1 0 1 0 1 6884.0 3757.0 8067.0 3385.0 7031.0 0 0.1115548314869617
1 0 0 0 1 1 1 0 1 0 1 1 0 1 0 0 1 1 0 1 5697.0 4490.0 6510.0 3674.0 7030.0 0 0.1157654546712666
1 0 0 0 1 1 1 0 1 1 0 0 0 1 1 1 1 1 0 1 5554.0 5053.0 7228.0 3903.0 7006.0 0 0.04899207476358978
1 0 0 1 1 1 1 0 1 0 0 1 0 1 1 1 0 1 0 1 6721.0 3852.0 7375.0 3878.0 6999.0 0 0.06701860595170932
1 0 0 1 1 1 1 0 1 0 1 0 0 1 1 1 0 1 0 1 6735.0 3902.0 7972.0 3264.0 6898.0 0 0.10200995808504407
1 0 0 1 1 1 1 1 1 0 0 1 0 1 0 1 0 1 0 1 6418.0 3816.0 8013.0 3580.0 6880.0 0 0.09957805129314787
1 0 0 0 1 1 1 0 1 1 1 1 0 1 0 1 0 1 0 1 6203.0 4416.0 7795.0 4436.0 6829.0 0 0.05306064618065916
1 0 0 1 1 1 1 0 1 0 1 1 0 1 0 1 0 1 0 1 6800.0 3906.0 7823.0 3906.0 6828.0 0 0.145045377557649
1 0 1 0 1 1 1 0 1 1 0 0 0 1 1 1 0 1 0 1 5289.0 4788.0 7364.0 3460.0 6722.0 0 0.14473009599333275
1 1 0 0 1 1 1 0 1 1 0 0 0 1 1 1 0 1 0 1 5376.0 4584.0 7554.0 3579.0 6676.0 0 0.10352811878220036
1 0 0 1 1 1 1 0 1 0 0 1 0 0 1 0 1 1 0 1 6304.0 4458.0 6176.0 3196.0 6666.0 0 0.07731963314752037
0 0 0 1 1 1 1 0 1 0 1 1 0 1 0 0 1 1 0 1 6538.0 4230.0 6230.0 3425.0 6654.0 0 0.12001537993151022
0 0 0 0 1 1 1 1 1 1 0 0 0 0 1 1 1 1 0 1 5562.0 4549.0 7281.0 3090.0 6646.0 0 0.11957444279988604
1 0 0 1 1 1 0 1 1 1 0 1 0 1 1 1 0 1 0 1 7419.0 4180.0 7906.0 4407.0 6599.0 0 0.07780063174844791
0 0 0 0 1 1 1 1 1 1 0 1 0 0 0 1 1 1 0 1 5627.0 4553.0 7132.0 3732.0 6576.0 0 0.11485044316905442
0 0 0 0 1 1 1 0 1 1 0 1 0 1 0 1 1 1 0 1 5464.0 4648.0 6440.0 4225.0 6544.0 0 0.06972238707713624
1 0 0 1 1 1 1 0 1 0 0 0 1 1 1 1 0 1 0 1 6600.0 4531.0 7849.0 3868.0 6522.0 0 0.08354207726546117
1 0 1 0 1 1 0 0 1 0 0 1 1 1 1 1 0 1 0 1 6277.0 4589.0 7070.0 4685.0 6492.0 0 0.0653313940677449
1 0 0 0 1 1 1 0 1 0 1 0 1 0 1 1 0 1 0 1 6149.0 4377.0 7992.0 3630.0 6486.0 0 0.052133937279468745
1 0 0 1 1 1 0 1 1 0 1 0 0 1 1 1 0 1 0 1 7034.0 3571.0 8172.0 3192.0 6481.0 0 1000000000000000.0
1 0 0 1 1 1 1 0 1 1 0 1 0 0 1 1 0 1 0 1 6810.0 4384.0 7461.0 3958.0 6465.0 0 0.06459155287398738
1 0 0 1 1 1 1 0 1 0 0 0 1 1 0 1 1 1 0 1 6095.0 5226.0 7581.0 4005.0 6458.0 0 0.07805480582016633
1 0 0 1 1 1 1 0 1 0 0 1 1 1 0 1 0 1 0 1 6665.0 4535.0 7700.0 4510.0 6452.0 0 0.06071938317512891
1 0 0 1 1 1 1 0 1 1 0 1 0 0 0 1 1 1 0 1 6305.0 5079.0 7193.0 4095.0 6401.0 0 0.09795591834804764
1 0 0 1 1 1 0 0 1 0 0 1 1 1 1 0 1 1 0 1 7160.0 4973.0 6308.0 4575.0 6372.0 0 0.05689265062386373
1 0 0 1 1 1 1 1 1 1 0 1 0 0 0 1 0 1 0 1 6507.0 4348.0 8099.0 3660.0 6346.0 0 0.10180699247312774
1 0 1 0 1 1 1 0 1 1 0 0 0 1 0 0 1 1 0 1 4406.0 5453.0 6111.0 2973.0 6238.0 0 1000000000000000.0
0 0 0 0 1 1 1 0 1 1 0 1 1 0 1 1 0 1 0 1 6379.0 4577.0 7087.0 4525.0 6212.0 0 0.06140507431300569
1 0 0 0 1 1 1 1 1 0 1 1 1 0 0 1 0 0 0 1 5887.0 4172.0 8119.0 4238.0 6197.0 0 0.06530387284096548
0 0 0 0 1 1 1 0 1 1 0 1 0 1 0 1 1 0 1 1 5259.0 4909.0 5796.0 4724.0 6189.0 0 0.10538765655280725
1 0 0 1 1 1 0 0 1 1 0 1 1 1 1 1 0 1 0 1 7666.0 4899.0 7593.0 5337.0 6171.0 0 1000000000000000.0
1 0 0 1 1 1 0 1 1 1 0 0 1 1 1 1 0 1 0 1 7298.0 4859.0 8380.0 4397.0 6122.0 0 1000000000000000.0
1 0 0 0 1 1 0 0 1 1 0 1 1 1 0 1 1 1 0 1 6165.0 5445.0 6966.0 5403.0 6091.0 0 0.10958234516421694
1 0 0 1 1 1 0 0 1 0 0 1 1 1 0 1 1 1 0 1 6762.0 4935.0 6994.0 4873.0 6090.0 0 0.06908152168446081
1 0 0 1 1 1 1 0 1 1 0 1 1 1 0 0 0 1 0 1 6686.0 5164.0 7046.0 4487.0 6049.0 0 0.0735030277532161
1 0 0 1 1 1 1 0 1 1 0 0 1 0 1 1 0 1 0 1 6689.0 5063.0 7935.0 3948.0 5988.0 0 0.049080059136929824
1 0 0 1 1 1 0 0 1 0 1 1 1 1 0 1 0 1 0 1 7346.0 4294.0 7710.0 4764.0 5983.0 0 0.1217118947901442
1 0 0 1 1 1 1 0 1 1 0 1 1 0 0 1 0 1 0 1 6754.0 5067.0 7786.0 4590.0 5918.0 0 0.07591862192673178
1 0 0 0 1 1 0 0 1 1 1 1 1 1 1 1 0 0 0 1 6725.0 4631.0 7320.0 5558.0 5884.0 0 0.06955020305105765
1 1 0 1 1 1 0 0 1 1 0 0 1 1 1 1 0 1 0 1 6918.0 5121.0 7800.0 4508.0 5847.0 0 0.06693641710933947
1 0 0 1 1 1 1 0 1 1 0 0 1 1 0 1 0 1 0 1 6223.0 5122.0 7881.0 4143.0 5837.0 0 0.0819426526585654
1 0 1 1 1 1 1 0 1 1 0 0 1 1 0 0 0 1 0 1 5851.0 5590.0 7063.0 3539.0 5771.0 0 0.1246401002184781
1 1 0 0 1 1 0 0 1 1 0 1 1 1 0 1 0 1 0 1 5987.0 4976.0 7292.0 5079.0 5761.0 0 0.05631142075805015
0 0 0 1 1 1 0 0 1 1 0 1 1 1 0 1 1 1 0 1 7006.0 5185.0 6686.0 5154.0 5715.0 0 0.1260476809050758
1 0 0 1 1 1 0 0 1 1 0 1 1 1 0 0 1 1 0 1 6783.0 5564.0 6340.0 4850.0 5687.0 0 0.0800035797058832
1 0 0 0 1 1 1 0 1 1 0 0 1 1 0 0 1 0 1 1 4915.0 5967.0 5924.0 4410.0 5684.0 0 0.12160048464204107
1 0 0 1 1 1 1 0 1 1 0 0 1 1 0 1 1 0 0 1 5694.0 5644.0 7251.0 4544.0 5673.0 0 0.07214342685208534
1 0 0 1 1 1 1 0 1 1 0 1 1 1 0 1 0 0 0 1 6264.0 4953.0 7370.0 5049.0 5667.0 0 0.07404257178131293
1 1 0 0 1 1 0 0 1 1 1 0 1 1 0 1 0 1 0 1 6001.0 5026.0 7889.0 4465.0 5660.0 0 0.06026291758095821
1 0 0 1 1 1 1 1 1 1 0 0 1 1 0 1 0 0 0 1 5896.0 4913.0 8157.0 4109.0 5618.0 0 0.062041792623221514
1 1 0 0 1 1 0 0 1 1 0 1 1 1 0 1 1 0 0 1 5458.0 5498.0 6662.0 5480.0 5597.0 0 0.06201608248687004
0 0 0 1 1 1 0 0 1 1 0 0 1 1 1 1 0 1 1 1 7265.0 4920.0 6821.0 4610.0 5594.0 0 0.09984282756642643
1 0 0 1 1 1 0 0 1 1 0 0 1 1 1 0 0 1 1 1 7042.0 5299.0 6475.0 4306.0 5566.0 0 0.07203366974300038
1 0 0 1 1 1 0 0 1 1 0 1 1 0 0 1 1 1 0 1 6851.0 5467.0 7080.0 4953.0 5556.0 0 0.08267078510114238
1 0 0 1 0 1 0 0 1 1 0 1 1 1 0 1 1 1 0 1 6882.0 5233.0 6658.0 5209.0 5555.0 0 0.07201722729863048
1 0 0 1 1 1 0 0 1 1 1 0 1 0 1 1 0 1 0 1 7370.0 4822.0 7945.0 4202.0 5519.0 0 0.0688553549589951
1 0 0 1 1 1 0 1 1 1 0 1 1 0 0 1 0 1 0 1 7053.0 4736.0 7986.0 4518.0 5501.0 0 0.07859350177197669
1 0 0 1 1 1 1 0 1 1 0 0 1 1 0 1 0 0 1 1 6018.0 5383.0 7237.0 4642.0 5482.0 0 0.07939477573851961
1 0 1 0 1 1 0 0 1 1 0 1 1 0 0 0 1 1 0 1 5483.0 5786.0 5903.0 4278.0 5474.0 0 0.06244608411248126
1 0 1 0 1 1 1 0 1 1 0 0 1 0 0 1 1 0 0 1 4394.0 5866.0 6814.0 3972.0 5460.0 0 0.24528414125380646
1 0 1 1 1 1 0 0 1 1 0 0 1 1 0 0 1 1 0 1 5948.0 5990.0 6357.0 3902.0 5409.0 0 0.1153360256987593
1 1 0 0 1 1 0 0 1 1 0 1 1 1 0 1 0 0 1 1 5782.0 5237.0 6648.0 5578.0 5406.0 0 0.09808651912222235
1 0 0 1 1 1 0 0 1 1 1 0 1 1 0 1 0 1 0 1 6904.0 4881.0 7891.0 4397.0 5368.0 0 0.05161077782541821
1 0 0 1 0 1 0 0 1 1 1 1 1 1 1 1 0 0 0 1 7442.0 4419.0 7012.0 5364.0 5348.0 0 0.1189395222975482
1 0 0 1 1 1 0 1 1 1 0 1 1 0 0 1 1 0 0 1 6524.0 5258.0 7356.0 4919.0 5337.0 0 0.07979433546493904
1 0 0 0 1 1 0 0 1 1 0 1 1 1 0 0 1 0 1 1 5582.0 5676.0 5337.0 5278.0 5316.0 0 0.08328417592017424
1 0 0 1 1 1 0 0 1 1 0 1 1 1 0 1 1 0 0 1 6361.0 5353.0 6664.0 5412.0 5305.0 0 0.08564838555615842
1 0 1 1 1 1 0 0 1 1 0 1 1 0 0 1 0 1 0 1 6586.0 5202.0 7216.0 4510.0 5272.0 0 0.05382168733299071
1 0 0 1 0 1 0 0 1 1 0 1 1 1 1 1 0 0 1 1 7182.0 4799.0 6282.0 5571.0 5264.0 0 0.08011400165773408
1 0 0 1 0 1 0 1 1 1 1 1 1 1 0 1 0 0 0 1 7139.0 4383.0 7650.0 5066.0 5229.0 0 0.0655734299021044
1 1 0 1 1 1 0 0 1 1 0 1 1 0 0 1 0 1 0 1 6673.0 4998.0 7406.0 4629.0 5226.0 0 0.055629039106424895
1 0 1 1 1 1 0 0 1 1 0 0 1 1 0 0 0 1 1 1 6272.0 5729.0 6343.0 4000.0 5218.0 0 0.046798778466033586
1 0 0 1 1 0 0 0 1 1 0 1 1 1 1 1 0 0 1 1 6825.0 4373.0 6007.0 5748.0 5164.0 0 1000000000000000.0
1 0 0 1 1 1 1 0 1 1 0 0 1 0 0 0 1 0 1 1 5601.0 5989.0 6038.0 3960.0 5149.0 0 0.03663592598853057
1 0 0 1 0 1 1 0 1 1 0 0 1 1 0 0 1 0 1 1 5632.0 5755.0 5616.0 4216.0 5148.0 0 0.10398135888765811
1 0 1 0 1 1 0 0 1 1 1 0 1 1 0 0 1 0 0 1 5007.0 5722.0 6084.0 4123.0 5122.0 0 0.10706652872802805
1 0 1 0 1 1 1 0 1 1 0 0 1 1 0 1 1 0 0 0 3893.0 5666.0 6110.0 4289.0 5044.0 0 1000000000000000.0
1 0 0 1 1 1 0 0 1 1 0 1 1 1 1 1 1 0 0 0 6326.0 5094.0 6014.0 5534.0 5040.0 0 0.06012717071957778
1 0 1 0 1 1 0 0 1 1 0 0 1 1 0 0 1 0 1 1 4747.0 6102.0 5354.0 4330.0 5038.0 0 0.20948458636227293
1 1 0 0 1 1 0 0 1 1 0 0 1 1 0 0 1 0 1 1 4834.0 5898.0 5544.0 4449.0 4992.0 0 0.14826683352002457
1 0 1 1 1 1 0 0 1 1 1 0 1 1 0 1 0 0 0 1 6110.0 5138.0 7397.0 4355.0 4920.0 0 0.11036135018226265
0 0 0 1 1 1 0 0 1 1 0 1 1 0 0 1 1 0 1 1 6491.0 5319.0 5797.0 5132.0 4809.0 0 0.12657074584501787
1 0 0 1 1 1 0 0 1 1 0 1 1 0 0 0 1 0 1 1 6268.0 5698.0 5451.0 4828.0 4781.0 0 0.08648984790240127
1 0 0 1 0 1 0 0 1 1 0 1 1 1 0 0 1 0 1 1 6299.0 5464.0 5029.0 5084.0 4780.0 0 0.11916064553256764
1 0 0 1 1 1 1 0 1 1 0 0 1 1 0 0 1 0 1 0 5100.0 5789.0 5334.0 4277.0 4733.0 0 0.1896871722975778
1 0 0 1 1 1 0 0 1 1 0 0 1 1 0 0 1 0 1 1 5737.0 5753.0 5546.0 4381.0 4700.0 0 0.06964461248625264
1 0 0 1 1 1 0 0 1 1 1 0 1 0 0 0 1 0 1 1 6282.0 5748.0 6048.0 4214.0 4680.0 0 0.06963584964797984
1 0 0 1 0 0 0 0 1 1 0 1 1 1 0 1 1 0 1 1 6041.0 4707.0 5072.0 5620.0 4548.0 0 0.2340773851869851
1 0 1 1 1 1 0 0 1 1 0 0 1 0 0 0 1 0 1 1 5433.0 6124.0 5468.0 3880.0 4503.0 0 1000000000000000.0
1 0 1 1 1 1 0 0 1 1 0 0 1 0 0 1 1 0 0 1 5216.0 5652.0 6436.0 3943.0 4476.0 0 0.1245467308873083
1 0 0 1 1 1 0 0 1 1 0 1 1 1 0 0 1 0 1 0 5767.0 5498.0 4747.0 5145.0 4365.0 0 0.29354269653702936
1 0 0 1 0 1 0 0 1 1 0 1 1 1 0 1 1 0 1 0 5866.0 5167.0 5065.0 5504.0 4233.0 0 0.11018182404730176
1 0 1 0 1 1 0 0 1 1 0 1 1 0 0 0 1 0 1 0 4467.0 5720.0 4310.0 4573.0 4152.0 0 2000000000000000.0
0 0 0 0 1 1 0 0 1 1 0 1 1 0 0 1 1 0 1 0 4684.0 4843.0 4489.0 4857.0 3826.0 1 2000000000000000.2
