1 0 0 0 1 0 0 1 0 0 1 0 0 0 1 1 1 0 0 0 0 0 1 0 0 0 1 0 1 1 0 1 0 1 1 0 0 1 0 0 0 0 1 1 0 0 1 0 1 0 1 1 1 1 0 1 0 1 1 1 1 1 0 1 1 0 1 0 1 1 0 1 0 0 0 1 1 1 0 0 0 1 1 0 0 0 1 1 1 0 0 0 0 0 0 1 1 1 1 0 24434.0 20050.0 25017.0 0 1000000000000000.6
0 0 0 0 0 1 0 0 1 1 1 1 1 1 0 0 0 1 0 0 1 0 0 1 1 1 1 1 0 1 1 1 1 0 0 0 1 1 1 0 1 1 0 1 1 1 1 0 1 0 0 0 0 1 0 0 0 1 1 0 1 1 1 0 1 0 0 1 1 0 1 1 0 1 0 1 0 0 0 0 0 1 0 0 0 0 1 1 1 0 0 0 0 0 1 1 1 0 0 0 24951.0 20284.0 24711.0 0 0.8565107382354046
1 0 1 1 0 1 0 1 1 1 0 1 0 0 1 1 0 1 0 0 1 0 0 1 0 1 1 0 0 0 0 1 0 1 0 1 0 1 0 0 0 0 1 0 0 0 1 0 1 0 1 0 1 0 1 1 0 0 1 0 1 1 1 0 1 1 0 0 0 1 0 1 0 0 1 0 1 1 1 0 1 1 1 0 0 1 1 1 1 1 0 0 0 1 1 1 1 0 0 0 26549.0 21098.0 24440.0 0 1.141315351904837
0 0 0 0 0 1 0 0 1 1 1 1 1 1 0 0 0 1 0 0 1 0 0 1 0 1 1 1 0 1 1 1 1 0 0 0 1 1 1 0 1 1 0 0 0 0 1 1 1 1 0 0 1 1 0 1 0 1 1 1 1 1 0 1 1 0 1 0 1 1 1 1 0 1 1 0 0 0 0 1 0 0 0 0 0 1 1 0 0 1 0 0 1 0 0 1 0 1 0 0 27556.0 19207.0 23414.0 0 2000000000000000.2
1 1 0 0 1 1 1 0 0 0 1 1 1 1 0 1 0 1 0 0 0 0 0 1 0 1 1 1 0 1 1 1 1 0 0 1 1 1 1 0 1 1 0 1 0 0 1 1 1 1 0 0 1 0 1 1 0 0 1 0 1 1 0 0 1 1 0 0 0 1 0 1 0 0 1 0 0 0 0 0 0 1 0 1 1 0 0 0 1 0 0 0 0 0 0 0 1 0 0 0 22338.0 21882.0 22103.0 0 1000000000000000.6
1 0 0 0 0 0 0 1 1 1 0 1 0 0 1 1 0 1 0 1 1 0 0 0 1 0 0 1 0 1 1 1 0 0 0 1 1 0 0 1 0 0 1 0 0 0 0 1 1 1 0 0 0 1 0 1 0 1 1 0 1 0 1 1 0 1 0 0 0 1 1 0 1 0 0 1 0 1 1 0 1 0 0 0 1 0 0 1 0 0 0 0 0 0 0 1 1 1 1 0 24484.0 21521.0 20391.0 0 0.9102634966498884
1 1 1 0 0 0 0 0 1 0 1 1 1 1 1 1 1 0 0 1 0 0 1 0 1 0 0 1 0 1 0 0 0 0 1 0 1 0 1 0 1 1 1 0 0 0 1 1 1 1 1 0 0 1 0 0 1 1 1 0 0 1 0 0 0 0 0 0 0 0 0 1 1 0 1 0 0 0 1 1 1 1 0 0 1 0 0 0 1 0 0 0 1 1 0 0 1 0 1 0 23347.0 22049.0 18746.0 0 2000000000000000.5
1 0 1 1 0 1 0 1 1 1 0 1 0 0 1 1 0 1 0 1 1 0 0 1 0 1 1 1 0 1 0 1 0 1 0 1 0 1 0 0 0 0 1 0 1 0 1 0 1 0 1 0 1 0 1 1 0 0 1 0 0 1 1 0 0 0 1 1 0 0 1 1 0 1 0 0 1 0 0 0 1 0 1 0 0 0 0 1 1 0 1 1 1 0 0 0 1 0 1 0 25568.0 19376.0 23892.0 1 1000000000000000.5
1 0 1 1 0 1 0 1 1 1 0 1 0 0 1 1 0 1 0 1 1 0 0 1 0 1 1 0 0 1 0 1 0 1 0 1 0 1 0 0 0 0 1 0 0 0 1 0 1 0 1 0 1 0 1 1 0 0 1 0 1 1 1 0 1 0 0 1 1 0 1 1 0 1 0 1 1 0 0 0 0 1 0 0 0 0 1 1 1 0 0 0 0 0 0 1 1 0 1 0 26145.0 18997.0 23557.0 1 0.7140014225325695
0 0 0 0 0 1 0 0 1 1 1 1 1 1 0 0 0 1 0 0 1 0 0 1 0 1 1 1 0 1 1 1 1 0 0 0 1 1 1 0 1 1 0 0 0 0 1 1 1 1 0 0 1 1 0 1 0 1 1 1 1 1 0 1 1 0 1 0 1 1 1 1 0 1 1 0 0 0 0 1 0 0 0 0 0 1 1 0 0 1 0 0 1 0 1 0 0 0 0 0 26300.0 18302.0 23030.0 1 1000000000000000.2
1 0 0 1 1 0 0 0 1 0 1 0 0 1 0 1 1 1 0 0 1 0 0 1 0 1 1 0 0 0 0 1 0 1 0 1 0 1 0 0 0 1 0 0 0 0 0 1 1 1 1 1 1 0 0 0 0 1 0 0 1 0 1 1 1 1 0 0 1 0 0 1 1 1 1 1 1 1 1 0 1 0 0 0 0 0 0 0 0 0 1 1 0 0 0 1 0 0 0 0 24009.0 20127.0 22585.0 1 0.9903269022089756
1 1 0 0 1 1 1 0 0 0 1 1 1 1 0 1 0 1 0 0 0 0 0 1 0 1 1 1 0 1 1 1 1 0 0 1 1 1 1 0 1 1 0 0 0 0 1 1 1 1 0 0 1 0 1 1 0 0 1 0 1 1 0 0 1 1 0 0 0 1 0 1 0 0 1 0 0 0 0 0 0 1 0 1 1 0 0 0 1 0 0 0 0 0 0 0 1 0 0 0 22301.0 20975.0 21895.0 1 0.8470074434403865
1 1 1 0 0 0 0 0 1 0 1 1 0 1 1 1 1 0 1 0 0 1 1 1 1 0 0 0 0 1 1 1 0 0 0 1 1 1 1 0 1 1 0 0 0 0 1 1 1 1 0 0 1 0 1 1 0 0 1 0 1 1 0 0 1 1 0 0 0 1 0 1 1 0 1 0 0 0 0 0 1 1 0 0 0 0 1 0 1 0 0 0 1 1 0 0 0 1 1 0 25045.0 20561.0 21403.0 1 0.5547597817593776
0 1 1 0 1 0 0 1 0 0 0 0 1 0 0 1 1 1 0 0 0 0 0 1 0 1 1 1 0 1 1 1 1 0 0 1 1 1 1 0 1 1 0 0 0 0 1 1 1 1 0 0 1 0 1 1 0 0 1 0 1 1 0 0 1 1 0 0 0 1 0 1 1 0 1 0 0 0 0 0 1 1 0 0 0 0 1 0 1 0 0 0 1 1 0 0 0 1 1 0 26244.0 20605.0 21364.0 1 0.2372938662488589
1 0 0 0 0 1 0 0 1 1 1 1 1 1 0 0 0 1 0 0 0 0 0 1 0 1 1 1 0 1 1 1 1 0 0 1 1 1 1 0 1 1 0 0 0 0 1 1 1 1 0 0 1 0 1 1 0 0 1 0 1 1 0 0 1 1 0 0 0 1 0 1 1 0 1 0 0 0 0 0 1 1 0 0 0 0 1 0 1 0 0 0 1 1 0 0 0 1 1 0 26359.0 19837.0 21129.0 1 1000000000000000.4
1 1 0 1 0 0 1 1 0 1 0 1 0 0 0 0 0 1 0 1 0 0 1 1 1 1 1 1 0 0 0 0 0 0 0 1 1 0 1 0 1 1 0 1 0 0 0 0 1 0 1 1 1 1 0 0 0 0 0 0 1 0 1 1 0 1 0 0 1 0 1 1 1 1 1 1 0 1 1 0 1 0 0 0 1 0 0 1 0 0 0 0 0 0 0 1 1 0 1 0 24396.0 20982.0 20770.0 1 0.7168936695837141
1 0 0 0 0 0 0 1 1 1 0 1 0 0 1 1 0 1 0 1 1 1 0 0 1 0 0 1 0 1 1 0 1 0 0 1 1 0 0 1 0 1 0 1 1 0 0 0 0 1 1 0 1 0 1 0 0 0 0 0 1 0 1 0 1 0 0 0 0 0 0 0 0 1 0 0 1 1 1 0 1 1 1 0 0 1 0 1 1 1 0 0 0 1 1 1 1 0 0 0 22076.0 21288.0 19505.0 1 3000000000000000.0
1 0 1 1 0 1 0 1 1 1 0 1 0 0 1 1 0 1 0 1 1 0 0 1 0 1 1 0 0 1 0 1 0 1 0 1 0 1 0 0 0 0 1 0 1 0 1 0 1 0 1 0 1 0 1 1 0 0 1 0 0 1 1 0 0 0 1 1 0 0 1 1 0 1 0 0 1 0 0 0 1 0 1 0 0 0 0 1 1 0 1 1 1 0 0 0 1 0 1 0 25106.0 18834.0 23458.0 2 3000000000000000.0
1 0 1 1 0 1 0 1 1 1 0 1 0 0 1 1 0 1 0 1 1 0 0 1 0 1 1 0 0 1 0 1 0 1 0 1 0 1 0 0 0 0 1 0 0 0 1 0 1 0 1 0 1 0 1 1 0 0 1 0 1 1 1 0 1 0 0 1 1 0 1 1 0 1 0 1 0 0 0 0 0 1 0 0 0 0 1 1 1 0 0 0 0 0 1 1 1 0 0 0 24635.0 18929.0 23047.0 2 0.6452284253419196
0 0 0 0 0 1 0 0 1 1 1 1 1 1 0 0 0 1 0 0 1 0 0 1 1 1 1 1 0 1 1 1 1 0 0 0 1 1 1 0 1 1 0 1 1 1 1 0 1 0 0 0 0 1 0 0 0 1 0 1 0 0 0 0 0 0 0 0 0 1 1 0 0 0 1 0 0 1 1 1 0 1 1 1 1 0 0 0 0 1 1 0 0 0 0 0 1 1 1 0 21922.0 19910.0 22343.0 2 0.3705593699183046
1 0 0 0 1 0 1 1 0 0 0 0 0 0 1 1 0 1 0 0 1 0 1 1 0 1 1 0 0 0 0 1 1 1 0 0 1 1 0 0 1 1 0 1 0 1 1 0 1 1 0 1 0 1 0 0 0 1 0 1 0 0 0 0 0 0 0 0 0 1 1 1 0 0 1 0 0 0 1 1 0 1 1 1 1 0 0 0 1 1 1 0 0 0 0 0 1 0 1 0 22270.0 19824.0 22227.0 2 0.3453933900234264
1 1 1 0 1 0 0 0 0 1 0 0 1 1 0 0 0 0 0 0 0 0 0 1 1 1 1 0 1 1 0 1 1 1 1 0 0 0 0 1 1 0 1 1 0 0 1 0 1 1 1 1 1 1 0 0 0 0 1 0 1 0 1 1 0 1 0 0 1 0 0 1 1 1 1 1 0 1 1 0 1 0 0 0 0 0 0 1 0 0 0 0 0 0 1 0 0 0 0 0 23644.0 19372.0 21874.0 2 0.3860875740179849
0 0 0 1 0 1 1 1 0 0 0 0 1 1 0 1 1 1 0 1 0 1 0 1 1 1 1 0 1 1 0 1 1 1 1 0 0 0 0 1 1 0 1 0 0 0 1 0 0 1 1 0 0 0 0 0 1 0 0 1 0 0 0 0 1 0 0 0 0 0 0 1 1 1 0 1 0 0 1 0 0 0 0 1 0 0 0 0 1 0 1 0 0 1 0 1 0 1 0 1 22880.0 19452.0 21546.0 2 0.21719861683212205
0 0 0 0 0 1 0 0 1 1 1 1 1 1 0 0 0 1 1 0 1 0 0 1 0 1 1 1 0 1 1 1 1 0 0 0 1 1 1 0 0 0 1 1 0 0 1 0 1 0 1 1 1 1 0 0 0 0 1 0 1 0 1 1 0 1 0 0 1 0 0 1 1 1 1 1 0 1 1 0 1 0 0 0 0 0 0 1 0 0 0 0 0 0 1 0 0 0 0 0 23844.0 19543.0 21524.0 2 0.3855196832674009
1 0 1 1 0 1 0 1 1 1 0 1 0 0 1 1 1 0 0 0 0 0 1 0 0 0 1 0 1 0 0 1 0 1 1 0 0 1 0 0 0 0 1 1 0 0 1 0 1 0 1 1 1 1 0 0 0 0 0 0 1 0 1 1 0 1 0 0 1 0 0 1 1 1 1 1 0 1 1 0 1 0 0 0 1 0 0 1 1 0 0 0 0 0 0 1 1 0 1 0 22861.0 20086.0 21318.0 2 0.33295272122809183
1 0 0 0 0 1 0 0 1 1 1 1 1 1 0 0 0 1 0 0 1 0 0 1 0 1 1 1 0 1 1 1 1 0 0 1 1 1 1 0 1 1 0 0 0 0 1 1 1 1 0 0 1 0 1 1 0 0 1 0 1 1 0 0 1 1 0 0 0 1 0 1 0 0 1 0 0 0 0 0 1 1 0 1 1 0 0 0 1 0 0 0 0 0 0 0 1 0 0 0 23233.0 20076.0 20868.0 2 0.2763299227025758
0 1 0 0 1 0 0 1 0 0 0 0 1 0 0 1 1 1 0 1 0 0 0 0 0 0 1 1 1 0 1 0 0 1 1 1 0 0 1 0 1 1 0 0 0 0 0 1 0 1 1 1 0 0 1 1 0 1 1 0 1 1 0 0 1 1 0 0 0 1 0 1 1 0 1 0 1 0 0 0 0 1 1 0 0 0 1 1 1 0 0 0 0 0 0 1 1 1 1 0 23687.0 20084.0 20775.0 2 0.05325263827266086
0 0 0 0 0 1 0 1 1 1 1 1 1 1 0 0 0 1 0 0 1 0 0 1 0 1 1 1 0 1 1 1 1 0 0 0 1 1 1 0 1 1 0 0 0 0 1 1 1 1 0 0 1 0 1 0 0 0 0 1 0 0 0 0 1 0 1 0 0 1 1 0 1 0 0 0 0 0 1 1 1 1 0 0 1 0 0 0 1 0 0 0 1 1 0 0 1 0 1 0 24834.0 19787.0 20694.0 2 0.2824294721423168
1 1 0 1 0 0 1 1 0 1 0 1 0 0 0 0 0 1 0 1 0 0 0 1 1 1 1 1 0 0 0 0 0 0 0 1 1 0 1 0 1 1 1 1 0 0 1 0 1 0 1 1 1 1 0 0 0 0 1 0 1 0 1 1 0 1 0 0 1 0 0 1 1 1 1 1 0 1 1 0 1 0 0 0 0 0 0 1 0 0 0 0 0 0 1 0 0 0 0 0 23726.0 19976.0 20444.0 2 0.21425042643290726
1 1 0 0 1 1 1 0 0 0 1 1 1 1 0 1 0 1 0 0 0 0 0 1 1 1 1 1 0 0 0 0 0 0 0 1 1 0 1 0 1 1 0 0 0 0 0 1 0 1 1 1 0 0 0 0 0 1 0 0 1 0 1 1 0 1 0 0 1 0 0 1 1 1 1 1 1 1 1 0 1 0 0 0 0 0 0 0 0 0 1 1 0 0 0 1 0 0 0 0 23482.0 20275.0 20074.0 2 0.5279731756047589
0 0 0 0 1 0 0 1 0 0 0 0 1 0 0 1 1 1 0 1 0 0 0 0 0 0 1 1 1 0 1 0 0 1 0 1 0 0 1 0 0 0 1 0 0 0 1 0 1 0 1 0 1 0 1 1 0 0 1 0 1 1 1 0 1 1 0 0 1 1 1 0 1 0 0 0 1 1 0 0 1 1 0 0 0 0 0 0 0 0 0 1 0 1 0 1 1 1 0 0 21548.0 20620.0 19246.0 2 1.0821851601346042
1 1 0 0 0 1 1 0 0 0 0 0 0 0 0 1 0 1 0 1 0 0 1 0 0 0 0 1 0 1 0 0 0 0 1 0 1 1 1 0 1 1 1 0 0 0 1 1 1 1 1 0 0 1 0 0 1 1 1 0 0 1 0 0 0 1 0 0 0 1 1 0 1 0 0 0 0 0 1 1 1 1 0 0 0 0 0 0 1 1 0 0 0 1 1 1 1 0 0 0 20658.0 21209.0 17773.0 2 3000000000000000.0
0 0 0 0 0 1 0 0 1 1 1 1 1 1 0 0 0 1 0 0 1 0 0 1 0 1 1 1 0 1 1 1 1 0 0 0 1 1 1 0 1 1 0 0 0 0 0 0 1 0 0 1 0 1 1 0 0 0 1 0 0 1 1 0 0 0 1 1 0 0 1 1 0 1 0 0 1 0 0 0 1 0 1 0 0 0 0 1 1 0 1 1 1 0 1 0 1 0 1 1 25087.0 17651.0 23341.0 3 3000000000000000.0
1 0 0 1 1 0 0 0 1 0 1 0 0 1 0 1 1 1 0 0 1 0 0 1 0 1 1 0 0 0 0 1 0 1 0 1 0 1 0 0 0 0 1 0 0 0 1 0 1 0 1 1 1 1 0 1 0 1 1 1 1 1 0 1 1 0 0 0 1 0 0 0 0 1 0 0 0 1 0 0 0 1 1 0 0 0 0 1 0 0 0 1 1 1 0 1 0 1 0 0 22882.0 18163.0 23339.0 3 0.4490209719397134
0 0 0 1 1 0 0 0 1 1 0 1 0 0 0 0 1 0 1 0 1 0 0 0 1 0 0 0 1 1 0 0 1 1 0 1 0 0 1 1 0 0 1 0 0 0 1 0 1 0 1 1 1 1 0 0 0 1 0 0 0 1 0 1 0 0 0 0 1 0 0 0 0 1 0 0 1 1 1 0 1 1 1 0 0 0 0 1 1 1 0 0 0 1 1 1 1 0 0 0 19221.0 18338.0 22730.0 3 1000000000000000.4
1 0 1 1 0 1 0 1 1 1 0 1 0 0 1 1 0 1 0 0 1 0 0 1 0 1 1 0 0 0 0 1 1 1 0 0 0 1 0 0 1 1 0 1 0 1 1 0 1 1 0 1 0 1 0 0 0 1 0 1 0 0 0 0 0 0 0 0 0 1 1 1 0 0 1 0 0 0 1 1 0 1 1 1 1 0 0 0 0 1 1 0 0 0 0 0 1 0 1 0 21696.0 18582.0 22006.0 3 0.5698298401660774
0 0 0 0 0 1 0 0 1 1 1 1 1 1 0 0 0 1 0 0 1 0 0 1 0 1 1 1 0 1 1 1 1 0 0 0 0 1 0 0 0 0 1 1 0 0 1 0 1 0 1 1 1 1 0 0 0 0 0 0 1 0 1 1 0 1 0 0 1 0 0 1 1 1 1 1 0 1 1 0 1 0 0 0 1 0 0 1 0 0 0 0 0 0 0 1 1 0 1 0 23503.0 19154.0 21678.0 3 0.3200120713859877
1 0 0 0 0 0 0 1 1 1 0 1 0 0 1 1 1 1 1 0 1 0 1 1 0 1 1 0 0 0 0 1 0 1 0 1 0 1 0 0 0 0 1 0 0 0 1 0 1 0 1 0 1 0 1 1 0 0 1 0 1 1 0 0 1 1 0 0 0 1 0 1 1 1 1 1 1 1 1 0 1 0 0 0 0 0 0 0 0 0 1 1 0 0 0 1 0 0 0 0 23547.0 18840.0 21315.0 3 0.2756537236064168
0 0 0 0 0 1 0 0 1 1 1 1 1 1 0 0 0 1 0 0 1 0 0 1 1 1 1 1 0 1 1 1 1 0 0 0 1 1 1 0 1 1 0 1 1 1 1 0 1 0 0 0 0 1 0 0 0 1 0 1 0 0 0 0 1 1 0 0 0 1 0 1 1 0 1 0 0 0 0 0 1 1 0 0 0 0 1 0 1 0 0 0 1 1 0 0 0 1 1 0 24432.0 18814.0 21038.0 3 0.3372851984181744
1 1 1 0 1 0 0 0 1 0 1 1 0 0 0 1 1 1 1 0 0 0 1 0 1 1 0 0 0 0 0 1 0 0 1 0 0 1 0 0 0 0 1 1 0 0 1 0 1 0 1 1 1 1 0 0 0 0 1 0 1 0 1 1 0 1 0 0 1 0 0 1 1 1 1 1 0 1 1 0 1 0 0 0 0 0 0 1 0 0 0 0 0 0 1 0 1 1 0 1 21189.0 19969.0 20929.0 3 0.3878842741907717
0 0 0 0 0 1 0 0 1 1 1 1 1 1 0 0 0 1 0 0 1 0 0 1 1 1 1 1 0 1 1 1 1 0 0 0 1 1 1 0 1 1 0 1 1 1 1 0 1 0 0 0 0 1 0 0 0 1 0 1 0 0 0 0 0 0 0 0 0 1 1 0 1 0 0 0 0 0 1 1 1 1 0 0 1 0 0 0 1 0 0 0 1 1 0 0 1 0 1 0 23284.0 19722.0 20411.0 3 0.4078467650481149
0 0 1 0 0 0 0 1 0 1 0 0 0 1 0 0 1 1 0 0 0 1 1 0 0 0 1 0 1 0 0 1 0 1 1 0 0 1 0 0 0 0 1 1 0 0 1 0 1 1 1 1 1 1 0 0 0 0 0 0 1 0 1 1 0 1 0 0 1 0 0 1 1 1 1 1 0 1 1 0 1 0 0 0 1 0 0 0 0 0 0 1 0 1 0 1 0 1 0 0 22680.0 20181.0 20007.0 3 0.25341459605463396
1 0 0 1 1 0 1 1 0 0 0 0 0 0 1 1 1 0 0 0 0 0 1 0 0 0 1 0 1 0 0 1 0 1 1 0 0 1 0 0 0 0 1 1 0 0 1 0 1 0 1 1 1 1 0 0 0 1 0 0 1 0 1 1 0 1 0 0 1 0 0 1 1 1 1 1 0 1 1 0 1 0 0 0 1 0 0 0 0 0 0 0 1 1 0 0 1 0 1 0 22510.0 20207.0 19779.0 3 0.2909502248091266
1 1 0 1 0 0 1 1 0 1 0 1 0 0 0 0 0 1 0 1 0 0 0 1 1 1 1 1 0 0 0 0 0 0 0 1 1 0 1 0 1 1 0 0 0 0 0 1 0 1 1 1 0 0 0 0 0 1 0 0 1 0 1 1 0 1 0 0 1 0 0 1 1 1 1 1 1 1 1 0 1 0 0 0 0 0 1 0 0 0 1 1 0 0 0 0 1 1 0 0 23785.0 19552.0 19458.0 3 0.3479284275147334
0 0 0 0 0 1 0 0 1 1 1 1 1 1 0 0 0 1 0 0 1 0 0 1 0 1 1 1 0 1 1 0 0 0 0 1 1 0 1 0 1 1 0 0 0 0 0 1 0 1 1 1 0 0 0 0 0 1 0 0 1 0 1 1 0 1 0 0 1 0 0 1 1 1 1 1 1 1 1 0 1 0 0 0 0 0 0 0 0 0 1 1 0 0 0 1 0 0 0 0 24024.0 19290.0 19101.0 3 0.37933864198104933
0 1 0 0 1 0 0 1 0 0 0 0 1 0 0 1 1 1 0 1 0 0 0 0 0 0 1 1 1 0 1 0 0 1 0 1 0 0 1 0 1 1 0 0 0 0 0 1 0 1 1 1 0 0 1 1 0 1 1 0 1 1 0 0 0 0 0 0 0 1 1 0 0 0 1 0 0 1 1 1 0 1 1 1 1 0 0 0 0 1 1 0 0 0 0 0 1 1 1 0 20868.0 20270.0 18693.0 3 0.6861672222208204
1 1 0 0 0 1 1 0 0 0 0 0 0 0 0 1 0 1 0 1 0 0 1 0 0 0 0 1 0 1 0 0 0 0 1 0 1 0 1 0 1 1 1 0 0 0 1 1 1 1 1 0 0 1 0 0 1 1 1 0 0 1 0 0 0 1 0 0 0 1 1 0 1 0 0 0 0 0 1 1 1 1 0 0 0 0 0 0 1 0 0 0 1 1 1 0 1 0 1 0 20991.0 20465.0 17346.0 3 2000000000000000.0
0 0 0 1 1 0 0 1 1 1 0 1 0 0 1 1 0 1 0 0 1 0 0 1 0 1 1 0 0 0 0 1 0 1 0 1 0 1 0 0 0 0 1 0 0 0 1 0 1 0 1 0 1 0 1 1 0 1 1 0 1 1 0 0 1 0 0 1 1 0 1 1 0 0 0 1 1 0 0 0 0 1 0 0 0 0 0 1 0 0 0 1 1 1 0 1 0 1 0 1 23995.0 16691.0 22622.0 4 2000000000000000.0
1 1 1 1 0 1 1 0 0 1 1 0 0 1 1 0 0 1 0 0 1 0 0 1 1 0 0 0 0 0 1 0 1 0 0 0 0 0 0 1 1 1 1 1 1 0 1 0 0 1 1 0 1 0 1 0 0 0 0 0 0 0 0 1 1 0 0 0 0 1 1 0 0 0 1 0 0 1 1 1 0 1 1 1 1 0 0 0 0 1 1 0 0 0 0 0 1 1 1 0 18611.0 17724.0 22194.0 4 1000000000000000.2
1 0 0 0 1 0 1 1 0 0 0 0 0 0 1 1 1 0 0 0 0 0 1 0 0 0 1 0 1 0 0 1 0 1 1 0 0 1 0 0 0 0 1 1 0 0 1 0 1 0 1 1 1 1 0 0 0 0 0 0 1 0 1 1 0 0 0 1 0 1 0 1 0 1 0 1 0 0 0 0 0 1 1 1 0 0 1 1 1 0 0 1 1 0 0 1 0 0 1 0 22249.0 17357.0 22181.0 4 0.28856235822144893
1 0 0 1 0 1 0 1 1 1 0 1 0 0 1 1 0 1 0 0 1 0 0 1 0 1 1 0 0 0 0 1 0 1 0 1 0 1 0 0 0 0 1 0 0 0 1 0 1 0 1 0 1 0 1 1 0 0 1 0 1 1 1 0 1 1 0 0 0 1 0 1 0 0 1 0 0 0 0 0 1 1 0 1 1 0 0 0 1 0 0 1 0 0 0 1 0 0 1 1 23269.0 17446.0 22143.0 4 0.28288994476737606
0 0 0 1 1 0 0 0 1 1 0 1 0 0 0 0 1 0 1 0 1 0 0 0 1 0 0 0 1 1 0 0 1 1 0 1 0 0 1 1 0 0 0 0 0 0 1 0 1 0 1 1 1 1 0 0 0 0 0 0 1 0 1 1 0 1 0 0 1 0 1 1 1 1 1 1 0 1 1 0 1 0 0 0 1 0 0 1 0 0 0 0 0 0 0 1 1 0 1 0 20643.0 18285.0 21867.0 4 0.3151402786533671
0 0 0 0 0 1 0 0 1 1 1 1 1 1 1 1 1 0 0 0 0 0 1 0 0 0 1 0 1 0 0 1 0 1 1 0 0 1 0 0 0 0 1 1 0 0 1 0 1 0 1 1 1 1 0 1 0 1 1 1 1 1 0 1 1 0 1 0 1 0 0 0 0 1 0 0 0 1 0 0 0 1 1 0 0 0 0 1 0 0 1 1 0 0 0 1 1 0 0 0 19995.0 18302.0 21780.0 4 0.2275680388105174
1 0 1 0 0 1 0 0 1 1 1 1 0 1 0 0 0 1 1 0 1 0 0 1 0 1 1 1 0 1 1 1 1 0 0 0 1 1 1 0 1 1 0 0 0 0 1 1 1 1 0 0 1 0 1 0 0 0 0 0 1 1 1 0 1 1 0 0 0 1 0 1 0 0 1 0 0 0 0 0 1 1 0 1 1 1 0 0 1 0 0 0 0 0 0 0 1 0 0 0 22662.0 18380.0 21505.0 4 0.1633636671946992
0 0 0 1 0 1 1 1 0 0 0 0 1 1 0 1 1 1 0 1 0 0 0 1 1 1 1 0 1 1 0 1 1 1 1 0 0 0 0 1 1 0 1 0 0 0 1 0 0 1 1 0 0 1 0 1 1 0 0 1 0 0 1 1 1 0 0 0 0 0 1 0 0 0 0 0 1 0 0 1 1 0 0 0 0 0 0 0 1 1 0 0 0 0 0 1 0 0 1 0 23401.0 17784.0 21464.0 4 0.21146615205039848
1 0 1 0 0 1 0 0 1 1 1 1 1 1 0 0 0 1 1 0 1 0 0 1 0 1 1 1 0 1 1 1 1 0 0 0 1 1 1 0 1 1 0 0 0 0 1 1 1 1 0 0 1 0 1 0 0 1 0 0 1 1 0 0 1 1 0 0 0 1 0 1 0 0 1 0 0 0 0 0 1 1 0 1 1 1 0 0 1 0 0 0 0 0 0 0 1 0 0 0 22438.0 18519.0 21375.0 4 0.14437977482218411
0 0 0 0 0 1 0 0 1 1 1 1 1 1 0 0 0 1 1 0 1 0 0 1 0 1 1 1 0 1 1 1 1 0 0 0 1 1 1 0 1 1 0 0 0 0 1 1 1 1 0 0 1 0 1 0 0 0 0 0 1 1 1 0 1 1 0 0 0 1 0 1 0 0 1 0 0 0 0 0 1 1 0 1 1 1 0 0 1 0 0 0 0 0 0 0 1 0 0 0 22692.0 18652.0 21178.0 4 0.12063648497752517
1 0 0 0 1 0 0 1 0 0 1 0 0 0 1 1 1 0 0 0 0 0 1 0 0 0 1 0 1 0 0 1 0 1 1 0 0 1 0 0 0 0 1 1 0 0 1 0 0 0 1 1 1 1 0 1 0 1 1 1 1 1 0 1 1 0 1 0 1 1 0 1 0 0 1 0 0 0 0 0 1 0 0 1 1 0 0 0 1 0 0 0 0 1 1 1 1 0 0 0 20624.0 19247.0 20914.0 4 0.28344333572151803
1 0 1 1 0 1 0 1 1 1 0 1 0 0 1 1 0 1 0 1 1 0 0 1 0 1 1 0 0 1 0 1 0 1 0 1 0 1 0 0 0 0 1 0 0 0 1 1 1 0 1 0 1 0 1 1 0 0 1 0 1 1 1 0 1 0 0 1 1 0 1 1 0 1 0 1 1 0 0 0 0 1 0 0 0 0 0 0 1 0 0 0 0 0 0 0 1 0 0 0 24068.0 18616.0 20770.0 4 1000000000000000.1
1 0 0 1 1 0 1 1 0 0 0 0 0 0 1 1 1 0 0 0 0 0 1 0 0 0 1 0 1 0 0 1 0 1 1 0 0 1 0 0 0 0 1 1 0 0 1 0 1 0 1 1 1 1 0 0 0 1 0 0 1 0 1 1 0 1 0 0 1 0 0 1 1 1 1 1 0 1 1 0 1 0 0 0 1 0 0 1 0 0 0 0 0 0 0 0 0 1 1 0 21156.0 18838.0 20356.0 4 0.36793158860130964
0 0 1 0 0 0 0 1 0 1 0 0 0 1 0 0 1 1 0 0 0 1 1 0 0 0 1 0 1 0 0 1 0 1 1 0 0 1 0 0 0 0 1 1 0 0 1 0 1 1 1 1 1 1 0 0 0 0 0 0 1 0 1 1 0 1 0 0 1 0 0 1 1 1 1 1 0 1 1 0 1 0 0 0 1 0 0 0 1 0 0 1 0 1 1 0 0 0 0 0 21928.0 19506.0 20300.0 4 0.40092537353763175
1 1 0 1 0 0 1 1 0 1 0 1 0 0 0 0 0 1 0 1 0 0 0 1 1 1 1 1 0 0 0 0 1 0 0 1 1 0 0 0 1 1 0 0 0 0 0 1 0 1 1 1 0 0 0 0 0 1 0 0 0 1 0 1 0 0 0 0 1 0 0 0 0 1 0 0 1 1 1 0 1 1 1 0 0 1 0 1 1 1 0 0 0 1 1 1 1 0 0 0 22270.0 18892.0 20154.0 4 0.20508699129098257
0 0 0 1 0 1 1 1 0 0 0 0 1 1 0 1 1 1 0 1 0 0 1 0 1 1 0 0 0 0 0 1 0 1 0 1 0 1 0 0 0 0 1 0 0 0 1 0 1 0 1 0 1 0 1 1 0 0 1 0 1 1 0 0 1 1 0 0 0 1 0 1 1 0 1 0 0 0 0 0 1 1 0 0 0 0 1 0 1 0 0 0 1 1 0 0 0 1 1 0 22735.0 18743.0 19825.0 4 0.2250051333018177
1 1 1 0 1 0 0 0 1 0 0 1 0 0 0 1 1 1 1 0 0 0 1 0 1 1 0 0 0 1 1 1 1 0 0 1 1 1 1 0 1 1 0 0 0 0 1 1 0 1 0 0 1 0 1 1 0 0 1 0 1 1 0 0 1 1 0 0 0 1 0 1 0 0 1 0 0 0 0 0 1 1 0 1 1 0 0 0 1 0 0 0 0 0 0 0 1 0 0 0 19908.0 20043.0 19762.0 4 0.46529907406476445
0 0 0 0 1 0 0 1 0 0 0 0 1 0 0 1 1 1 0 1 0 0 0 0 0 0 1 1 1 0 1 0 0 1 0 1 0 0 1 0 0 0 1 0 0 0 1 0 1 0 1 0 1 0 1 1 0 0 1 0 1 1 1 0 1 1 0 0 1 0 0 1 1 1 1 1 0 1 1 0 1 0 0 0 1 0 0 1 0 0 0 0 0 0 0 1 1 0 1 0 22348.0 20184.0 19733.0 4 1000000000000000.0
1 0 0 0 0 1 0 0 1 1 1 1 1 1 0 0 0 1 0 0 1 0 0 1 0 1 1 1 0 1 1 1 1 0 0 0 1 1 1 0 1 1 0 0 0 1 1 1 1 1 0 0 1 0 1 0 0 0 0 0 0 0 0 0 1 0 1 0 0 1 0 1 0 1 1 0 1 1 1 0 0 0 0 0 0 0 0 0 0 0 0 0 1 0 0 0 1 1 1 0 22469.0 19477.0 19573.0 4 0.3138972940176543
1 1 0 1 0 0 1 1 0 1 0 1 0 0 0 0 0 1 0 1 0 0 0 1 1 1 1 1 0 0 0 0 0 0 0 1 1 0 1 0 1 1 0 0 0 0 0 1 0 1 1 1 0 0 0 0 0 1 0 0 1 0 1 1 0 1 0 0 1 0 0 1 1 1 1 1 1 1 1 0 1 0 0 0 0 0 0 0 0 0 1 1 0 0 0 1 0 0 0 0 23520.0 18683.0 18693.0 4 0.5523658648502787
0 1 0 0 1 0 0 1 0 0 0 0 1 0 0 1 1 1 0 1 0 0 0 0 0 0 1 1 1 0 1 0 0 1 0 1 0 0 1 0 1 1 0 0 0 0 0 1 0 1 1 1 0 0 1 1 0 1 1 0 1 1 0 0 1 1 0 0 0 1 0 1 1 0 1 0 0 0 0 0 1 1 0 0 0 0 1 0 1 0 0 0 1 1 0 0 0 1 1 0 23378.0 19174.0 17388.0 4 1000000000000000.1
0 0 0 1 1 0 0 0 1 1 0 1 0 0 0 0 1 0 1 0 1 0 0 0 1 0 0 0 1 1 0 0 1 1 0 1 0 0 1 1 0 0 0 0 0 0 0 0 1 0 0 0 0 1 1 0 0 0 1 0 0 1 0 0 1 0 0 1 0 1 0 1 0 1 0 1 0 0 0 0 0 1 1 1 0 0 1 1 1 0 0 1 1 0 0 1 0 0 1 0 19036.0 14585.0 22143.0 5 3000000000000000.0
1 0 1 0 0 0 0 0 0 1 0 0 1 1 0 0 0 0 0 0 0 0 0 1 1 1 1 0 1 1 0 1 1 1 1 0 0 0 0 1 1 1 0 1 1 0 1 0 0 0 0 1 0 0 0 0 0 1 0 0 0 1 1 1 0 0 1 0 0 0 0 1 1 0 0 1 1 1 0 1 0 1 1 0 0 0 1 0 0 0 1 1 0 0 0 1 0 0 0 0 20904.0 15567.0 22109.0 5 0.3463833481701341
0 0 0 1 1 0 0 0 1 1 0 1 0 0 0 0 0 1 1 1 0 0 1 1 0 0 0 1 0 0 1 1 0 0 0 0 0 1 0 0 1 1 0 0 0 0 0 0 1 0 0 1 0 1 1 0 0 0 1 1 0 1 1 0 0 0 1 1 0 0 1 1 0 1 0 0 1 1 0 0 1 0 1 0 0 0 0 1 1 0 1 1 1 0 1 0 1 0 1 1 22058.0 17112.0 21960.0 5 0.1519520920014245
1 1 1 0 1 0 0 0 1 0 1 1 0 0 0 1 1 1 1 0 1 0 0 1 1 1 1 0 1 1 0 1 1 1 1 0 0 0 0 1 1 0 1 0 0 0 1 0 0 1 1 0 0 1 0 1 1 0 0 1 0 0 1 1 1 0 0 0 0 0 1 0 0 0 0 0 1 0 0 1 1 0 0 0 0 0 0 0 1 1 0 0 0 0 0 1 0 0 1 0 22709.0 16640.0 21925.0 5 0.4108010707047951
1 0 1 1 0 1 0 1 1 1 0 1 0 0 1 1 0 1 0 0 1 0 0 1 0 1 1 0 0 0 0 1 1 1 0 0 0 1 0 0 1 1 0 1 0 1 1 0 1 1 0 1 0 1 0 0 0 1 0 1 0 0 0 0 0 0 0 0 0 1 1 1 0 0 1 0 0 0 1 1 0 1 1 0 1 0 0 0 0 1 1 0 0 0 0 0 1 0 1 0 21666.0 17694.0 21329.0 5 0.29458516509036037
1 1 1 0 0 0 0 0 0 1 0 0 1 1 0 0 0 0 0 0 0 0 0 1 1 1 1 0 1 1 0 1 1 1 1 0 0 0 0 1 1 0 1 1 0 0 1 0 1 1 1 1 1 1 0 0 0 0 0 0 1 0 1 1 0 1 0 0 1 0 0 0 1 1 1 1 0 1 1 0 1 0 0 0 1 0 0 1 0 0 0 0 0 0 1 0 0 0 0 0 21641.0 17929.0 20861.0 5 0.18649856103631252
1 0 1 0 0 1 0 1 1 1 0 1 0 0 1 1 0 1 0 0 1 0 0 1 0 1 1 0 0 0 0 1 0 1 0 1 0 1 0 0 0 0 1 0 0 0 1 0 1 0 1 0 1 0 1 1 0 0 1 0 1 1 1 0 1 1 0 0 0 1 0 1 0 0 1 0 0 0 0 0 1 1 0 1 1 0 0 1 0 0 0 0 0 0 0 1 1 0 1 0 22179.0 17522.0 20815.0 5 0.16653979027226984
1 0 0 0 0 1 0 0 1 1 1 1 1 1 0 0 0 1 0 0 0 0 0 1 0 1 1 1 0 1 1 1 1 0 0 0 0 0 0 1 0 1 0 0 1 0 0 1 0 0 0 0 0 1 0 1 0 1 1 1 1 1 0 1 1 0 1 0 1 0 1 0 0 1 1 1 1 1 1 0 1 0 0 0 0 0 0 0 0 0 1 1 0 0 0 1 0 0 0 0 23193.0 17038.0 20780.0 5 0.11109158649609047
1 1 0 1 0 0 1 1 0 1 0 1 0 0 0 0 0 1 0 1 0 0 0 1 1 1 1 1 0 0 0 0 0 0 0 1 1 0 0 0 1 1 0 0 0 0 0 1 0 1 1 1 1 0 1 0 1 0 0 0 0 0 0 1 0 0 0 1 1 0 1 1 0 1 0 1 1 0 0 0 0 1 1 0 0 0 1 1 1 0 0 0 0 0 0 1 1 1 1 0 23218.0 16842.0 20745.0 5 0.10877524330479485
1 0 1 1 0 1 0 1 1 1 0 1 0 0 1 1 0 1 0 1 1 0 0 1 0 1 1 0 0 1 0 1 0 1 0 1 0 1 0 0 0 0 1 0 0 0 1 0 1 0 1 0 1 0 1 1 0 0 0 1 0 0 0 0 0 0 0 0 0 1 1 0 0 0 1 0 0 1 1 1 0 1 1 1 1 0 0 0 0 1 1 0 0 0 0 0 1 1 1 0 21606.0 18555.0 20679.0 5 0.08081991134033392
1 1 0 1 0 0 1 1 0 1 0 1 0 0 0 0 0 1 0 1 0 0 0 1 1 1 1 0 0 0 1 0 0 0 0 1 1 0 0 0 1 0 1 0 1 0 1 0 1 0 0 1 1 0 1 0 0 1 0 1 0 0 0 0 1 1 1 0 0 0 1 0 0 0 1 1 1 0 0 0 1 1 0 0 0 1 1 0 0 0 0 1 0 1 0 1 0 1 1 0 23274.0 15880.0 20629.0 5 0.23562780071933687
1 1 1 0 1 0 0 0 1 0 1 1 0 0 0 1 1 1 1 0 1 0 1 0 1 1 0 0 0 0 0 1 0 1 0 1 0 1 0 0 0 0 1 0 0 0 1 0 1 0 1 0 1 0 1 1 0 0 1 0 1 1 0 0 1 1 0 0 0 1 0 1 1 0 1 0 0 0 0 0 1 1 0 0 0 0 1 0 1 0 0 0 1 1 0 0 0 1 1 0 22043.0 17599.0 20286.0 5 0.20870878832506395
1 1 0 0 1 1 1 0 0 0 1 1 1 1 0 1 0 1 0 0 0 0 0 1 1 1 1 1 0 0 0 0 0 0 0 1 1 0 1 0 1 0 1 0 0 0 1 0 1 0 1 0 1 1 1 1 0 0 1 0 1 0 0 1 0 1 0 1 1 0 0 1 1 1 1 0 0 1 1 0 1 0 0 0 0 0 0 1 0 0 0 0 0 0 1 0 0 0 0 0 21976.0 18498.0 19750.0 5 0.1847877034738044
1 0 0 0 1 0 1 1 0 0 0 0 0 0 1 1 1 0 0 0 0 0 1 0 0 0 1 0 1 0 0 1 0 1 1 0 0 1 0 0 0 0 1 1 0 0 1 0 1 0 1 1 1 1 0 0 0 0 0 0 1 0 1 1 0 1 0 0 1 0 0 1 1 1 1 1 0 1 1 0 1 0 0 0 1 0 0 1 0 0 0 0 0 0 0 1 1 0 1 0 21427.0 19267.0 19694.0 5 0.23384604854407257
1 0 0 0 0 0 0 1 1 1 0 1 0 0 1 1 1 1 0 0 1 0 0 1 0 1 1 0 0 0 0 1 0 1 0 1 0 1 0 0 0 0 1 0 0 0 1 0 1 0 1 0 1 0 1 1 0 0 1 0 1 1 0 0 1 1 0 0 0 1 0 1 1 0 1 0 0 0 0 0 1 1 0 0 0 0 1 0 1 0 0 0 1 1 0 0 0 1 1 0 23307.0 15842.0 19151.0 5 0.18449286115083335
1 1 1 0 0 0 1 1 0 1 0 1 0 0 0 0 0 1 0 1 0 0 0 1 1 1 1 1 0 0 0 0 1 0 0 1 1 0 0 0 1 1 0 0 0 0 0 1 0 1 1 1 0 0 0 0 0 0 0 0 0 0 1 1 0 0 0 0 1 0 1 1 1 1 1 1 0 1 1 0 1 0 0 0 1 0 0 1 0 0 0 0 0 0 0 1 1 0 1 0 22336.0 18635.0 19127.0 5 0.19984477150261482
1 0 0 1 0 1 0 1 1 0 0 0 1 0 1 1 0 0 1 0 0 0 0 0 0 0 1 1 0 0 1 1 0 0 0 1 1 0 0 0 0 0 0 1 0 0 1 0 1 0 1 1 1 1 0 0 0 0 0 0 1 0 1 1 0 1 0 0 1 0 0 1 1 1 1 1 0 1 1 0 1 0 0 0 1 0 0 1 0 0 0 0 0 0 0 1 1 0 1 0 21937.0 19236.0 18944.0 5 0.38325947212901124
1 0 1 0 1 0 1 1 0 1 0 1 0 0 0 0 0 1 0 1 0 0 0 1 1 0 1 1 0 0 0 0 1 0 0 1 1 0 0 0 1 1 0 0 0 0 0 1 0 1 0 1 0 0 0 1 0 0 0 0 0 0 1 1 0 0 0 0 1 1 1 0 1 0 0 0 1 1 0 0 1 1 0 0 0 0 0 0 0 0 0 1 0 1 0 1 1 1 0 0 20818.0 19416.0 18032.0 5 0.42775698928973493
1 1 0 0 1 1 1 0 0 0 1 1 1 1 0 1 0 1 0 0 0 0 0 1 1 1 1 1 0 0 0 0 0 0 0 1 1 0 1 0 1 1 0 0 0 0 0 1 0 1 1 1 0 0 0 0 0 1 0 0 1 0 1 1 0 1 0 0 1 0 0 1 1 0 1 0 0 0 0 0 1 1 0 0 0 0 1 0 1 0 0 0 1 1 0 0 0 0 0 0 22352.0 17817.0 18005.0 5 0.12713701881697193
0 1 1 0 1 0 0 1 0 0 0 0 1 0 0 1 1 1 0 1 0 0 0 0 0 0 1 1 1 0 1 0 0 1 0 1 0 0 1 0 1 1 1 0 0 0 0 1 0 1 1 0 1 0 1 1 0 0 1 0 1 1 0 0 1 1 0 0 0 1 0 1 1 0 1 0 0 0 0 0 1 1 0 0 0 0 1 0 1 0 1 0 1 1 0 0 0 0 0 1 22887.0 18557.0 17943.0 5 0.13547413141015005
1 0 0 0 0 1 0 0 1 1 1 1 1 1 0 0 0 1 0 1 0 0 0 0 0 0 1 1 1 0 1 0 0 1 0 1 0 0 1 0 1 1 1 0 0 0 0 1 0 1 1 0 1 0 1 1 0 0 1 0 1 1 0 0 1 1 0 0 0 1 0 1 1 0 1 0 0 0 0 0 1 1 0 0 0 0 1 0 1 0 1 0 1 1 0 0 0 0 0 1 23002.0 17789.0 17708.0 5 0.14785779122552478
1 0 0 0 0 0 0 1 1 1 0 1 0 0 1 1 0 1 0 0 1 0 0 1 0 1 1 1 0 0 0 0 0 0 0 1 1 0 1 0 1 1 0 0 0 0 0 1 0 1 1 1 0 0 0 0 0 1 0 0 1 0 1 1 0 1 0 0 1 0 0 1 1 1 1 1 1 1 1 0 1 0 0 0 0 0 0 0 0 0 1 1 0 0 0 1 0 0 0 0 23385.0 18259.0 17637.0 5 1000000000000000.2
1 0 1 0 0 0 1 1 1 0 0 1 1 1 1 1 0 1 0 1 0 0 0 0 0 0 0 0 0 1 0 0 1 0 0 1 1 0 0 1 0 1 0 1 1 0 0 0 0 1 1 0 1 0 1 0 0 0 0 0 1 0 1 1 0 0 0 0 0 1 0 0 0 0 1 0 0 0 0 0 1 0 0 1 0 0 1 0 1 0 0 0 1 1 0 1 1 0 1 0 21199.0 19866.0 17308.0 5 0.27748662709712313
1 1 0 0 0 1 1 0 0 0 0 0 0 0 0 1 0 1 0 1 0 0 1 0 0 0 0 1 0 1 0 0 0 0 1 0 1 0 1 0 1 1 1 0 0 0 1 1 1 1 1 0 0 1 0 0 0 1 1 0 1 0 0 0 1 0 0 0 0 0 0 1 1 1 0 1 0 0 1 0 0 0 0 1 0 0 0 0 1 0 1 0 0 1 0 1 0 1 0 1 20172.0 20120.0 17054.0 5 1000000000000000.4
1 1 0 0 0 1 1 0 0 0 0 0 0 0 0 1 0 1 0 1 0 0 1 0 0 0 0 1 0 1 0 0 0 0 1 0 1 0 1 0 1 1 1 0 0 0 1 1 1 1 1 0 0 1 0 0 1 1 1 0 0 1 0 0 0 0 0 0 0 0 0 1 1 0 1 0 0 0 1 1 1 1 0 0 1 0 0 0 1 0 0 0 1 1 0 0 1 0 1 0 21201.0 19991.0 16963.0 5 0.1662323952983263
1 1 0 0 0 1 1 0 0 0 0 0 0 0 0 1 0 1 0 1 0 0 1 0 0 0 0 1 0 1 0 0 0 0 1 0 1 0 1 0 1 1 1 0 0 0 1 1 1 1 1 0 0 1 0 0 1 1 1 0 0 1 0 0 0 1 0 0 0 1 1 0 1 0 0 0 0 0 1 1 1 1 0 0 0 0 0 0 1 0 0 0 1 1 0 0 1 0 1 0 20824.0 20049.0 16607.0 5 1000000000000000.0
0 0 0 0 0 0 1 1 1 0 0 1 1 1 1 1 0 1 0 1 0 0 0 0 0 0 0 0 0 1 0 0 1 0 0 1 1 0 0 1 0 1 0 1 1 0 0 0 0 1 1 0 1 0 1 0 0 0 0 0 1 0 1 1 0 0 0 0 0 1 0 0 0 0 1 0 0 0 0 0 1 0 0 1 0 0 1 0 1 0 0 0 1 1 0 1 1 0 1 0 20642.0 19352.0 16833.0 6 2000000000000000.0
1 1 0 1 0 0 1 1 0 1 0 1 0 0 0 0 0 1 0 1 0 0 0 1 1 1 1 1 0 0 0 0 0 0 0 1 1 0 0 0 1 1 0 0 0 0 0 1 0 1 1 1 1 0 1 0 1 0 0 0 0 0 0 1 0 0 0 1 0 0 1 1 0 1 0 1 0 0 0 0 1 1 0 0 0 0 1 0 1 0 0 0 1 1 0 0 0 1 1 0 23048.0 16189.0 17287.0 6 1000000000000000.4
1 0 0 1 1 0 0 0 1 0 1 0 0 1 0 1 1 1 0 0 1 0 0 1 0 1 1 0 0 0 0 1 0 1 0 1 0 1 0 0 0 0 1 0 0 0 1 0 1 0 1 0 1 1 1 1 0 0 1 0 1 1 0 0 1 1 0 0 0 1 0 1 0 0 1 0 0 0 0 0 1 1 0 1 1 0 0 0 1 0 0 0 0 0 0 0 1 1 0 0 20086.0 17671.0 20879.0 6 1000000000000000.1
1 0 0 0 0 0 0 1 1 1 0 1 0 0 1 1 0 1 0 0 1 0 0 1 0 1 1 0 0 0 0 1 0 1 0 1 0 1 0 0 0 0 1 0 0 0 1 0 1 0 1 0 1 0 1 1 0 0 1 0 1 1 0 0 1 0 0 1 1 0 1 1 0 0 0 1 1 0 0 0 0 1 0 0 0 0 0 1 0 0 0 1 1 1 0 1 0 1 0 0 22823.0 15214.0 19793.0 6 1000000000000000.1
1 1 1 0 1 0 0 0 1 0 1 1 0 0 0 1 1 1 1 0 0 0 1 0 1 1 0 0 0 0 0 1 0 0 1 0 0 1 0 0 0 0 1 1 0 0 1 0 1 0 1 1 1 1 0 0 0 0 1 0 1 0 1 1 0 1 0 0 1 0 0 1 1 1 1 1 0 1 1 0 1 0 0 0 0 0 0 1 0 0 0 0 0 0 1 0 0 0 0 0 19849.0 18536.0 19447.0 6 1000000000000000.1
0 0 0 1 0 0 0 1 0 0 0 0 0 0 0 0 0 1 0 1 1 0 0 0 1 0 0 1 0 1 1 0 0 0 0 1 1 0 0 1 0 1 0 1 1 0 1 0 1 0 1 1 1 1 0 0 0 0 1 0 1 0 1 1 0 1 0 0 1 0 0 1 1 1 1 1 0 1 1 0 1 0 0 0 0 0 0 1 0 0 0 0 0 0 1 0 0 0 0 0 21088.0 19217.0 17571.0 6 0.44507502574770547
