1 0 1 1 0 1 1 0 1 1 0 1 1 1 0 0 0 0 0 0 0 0 0 1 0 1 1 1 0 1 1 1 1 0 0 1 1 1 1 0 0 1 0 0 0 0 1 1 1 1 0 1 1 1 0 1 0 1 1 1 1 1 0 1 1 0 1 0 1 1 0 0 0 0 0 1 1 1 0 0 0 1 1 0 0 0 1 1 1 0 0 0 0 1 1 1 1 0 1 0 28537.0 22967.0 29685.0 0 1000000000000000.2
1 0 1 1 0 1 0 1 1 1 0 1 1 1 0 0 0 0 0 0 0 0 0 1 0 1 1 1 0 1 1 1 1 0 0 1 1 1 1 0 0 1 0 0 0 0 1 1 1 1 0 1 1 1 0 1 0 1 1 1 1 1 0 1 1 0 1 0 1 1 0 1 0 0 0 1 1 1 0 0 0 1 1 0 0 0 1 1 1 0 0 0 0 0 0 1 0 0 1 1 28851.0 21192.0 28720.0 0 1000000000000000.4
1 0 1 1 0 1 0 1 1 1 0 1 1 1 0 0 0 0 0 0 0 0 0 1 0 1 1 1 0 1 1 1 1 0 0 1 1 1 1 0 0 1 0 0 0 0 1 1 1 1 0 1 1 1 0 1 0 1 1 1 1 1 0 1 1 0 1 0 1 1 0 0 0 0 0 1 1 1 0 0 0 1 1 0 0 0 1 1 1 0 0 0 1 1 0 1 1 0 1 0 29584.0 22813.0 28456.0 0 0.6332123833969184
1 0 1 1 0 1 1 1 0 0 0 0 1 1 0 0 1 1 0 1 1 0 0 1 1 1 1 1 0 1 0 1 0 1 0 1 0 1 0 0 0 0 1 0 1 0 1 0 1 0 1 1 1 1 0 0 0 0 0 0 1 0 1 1 0 1 0 0 1 0 0 1 1 1 1 1 1 1 1 0 1 1 1 0 0 1 1 1 1 1 0 0 0 1 1 1 1 0 0 0 30557.0 24543.0 27391.0 0 0.5535995149005261
1 0 0 0 0 1 0 0 1 1 1 1 1 1 0 0 0 0 0 0 0 0 0 1 0 1 1 1 0 1 1 1 1 0 0 1 1 1 1 0 1 1 0 0 0 0 1 1 1 1 0 1 1 1 0 1 0 1 1 1 1 1 1 1 0 0 0 0 0 1 0 1 0 0 1 0 1 1 1 0 1 1 1 0 0 1 1 1 1 0 0 0 0 1 0 1 1 0 1 0 30563.0 23369.0 27147.0 0 0.36920833616289855
0 0 1 0 1 0 0 0 1 1 1 1 1 1 0 1 0 1 0 0 1 0 1 1 0 1 1 1 0 1 1 1 1 0 0 0 1 1 1 0 1 1 0 0 0 0 1 1 1 1 0 0 1 1 0 1 0 1 1 0 1 1 1 0 1 1 0 0 0 1 0 1 0 0 1 0 1 1 0 0 1 1 0 0 0 1 1 1 1 1 0 0 0 1 1 1 1 0 0 0 29470.0 25420.0 27086.0 0 0.268461345333535
1 0 0 0 0 1 0 0 1 1 1 1 1 1 0 0 0 0 0 0 0 0 0 1 0 1 1 1 0 1 1 1 1 0 0 1 1 1 1 0 1 1 0 0 0 0 1 1 1 1 0 1 1 1 0 1 0 1 1 1 1 1 1 1 0 1 0 1 1 0 0 1 1 1 1 1 0 0 0 0 1 1 1 0 0 0 1 0 1 0 0 0 1 1 1 1 1 0 0 0 31378.0 22820.0 26979.0 0 1000000000000000.1
0 0 0 1 0 1 1 1 0 0 0 0 1 1 0 1 0 1 0 1 0 0 1 1 0 0 0 1 0 1 1 1 1 0 0 1 1 1 1 0 1 1 0 1 1 1 1 0 1 0 0 0 0 1 0 0 0 1 1 1 1 1 0 1 1 0 1 0 1 1 0 1 0 0 1 0 1 1 1 0 1 0 0 0 1 0 1 0 1 0 0 0 0 1 1 1 1 0 0 0 26781.0 26805.0 26188.0 0 2000000000000000.2
1 0 1 1 0 1 0 1 1 1 0 1 1 1 0 0 1 1 0 0 1 0 0 1 0 1 1 1 0 1 1 1 1 0 0 1 1 1 1 0 1 1 0 0 0 0 1 1 1 1 0 1 1 1 0 0 0 0 0 0 1 0 1 1 0 1 0 1 1 0 0 1 1 1 1 1 0 0 0 0 1 1 0 0 0 0 1 0 1 0 0 0 1 1 1 1 1 0 0 0 31299.0 23853.0 25993.0 0 0.4403282781374906
1 0 0 0 1 0 0 0 1 1 1 1 1 1 0 1 0 1 0 1 0 0 1 0 0 0 0 1 0 1 1 1 1 0 0 0 1 1 1 0 1 1 0 1 1 1 1 0 1 0 0 0 0 1 0 0 0 1 1 1 1 1 0 1 1 0 1 0 1 1 0 1 0 0 1 0 1 1 1 0 1 1 1 0 0 1 1 0 1 1 0 0 0 1 1 1 1 0 0 0 27751.0 26050.0 25859.0 0 0.4020542713460651
1 0 1 1 0 1 0 1 1 0 1 1 1 1 0 0 0 1 0 0 1 0 1 1 0 1 1 1 0 1 1 1 1 0 0 0 1 1 1 0 1 1 0 0 0 0 1 1 1 1 0 0 1 1 0 1 0 0 1 0 1 1 1 0 1 1 0 0 0 1 0 1 0 0 1 0 1 1 0 0 1 1 0 0 0 1 1 1 1 1 0 0 0 1 1 1 1 0 0 0 30047.0 25127.0 25764.0 0 0.4127781052133799
0 0 0 1 1 0 0 1 1 1 0 1 0 0 1 1 0 1 0 1 0 0 1 0 0 0 0 1 0 1 1 1 1 0 0 0 1 1 1 0 1 1 0 1 1 1 1 0 1 0 0 0 0 1 1 0 0 1 1 1 1 1 0 1 1 0 1 0 1 1 0 1 0 0 1 0 1 1 1 0 1 1 1 0 0 1 1 0 1 1 0 0 0 1 1 1 1 0 0 0 28024.0 25820.0 25585.0 0 0.3124620687661753
0 0 0 1 0 1 1 1 1 0 0 0 1 1 0 1 1 1 1 1 0 0 0 1 1 1 1 1 0 1 1 1 1 0 0 1 1 1 1 0 1 1 0 0 0 0 0 1 0 1 1 1 0 0 1 1 0 1 1 0 1 1 0 0 1 1 0 0 0 1 0 1 1 0 1 0 0 1 1 0 1 0 0 0 1 0 0 1 1 0 0 0 1 1 0 1 1 0 1 0 28935.0 25687.0 25295.0 0 0.5344454891564928
0 0 0 0 1 0 0 0 1 1 1 1 1 1 0 1 0 1 0 1 0 0 1 0 0 0 0 1 0 1 1 1 1 0 0 0 1 1 1 0 1 1 0 1 1 1 1 0 1 1 0 0 0 1 0 0 0 1 1 1 1 0 1 1 0 1 0 0 1 1 0 1 1 0 1 1 0 1 1 0 1 0 0 1 1 0 0 0 0 0 0 0 1 1 0 0 1 0 1 0 26919.0 26517.0 23579.0 0 1000000000000000.4
1 0 0 1 0 1 1 0 1 1 0 1 1 1 0 0 0 0 0 0 0 0 0 1 0 1 1 1 0 1 1 1 1 0 0 1 1 1 1 0 0 1 0 0 0 0 1 1 1 1 0 1 1 1 0 1 0 1 1 1 1 1 0 1 1 0 1 0 1 1 0 0 0 0 0 1 1 1 0 0 0 1 1 0 0 0 1 1 1 0 0 0 0 1 1 1 1 0 0 1 27988.0 22626.0 29518.0 1 1000000000000000.1
1 1 0 0 1 1 1 0 0 0 1 1 1 1 0 1 0 1 0 0 0 0 0 1 0 1 1 1 0 1 1 1 1 0 0 1 1 1 1 0 0 1 0 0 0 0 1 1 0 1 0 1 1 1 0 1 0 1 1 1 1 1 0 1 1 0 1 0 1 1 0 1 0 0 0 1 1 1 0 0 0 1 1 0 0 0 1 1 1 0 0 0 0 0 0 1 0 0 1 1 28191.0 22019.0 28835.0 1 0.2544232871052816
1 0 0 0 0 1 0 0 1 1 1 1 1 1 0 0 0 0 0 0 0 0 0 1 0 1 1 1 0 1 1 1 1 0 0 1 1 1 1 0 1 1 0 0 0 0 1 1 1 1 0 1 1 1 0 1 0 1 1 1 1 1 0 1 1 0 1 0 1 1 0 1 0 0 0 1 1 1 0 0 0 1 1 0 0 0 1 1 1 0 0 0 0 0 0 1 1 0 1 1 28298.0 20897.0 28262.0 1 1000000000000000.1
1 0 1 1 0 1 0 1 1 1 0 1 0 0 1 1 0 1 0 0 1 0 0 1 0 1 1 0 0 0 0 1 0 1 0 1 0 1 0 0 0 1 0 0 0 0 1 1 1 1 0 1 1 1 0 1 0 1 1 1 1 1 0 1 1 0 1 0 1 1 0 0 0 0 0 1 1 1 0 0 0 1 1 0 0 0 1 1 1 0 0 0 1 1 0 1 1 0 1 1 29282.0 21292.0 28002.0 1 0.18920631947075095
1 0 0 0 0 1 0 0 1 1 1 1 1 1 0 0 0 0 0 0 0 0 0 1 0 1 1 1 0 1 1 1 1 0 0 1 1 1 1 0 1 1 0 0 0 0 1 1 1 1 0 1 1 1 0 1 0 1 1 1 1 1 0 1 1 0 1 0 1 1 0 1 0 0 0 1 1 1 0 0 0 1 1 0 0 0 1 1 1 0 0 0 1 1 0 1 1 0 1 0 29509.0 21883.0 27945.0 1 0.17514951020443903
1 0 0 1 0 1 0 1 1 1 0 1 0 0 1 1 0 1 0 0 1 0 0 1 0 1 1 0 0 0 0 1 0 1 0 1 0 1 0 0 0 1 0 0 0 0 1 1 1 1 0 1 1 1 0 1 0 1 1 1 1 1 0 1 1 0 1 0 1 1 0 0 0 0 0 1 1 1 0 0 1 1 1 0 0 1 1 1 1 0 0 0 0 1 1 1 1 0 0 0 28327.0 21967.0 27395.0 1 0.12344124118556446
1 0 0 0 1 0 0 0 1 1 1 1 1 0 0 1 0 1 0 0 1 1 0 1 0 1 1 0 0 1 0 0 0 1 0 1 1 1 0 0 0 0 1 0 0 0 1 0 1 0 1 1 1 1 0 1 0 1 1 1 1 1 0 1 1 1 0 0 0 1 0 1 0 0 1 0 1 1 0 0 1 1 0 1 0 1 1 1 1 1 0 0 0 1 1 1 1 0 1 0 28388.0 22648.0 27381.0 1 0.06758004836836967
1 0 0 0 0 1 0 0 1 1 1 1 1 1 0 0 0 0 0 0 0 0 0 1 0 1 1 1 0 1 1 1 1 0 0 1 1 1 1 0 1 1 0 0 0 0 1 1 1 1 0 1 1 0 0 1 0 1 1 1 1 1 1 1 0 0 1 0 1 0 0 1 0 0 0 1 1 1 0 0 1 1 1 0 0 0 0 1 1 0 0 1 1 1 0 1 1 0 1 0 29906.0 21835.0 27183.0 1 0.19834328552645858
1 0 1 1 0 1 0 1 1 1 0 1 1 1 0 0 0 0 0 0 0 0 0 1 0 1 1 1 0 1 1 1 1 0 0 1 1 1 1 0 0 1 0 1 1 1 1 0 1 0 0 0 0 1 0 0 0 1 1 1 1 1 0 1 1 0 1 0 0 1 0 1 0 0 1 0 0 0 0 0 1 0 0 1 1 0 1 1 1 0 0 0 0 1 1 1 1 0 0 0 25501.0 22808.0 27009.0 1 1000000000000000.1
0 0 1 1 0 1 0 1 1 1 0 0 0 0 0 1 0 1 0 0 1 0 0 1 0 1 1 0 0 1 0 1 0 1 0 1 1 1 0 0 0 0 1 0 0 0 1 0 1 0 1 1 1 1 0 1 0 1 1 1 1 1 0 1 1 1 0 0 0 1 0 1 0 0 1 0 1 1 0 0 1 1 0 1 0 1 1 1 1 1 0 0 0 1 1 1 1 0 1 0 28908.0 22419.0 26998.0 1 0.1639034609732942
0 0 0 0 1 1 0 0 1 1 1 1 1 1 0 0 0 1 0 0 1 0 0 0 0 1 1 1 0 1 1 1 1 0 0 0 1 1 1 0 1 1 0 1 1 1 1 0 1 0 0 0 0 1 1 0 0 1 1 1 1 1 0 1 1 0 1 0 1 1 0 1 0 0 1 0 1 1 1 0 1 1 1 0 0 1 1 0 1 1 0 0 0 1 1 1 1 0 0 0 28793.0 24098.0 26826.0 1 0.16144087658431366
1 0 0 0 0 1 0 0 1 1 1 1 1 1 0 1 0 1 0 1 0 0 1 0 0 0 0 1 0 1 1 1 1 0 0 1 1 1 1 0 1 1 0 1 1 1 1 0 1 0 0 0 0 1 0 0 0 1 1 1 1 1 0 1 1 0 1 0 1 1 0 1 0 0 0 1 1 1 0 0 0 1 1 0 0 0 1 1 1 0 0 0 1 1 0 1 1 0 1 0 27508.0 24190.0 26811.0 1 0.3122451643953297
1 0 0 1 1 0 0 1 1 1 0 1 0 0 1 1 0 1 0 0 1 0 0 1 0 1 1 0 0 1 0 1 0 1 0 1 0 1 0 0 0 0 1 0 1 0 1 0 1 0 1 0 1 0 1 1 0 0 1 0 0 1 1 0 0 0 1 0 1 0 0 1 1 1 1 1 1 1 1 1 1 1 1 0 0 1 1 1 1 1 0 0 0 1 1 1 1 0 0 0 29387.0 23407.0 26770.0 1 0.04375293026846715
0 0 0 1 0 1 1 1 0 0 0 0 1 1 0 1 1 1 0 1 1 0 1 1 0 1 1 1 0 1 0 1 0 1 0 1 0 1 0 0 0 0 1 0 1 0 1 0 1 0 1 1 1 1 0 0 0 1 0 0 1 0 1 1 0 1 0 0 1 0 0 1 1 1 1 1 1 1 1 0 1 0 1 0 1 0 0 0 1 0 0 0 0 1 1 1 1 0 0 0 28011.0 25342.0 26652.0 1 0.09280753002729136
1 0 1 1 0 1 1 1 0 0 0 0 1 1 0 0 1 1 0 1 1 0 0 1 1 1 1 1 0 1 0 1 0 1 0 1 0 1 0 0 0 0 1 0 1 0 1 0 1 0 1 1 1 1 0 0 0 0 0 0 1 0 1 1 0 0 0 0 1 0 0 1 1 1 1 1 0 1 1 0 1 0 0 1 1 0 0 1 1 0 0 1 1 1 0 1 1 0 1 0 29074.0 24556.0 26611.0 1 0.20019152212538796
1 0 1 0 0 1 0 0 1 1 1 1 1 1 0 0 0 0 0 0 0 0 0 1 0 1 1 1 0 1 1 1 1 0 0 1 1 1 1 0 1 1 0 0 0 0 1 1 1 1 0 1 1 1 0 1 0 1 1 1 1 1 1 1 0 0 1 0 1 0 0 1 1 0 1 0 0 1 1 0 1 0 0 0 1 0 0 1 1 0 0 0 1 1 0 1 1 0 1 0 29357.0 23460.0 26226.0 1 0.15829340828497257
1 0 0 1 0 0 0 1 1 1 0 1 1 1 0 0 0 0 0 0 0 1 0 1 0 1 1 1 0 1 1 1 1 0 0 1 1 1 1 0 1 1 0 0 0 0 1 1 1 1 0 0 1 1 0 1 0 1 1 1 1 1 0 1 1 0 1 0 1 1 1 1 1 0 1 0 0 0 0 0 1 1 0 0 0 0 1 0 1 0 0 0 1 1 0 1 1 0 1 0 30186.0 22085.0 26201.0 1 0.17203963780751033
1 0 0 0 0 1 0 0 1 1 1 1 1 1 0 0 0 0 0 0 0 0 0 1 0 1 1 1 0 1 1 1 1 0 0 0 1 1 1 0 1 1 0 0 0 0 1 1 1 1 0 1 1 0 0 1 0 1 1 1 1 1 0 1 1 0 1 0 1 1 0 1 0 1 1 0 1 1 1 0 1 1 1 0 0 1 1 0 1 1 0 0 0 1 1 1 1 0 0 0 29753.0 23400.0 26022.0 1 0.16218665436271834
1 0 1 1 0 1 0 1 1 1 0 1 0 0 1 1 0 1 0 1 1 0 1 1 0 1 1 1 0 1 0 1 0 1 0 1 0 1 0 0 0 0 1 0 1 0 1 0 1 0 1 1 1 1 0 0 0 1 0 0 1 0 1 1 0 1 0 0 1 0 0 1 1 1 1 1 1 1 1 0 1 0 1 0 1 0 0 0 1 0 0 0 0 1 1 1 1 0 0 0 28381.0 24918.0 25880.0 1 0.07712669313224989
1 0 0 0 1 0 0 0 1 1 0 1 1 1 0 0 1 1 0 0 1 1 0 1 0 1 1 1 0 1 1 1 1 0 0 1 1 1 1 0 1 1 0 0 0 0 1 1 1 1 0 1 1 1 0 0 0 0 0 0 1 0 1 1 0 1 0 1 1 0 0 1 1 1 1 1 0 0 0 0 1 1 0 0 0 0 1 0 1 0 0 0 1 1 1 1 1 0 0 0 30283.0 23169.0 25787.0 1 0.18134227237053158
1 0 1 1 0 1 0 1 1 1 0 0 0 0 0 1 0 1 0 0 1 0 1 1 0 1 1 1 0 1 1 1 0 0 0 0 1 1 1 0 1 1 0 0 0 0 1 1 1 1 0 0 1 1 0 1 0 1 1 0 1 1 1 0 1 1 0 0 0 1 0 1 0 0 1 0 1 1 0 0 1 1 0 0 0 1 1 1 1 1 0 0 0 1 1 1 1 0 0 0 29083.0 23912.0 25705.0 1 0.09621292752033556
1 0 1 1 0 1 0 1 1 1 0 1 0 1 1 1 0 1 0 1 1 0 0 1 0 1 1 1 0 1 0 1 0 1 0 0 0 1 0 0 0 0 1 0 1 0 1 1 1 1 0 0 1 1 0 1 0 1 1 1 1 1 0 1 1 0 1 0 1 1 1 1 0 1 1 0 0 0 0 1 0 0 0 0 0 1 1 0 0 1 0 0 1 1 0 1 0 1 0 1 30434.0 21527.0 25551.0 1 0.2838649719951112
1 0 1 1 0 1 0 1 1 1 0 1 0 1 1 1 0 1 0 1 1 0 0 1 0 1 1 1 0 1 0 1 0 1 0 1 0 1 0 0 0 0 1 0 1 0 1 1 1 1 0 0 1 0 0 1 0 0 0 0 1 0 1 1 0 1 0 1 1 0 0 1 1 1 1 1 0 1 0 0 1 1 0 0 0 0 1 0 1 0 0 0 1 1 1 1 1 0 0 1 31181.0 23827.0 25548.0 1 1000000000000000.1
1 0 0 0 0 1 0 0 1 1 1 1 1 1 0 1 0 1 0 1 0 0 1 0 0 0 0 1 0 1 1 1 1 0 0 1 1 1 1 0 1 1 0 1 1 1 1 0 1 0 0 0 0 1 0 0 0 1 1 1 1 1 0 1 1 0 1 0 1 1 0 1 0 0 1 0 1 1 1 0 1 0 0 0 1 0 1 0 1 0 0 0 0 1 1 1 1 0 0 0 26041.0 26188.0 25400.0 1 1000000000000000.1
0 0 0 1 0 1 1 1 0 0 0 0 1 1 0 1 1 1 0 1 0 0 0 1 1 1 1 1 0 1 1 1 1 0 0 1 1 1 1 0 1 1 0 0 0 0 0 1 0 1 1 1 0 0 1 1 0 1 1 0 1 1 0 0 1 1 0 0 0 1 0 1 1 0 1 0 1 1 0 0 1 1 0 0 0 1 1 1 1 1 0 0 0 1 1 1 1 0 0 0 28854.0 25178.0 25356.0 1 0.15211668755577495
0 0 0 1 0 1 1 1 0 0 1 1 1 1 0 0 0 1 0 0 1 0 1 1 0 1 1 1 0 1 1 1 1 0 0 0 1 1 1 0 1 1 0 0 0 0 1 1 1 1 0 0 1 1 0 1 0 0 1 0 1 0 1 0 1 1 0 0 0 1 0 1 0 0 1 0 1 1 0 0 1 1 0 0 0 1 1 1 1 1 0 0 0 1 1 1 1 0 0 0 29132.0 24764.0 24994.0 1 0.12214274547598171
1 0 0 0 1 0 0 0 1 1 1 1 1 1 0 1 0 1 0 1 0 0 1 0 0 0 0 1 0 1 1 1 1 0 0 0 1 1 1 0 0 0 1 1 0 1 1 0 0 0 1 1 1 1 0 0 0 1 0 0 1 0 1 1 0 1 0 0 1 0 0 1 1 1 1 1 1 1 1 0 1 1 1 0 0 1 1 1 1 1 0 0 0 1 1 1 1 0 0 0 26643.0 25617.0 24906.0 1 0.10366808356846796
0 0 0 1 0 1 1 1 1 0 0 0 1 1 0 1 1 1 1 1 0 0 0 1 1 1 1 1 0 1 1 1 1 0 0 1 1 1 1 0 1 1 0 0 0 0 0 1 0 1 1 1 0 0 1 1 0 1 1 0 1 1 0 0 1 1 0 0 0 1 0 1 1 0 1 0 0 1 1 0 1 0 0 0 1 0 0 1 1 0 0 0 1 1 0 1 1 0 0 0 28031.0 25677.0 24723.0 1 0.08715700264944
0 1 1 1 0 0 1 1 0 1 0 1 0 0 0 1 1 1 0 1 0 0 0 0 1 1 1 1 1 1 1 1 1 0 0 1 1 1 1 0 1 1 0 0 0 0 0 1 0 1 1 1 0 0 1 1 0 1 1 0 1 1 0 0 1 1 0 0 0 1 0 1 1 0 1 0 1 1 1 0 1 0 0 0 1 0 0 1 1 0 0 0 1 1 0 1 1 0 1 0 28877.0 25505.0 24672.0 1 0.0702504494965587
1 0 1 1 0 1 0 1 1 1 0 1 0 0 1 1 0 1 0 1 0 0 0 1 1 1 1 1 0 1 1 1 1 0 0 1 1 1 1 0 1 1 0 0 0 0 0 1 0 1 1 1 0 0 1 1 0 1 1 0 1 1 0 0 1 1 0 0 0 1 0 1 1 0 1 0 1 1 0 0 1 1 0 0 0 1 1 1 1 1 0 0 0 1 1 1 1 0 0 0 29224.0 24754.0 24584.0 1 0.1420653684245159
0 0 0 1 0 1 1 1 0 0 0 0 1 1 0 1 1 1 0 1 0 0 0 0 1 1 1 1 0 1 1 1 1 0 0 1 1 1 1 0 1 1 0 0 0 0 0 1 0 1 1 1 0 0 1 1 0 1 1 0 1 1 0 0 1 1 0 0 0 1 0 1 1 0 1 0 1 1 1 0 1 0 0 0 1 0 0 1 1 0 0 0 1 1 0 1 1 0 1 0 28392.0 25555.0 24154.0 1 0.19224976216669995
0 1 1 1 0 0 1 1 0 1 0 1 0 0 0 1 1 1 0 1 0 0 0 1 1 1 1 1 0 0 0 1 0 0 0 1 1 0 1 0 1 1 1 1 0 0 1 0 1 0 1 1 1 1 0 0 0 0 1 0 1 0 1 1 0 1 0 0 1 0 0 1 1 1 1 1 0 1 1 0 1 1 0 0 0 0 1 0 1 0 0 0 1 1 0 1 1 0 0 0 29408.0 24932.0 23907.0 1 0.22994095627778724
1 0 0 0 1 0 0 0 1 1 1 1 1 1 0 1 0 1 0 1 0 0 1 0 0 0 0 1 0 1 1 1 1 0 0 0 1 1 1 0 1 1 0 1 1 1 1 0 1 0 0 0 0 1 0 0 0 1 1 1 1 0 1 1 0 1 0 0 1 1 0 1 1 0 1 1 0 1 1 0 1 0 0 1 1 0 0 0 0 0 0 0 1 1 0 0 1 0 1 0 26522.0 25814.0 23073.0 1 0.3659547423003932
1 0 1 1 0 1 0 1 1 1 1 1 1 1 0 1 0 1 0 1 0 0 1 0 0 0 0 1 0 1 1 1 1 0 0 0 1 1 1 0 1 1 0 1 1 1 1 0 1 0 0 0 0 1 0 0 0 1 1 1 1 0 1 0 0 1 0 0 1 1 0 1 1 0 1 1 0 1 1 0 1 0 0 1 1 0 0 0 0 0 0 0 1 1 0 0 0 0 1 0 26753.0 25728.0 22733.0 1 1000000000000000.1
1 0 1 1 0 1 1 0 1 1 0 1 1 1 0 0 0 0 0 0 0 0 0 1 0 1 1 1 0 1 1 1 1 0 0 1 1 1 1 0 0 1 0 0 0 0 1 1 1 1 0 1 1 1 0 1 0 1 1 1 1 1 0 1 1 0 1 0 1 1 0 0 0 0 0 1 1 1 0 0 0 1 1 0 0 0 1 1 1 0 0 0 0 0 0 1 1 0 1 0 27377.0 21789.0 28647.0 2 1000000000000000.1
0 0 0 0 1 1 0 1 1 1 0 1 1 1 0 0 0 0 0 0 0 0 0 1 0 1 1 1 0 1 1 1 1 0 0 1 1 1 1 0 0 1 0 0 0 0 1 1 1 1 0 1 1 1 0 1 0 1 1 1 1 1 0 1 1 0 1 0 1 1 0 1 0 0 0 1 1 1 0 0 0 1 1 0 0 0 1 1 1 0 0 0 0 0 0 1 0 0 1 1 28185.0 20867.0 28393.0 2 1000000000000000.1
1 0 0 0 0 1 0 0 1 1 1 1 1 1 0 0 0 0 0 0 0 0 0 1 0 1 1 1 0 1 1 1 1 0 0 1 1 1 1 0 1 1 0 0 0 0 1 1 1 1 0 1 1 1 0 1 0 1 1 1 1 1 0 1 1 0 1 0 1 1 0 1 0 0 0 1 1 1 0 0 0 1 1 0 0 0 1 1 1 0 0 0 0 0 0 1 1 1 1 0 28162.0 21385.0 27969.0 2 0.27474379336910015
1 0 0 0 0 0 0 1 1 1 0 1 1 1 0 0 0 0 0 0 0 0 0 1 0 1 1 1 0 1 1 1 1 0 0 1 1 1 1 0 1 1 0 0 0 0 1 1 1 1 0 1 1 1 0 1 0 1 1 1 1 1 0 1 1 0 1 0 1 1 0 1 0 0 0 1 1 1 0 0 0 1 1 0 0 0 1 1 1 0 0 0 0 0 0 1 1 0 1 1 28806.0 21026.0 27667.0 2 0.20580071106485762
1 0 0 0 0 1 0 0 1 1 1 1 1 1 0 0 0 0 0 0 0 0 0 1 0 1 1 1 0 1 1 1 1 0 0 1 1 1 1 0 1 1 0 0 0 0 1 1 1 1 0 1 1 1 0 1 0 1 1 1 1 1 1 1 0 0 1 0 1 0 0 1 0 0 0 1 1 1 0 0 1 1 1 0 0 0 1 1 1 0 0 0 0 0 0 1 1 1 1 0 29116.0 21651.0 27600.0 2 0.2520129086946023
1 0 0 0 0 1 0 0 1 1 1 1 1 1 1 0 0 0 0 0 0 0 0 1 0 1 1 1 0 1 1 1 1 0 0 1 1 1 1 0 1 1 0 0 0 0 1 1 1 1 0 1 1 1 0 1 0 1 1 1 1 1 1 1 0 0 1 0 1 0 0 0 0 0 0 1 1 1 0 0 1 1 1 0 0 0 1 1 1 0 0 0 0 0 0 1 1 1 1 0 28968.0 21785.0 27253.0 2 0.1325988508668907
1 0 1 1 0 1 0 1 1 1 0 1 1 1 0 0 0 0 0 0 0 0 0 1 0 1 1 1 0 1 1 1 1 0 0 1 1 1 1 0 0 1 0 0 0 0 1 1 1 1 0 1 1 1 0 1 0 1 1 1 1 1 0 1 1 0 0 0 1 1 0 1 0 0 0 1 1 1 0 0 0 1 1 0 0 0 1 1 1 0 0 0 0 0 0 1 1 0 0 0 27341.0 21947.0 27206.0 2 0.14105235249604972
1 0 0 0 1 0 0 0 1 1 1 1 1 1 0 0 0 0 0 0 0 0 0 1 0 1 1 1 1 1 1 1 1 0 0 1 1 1 1 0 1 1 0 0 0 0 0 1 1 0 0 1 1 1 0 1 0 1 1 1 1 1 0 1 1 0 1 0 1 1 0 1 0 0 0 1 1 1 0 0 0 1 1 0 0 1 1 1 1 0 0 0 0 1 1 1 1 0 0 0 28244.0 21848.0 27195.0 2 0.05750352540586286
1 0 0 0 1 0 1 1 0 0 0 0 0 0 1 1 0 1 0 0 1 0 1 1 0 1 1 0 0 0 0 1 1 1 0 0 1 1 0 0 1 1 0 1 0 1 1 0 1 1 0 1 0 1 0 0 0 1 1 1 1 1 0 1 0 0 1 0 1 1 0 1 0 0 0 1 1 1 0 0 0 1 1 0 0 1 1 1 1 1 0 0 0 1 1 1 1 0 0 0 27798.0 22216.0 27182.0 2 0.19818229348724276
0 1 1 1 0 0 1 1 0 1 0 1 0 0 0 0 0 1 0 0 1 0 0 0 0 1 1 1 0 1 1 1 1 0 0 1 1 1 1 0 0 0 1 1 0 0 1 1 1 1 1 1 1 1 0 1 0 1 1 1 1 1 0 1 1 0 1 0 1 1 0 1 0 0 1 0 0 0 0 0 1 0 0 1 1 0 1 0 1 0 0 0 0 1 1 1 1 0 0 0 27001.0 24096.0 26687.0 2 0.314114933690417
0 0 1 1 0 1 0 1 1 1 0 0 0 0 0 1 0 1 0 0 1 0 0 1 0 1 1 0 0 1 0 1 0 1 0 1 1 1 0 0 0 0 1 0 0 0 1 0 1 0 0 0 0 1 1 0 1 1 1 1 1 1 0 1 1 0 1 0 1 1 0 1 0 0 1 0 1 1 1 0 1 1 1 0 1 1 1 0 1 1 0 0 0 1 1 1 1 0 0 0 27952.0 21851.0 26598.0 2 0.1345408911881405
0 0 0 0 1 1 0 0 1 1 1 1 1 1 0 0 0 1 0 0 1 0 0 1 0 1 1 1 0 1 0 1 0 1 0 1 0 1 0 0 0 0 1 0 1 0 1 0 1 0 1 0 1 0 1 1 0 0 1 0 0 1 1 0 0 0 1 0 1 0 0 1 1 1 1 1 1 1 1 0 1 1 1 0 0 1 1 1 1 1 0 0 0 1 1 1 1 0 0 0 28018.0 23073.0 26295.0 2 0.26148960751430894
0 0 0 1 1 0 0 1 1 1 0 1 0 0 1 1 0 1 0 0 1 0 0 1 0 1 1 0 1 1 0 1 0 1 1 1 0 1 0 0 0 0 1 0 0 0 1 0 1 0 1 0 1 0 1 1 0 0 1 0 1 1 1 0 1 1 0 0 0 1 0 1 0 0 1 0 1 1 1 0 1 1 1 0 0 1 1 1 1 0 1 1 1 0 1 1 0 1 0 0 28244.0 22422.0 26271.0 2 0.09538512265494217
1 0 0 0 0 1 0 0 1 1 1 1 1 1 0 1 0 1 0 1 0 0 1 0 0 0 0 1 0 1 1 1 1 1 1 1 0 1 0 0 0 0 1 1 0 0 1 0 1 0 1 0 1 0 1 1 0 0 1 0 1 1 1 0 1 1 0 0 0 1 1 1 0 0 1 0 1 1 1 0 1 1 1 0 0 1 1 1 1 0 1 1 1 0 1 1 0 1 0 0 26342.0 24431.0 26111.0 2 1000000000000000.0
0 0 0 1 0 1 1 1 0 0 0 0 1 1 0 1 1 1 0 1 0 0 0 1 1 1 1 1 0 1 1 1 1 0 0 1 1 1 1 0 1 1 0 0 0 0 1 1 1 1 0 0 1 1 0 1 0 1 1 1 1 1 0 1 1 0 1 0 1 1 1 1 0 1 1 0 0 0 0 1 0 0 0 0 0 1 1 0 0 1 0 0 1 0 0 1 0 1 0 0 29367.0 22452.0 26069.0 2 0.09069893380454114
0 0 0 0 1 1 0 0 1 1 1 1 1 1 0 0 0 1 0 0 1 0 0 0 0 1 1 1 0 1 1 1 1 0 0 0 1 1 1 0 0 0 1 1 0 0 1 0 1 0 1 1 1 1 0 0 0 1 0 0 1 0 1 1 0 1 0 0 1 0 0 1 1 1 1 1 1 1 1 0 1 1 1 0 0 1 1 1 1 1 0 0 0 1 1 1 1 0 0 0 28409.0 23500.0 26051.0 2 0.10239927604802974
0 0 0 0 1 1 0 0 1 1 1 1 1 1 0 0 0 1 0 0 1 0 0 1 0 1 1 1 0 1 1 1 1 0 0 0 1 1 1 0 1 1 0 0 0 0 1 1 1 1 0 0 1 1 0 1 0 1 1 1 1 1 0 1 1 0 1 0 1 1 1 1 1 0 1 0 0 0 0 0 1 1 0 0 0 0 1 0 1 0 0 0 1 1 0 1 1 0 1 0 30003.0 21917.0 25971.0 2 0.24757457776854216
0 0 0 1 0 1 1 1 0 0 0 0 1 1 0 1 1 1 0 1 0 0 0 1 1 1 1 1 0 1 1 1 1 0 0 1 1 0 1 0 1 1 0 0 0 0 0 1 0 1 1 1 0 0 1 1 0 1 1 0 1 1 0 0 1 1 0 0 0 1 0 1 1 0 1 0 1 0 0 0 0 1 1 0 0 0 1 1 1 0 0 1 1 1 0 1 1 0 1 0 28937.0 23388.0 25943.0 2 0.08489210733064496
0 0 0 1 0 1 1 1 0 0 1 1 1 1 0 1 1 1 0 0 0 0 0 1 0 1 1 1 0 1 1 1 1 0 0 1 1 1 1 0 1 1 0 1 0 0 1 1 1 1 0 0 1 0 1 1 0 0 1 0 1 1 0 0 1 1 1 0 0 1 0 0 0 0 1 0 0 0 0 0 1 0 0 1 0 1 1 1 1 1 0 0 0 1 1 1 1 0 0 0 26451.0 24503.0 25907.0 2 0.24746208568235778
0 0 0 0 1 1 0 0 1 1 1 1 1 1 0 0 0 1 0 0 1 0 0 0 0 1 1 1 0 1 0 1 1 0 0 0 1 1 1 0 0 0 1 1 0 0 1 0 1 0 1 1 1 1 0 0 0 0 1 0 1 1 1 1 1 1 0 0 0 1 0 1 0 0 1 0 1 1 1 0 1 1 1 0 0 1 1 1 1 0 0 0 1 1 0 1 1 0 1 0 28734.0 23557.0 25891.0 2 0.13544621732070633
1 0 1 1 0 1 0 1 1 1 0 1 1 1 0 0 0 0 0 0 0 0 0 1 0 1 1 1 0 1 1 1 1 0 0 1 1 1 1 0 0 1 0 0 1 0 1 0 1 0 1 1 1 1 0 0 0 1 0 0 1 0 1 1 0 1 0 0 1 0 0 1 1 1 1 1 1 1 1 0 1 0 1 0 1 0 0 0 1 0 0 0 0 1 1 1 1 0 0 0 27568.0 23881.0 25772.0 2 0.1524269395216561
0 0 0 1 0 1 1 1 0 0 0 0 1 1 0 1 1 1 0 1 0 0 0 1 1 1 1 1 0 1 1 1 1 0 0 1 1 1 1 0 1 1 0 0 0 0 0 1 0 1 1 1 0 0 1 1 0 1 1 0 1 1 0 0 1 1 0 0 0 1 0 1 1 0 1 0 1 0 0 0 1 1 1 0 0 0 1 1 1 0 0 0 1 1 1 1 1 0 0 0 28873.0 24293.0 25681.0 2 0.12567866937854544
1 0 1 1 0 1 0 1 1 1 0 1 0 1 1 1 0 1 0 1 1 0 0 1 0 1 1 1 0 1 0 1 0 1 0 1 0 1 0 0 0 0 1 0 1 0 1 1 1 1 0 0 1 1 0 1 0 1 1 1 1 1 0 1 1 0 1 0 1 1 1 1 0 1 1 0 0 0 0 1 0 0 0 0 0 1 1 0 0 1 0 0 1 1 0 1 0 1 0 0 30272.0 22455.0 25593.0 2 0.24971856694688113
0 0 0 1 1 0 0 1 1 1 0 1 0 0 1 1 0 1 0 0 1 0 0 1 1 1 1 0 0 1 1 1 1 0 0 0 1 1 1 0 1 1 0 0 0 0 1 1 1 1 0 0 1 1 0 1 0 1 1 1 1 1 0 1 1 0 0 0 1 1 1 1 1 0 1 0 0 0 0 0 1 1 0 0 0 0 1 0 1 0 0 0 1 1 0 1 1 0 1 0 30432.0 22103.0 25543.0 2 1000000000000000.0
0 0 0 0 0 1 0 0 1 1 0 1 1 1 0 0 0 1 0 0 1 0 0 1 0 1 1 1 0 1 1 1 1 0 0 0 1 1 1 0 1 1 0 0 0 0 1 1 1 1 0 1 1 1 0 0 0 0 0 0 1 0 1 1 0 1 0 0 0 0 0 1 1 1 1 1 1 1 1 1 1 1 1 0 0 1 1 1 1 1 0 0 0 1 1 1 1 0 0 0 30392.0 23256.0 25535.0 2 0.16210138943202027
1 0 0 0 1 0 0 0 1 1 1 1 1 1 0 1 0 1 0 1 0 0 1 0 0 0 0 1 0 1 1 1 1 0 0 0 1 1 1 0 1 1 0 1 1 0 1 0 1 0 0 0 0 1 0 0 0 1 1 1 1 1 0 1 1 0 1 0 1 1 0 1 0 0 1 0 1 1 1 0 1 1 1 0 0 1 1 0 1 1 0 0 0 1 1 1 1 0 0 0 27680.0 25246.0 25209.0 2 0.13626067515221063
0 1 1 1 0 0 1 1 0 1 0 1 0 0 0 0 0 1 0 1 0 0 0 1 1 1 1 1 0 0 0 1 0 0 0 1 0 0 1 0 1 1 1 1 0 1 1 0 1 0 1 1 0 1 0 0 0 0 1 0 1 0 1 1 0 1 0 0 1 0 1 1 1 1 1 1 0 1 1 0 1 0 1 0 0 1 1 1 1 0 0 0 0 1 1 1 1 0 0 0 28103.0 24396.0 25174.0 2 0.12177343537371518
0 0 0 1 0 1 1 1 1 0 0 0 1 1 0 1 1 1 1 1 0 0 0 1 1 1 1 1 0 1 1 1 1 0 0 1 1 1 1 0 1 1 0 0 0 0 0 1 0 1 1 1 0 0 1 1 0 1 1 0 1 0 0 0 1 1 0 0 0 1 0 1 1 0 1 0 0 1 0 0 1 1 0 0 0 1 1 1 1 1 0 0 0 1 1 1 1 0 0 0 28449.0 25162.0 24869.0 2 0.33075498715404134
1 1 0 0 1 1 1 0 0 0 1 1 1 1 0 1 0 1 0 0 0 0 0 1 0 1 1 1 0 1 1 1 1 0 0 1 1 1 1 0 1 1 0 1 0 0 1 1 1 1 0 0 1 0 1 1 0 0 1 0 1 1 0 0 1 1 0 0 0 1 0 1 0 0 1 0 0 1 1 0 1 0 0 0 1 1 0 1 1 0 0 0 1 1 0 1 1 0 1 0 27768.0 25287.0 24616.0 2 0.2896839771717318
1 0 1 1 0 1 0 1 1 1 0 0 0 0 0 1 0 1 0 1 0 0 1 0 0 0 0 1 0 1 1 0 1 0 0 0 1 1 1 0 1 1 0 1 1 1 1 0 1 1 0 0 0 1 0 0 0 1 1 1 1 0 1 1 1 1 0 0 1 1 0 1 1 0 1 1 0 1 1 0 1 1 0 1 1 0 0 0 0 0 0 0 1 1 0 0 1 0 1 0 26686.0 25568.0 23727.0 2 0.35458376995075186
0 1 1 1 0 0 1 1 0 1 0 1 0 0 0 0 0 1 0 1 0 0 0 1 1 1 1 1 0 0 0 1 0 0 0 1 1 0 1 0 1 1 1 1 0 0 1 0 1 0 1 1 1 1 0 0 0 0 1 0 1 0 1 1 0 1 0 0 1 0 0 1 1 1 1 1 0 1 1 0 1 0 0 0 1 0 0 1 1 0 0 0 1 1 0 1 1 0 1 0 28965.0 24031.0 23699.0 2 0.18620817639184195
0 1 1 1 0 0 1 1 0 1 0 1 0 0 0 1 0 1 0 1 0 0 0 1 1 1 1 1 0 0 0 1 0 0 0 1 1 0 1 0 1 1 1 1 0 0 1 0 1 0 1 1 1 1 0 0 0 0 1 0 1 0 1 1 0 1 0 0 1 0 0 1 1 1 1 1 0 1 1 0 1 1 0 0 0 0 1 0 1 0 0 0 1 1 0 0 0 1 1 0 29417.0 23620.0 22938.0 2 0.3889091650478134
0 1 1 1 0 0 1 1 0 1 0 1 0 0 0 0 0 1 0 1 0 0 0 1 1 1 1 1 0 0 0 1 0 0 0 1 1 0 1 0 1 1 1 1 0 1 1 0 1 0 1 1 0 1 0 0 0 0 1 0 1 0 1 1 0 1 0 0 1 0 1 1 1 1 1 1 0 1 1 0 1 0 0 1 1 0 0 0 0 0 0 0 1 1 0 1 1 0 0 0 27557.0 25596.0 22722.0 2 2000000000000000.0
1 0 0 0 1 0 0 0 1 1 1 1 1 1 0 1 0 1 0 1 0 0 1 0 0 0 0 1 0 1 1 1 1 0 0 0 1 1 1 0 0 0 1 1 0 1 1 0 0 0 1 1 1 1 0 0 0 1 0 0 1 0 1 1 0 1 0 0 1 0 0 1 1 1 1 1 1 1 1 0 1 0 1 0 1 0 0 0 1 0 0 0 0 1 1 1 1 0 0 0 24387.0 25311.0 23535.0 3 3000000000000000.0
1 0 0 0 0 1 0 0 1 1 1 1 1 1 0 0 0 0 0 0 0 0 0 1 0 1 1 1 0 1 1 1 1 0 0 1 1 1 1 0 1 1 0 0 0 0 1 1 1 1 0 1 1 1 0 1 0 1 1 1 1 1 1 1 0 0 1 0 1 0 0 1 0 0 0 1 1 1 0 0 0 1 1 0 1 0 1 1 1 0 0 0 0 0 0 1 0 0 1 1 28061.0 20097.0 28024.0 3 1000000000000000.1
1 0 1 1 0 1 0 1 1 1 0 0 0 0 1 1 0 1 0 0 1 0 0 1 0 1 1 0 0 0 0 1 0 1 0 1 1 1 0 0 0 0 1 0 0 0 1 1 1 1 0 1 1 1 0 1 0 1 1 1 1 1 0 1 1 0 1 0 1 1 0 1 0 0 0 1 1 1 0 0 0 1 1 0 0 0 1 1 1 0 0 0 0 0 0 1 0 0 1 1 28238.0 19429.0 27600.0 3 1000000000000000.0
1 0 0 0 1 0 0 0 1 1 1 1 1 1 0 1 0 1 0 0 1 0 0 1 0 1 1 0 0 1 1 1 1 0 0 0 1 1 1 0 1 1 0 0 0 0 1 1 1 1 0 0 1 1 0 1 0 0 0 0 1 0 1 1 0 1 0 1 1 0 0 1 1 1 1 1 0 0 0 0 1 1 1 0 0 0 1 0 1 0 0 0 1 1 1 1 1 0 0 0 29910.0 21977.0 24953.0 3 1000000000000000.0
1 0 0 0 1 0 0 0 1 1 1 1 1 1 0 1 0 1 0 1 0 0 1 0 0 0 0 1 0 1 1 1 1 0 0 0 1 1 0 0 1 1 0 1 0 1 1 0 1 1 0 1 0 1 0 0 0 1 1 1 1 1 0 1 0 0 1 0 1 1 0 1 0 0 0 1 1 1 0 0 0 1 1 0 0 0 1 1 1 0 0 0 0 0 0 1 1 1 1 0 26378.0 23525.0 26519.0 3 0.3162041419233342
0 0 0 0 1 1 0 0 1 1 1 1 1 1 0 0 0 1 0 0 1 0 0 1 0 1 1 1 0 1 0 1 0 1 0 1 0 1 0 0 0 0 1 0 1 0 1 0 1 0 1 0 1 0 1 1 0 0 1 1 1 1 0 1 1 0 1 1 1 1 0 1 0 0 1 0 1 1 1 0 1 0 0 0 1 0 1 0 1 0 0 0 0 1 1 1 1 0 0 0 27241.0 22379.0 26198.0 3 0.3106012830579679
1 0 0 0 0 1 0 0 1 1 1 1 1 1 0 0 0 1 0 0 0 0 0 1 0 1 1 1 0 1 1 1 1 1 0 0 1 1 0 0 1 1 0 1 0 1 1 0 1 1 0 1 0 1 0 0 0 1 1 1 1 1 0 1 0 0 1 0 1 1 0 1 0 0 0 1 1 1 0 0 0 1 1 0 0 0 1 1 1 0 0 0 0 0 0 1 1 1 1 0 27814.0 21145.0 27643.0 3 0.30606720735544496
0 0 0 1 1 0 0 1 1 1 0 1 0 0 1 1 0 1 0 0 1 0 0 1 0 1 1 0 1 1 0 1 0 1 1 1 0 1 0 0 0 0 1 0 0 0 1 0 1 0 1 0 1 0 1 1 0 0 1 0 1 1 1 0 1 1 0 0 0 1 0 1 0 0 1 0 1 1 1 0 1 1 1 0 0 1 1 1 1 0 0 0 1 1 0 1 1 0 1 0 29339.0 22856.0 25185.0 3 0.2870521907697587
0 0 0 1 0 1 0 0 1 1 0 1 1 1 0 0 0 1 0 0 1 0 0 1 0 1 1 1 0 1 1 1 1 0 0 0 1 1 1 0 1 1 0 0 0 0 1 1 1 1 0 1 1 1 0 0 0 0 0 0 1 0 1 1 1 1 0 1 1 0 0 1 1 1 1 1 0 0 0 0 1 1 0 0 0 0 1 0 1 0 0 0 1 1 1 1 1 0 0 0 29379.0 22174.0 24232.0 3 0.2574085645227137
1 0 0 0 1 0 1 1 1 0 0 0 0 0 1 1 0 1 0 0 1 0 1 1 0 1 1 0 0 0 0 1 1 1 0 0 1 1 0 0 1 1 0 1 0 1 1 0 1 1 0 1 0 1 0 0 0 1 1 1 1 1 0 1 0 0 1 0 1 0 1 1 1 1 1 1 0 1 1 0 1 0 0 1 1 0 0 0 0 0 0 0 1 1 0 1 1 0 0 0 28151.0 24907.0 24720.0 3 0.23926376050555082
1 0 1 0 1 1 1 0 0 0 1 1 1 1 0 1 1 1 0 0 0 0 0 1 0 1 1 1 0 1 1 1 1 0 0 1 1 1 1 0 1 1 0 1 0 0 1 1 1 1 0 0 1 0 0 1 0 0 1 0 1 1 0 0 1 1 0 0 0 1 0 0 0 0 1 0 0 0 0 0 1 0 0 1 0 0 1 1 1 1 0 0 0 1 1 1 1 0 0 0 25013.0 24302.0 25303.0 3 0.23715463509961057
1 0 0 0 0 1 0 0 1 1 1 1 1 1 0 0 0 0 0 0 0 0 0 1 0 1 1 1 0 1 1 1 1 0 0 1 1 1 1 0 1 1 0 0 0 0 1 1 1 1 0 1 1 0 0 1 0 1 1 1 1 1 1 1 0 0 1 0 1 0 0 1 0 0 0 1 1 1 0 0 1 1 1 0 0 0 1 1 1 0 0 0 0 0 0 1 1 1 1 0 28736.0 21334.0 27094.0 3 0.21964285476972803
1 0 0 0 1 0 0 0 1 1 1 1 1 1 0 1 0 1 0 1 0 0 1 0 0 0 0 1 0 1 1 1 1 0 0 0 1 1 1 0 1 1 0 1 1 0 1 0 1 0 0 0 1 1 1 0 0 1 0 0 1 0 1 1 0 1 0 0 1 0 0 1 1 1 1 1 1 1 1 0 1 0 1 0 1 0 0 0 1 0 0 0 0 1 1 1 1 0 0 0 25869.0 25116.0 23790.0 3 0.2174676300700311
0 0 0 0 1 1 0 0 1 1 1 1 1 1 0 0 0 1 0 0 1 0 1 1 0 1 1 0 0 0 0 1 1 1 0 0 1 1 0 0 1 1 0 1 0 1 1 0 1 1 0 1 0 1 0 0 0 1 1 1 1 1 0 1 0 0 1 0 1 1 0 1 0 0 0 1 1 1 0 0 0 1 1 0 0 0 1 1 1 0 0 0 0 0 0 1 1 1 1 0 27022.0 21433.0 27732.0 3 0.21536615965840444
1 1 0 0 1 1 1 0 0 0 1 1 1 1 0 1 1 1 0 0 0 0 0 1 0 1 1 1 0 1 1 1 1 0 0 1 1 1 1 0 1 1 0 1 0 0 1 1 1 1 0 0 1 0 1 1 0 0 1 0 1 1 0 0 1 1 0 0 0 1 0 0 0 0 1 0 0 0 0 0 1 0 0 1 0 1 1 1 1 1 0 0 0 1 1 1 1 0 0 0 25678.0 24274.0 25449.0 3 0.2123449537916418
1 0 1 1 0 1 0 1 1 1 0 1 0 0 1 1 0 1 0 1 1 0 0 1 0 1 1 1 0 1 0 1 0 1 0 1 0 1 0 0 0 0 1 0 1 0 1 0 1 0 1 1 1 1 0 0 0 0 0 0 1 0 1 1 0 0 0 0 1 0 0 1 1 1 1 1 0 1 1 0 1 0 0 0 1 0 0 1 1 0 0 1 1 1 0 1 1 0 1 0 28884.0 23310.0 24880.0 3 0.21153309287418334
0 0 0 0 1 1 0 0 1 1 1 1 1 1 0 0 0 1 0 0 1 0 0 1 0 1 1 1 0 1 1 1 1 0 0 0 1 1 1 0 1 1 0 0 0 0 1 1 1 1 0 0 1 1 0 0 0 1 1 1 1 1 0 1 0 0 1 0 1 1 0 1 0 0 0 1 1 1 0 0 0 1 1 0 0 0 1 1 1 0 0 0 0 0 0 1 1 1 1 0 28113.0 20387.0 27653.0 3 0.19440123027517034
1 0 0 0 1 0 0 0 1 1 1 1 1 1 0 1 0 1 0 1 0 0 1 0 0 0 0 1 0 1 1 1 1 0 0 0 1 1 1 0 1 1 0 1 1 1 1 0 1 0 0 0 0 1 0 0 0 1 1 1 1 1 0 1 1 0 1 0 1 1 0 1 0 0 1 0 1 1 1 0 0 0 0 0 1 0 1 0 1 0 0 0 0 1 1 1 1 0 0 0 24970.0 25166.0 24967.0 3 0.19154767735201317
0 0 0 0 0 1 0 0 1 0 1 1 1 1 0 0 0 1 0 0 1 0 0 1 0 1 1 1 0 1 1 1 1 0 0 1 1 1 1 0 0 0 1 1 0 0 1 0 1 0 1 1 1 1 0 0 0 1 0 0 1 0 1 1 0 1 0 0 1 0 0 1 1 1 1 1 1 1 1 0 1 1 1 0 0 1 1 1 1 1 0 0 0 1 1 1 1 0 0 0 28572.0 23576.0 25679.0 3 0.18253029861639453
