1 0 1 1 0 0 1 1 1 1 1 1 1 1 0 1 1 0 0 0 0 0 0 1 1 1 1 1 0 1 1 1 1 1 0 1 0 1 1 0 0 1 0 0 1 0 1 0 1 1 0 1 0 1 0 0 0 1 1 1 0 1 1 1 1 0 1 1 0 1 0 0 1 0 1 1 1 1 1 1 1 0 1 0 1 0 1 0 1 0 0 0 1 1 1 1 1 0 0 1 33839.0 28118.0 35457.0 0 2000000000000000.0
0 0 1 1 1 1 0 1 1 1 1 1 1 1 0 1 1 0 1 0 0 0 0 1 1 1 0 1 0 1 1 1 1 1 0 1 0 1 1 0 0 1 0 0 1 1 1 1 1 1 0 0 1 1 0 0 0 1 1 1 0 1 1 1 1 0 1 0 1 1 0 0 1 0 1 1 1 1 1 1 1 0 1 0 0 0 1 0 1 0 0 0 1 1 1 1 1 0 1 0 32470.0 28447.0 35429.0 0 0.17943091799966934
1 0 1 1 0 1 0 1 1 1 1 1 1 1 0 1 1 0 0 0 0 0 0 1 1 1 1 1 0 1 1 1 1 1 0 1 0 1 1 0 0 1 0 0 1 1 1 1 1 1 0 1 1 1 0 0 0 1 1 1 0 1 1 1 1 0 1 1 0 1 0 0 1 0 1 1 1 1 1 1 1 0 1 0 0 0 1 0 1 0 0 0 1 1 1 1 1 0 1 0 34271.0 28706.0 35383.0 0 0.31762464879459146
0 0 1 1 1 1 0 1 1 1 1 1 1 1 0 1 1 0 0 0 0 0 0 1 1 1 1 1 0 1 1 1 1 1 0 1 0 1 1 0 0 1 0 0 1 1 1 1 1 1 0 1 1 1 0 0 0 1 1 1 0 1 1 1 1 0 1 0 0 1 0 0 1 0 1 1 1 1 1 1 1 0 1 0 0 0 1 0 1 0 0 0 1 1 1 1 1 0 1 0 33390.0 29198.0 35284.0 0 0.15647385299323952
1 0 1 1 0 0 1 1 1 1 1 1 1 1 0 1 1 0 0 1 0 0 0 1 1 1 1 1 0 1 1 1 1 1 0 1 0 1 1 0 0 1 0 0 1 1 1 0 1 1 0 1 0 1 0 0 0 1 1 1 0 1 1 1 1 0 1 0 0 1 0 0 1 0 1 1 1 1 1 1 1 0 1 0 1 0 1 0 1 0 0 0 1 1 1 1 1 0 1 0 33899.0 29344.0 35183.0 0 0.16715885305604955
0 0 1 1 1 1 0 1 1 1 1 1 1 1 0 1 1 0 0 0 0 0 0 1 1 1 1 1 0 1 1 1 1 1 0 1 0 1 1 0 0 1 0 0 1 1 1 1 1 1 0 1 1 1 0 0 0 1 1 1 0 1 1 1 1 0 1 0 0 1 0 1 1 0 1 1 1 1 1 1 1 0 1 0 0 0 1 0 1 0 0 0 1 1 1 1 1 0 0 0 33248.0 29444.0 35060.0 0 0.19957891088559038
1 0 1 1 0 0 1 1 1 0 1 1 1 1 0 1 1 1 0 0 1 0 0 0 1 1 1 1 0 1 1 1 1 1 0 1 0 1 1 0 0 1 0 0 1 1 1 1 1 1 0 1 1 1 0 0 0 1 1 1 0 1 1 1 1 0 1 1 0 1 0 0 1 0 1 1 1 1 1 1 1 0 1 0 0 0 1 0 1 0 0 0 1 1 1 1 1 0 1 0 35366.0 30111.0 35053.0 0 0.32583746934892766
1 0 1 1 0 0 1 1 1 0 1 1 1 1 0 1 1 1 0 1 0 0 1 0 0 1 1 1 0 1 1 1 1 1 0 1 0 1 1 0 0 1 0 0 1 1 1 0 1 1 0 1 0 1 0 0 0 1 1 1 0 1 1 1 1 0 1 0 0 1 0 0 1 0 1 1 1 1 1 1 1 0 1 0 0 0 1 1 1 0 0 0 1 1 1 1 1 0 1 0 33855.0 30139.0 33852.0 0 0.2828634189375944
1 0 1 1 0 0 1 1 1 0 1 1 1 1 0 1 1 0 0 0 0 0 1 1 1 1 1 1 0 1 1 1 1 1 0 1 1 1 1 0 0 1 0 1 1 1 1 0 1 1 0 1 0 1 0 0 0 0 1 1 0 1 1 1 1 0 1 0 0 1 0 0 1 0 1 1 1 1 1 1 1 0 1 0 1 0 1 0 1 0 0 0 1 1 1 1 1 0 0 0 32949.0 30995.0 33791.0 0 0.29366779764246687
1 0 1 1 0 0 1 1 1 1 1 1 1 1 0 1 1 0 0 1 0 0 0 1 1 1 1 1 0 1 1 1 1 1 0 1 0 1 1 0 0 1 0 0 1 0 1 1 1 1 0 1 0 1 0 0 0 1 1 1 1 1 1 1 0 0 1 0 0 1 0 0 1 0 1 1 1 1 1 1 1 1 1 0 0 0 1 0 1 0 0 0 1 1 1 1 1 0 1 0 35652.0 28435.0 33671.0 0 0.17005463894655262
1 0 1 1 0 0 1 1 1 0 1 1 1 1 0 1 1 1 0 1 0 0 1 0 0 1 1 1 0 1 1 1 1 1 0 1 0 1 1 0 0 1 0 0 1 1 1 0 1 1 0 1 0 1 0 0 0 1 1 1 0 1 1 1 1 0 1 0 0 1 0 0 1 0 1 1 1 1 1 1 1 0 1 0 1 0 1 0 1 0 0 0 1 1 1 1 1 0 1 0 33630.0 30708.0 33627.0 0 0.22904734843321933
1 0 1 1 0 0 1 1 1 0 1 1 1 1 0 1 1 1 0 0 1 0 0 0 1 1 1 1 0 1 1 1 1 1 0 1 1 1 1 0 0 1 0 1 1 1 1 0 1 1 0 1 0 1 0 0 0 0 1 1 0 1 1 1 1 0 1 0 0 1 0 0 1 0 1 1 1 1 1 1 1 0 1 0 1 0 1 0 1 0 0 0 1 1 1 1 1 0 0 0 33748.0 31106.0 33505.0 0 0.16582242466621344
1 0 1 1 0 1 1 1 1 0 1 1 1 1 0 1 1 0 0 0 0 0 0 1 1 1 1 0 0 1 1 1 1 1 0 1 1 1 1 0 0 1 0 0 1 1 1 1 1 1 0 1 1 1 0 1 0 1 1 1 1 1 1 1 0 0 0 0 0 1 0 1 1 0 1 1 1 1 1 1 1 1 1 0 0 0 1 0 1 0 0 0 1 1 1 1 0 0 1 0 35764.0 28518.0 33401.0 0 0.14711106833898455
1 0 1 1 0 0 1 1 1 0 1 1 1 1 0 1 1 0 0 0 0 0 1 1 1 1 1 1 0 1 1 1 1 1 0 1 0 1 1 0 0 1 0 0 1 1 1 0 1 1 0 1 0 1 0 0 0 1 1 1 0 1 1 1 0 0 0 1 0 1 0 1 1 1 1 1 1 1 1 1 1 1 1 0 0 1 1 0 1 0 0 0 1 1 0 1 1 0 1 0 35945.0 29423.0 33307.0 0 0.13764278349775347
1 0 1 1 0 0 1 1 1 0 1 1 1 1 0 1 1 1 0 1 0 0 0 1 1 1 1 1 0 1 1 1 1 1 0 1 0 1 1 0 0 1 0 0 1 0 1 1 1 1 0 1 0 1 0 0 0 1 1 1 1 1 1 1 0 0 1 0 0 1 0 0 1 0 1 1 1 1 1 1 1 1 1 0 0 0 1 0 1 0 0 0 1 1 1 1 1 0 1 0 36094.0 29195.0 33065.0 0 0.09305250139959856
1 0 1 1 0 0 1 1 1 0 1 1 1 1 0 1 0 1 0 0 1 0 0 0 1 1 1 1 0 1 1 1 1 1 0 1 1 1 1 1 0 1 0 0 1 1 1 1 1 1 0 1 0 1 0 0 0 0 1 1 0 1 1 1 1 0 1 0 0 1 0 0 1 0 1 1 1 1 1 1 1 0 1 0 0 0 1 0 1 0 0 0 1 1 1 1 1 0 1 0 35313.0 30257.0 33038.0 0 0.20309470099801852
1 0 1 1 0 0 1 1 1 0 1 1 1 1 0 1 0 1 0 0 1 0 0 0 1 1 1 1 0 1 1 1 1 1 0 1 1 1 1 0 0 1 0 1 1 1 1 1 1 1 0 1 0 1 0 0 0 0 1 1 0 1 1 1 1 0 1 0 0 1 0 0 1 0 1 1 1 1 1 1 1 0 1 0 1 0 1 0 1 0 0 0 1 1 1 1 1 0 0 0 34191.0 31690.0 32867.0 0 0.24746489918329928
1 0 1 1 0 0 1 1 1 0 1 1 1 1 0 1 1 1 0 0 1 0 0 0 1 1 0 1 0 1 1 1 1 1 0 1 1 1 1 0 0 1 0 1 1 1 1 1 1 1 0 1 0 1 0 0 0 1 1 1 0 1 1 1 1 0 0 0 0 1 0 1 1 0 1 1 1 1 1 1 1 1 1 0 0 0 1 0 1 0 0 0 1 1 0 1 1 0 1 0 35271.0 31304.0 32783.0 0 0.3885029850695946
1 0 1 1 0 0 1 1 1 0 1 1 1 1 0 1 1 1 0 0 1 0 0 0 1 1 1 1 0 1 1 1 1 1 0 1 0 1 1 0 0 1 0 0 1 1 1 0 1 1 0 1 0 1 0 0 0 1 1 1 0 1 1 1 1 0 0 0 0 1 0 1 1 1 1 1 1 1 1 1 1 1 1 0 0 0 1 0 1 0 0 0 1 1 0 1 1 0 1 0 35479.0 29743.0 32767.0 0 0.21317082741552043
1 0 1 1 0 0 1 1 1 0 1 1 1 1 0 1 1 1 0 0 1 0 0 0 1 1 1 1 0 1 1 1 1 1 0 1 1 1 1 0 0 1 0 0 1 1 1 1 1 1 0 1 1 1 0 1 0 1 1 1 1 1 1 0 0 0 0 0 0 1 0 1 1 0 1 1 1 1 1 1 1 1 1 0 0 0 1 0 1 0 0 0 1 1 1 1 0 0 1 0 36320.0 29820.0 32483.0 0 0.2923430827690061
1 0 1 1 0 1 0 1 1 0 1 1 1 1 0 1 0 1 0 0 1 0 0 0 1 1 1 1 0 1 0 1 1 1 0 1 1 0 1 0 0 1 0 1 1 1 1 1 1 1 0 1 1 1 0 1 0 1 1 1 1 1 1 1 0 0 0 0 0 1 0 1 1 0 1 1 1 1 1 1 1 1 1 0 0 0 1 0 1 0 0 0 1 1 1 1 0 0 1 0 36074.0 30129.0 31640.0 0 0.24199014401489904
1 0 1 1 0 0 1 1 1 0 1 1 1 1 0 1 1 1 0 0 1 0 1 0 1 1 1 1 0 1 1 1 1 1 0 1 1 1 1 0 1 1 0 0 0 0 1 1 1 1 0 1 0 1 0 0 0 1 1 1 1 1 1 0 0 0 0 0 0 1 0 1 1 0 1 1 1 1 1 1 1 1 1 0 0 1 1 0 1 0 0 0 1 1 1 1 0 0 1 0 36414.0 29137.0 31402.0 0 0.2595415725222717
1 0 1 1 0 1 1 1 1 0 1 1 1 1 0 1 0 1 0 0 1 0 1 0 1 1 1 1 0 1 1 1 1 1 0 1 1 1 1 0 0 1 0 0 0 0 1 1 1 1 0 1 0 1 0 0 0 1 1 1 1 1 1 1 0 0 0 0 0 1 0 1 1 0 1 1 1 1 1 1 1 1 1 0 0 1 1 0 1 0 0 0 1 1 0 1 0 0 1 0 36602.0 28761.0 31168.0 0 0.259280853555326
1 0 0 1 0 0 1 1 1 0 1 1 1 1 0 1 1 1 0 0 0 0 0 0 1 1 1 1 0 1 1 1 1 1 0 1 1 1 1 0 0 1 0 1 1 1 1 1 1 1 0 1 0 1 0 0 0 1 1 1 1 1 1 0 0 0 0 0 0 1 0 1 1 1 1 1 1 1 1 1 1 1 1 0 0 0 1 0 1 0 0 0 1 1 0 1 1 0 1 0 35739.0 30734.0 31135.0 0 0.11976018612000149
1 0 1 1 0 0 1 1 1 0 1 1 1 1 0 1 1 1 0 0 1 0 1 0 1 1 0 1 0 1 1 1 1 0 0 1 1 1 1 0 0 1 0 1 1 1 1 0 1 1 1 1 1 1 0 1 0 1 1 1 1 0 1 0 0 0 0 0 0 1 0 1 1 0 0 1 1 1 1 1 1 0 1 0 1 0 1 0 1 0 1 0 1 1 1 1 1 0 0 0 32266.0 31776.0 31048.0 0 0.24390284585405653
1 0 1 1 0 0 1 1 1 0 1 1 1 1 0 1 1 1 0 1 1 0 0 0 1 1 1 1 0 1 1 1 1 1 0 1 1 1 1 0 0 1 0 0 1 0 1 1 1 1 0 1 0 1 0 0 0 1 1 1 1 1 1 0 0 0 0 0 0 1 0 1 1 1 1 1 1 1 1 1 1 1 1 0 0 0 1 0 1 0 0 0 1 1 0 1 0 0 1 0 36881.0 29409.0 30653.0 0 1000000000000000.1
1 0 1 1 0 0 1 1 1 0 1 1 1 1 0 1 0 1 0 0 1 0 1 0 1 1 1 1 0 1 1 1 1 1 0 1 1 1 1 0 0 1 0 0 0 0 1 1 1 1 0 1 0 1 0 0 0 1 1 1 1 1 1 0 0 0 0 0 0 1 0 1 1 1 1 1 1 1 1 1 1 1 1 0 0 0 1 0 1 0 0 0 1 1 0 1 1 0 1 0 36201.0 29881.0 30157.0 0 0.21860072223957505
1 0 1 1 0 0 1 1 1 0 1 1 1 1 0 1 1 1 0 1 0 0 1 0 1 1 0 1 0 1 1 1 1 0 0 1 1 1 1 0 0 1 0 1 1 1 1 0 1 1 1 1 0 1 0 1 0 1 1 1 1 0 1 0 0 0 0 0 0 1 0 1 1 0 0 1 1 1 1 1 1 0 1 0 1 0 1 0 1 0 1 0 1 1 1 1 1 0 0 0 32146.0 32021.0 30141.0 0 3000000000000000.0
1 0 1 1 0 0 1 1 1 1 1 1 1 1 0 1 1 0 0 0 0 0 0 1 1 1 1 1 0 1 1 1 1 1 0 1 0 1 1 0 0 1 0 0 1 0 1 0 1 1 0 1 0 1 0 0 0 1 1 1 0 1 1 1 1 0 1 1 0 1 0 0 1 0 1 1 1 1 1 1 1 0 1 0 1 0 1 0 1 0 0 0 1 1 1 1 1 0 1 0 34147.0 28101.0 35342.0 1 1000000000000000.2
1 0 1 1 0 0 0 1 1 1 1 1 1 1 0 1 1 0 0 0 0 1 0 1 1 1 1 1 0 1 1 1 1 1 0 1 0 1 1 0 0 1 0 1 1 1 1 0 1 1 0 1 0 1 0 0 0 1 1 1 0 1 1 1 1 0 1 0 0 1 0 0 1 0 1 1 1 1 1 1 1 0 1 0 1 0 1 0 1 0 0 0 1 1 1 1 1 0 1 0 33102.0 29259.0 35168.0 1 0.12949641128617367
1 0 1 1 0 0 1 1 1 1 1 1 1 1 0 1 1 0 0 1 0 0 0 1 0 1 1 1 0 1 1 1 1 1 0 1 0 1 1 0 0 1 0 0 1 1 1 0 1 1 0 1 0 1 0 0 0 1 1 1 0 1 1 1 1 0 1 1 0 1 0 0 1 0 1 1 1 1 1 1 1 0 1 0 1 1 1 0 1 0 0 0 1 1 1 1 1 0 0 0 34025.0 29422.0 34980.0 1 0.19462493971475608
0 0 1 1 1 1 0 1 1 0 1 1 1 1 0 1 1 0 0 0 0 0 1 1 1 1 1 1 0 1 1 1 1 1 0 1 0 1 1 0 0 1 0 0 1 1 1 0 1 1 0 1 0 1 0 0 0 1 1 1 0 1 1 1 1 0 1 0 0 1 0 0 1 0 1 1 1 1 1 1 1 0 1 0 1 0 1 0 1 0 0 0 1 1 1 1 1 0 1 0 32599.0 29775.0 34795.0 1 0.11489073034386199
1 0 1 1 0 1 1 0 1 0 1 1 1 1 0 1 1 1 0 0 1 0 0 0 1 1 1 1 0 1 1 1 1 1 0 1 0 1 1 0 0 1 0 0 1 1 1 0 1 1 0 1 0 1 0 0 0 1 1 1 0 1 1 1 1 0 1 1 0 1 0 1 1 0 1 1 1 1 1 1 1 0 1 0 0 0 1 0 1 0 0 0 1 1 1 1 1 0 1 0 34589.0 29050.0 34788.0 1 0.09295713321157284
1 0 1 1 0 0 1 1 1 0 1 1 1 1 0 1 1 0 0 0 0 0 1 1 1 1 1 1 0 1 1 1 1 1 0 1 0 1 1 0 0 1 0 0 1 1 1 0 1 1 0 1 0 1 0 0 0 1 1 1 0 1 1 1 1 0 1 0 0 1 0 0 1 0 1 1 1 1 1 1 1 0 1 0 1 0 1 0 1 0 0 0 1 1 1 1 1 0 1 0 33056.0 29536.0 34578.0 1 0.16034723433982997
1 0 1 1 0 0 1 1 1 0 1 1 1 1 0 1 1 0 0 0 0 0 1 1 1 1 1 1 0 1 1 1 1 1 0 1 1 1 1 0 0 1 0 0 1 1 1 1 1 0 0 1 1 1 0 0 0 1 1 1 0 1 1 1 1 0 1 0 0 1 0 0 1 0 1 1 1 1 1 1 1 0 1 0 0 0 1 0 1 0 1 0 1 1 1 1 1 0 0 1 33548.0 29630.0 34511.0 1 0.04055091894014839
1 0 1 1 0 0 1 1 1 1 1 1 1 1 0 1 1 0 0 0 0 0 0 1 1 1 1 1 0 1 1 1 1 1 0 1 0 1 1 0 0 1 0 0 1 0 1 0 1 1 0 1 0 1 0 0 0 1 1 1 0 1 1 1 1 0 1 1 0 1 0 0 1 0 1 1 1 1 1 1 1 1 1 0 0 1 1 0 1 0 0 0 1 1 1 1 0 0 1 0 34957.0 27035.0 34504.0 1 1000000000000000.0
1 0 1 1 0 0 1 1 1 0 1 1 1 1 1 1 1 1 0 0 1 0 0 0 1 1 1 1 0 1 1 1 1 1 0 1 0 1 1 0 0 1 0 0 1 1 1 0 1 1 0 1 0 1 0 0 0 1 1 1 0 1 1 1 1 0 1 0 0 1 0 0 1 0 1 1 1 1 1 1 1 0 1 0 1 0 1 0 1 0 0 0 1 1 1 1 1 0 1 0 34469.0 30037.0 34293.0 1 0.17142111846623853
1 0 1 1 0 0 1 1 1 1 1 1 1 1 0 1 1 0 0 0 0 0 0 1 1 1 1 1 0 1 1 1 1 1 0 1 0 1 1 0 0 1 0 0 1 0 1 1 1 1 0 1 0 1 0 0 0 1 1 1 1 1 1 0 0 0 0 1 0 1 0 1 1 0 1 1 1 1 1 1 1 0 1 0 1 1 1 0 1 0 0 0 1 1 1 1 1 0 0 1 35125.0 28482.0 33935.0 1 0.12473886063277843
1 0 1 1 0 0 1 1 1 0 1 1 1 1 0 1 1 1 0 0 1 0 0 0 1 1 1 1 0 1 1 1 1 1 0 1 1 1 1 0 0 1 0 0 1 0 1 0 1 1 0 1 0 1 0 0 0 1 1 1 0 1 1 0 1 0 1 1 0 1 0 0 1 0 1 1 1 1 1 1 1 0 1 0 1 0 1 0 1 0 0 0 1 1 1 1 1 0 1 0 34656.0 29554.0 33744.0 1 0.1011049968244975
1 0 1 1 0 0 1 1 1 0 1 1 1 1 0 1 1 0 0 0 0 0 1 1 1 1 1 1 0 1 1 1 1 1 0 1 1 1 1 0 0 1 0 0 1 1 1 1 1 1 0 1 1 1 0 0 0 1 1 1 0 1 1 1 1 0 1 0 0 1 0 0 1 0 1 1 1 1 1 0 1 0 1 0 1 0 1 0 0 0 0 0 1 1 1 1 1 0 0 0 32346.0 30644.0 33565.0 1 0.10741019606174884
1 0 1 1 0 0 1 1 1 1 1 1 1 1 0 1 1 0 0 1 0 0 0 1 1 1 1 1 0 1 1 1 1 1 0 1 0 0 1 0 0 1 0 0 1 0 1 1 1 1 0 1 0 1 0 0 0 1 1 1 1 1 1 1 0 0 1 0 0 1 0 0 1 0 1 1 1 1 1 1 1 1 1 0 0 0 1 0 1 0 0 0 1 1 1 1 1 0 1 0 35631.0 28428.0 33485.0 1 0.12837345716556778
1 0 1 1 0 0 1 1 1 1 1 1 1 1 0 1 1 1 0 1 0 0 1 0 1 1 0 1 0 1 1 1 1 1 0 1 0 1 1 0 0 1 0 0 1 1 1 0 1 1 0 1 0 1 0 0 0 0 1 1 0 1 1 1 1 0 1 0 0 1 0 0 1 0 1 1 1 1 1 1 1 0 1 0 1 0 1 0 1 0 0 0 1 1 1 1 1 0 0 0 32626.0 30931.0 33348.0 1 0.12512203598893062
0 0 1 1 0 0 1 1 1 0 1 1 1 1 0 1 1 1 0 0 1 0 0 1 1 1 1 1 0 1 1 1 1 1 0 1 0 1 1 0 0 1 0 0 1 0 1 1 1 1 0 1 0 1 0 0 0 1 1 1 1 1 1 1 0 0 1 0 0 1 0 0 1 0 1 1 1 1 1 1 1 1 1 0 0 0 1 0 1 0 0 0 1 1 1 1 1 0 1 0 35827.0 28670.0 33299.0 1 0.09252206726471604
1 0 0 1 0 0 1 1 1 0 1 1 1 1 0 1 1 1 0 0 1 0 0 0 1 1 1 1 0 1 1 1 1 1 0 1 1 1 1 0 0 1 0 1 1 1 1 0 1 1 0 1 0 1 0 0 0 0 1 1 0 1 1 1 1 0 1 0 0 1 0 0 1 0 1 1 1 1 1 1 1 0 1 0 1 0 1 0 1 0 0 0 1 1 1 1 1 0 0 0 33507.0 30748.0 33223.0 1 0.06746572433332768
1 0 1 1 0 0 1 1 1 0 1 1 1 1 0 1 1 0 0 0 0 0 0 1 1 1 1 1 0 1 1 1 1 1 0 1 0 1 1 0 0 1 0 0 1 0 1 1 1 1 1 1 0 1 0 0 0 1 1 1 1 1 1 0 0 0 0 1 0 1 0 1 1 0 1 1 1 1 1 1 1 0 1 0 1 1 1 0 1 0 0 0 1 1 1 1 1 0 1 0 35175.0 28718.0 33145.0 1 0.05303028574078682
1 0 1 1 0 0 1 1 1 0 1 1 1 1 0 1 1 0 0 0 0 0 1 1 1 1 1 1 0 1 1 1 1 1 0 1 0 1 1 0 0 1 0 0 1 1 1 0 1 1 0 1 0 1 0 0 0 1 1 1 0 1 1 1 1 0 0 0 0 1 0 1 1 1 1 1 1 1 1 1 1 1 1 0 0 0 1 0 1 0 0 0 1 1 0 1 1 0 1 0 34680.0 29632.0 33053.0 1 0.05208310987880778
1 0 1 1 0 0 1 1 1 0 1 1 1 1 0 1 1 1 0 1 0 0 1 0 1 1 0 1 0 1 1 1 1 1 0 1 0 1 1 0 0 1 0 0 1 1 1 0 1 1 0 1 0 1 0 0 0 0 1 1 0 1 1 1 1 0 1 0 0 1 0 0 1 0 1 1 1 1 1 1 1 0 1 0 1 0 1 0 1 0 0 0 1 1 1 1 1 0 1 0 33100.0 30827.0 33044.0 1 0.05526969957431534
1 0 1 1 0 0 1 1 1 0 1 1 1 0 0 1 1 1 0 1 0 0 0 1 1 1 1 1 0 1 1 1 1 1 0 1 0 1 1 0 0 1 0 0 1 0 1 1 1 1 0 1 0 1 0 0 0 1 1 1 1 1 1 1 0 0 1 0 0 1 0 0 1 0 1 1 1 1 1 1 1 1 1 0 1 0 1 0 1 0 1 0 1 1 1 1 1 0 0 0 34762.0 29134.0 32971.0 1 0.05910056068332127
0 0 1 1 0 0 1 1 1 0 1 1 1 1 0 1 1 1 0 0 1 0 0 0 1 1 1 1 0 1 1 1 1 1 0 1 1 1 1 0 0 1 0 0 1 1 1 1 1 1 0 1 1 1 0 0 0 1 1 1 1 1 1 1 0 0 0 0 0 1 0 1 0 0 1 0 1 1 1 1 1 0 1 0 1 1 1 0 1 0 0 0 1 1 1 1 1 0 0 1 34780.0 30013.0 32934.0 1 0.06439521245410938
1 0 1 1 0 1 0 1 1 1 1 1 1 1 0 1 1 0 0 0 0 0 1 1 1 1 1 1 0 1 1 1 1 1 0 1 0 1 1 0 0 1 0 0 1 1 1 1 1 1 0 1 0 1 0 0 0 1 1 1 1 1 1 0 0 0 0 1 0 1 0 1 1 0 1 1 1 1 1 1 1 1 1 0 0 0 1 0 1 0 0 0 1 1 0 1 1 0 1 0 35175.0 28888.0 32934.0 1 0.0403724781161128
1 0 1 1 0 0 1 1 1 0 1 1 1 1 0 1 1 1 0 1 0 0 0 1 1 1 1 1 0 1 1 1 1 1 0 1 0 1 1 0 0 1 0 0 1 0 1 1 1 1 0 1 0 1 0 0 0 1 1 1 1 1 1 1 0 0 1 0 0 1 0 0 1 0 1 1 1 1 1 1 1 0 1 0 0 0 1 0 1 0 0 0 1 1 1 1 1 0 1 0 35422.0 28922.0 32842.0 1 0.055546122203339474
1 0 1 1 0 0 1 1 1 0 1 1 1 1 0 1 1 1 0 0 1 0 0 0 1 1 1 1 0 1 1 1 1 0 0 1 1 1 1 0 0 1 0 1 1 1 1 0 1 1 0 1 0 1 0 1 0 0 1 1 0 1 1 1 1 0 1 0 0 1 0 0 1 0 1 1 1 1 1 1 1 0 1 0 1 0 1 0 1 0 0 0 1 1 1 1 1 0 0 0 33466.0 30993.0 32786.0 1 0.1017477567483416
1 0 1 1 0 0 1 1 1 0 1 1 1 1 0 1 0 1 0 0 1 0 0 0 1 1 1 1 0 1 1 1 1 1 0 1 1 1 1 0 0 1 0 1 1 1 1 0 1 1 0 1 0 1 0 0 0 0 1 1 0 1 1 1 1 0 1 0 0 1 0 0 1 0 1 1 1 1 1 1 1 0 1 0 1 0 1 0 1 0 0 0 1 1 1 1 1 0 0 0 33640.0 30966.0 32700.0 1 0.10703031618325078
0 0 1 1 0 0 1 1 1 0 1 1 1 1 0 1 1 1 0 0 0 0 0 1 0 1 1 1 0 1 1 1 1 1 0 1 0 1 1 0 0 1 0 0 1 0 1 1 1 1 1 1 0 1 0 0 0 1 1 1 1 1 1 0 0 0 0 1 0 1 0 1 1 0 1 1 1 1 1 1 1 0 1 0 1 1 1 0 1 0 0 0 1 1 1 1 1 0 1 0 35346.0 29178.0 32679.0 1 0.045692759403937445
0 0 1 1 0 0 1 1 1 0 1 1 1 1 0 1 1 1 0 0 0 0 0 1 1 1 1 1 0 1 1 1 1 1 0 1 0 1 1 0 0 1 0 0 1 1 1 0 1 1 0 1 0 1 0 0 0 1 1 0 0 1 1 1 0 0 0 1 0 1 0 1 1 1 1 1 1 1 1 1 1 1 1 0 0 1 1 0 1 0 0 0 1 1 0 1 1 0 1 0 35417.0 29185.0 32619.0 1 0.06807153974919745
1 0 1 1 0 0 1 1 1 0 1 1 1 1 0 1 1 1 0 0 1 0 0 0 1 1 1 1 0 1 1 1 1 1 0 1 1 1 1 0 0 1 0 1 1 1 1 0 1 1 1 1 0 1 0 1 0 1 1 1 1 0 1 0 0 0 1 0 0 1 0 0 1 0 1 1 1 1 1 1 1 1 1 0 0 0 1 1 1 0 0 0 1 1 1 1 1 0 0 0 34683.0 30930.0 32420.0 1 0.07152452820543134
1 0 1 1 0 0 1 1 1 0 1 1 1 1 0 1 1 1 0 0 1 0 1 0 1 1 1 1 0 1 1 1 1 1 0 1 0 1 1 0 0 1 0 0 1 1 1 1 1 1 0 1 1 1 0 0 0 1 1 1 1 0 1 1 0 0 0 0 0 1 0 1 1 0 1 1 1 1 1 1 1 1 1 0 0 0 1 0 1 0 0 0 1 1 1 1 1 0 0 0 35110.0 30703.0 32419.0 1 0.056298869389143275
1 0 1 1 0 0 1 1 1 0 1 1 1 1 0 1 1 1 0 0 1 0 0 0 1 1 1 1 0 1 1 1 1 1 0 1 1 1 1 0 0 1 0 1 1 1 1 1 1 1 0 1 0 1 0 0 0 0 1 1 0 1 1 1 1 0 1 0 0 1 0 0 1 0 1 1 1 1 1 0 1 0 1 0 1 0 1 0 0 0 0 0 1 1 1 1 1 0 0 0 33080.0 31449.0 32398.0 1 0.10087085653317848
1 0 1 1 0 0 1 1 1 0 1 1 1 1 0 1 1 1 0 1 0 0 0 1 1 1 1 1 0 1 1 1 1 1 0 1 0 1 1 0 0 1 0 0 1 0 1 1 1 1 0 1 0 1 0 0 0 1 1 1 1 1 1 1 0 0 1 0 0 1 0 0 1 0 1 1 1 1 1 1 1 1 1 0 0 0 1 0 1 0 0 0 1 1 0 1 1 0 1 0 35927.0 28779.0 32326.0 1 0.08749485014309134
1 0 1 1 0 0 1 1 1 0 1 1 1 1 0 1 1 1 0 0 1 0 0 0 1 1 1 1 0 1 1 1 1 1 0 1 1 1 1 0 0 1 0 0 1 0 1 1 1 1 0 1 0 1 0 0 0 1 1 1 1 1 1 1 0 0 1 0 0 1 0 0 1 0 1 1 1 1 1 1 1 1 1 0 0 0 1 0 1 0 0 0 1 1 0 1 1 0 1 0 36232.0 28973.0 32227.0 1 0.07050594497825208
1 0 1 1 0 0 1 1 1 0 1 1 1 1 0 1 1 1 0 0 1 0 1 0 1 1 1 1 0 1 1 1 1 1 0 1 0 1 1 0 0 1 0 0 1 1 1 1 1 1 0 1 1 1 0 0 0 1 1 1 1 0 1 0 0 0 0 0 0 1 0 1 1 0 1 1 1 1 1 1 1 1 1 0 1 0 1 0 1 0 0 0 1 1 1 1 1 0 0 0 34302.0 31147.0 32221.0 1 0.18751773121657145
0 0 1 1 0 0 1 1 1 0 1 1 1 1 0 1 1 1 0 0 0 0 0 1 0 1 1 1 0 1 1 1 1 1 0 1 1 1 1 0 0 1 0 0 1 1 1 1 1 1 0 1 1 1 0 1 0 1 1 1 1 1 1 0 0 0 0 0 0 1 0 1 1 0 1 1 1 1 1 1 1 1 1 0 0 0 1 0 1 0 0 0 1 1 1 1 0 0 1 0 35483.0 29219.0 31998.0 1 0.09883389366014336
1 0 1 1 0 0 1 1 1 0 1 1 1 1 0 1 1 1 0 0 1 0 0 0 1 1 1 1 0 1 1 1 1 1 0 1 1 1 1 0 1 1 0 0 0 0 1 1 1 1 0 1 0 1 0 0 0 1 1 1 1 1 1 1 0 0 1 0 0 1 0 0 1 0 1 1 1 1 1 1 1 1 1 0 0 0 1 0 1 0 0 0 1 1 0 1 1 0 1 0 36240.0 28509.0 31925.0 1 0.0870966013562367
0 0 1 1 1 1 0 1 1 0 1 1 1 1 0 1 0 1 0 0 1 0 0 0 1 1 1 1 0 1 1 1 1 1 0 1 1 1 1 0 0 1 0 1 1 1 1 1 1 1 0 1 0 1 0 0 0 0 1 1 0 1 1 1 1 0 1 0 0 1 0 0 1 0 1 1 1 1 1 0 1 0 1 0 1 0 1 0 0 0 0 0 1 1 1 1 1 0 0 0 32515.0 31548.0 31810.0 1 0.10023702037695045
1 0 1 1 0 1 0 1 1 1 1 1 1 1 0 1 1 1 0 1 0 0 1 0 1 1 0 1 0 1 1 1 1 1 0 1 1 1 1 0 0 1 0 0 1 0 1 1 1 1 0 1 0 1 0 0 0 1 1 1 1 1 1 0 0 0 0 1 0 1 0 1 1 0 1 1 1 1 1 1 1 0 1 0 0 0 1 0 1 0 0 0 1 1 1 1 0 0 1 0 35181.0 29367.0 31660.0 1 0.08835465156052125
1 0 1 1 0 0 1 1 1 0 1 1 1 1 0 1 1 1 0 1 0 0 1 0 0 1 1 1 0 1 1 1 1 1 0 1 0 1 1 0 0 1 0 0 1 1 1 1 1 1 0 1 1 1 0 1 0 1 1 1 1 1 1 0 0 0 0 0 0 1 0 1 1 0 1 1 1 1 1 1 1 1 1 0 0 0 1 0 1 0 0 0 1 1 1 1 0 0 1 0 35304.0 30230.0 31632.0 1 0.09912102833091593
1 0 1 1 0 0 1 1 1 0 1 1 1 1 0 1 1 1 0 1 0 0 0 0 0 1 1 1 0 1 1 1 1 1 0 1 1 1 1 0 0 1 0 0 1 1 1 1 1 1 0 1 1 1 0 1 0 1 1 1 1 1 1 0 0 0 0 0 0 1 0 1 1 0 1 1 1 1 1 1 1 1 1 0 0 0 1 0 1 0 0 0 1 1 1 1 0 0 1 0 35886.0 29931.0 31513.0 1 0.11882384226570458
1 0 1 1 0 0 1 1 1 0 1 1 1 1 0 1 1 1 0 0 1 0 0 0 1 1 1 1 0 1 1 1 1 0 0 1 1 1 1 0 0 1 1 1 1 1 1 0 1 1 1 1 0 1 0 1 0 1 1 1 1 0 1 0 0 0 0 0 0 1 1 0 1 0 1 1 1 1 1 1 1 1 1 0 0 1 1 0 1 0 0 0 1 1 1 1 0 0 1 0 35173.0 30247.0 31336.0 1 0.12237283978961548
0 0 1 1 1 1 0 1 1 0 1 1 1 1 0 1 1 1 0 1 0 0 1 0 1 1 1 1 0 1 1 1 1 1 0 1 0 1 1 0 0 1 0 0 1 1 1 1 1 1 0 1 1 1 0 0 0 1 1 1 1 0 1 0 0 0 0 0 0 1 0 1 1 0 1 1 1 1 1 1 1 1 1 0 1 0 1 0 0 0 0 0 1 1 1 1 1 0 0 0 33292.0 31525.0 31334.0 1 0.13561242550167985
1 0 0 1 0 0 1 1 1 0 1 1 1 1 0 1 1 1 0 0 1 0 0 0 1 1 1 1 0 1 1 1 1 1 0 1 1 0 1 0 0 1 0 1 1 1 1 0 1 1 0 1 0 1 0 0 0 1 1 1 1 0 1 0 0 0 0 0 0 1 0 1 1 1 1 1 1 1 1 1 1 1 1 0 0 0 1 0 1 0 0 0 1 1 1 1 1 0 1 0 35592.0 30634.0 31066.0 1 0.18945173486878708
1 0 1 1 0 0 1 1 1 0 1 1 1 1 0 1 1 1 0 0 1 0 0 1 1 1 1 1 0 1 1 1 1 1 0 1 1 1 1 0 0 1 0 0 0 0 1 1 1 1 0 1 0 1 0 0 0 1 1 1 1 1 1 0 0 0 0 0 0 1 0 1 1 1 1 1 1 0 1 1 1 1 1 0 0 0 1 0 1 0 0 0 1 1 0 1 1 0 1 0 36388.0 28253.0 30870.0 1 0.162664432466342
1 0 1 1 0 0 0 1 1 1 1 1 1 1 0 1 1 1 0 1 0 0 1 0 1 1 0 1 0 1 1 1 1 1 0 1 1 1 1 0 0 1 0 1 1 1 1 1 1 1 0 1 0 1 0 0 0 0 1 1 1 1 1 1 0 0 0 0 0 1 0 1 0 0 1 0 1 1 1 1 1 0 1 0 1 1 1 0 1 0 0 0 1 1 1 1 1 0 0 0 33570.0 31605.0 30825.0 1 0.054407372428746895
1 0 1 1 0 0 1 1 1 0 1 1 1 1 0 1 0 1 0 0 1 0 1 0 1 1 1 1 0 1 1 1 1 1 0 1 1 1 1 0 0 1 0 0 0 0 1 1 1 1 0 1 0 1 0 0 0 1 1 1 1 1 1 1 0 0 0 0 0 1 0 1 1 0 1 1 1 1 1 1 1 1 1 0 0 1 1 0 1 0 0 0 1 1 0 1 0 0 1 0 36548.0 28605.0 30724.0 1 1000000000000000.0
1 0 1 1 0 1 0 1 1 0 1 1 1 1 0 1 0 1 0 1 1 0 0 0 1 1 1 1 0 1 1 1 1 1 0 1 1 0 1 0 0 1 0 1 1 1 1 1 1 1 0 1 0 1 0 0 0 1 1 1 1 1 1 1 0 0 0 0 0 1 0 1 0 0 1 0 1 1 1 1 1 0 1 0 1 1 1 0 1 0 0 0 1 1 1 1 1 0 0 0 34442.0 30964.0 30684.0 1 0.05010754344081436
1 0 1 1 0 0 1 1 1 0 1 1 1 1 0 1 1 1 0 0 1 0 0 0 1 1 1 1 0 1 1 1 1 1 0 1 1 1 1 0 0 1 0 0 0 0 1 1 1 1 0 1 0 1 0 0 0 1 1 1 1 1 1 0 0 0 0 0 0 1 0 1 1 1 1 1 1 1 1 1 1 1 1 0 0 0 1 0 1 0 0 0 1 1 0 1 1 0 1 0 36100.0 29071.0 30657.0 1 0.11837596443104154
1 0 1 1 0 0 1 1 1 0 1 1 1 1 0 1 1 1 0 1 0 0 0 0 0 1 1 1 0 1 1 1 1 1 0 1 1 1 1 0 0 1 0 0 0 0 1 0 1 1 0 1 0 1 0 0 0 1 1 1 1 1 1 0 0 0 0 1 0 1 0 1 1 1 1 1 1 1 1 1 1 1 1 0 0 1 1 0 1 0 0 0 1 1 0 1 1 0 1 0 36530.0 28804.0 30432.0 1 0.14238445395738214
1 0 1 1 0 1 0 1 1 0 1 1 1 1 0 1 1 1 0 1 0 0 1 0 1 1 0 1 0 1 1 1 0 1 0 1 1 1 1 0 0 1 0 0 1 1 1 1 1 1 0 1 1 1 0 0 0 1 1 1 1 0 1 0 0 0 0 0 0 1 0 1 1 0 1 1 1 1 1 1 1 1 1 0 1 0 1 0 1 0 0 0 1 1 1 1 1 0 0 0 33585.0 31556.0 30143.0 1 0.10448984805516526
0 0 1 1 1 1 0 1 1 0 1 1 1 1 0 1 1 1 0 1 0 0 0 0 1 1 0 1 0 1 1 1 1 0 0 1 1 1 1 0 0 1 0 1 1 1 1 0 1 1 1 1 0 1 0 1 0 1 1 0 1 0 1 0 0 0 1 0 0 1 0 0 1 1 1 1 1 1 1 1 1 1 1 0 0 0 1 0 1 0 1 0 1 1 1 1 1 0 0 0 32259.0 31664.0 29978.0 1 0.3766021166851526
0 0 1 1 1 1 0 1 1 0 1 1 1 1 0 1 1 1 0 1 0 0 1 0 1 1 0 1 0 1 1 1 1 0 0 1 1 1 1 0 0 1 0 1 1 1 1 0 1 1 1 1 0 1 0 1 0 1 1 1 1 0 1 0 0 0 0 0 0 1 0 1 1 0 0 1 1 1 1 1 1 0 1 0 1 0 0 0 1 0 1 0 1 1 1 1 1 0 0 0 31205.0 31991.0 29659.0 1 3000000000000000.0
0 0 1 1 1 1 0 1 1 0 1 1 1 1 0 1 1 1 0 1 0 0 1 0 1 1 0 1 0 1 1 1 1 0 0 1 1 1 1 0 0 1 0 1 1 1 1 0 1 1 1 1 0 1 0 1 0 1 1 0 1 0 1 0 0 0 0 0 0 1 0 1 1 0 0 1 1 1 1 1 1 0 1 0 1 0 0 0 1 0 0 0 1 1 1 1 1 0 1 0 31082.0 31969.0 29358.0 2 3000000000000000.0
1 0 1 1 0 1 0 1 1 1 1 1 1 1 0 1 1 0 0 0 0 0 1 1 1 1 1 1 0 1 1 1 1 1 0 1 0 1 1 0 0 1 0 0 1 1 1 0 1 1 0 1 0 1 0 0 0 1 1 1 0 1 1 1 1 0 1 0 0 1 0 0 1 0 1 1 1 1 1 1 1 0 1 0 1 0 1 0 1 0 0 0 1 1 1 1 1 0 1 0 32969.0 29192.0 34927.0 2 1000000000000000.1
1 0 1 1 0 0 1 1 1 1 1 1 1 1 0 1 1 0 0 0 0 0 0 1 1 1 1 1 0 1 1 1 1 1 0 1 0 1 1 0 0 1 0 0 1 0 1 1 1 1 0 1 0 1 0 0 0 1 1 1 1 1 1 0 0 0 1 1 0 1 0 0 1 0 1 1 1 1 1 1 1 0 1 0 0 0 1 0 1 0 0 1 1 1 0 1 1 0 1 0 34579.0 27434.0 33403.0 2 1000000000000000.0
0 0 1 1 0 0 1 1 1 0 1 1 1 1 0 1 0 1 0 0 1 0 1 0 1 1 1 1 0 1 1 1 1 1 0 1 1 1 1 0 0 1 0 0 0 0 1 1 1 1 0 1 0 1 0 0 0 1 1 1 1 1 1 1 0 0 0 0 0 1 0 1 1 0 1 1 1 1 1 1 1 1 1 0 0 1 1 0 1 0 0 0 1 1 0 1 0 0 1 0 36232.0 28449.0 30531.0 2 1000000000000000.0
0 0 1 1 1 1 0 1 1 0 1 1 1 1 0 1 1 1 0 1 0 0 0 0 1 1 0 1 0 1 1 1 1 0 0 1 1 1 1 0 0 1 0 1 1 1 1 0 1 1 1 1 0 1 0 1 0 1 1 1 1 0 1 0 0 0 0 0 0 1 0 1 1 0 0 1 1 1 1 1 1 0 1 0 1 0 1 0 1 0 1 0 1 1 1 1 1 0 0 0 31480.0 31310.0 30053.0 2 0.39865742048139663
0 0 1 1 1 1 0 1 1 1 1 1 1 1 0 1 1 0 1 0 0 0 0 1 1 1 0 1 0 1 1 1 1 1 0 1 0 1 1 0 0 1 0 0 1 1 1 1 1 1 0 1 0 1 0 0 0 0 1 1 0 1 1 1 1 0 1 0 0 1 0 0 1 0 1 1 1 1 1 1 1 0 1 0 1 0 1 0 1 0 0 0 1 1 1 1 1 0 0 0 31817.0 29629.0 34591.0 2 0.27294060737899595
1 0 1 1 0 0 1 1 1 0 1 1 1 1 0 1 0 1 0 0 1 0 1 0 1 1 1 1 0 1 1 1 1 1 0 1 1 1 1 0 0 1 0 0 0 0 1 1 1 1 0 1 0 0 0 0 0 1 1 1 1 1 1 0 0 0 0 0 0 1 0 1 1 1 1 1 1 1 1 1 1 1 1 0 0 0 1 0 1 0 0 0 1 1 0 1 1 0 1 0 35821.0 29564.0 29651.0 2 0.19712153699830315
1 0 1 1 0 1 0 1 1 1 1 1 1 1 0 1 1 0 0 0 0 0 0 1 1 1 1 1 0 1 1 1 1 1 0 1 1 1 1 0 0 1 0 1 1 1 1 0 1 1 0 1 0 1 0 0 0 0 1 1 0 1 1 1 1 0 1 0 0 1 0 0 1 0 1 1 1 1 1 1 1 0 1 0 1 0 1 0 1 0 0 0 1 1 1 1 1 0 0 0 32653.0 29701.0 33835.0 2 0.17924327357891712
1 0 1 1 1 1 0 1 1 0 1 1 0 1 0 1 0 1 0 0 1 0 0 0 1 1 1 1 0 1 1 1 1 1 0 1 1 0 1 0 0 1 0 1 1 1 1 1 1 1 0 1 0 1 0 0 0 0 1 1 0 1 1 1 1 0 1 0 0 1 0 0 1 0 1 1 1 1 1 0 1 0 1 0 1 0 1 0 0 0 0 0 1 1 1 1 1 0 0 0 32223.0 30911.0 31669.0 2 0.1738028023285615
1 0 1 1 0 1 0 1 1 0 1 1 1 1 0 1 1 1 0 1 1 0 0 0 1 1 1 1 0 1 1 1 1 1 0 1 1 1 1 0 0 1 0 0 1 1 1 1 1 1 0 1 1 1 0 0 0 1 1 1 1 1 1 1 0 0 0 0 0 1 0 1 0 0 1 0 1 1 1 1 1 1 1 0 0 0 1 0 1 0 1 0 1 1 1 1 1 0 0 0 34903.0 29897.0 31785.0 2 0.16923752152976856
1 0 1 1 0 1 0 1 1 0 1 1 1 1 0 1 0 1 0 0 1 0 0 0 1 1 1 1 0 1 1 1 1 1 0 1 1 0 1 0 0 1 0 1 1 1 1 0 1 1 0 1 0 1 0 0 0 1 1 1 1 0 1 0 0 0 0 0 0 1 0 1 1 1 1 1 1 1 1 1 1 1 1 0 0 0 1 0 1 0 0 0 1 1 1 1 1 0 1 0 35208.0 30394.0 30016.0 2 0.1689511350760966
1 0 1 1 0 0 1 1 1 0 1 1 1 1 0 1 1 0 0 0 0 0 1 1 1 1 1 1 0 1 1 1 1 1 0 1 0 1 1 0 0 1 0 0 1 1 1 0 1 1 1 1 0 1 0 0 0 0 1 1 0 1 1 1 1 0 1 0 0 1 0 0 1 0 1 1 1 1 1 1 1 0 1 0 1 0 1 0 1 0 0 0 1 1 1 1 1 0 0 0 32293.0 29804.0 33598.0 2 0.16680060705389232
1 0 1 0 0 0 1 1 1 0 1 1 1 1 0 1 1 1 0 0 1 0 0 1 1 1 1 1 0 1 1 1 1 1 0 1 1 1 1 0 0 1 0 1 1 1 1 0 1 1 0 1 0 1 0 0 0 0 1 1 0 1 1 1 1 0 1 0 0 1 0 0 1 0 1 1 1 0 1 1 1 0 1 0 1 0 1 0 1 0 0 0 1 1 1 1 1 0 0 0 33551.0 29624.0 32929.0 2 0.15904162096745383
1 0 1 1 0 0 1 1 1 1 1 1 1 1 0 1 1 0 0 1 0 0 0 1 1 1 1 1 0 1 1 1 1 1 0 0 0 0 1 0 0 1 0 0 1 0 1 1 1 1 0 1 0 1 0 1 0 1 1 1 1 1 1 1 0 0 1 0 0 1 0 0 1 0 1 1 1 1 1 1 1 1 1 0 0 0 1 0 1 0 0 0 1 1 1 1 1 0 1 0 35652.0 27855.0 32779.0 2 0.1573726247449402
1 0 1 1 0 0 1 1 1 1 1 1 1 1 0 1 1 0 0 0 0 0 0 1 1 1 1 1 0 1 1 1 1 1 0 1 0 1 1 0 0 1 0 0 1 0 1 1 1 1 0 1 0 1 0 0 0 1 1 1 1 1 1 0 0 0 1 1 0 1 0 0 1 0 1 1 1 1 1 1 1 0 1 0 1 0 1 0 1 0 0 0 1 1 1 1 1 0 0 1 34183.0 28184.0 34174.0 2 0.15192812990298155
1 0 1 1 0 0 1 1 1 0 1 1 1 1 0 1 1 1 0 0 1 0 0 0 1 1 1 1 0 1 1 1 1 1 0 1 1 1 1 0 0 1 0 1 1 1 1 1 1 1 0 1 0 1 0 0 0 0 1 1 1 1 1 1 0 0 0 0 0 1 0 1 0 0 1 0 1 1 1 1 1 0 1 0 1 1 1 0 1 0 0 0 1 1 1 1 1 0 0 0 34435.0 30836.0 31559.0 2 0.14828034258591433
1 0 1 1 0 0 1 1 1 1 1 1 1 0 0 1 1 0 0 0 0 0 0 1 1 1 1 1 0 1 1 1 1 1 0 1 0 1 1 0 0 1 0 0 1 0 1 1 1 1 0 1 0 1 0 0 0 1 1 1 1 1 1 0 0 0 0 1 0 1 0 1 1 0 1 1 1 1 1 1 1 0 1 0 1 1 1 0 1 0 0 0 1 1 1 1 1 0 0 1 34493.0 27816.0 33271.0 2 0.14683167262087712
1 0 1 1 0 0 1 1 1 0 1 1 1 1 0 1 1 0 0 0 0 0 1 1 1 1 1 1 0 1 1 1 1 1 0 1 0 1 1 0 0 1 0 0 1 1 1 0 1 1 0 1 0 1 0 0 0 1 1 1 0 1 1 1 1 0 0 0 0 0 0 1 1 1 1 1 1 1 1 1 1 1 1 0 0 0 1 0 1 0 0 0 1 1 0 1 1 0 1 0 33983.0 28953.0 32258.0 2 0.1396555375265654
1 0 1 1 0 0 1 1 1 0 1 1 1 1 0 1 1 1 0 1 0 0 0 0 0 1 1 1 0 1 1 1 1 1 0 1 1 0 1 0 0 1 0 1 1 1 1 1 1 1 0 1 0 1 0 0 0 1 1 1 1 1 1 1 0 0 0 0 0 1 0 1 0 0 1 0 1 1 1 1 1 0 1 0 1 1 1 0 1 0 0 0 1 1 1 1 1 0 0 0 34011.0 31029.0 31012.0 2 0.1391202290830809
1 0 1 1 0 1 0 1 1 1 0 1 1 1 0 1 1 0 0 0 0 0 0 1 1 1 0 1 0 1 1 1 1 1 0 1 0 1 1 0 0 1 0 0 1 1 1 1 1 1 0 1 1 1 0 0 0 1 1 1 0 1 1 1 1 0 1 1 0 1 0 0 1 0 1 1 1 1 1 1 1 0 1 0 0 0 1 0 1 0 0 0 1 1 1 1 1 0 1 0 32978.0 28316.0 34305.0 2 0.13583382484412398
1 0 1 1 0 0 1 1 1 0 1 1 1 1 0 1 1 1 0 0 1 0 0 0 1 1 1 1 0 1 1 1 0 1 0 1 0 1 1 0 0 1 0 0 1 1 1 0 1 1 0 1 0 1 0 0 0 1 1 1 0 1 1 1 1 0 0 0 0 1 0 1 1 1 1 1 1 1 1 1 1 1 1 0 0 0 0 0 1 0 0 0 1 1 1 1 1 0 1 0 35104.0 29787.0 32014.0 2 0.12961584847009078
