1 0 1 1 0 0 1 1 1 1 1 1 0 1 0 1 1 0 1 0 0 0 0 1 1 1 1 1 0 1 1 1 1 1 0 1 0 1 1 0 0 1 1 0 1 1 1 0 1 1 0 1 1 1 0 0 0 1 1 1 0 1 1 1 1 0 1 1 0 1 0 0 1 0 1 1 1 1 1 1 1 0 1 0 1 0 1 0 1 0 0 0 1 1 1 1 0 0 1 0 34140.0 27881.0 37328.0 0 2000000000000000.0
1 0 1 1 0 0 1 1 1 1 1 1 0 1 0 1 1 0 1 0 0 0 0 1 1 1 1 1 0 1 1 1 1 1 0 1 0 1 1 0 0 1 1 0 1 1 1 0 1 1 0 1 1 1 0 0 0 0 1 1 0 1 1 1 1 0 1 1 0 1 0 1 1 0 1 1 1 1 1 1 1 0 1 0 1 0 1 0 1 0 0 0 1 1 1 1 0 0 1 0 34871.0 28048.0 37067.0 0 0.23152446113894942
1 0 1 1 0 0 1 1 1 1 1 1 0 1 0 1 1 0 1 0 0 0 0 1 1 1 1 1 0 1 1 1 1 1 0 1 0 1 1 0 0 1 1 0 1 1 1 0 1 1 0 1 1 1 0 0 0 0 1 1 0 1 1 1 1 0 1 1 0 1 0 1 1 0 1 1 1 1 1 1 1 0 1 0 1 0 1 0 1 0 0 0 1 1 1 1 1 0 0 0 34251.0 28929.0 36896.0 0 0.1637006965716041
0 0 1 1 1 0 1 1 1 0 1 1 0 1 0 1 1 0 0 0 0 0 0 1 1 1 1 1 0 1 1 1 1 1 0 1 0 1 1 0 0 1 1 0 1 1 1 0 1 1 0 1 0 1 0 0 0 1 1 1 0 1 1 1 1 0 1 1 0 1 0 0 1 0 1 1 1 1 1 1 1 0 1 1 1 0 1 0 1 0 1 0 1 1 1 1 1 0 0 0 32996.0 30020.0 36879.0 0 0.0985180518787491
1 0 1 1 0 0 1 1 1 1 1 1 1 1 0 1 1 0 0 0 0 0 0 1 1 1 1 1 0 1 1 1 1 1 0 1 0 1 1 0 0 1 1 0 1 1 1 0 1 1 0 1 1 1 0 0 0 1 1 1 0 1 1 1 1 0 1 1 0 1 0 0 1 0 1 1 1 1 1 1 1 0 1 0 1 0 1 0 1 0 0 0 1 1 1 1 0 0 1 0 34462.0 28552.0 36720.0 0 0.2847841848825018
1 0 1 1 0 0 1 1 1 1 1 1 1 1 0 1 1 0 0 0 0 0 0 1 1 1 1 1 0 1 1 1 1 1 0 1 0 1 1 0 0 1 1 0 1 1 1 0 1 1 0 1 0 1 0 0 0 1 1 1 0 1 1 1 1 0 1 1 0 1 0 0 1 0 1 1 1 1 1 1 1 0 1 0 1 0 1 0 1 0 1 0 1 1 1 1 1 0 0 0 33923.0 29335.0 36482.0 0 0.19785869678452864
1 0 1 1 0 0 1 1 1 1 1 1 1 1 0 1 1 0 0 0 0 0 0 1 1 1 1 1 0 1 1 1 1 1 0 1 0 1 1 0 0 1 1 0 1 1 1 0 1 1 0 1 1 1 0 0 0 1 1 1 0 1 1 1 1 0 1 1 0 1 0 0 1 0 1 1 1 1 1 1 1 0 1 0 1 0 0 0 1 0 0 0 1 1 1 1 1 0 1 0 34262.0 29174.0 36422.0 0 0.07787461723569854
1 0 1 1 0 0 1 1 1 1 1 1 1 1 0 1 1 0 0 0 0 0 0 1 1 1 1 1 0 1 1 1 1 1 0 1 0 1 0 1 0 1 1 0 1 1 1 0 1 1 0 1 0 1 0 0 0 1 1 1 0 1 1 1 1 1 1 0 0 1 0 0 1 0 1 1 1 1 1 1 1 0 1 1 1 0 1 0 1 0 0 0 1 1 1 1 1 0 0 0 33055.0 29594.0 36402.0 0 0.1513967224013564
1 0 1 1 0 0 1 1 1 1 1 1 1 1 0 1 1 0 0 0 0 0 0 1 1 1 1 1 0 1 1 1 1 1 0 1 0 1 1 0 0 1 1 0 1 1 1 0 1 1 0 1 0 1 0 0 0 1 1 1 0 1 1 1 1 0 1 1 0 1 0 0 1 0 1 1 1 1 1 1 1 0 1 0 0 0 1 0 1 0 0 0 1 1 1 1 1 1 1 0 35083.0 29245.0 36306.0 0 0.09136599074563818
1 0 1 1 0 0 1 1 1 1 1 1 1 1 0 1 1 0 0 0 0 0 0 1 1 1 1 1 0 1 1 1 1 1 0 1 0 1 1 0 0 1 1 0 1 1 1 1 1 1 0 1 0 1 0 0 0 1 1 1 0 1 1 1 1 0 1 1 0 1 0 0 1 0 1 1 1 1 1 1 1 0 1 0 1 0 1 0 1 0 0 0 1 1 1 1 1 0 0 0 34322.0 30033.0 36236.0 0 0.1416551202453214
1 0 1 1 0 0 1 1 1 0 1 1 1 1 0 1 1 1 1 1 0 0 0 1 1 1 1 1 0 1 1 1 1 1 0 1 0 1 0 0 0 1 1 0 1 1 1 0 1 1 0 1 0 1 0 0 0 1 1 1 0 1 1 1 1 0 1 1 0 1 0 0 1 0 1 1 1 1 1 1 1 0 1 0 0 0 1 0 1 0 0 0 1 1 1 1 1 0 1 0 35548.0 29669.0 35957.0 0 0.1093711977695602
1 0 1 1 0 0 1 1 1 1 1 1 1 1 0 1 1 1 0 0 0 0 0 1 1 1 1 1 0 1 1 1 1 1 0 1 0 1 1 0 0 1 1 1 1 1 1 0 1 1 0 1 0 1 0 0 0 1 1 1 0 1 1 1 0 0 0 1 0 1 0 0 1 0 1 1 1 1 1 1 1 0 1 0 1 0 1 0 1 0 0 0 1 1 1 1 1 0 0 1 34832.0 30463.0 35920.0 0 0.0620077976789339
1 0 1 1 0 0 1 1 1 0 1 1 1 1 0 1 1 1 1 1 0 0 0 1 1 1 1 1 0 1 1 1 1 1 0 1 0 1 0 0 0 1 1 0 1 1 1 0 1 1 0 1 0 1 0 0 0 1 1 1 0 1 1 1 1 0 1 1 0 1 0 0 1 0 1 1 1 1 1 1 1 1 1 0 0 1 1 0 1 0 0 0 1 1 1 1 0 0 1 0 36410.0 29192.0 35848.0 0 0.07501010269317746
1 0 1 1 0 0 1 1 1 1 1 1 1 1 0 1 1 1 0 0 0 0 0 1 1 1 1 1 0 1 1 1 1 1 0 1 0 1 1 0 0 1 1 0 1 1 1 1 1 1 0 1 0 1 0 0 0 1 1 1 0 1 1 1 0 0 1 1 0 1 0 0 1 0 1 1 1 1 1 1 1 0 1 1 0 0 0 0 1 0 0 0 1 1 1 1 1 0 1 0 35442.0 30392.0 35669.0 0 0.07371101960743415
1 0 1 1 0 0 1 1 1 0 1 1 1 1 0 1 1 1 0 0 0 0 0 1 1 1 1 1 0 1 1 1 1 1 0 1 0 1 1 0 0 1 1 0 1 1 1 1 1 1 0 1 0 1 0 0 0 1 1 1 0 1 1 1 1 0 1 1 0 1 0 0 1 0 1 1 1 1 1 1 1 0 1 0 1 0 1 0 1 0 0 0 1 1 1 1 1 0 0 0 34764.0 30793.0 35630.0 0 0.05305730487433418
0 0 1 1 1 0 1 1 1 0 1 1 1 1 0 1 1 1 0 0 1 0 0 0 1 1 1 1 0 1 1 1 1 1 0 1 0 1 1 0 0 1 1 0 1 1 1 0 1 1 0 1 1 1 0 0 0 1 1 1 0 1 1 1 1 0 1 0 0 1 0 0 1 0 1 1 1 1 1 1 1 0 1 0 1 0 1 0 1 0 0 0 1 1 1 1 1 0 0 0 33539.0 30872.0 35593.0 0 0.17318393288095815
1 0 1 1 0 0 1 1 1 0 1 1 1 1 0 1 1 1 0 0 1 0 1 0 1 1 1 1 0 1 1 1 1 1 0 1 0 1 1 0 0 1 1 0 1 1 1 0 1 1 0 1 0 1 0 0 0 1 1 1 0 1 1 1 1 0 1 1 0 1 0 0 1 0 1 1 1 1 1 1 1 0 1 0 1 0 1 0 1 0 0 0 1 1 1 1 1 0 0 0 34558.0 31206.0 35517.0 0 0.10801748632480296
1 0 1 1 0 0 1 1 1 0 1 1 1 1 0 1 1 1 0 0 0 0 0 1 1 1 1 1 0 1 1 1 1 1 0 1 0 1 1 0 0 1 1 0 1 1 1 1 1 1 0 1 0 1 0 0 0 1 1 1 0 1 1 1 1 0 1 1 0 1 0 0 1 0 1 1 1 1 1 1 1 0 1 0 0 0 1 0 1 0 0 0 1 1 1 1 1 0 1 0 35616.0 30214.0 35473.0 0 0.11823570320284385
1 0 1 1 0 0 1 1 1 1 1 1 1 1 0 1 1 0 0 0 0 0 0 1 1 1 1 1 0 1 1 1 1 1 0 1 0 0 1 0 0 1 1 1 1 1 1 1 1 1 0 1 0 1 0 0 0 1 1 1 1 1 1 1 0 0 1 1 0 1 0 0 1 0 1 1 1 1 1 1 1 1 1 0 0 1 1 0 1 0 0 0 1 1 1 1 0 0 1 0 36705.0 29364.0 35469.0 0 0.08166669191181897
1 0 1 1 0 0 1 1 1 0 1 1 1 1 0 1 1 1 0 0 0 0 0 1 1 1 1 1 0 1 1 1 1 1 0 1 0 1 1 0 0 1 1 0 1 1 1 1 1 1 0 1 0 1 0 0 0 1 1 1 0 1 1 1 1 0 1 1 0 1 0 0 1 0 1 1 1 1 1 1 1 0 1 1 0 0 0 0 1 0 0 0 1 1 1 1 1 0 1 0 35162.0 30833.0 35451.0 0 0.060548888718146225
1 0 1 1 0 0 1 1 1 0 1 1 1 1 0 1 1 1 0 0 0 0 0 1 1 1 1 1 0 1 1 1 1 1 0 1 0 1 1 0 0 1 1 0 1 1 1 1 1 1 0 1 0 1 0 0 0 1 1 1 0 1 1 1 1 0 1 1 0 1 0 0 1 0 1 1 1 1 1 1 1 1 1 0 0 1 1 0 1 0 0 0 1 1 1 1 0 0 1 0 36478.0 29737.0 35364.0 0 0.06562265835014836
1 0 1 1 1 0 1 1 1 1 1 1 1 1 0 1 1 0 1 0 0 0 0 1 1 1 1 1 0 1 1 1 1 1 0 1 1 0 1 0 0 1 1 1 1 1 1 1 1 1 0 1 0 1 0 0 0 1 1 1 1 1 1 1 0 0 0 0 0 1 0 1 1 0 1 1 1 1 1 1 1 0 1 0 1 0 1 0 1 0 0 0 1 1 0 1 0 0 0 0 35499.0 30684.0 35323.0 0 0.09782310067113617
1 0 1 1 0 0 1 1 1 1 1 1 1 1 0 1 1 0 0 0 0 0 0 1 1 1 1 1 0 1 1 1 1 1 0 1 1 0 1 0 0 1 1 1 1 1 1 1 1 1 0 1 0 1 0 0 0 1 1 1 1 1 1 1 0 0 1 0 0 1 0 0 1 0 1 1 1 1 1 1 1 0 1 0 1 0 1 0 1 0 0 0 1 1 1 1 1 0 0 0 34841.0 30866.0 35078.0 0 0.06604382245995188
1 0 1 1 0 0 1 1 1 1 1 1 1 1 0 1 1 1 0 0 0 0 0 1 1 1 1 1 0 1 1 1 1 1 0 1 0 1 1 0 0 1 1 0 1 1 1 1 1 1 0 1 0 1 0 0 0 0 1 1 1 1 1 1 1 0 0 0 0 1 0 1 1 0 1 1 1 1 1 1 1 0 1 0 1 0 1 0 1 0 0 0 1 1 1 1 0 0 1 0 36113.0 29931.0 35052.0 0 0.0909980095926031
1 0 1 1 0 0 1 1 1 0 1 1 1 1 0 1 1 1 0 0 0 0 0 1 1 1 1 1 0 1 1 1 1 1 0 1 0 1 1 0 0 1 1 1 1 1 1 0 1 1 0 1 0 1 0 0 0 1 1 1 0 1 1 1 1 0 1 1 0 1 0 1 1 0 1 1 1 1 1 1 1 0 0 0 1 0 1 0 1 0 0 0 1 1 1 1 1 0 0 0 34685.0 31129.0 35042.0 0 0.07119406314515067
0 0 1 1 1 0 1 1 1 0 1 1 1 1 0 1 1 1 0 0 1 1 0 0 1 1 1 1 0 1 1 1 1 1 0 1 1 0 0 0 0 1 1 1 1 1 1 1 1 1 0 1 0 1 0 0 0 1 1 1 1 1 1 1 0 0 0 0 0 1 0 0 1 0 1 1 1 1 1 1 1 0 1 0 1 0 1 0 1 0 0 0 1 1 1 1 1 0 0 0 35140.0 32097.0 34952.0 0 0.03463905203299804
1 0 1 1 0 0 1 1 1 0 1 1 1 1 0 1 1 1 0 0 0 0 1 0 1 1 1 1 0 1 1 1 1 1 0 1 0 1 1 0 0 1 1 0 1 1 1 1 1 1 0 1 0 1 0 0 0 1 1 1 1 1 1 1 0 0 1 1 0 1 0 0 1 0 1 1 1 1 1 1 1 0 1 0 0 0 1 0 1 0 0 0 1 1 1 1 1 1 1 0 36403.0 31078.0 34937.0 0 0.10943939249704346
0 0 1 1 1 0 1 1 1 0 1 1 1 1 0 1 1 1 0 0 1 0 0 0 1 1 1 1 0 1 1 1 1 1 0 1 0 1 1 0 0 1 1 0 1 1 1 1 1 1 0 1 0 1 0 0 0 1 1 1 1 1 1 1 0 0 1 0 0 1 0 0 1 0 1 1 1 1 1 1 1 1 1 0 0 1 1 0 1 0 1 0 1 1 1 1 0 0 1 0 36538.0 29929.0 34904.0 0 0.03897749573323342
0 0 1 1 1 0 1 1 1 0 1 1 1 1 0 1 1 1 0 0 0 0 0 0 1 1 1 1 0 1 1 1 1 1 0 1 1 0 1 0 0 1 1 0 1 1 1 1 1 1 0 1 0 1 0 0 0 1 1 1 0 1 1 1 0 0 1 1 0 1 0 0 1 0 1 1 1 1 1 1 1 0 1 1 0 0 0 0 1 0 0 0 1 1 1 1 1 0 1 0 35307.0 31531.0 34825.0 0 0.13947403604671996
1 0 1 1 1 0 1 1 1 0 1 1 1 1 0 1 1 1 0 0 1 0 0 0 1 1 1 1 0 1 1 1 1 1 0 1 1 0 1 0 0 1 0 1 1 1 1 1 1 1 0 1 0 1 0 0 0 1 1 1 0 1 1 1 1 0 1 1 0 1 0 0 1 0 1 1 1 0 1 1 1 0 1 0 0 0 1 0 1 0 0 0 1 1 1 1 1 0 0 0 35327.0 31475.0 34647.0 0 0.09695324145052477
1 0 1 1 1 0 1 1 1 0 1 1 1 1 0 1 1 1 0 0 0 0 0 0 1 1 1 1 0 1 1 1 1 1 0 1 1 1 1 0 0 1 1 0 1 1 1 1 1 1 0 1 0 1 0 0 0 1 1 1 1 1 1 1 0 0 0 0 0 1 0 1 1 0 1 1 1 1 1 1 1 0 1 0 1 1 1 0 1 0 0 0 1 1 1 1 1 0 0 0 36050.0 31789.0 34436.0 0 0.15639496650157508
1 0 1 1 0 0 1 1 1 0 1 1 1 1 0 1 1 1 0 0 1 0 0 0 1 1 1 1 0 1 1 1 1 1 0 1 1 1 1 0 0 1 1 0 1 1 1 1 1 1 0 1 0 1 0 0 0 1 1 1 1 1 1 1 0 0 1 0 0 1 0 0 1 0 1 1 1 1 1 1 1 1 1 0 0 1 1 0 1 0 1 0 1 1 1 1 0 0 1 0 37269.0 29883.0 34346.0 0 0.16985309486702616
1 0 1 1 0 0 1 1 1 0 1 1 1 1 0 1 0 1 0 0 1 0 0 0 1 1 1 1 0 1 1 1 1 1 0 1 1 1 1 0 0 1 1 0 1 1 1 1 1 1 0 1 0 1 0 0 0 1 1 1 1 1 1 1 1 0 0 0 0 1 0 1 1 0 1 1 1 1 1 1 1 0 1 0 1 0 1 0 1 0 0 0 1 1 1 1 0 0 1 0 36533.0 30604.0 33915.0 0 0.1009819472574208
1 0 1 1 0 0 1 1 1 0 1 1 1 1 0 1 1 1 0 0 1 0 0 0 1 1 1 1 0 1 1 1 1 1 0 1 1 0 1 0 0 1 1 1 1 1 1 1 1 1 0 1 0 1 0 0 0 1 1 1 1 1 1 1 0 0 0 0 0 1 0 1 1 0 1 1 1 1 1 1 1 0 1 0 1 0 1 0 1 0 0 0 1 1 1 1 1 0 0 0 35887.0 31970.0 33913.0 0 0.1274734826778577
1 0 1 1 0 0 1 1 1 0 1 1 1 1 0 1 1 1 0 0 0 0 1 0 1 1 1 1 0 1 1 1 1 1 0 1 0 1 1 0 0 1 1 0 1 1 1 1 1 1 0 1 0 1 0 0 0 1 1 1 1 1 1 1 0 0 0 0 0 1 0 1 1 0 1 1 1 1 1 1 1 1 1 0 0 1 1 1 1 0 0 0 1 1 0 1 1 0 1 0 36726.0 30533.0 33899.0 0 0.105133148198185
1 0 1 1 1 0 1 1 1 0 1 1 1 1 0 1 1 1 0 0 0 0 1 0 1 1 1 1 0 1 1 1 1 1 0 1 1 1 1 0 0 1 1 0 1 1 1 1 1 1 0 1 0 1 0 0 0 1 1 1 1 1 1 1 0 0 0 0 0 1 0 1 1 0 1 1 1 1 1 1 1 0 0 0 0 1 1 0 1 0 0 0 1 1 1 1 1 0 0 1 36476.0 32074.0 33722.0 0 0.07235763611530593
0 0 1 1 1 0 1 1 1 0 1 1 1 1 0 1 1 1 0 0 0 0 0 0 1 1 1 1 0 1 1 1 1 1 0 1 1 0 1 0 0 1 0 1 1 1 1 1 1 1 0 1 0 1 0 0 0 0 1 1 0 0 1 1 1 0 1 1 0 1 0 0 1 0 1 1 1 1 1 1 1 0 1 0 1 0 1 0 1 0 0 0 1 1 1 1 1 0 0 0 34195.0 32390.0 33696.0 0 0.04860930719494201
1 0 1 1 0 0 1 1 1 0 1 1 1 1 0 1 1 1 0 0 1 0 0 1 1 1 1 1 0 1 1 1 1 1 0 1 0 1 1 0 0 1 1 0 1 1 1 1 1 1 0 1 0 1 0 0 0 1 1 1 1 1 1 1 0 0 0 0 0 1 0 1 1 0 1 1 1 1 1 1 1 1 0 0 0 1 1 0 1 0 0 0 1 1 1 1 1 0 0 1 36978.0 30256.0 33690.0 0 0.10147738223048461
1 0 1 1 0 0 1 1 1 0 1 1 1 1 0 1 1 1 0 0 1 0 0 0 1 1 1 1 0 1 1 1 1 1 0 1 1 0 1 0 0 1 0 1 1 1 1 1 1 1 0 1 0 1 0 0 0 1 1 1 1 1 1 1 0 0 1 0 0 1 0 0 1 0 1 1 1 1 1 1 1 1 1 0 0 0 1 0 1 0 0 0 1 1 1 1 1 0 1 0 36486.0 31093.0 33638.0 0 0.028640033114141455
1 0 1 1 0 0 1 1 1 0 1 1 1 1 0 1 1 1 0 0 1 0 1 0 1 1 1 1 0 1 1 1 1 1 0 1 1 0 1 0 0 1 0 0 1 1 1 1 1 1 0 1 1 1 0 0 0 1 1 1 0 0 1 1 1 0 1 1 0 1 0 0 1 0 1 1 1 1 1 1 1 0 0 0 1 0 1 0 1 0 0 0 1 1 1 1 1 0 0 0 34753.0 32121.0 33622.0 0 0.07882700417013183
0 0 1 1 1 0 1 1 1 0 1 1 1 1 0 1 1 1 0 1 1 0 0 0 1 1 0 1 0 1 1 1 1 1 0 1 1 0 1 0 0 1 1 1 1 1 1 1 1 1 0 1 0 1 0 0 0 1 1 1 0 1 1 1 0 0 0 0 0 1 0 0 1 0 1 1 1 1 1 1 1 0 1 0 0 0 1 0 1 0 0 0 1 1 1 1 1 0 1 0 34972.0 32384.0 33534.0 0 0.08094536197371997
1 0 1 1 0 0 1 1 1 0 1 1 1 1 1 1 1 1 0 0 1 0 0 1 1 1 1 1 0 1 1 1 1 1 0 1 0 1 1 0 0 1 1 0 1 1 1 1 1 1 0 1 0 1 0 0 0 1 1 1 1 1 1 1 0 0 0 0 0 1 0 1 1 0 1 1 1 1 1 1 1 0 0 0 0 1 1 0 1 0 0 0 1 1 1 1 1 0 0 1 36920.0 30373.0 33468.0 0 0.09615449214767939
0 0 1 1 1 0 1 1 1 0 1 1 1 1 0 1 1 1 0 0 0 0 0 0 1 1 1 1 0 1 1 1 1 1 0 1 1 0 1 0 0 1 0 1 1 1 1 1 1 1 0 1 0 1 0 0 0 0 1 1 0 0 1 1 1 0 1 0 0 1 0 0 1 0 1 1 1 1 1 1 1 0 1 1 0 0 1 0 1 0 0 0 1 1 1 1 1 0 1 0 34136.0 32494.0 33373.0 0 0.14764327627044355
1 0 1 1 0 0 1 1 1 0 1 1 1 1 0 1 1 1 0 1 1 0 0 0 1 1 0 1 0 1 1 1 1 1 0 1 1 0 1 0 0 1 0 1 1 1 1 1 1 1 0 1 0 1 0 0 0 1 1 1 1 1 1 1 0 0 0 1 0 1 0 0 1 0 1 1 1 1 1 1 1 0 1 0 1 0 1 0 1 0 0 0 1 1 1 1 1 0 0 0 35347.0 32099.0 33276.0 0 0.031831997447287985
1 0 1 1 0 0 1 1 1 0 1 1 1 1 0 1 1 1 0 1 0 0 0 1 1 1 1 1 0 1 1 1 1 1 0 1 0 1 1 0 0 1 1 0 1 1 1 1 1 1 0 1 0 1 0 0 0 1 1 1 1 1 1 1 0 0 0 0 0 1 0 1 1 0 1 1 1 1 1 1 1 1 0 0 0 1 1 0 1 0 0 0 1 1 1 1 1 0 0 1 36929.0 30625.0 33263.0 0 0.027604988278123185
1 0 1 1 0 0 1 1 1 0 1 1 1 1 0 1 1 1 0 1 0 0 1 0 1 1 0 1 0 1 1 1 1 1 0 1 1 1 1 0 0 1 1 0 1 1 1 1 1 1 0 1 0 1 0 0 0 1 1 1 1 1 1 1 0 0 0 0 0 1 0 1 1 0 1 1 1 1 1 1 1 0 1 0 1 0 1 0 1 0 0 0 1 1 1 1 1 0 0 0 35147.0 32339.0 33252.0 0 0.07161996379045701
1 0 1 1 0 0 1 1 1 0 1 1 1 1 0 1 1 1 0 0 1 0 0 0 1 1 1 1 0 1 1 1 1 1 0 1 1 1 1 0 0 1 1 0 1 1 1 1 1 1 0 1 0 1 0 0 0 1 1 1 1 1 1 1 0 0 0 0 0 1 0 1 1 0 1 1 1 1 1 1 1 1 0 0 0 1 1 0 1 0 0 0 1 1 1 1 1 0 0 1 37234.0 30819.0 33164.0 0 0.07616141055866378
1 0 1 1 0 0 1 1 1 0 1 1 1 1 0 1 1 1 0 1 0 0 0 1 1 1 1 1 0 1 1 1 1 1 0 1 0 1 1 0 0 1 1 0 1 1 1 1 1 1 0 1 0 1 0 0 0 1 1 1 1 1 1 1 0 0 0 0 0 1 0 1 1 0 1 1 1 1 1 1 1 1 0 0 0 1 1 0 1 0 0 0 1 1 1 1 1 0 1 0 37237.0 30608.0 33148.0 0 0.04798643162709571
1 0 1 1 0 1 1 1 1 0 1 1 1 1 0 1 1 1 1 1 0 0 1 0 1 1 0 1 0 1 1 1 1 1 0 1 1 1 1 0 0 1 1 0 1 1 1 1 1 1 0 1 0 1 0 0 0 1 1 1 1 1 1 1 0 0 0 0 0 1 0 1 1 0 1 1 1 1 1 1 1 1 0 0 0 1 1 0 1 0 0 0 0 1 1 1 1 0 0 0 35419.0 32081.0 32967.0 0 0.049546560485503835
1 0 1 1 0 0 1 1 1 0 1 1 1 1 0 1 1 1 0 0 1 0 0 0 1 1 1 1 0 1 1 1 1 1 0 1 1 0 1 0 0 1 1 1 1 1 1 1 1 1 0 1 0 1 0 0 0 1 1 1 1 1 1 1 0 0 0 0 0 1 0 1 1 0 1 1 1 1 1 1 1 0 0 0 0 1 1 0 1 0 0 0 1 1 1 1 1 0 0 1 36578.0 31446.0 32963.0 0 0.10539790217369185
0 0 1 1 1 0 1 1 1 0 1 1 1 1 0 1 1 1 0 1 1 0 0 0 1 1 0 1 0 1 1 1 1 1 0 1 1 0 1 0 0 1 1 1 1 1 1 1 1 1 0 1 0 1 0 0 0 1 1 1 1 1 1 1 0 0 0 0 0 1 0 0 1 0 1 1 1 1 1 1 1 0 0 0 1 0 1 0 1 0 0 0 1 1 1 1 1 0 0 0 34596.0 32902.0 32849.0 0 0.11479586192687186
1 0 1 1 0 0 1 1 1 0 1 1 1 1 0 1 0 1 0 0 1 0 1 0 1 1 1 1 0 1 1 1 0 1 0 1 1 1 1 0 0 1 1 0 1 1 1 1 1 1 0 1 0 1 0 0 0 1 1 1 1 1 1 1 0 0 0 1 0 1 0 0 1 0 1 1 1 1 1 1 1 1 1 0 0 1 1 0 1 0 0 0 1 1 1 1 0 0 1 0 37807.0 30670.0 32827.0 0 1000000000000000.0
0 0 1 1 1 0 1 1 1 0 1 1 1 1 0 1 1 1 0 0 1 0 1 0 1 0 0 1 0 1 1 1 1 1 0 1 1 1 1 0 0 1 1 1 1 1 1 1 0 1 0 1 0 1 0 0 0 0 1 1 0 0 1 1 1 0 1 0 0 1 0 0 1 0 1 1 1 1 1 1 1 0 1 1 0 0 1 0 1 0 0 0 1 1 1 1 1 0 1 0 32823.0 33296.0 32816.0 0 2000000000000000.0
1 0 1 1 0 0 1 1 1 0 1 1 1 1 0 1 1 1 0 1 1 0 0 0 1 1 0 1 0 1 1 1 1 1 0 1 1 0 1 0 0 1 1 1 1 1 1 1 1 1 0 1 0 1 0 0 0 1 1 1 1 1 1 1 0 0 0 0 0 1 0 0 1 0 0 1 1 1 1 1 1 0 1 0 0 0 1 0 1 0 0 0 1 1 1 1 1 1 1 0 35376.0 32082.0 32764.0 0 0.05979013819648004
0 0 1 1 1 0 1 1 1 0 1 1 1 1 0 1 1 1 0 1 0 0 1 0 1 1 0 1 0 1 1 1 1 1 0 1 1 1 1 0 0 1 1 0 1 1 1 1 1 1 0 1 0 1 0 0 0 1 1 1 1 1 1 1 0 0 0 0 0 1 0 1 1 0 1 1 1 1 1 1 1 1 0 0 0 1 1 0 1 0 0 0 1 1 1 1 1 0 0 0 35974.0 32758.0 32582.0 0 0.1530433851629929
1 0 1 1 0 0 1 1 1 0 1 1 1 1 0 1 1 1 0 1 0 0 1 0 1 1 0 1 0 1 1 1 1 1 0 1 1 1 1 0 0 1 1 0 1 1 1 1 1 1 0 1 0 1 0 0 0 1 1 1 1 1 1 1 0 0 0 0 0 1 0 1 1 0 1 1 1 1 1 1 1 1 0 0 0 1 1 0 1 0 0 0 1 1 1 1 1 0 0 1 36510.0 32088.0 32525.0 0 0.025001464486777716
1 0 1 1 0 0 1 1 1 0 1 1 1 1 0 1 0 1 0 1 1 0 0 0 1 1 0 1 0 1 1 1 1 1 0 1 1 0 1 0 0 1 1 1 1 1 1 1 1 1 0 1 0 1 0 0 0 1 1 1 1 1 1 1 0 0 0 0 0 1 0 0 1 0 1 1 1 1 1 1 1 0 1 0 0 0 1 0 1 0 0 0 1 1 1 1 1 1 1 0 36067.0 32104.0 32514.0 0 0.028751430759609193
1 0 1 1 0 0 1 1 1 0 1 1 1 1 0 1 0 1 0 0 1 0 0 0 1 1 1 1 0 1 1 1 1 1 0 1 1 1 1 0 0 1 1 0 1 1 1 1 1 1 0 1 0 1 0 0 0 1 1 1 1 1 1 1 0 1 0 0 0 1 0 1 1 0 1 1 1 1 1 1 1 1 0 0 0 1 1 0 1 0 0 0 1 1 1 1 1 0 0 1 37418.0 30808.0 32461.0 0 0.20649690273880628
0 0 1 1 1 0 1 1 1 0 1 1 1 1 0 1 1 1 0 1 0 0 1 0 1 1 0 1 0 1 1 1 1 1 0 1 1 0 1 0 0 1 1 1 1 1 1 1 1 1 0 1 0 1 0 0 0 1 1 1 1 1 1 1 0 0 0 0 0 1 0 0 1 0 1 1 0 1 1 1 1 0 0 0 1 0 1 0 1 0 0 0 1 1 1 1 1 0 0 0 33361.0 33103.0 32016.0 0 1000000000000000.1
0 0 1 1 1 0 1 1 1 0 1 1 1 1 0 1 1 1 0 0 1 0 1 0 1 0 0 1 0 1 1 1 1 1 0 1 1 1 1 0 0 1 1 1 1 1 1 1 0 1 0 1 0 1 0 0 0 0 1 1 0 0 1 1 1 0 1 0 0 1 0 0 1 0 1 1 1 1 1 1 1 0 1 1 0 0 1 0 1 0 0 0 1 1 1 1 1 0 0 0 31919.0 33286.0 32244.0 1 2000000000000000.0
1 0 1 1 0 0 1 1 1 0 1 1 1 1 0 1 0 1 0 0 1 0 0 0 1 1 1 1 0 1 1 1 1 1 0 1 1 1 1 0 0 1 1 0 1 1 1 1 1 1 0 1 0 1 0 0 0 1 1 1 1 1 1 1 0 1 0 0 0 1 0 1 1 0 1 1 1 1 1 1 1 1 0 0 0 1 1 0 1 0 0 0 1 1 0 1 0 0 1 0 37275.0 29484.0 31206.0 1 2000000000000000.0
1 0 1 1 0 0 1 1 1 1 1 1 0 1 0 1 1 0 0 0 0 0 0 1 1 1 1 1 0 1 1 1 1 1 0 1 0 1 1 0 0 1 1 0 1 1 1 0 1 1 0 1 1 1 0 0 0 0 1 1 0 1 1 1 1 0 1 1 0 1 0 0 1 0 1 1 1 1 1 1 1 0 1 0 1 0 0 1 1 0 0 0 1 1 1 1 1 0 0 1 33613.0 28336.0 36734.0 1 1000000000000000.1
1 0 1 1 0 0 1 1 1 1 1 1 0 1 0 1 1 0 1 0 0 0 0 1 1 1 1 1 0 1 1 1 1 1 0 1 0 1 1 0 0 1 1 0 1 1 1 0 1 1 0 1 1 1 0 0 0 1 1 1 1 1 1 1 0 0 0 1 0 1 0 0 1 0 1 1 1 1 1 1 1 1 1 0 0 1 1 0 1 0 0 0 1 1 1 1 0 0 1 0 35593.0 27094.0 35712.0 1 1000000000000000.0
1 0 1 1 0 0 1 1 1 0 1 1 1 1 0 1 1 1 0 1 1 0 0 0 1 1 0 1 0 1 1 1 1 1 0 1 1 0 1 0 0 1 1 1 1 1 1 1 1 1 0 1 0 1 0 0 0 1 1 1 1 1 1 1 0 0 0 0 0 1 0 0 1 0 1 1 1 1 1 1 1 0 1 0 1 0 1 0 1 0 0 0 1 1 1 1 1 0 0 0 34863.0 32308.0 33082.0 1 0.26633956168954587
1 0 1 1 0 0 1 1 1 1 1 1 0 1 0 1 1 0 1 0 0 0 0 1 1 1 1 1 0 1 1 1 1 1 0 1 0 1 1 0 1 1 1 0 1 1 1 0 1 1 0 1 0 1 0 0 0 1 1 1 1 1 1 1 0 0 0 0 0 1 0 1 1 0 1 1 1 1 1 1 1 1 1 0 0 1 1 1 1 0 0 0 1 1 0 1 1 0 1 0 36188.0 27637.0 35414.0 1 0.23046591221677395
1 0 1 1 0 0 1 1 1 0 1 1 1 1 0 0 1 1 0 0 1 0 0 1 1 1 1 1 0 1 1 1 1 1 0 1 0 1 1 0 0 1 1 0 1 1 1 1 1 1 0 1 0 1 0 0 0 1 1 1 1 1 1 1 0 0 0 0 0 1 0 1 1 0 1 1 1 1 1 1 1 1 1 0 0 1 1 1 1 0 0 0 1 1 0 1 0 0 1 0 37027.0 28217.0 33630.0 1 0.22710874169375717
1 0 1 1 0 0 1 1 1 0 1 1 1 1 0 1 1 1 0 1 0 0 1 0 1 0 0 1 0 1 1 1 1 1 0 1 1 1 1 0 0 1 1 1 1 1 1 1 0 1 0 1 0 1 1 0 0 0 1 1 0 0 1 1 1 0 1 0 0 1 0 0 1 0 1 1 1 1 1 1 1 0 1 1 0 0 1 0 1 0 0 0 1 1 1 1 1 0 1 0 32861.0 33007.0 31737.0 1 0.2227036740857676
1 0 1 1 0 0 1 1 1 0 1 1 1 1 0 1 1 1 0 1 1 0 1 0 1 1 1 1 0 1 1 1 1 1 0 1 1 0 1 0 0 1 0 1 1 1 1 1 1 1 0 1 0 1 0 0 0 0 1 1 0 0 1 1 1 0 1 0 0 1 0 0 1 0 0 1 1 1 1 1 1 0 0 0 0 0 1 0 1 0 0 0 1 1 1 1 1 0 0 1 34114.0 32530.0 31335.0 1 0.19283429421441553
1 0 1 1 0 1 1 1 1 0 1 1 1 1 0 1 1 1 0 1 0 0 0 0 1 1 1 1 0 1 1 1 1 1 0 1 1 1 1 0 0 1 0 1 1 1 1 0 1 1 0 1 1 1 0 0 0 1 1 0 0 1 1 1 1 0 1 0 0 1 0 0 1 0 1 1 1 1 1 0 1 0 1 1 0 0 1 0 1 0 0 0 1 1 1 1 1 0 0 0 32243.0 31986.0 33502.0 1 0.18635136810702946
1 0 1 1 1 0 1 1 1 0 1 1 0 1 0 1 1 0 0 0 0 0 0 1 1 1 1 1 0 1 1 1 1 1 0 1 0 1 1 0 0 1 1 0 1 1 1 0 1 0 0 1 0 1 0 0 0 1 1 1 0 1 1 1 1 0 1 1 0 1 0 0 1 0 1 1 1 1 1 1 1 0 1 1 1 0 1 0 1 0 1 0 1 1 1 1 1 0 0 0 32599.0 29317.0 36373.0 1 0.1808253420352378
0 0 1 1 1 0 1 1 1 0 1 1 1 1 1 1 1 1 0 0 1 0 1 0 1 0 0 1 0 1 1 1 1 1 0 1 1 1 1 0 0 1 1 1 1 1 1 1 0 1 0 1 0 1 0 0 0 0 1 1 0 0 1 1 1 0 1 0 0 1 0 0 1 0 0 1 1 1 1 1 1 0 1 1 0 0 0 0 1 0 0 0 1 1 1 1 1 0 1 0 32154.0 33255.0 31563.0 1 0.15638908653803452
1 0 1 1 0 0 1 1 1 1 1 1 1 1 0 1 1 0 0 0 0 0 0 1 1 1 1 1 0 1 1 1 1 1 0 1 0 1 1 0 0 1 1 0 1 1 1 1 1 1 0 1 0 1 0 0 0 1 1 1 1 1 1 1 0 0 0 0 0 1 0 1 1 0 1 1 1 1 1 1 1 0 1 0 1 1 1 0 1 0 0 1 1 1 1 1 1 0 0 0 35283.0 29885.0 35443.0 1 0.15416061682514104
1 0 1 1 0 0 1 1 1 0 1 1 1 1 0 1 1 1 0 0 1 0 0 0 1 1 1 1 0 1 1 1 1 1 0 1 1 1 1 0 0 1 1 0 1 1 1 1 1 1 0 1 0 1 0 0 0 1 1 0 0 1 1 1 1 0 1 0 0 1 0 1 1 0 0 1 1 1 1 1 1 0 1 0 1 0 1 0 1 0 1 0 1 1 1 1 1 0 0 0 33990.0 31540.0 34468.0 1 0.14999293258896843
1 0 1 1 0 0 1 1 1 1 1 1 0 1 0 1 1 0 1 0 0 0 0 1 1 1 1 1 0 1 1 1 1 1 0 1 0 1 1 0 0 1 1 0 1 1 1 1 1 1 0 1 0 1 0 0 0 1 1 1 0 1 1 1 1 0 1 1 0 1 0 0 1 0 1 1 1 1 1 1 1 0 1 0 1 0 0 0 1 0 0 0 1 1 1 1 1 0 0 0 33516.0 29093.0 36145.0 1 0.14735015544931762
1 0 1 1 0 0 1 1 1 0 1 1 1 1 0 1 1 1 0 0 1 0 0 0 1 1 1 1 0 1 1 1 1 1 0 1 1 1 1 0 0 1 1 0 1 1 1 1 1 1 0 1 0 1 0 0 0 1 1 1 1 1 1 1 0 0 1 0 0 1 0 0 1 0 1 1 1 1 1 1 1 1 1 0 0 0 1 0 1 0 1 0 1 1 1 1 0 0 1 0 36795.0 29742.0 34277.0 1 0.1460987736123401
1 0 1 1 0 0 1 1 1 0 1 1 1 1 0 1 1 1 0 0 0 0 0 1 1 1 1 1 0 1 1 1 1 1 0 1 0 1 1 0 0 1 1 0 1 1 1 1 1 1 0 1 0 1 0 0 0 1 1 0 0 1 1 1 1 0 1 1 0 1 0 1 1 0 0 1 1 1 1 1 1 0 1 0 1 0 1 0 1 0 1 0 1 0 1 1 1 0 0 0 33011.0 30145.0 35077.0 1 0.14180232192290415
0 0 1 1 1 0 1 1 1 0 1 1 1 1 0 1 1 1 0 0 1 0 0 0 1 1 1 1 0 1 1 1 1 1 0 1 1 1 1 0 0 1 0 1 1 1 1 0 1 1 0 1 0 1 0 0 0 1 1 0 0 1 1 1 1 0 0 0 0 1 0 0 1 0 1 1 1 1 1 1 1 0 1 0 1 0 1 0 1 0 0 0 1 1 1 1 1 0 0 1 33266.0 31814.0 34429.0 1 0.13826771732091597
1 0 1 1 0 1 1 1 1 0 1 1 1 1 0 1 1 1 0 1 0 0 1 0 1 0 0 1 0 1 1 1 1 1 0 1 1 1 1 0 0 1 1 1 1 1 1 1 0 1 0 1 0 1 0 0 0 0 1 1 0 0 1 1 1 0 1 0 0 1 0 0 1 0 1 1 1 1 1 1 1 0 1 1 0 0 1 0 1 0 0 0 1 1 1 1 1 0 1 0 32768.0 33124.0 32089.0 1 0.1298515604834871
1 0 1 1 0 0 1 1 1 0 1 1 1 1 0 1 1 1 0 1 1 0 0 0 1 1 0 1 0 1 1 1 1 1 0 1 1 0 1 0 0 1 0 1 1 1 1 1 1 1 0 1 0 1 0 0 0 1 1 1 1 1 1 1 0 0 0 1 0 1 0 0 1 0 1 1 1 1 1 1 1 1 1 0 0 1 1 0 1 0 0 0 1 1 1 1 1 0 0 0 36441.0 31924.0 32839.0 1 0.12542338452795843
1 0 1 1 0 0 1 1 1 0 1 1 1 1 0 1 1 1 0 0 0 0 0 0 1 1 1 1 1 1 1 1 1 1 0 1 1 0 1 0 0 1 0 1 1 1 1 1 1 1 0 1 0 1 0 0 0 0 1 1 0 0 1 1 1 0 1 0 0 1 0 0 1 0 1 1 1 1 1 1 1 0 1 1 0 0 1 0 1 0 0 0 1 1 1 1 1 0 1 0 34727.0 32372.0 32864.0 1 0.12175819509754876
1 0 1 1 0 0 1 1 1 0 1 1 1 1 0 1 1 1 1 1 0 0 1 0 1 1 0 1 0 1 1 1 1 1 0 1 1 1 0 0 0 1 1 0 1 1 1 1 1 1 0 1 0 1 0 0 0 1 1 1 1 1 1 1 0 0 0 0 0 1 0 1 1 0 1 1 1 1 1 1 1 0 1 0 0 0 1 0 1 0 0 0 1 1 1 1 1 0 1 0 35860.0 31295.0 33712.0 1 0.12169547662905186
1 0 1 1 0 0 1 1 1 1 1 1 1 1 0 1 1 0 0 0 0 0 0 1 1 1 1 1 0 1 1 1 1 1 0 1 0 1 0 1 0 1 1 0 1 1 1 0 1 1 0 1 0 1 0 0 0 1 1 1 0 1 1 1 1 1 1 0 0 1 0 0 1 0 1 1 1 1 1 1 1 0 1 1 1 0 1 0 1 0 0 0 1 1 1 1 0 0 1 0 33675.0 28713.0 36573.0 1 0.11974652836172003
0 0 1 1 1 0 1 1 1 0 1 1 1 1 0 1 1 1 0 0 1 0 0 0 1 1 1 1 0 1 1 1 1 1 0 1 1 1 1 0 0 1 0 1 1 1 1 0 1 1 0 1 0 1 0 0 0 1 1 0 0 1 1 1 1 0 1 0 0 1 0 0 1 0 1 1 1 1 1 0 1 0 1 1 0 0 1 0 1 0 0 0 1 1 1 1 1 0 0 0 32227.0 32034.0 33749.0 1 0.11728082259401253
1 0 1 1 0 0 1 1 1 1 1 1 1 1 0 1 1 0 0 0 0 0 0 1 1 1 1 1 0 1 1 1 1 1 0 1 1 0 1 0 0 1 1 1 1 1 1 1 1 1 0 1 0 1 0 0 0 1 1 1 1 1 1 1 0 0 0 0 0 1 0 1 1 0 1 1 1 1 1 1 1 0 1 0 0 0 1 0 1 0 0 0 1 1 1 1 1 0 1 0 36161.0 30444.0 34613.0 1 0.10930642354244706
1 0 1 1 0 0 1 1 1 1 1 1 1 1 0 1 1 0 0 0 0 0 0 1 1 1 1 1 0 1 1 1 1 1 0 1 0 0 1 0 0 1 1 0 1 1 1 0 1 1 0 1 1 1 0 0 0 1 1 1 0 1 1 1 1 0 1 1 0 1 0 0 1 0 1 1 1 1 1 1 1 0 1 0 1 0 1 0 1 0 0 0 1 1 1 1 0 0 1 0 34441.0 28545.0 36534.0 1 0.10724020832266143
1 0 1 1 0 0 1 1 1 1 1 1 1 1 0 1 1 0 0 0 0 0 0 1 1 1 1 1 0 1 1 1 1 1 0 1 0 1 1 0 0 1 1 0 1 1 1 1 1 1 0 1 0 1 0 0 0 1 1 1 1 1 1 1 0 0 0 0 0 1 0 1 1 0 1 1 1 1 1 1 1 1 1 0 0 1 1 1 1 0 0 0 1 1 1 1 0 0 1 0 36493.0 28436.0 35250.0 1 0.10685152567618014
1 0 1 1 0 0 1 1 1 1 1 1 1 1 0 1 1 0 0 0 0 0 0 1 1 1 1 1 0 1 1 1 1 1 0 1 0 1 1 0 0 1 1 0 1 1 1 0 1 1 0 1 0 1 0 0 0 1 1 1 0 1 1 1 1 0 1 1 0 1 0 0 1 0 1 1 1 1 1 1 1 0 1 0 1 0 1 0 1 0 0 0 1 1 1 1 1 0 0 0 33771.0 29309.0 36069.0 1 0.10489856249688229
0 0 1 1 1 0 1 1 1 0 1 1 1 1 0 1 1 1 0 0 1 0 0 0 1 1 1 1 0 1 1 1 1 0 0 1 1 1 1 0 0 1 1 0 1 1 1 1 1 1 0 1 0 1 0 0 0 1 1 1 1 1 1 1 0 1 0 0 0 1 0 1 1 0 1 1 1 1 1 1 1 1 0 0 0 1 1 0 1 0 0 0 1 1 0 1 0 0 1 0 36706.0 29826.0 32013.0 1 0.10323936268675954
1 0 1 1 0 0 1 1 1 0 1 1 1 1 0 1 0 1 0 0 1 0 1 0 1 1 1 1 0 1 1 1 1 1 0 1 0 1 1 0 0 1 1 0 1 1 1 1 1 1 0 1 0 1 0 0 0 1 1 1 1 1 1 1 0 0 0 0 0 1 0 1 1 0 1 1 1 1 1 1 1 1 0 0 0 1 1 0 1 0 0 0 1 1 1 1 1 0 0 1 36544.0 30978.0 32478.0 1 0.1031563382101554
0 0 1 1 1 0 1 1 1 0 1 1 1 1 0 1 1 1 0 0 0 0 0 0 1 1 1 1 0 1 1 1 1 1 0 1 0 1 1 0 0 1 1 1 1 1 1 1 1 1 0 1 0 1 0 0 0 1 1 1 1 1 1 1 0 0 0 0 0 1 0 1 1 0 1 1 1 1 1 1 1 0 1 0 1 0 1 0 1 0 0 0 1 1 1 1 1 0 0 0 34506.0 31748.0 34196.0 1 0.10119092482410927
1 0 1 1 1 0 1 1 1 0 1 1 1 1 0 1 1 1 0 0 0 0 0 0 1 1 1 1 0 1 1 1 1 1 0 1 1 1 1 0 0 1 1 0 1 1 1 1 1 1 0 1 0 1 0 0 0 1 1 1 1 1 1 1 0 0 0 0 0 1 0 1 1 0 1 1 1 1 1 1 1 0 1 0 1 0 1 0 1 0 0 0 1 1 1 1 1 0 0 0 35576.0 31648.0 34367.0 1 0.0958155218349572
1 0 1 1 0 0 1 1 1 0 1 1 1 1 0 1 1 1 0 0 0 0 0 1 1 1 1 1 0 1 1 1 1 1 0 1 0 1 1 0 0 1 1 0 1 1 1 0 1 1 0 1 0 1 0 0 0 1 1 1 0 1 1 1 1 0 1 1 0 1 0 0 1 0 1 1 1 1 1 1 1 0 1 0 1 0 1 0 1 0 1 0 1 1 1 1 1 0 0 0 34365.0 30095.0 35876.0 1 0.09544279725044469
1 0 1 1 0 0 1 1 1 1 1 1 1 1 0 1 1 0 0 0 0 0 0 1 1 1 1 1 0 1 1 1 1 1 0 1 0 1 1 0 0 1 1 0 1 1 1 1 1 1 0 1 0 1 0 0 0 1 1 1 1 1 1 1 0 0 0 0 0 1 0 1 1 0 1 1 1 1 1 1 1 1 1 0 0 1 1 1 1 0 0 0 1 1 0 1 1 0 1 0 36610.0 28911.0 34912.0 1 0.09431651949083515
0 0 1 1 1 0 1 1 1 0 1 1 1 1 0 1 1 1 0 0 1 0 0 0 1 1 1 1 0 1 1 1 1 1 0 1 1 0 1 0 0 1 0 1 1 1 1 1 1 1 0 1 0 1 0 0 0 1 1 1 1 1 1 1 0 0 1 0 0 1 0 0 1 0 1 1 1 1 1 1 1 1 1 0 0 0 1 0 1 0 0 0 1 1 1 1 0 0 1 0 36262.0 30899.0 33981.0 1 0.08904317332268599
0 0 1 1 1 0 1 1 1 0 1 1 1 1 0 1 1 1 0 0 0 0 0 0 1 1 1 1 0 1 1 1 1 1 0 1 0 1 1 0 0 1 1 1 1 1 1 1 1 1 0 1 0 1 0 0 0 1 1 1 1 1 1 1 0 0 0 0 0 1 0 1 1 0 1 1 1 1 1 1 1 1 1 0 0 1 1 1 1 0 0 0 1 1 0 1 0 0 1 0 36330.0 30296.0 34145.0 1 0.08745405102390005
0 0 1 1 0 0 1 1 1 0 1 1 1 1 0 1 1 1 1 1 0 0 0 1 1 1 1 1 0 1 1 1 1 1 0 1 0 1 0 0 0 1 1 0 1 1 1 0 1 1 0 1 0 1 0 0 0 1 1 1 0 1 1 1 1 0 1 1 0 1 0 0 1 0 1 1 1 1 1 1 1 1 1 0 0 1 1 0 1 0 0 0 1 1 1 1 0 0 1 0 36094.0 29036.0 35655.0 1 0.08506309676599147
1 0 1 1 0 0 1 1 1 1 1 1 1 1 0 1 1 0 1 0 0 0 0 1 1 1 1 1 0 1 1 1 1 1 0 1 1 0 1 0 0 1 1 1 1 1 1 1 1 1 0 1 0 1 0 0 0 1 1 1 1 1 1 1 0 0 0 0 0 1 0 1 1 0 1 1 1 1 1 1 1 0 1 0 1 0 1 0 1 0 0 0 1 1 0 1 1 0 0 0 35407.0 30722.0 34787.0 1 0.08209311564661334
1 0 1 1 0 0 1 1 1 1 1 1 1 1 0 1 1 0 0 0 0 0 0 1 1 1 1 1 0 1 1 1 1 1 0 1 0 1 1 0 0 1 1 0 1 1 1 0 1 1 0 1 0 1 0 0 0 1 1 1 0 1 1 1 1 0 1 0 0 1 0 1 1 0 1 1 1 1 1 1 1 0 1 0 1 0 1 0 1 0 1 0 1 1 1 1 1 0 0 0 33744.0 29386.0 35987.0 1 0.07738479668646248
1 0 1 1 0 0 1 1 1 0 1 1 1 1 0 1 1 1 0 0 1 0 0 0 1 1 1 1 0 1 1 1 1 1 0 1 1 1 1 0 0 1 1 0 1 1 1 1 1 1 0 1 0 1 0 0 0 1 1 1 1 1 1 1 0 0 0 0 0 1 0 1 1 0 1 1 1 1 1 1 1 1 0 0 0 1 1 0 1 0 0 0 1 1 1 1 1 0 0 0 36638.0 30792.0 32477.0 1 0.07704964596679992
1 0 1 1 0 0 1 1 1 0 1 1 1 1 0 1 1 1 0 0 0 0 0 1 1 1 1 1 0 1 1 1 1 1 0 1 0 1 1 0 0 1 1 0 1 1 1 1 1 1 0 1 0 1 0 0 0 1 1 1 1 1 1 1 0 0 0 0 0 1 0 1 1 0 1 1 1 1 1 1 1 0 1 0 1 1 1 0 1 0 0 1 1 1 1 1 1 0 0 0 35725.0 30645.0 34837.0 1 0.0739702638200071
