1 0 1 1 0 0 1 1 1 1 1 1 1 1 0 1 1 0 0 0 0 0 0 1 1 1 1 1 0 1 1 1 1 1 0 1 0 1 1 0 0 1 1 0 1 1 1 0 1 1 0 1 1 1 0 0 0 1 1 1 0 1 1 1 1 0 1 1 0 1 0 0 1 0 1 1 1 1 1 1 1 0 1 0 1 0 1 0 1 0 0 0 1 1 1 1 0 0 1 0 34462.0 28552.0 36720.0 0 1000000000000000.1
1 0 1 1 0 0 1 1 1 1 1 1 1 1 0 1 1 0 0 0 0 0 0 1 1 1 1 1 0 1 1 1 1 1 0 1 0 1 0 1 0 1 1 0 1 1 1 0 1 1 0 1 0 1 0 0 0 1 1 1 0 1 1 1 1 1 1 0 0 1 0 0 1 0 1 1 1 1 1 1 1 0 1 1 1 0 1 0 1 0 0 0 1 1 1 1 0 0 1 0 33675.0 28713.0 36573.0 0 0.1382615688787868
1 0 1 1 0 0 1 1 1 1 1 1 1 1 0 1 1 0 0 0 0 0 0 1 1 1 1 1 0 1 1 1 1 1 0 1 0 1 1 0 0 1 1 0 1 1 1 0 1 1 0 1 0 1 0 0 0 1 1 1 0 1 1 1 1 0 1 1 0 1 0 0 1 0 1 1 1 1 1 1 1 0 1 0 1 0 1 0 1 0 1 0 1 1 1 1 1 0 0 0 33923.0 29335.0 36482.0 0 0.09067242724068715
1 0 1 1 0 0 1 1 1 1 1 1 1 1 0 1 1 0 0 0 0 0 0 1 1 1 1 1 0 1 1 1 1 1 0 1 0 1 1 0 0 1 1 0 1 1 1 0 1 1 0 1 1 1 0 0 0 1 1 1 0 1 1 1 1 0 1 1 0 1 0 0 1 0 1 1 1 1 1 1 1 0 1 0 1 0 0 0 1 0 0 0 1 1 1 1 1 0 1 0 34262.0 29174.0 36422.0 0 0.11677493868230265
1 0 1 1 0 0 1 1 1 1 1 1 1 1 0 1 1 0 0 0 0 0 0 1 1 1 1 1 0 1 1 1 1 1 0 1 0 1 0 1 0 1 1 0 1 1 1 0 1 1 0 1 0 1 0 0 0 1 1 1 0 1 1 1 1 1 1 0 0 1 0 0 1 0 1 1 1 1 1 1 1 0 1 1 1 0 1 0 1 0 0 0 1 1 1 1 1 0 0 0 33055.0 29594.0 36402.0 0 0.16804778768532466
1 0 1 1 0 0 1 1 1 1 1 1 1 1 0 1 1 0 0 0 0 0 0 1 1 1 1 1 0 1 1 1 1 1 0 1 0 1 1 0 0 1 1 0 1 1 1 0 1 1 0 1 0 1 0 0 0 1 1 1 0 1 1 1 1 0 1 0 0 1 0 1 1 0 1 1 1 1 1 1 1 0 1 0 1 0 1 0 1 0 1 0 1 1 1 1 1 0 0 0 33744.0 29386.0 35987.0 0 0.16619772275115108
0 0 1 1 1 0 1 1 1 0 1 1 1 1 0 1 1 0 0 0 0 0 0 1 1 1 1 1 0 1 1 1 1 1 0 1 0 1 1 0 0 1 1 0 1 1 1 0 1 1 0 1 1 1 0 0 0 1 1 1 0 1 1 1 1 0 1 1 0 1 1 0 1 0 0 1 1 1 1 1 1 1 1 0 0 1 1 0 1 0 0 0 1 1 1 1 0 0 1 0 34634.0 29055.0 35975.0 0 0.07753560431882302
1 0 1 1 0 0 1 1 1 1 1 1 1 1 0 1 1 0 0 1 0 0 0 1 1 1 1 1 0 1 1 1 1 1 0 1 0 1 1 0 0 1 1 0 1 1 1 0 1 1 0 1 1 1 0 0 0 1 1 1 0 1 1 1 1 0 1 1 0 1 0 0 1 0 1 1 1 1 1 1 1 0 1 0 0 1 1 0 1 0 0 0 1 1 1 1 1 0 0 0 34886.0 29629.0 35923.0 0 0.02780875533228283
1 0 1 1 0 0 1 1 1 1 1 1 1 1 0 1 1 1 0 0 0 0 0 1 1 1 1 1 0 1 1 1 1 1 0 1 0 1 1 0 0 1 1 1 1 1 1 0 1 1 0 1 0 1 0 0 0 1 1 1 0 1 1 1 0 0 0 1 0 1 0 0 1 0 1 1 1 1 1 1 1 0 1 0 1 0 1 0 1 0 0 0 1 1 1 1 1 0 0 1 34832.0 30463.0 35920.0 0 0.07758939601345725
1 0 1 1 0 0 1 1 1 1 1 1 1 1 0 1 1 0 0 0 1 0 0 0 1 1 1 1 0 1 1 1 1 1 0 1 0 1 1 0 0 1 0 0 1 1 1 1 1 1 0 1 1 1 0 0 0 1 1 1 0 1 1 1 1 0 1 1 0 1 0 0 1 0 1 1 1 1 1 1 1 0 1 0 0 1 1 0 1 0 0 0 1 1 1 1 1 0 0 1 35090.0 29509.0 35843.0 0 0.09169580225904314
1 0 1 1 0 0 1 1 1 1 1 1 1 1 0 1 1 0 0 0 0 0 0 1 1 1 1 1 0 1 1 1 1 1 0 1 0 1 1 0 0 1 1 0 1 1 1 0 1 1 0 1 0 1 0 0 0 1 1 1 0 1 1 1 1 0 1 1 0 1 0 0 1 0 1 1 1 1 1 1 1 1 1 0 0 1 1 0 1 0 0 0 1 1 1 1 0 0 1 0 35485.0 28253.0 35803.0 0 0.1392662557017386
1 0 1 1 0 0 1 1 1 1 1 1 1 1 0 1 1 0 0 1 0 0 0 1 1 1 1 1 0 1 1 1 1 1 0 1 0 1 1 0 0 1 1 0 1 1 1 0 1 1 0 1 1 1 0 0 0 1 1 1 0 1 1 1 1 0 1 1 0 1 0 0 1 0 0 1 1 1 1 1 1 1 1 0 0 1 1 0 1 0 0 0 1 1 1 1 0 0 1 0 35379.0 28859.0 35762.0 0 0.08536121123579415
0 0 1 1 1 0 1 1 1 0 1 1 1 1 0 1 1 1 0 0 1 0 0 0 1 1 1 1 0 1 1 1 1 1 0 1 0 1 1 0 0 1 1 0 1 1 1 0 1 1 0 1 1 1 0 0 0 1 1 1 0 1 1 1 1 0 1 0 0 1 0 0 1 0 1 1 1 1 1 1 1 0 1 0 1 0 1 0 1 0 0 0 1 1 1 1 1 0 0 0 33539.0 30872.0 35593.0 0 0.11470830507677043
1 0 1 1 0 0 1 1 1 0 1 1 1 1 0 1 1 1 0 0 1 0 1 0 1 1 1 1 0 1 1 1 1 1 0 1 0 1 1 0 0 1 1 0 1 1 1 0 1 1 0 1 0 1 0 0 0 1 1 1 0 1 1 1 1 0 1 1 0 1 0 0 1 0 1 1 1 1 1 1 1 0 1 0 1 0 1 0 1 0 0 0 1 1 1 1 1 0 0 0 34558.0 31206.0 35517.0 0 0.08756335693674386
1 0 1 1 0 0 1 1 1 0 1 1 1 1 0 1 1 1 0 0 0 0 0 1 1 1 1 1 0 1 1 1 1 1 0 1 0 1 1 0 0 1 1 0 1 1 1 1 1 1 0 1 0 1 0 0 0 1 1 1 0 1 1 1 1 0 1 1 0 1 0 0 1 0 1 1 1 1 1 1 1 0 1 0 0 0 1 0 1 0 0 0 1 1 1 1 1 0 1 0 35616.0 30214.0 35473.0 0 0.09258675278454317
1 0 1 1 0 0 1 1 1 0 1 1 1 1 0 1 1 1 0 0 0 0 0 1 1 1 1 1 0 1 1 1 1 1 0 1 0 1 1 0 0 1 1 0 1 1 1 1 1 1 0 1 0 1 0 0 0 1 1 1 0 1 1 1 1 0 1 1 0 1 0 0 1 0 1 1 1 1 1 1 1 0 1 1 0 0 0 0 1 0 0 0 1 1 1 1 1 0 1 0 35162.0 30833.0 35451.0 0 0.08113198499887662
1 0 1 1 1 0 1 1 1 1 1 1 1 1 0 1 1 0 1 0 0 0 0 1 1 1 1 1 0 1 1 1 1 1 0 1 1 0 1 0 0 1 1 1 1 1 1 1 1 1 0 1 0 1 0 0 0 1 1 1 1 1 1 1 0 0 0 0 0 1 0 1 1 0 1 1 1 1 1 1 1 0 1 0 1 0 1 0 1 0 0 0 1 1 0 1 0 0 0 0 35499.0 30684.0 35323.0 0 0.07122768444995231
1 0 1 1 0 0 1 1 1 1 1 1 1 1 0 1 1 0 0 0 0 0 0 1 1 1 1 1 0 1 1 1 1 1 0 1 0 1 1 0 0 1 1 0 1 0 1 1 1 1 0 1 1 0 0 0 0 1 1 1 0 1 1 1 1 0 1 1 0 1 0 0 1 0 1 1 1 1 1 1 1 1 1 0 0 1 1 0 1 0 0 0 1 1 1 1 0 0 1 0 35656.0 27980.0 35294.0 0 1000000000000000.0
1 0 1 1 0 0 1 1 1 1 1 1 1 1 0 1 1 0 0 0 0 0 0 1 1 1 1 1 0 1 1 1 1 1 0 1 0 1 1 0 0 1 1 0 1 1 1 1 1 1 0 1 0 1 0 0 0 1 1 1 1 1 1 1 0 0 0 0 0 1 0 1 1 0 1 1 1 1 1 1 1 1 1 0 0 1 1 1 1 0 0 0 1 1 1 1 1 0 0 0 35873.0 29317.0 35079.0 0 0.1142805844941501
1 0 1 1 0 0 1 1 1 1 1 1 1 1 0 1 1 0 0 0 0 0 0 1 1 1 1 1 0 1 1 1 1 1 0 1 1 0 1 0 0 1 1 1 1 1 1 1 1 1 0 1 0 1 0 0 0 1 1 1 1 1 1 1 0 0 1 0 0 1 0 0 1 0 1 1 1 1 1 1 1 0 1 0 1 0 1 0 1 0 0 0 1 1 1 1 1 0 0 0 34841.0 30866.0 35078.0 0 0.018726640150086002
1 0 1 1 0 0 1 1 1 1 1 1 1 1 0 1 1 1 0 0 0 0 0 1 1 1 1 1 0 1 1 1 1 1 0 1 0 1 1 0 0 1 1 0 1 1 1 1 1 1 0 1 0 1 0 0 0 0 1 1 1 1 1 1 1 0 0 0 0 1 0 1 1 0 1 1 1 1 1 1 1 0 1 0 1 0 1 0 1 0 0 0 1 1 1 1 0 0 1 0 36113.0 29931.0 35052.0 0 0.06406351134471086
1 0 1 1 0 0 1 1 1 0 1 1 1 1 0 1 1 1 0 0 0 0 0 1 1 1 1 1 0 1 1 1 1 1 0 1 0 1 1 0 0 1 1 1 1 1 1 0 1 1 0 1 0 1 0 0 0 1 1 1 0 1 1 1 1 0 1 1 0 1 0 1 1 0 1 1 1 1 1 1 1 0 0 0 1 0 1 0 1 0 0 0 1 1 1 1 1 0 0 0 34685.0 31129.0 35042.0 0 0.06585456648945102
1 0 1 1 0 0 1 1 1 0 1 1 1 1 0 1 1 1 0 0 1 0 0 0 1 1 1 1 0 1 1 1 1 1 0 1 0 1 1 0 0 1 0 0 1 1 1 1 1 1 0 1 1 1 0 0 0 1 1 1 0 1 1 1 1 0 1 1 0 1 0 0 1 0 1 1 1 1 1 1 1 1 1 0 0 1 1 0 1 0 0 0 1 1 1 1 0 0 1 0 36228.0 29634.0 34944.0 0 0.04863010311686443
1 0 1 1 0 0 1 1 1 1 1 1 1 1 0 1 1 0 0 0 0 0 0 1 1 1 1 1 0 1 1 1 1 1 0 1 0 1 1 0 0 1 1 0 1 1 1 1 1 1 0 1 0 1 0 0 0 1 1 1 1 1 1 1 0 0 0 0 0 1 0 1 1 0 1 1 1 1 1 1 1 1 1 0 0 1 1 1 1 0 0 0 1 1 0 1 1 0 1 0 36610.0 28911.0 34912.0 0 0.09552256932078901
1 0 1 1 0 0 1 1 1 0 1 1 1 1 0 1 1 1 0 0 0 0 0 1 1 1 1 1 0 1 1 1 1 1 0 1 0 1 1 0 0 1 1 0 1 1 1 1 1 1 0 1 0 1 0 0 0 1 1 1 1 1 1 1 0 0 0 0 0 1 0 1 1 0 1 1 1 1 1 1 1 0 1 0 1 1 1 0 1 0 0 1 1 1 1 1 1 0 0 0 35725.0 30645.0 34837.0 0 0.056796459068169144
1 0 1 1 0 0 1 1 1 1 1 1 1 1 0 1 1 0 1 0 0 0 0 1 1 1 1 1 0 1 1 1 1 1 0 1 1 0 1 0 0 1 1 1 1 1 1 1 1 1 0 1 0 1 0 0 0 1 1 1 1 1 1 1 0 0 0 0 0 1 0 1 1 0 1 1 1 1 1 1 1 0 1 0 1 0 1 0 1 0 0 0 1 1 0 1 1 0 0 0 35407.0 30722.0 34787.0 0 0.04447716869583746
1 0 1 1 0 0 1 1 1 1 1 1 1 1 0 1 1 0 0 0 0 0 0 1 1 1 1 1 0 1 1 1 1 1 0 1 1 0 1 0 0 1 1 1 1 1 1 1 1 1 0 1 0 1 0 0 0 1 1 1 1 1 1 1 0 0 0 0 0 1 0 1 1 0 1 1 1 1 1 1 1 0 1 0 1 0 1 0 1 0 0 0 1 1 1 1 1 0 0 0 35309.0 31023.0 34770.0 0 0.12862541505915803
1 0 1 1 0 0 1 1 1 0 1 1 1 1 0 1 1 1 0 0 1 0 0 0 1 1 1 1 0 1 1 1 1 1 0 1 1 1 1 0 0 1 1 0 1 1 1 1 1 1 0 1 0 1 0 0 0 1 1 0 0 1 1 1 1 0 1 0 0 1 0 1 1 0 0 1 1 1 1 1 1 0 1 0 1 0 1 0 1 0 1 0 1 1 1 1 1 0 0 0 33990.0 31540.0 34468.0 0 0.17461370743050347
0 0 1 1 1 0 1 1 1 0 1 1 1 1 0 1 1 1 0 0 1 0 0 0 1 1 1 1 0 1 1 1 1 1 0 1 1 0 1 0 0 1 0 1 1 1 1 1 1 1 0 1 0 1 0 0 0 1 1 1 0 1 1 1 1 0 1 1 0 1 0 0 1 0 1 1 1 0 1 1 1 0 1 0 0 0 1 0 1 0 0 0 1 1 1 1 1 0 0 0 35011.0 31319.0 34454.0 0 0.10032218830237295
1 0 1 1 0 0 1 1 1 0 1 1 1 1 0 1 1 1 0 0 1 0 1 0 1 1 1 1 0 1 1 1 1 1 0 1 1 1 0 0 0 1 0 0 1 1 1 1 1 1 0 1 0 1 0 0 0 1 1 1 0 1 1 1 1 0 0 1 0 1 0 0 1 0 1 1 1 1 1 1 1 0 1 0 0 1 1 0 1 0 0 0 1 1 1 1 1 0 0 1 35763.0 31067.0 34453.0 0 0.04428754971606951
1 0 1 1 0 0 1 1 1 0 1 1 1 1 0 1 1 1 0 0 1 0 0 0 1 1 1 1 0 1 1 1 1 1 0 1 1 1 1 0 0 1 1 0 1 1 1 1 1 1 0 1 0 1 0 0 0 1 1 1 0 0 1 1 1 0 1 0 0 1 0 0 1 0 1 1 1 1 1 1 1 0 1 1 0 0 1 0 1 0 0 0 1 1 1 1 1 0 0 1 34911.0 31692.0 34441.0 0 0.07433146725932582
1 0 1 1 1 0 1 1 1 0 1 1 1 1 0 1 1 1 0 0 0 0 0 0 1 1 1 1 0 1 1 1 1 1 0 1 1 1 1 0 0 1 1 0 1 1 1 1 1 1 0 1 0 1 0 0 0 1 1 1 1 1 1 1 0 0 0 0 0 1 0 1 1 0 1 1 1 1 1 1 1 0 1 0 1 1 1 0 1 0 0 0 1 1 1 1 1 0 0 0 36050.0 31789.0 34436.0 0 0.04874435396747301
0 0 1 1 1 0 1 1 1 0 1 1 1 1 0 1 1 1 0 0 1 0 0 0 1 1 1 1 0 1 1 1 1 1 0 1 1 1 1 0 0 1 0 1 1 1 1 0 1 1 0 1 0 1 0 0 0 1 1 0 0 1 1 1 1 0 0 0 0 1 0 0 1 0 1 1 1 1 1 1 1 0 1 0 1 0 1 0 1 0 0 0 1 1 1 1 1 0 0 1 33266.0 31814.0 34429.0 0 0.11741802505782911
0 0 1 1 1 0 1 1 1 0 1 1 1 1 0 1 1 1 0 0 1 0 0 0 1 1 1 1 0 1 1 1 1 1 0 1 1 1 1 0 0 1 0 1 1 1 1 0 1 1 0 1 0 1 0 0 0 1 1 0 0 1 1 1 1 0 1 0 0 1 0 0 1 0 1 1 1 1 1 1 1 0 1 0 1 0 1 0 1 0 0 0 1 1 1 1 1 0 0 0 32964.0 31886.0 34398.0 0 0.06665851699552285
0 0 1 1 1 0 1 1 1 0 1 1 1 1 0 1 1 1 0 0 1 0 0 0 1 1 1 1 0 1 1 1 1 1 0 1 1 1 1 0 0 1 0 1 1 1 1 0 1 1 0 1 0 1 0 0 0 1 1 0 0 1 1 1 1 0 0 0 0 1 0 0 1 0 1 1 1 1 1 1 1 0 1 0 1 0 1 0 1 0 0 0 1 1 1 1 1 0 1 0 33574.0 31797.0 34314.0 0 0.049364748385156
1 0 1 1 0 0 1 1 1 0 1 1 1 1 0 1 1 1 0 0 0 0 0 1 1 1 1 1 0 1 1 1 1 1 0 1 0 1 1 0 0 1 1 0 1 1 1 1 1 1 0 1 0 1 0 0 0 1 1 1 1 1 1 1 0 0 0 0 0 1 0 1 1 0 1 1 1 1 1 1 1 1 1 0 0 1 1 1 1 0 0 0 1 1 0 1 1 0 1 0 37052.0 29671.0 34306.0 0 0.06689938344073319
1 0 1 1 0 0 1 1 1 0 1 1 1 1 0 1 1 1 0 0 1 0 0 0 1 1 1 1 0 1 1 1 1 1 0 1 1 1 1 0 0 1 1 0 1 1 1 1 1 1 0 1 0 1 0 0 0 1 1 1 1 1 1 1 0 0 1 0 0 1 0 0 1 0 1 1 1 1 1 1 1 1 1 0 0 0 1 0 1 0 1 0 1 1 1 1 0 0 1 0 36795.0 29742.0 34277.0 0 0.11391614258318028
1 0 1 1 0 0 1 1 1 0 1 1 1 1 0 1 1 1 0 1 0 0 0 1 1 1 1 1 0 1 1 1 1 1 0 1 0 1 1 0 0 1 1 0 1 1 1 1 1 1 0 1 0 1 0 0 0 1 1 1 1 1 1 1 0 0 0 0 0 1 0 1 1 0 1 1 1 1 1 1 1 0 1 0 1 0 1 0 1 0 0 0 1 1 1 1 0 0 1 0 36186.0 29995.0 34161.0 0 0.09282517710396523
0 0 1 1 1 0 1 1 1 0 1 1 1 1 0 1 1 1 0 0 0 0 0 0 1 1 1 1 0 1 1 1 1 1 0 1 0 1 1 0 0 1 1 1 1 1 1 1 1 1 0 1 0 1 0 0 0 1 1 1 1 1 1 1 0 0 0 0 0 1 0 1 1 0 1 1 1 1 1 1 1 1 1 0 0 1 1 1 1 0 0 0 1 1 0 1 0 0 1 0 36330.0 30296.0 34145.0 0 0.1023200646032405
0 0 1 1 1 0 1 1 1 0 1 1 1 1 0 1 1 1 0 0 0 0 0 0 1 1 1 1 0 1 1 1 1 1 0 1 1 1 1 0 0 1 1 0 1 1 1 1 1 1 0 1 0 1 0 0 0 1 1 1 1 1 1 1 0 0 0 0 0 1 0 1 1 0 1 1 1 1 1 1 1 0 1 0 0 0 1 0 1 0 0 0 1 1 1 1 1 0 1 0 36112.0 30913.0 34017.0 0 0.06837409924603012
0 0 1 1 1 0 1 1 1 0 1 1 1 1 0 1 1 1 0 0 1 0 0 0 1 1 1 1 0 1 1 1 1 1 0 1 1 0 1 0 0 1 0 1 1 1 1 1 1 1 0 1 0 1 0 0 0 1 1 1 1 1 1 1 0 0 1 0 0 1 0 0 1 0 1 1 1 1 1 1 1 1 1 0 0 0 1 0 1 0 0 0 1 1 1 1 0 0 1 0 36262.0 30899.0 33981.0 0 0.04783155564801747
1 0 1 1 0 0 1 1 1 0 1 1 1 1 0 1 0 1 0 0 1 0 0 0 1 1 1 1 0 1 1 1 1 1 0 1 1 1 1 0 0 1 1 0 1 1 1 1 1 1 0 1 0 1 0 0 0 1 1 1 1 1 1 1 1 0 0 0 0 1 0 1 1 0 1 1 1 1 1 1 1 0 1 0 1 0 1 0 1 0 0 0 1 1 1 1 0 0 1 0 36533.0 30604.0 33915.0 0 0.05302630648927871
1 0 1 1 0 0 1 1 1 0 1 1 1 1 0 1 1 1 0 0 0 0 1 0 1 1 1 1 0 1 1 1 1 1 0 1 0 1 1 0 0 1 1 0 1 1 1 1 1 1 0 1 0 1 0 0 0 1 1 1 1 1 1 1 0 0 0 0 0 1 0 1 1 0 1 1 1 1 1 1 1 1 1 0 0 1 1 1 1 0 0 0 1 1 0 1 1 0 1 0 36726.0 30533.0 33899.0 0 0.07801621058108939
1 0 1 1 0 0 1 1 1 0 1 1 1 1 0 1 1 1 0 0 1 0 1 0 1 1 1 1 0 1 1 1 1 1 0 1 0 1 1 0 0 1 1 0 1 1 1 1 1 1 0 1 0 1 0 0 0 0 1 1 0 0 1 1 1 0 1 0 0 1 0 0 1 0 1 1 1 1 1 1 1 0 1 1 0 0 1 0 1 0 0 0 1 1 1 1 1 0 1 0 34606.0 31885.0 33836.0 0 0.05828709037240441
0 0 1 1 1 0 1 1 1 0 1 1 1 1 0 1 1 1 0 0 1 0 0 0 1 1 1 1 0 1 1 1 1 1 0 1 1 1 1 0 0 1 0 1 1 1 1 0 1 1 0 1 0 1 0 0 0 1 1 0 0 1 1 1 1 0 1 0 0 1 0 0 1 0 1 1 1 1 1 0 1 0 1 1 0 0 1 0 1 0 0 0 1 1 1 1 1 0 0 0 32227.0 32034.0 33749.0 0 1000000000000000.0
0 0 1 1 1 0 1 1 1 0 1 1 1 1 0 1 1 1 0 0 0 0 0 0 1 1 1 1 0 1 1 1 1 1 0 1 1 0 1 0 0 1 0 1 1 1 1 1 1 1 0 1 0 1 0 0 0 0 1 1 0 0 1 1 1 0 1 1 0 1 0 0 1 0 1 1 1 1 1 1 1 0 1 0 1 0 1 0 1 0 0 0 1 1 1 1 1 0 0 0 34195.0 32390.0 33696.0 0 0.0711017500028642
1 0 1 1 0 0 1 1 1 0 1 1 1 1 0 1 1 1 0 0 1 0 0 1 1 1 1 1 0 1 1 1 1 1 0 1 0 1 1 0 0 1 1 0 1 1 1 1 1 1 0 1 0 1 0 0 0 1 1 1 1 1 1 1 0 0 0 0 0 1 0 1 1 0 1 1 1 1 1 1 1 1 0 0 0 1 1 0 1 0 0 0 1 1 1 1 1 0 0 1 36978.0 30256.0 33690.0 0 0.05075956271380753
1 0 1 1 0 0 1 1 1 0 1 1 1 1 0 1 1 1 0 0 1 0 0 0 1 1 1 1 0 1 1 1 1 1 0 1 1 0 1 0 0 1 0 1 1 1 1 1 1 1 0 1 0 1 0 0 0 1 1 1 1 1 1 1 0 0 1 0 0 1 0 0 1 0 1 1 1 1 1 1 1 1 1 0 0 0 1 0 1 0 0 0 1 1 1 1 1 0 1 0 36486.0 31093.0 33638.0 0 0.038601538755068
1 0 1 1 0 0 1 1 1 0 1 1 1 1 0 1 1 1 0 0 1 0 1 0 1 1 1 1 0 1 1 1 1 1 0 1 1 0 1 0 0 1 0 0 1 1 1 1 1 1 0 1 1 1 0 0 0 1 1 1 0 0 1 1 1 0 1 1 0 1 0 0 1 0 1 1 1 1 1 1 1 0 0 0 1 0 1 0 1 0 0 0 1 1 1 1 1 0 0 0 34753.0 32121.0 33622.0 0 0.08950789062341734
0 0 1 1 1 0 1 1 1 0 1 1 1 1 0 1 1 1 0 0 0 0 1 0 1 1 1 1 0 1 1 1 1 1 0 1 1 1 1 0 0 1 1 0 1 1 1 1 1 1 0 1 0 1 0 0 0 1 1 1 1 1 1 1 0 0 0 0 0 1 0 1 1 0 1 1 1 1 1 1 1 0 0 0 0 1 1 0 1 0 0 0 1 1 1 1 1 0 0 1 36160.0 31918.0 33529.0 0 0.07118093040694709
0 0 1 1 1 0 1 1 1 0 1 1 1 1 0 1 1 1 0 0 0 0 0 0 1 1 1 1 0 1 1 1 1 1 0 1 1 0 1 0 0 1 0 1 1 1 1 1 1 1 0 1 0 1 0 0 0 0 1 1 0 0 1 1 1 0 1 0 0 1 0 0 1 0 1 1 1 1 1 1 1 0 1 1 0 0 1 0 1 0 0 0 1 1 1 1 1 0 1 0 34136.0 32494.0 33373.0 0 0.15948903559105024
1 0 1 1 0 0 1 1 1 0 1 1 1 1 0 1 1 1 0 1 1 0 0 0 1 1 0 1 0 1 1 1 1 1 0 1 1 0 1 0 0 1 0 1 1 1 1 1 1 1 0 1 0 1 0 0 0 1 1 1 1 1 1 1 0 0 0 1 0 1 0 0 1 0 1 1 1 1 1 1 1 0 1 0 1 0 1 0 1 0 0 0 1 1 1 1 1 0 0 0 35347.0 32099.0 33276.0 0 0.04118968447526076
1 0 1 1 0 0 1 1 1 0 1 1 1 1 0 1 1 1 0 1 0 0 0 1 1 1 1 1 0 1 1 1 1 1 0 1 0 1 1 0 0 1 1 0 1 1 1 1 1 1 0 1 0 1 0 0 0 1 1 1 1 1 1 1 0 0 0 0 0 1 0 1 1 0 1 1 1 1 1 1 1 1 0 0 0 1 1 0 1 0 0 0 1 1 1 1 1 0 0 1 36929.0 30625.0 33263.0 0 0.06544230872552939
1 0 1 1 0 0 1 1 1 0 1 1 1 1 0 1 1 1 0 0 1 0 0 0 1 1 1 1 0 1 1 1 1 1 0 1 1 1 1 0 0 1 1 0 1 1 1 1 1 1 0 1 0 1 0 0 0 1 1 1 1 1 1 1 0 0 0 0 0 1 0 1 1 0 1 1 1 1 1 1 1 1 0 0 0 1 1 0 1 0 0 0 1 1 1 1 1 0 0 1 37234.0 30819.0 33164.0 0 0.06002433909605792
1 0 1 1 0 0 1 1 1 0 1 1 1 1 0 1 1 1 0 1 0 0 0 1 1 1 1 1 0 1 1 1 1 1 0 1 0 1 1 0 0 1 1 0 1 1 1 1 1 1 1 1 0 1 0 0 0 1 1 1 1 1 1 1 0 0 0 0 0 1 0 1 1 0 1 1 1 1 1 1 1 1 0 0 0 1 1 1 1 0 0 0 1 1 0 1 0 0 1 0 37235.0 29688.0 33163.0 0 0.06525782109630149
1 0 1 1 0 0 1 1 1 0 1 1 1 1 0 1 1 1 0 1 1 0 0 0 1 1 0 1 0 1 1 1 1 1 0 1 1 0 1 0 0 1 1 1 1 1 1 1 1 1 0 1 0 1 0 0 0 1 1 1 1 1 1 1 0 0 0 0 0 1 0 0 1 0 1 1 1 1 1 1 1 0 1 0 1 0 1 0 1 0 0 0 1 1 1 1 1 0 0 0 34863.0 32308.0 33082.0 0 0.09860454098871081
1 0 1 1 0 1 1 1 1 0 1 1 1 1 0 1 1 1 1 1 0 0 1 0 1 1 0 1 0 1 1 1 1 1 0 1 1 1 1 0 0 1 1 0 1 1 1 1 1 1 0 1 0 1 0 0 0 1 1 1 1 1 1 1 0 0 0 0 0 1 0 1 1 0 1 1 1 1 1 1 1 1 0 0 0 1 1 0 1 0 0 0 0 1 1 1 1 0 0 0 35419.0 32081.0 32967.0 0 0.07282115565494791
1 0 1 1 0 0 1 1 1 0 1 1 1 1 0 1 1 1 0 1 1 0 0 0 1 1 0 1 0 1 1 1 1 1 0 1 1 0 1 0 0 1 0 1 1 1 1 1 1 1 0 1 0 1 0 0 0 1 1 1 1 1 1 1 0 0 0 1 0 1 0 0 1 0 1 1 1 1 1 1 1 1 1 0 0 1 1 0 1 0 0 0 1 1 1 1 1 0 0 0 36441.0 31924.0 32839.0 0 0.08217596138607032
0 0 1 1 1 0 1 1 1 0 1 1 1 1 0 1 1 1 0 0 1 0 1 0 1 0 0 1 0 1 1 1 1 1 0 1 1 1 1 0 0 1 1 1 1 1 1 1 0 1 0 1 0 1 0 0 0 0 1 1 0 0 1 1 1 0 1 0 0 1 0 0 1 0 1 1 1 1 1 1 1 0 1 1 0 0 1 0 1 0 0 0 1 1 1 1 1 0 1 0 32823.0 33296.0 32816.0 0 1000000000000000.1
1 0 1 1 0 0 1 1 1 0 1 1 1 1 0 1 1 1 0 1 1 0 0 0 1 1 0 1 0 1 1 1 1 1 0 1 1 0 1 0 0 1 1 1 1 1 1 1 1 1 0 1 0 1 0 0 0 1 1 1 1 1 1 1 0 0 0 0 0 1 0 0 1 0 0 1 1 1 1 1 1 0 1 0 0 0 1 0 1 0 0 0 1 1 1 1 1 1 1 0 35376.0 32082.0 32764.0 0 0.054440957894794625
0 0 1 1 1 0 1 1 1 0 1 1 1 1 0 1 1 1 0 1 0 0 1 0 1 1 0 1 0 1 1 1 1 1 0 1 1 1 1 0 0 1 1 0 1 1 1 1 1 1 0 1 0 1 0 0 0 1 1 1 1 1 1 1 0 0 0 0 0 1 0 1 1 0 1 1 1 1 1 1 1 1 0 0 0 1 1 0 1 0 0 0 1 1 1 1 1 0 0 0 35974.0 32758.0 32582.0 0 0.1785616795227728
1 0 1 1 0 0 1 1 1 0 1 1 1 1 0 1 1 1 0 1 0 0 1 0 1 1 0 1 0 1 1 1 1 1 0 1 1 1 1 0 0 1 1 0 1 1 1 1 1 1 0 1 0 1 0 0 0 1 1 1 1 1 1 1 0 0 0 0 0 1 0 1 1 0 1 1 1 1 1 1 1 1 0 0 0 1 1 0 1 0 0 0 1 1 1 1 1 0 0 1 36510.0 32088.0 32525.0 0 0.03653458601094865
1 0 1 1 0 0 1 1 1 0 1 1 1 1 0 1 0 1 0 0 1 0 0 0 1 1 1 1 0 1 1 1 1 1 0 1 1 1 1 0 0 1 1 0 1 1 1 1 1 1 0 1 0 1 0 0 0 1 1 1 1 1 1 1 0 1 0 0 0 1 0 1 1 0 1 1 1 1 1 1 1 1 0 0 0 1 1 0 1 0 0 0 1 1 1 1 1 0 0 1 37418.0 30808.0 32461.0 0 1000000000000000.1
1 0 1 1 0 0 1 1 1 0 1 1 1 1 0 1 1 1 0 1 0 0 1 0 1 0 0 1 0 1 1 1 1 1 0 1 1 1 1 0 0 1 1 1 1 1 1 1 0 1 0 1 0 1 1 0 0 0 1 1 0 0 1 1 1 0 1 0 0 1 0 0 1 0 1 1 1 1 1 1 1 0 1 1 0 0 1 0 1 0 0 0 1 1 1 1 1 0 1 0 32861.0 33007.0 31737.0 0 1000000000000000.1
1 0 1 1 0 0 1 1 1 1 1 1 1 1 0 1 1 0 0 0 0 0 0 1 1 1 1 1 0 1 1 1 1 1 0 1 0 1 0 1 0 1 1 0 1 1 1 0 1 1 0 1 0 1 0 0 0 1 1 1 0 1 1 1 1 0 1 0 0 1 0 1 1 0 1 1 1 1 1 1 1 0 1 0 1 0 1 0 1 0 1 0 1 1 1 1 1 0 0 0 33647.0 28859.0 36384.0 1 1000000000000000.2
1 0 1 1 0 0 1 1 1 0 1 1 1 1 0 1 1 1 0 1 1 0 1 0 1 1 1 1 0 1 1 1 1 1 0 1 1 0 1 0 0 1 0 1 1 1 1 1 1 1 0 1 0 1 0 0 0 0 1 1 0 0 1 1 1 0 1 0 0 1 0 0 1 0 0 1 1 1 1 1 1 0 0 0 0 0 1 0 1 0 0 0 1 1 1 1 1 0 0 1 34114.0 32530.0 31335.0 1 1000000000000000.2
0 0 1 1 1 0 1 1 1 0 1 1 1 1 1 1 1 1 0 0 1 0 1 0 1 0 0 1 0 1 1 1 1 1 0 1 1 1 1 0 0 1 1 1 1 1 1 1 0 1 0 1 0 1 0 0 0 0 1 1 0 0 1 1 1 0 1 0 0 1 0 0 1 0 0 1 1 1 1 1 1 0 1 1 0 0 0 0 1 0 0 0 1 1 1 1 1 0 1 0 32154.0 33255.0 31563.0 1 1000000000000000.1
1 0 1 1 0 0 1 1 1 1 1 1 1 1 0 1 1 0 0 0 0 0 0 1 1 1 1 1 0 1 1 0 1 1 0 1 0 1 1 0 0 1 1 0 1 1 1 0 1 1 0 1 1 1 0 0 0 1 1 1 0 1 1 1 1 0 1 1 0 1 0 0 1 0 1 1 1 1 1 1 1 1 1 0 0 1 1 0 1 0 0 0 1 1 1 1 0 0 1 0 34589.0 27647.0 35856.0 1 1000000000000000.0
1 0 1 1 0 0 1 1 1 0 1 1 1 1 0 1 1 1 0 0 1 0 0 0 1 1 1 1 0 1 1 1 1 1 0 1 1 0 1 0 0 1 0 1 1 1 1 1 1 1 0 1 0 1 0 0 0 1 1 1 1 1 1 1 0 0 1 0 0 1 0 1 1 0 1 1 1 1 1 1 1 1 0 0 0 1 1 1 1 0 0 0 1 1 0 1 0 0 1 0 37221.0 30100.0 32892.0 1 1000000000000000.0
0 0 1 1 1 0 1 1 1 0 1 1 1 1 0 1 1 1 0 0 1 0 1 0 1 0 0 1 0 1 1 1 1 1 0 1 1 1 1 0 0 1 1 1 1 1 1 1 0 1 0 1 0 1 0 0 0 0 1 1 0 0 1 1 1 0 1 0 0 1 0 0 1 0 0 1 1 1 1 1 1 0 1 1 0 0 1 0 1 0 0 0 1 1 1 1 1 0 1 0 32024.0 33134.0 32261.0 1 1000000000000000.0
1 0 1 1 0 0 1 1 1 0 1 0 1 1 0 1 1 1 0 1 1 0 0 0 1 1 1 1 0 1 1 1 1 1 0 1 1 0 1 0 0 1 0 0 1 1 1 1 1 1 0 1 1 1 0 0 0 1 1 1 0 0 1 1 1 0 1 1 0 1 0 0 1 0 1 1 1 0 1 1 1 1 1 0 0 1 1 0 1 0 0 0 1 1 1 1 0 0 1 0 36809.0 29595.0 33449.0 1 0.25318019350472964
1 0 1 1 0 0 1 1 1 1 1 1 1 1 0 1 1 0 0 0 0 0 0 1 1 1 1 1 0 1 1 1 1 1 0 1 0 1 1 0 0 1 1 0 1 1 1 1 1 1 0 1 0 1 0 0 0 1 1 1 1 1 1 1 0 0 0 1 0 1 0 0 1 0 1 1 1 1 1 1 1 1 1 0 0 1 1 0 1 0 0 0 1 1 1 1 0 0 1 0 36395.0 28365.0 34791.0 1 0.21906749250772384
1 0 1 1 0 1 1 1 1 0 1 1 1 1 0 1 1 1 0 1 0 0 1 0 1 0 0 1 0 1 1 1 1 1 0 1 1 1 1 0 0 1 1 1 1 1 1 1 0 1 0 1 0 1 0 0 0 0 1 1 0 0 1 1 1 0 1 0 0 1 0 0 1 0 1 1 1 1 1 1 1 0 1 1 0 0 1 0 1 0 0 0 1 1 1 1 1 0 1 0 32768.0 33124.0 32089.0 1 0.20290976108230532
1 0 1 1 0 0 1 1 1 1 1 1 1 1 0 1 1 0 0 0 0 0 0 1 1 1 1 1 0 1 1 1 1 1 0 1 0 1 1 0 0 1 1 0 1 1 1 0 1 1 0 1 0 1 0 0 0 1 1 1 0 1 1 1 1 0 1 1 0 1 0 0 1 0 1 1 1 1 1 1 1 0 1 0 1 0 1 0 1 0 0 0 1 1 1 1 1 0 0 0 33771.0 29309.0 36069.0 1 0.19515750015909167
1 0 1 1 0 0 1 1 1 0 1 1 1 1 0 1 1 1 0 0 1 0 1 0 1 1 1 1 0 1 1 1 1 1 0 1 0 1 1 0 0 1 0 0 1 1 1 0 1 1 0 1 0 1 0 0 0 1 1 1 0 1 1 1 1 0 1 1 0 1 0 0 1 0 1 1 1 1 1 1 1 1 1 0 0 1 1 0 1 0 0 0 1 1 1 1 0 0 1 0 35815.0 29736.0 34602.0 1 0.19455441295221867
0 0 1 1 1 0 1 1 1 0 1 1 1 1 0 1 1 1 0 0 0 0 0 0 1 1 1 1 0 1 1 1 1 1 0 1 1 0 1 0 0 1 0 1 1 1 1 1 1 1 0 1 0 1 0 0 0 0 1 1 0 0 1 1 1 0 1 0 0 1 0 0 1 0 1 1 1 1 1 1 1 0 1 0 1 0 1 0 1 0 0 0 1 1 1 1 1 0 0 0 33254.0 32185.0 32853.0 1 0.19188560255667517
1 0 1 0 0 0 1 0 1 0 1 1 1 1 0 1 1 1 0 1 0 0 1 0 1 1 0 1 0 1 1 1 1 1 0 1 1 1 1 0 0 1 1 1 1 1 1 1 1 1 0 1 0 1 0 0 0 0 1 1 0 0 1 1 1 0 1 0 0 1 0 0 1 0 1 1 1 1 1 1 1 0 1 1 0 0 1 0 1 0 0 0 1 1 1 1 1 0 1 0 33045.0 32473.0 32087.0 1 0.17375631711083497
0 0 1 1 0 0 1 1 1 1 1 1 1 1 0 1 1 0 0 0 0 0 0 1 1 1 1 1 0 1 1 1 1 1 0 1 0 1 1 0 0 1 1 0 1 1 1 0 1 1 0 1 0 1 0 0 0 1 1 1 0 1 1 1 1 0 1 1 0 1 0 0 1 0 1 1 1 1 1 1 1 1 1 0 0 1 1 0 1 0 0 0 1 1 1 1 0 0 1 0 35169.0 28097.0 35610.0 1 0.16230688774249247
1 0 1 1 1 0 1 1 1 0 1 1 1 1 0 1 1 1 0 0 1 0 0 0 1 1 1 1 0 1 1 1 1 1 0 1 1 0 1 0 0 1 0 1 1 1 1 1 1 1 0 1 0 1 0 0 0 0 1 1 1 0 1 1 0 0 1 0 0 1 0 0 1 0 1 1 1 1 1 1 1 1 1 0 0 0 1 0 1 0 0 0 1 1 0 1 1 0 1 0 36251.0 31381.0 32311.0 1 0.15206969628793357
1 0 1 1 0 0 1 1 1 0 1 1 1 1 0 1 1 1 0 1 0 0 0 1 1 1 1 1 0 1 1 1 1 1 0 1 0 1 1 0 0 1 1 0 1 1 1 1 1 1 0 1 0 1 0 0 0 1 1 1 1 1 1 1 0 0 0 0 0 1 0 1 1 0 1 1 1 1 1 1 1 1 0 0 0 1 1 1 1 0 0 0 1 1 0 1 0 0 1 0 37063.0 29321.0 32962.0 1 0.1502614362576834
0 0 1 1 1 0 1 1 1 0 1 1 1 1 0 1 1 1 0 0 1 0 0 0 1 1 1 1 0 1 1 1 1 1 0 1 1 1 1 0 0 1 0 1 1 1 1 0 1 1 0 1 0 1 0 0 0 1 1 0 0 1 1 1 1 0 0 0 0 1 0 0 1 0 1 1 1 1 1 1 1 0 1 0 1 0 1 0 1 0 0 0 0 1 1 1 1 0 0 1 32452.0 31563.0 34358.0 1 0.1494106611537112
1 0 1 1 0 0 1 1 1 0 1 1 1 1 0 1 1 1 0 0 1 0 0 0 1 1 1 1 0 1 1 1 1 1 0 1 1 1 1 0 0 1 1 0 1 1 1 1 1 1 0 1 0 1 0 0 0 1 1 1 1 1 1 1 0 0 0 0 0 1 0 1 1 0 1 1 1 1 1 1 1 1 0 0 0 1 1 0 1 0 0 0 1 1 1 1 1 0 0 0 36638.0 30792.0 32477.0 1 0.14382187138412336
1 0 1 1 0 0 1 1 1 0 1 1 1 1 0 1 1 1 0 0 0 0 0 0 1 1 1 1 0 1 1 1 1 1 0 1 1 0 1 0 1 1 0 1 1 1 1 1 1 1 0 1 0 1 0 0 0 0 1 1 0 0 1 1 1 0 1 0 0 1 0 0 1 0 1 1 1 1 1 1 1 0 1 1 0 0 1 0 1 0 0 0 1 1 1 1 1 0 1 0 34527.0 31918.0 32690.0 1 0.14350657791757132
1 0 1 1 0 0 1 1 1 0 1 1 1 1 0 1 1 1 0 0 0 0 0 1 1 1 1 1 0 1 1 1 1 1 0 1 0 1 1 0 0 1 1 1 1 1 1 0 1 1 0 1 0 1 0 0 0 1 1 1 0 1 1 1 1 0 1 1 0 1 0 1 1 0 1 1 1 0 1 1 1 1 0 0 0 1 1 0 1 0 0 0 1 1 1 1 0 0 1 0 36152.0 29167.0 34277.0 1 0.14022625346931586
1 0 1 1 0 0 1 1 1 0 1 1 1 1 0 1 1 1 0 1 0 0 1 0 1 1 0 1 0 1 1 1 1 1 0 1 1 1 1 0 0 1 1 0 1 1 1 1 1 1 0 1 0 1 0 0 0 1 1 1 1 1 1 1 0 0 1 0 0 1 0 0 1 0 1 1 1 1 1 1 1 1 1 0 0 0 1 0 1 0 1 0 1 1 1 1 0 0 1 0 36071.0 31011.0 33638.0 1 0.1348456981607554
1 0 1 1 0 0 1 1 1 0 1 1 1 1 0 1 1 1 0 0 0 0 0 1 1 1 1 1 0 1 1 1 1 1 0 1 0 1 1 0 0 1 0 1 1 1 1 1 1 1 0 1 0 1 0 0 0 1 1 1 1 1 1 1 0 0 0 1 0 1 0 0 1 0 1 1 1 1 1 1 1 0 1 0 1 0 1 0 1 0 0 0 1 1 1 1 1 1 0 0 35163.0 31189.0 34404.0 1 0.12347328640685645
1 0 1 1 0 0 1 1 1 1 1 1 1 1 0 1 1 0 0 0 0 0 0 1 1 1 1 1 0 1 1 1 1 1 0 0 0 1 1 1 0 1 1 0 1 1 1 0 1 1 0 1 0 1 0 0 0 1 1 1 0 1 1 1 1 0 1 1 0 1 0 0 1 0 1 1 1 1 1 1 1 1 1 0 0 1 1 0 1 0 0 0 1 1 1 1 1 0 0 0 34738.0 28232.0 35439.0 1 0.1222729372904308
1 0 1 1 0 0 1 1 1 1 1 1 1 1 0 1 1 0 0 0 0 0 0 1 1 1 1 1 0 1 1 1 1 1 0 1 0 1 1 0 0 1 1 0 1 1 1 1 1 1 0 1 0 1 0 0 0 1 1 1 1 1 1 1 1 0 1 0 0 1 1 0 1 0 0 1 1 1 1 1 1 1 1 0 0 1 1 0 1 0 0 0 1 1 1 1 0 0 1 0 35346.0 28909.0 35086.0 1 0.11541738639013881
1 0 1 1 0 0 1 1 1 0 1 1 1 1 0 1 1 1 0 0 1 0 1 0 1 1 1 1 0 1 1 1 1 1 0 1 1 0 1 0 0 1 0 0 1 1 1 1 1 1 0 1 1 1 0 0 0 1 1 1 0 0 1 1 1 0 1 1 0 1 0 0 1 0 1 1 1 0 1 1 1 1 1 0 0 1 1 0 1 0 0 0 1 1 1 1 0 0 1 0 36547.0 30262.0 33834.0 1 0.11424745129316263
1 0 1 1 0 0 1 1 1 0 1 1 1 1 0 1 1 1 0 0 1 0 1 0 1 1 1 1 0 1 1 1 1 1 0 1 1 1 0 0 0 1 0 0 1 1 1 1 1 1 0 0 0 1 0 0 0 1 1 1 0 1 1 1 1 0 1 1 0 1 0 0 1 0 1 1 1 1 1 1 1 0 1 1 0 0 0 0 1 0 0 0 1 1 1 1 1 0 1 0 34824.0 30675.0 34522.0 1 0.11375353827240937
1 0 1 1 0 0 1 1 1 0 1 1 1 1 0 1 1 1 0 0 0 0 0 1 1 1 1 1 0 1 1 1 1 1 0 1 0 1 1 0 0 1 1 0 1 1 1 1 1 1 0 1 0 1 0 0 0 1 1 1 0 1 1 1 1 0 0 1 0 1 0 0 1 0 1 1 1 1 1 1 1 0 1 0 0 1 1 0 1 0 0 0 1 1 1 1 1 0 0 1 35488.0 30273.0 35001.0 1 0.11226367766092861
1 0 1 1 0 1 1 1 1 0 1 1 1 1 0 1 1 1 0 1 0 0 0 0 1 1 1 1 0 1 1 1 1 1 0 1 1 1 1 0 0 1 0 1 1 1 1 0 1 1 0 1 1 1 0 0 0 1 1 0 0 1 1 1 1 0 1 0 0 1 0 0 1 0 1 1 1 1 1 0 1 0 1 1 0 0 1 0 1 0 0 0 1 1 1 1 1 0 0 0 32243.0 31986.0 33502.0 1 0.11133239748674868
1 0 1 1 0 0 1 1 1 0 1 1 1 1 0 1 1 1 0 0 0 0 0 1 1 1 1 1 0 1 1 1 1 1 0 1 0 1 1 0 0 1 1 0 1 1 1 1 1 1 0 1 0 1 0 0 0 1 1 1 0 1 1 1 1 0 1 0 0 1 0 0 1 0 1 1 1 1 1 1 1 0 1 0 1 1 1 0 1 0 0 0 1 1 1 1 1 0 0 0 34297.0 30729.0 34856.0 1 0.11075254179289243
1 0 1 1 0 0 1 1 1 1 1 1 1 1 0 1 1 0 0 0 0 0 0 1 1 1 1 1 0 1 1 1 1 1 0 1 0 1 1 0 0 1 1 0 1 1 1 0 1 1 0 1 1 1 0 0 0 1 1 1 0 1 1 1 1 0 1 1 0 1 0 0 1 0 1 1 1 1 1 1 1 0 1 0 0 0 1 0 1 0 0 0 1 1 1 1 0 0 1 0 34410.0 27963.0 35991.0 1 0.10755699282306827
0 0 1 1 0 0 1 1 1 0 1 1 1 1 0 1 0 1 0 0 1 0 0 0 1 1 1 1 0 1 1 1 0 1 0 1 1 1 1 0 0 1 1 0 1 1 1 1 1 1 0 1 0 1 0 0 0 1 1 1 1 1 1 1 0 1 0 0 0 1 0 1 1 0 1 1 1 1 1 1 1 1 0 0 0 1 1 0 1 0 0 0 1 1 1 1 1 0 0 1 37044.0 30549.0 31475.0 1 0.10437417555468687
1 0 1 1 0 0 1 1 1 0 1 1 1 1 0 1 1 1 0 1 0 0 1 0 1 0 0 1 0 1 1 1 1 1 0 1 1 1 1 0 0 1 1 1 1 1 1 1 0 1 0 1 0 1 1 0 0 0 1 1 0 0 1 1 1 0 1 0 0 1 0 0 1 0 1 1 1 1 1 1 1 0 1 1 0 0 1 0 1 0 0 1 1 1 1 1 0 0 1 0 32884.0 32388.0 32148.0 1 0.10080037536961958
1 0 1 1 0 0 1 1 1 1 1 1 1 1 0 1 1 0 0 0 0 0 0 1 1 1 1 1 0 1 1 1 1 1 0 1 0 1 1 0 0 1 0 0 1 0 1 1 1 1 0 1 1 1 0 0 0 1 1 1 0 1 1 1 1 0 1 1 0 1 0 0 1 0 1 1 1 1 1 1 1 1 1 0 0 1 1 0 1 0 0 0 1 1 1 1 0 0 1 0 35579.0 27883.0 35151.0 1 0.10053345269827584
0 0 1 1 1 0 1 1 1 0 1 1 1 1 0 1 1 1 0 0 1 0 0 0 1 1 1 1 0 1 1 1 1 1 0 1 1 1 1 0 0 1 0 1 1 1 1 0 1 1 0 1 0 1 0 0 0 1 1 0 0 1 1 1 1 0 1 0 0 1 0 0 1 0 1 1 1 1 1 0 1 0 1 1 0 0 0 0 1 0 0 0 1 1 1 1 1 0 0 1 32339.0 31792.0 33737.0 1 0.09888936394170542
1 0 1 1 0 0 1 1 1 0 1 1 1 1 0 1 1 1 0 1 0 0 0 1 1 1 1 1 0 1 1 1 1 1 0 1 0 1 1 0 0 1 1 0 1 1 1 0 1 1 0 1 1 1 0 0 0 1 1 1 0 1 1 1 1 0 1 1 0 1 0 0 1 0 1 1 1 1 1 1 1 0 1 0 0 1 1 0 1 0 0 0 1 1 1 1 1 0 0 0 35328.0 30389.0 35317.0 1 0.0951723506659557
0 0 1 0 1 0 1 1 1 0 1 1 1 1 0 1 1 1 0 0 0 0 0 0 1 1 1 1 0 1 1 1 1 1 0 1 0 1 1 0 0 1 1 1 1 1 1 1 1 1 0 1 0 1 0 0 0 1 1 1 1 1 1 1 0 0 0 0 0 1 0 1 1 0 1 1 1 1 1 1 1 1 1 1 0 0 1 0 1 0 0 0 1 1 1 1 1 0 1 0 35575.0 31666.0 34150.0 1 0.09254642928390903
