1 0 1 1 0 0 1 1 1 0 1 0 1 1 0 1 0 1 0 0 1 0 1 0 1 0 0 0 1 1 0 1 0 1 0 1 1 0 1 0 0 1 1 1 1 1 1 1 1 1 1 1 0 1 0 0 1 1 1 0 0 0 1 0 1 0 0 1 0 1 0 1 1 1 0 1 1 1 1 1 1 1 0 1 0 1 0 0 0 0 0 0 1 1 1 1 1 0 1 0 32896.0 33981.0 0 2000000000000000.0
1 0 0 1 0 0 1 1 1 0 1 0 1 1 0 1 0 1 0 0 1 0 1 0 1 0 0 0 1 1 0 1 0 1 0 1 1 0 1 0 0 1 1 1 1 1 1 1 1 1 1 1 0 1 0 0 1 1 1 0 0 0 1 1 0 0 0 1 0 1 0 1 1 1 1 1 1 1 1 1 1 1 0 1 0 1 1 0 0 0 0 0 1 1 1 1 1 0 0 0 33744.0 33634.0 0 0.32877946008553216
1 0 1 1 0 0 1 1 1 0 1 1 1 1 0 1 0 1 0 1 0 0 0 0 1 0 0 0 1 1 0 1 0 1 0 1 1 0 1 0 0 1 0 1 1 1 1 1 1 1 0 1 0 1 0 1 1 1 1 0 1 0 1 1 0 0 0 0 0 1 1 1 1 1 1 1 1 1 1 1 1 1 0 1 0 1 1 0 0 0 0 0 1 1 1 1 1 0 0 0 33813.0 33467.0 0 0.20846771955573448
1 0 1 1 0 0 1 1 1 0 1 1 1 1 0 1 0 1 0 1 0 0 0 0 1 0 0 0 1 1 0 1 0 1 0 1 1 0 1 0 0 1 1 1 1 1 1 1 1 1 0 1 0 1 0 0 1 1 1 0 1 0 1 1 0 0 0 1 0 1 0 1 1 1 1 1 1 1 1 1 1 1 0 1 0 1 1 0 0 0 0 0 1 1 1 1 1 0 0 0 34509.0 33447.0 0 0.30580514843358186
1 0 1 1 0 0 1 1 1 0 1 1 1 1 0 1 0 1 0 1 0 0 0 0 1 0 0 0 1 1 0 1 0 1 0 1 1 0 1 0 0 1 1 1 1 1 1 1 1 1 0 1 0 1 0 0 1 1 1 0 1 0 1 1 0 0 0 1 0 1 0 1 1 1 1 1 1 1 1 1 1 1 0 1 0 1 0 0 0 0 0 0 1 1 1 1 1 0 1 0 34929.0 33188.0 0 0.20982908258942717
1 0 1 1 0 0 1 1 1 0 1 1 1 1 0 1 0 1 0 1 1 0 0 0 1 0 0 0 1 1 0 1 1 1 0 1 1 0 1 0 0 1 1 1 1 1 1 1 1 1 0 1 0 1 0 0 0 1 1 1 1 0 1 1 0 0 0 1 0 1 0 0 1 1 1 1 1 1 1 1 1 1 0 1 0 1 1 0 0 0 0 0 1 1 1 1 1 0 0 0 35126.0 33143.0 0 0.15907854733375298
1 0 1 1 0 0 1 1 1 0 1 1 1 1 0 1 0 1 0 1 1 0 0 0 1 0 0 0 1 1 0 1 1 1 0 1 1 0 1 0 0 1 1 1 1 1 1 1 1 1 0 1 0 1 0 0 0 1 1 1 1 0 1 1 0 0 0 0 0 1 0 1 1 1 1 1 1 1 1 1 1 1 0 1 0 1 0 0 0 0 0 0 1 1 1 1 1 0 1 0 35367.0 32935.0 0 0.24690471131512243
0 0 1 1 0 0 1 1 1 0 1 1 1 1 0 1 0 1 0 0 1 0 0 0 1 0 1 1 1 1 0 1 1 1 0 1 1 0 1 0 0 1 1 1 1 1 1 1 1 1 0 1 0 1 0 0 0 1 1 1 1 0 1 1 0 0 0 0 0 1 0 1 1 1 1 1 1 1 1 1 1 1 0 1 0 1 0 0 0 0 0 0 1 1 1 1 1 0 1 0 35775.0 32727.0 0 0.1947045708227727
1 0 1 1 0 0 1 1 1 0 1 1 1 1 0 1 0 1 0 1 0 0 0 0 1 0 0 0 1 1 0 1 1 1 0 1 1 0 1 0 0 1 1 1 1 1 1 1 1 1 0 1 0 1 0 0 0 1 1 1 1 0 1 1 0 0 0 1 0 1 0 1 1 1 1 1 1 1 1 1 1 1 0 1 0 1 0 0 1 0 0 0 1 1 0 1 1 0 1 0 35974.0 32679.0 0 0.14701470572570435
0 0 1 1 0 0 1 1 1 0 1 0 1 1 0 1 0 1 0 1 0 0 0 0 1 0 1 0 1 1 0 1 1 1 0 1 1 0 1 0 0 1 1 1 1 1 1 1 1 1 0 1 0 1 0 0 0 1 1 1 1 0 1 1 0 0 0 1 0 1 0 1 1 1 1 1 1 1 1 1 1 1 0 1 0 1 0 0 0 0 0 0 1 1 1 1 1 0 1 0 36054.0 32398.0 0 0.20623996833595654
1 0 1 1 0 0 1 1 1 0 1 0 1 1 0 1 0 1 0 0 1 0 0 0 1 1 1 0 1 1 1 1 0 1 0 1 1 0 0 0 0 1 1 1 1 1 1 1 1 1 0 1 0 1 0 0 1 1 1 0 1 0 1 1 0 0 0 1 0 1 0 1 1 1 1 1 1 1 1 1 1 1 0 1 0 1 0 0 0 0 0 0 1 1 1 1 1 0 0 1 36341.0 32199.0 0 0.3104555237432558
1 0 1 1 0 0 1 1 1 0 1 0 1 1 0 1 0 1 0 0 1 0 0 0 1 1 1 0 1 1 0 1 1 1 0 1 1 0 1 0 0 1 1 1 1 1 1 1 0 1 0 1 0 1 0 0 0 0 1 1 1 0 1 1 0 0 0 1 0 1 0 1 1 1 1 1 1 1 1 1 1 1 0 1 0 1 1 0 0 0 0 0 1 1 1 1 1 0 1 0 36775.0 31803.0 0 0.26314054785288793
1 0 1 1 0 0 1 1 1 0 1 0 1 1 0 1 0 1 0 0 1 0 0 0 1 1 1 0 1 1 0 1 1 1 0 1 1 0 0 0 0 1 0 1 1 1 1 1 1 1 0 1 0 1 0 1 0 0 1 1 1 0 1 1 0 0 0 1 0 1 0 1 1 1 1 1 1 1 1 1 1 1 0 1 0 1 0 0 0 0 0 0 1 1 1 1 1 0 1 0 36827.0 31600.0 0 0.18564909316279465
0 0 1 1 0 0 1 1 1 0 1 0 1 1 0 1 0 1 0 0 1 0 0 0 1 1 1 0 1 1 0 1 1 1 0 1 1 0 1 0 0 1 1 1 1 1 1 1 1 1 0 1 0 1 0 1 0 0 1 1 1 0 1 1 0 0 0 1 0 1 0 1 1 1 1 1 1 1 1 1 1 1 0 0 0 1 0 0 0 0 0 0 1 1 1 1 1 0 1 0 37342.0 31550.0 0 0.4623994591100427
1 0 1 1 0 0 1 1 1 0 1 0 0 1 0 1 0 1 0 1 1 0 0 0 1 1 1 0 1 1 0 1 0 1 0 1 1 0 1 0 0 1 1 0 1 1 1 1 1 1 0 1 0 1 0 0 0 1 1 1 1 0 1 1 0 0 0 1 0 1 0 1 1 1 1 1 1 1 1 1 1 1 0 0 0 1 1 0 0 0 0 0 1 1 1 1 1 0 1 0 37658.0 30530.0 0 0.4225664016971096
1 0 1 1 0 0 1 1 1 0 1 0 1 1 0 1 0 1 0 1 1 0 0 0 1 1 1 0 1 1 0 1 0 1 0 1 1 0 1 0 0 1 0 0 1 1 1 1 1 1 0 1 0 1 0 1 0 0 1 1 1 0 1 1 0 0 0 1 0 1 0 1 1 1 1 1 1 1 1 1 1 1 0 0 0 1 0 0 0 0 0 1 1 1 1 1 0 0 1 0 37751.0 30307.0 0 2000000000000000.0
0 0 1 1 0 0 1 1 1 0 1 0 1 1 0 1 0 1 0 0 1 0 1 0 1 0 0 0 1 1 0 1 0 1 0 1 1 0 1 0 0 1 1 1 1 1 1 1 1 1 1 1 0 1 0 0 1 1 1 0 0 0 1 0 1 0 0 1 0 1 0 1 1 1 0 1 1 1 1 1 1 1 0 1 0 1 0 0 0 0 0 0 1 1 1 1 1 0 1 0 32580.0 33825.0 1 2000000000000000.0
0 0 1 1 0 0 1 1 1 0 1 0 1 1 0 1 0 1 0 0 1 0 1 0 1 0 0 0 1 1 0 1 0 1 0 1 1 0 1 0 0 1 1 1 1 1 1 1 1 1 1 1 0 1 0 0 1 1 1 0 0 0 1 0 0 0 0 1 0 1 0 1 1 1 1 1 1 1 1 1 1 1 0 1 0 1 1 0 0 0 0 0 1 1 1 1 1 0 0 0 32809.0 33691.0 1 0.27965644758900643
1 0 1 1 0 0 1 1 1 0 1 1 1 1 0 1 0 1 0 1 0 0 0 0 1 0 0 0 1 1 0 1 0 1 0 1 1 0 1 0 0 1 1 1 1 1 1 1 1 1 0 1 0 1 0 0 1 1 1 0 1 0 1 0 1 0 0 1 0 1 0 1 1 1 0 1 1 1 1 1 1 1 0 1 0 1 0 0 0 0 0 0 1 1 1 1 1 0 1 0 33420.0 33436.0 1 0.4086550380809796
0 0 1 1 0 0 1 1 1 0 1 1 1 1 0 1 0 1 0 1 1 0 0 0 1 0 0 0 1 1 0 1 1 1 0 1 1 1 1 0 0 1 1 1 1 1 1 1 1 1 0 1 0 1 0 0 1 1 1 0 1 0 1 1 0 0 0 1 0 1 0 1 1 1 1 1 1 1 1 1 1 1 0 1 0 1 0 0 0 0 0 0 1 1 1 1 1 0 0 0 34459.0 33407.0 1 0.33493776840031353
0 0 1 1 0 0 1 1 1 0 1 1 1 1 0 1 0 1 0 1 0 0 0 0 1 0 0 0 1 1 0 1 1 1 0 1 1 0 1 0 0 1 1 1 1 1 1 1 1 1 0 1 0 1 0 0 1 1 1 0 1 0 1 1 0 0 0 1 0 1 0 1 1 1 1 1 1 1 1 1 1 1 0 1 0 1 0 0 0 0 0 0 1 1 1 1 1 0 1 0 34671.0 33135.0 1 0.2488140541646303
1 0 1 1 0 0 1 1 1 0 1 1 1 1 0 1 0 1 0 1 0 0 0 0 1 0 0 0 1 1 0 1 0 1 0 1 1 0 1 0 0 1 1 1 1 1 1 1 1 1 0 1 0 1 0 0 1 1 1 0 1 0 1 1 0 0 0 1 0 1 0 1 1 1 1 1 1 1 1 1 1 1 0 0 1 1 0 0 0 0 0 0 1 1 1 1 1 0 1 0 34951.0 32889.0 1 0.17925775157174997
0 0 1 1 0 0 1 1 1 0 1 1 1 1 0 1 0 1 0 1 1 0 0 0 1 0 0 0 1 1 0 1 1 1 0 1 1 0 1 0 0 1 1 1 1 1 1 1 1 1 0 1 0 1 0 0 0 1 1 1 1 0 1 1 0 0 0 0 0 1 0 1 1 1 1 1 1 1 1 1 1 1 0 1 0 1 0 0 0 0 0 0 1 1 1 1 1 0 1 0 35051.0 32779.0 1 0.06880739670975916
0 0 1 1 1 0 1 1 1 0 1 1 1 1 0 1 0 1 0 0 1 0 0 0 1 1 0 0 1 1 0 1 1 1 0 1 1 0 0 0 0 1 0 1 1 1 1 1 1 1 0 1 0 1 0 0 1 1 1 0 1 0 1 1 0 0 0 1 0 1 0 1 1 1 1 1 1 1 1 1 1 1 0 1 0 1 0 0 0 0 0 0 1 1 1 1 1 0 1 0 35080.0 32741.0 1 0.08274569158068704
0 0 1 1 0 0 1 1 1 0 1 1 1 1 0 1 0 1 0 1 0 0 0 0 1 0 0 0 1 1 0 1 1 1 0 1 1 0 1 0 0 1 0 1 1 1 1 1 1 1 0 1 0 1 0 1 0 1 1 1 1 0 1 1 0 0 0 1 0 1 0 1 1 1 1 1 1 1 1 1 1 1 0 1 0 1 0 0 0 0 0 0 1 1 1 1 1 0 1 0 35319.0 32677.0 1 0.19100532769760858
0 0 1 1 0 0 1 1 1 0 1 0 1 1 0 1 0 1 0 0 1 0 0 0 1 1 1 0 1 1 1 1 0 1 0 1 1 0 1 0 0 1 1 1 1 1 1 1 1 1 0 1 0 1 0 0 1 1 1 0 1 0 1 1 0 0 0 1 0 1 0 1 1 1 1 1 1 1 1 1 1 1 0 1 0 1 0 0 0 0 0 0 1 1 1 1 1 0 0 0 35833.0 32596.0 1 0.2630254664986057
0 0 1 1 0 0 1 1 1 0 1 1 0 1 0 1 0 1 0 1 0 0 0 0 1 0 1 0 1 1 0 1 1 1 0 1 1 0 1 0 0 1 1 1 1 1 1 1 1 1 0 1 0 1 0 1 0 0 1 1 1 0 1 1 0 0 0 1 0 1 0 1 1 1 1 1 1 1 1 1 1 1 0 1 0 1 0 0 0 0 0 0 1 1 1 1 1 0 1 0 36042.0 32266.0 1 0.22283998240859415
0 0 1 1 0 0 1 1 1 0 1 0 1 1 0 1 0 1 0 1 0 0 0 0 1 0 1 0 1 1 0 1 1 1 0 1 1 0 1 0 0 1 1 1 1 1 1 1 1 1 0 1 0 1 0 0 0 1 1 1 1 0 1 1 1 0 0 1 0 1 0 1 1 1 1 1 1 1 1 1 1 1 0 0 0 1 0 0 0 0 0 0 1 1 1 1 1 0 1 0 36174.0 32065.0 1 0.1533993184199366
0 0 1 1 0 0 1 1 1 0 1 0 1 1 0 1 0 1 0 0 1 0 0 0 1 1 1 0 1 1 0 1 1 1 0 1 1 0 1 0 0 1 1 1 1 1 1 1 0 1 1 1 0 1 0 0 0 1 1 1 1 0 1 1 0 0 0 1 0 1 0 1 1 1 1 1 1 1 1 1 1 1 0 1 0 1 0 0 0 0 0 0 1 1 1 1 1 0 1 0 36178.0 31834.0 1 0.19450534590158636
1 0 1 1 0 0 1 1 1 0 1 0 1 1 0 1 0 1 0 1 0 0 0 0 1 0 1 0 1 1 1 1 1 1 0 1 1 0 1 0 0 1 1 1 1 0 1 1 1 1 0 1 0 1 0 0 0 0 1 1 1 0 1 1 0 0 0 1 0 1 0 1 1 1 1 1 1 1 1 1 1 1 0 1 0 1 0 0 0 0 0 0 1 1 1 1 1 0 1 0 36765.0 31799.0 1 0.3104612194584847
0 0 1 1 0 0 1 1 1 0 1 1 0 1 0 1 0 1 0 1 1 0 0 0 1 1 1 0 1 1 0 1 0 1 0 1 1 0 1 0 0 1 1 0 1 1 1 1 1 1 0 1 0 1 0 0 0 1 1 1 1 0 1 1 0 0 0 1 0 1 0 1 1 1 1 1 1 1 1 1 1 1 0 1 0 1 0 0 0 0 0 0 1 1 1 1 1 0 1 0 37039.0 31354.0 1 0.2512935515730191
1 0 1 1 0 0 1 1 1 0 1 0 1 1 0 1 0 1 0 0 1 0 0 0 1 1 1 0 1 1 0 1 1 1 0 1 1 0 1 0 0 1 1 1 1 1 1 1 0 1 0 1 0 1 0 0 0 0 1 1 1 0 1 1 0 0 0 1 0 1 0 1 1 1 1 1 1 1 1 1 1 1 0 0 0 1 0 0 1 0 0 1 1 1 1 1 1 0 1 0 37072.0 31148.0 1 0.08123464581126227
1 0 1 1 0 0 1 1 1 0 1 1 1 1 0 1 0 1 0 1 1 0 0 0 1 0 0 0 1 1 0 1 1 1 0 1 1 0 1 0 0 1 1 0 1 0 1 1 1 1 0 1 0 1 0 1 0 0 1 1 1 0 1 1 0 0 0 1 0 1 0 1 1 1 1 1 1 1 1 1 1 1 0 0 0 1 1 0 0 0 0 0 1 1 1 1 1 0 1 0 37078.0 31103.0 1 0.03535270352191981
1 0 1 1 0 0 1 1 1 0 1 1 1 1 0 1 0 1 0 1 1 0 0 0 1 0 0 0 1 1 1 1 1 1 0 1 1 0 1 0 0 1 1 0 1 0 1 1 1 1 0 1 0 1 0 1 0 1 1 1 1 0 1 1 0 0 0 1 0 1 0 1 1 1 1 1 1 1 1 1 1 1 0 0 0 1 0 0 0 0 0 0 1 1 1 1 1 0 1 0 37122.0 31061.0 1 0.03133655919384619
1 0 1 1 0 0 1 1 1 0 1 0 0 1 0 1 0 1 0 1 1 0 0 0 1 1 1 0 1 1 0 1 0 1 0 1 1 0 1 0 0 1 1 0 1 1 1 1 1 1 0 1 0 1 0 0 0 0 1 1 1 0 1 1 0 0 0 1 0 1 0 1 1 1 1 1 1 1 1 1 1 1 0 1 0 1 0 0 0 0 0 0 1 1 1 1 1 0 1 0 37173.0 31060.0 1 0.04579219378741469
1 0 1 1 0 0 1 1 1 0 1 0 1 1 0 1 0 1 0 1 0 0 0 0 1 1 1 0 1 1 0 1 0 1 0 1 1 0 1 0 0 1 1 0 1 1 1 1 1 1 0 1 0 1 0 0 0 1 1 1 1 0 1 1 0 0 0 1 0 1 0 1 1 1 1 1 1 1 1 1 1 1 0 1 0 1 1 0 0 0 0 0 1 1 1 1 0 0 1 0 37320.0 31038.0 1 0.20172972466915878
1 0 1 1 0 0 1 1 1 0 1 0 0 1 0 1 0 1 0 1 1 0 0 0 1 1 1 0 1 1 0 1 0 1 0 1 1 0 1 0 0 1 1 0 1 1 1 1 1 1 0 1 0 1 0 0 0 1 1 1 1 0 1 1 0 0 0 1 0 1 0 1 1 1 1 1 1 1 1 1 1 1 0 1 0 1 1 0 0 0 0 0 1 1 1 1 0 0 1 0 37404.0 30527.0 1 0.24850510664929965
1 0 1 1 0 0 1 1 1 0 1 0 1 1 0 1 1 1 0 1 0 0 0 0 0 1 1 0 1 1 0 1 0 1 0 1 1 0 1 0 0 1 1 0 1 0 1 1 1 1 0 1 0 1 0 1 0 0 1 1 1 0 1 1 0 0 0 1 0 1 0 1 1 1 1 1 1 1 1 1 1 1 0 0 0 1 1 0 0 0 0 0 1 1 1 1 1 0 1 0 37650.0 30412.0 1 2000000000000000.0
0 0 1 1 0 0 1 1 1 0 1 1 0 1 0 1 0 1 0 0 1 0 1 0 1 0 0 0 1 1 0 1 0 1 0 1 1 0 1 0 0 1 1 1 1 1 1 1 1 1 1 1 0 1 0 0 1 1 1 0 0 1 1 0 1 0 0 1 0 1 0 1 1 1 0 1 1 1 1 1 1 1 0 1 0 1 0 0 0 0 0 0 1 1 1 1 1 0 1 0 32557.0 33460.0 2 2000000000000000.0
1 0 1 1 0 0 1 1 1 0 1 1 1 1 0 1 0 1 0 1 0 0 0 0 1 0 0 0 1 1 0 1 0 1 0 1 1 0 1 0 0 1 1 1 1 1 1 1 1 1 0 1 0 1 0 0 1 1 1 0 1 0 1 1 0 0 0 0 0 1 1 1 1 1 1 1 1 1 1 1 1 1 0 1 0 1 0 0 0 0 0 0 1 1 1 1 1 0 1 0 34235.0 33240.0 2 0.4528051082867932
1 0 1 1 0 0 1 1 1 0 1 1 1 1 0 1 0 1 0 1 1 0 0 0 1 0 0 0 1 1 0 1 1 1 0 1 1 0 1 0 0 1 0 1 1 1 1 1 1 1 0 1 0 1 0 0 1 1 1 0 1 0 1 1 0 0 0 1 0 1 0 1 1 1 1 1 1 1 1 1 1 1 0 1 0 1 0 0 0 0 0 0 1 1 1 1 1 0 0 0 34297.0 33142.0 2 0.06623926620045714
1 0 1 1 0 0 1 1 1 0 1 1 1 1 0 1 0 1 0 1 0 0 0 0 1 0 0 0 1 1 0 1 0 1 0 1 1 0 1 0 0 1 1 1 1 1 1 1 1 1 0 1 0 1 0 0 0 1 1 0 1 0 1 1 0 0 0 1 0 1 0 1 1 1 0 1 1 1 1 1 1 1 0 1 0 1 0 0 0 0 0 0 1 1 1 1 1 1 1 0 34365.0 33109.0 2 0.0658803732189617
0 0 1 1 1 0 1 1 1 0 1 1 1 1 0 1 0 1 0 0 1 0 0 0 1 1 0 0 1 1 0 1 1 1 0 1 1 0 0 0 0 1 0 1 1 1 1 1 1 1 0 1 0 1 0 0 1 1 1 0 1 0 1 1 1 0 0 1 0 1 0 0 1 1 1 1 1 1 1 1 1 1 0 1 0 1 0 0 0 0 0 0 1 1 1 1 1 0 1 0 34468.0 33040.0 2 0.07411037845645731
0 0 1 1 0 0 1 1 1 0 1 1 1 1 0 1 0 1 0 1 0 0 0 0 1 0 0 0 1 1 0 1 0 1 0 1 1 0 1 0 0 1 1 1 1 1 1 1 1 1 0 1 0 1 0 0 1 1 1 0 1 0 1 1 0 0 0 1 0 1 0 1 1 1 1 1 1 1 1 1 1 1 0 1 0 1 0 0 0 0 0 0 1 1 1 1 1 0 1 0 34613.0 33032.0 2 0.08945059078877046
0 0 1 1 0 0 1 1 1 0 1 0 0 1 0 1 0 1 0 1 0 0 0 0 1 0 1 1 1 1 0 1 1 1 0 1 1 0 1 0 0 1 1 1 1 1 1 1 1 1 0 1 0 1 0 0 1 1 1 0 1 0 1 1 1 0 0 1 0 1 0 0 1 1 1 1 1 1 1 1 1 1 0 1 0 1 0 0 0 0 0 0 1 1 1 1 1 0 1 0 34667.0 32879.0 2 0.09577758968885891
1 0 1 1 0 0 1 1 1 0 1 0 1 1 0 1 0 1 0 1 0 0 0 0 1 0 0 0 1 1 0 1 0 1 0 1 1 0 1 0 0 1 1 1 1 1 1 1 1 1 0 1 0 1 0 0 1 1 1 0 1 0 1 1 0 0 0 1 0 1 0 1 1 1 1 1 1 1 1 1 1 1 0 1 0 1 0 0 0 0 0 0 1 1 1 1 1 0 1 0 34778.0 32827.0 2 0.060028800650652386
1 0 1 1 0 0 1 1 1 0 1 1 0 1 0 1 0 1 0 1 0 0 0 0 1 0 1 0 1 1 0 1 1 1 0 1 1 0 1 0 0 1 1 1 1 1 1 1 1 1 0 1 0 1 0 0 1 1 1 0 1 0 1 1 0 0 0 1 0 1 0 1 1 1 1 1 1 1 1 1 1 1 0 1 0 1 1 0 0 0 0 0 1 1 1 1 1 0 0 0 34864.0 32814.0 2 0.08268366455196521
0 0 1 1 0 0 1 1 1 0 1 1 1 1 0 1 0 1 0 0 1 0 0 0 1 0 1 1 1 1 0 1 1 1 0 1 1 0 1 0 0 1 1 1 1 1 1 1 1 1 0 1 0 1 0 0 0 1 1 1 0 0 1 1 0 0 0 0 0 1 0 1 1 1 1 1 1 1 1 1 1 1 0 1 0 1 0 0 0 0 0 0 1 1 1 1 1 0 1 0 34972.0 32685.0 2 0.1533532425079425
0 0 1 1 0 0 1 1 1 1 1 1 1 1 0 1 0 1 0 1 0 0 0 0 1 0 0 0 1 1 0 1 1 1 0 1 1 0 1 0 0 1 1 1 1 1 1 1 1 1 0 1 0 1 0 0 1 1 1 1 1 0 1 1 0 0 0 1 0 1 0 1 1 0 1 1 1 1 1 1 1 1 0 1 0 1 0 0 0 0 0 0 1 1 1 1 1 0 1 0 35273.0 32584.0 2 0.09466727033543906
0 0 1 1 0 0 1 1 1 0 1 0 0 1 0 1 0 1 0 1 0 0 0 0 1 0 1 1 1 1 0 1 1 1 0 1 1 0 1 0 0 1 1 1 1 1 1 1 1 1 0 1 0 1 0 0 1 1 1 0 1 0 1 1 0 0 0 1 0 1 0 1 1 1 1 1 1 1 1 1 1 1 0 1 0 1 0 0 0 0 0 0 1 1 1 1 1 0 1 0 35279.0 32580.0 2 0.03175598845743598
0 0 1 1 0 0 1 1 1 0 1 0 1 1 0 1 0 1 0 0 1 0 0 0 1 1 1 0 1 1 0 1 1 1 0 1 1 0 1 0 0 1 1 1 1 1 1 1 1 1 0 1 0 1 0 0 1 1 1 0 1 0 1 1 0 0 0 1 0 1 0 1 1 1 1 1 1 1 1 1 1 1 0 1 0 1 0 0 0 0 0 0 1 1 1 1 1 0 0 0 35394.0 32561.0 2 0.11627909570119904
1 0 1 1 0 0 1 1 1 0 1 0 0 1 0 1 0 1 0 1 1 0 0 0 1 1 1 0 1 1 0 1 0 1 0 1 1 0 1 0 0 1 1 1 1 1 1 1 1 1 0 1 0 1 0 0 1 1 1 0 1 0 1 1 0 0 0 1 0 1 0 1 1 1 1 1 1 1 1 1 1 1 0 1 0 1 0 0 0 0 0 0 1 1 1 1 1 0 0 0 35687.0 32472.0 2 0.16310858938144723
0 0 1 0 0 0 1 1 1 0 1 0 1 1 0 1 0 1 0 0 1 0 1 0 1 0 1 0 1 1 0 1 1 1 0 1 1 0 1 0 0 1 1 1 1 1 1 1 1 1 0 1 0 1 0 0 0 1 1 1 1 0 1 1 0 0 0 1 0 1 0 1 1 1 1 1 1 1 1 1 1 1 0 1 0 1 0 0 0 0 0 0 1 1 1 1 1 0 1 0 35827.0 32315.0 2 0.14571203735609034
0 0 1 1 0 0 1 1 1 0 1 0 0 1 0 1 0 1 0 1 0 0 0 0 1 0 1 1 1 1 0 1 1 1 0 1 1 0 1 0 0 1 1 1 1 1 1 1 1 1 0 1 0 1 0 0 0 1 1 1 1 0 1 1 0 0 0 1 0 1 0 1 1 1 1 1 1 1 1 1 1 1 0 1 0 1 0 0 0 0 0 0 1 1 1 1 1 0 1 0 35929.0 32154.0 2 0.173553657567396
0 0 1 1 0 0 1 1 1 0 1 0 0 1 0 1 0 1 0 0 1 0 0 0 1 1 1 0 1 1 0 1 0 1 0 1 1 0 1 0 0 1 1 1 1 1 1 1 1 1 0 1 0 1 0 0 1 1 1 0 1 0 1 1 0 0 0 1 0 1 0 1 1 1 1 1 1 1 1 1 1 1 0 1 0 1 1 0 0 0 0 0 1 1 1 1 1 0 1 0 36137.0 31951.0 2 0.19483149500578803
0 0 1 1 0 0 1 1 1 0 1 0 1 1 0 1 0 1 0 1 0 0 0 0 1 0 1 0 1 1 0 1 1 1 0 1 1 0 1 0 0 1 1 1 1 1 1 1 1 1 0 1 0 1 0 0 0 1 1 1 1 0 1 1 0 0 0 1 0 1 0 1 1 1 1 1 1 1 1 1 1 1 0 0 0 1 0 0 0 0 0 1 1 1 1 1 1 0 1 0 36331.0 31782.0 2 0.1280352105424921
0 0 1 1 0 0 1 1 1 0 1 0 1 1 0 1 0 1 0 1 0 0 0 0 1 0 1 0 1 1 0 1 1 1 0 1 1 0 1 0 0 1 1 1 1 1 1 1 1 1 0 1 0 1 0 0 0 1 1 1 1 0 1 1 0 0 0 1 0 1 0 1 1 1 1 1 1 1 1 1 1 1 0 0 0 1 1 0 0 0 0 0 1 1 1 1 1 0 1 0 36508.0 31779.0 2 0.07821599521525383
0 0 1 1 0 0 1 1 1 0 1 0 1 1 0 1 0 1 0 0 1 0 0 0 1 1 1 0 1 1 0 1 1 1 0 1 1 0 1 0 0 1 1 1 1 1 1 1 0 1 1 1 0 1 0 0 0 1 1 1 1 0 1 1 0 0 0 1 0 1 0 1 1 1 1 1 1 1 1 1 1 1 0 1 0 1 0 0 1 0 0 0 1 1 0 1 1 0 1 0 36515.0 31648.0 2 0.07642078687332438
1 0 0 1 0 0 1 1 1 0 1 0 1 1 0 1 0 1 0 1 0 0 0 0 1 0 1 0 1 1 0 1 1 1 0 1 1 0 1 0 0 1 1 1 1 1 1 1 1 1 0 1 0 1 0 0 0 1 1 1 1 0 1 1 0 0 0 1 0 1 0 1 1 1 1 1 1 1 1 1 1 1 0 0 0 1 1 0 0 0 0 0 1 1 1 1 1 0 1 0 36583.0 31577.0 2 0.21404871800304023
1 0 1 1 0 0 1 1 1 0 1 0 1 1 0 1 0 1 0 1 0 0 0 0 1 0 1 0 1 1 1 1 1 1 0 1 1 0 1 0 0 1 1 1 1 0 1 1 1 1 0 1 0 1 0 0 0 1 1 1 1 0 1 1 0 0 0 1 0 1 0 1 1 1 1 1 1 1 1 1 1 1 0 1 0 1 1 0 0 0 0 0 1 1 1 1 0 0 1 0 36996.0 31266.0 2 0.2869757346712102
1 0 1 1 0 0 1 1 1 0 1 1 1 1 0 1 0 1 0 1 1 0 0 0 1 0 0 0 1 1 1 1 1 1 0 1 1 0 1 0 0 1 1 0 1 0 1 1 1 1 0 1 0 1 0 1 0 0 1 1 1 0 1 1 0 0 0 1 0 1 0 1 1 1 1 1 1 1 1 1 1 1 0 0 0 1 0 0 0 0 0 0 1 1 1 1 1 0 1 0 37091.0 30972.0 2 0.21119355799178424
0 0 1 1 0 0 1 1 1 0 1 1 0 1 0 1 0 1 0 1 1 0 0 0 1 1 1 0 1 1 0 1 0 1 0 1 1 0 1 0 0 1 1 0 1 1 1 1 1 1 0 1 0 1 0 0 0 1 1 1 1 0 1 1 0 0 0 1 0 1 0 1 1 1 1 1 1 1 1 1 1 1 0 1 0 1 1 0 0 0 0 0 1 1 1 1 0 0 1 0 37239.0 30732.0 2 0.26712659239012276
0 0 1 1 0 0 1 1 1 0 1 0 1 1 0 1 0 1 0 1 0 0 0 0 0 1 1 0 1 1 0 1 1 1 0 1 1 0 1 0 0 1 1 0 1 0 1 1 1 1 0 1 0 1 0 1 0 0 1 1 1 0 1 1 0 0 0 1 0 1 0 1 1 1 1 1 1 1 1 1 1 1 0 0 0 1 1 0 0 0 0 0 1 1 1 1 1 0 1 0 37284.0 30219.0 2 0.21576214855529618
0 0 1 1 0 0 1 1 1 0 1 0 1 1 0 1 0 1 0 1 1 0 0 0 1 1 1 0 1 1 0 1 0 1 0 1 1 0 1 0 0 1 0 0 1 1 1 1 1 1 0 1 0 1 0 1 0 0 1 1 1 0 1 1 0 0 0 1 0 1 0 1 1 1 1 1 1 1 1 1 1 1 0 0 0 1 0 0 0 0 0 1 1 1 1 1 0 0 1 0 37435.0 30151.0 2 2000000000000000.0
0 0 1 0 0 0 1 1 1 0 1 0 1 1 0 1 0 1 0 0 1 0 1 0 1 0 0 0 1 1 0 1 0 1 0 1 1 0 1 0 0 1 1 1 1 1 1 1 1 1 1 1 0 1 0 0 1 1 1 0 0 0 1 0 1 0 0 1 0 1 0 1 1 1 0 1 1 1 1 1 1 1 0 1 0 1 0 0 0 0 0 1 1 1 1 1 1 0 1 0 32402.0 33433.0 3 2000000000000000.0
0 0 1 0 0 0 1 1 1 0 1 0 1 1 0 1 0 1 0 0 1 0 1 0 1 0 1 0 1 1 0 1 0 1 0 1 1 0 1 0 0 1 1 1 1 1 1 1 1 1 1 1 0 1 0 0 1 1 1 0 0 1 1 0 1 0 0 1 0 1 0 1 1 1 0 1 1 1 1 1 1 1 0 1 0 1 0 0 0 0 0 0 1 1 1 1 1 0 0 0 32488.0 33261.0 3 0.41873951189259273
0 0 1 1 0 0 1 1 1 1 1 1 1 1 0 1 0 1 0 1 0 0 0 0 1 0 0 0 1 1 0 1 1 1 0 1 1 0 1 0 0 1 1 1 1 1 1 1 1 1 0 1 0 1 0 0 1 1 1 0 1 0 1 1 0 0 0 1 0 1 0 1 1 1 1 1 1 1 1 1 1 1 0 1 0 1 0 0 0 0 0 0 1 1 1 1 1 0 0 0 34197.0 33239.0 3 0.4198959397344138
1 0 1 1 0 0 1 1 1 0 1 1 1 1 0 1 0 1 0 1 0 0 0 0 1 0 0 0 1 1 0 1 0 1 0 1 1 0 1 0 0 1 1 1 1 1 1 1 1 1 0 1 0 1 0 0 1 1 1 0 1 0 1 1 0 0 0 0 0 1 0 1 1 1 1 1 1 1 1 1 1 1 1 1 0 1 0 0 0 0 0 0 1 1 1 1 1 0 1 0 34315.0 33086.0 3 0.16849372537574359
1 0 1 1 0 0 1 1 1 0 1 1 1 1 0 1 0 1 0 1 1 0 0 0 1 0 0 0 1 1 0 1 1 1 0 1 1 0 1 0 0 1 0 1 1 1 1 1 1 1 0 1 0 1 0 0 1 1 1 0 1 0 1 1 0 0 0 1 0 1 0 1 1 1 1 1 1 1 1 1 1 0 0 1 0 1 0 0 0 0 0 0 1 1 1 1 1 0 1 0 34529.0 32879.0 3 0.1231413249671646
0 0 1 1 0 0 1 1 1 0 1 0 1 1 0 1 0 1 0 1 0 0 0 0 1 1 1 0 1 1 0 1 0 1 0 1 1 0 1 0 0 1 0 1 1 1 1 1 1 1 0 1 0 1 0 1 1 1 1 0 1 0 1 1 0 0 0 0 0 1 1 1 1 1 1 1 1 1 1 1 1 1 0 1 0 1 0 0 0 0 0 0 1 1 1 1 1 0 0 0 34591.0 32847.0 3 0.07248285422442553
1 0 1 1 0 0 1 1 1 0 1 0 1 1 0 1 0 1 0 0 1 0 1 0 1 0 0 0 1 1 0 1 0 1 0 1 1 0 1 0 0 1 1 1 1 1 1 1 1 1 0 1 0 1 0 0 0 1 1 1 1 0 1 1 0 0 0 0 0 1 0 1 1 1 1 1 1 1 1 1 1 1 0 1 0 1 0 0 0 0 0 0 1 1 1 1 1 0 1 0 34745.0 32777.0 3 0.20351169195972085
1 0 1 1 0 0 1 1 1 0 1 0 1 1 0 1 0 1 0 1 1 0 0 0 1 0 0 0 1 1 0 1 1 1 0 1 1 0 1 0 0 1 1 1 1 1 1 1 1 1 0 1 0 1 0 0 0 1 1 1 1 0 1 1 0 0 0 0 0 1 0 1 1 1 1 1 1 1 1 1 1 1 0 1 0 1 0 0 0 0 0 0 1 1 1 1 1 0 1 0 35216.0 32574.0 3 0.1717345505617937
1 0 1 1 0 0 1 1 1 0 1 1 0 1 0 1 0 1 0 1 0 0 0 0 1 0 1 0 1 1 0 1 1 1 0 1 1 0 1 0 0 1 1 1 1 1 1 1 1 1 0 1 0 1 0 0 1 1 1 0 1 0 1 1 0 0 0 1 0 1 0 1 1 1 1 1 1 1 1 1 1 1 0 1 0 1 0 0 0 0 0 0 1 1 1 1 1 0 1 0 35284.0 32555.0 3 0.05693491901356927
0 0 1 1 0 0 1 1 1 0 1 0 1 1 0 1 0 1 0 0 1 0 0 0 1 1 1 0 1 1 0 1 0 1 0 1 1 0 1 0 0 1 1 1 1 1 1 1 1 1 0 1 0 1 0 0 1 1 1 0 1 0 1 1 0 0 0 1 0 1 0 1 1 1 1 1 1 1 1 1 1 1 0 1 0 1 0 0 0 0 0 0 1 1 1 1 1 0 0 0 35336.0 32458.0 3 0.06238371880927909
0 0 1 1 0 0 1 1 1 0 1 0 1 1 0 1 0 1 0 0 1 0 0 0 1 0 1 0 1 1 0 1 1 1 0 1 1 0 1 0 0 1 1 1 1 1 1 1 1 1 0 1 0 1 0 0 1 1 1 0 1 0 1 1 0 0 0 1 0 1 0 1 1 1 1 1 1 1 1 1 1 1 0 1 0 1 0 0 0 0 0 0 1 1 1 1 1 0 1 0 35453.0 32455.0 3 0.07109158397781817
0 0 1 0 1 0 1 1 1 0 1 0 1 1 0 1 0 1 0 0 1 0 1 0 1 0 1 0 1 1 1 1 0 1 0 1 1 0 1 0 0 1 0 1 1 1 1 1 1 1 0 1 0 1 0 0 1 1 1 0 1 0 1 1 0 0 0 1 0 1 0 1 1 1 1 1 1 1 1 1 1 1 0 0 0 1 0 0 0 0 0 0 1 1 1 1 1 0 1 0 35505.0 32327.0 3 0.06999443674303037
0 0 1 1 0 0 1 1 1 0 1 0 1 1 0 1 0 1 0 0 1 0 0 0 1 1 1 0 1 1 0 1 1 1 0 1 1 0 1 0 0 1 1 1 1 1 1 1 0 1 1 1 0 1 0 0 1 1 1 0 1 0 1 1 0 0 0 1 0 1 0 1 1 1 1 1 1 1 1 1 1 1 0 1 0 1 0 0 0 0 0 0 1 1 1 1 1 0 1 0 35528.0 32260.0 3 0.04436788632715477
0 0 1 1 0 0 1 1 1 0 1 0 1 1 0 1 0 1 0 0 1 0 0 0 1 1 1 0 1 1 0 1 0 1 0 1 1 0 1 0 0 1 1 1 1 1 1 1 1 1 1 1 0 1 0 0 1 0 1 0 0 0 1 1 0 0 0 1 0 1 0 1 1 1 1 1 1 1 1 1 1 1 0 0 0 0 0 0 0 0 0 0 1 1 1 1 1 1 1 0 35534.0 32190.0 3 0.027482033416021418
0 0 1 1 0 0 1 1 1 0 1 0 1 1 0 1 0 1 0 1 0 0 0 0 1 0 1 1 1 1 0 1 1 1 0 1 1 0 1 0 0 1 1 1 1 1 1 1 0 1 0 1 0 1 0 0 0 0 1 1 1 0 1 1 0 0 0 1 0 1 0 1 1 1 1 1 1 1 1 1 1 1 0 1 0 1 0 0 0 0 0 0 1 1 1 1 1 0 1 0 35543.0 32173.0 3 0.032383171603676354
1 0 1 1 0 0 1 1 1 0 1 1 1 1 0 1 0 1 0 1 0 0 0 0 1 0 0 0 1 1 0 1 0 1 0 0 1 0 1 0 0 1 1 1 1 1 1 1 1 1 0 1 0 1 0 1 0 0 1 1 1 0 1 1 0 0 0 1 0 1 0 1 1 1 1 1 1 1 1 1 1 1 0 1 0 1 0 0 0 0 0 0 1 1 1 1 1 0 1 0 35569.0 32100.0 3 0.08212826499343157
0 0 1 1 0 0 1 1 1 0 1 0 1 1 0 1 0 1 0 0 1 0 0 0 1 1 1 0 1 1 0 1 0 1 0 1 1 0 1 0 0 1 0 1 1 1 1 1 1 1 0 1 0 1 0 0 1 1 1 0 1 0 1 1 0 0 0 1 0 1 0 1 1 1 1 1 1 1 1 1 1 1 0 1 0 1 0 0 0 0 0 0 1 1 1 1 1 0 1 0 35783.0 32054.0 3 0.09485033926747188
0 0 1 1 0 0 1 1 1 0 1 0 1 1 0 1 0 1 0 1 0 0 0 0 1 0 1 1 1 1 0 1 1 1 0 1 1 0 1 0 0 1 1 1 1 1 1 1 0 1 0 1 0 1 0 0 0 0 1 1 1 0 1 1 0 0 0 1 0 1 0 1 1 1 1 1 1 1 1 1 1 1 0 1 0 1 0 0 1 0 0 0 1 1 0 1 1 0 1 0 35880.0 31987.0 3 0.07747701736465595
0 0 1 1 0 0 1 1 1 0 1 0 1 1 0 1 0 1 0 0 1 0 0 0 1 1 1 0 1 1 0 1 1 1 0 1 1 0 1 0 0 1 1 1 1 1 1 1 1 1 0 1 0 1 0 0 0 1 1 1 1 0 1 1 0 0 0 0 0 1 0 1 1 1 1 1 1 1 1 1 1 1 0 1 0 1 0 0 0 0 0 0 1 1 1 1 1 0 1 0 36007.0 31940.0 3 0.09392601780241999
0 0 1 1 0 0 1 1 1 0 1 0 1 1 0 1 0 1 0 0 1 0 1 0 1 0 1 0 1 1 0 1 1 1 0 1 1 0 1 0 0 1 1 1 1 1 1 1 0 1 0 1 0 1 0 0 0 0 1 1 1 0 1 1 0 0 0 1 0 1 0 1 1 1 1 1 1 1 1 1 1 1 0 0 0 1 0 0 1 0 0 1 1 1 1 1 1 0 1 0 36120.0 31826.0 3 0.15080530424631197
0 0 1 1 0 0 1 1 1 0 1 0 1 1 0 1 0 1 0 1 0 0 0 0 1 0 1 0 1 1 0 1 1 1 0 1 1 0 1 0 0 1 1 0 1 1 1 1 1 1 0 1 0 1 0 0 0 1 1 1 1 0 1 1 0 0 0 1 0 1 0 1 1 1 1 1 1 1 1 1 1 1 0 1 0 1 1 0 0 0 0 0 1 1 1 1 1 0 1 0 36501.0 31760.0 3 0.1593535677805302
0 0 1 1 0 0 1 1 1 0 1 0 1 1 0 1 0 1 0 0 1 0 0 0 1 1 1 0 1 1 0 1 1 1 0 1 1 0 0 0 0 1 1 1 1 1 1 1 1 1 0 1 0 1 0 0 0 1 1 1 1 0 1 1 0 0 0 1 0 1 0 1 1 1 1 1 1 1 1 1 1 1 0 1 0 1 0 0 0 0 0 0 1 1 1 1 1 0 1 0 36544.0 31565.0 3 0.1244108419670183
0 0 1 1 0 0 1 1 1 0 1 0 1 1 0 1 0 1 0 0 1 0 0 0 1 1 1 0 1 1 0 1 1 1 0 1 1 0 1 0 0 1 1 1 1 1 1 1 0 1 1 1 0 1 0 0 0 0 1 1 1 0 1 1 0 0 0 1 0 1 0 1 1 1 1 1 1 1 1 1 1 1 0 0 0 1 0 0 0 0 0 0 1 1 1 1 1 1 1 0 36577.0 31372.0 3 0.1492038158470705
0 0 1 1 0 0 1 1 1 0 1 0 1 1 0 1 0 1 0 0 1 0 0 0 1 1 1 0 1 1 0 1 1 1 0 1 1 0 1 0 0 1 1 1 1 0 1 1 1 1 0 1 0 1 0 0 0 0 1 1 1 0 1 1 0 0 0 1 0 1 0 1 1 1 1 1 1 1 1 1 1 1 0 1 0 1 0 0 0 0 0 0 1 1 1 1 1 0 1 0 36846.0 31252.0 3 0.23822778345249654
0 0 1 1 0 0 1 1 1 0 1 0 1 1 0 1 0 1 0 1 0 0 0 0 1 1 1 0 1 1 0 1 0 1 0 1 1 0 1 0 0 1 1 0 1 1 1 1 1 1 0 1 0 1 0 0 0 1 1 1 1 0 1 1 0 0 0 1 0 1 0 1 1 1 1 1 1 1 1 1 1 1 0 0 0 1 0 0 0 0 0 1 1 1 1 1 1 0 1 0 37081.0 30888.0 3 0.29657905296949433
0 0 1 1 0 0 1 1 1 0 1 0 0 1 0 1 0 1 0 1 1 0 0 0 1 1 1 0 1 1 0 1 0 1 0 1 1 0 1 0 0 1 1 0 1 1 1 1 1 1 0 1 0 1 0 0 0 1 1 1 1 0 1 1 0 0 0 1 0 1 0 1 1 1 1 1 1 1 1 1 1 1 0 1 0 1 1 0 0 0 0 0 1 1 1 1 0 0 1 0 37088.0 30371.0 3 0.18787711586166114
0 0 1 1 0 0 1 1 1 0 1 0 0 1 0 1 0 1 0 1 1 0 0 0 1 1 1 0 1 1 0 1 0 1 0 1 1 0 1 0 0 1 0 0 1 1 1 1 1 1 0 1 0 1 0 1 0 0 1 1 1 0 1 1 0 0 0 1 0 1 0 1 1 1 1 1 1 1 1 1 1 1 0 0 0 1 0 0 0 0 0 1 1 1 1 1 1 0 1 0 37132.0 30256.0 3 0.0675611958266435
0 0 1 1 0 0 1 1 1 0 1 0 0 1 0 1 0 1 0 1 1 0 0 0 1 0 1 1 1 1 1 1 1 1 0 1 1 0 1 0 0 1 0 0 1 0 1 1 1 1 0 1 0 1 0 1 0 1 1 1 1 0 1 1 0 0 0 1 0 1 0 1 1 1 1 1 1 1 1 1 1 1 0 1 0 1 1 0 0 0 0 0 1 1 1 1 0 0 1 0 37187.0 30202.0 3 0.11589449875966425
0 0 1 0 0 0 1 1 1 0 1 0 1 1 0 1 0 1 0 0 1 0 0 0 1 1 1 0 1 1 0 1 1 1 0 1 1 0 1 0 0 1 0 0 1 1 1 1 1 1 0 1 0 1 0 1 0 0 1 1 1 0 1 1 0 0 0 1 0 1 0 1 1 1 1 1 1 1 1 1 1 1 0 0 0 1 1 0 0 0 1 0 1 1 0 1 1 1 1 0 37292.0 29959.0 3 0.12143358747993255
1 0 1 1 0 0 1 1 1 0 1 0 0 1 0 1 0 1 0 1 1 0 0 0 1 0 1 1 1 1 1 1 1 1 0 1 1 0 1 0 0 1 0 0 1 0 1 1 1 1 0 1 0 1 0 1 0 0 1 1 1 0 1 1 0 0 0 1 0 1 0 1 1 0 1 1 1 1 1 1 1 1 0 0 0 1 1 0 0 0 0 1 1 1 1 1 1 0 1 0 37330.0 29873.0 3 2000000000000000.0
1 0 1 1 0 0 1 1 1 0 1 1 1 1 0 1 0 1 0 1 0 0 0 0 1 0 0 0 1 1 0 1 0 1 0 1 1 0 1 0 0 1 1 1 1 1 1 1 1 1 0 1 0 1 0 0 1 1 1 0 1 0 1 1 0 0 0 1 0 1 0 1 1 1 1 1 1 1 1 1 1 1 0 1 0 1 0 0 0 0 0 0 1 1 1 1 1 0 0 0 34025.0 33178.0 4 2000000000000000.0
0 0 1 1 0 0 1 1 1 0 1 0 0 1 0 1 0 1 0 1 1 0 0 0 1 1 1 0 1 1 0 1 0 1 0 1 1 1 1 0 0 1 0 0 1 0 1 1 1 1 0 1 0 1 0 1 0 0 1 1 1 0 1 1 0 0 0 1 0 1 0 1 1 1 1 1 1 1 1 1 1 1 0 0 0 1 1 0 0 0 0 0 1 1 1 1 1 0 1 0 37259.0 29456.0 4 2000000000000000.0
0 0 1 1 0 0 1 1 1 0 1 0 1 1 0 1 0 1 0 1 1 0 0 0 1 0 0 0 1 1 0 1 1 1 0 1 1 0 1 0 0 1 1 1 1 1 1 1 1 1 0 1 0 1 0 0 0 1 1 1 1 0 1 1 0 0 0 1 0 1 0 0 1 1 1 1 1 1 1 1 1 1 0 1 0 1 1 0 0 0 0 0 1 1 1 1 1 0 0 0 34659.0 32626.0 4 0.37326455177839607
0 0 1 1 1 0 1 1 1 0 1 1 1 1 0 1 0 1 0 0 1 0 1 0 1 1 0 0 1 1 0 1 1 1 0 1 1 0 0 0 0 1 0 0 1 1 1 1 1 1 0 1 0 1 0 1 0 0 1 1 1 0 1 1 0 0 0 0 0 1 0 1 1 1 1 1 1 1 1 1 1 1 0 1 0 1 0 0 0 0 0 0 1 1 1 1 1 0 1 0 35385.0 32446.0 4 0.3522853135196622
0 0 1 1 0 0 1 1 1 0 1 1 1 1 0 1 0 1 0 1 1 0 0 0 1 0 0 0 1 1 0 1 1 1 0 1 1 0 1 0 0 1 1 1 1 1 1 1 1 1 0 1 0 1 0 0 0 1 1 1 1 0 1 1 0 0 0 0 0 1 0 1 1 1 1 1 1 1 1 0 1 1 0 1 0 1 0 0 0 0 0 0 1 1 1 1 1 0 1 0 34336.0 32628.0 4 0.34434941481843045
0 0 1 1 0 0 1 1 1 0 1 0 1 1 0 0 0 1 0 0 1 0 0 0 1 1 1 0 1 1 0 1 1 1 0 1 1 0 1 0 0 1 1 1 1 1 1 1 1 1 0 1 0 1 0 0 1 1 1 0 1 0 1 1 0 0 0 1 0 1 0 1 1 1 1 1 1 1 1 1 1 1 0 1 0 1 0 0 0 0 0 0 1 1 1 1 1 0 1 0 35886.0 31733.0 4 0.300037683971044
