1 0 1 1 1 0 1 1 1 1 1 0 0 1 0 1 1 1 1 0 0 0 1 0 1 1 0 1 0 1 1 1 1 1 0 1 0 0 0 0 0 1 1 0 1 1 1 0 1 1 1 1 0 1 0 0 0 1 1 1 1 1 1 1 1 1 1 0 0 1 0 0 1 0 1 1 1 0 1 1 1 0 1 1 0 0 1 1 1 0 0 1 1 1 1 1 0 0 0 1 33864.0 29383.0 37617.0 0 1000000000000000.1
1 0 1 1 1 0 1 1 1 1 1 0 0 1 0 1 1 1 1 0 0 0 1 0 1 1 0 1 0 1 1 1 1 1 0 1 0 0 0 0 0 1 1 0 1 1 1 0 1 1 1 1 0 1 0 0 0 1 1 1 1 1 1 1 0 1 1 0 0 1 0 0 1 0 1 1 1 0 1 1 1 0 1 1 0 0 1 1 1 0 0 1 1 1 1 1 0 0 1 1 34618.0 28838.0 37531.0 0 0.0748325274272824
0 0 1 1 1 0 1 1 1 1 1 0 0 1 0 1 1 1 1 0 0 0 1 0 1 1 0 1 0 1 1 1 1 1 0 1 0 0 0 0 0 1 1 0 1 1 1 0 1 1 1 1 0 1 0 0 0 1 1 1 1 1 1 1 0 1 1 1 0 1 0 0 1 0 1 1 1 0 1 1 1 0 1 1 0 0 0 1 1 0 0 1 1 1 1 1 0 0 1 1 34759.0 28618.0 37482.0 0 0.17051825400778436
0 0 1 1 1 0 1 1 1 1 1 1 0 1 0 1 1 1 1 0 0 0 1 0 1 1 0 1 0 1 1 1 1 1 0 1 0 0 0 0 0 1 1 0 1 1 1 0 1 1 1 1 0 1 0 0 0 1 1 1 1 1 1 1 0 1 1 0 0 1 0 0 1 0 1 1 1 0 1 1 1 0 1 1 0 0 1 1 1 0 0 1 1 1 1 1 0 0 1 1 34453.0 29043.0 37452.0 0 0.10056808260947567
0 0 1 1 1 0 1 1 1 1 1 1 0 1 0 1 1 1 1 0 0 0 1 0 1 1 0 1 0 1 1 1 1 1 0 1 0 1 0 0 0 1 1 1 1 1 1 0 1 1 1 1 0 1 0 0 0 1 1 1 1 1 1 1 0 0 0 1 0 1 0 0 1 0 1 1 1 0 1 1 1 0 1 1 0 0 0 1 1 0 0 1 1 1 1 1 0 0 1 1 34382.0 29665.0 37232.0 0 0.0788287492684356
1 0 1 1 1 0 1 1 1 1 1 1 0 1 0 1 1 1 1 0 0 0 0 1 1 1 0 1 0 1 1 1 1 1 0 1 0 0 0 0 0 1 1 0 1 1 1 0 1 1 1 1 0 1 0 0 0 1 1 1 1 1 1 1 0 0 0 1 0 1 1 0 1 0 1 1 1 0 1 1 1 1 0 0 0 1 1 1 1 0 0 1 1 1 1 1 0 0 1 1 36486.0 27994.0 37154.0 0 2000000000000000.0
0 0 1 1 1 0 1 1 1 1 1 0 0 1 0 1 1 1 1 0 0 0 1 0 1 1 0 1 0 1 1 1 1 1 0 1 0 0 0 0 0 1 1 0 1 1 1 0 1 1 1 1 0 1 0 0 0 1 1 1 1 1 1 1 0 1 1 1 0 1 0 0 1 0 1 1 1 1 1 1 1 0 0 1 0 1 1 1 1 0 0 1 1 1 1 1 0 0 1 0 35041.0 29804.0 37085.0 0 0.05249732078887348
0 0 1 1 1 0 1 1 1 1 1 1 0 1 0 1 1 1 1 0 0 0 1 0 1 1 0 1 0 1 1 1 1 1 0 1 0 0 0 0 0 1 1 0 1 1 1 0 1 1 1 1 0 1 0 0 0 1 1 1 1 1 1 1 0 1 1 1 0 1 0 0 1 0 1 1 1 0 1 1 1 0 1 1 0 0 0 1 1 0 0 0 0 1 1 1 1 1 0 1 33629.0 29852.0 36936.0 0 0.08391563615975667
1 0 1 1 1 0 1 1 1 1 1 1 0 1 0 1 1 1 1 0 0 0 1 0 1 1 0 1 1 1 1 1 1 1 0 1 0 0 0 0 0 1 1 0 1 1 1 0 1 1 0 1 0 1 0 0 0 1 1 1 1 1 1 1 0 1 1 0 0 1 0 0 1 0 1 1 1 0 1 1 1 0 1 1 0 0 1 1 1 0 0 1 1 1 1 1 1 0 0 0 34032.0 30261.0 36821.0 0 0.09991371559128406
1 0 1 1 1 0 1 1 1 1 1 1 0 1 0 1 1 1 1 0 0 0 1 0 1 1 0 1 0 1 1 1 1 1 0 1 0 0 0 0 0 1 1 0 1 1 1 0 1 1 1 1 0 1 0 0 0 1 1 1 1 1 1 1 0 0 0 1 0 1 1 0 1 0 1 1 1 0 1 1 1 1 0 0 0 1 1 1 1 0 0 1 1 1 1 1 0 0 1 1 36160.0 28856.0 36747.0 0 0.08361642974636445
1 0 1 1 1 0 1 1 1 1 1 0 0 1 0 1 1 1 1 0 0 0 1 0 1 1 0 1 0 1 1 1 1 1 0 1 0 1 0 0 0 1 1 1 1 1 1 0 1 1 1 1 0 1 0 0 0 1 1 1 1 1 1 1 0 1 0 0 0 1 1 0 1 0 1 1 1 0 1 1 1 0 1 1 0 0 1 1 1 0 0 1 0 1 1 1 1 0 0 0 32599.0 30513.0 36719.0 0 1000000000000000.0
0 0 1 1 1 0 1 1 1 1 1 1 0 1 0 1 1 1 1 0 0 0 1 0 1 1 0 1 0 1 1 1 1 1 0 1 0 1 0 0 0 1 1 1 1 1 1 0 1 1 1 1 0 1 0 0 0 1 1 1 1 1 1 1 0 0 0 1 0 1 1 0 1 0 1 1 1 0 1 1 1 0 1 1 0 0 1 1 1 0 0 0 1 1 1 1 1 0 0 0 33590.0 30773.0 36640.0 0 0.2056346234287317
0 0 1 1 1 0 1 1 1 1 1 1 0 1 0 1 1 1 1 0 0 0 1 0 1 1 0 1 0 1 1 1 1 1 0 1 0 0 0 0 0 1 1 0 1 1 1 0 1 1 1 1 0 1 0 0 0 1 1 1 1 1 1 1 0 1 1 0 0 1 0 0 1 0 1 1 1 1 1 1 1 1 0 1 0 1 1 1 1 0 0 1 1 1 1 1 0 0 1 0 34923.0 30233.0 36579.0 0 0.061887335045249944
1 0 1 1 1 0 1 1 1 1 1 1 1 1 0 1 1 1 1 0 0 0 1 0 1 1 0 1 0 1 1 1 1 1 0 1 0 1 0 0 0 1 1 0 1 1 1 0 1 1 0 1 0 1 0 0 0 1 1 0 1 0 1 1 1 0 0 1 0 1 1 0 1 0 1 1 1 1 1 1 1 0 0 1 0 1 1 1 1 0 0 1 1 1 1 1 0 0 1 0 34467.0 31265.0 36428.0 0 0.0600677066088723
1 0 1 1 1 0 1 1 1 1 1 1 0 1 0 1 1 1 1 0 0 0 0 1 1 1 0 1 0 1 1 1 1 1 0 1 0 0 0 0 0 1 1 0 1 1 1 0 1 1 1 1 0 1 0 0 0 1 1 1 1 1 1 1 0 0 0 1 0 1 1 0 1 0 0 1 1 1 1 1 1 1 0 1 0 1 1 0 1 1 0 1 1 1 1 1 0 0 1 0 35492.0 29771.0 36289.0 0 0.07470319110421356
1 0 1 1 1 1 1 1 1 1 1 1 0 1 0 1 1 1 1 0 0 0 1 0 1 1 0 1 0 1 1 1 1 1 0 1 1 1 0 0 0 1 1 1 1 1 1 0 1 1 0 1 0 1 0 0 0 1 1 0 1 0 1 1 0 0 0 1 0 1 1 0 1 0 1 1 1 1 1 1 1 0 1 1 0 0 1 0 1 0 0 1 0 1 1 1 1 0 0 0 32754.0 32210.0 36172.0 0 0.11370515807148501
1 0 1 1 1 0 1 1 1 1 1 1 0 1 0 1 1 1 1 0 0 0 1 0 1 1 0 1 1 1 1 1 1 1 0 1 0 0 0 0 0 1 1 0 1 1 1 0 1 1 0 1 0 1 0 0 0 1 1 0 1 0 1 1 0 0 1 1 0 1 1 0 1 0 1 1 1 0 1 1 1 1 0 0 0 1 1 1 1 0 0 1 1 1 1 1 0 0 1 1 35645.0 29097.0 36061.0 0 0.10791981009579565
1 0 1 1 1 0 1 1 1 1 1 0 0 1 0 1 1 1 1 0 0 0 1 0 1 1 0 1 0 1 1 1 1 1 0 1 0 1 0 0 0 1 1 1 1 1 1 0 1 1 1 1 0 1 0 0 0 1 1 1 1 1 1 1 0 0 0 1 0 1 1 0 1 0 0 1 1 1 1 1 1 1 0 1 0 1 1 0 1 0 0 1 1 1 1 1 0 0 1 0 34672.0 30994.0 36007.0 0 0.07203358326427795
1 0 1 1 1 0 1 1 1 1 1 1 0 1 0 1 1 1 1 0 1 0 0 1 1 1 0 1 0 1 1 1 1 1 0 1 0 0 1 0 0 1 1 0 1 1 1 0 1 1 0 1 0 1 0 0 0 1 1 0 1 0 1 1 1 0 0 1 0 1 1 0 1 0 1 1 1 0 1 1 1 1 0 0 0 1 1 1 1 0 0 1 1 1 1 1 1 0 0 0 35035.0 29825.0 35977.0 0 0.028395732477716693
0 0 1 1 1 0 1 1 1 1 1 1 0 1 0 1 1 1 1 0 0 0 1 0 1 1 0 1 0 1 1 1 1 1 0 1 0 1 0 0 0 1 1 1 1 1 1 0 1 1 1 1 0 1 0 0 0 1 1 1 1 1 1 1 0 0 0 1 0 1 1 0 1 0 0 1 1 1 1 1 1 1 0 1 0 1 1 0 1 0 0 1 1 1 1 1 0 0 1 0 34507.0 31199.0 35928.0 0 0.05970564678089421
1 0 1 1 1 0 1 1 1 1 1 1 0 1 0 1 1 1 1 0 0 0 1 1 1 1 0 1 0 1 1 1 1 1 0 1 0 1 0 0 0 1 1 0 1 1 1 0 1 1 1 1 0 1 0 0 0 1 1 0 1 0 1 1 0 0 0 1 0 1 0 0 1 1 1 1 1 1 1 1 1 0 1 1 0 0 1 0 1 0 0 1 0 1 1 1 1 0 0 0 33035.0 31365.0 35896.0 0 0.0728636222441253
1 0 1 1 1 0 1 1 1 1 1 1 1 1 0 1 1 1 1 0 0 0 1 0 1 1 0 1 0 1 1 1 1 1 0 1 0 1 0 0 0 1 1 1 1 1 1 0 1 1 1 1 0 1 0 0 0 1 1 1 0 0 1 1 0 1 1 0 0 1 1 0 1 0 1 1 1 0 1 1 1 0 1 1 0 0 1 1 1 0 0 0 1 1 1 1 1 0 0 0 32922.0 31636.0 35845.0 0 0.06745547474468486
1 0 1 1 1 0 1 1 1 1 1 1 0 1 0 1 1 1 1 0 0 0 1 0 1 1 0 1 0 1 1 1 1 1 0 1 0 1 0 0 0 1 1 1 1 1 1 0 1 1 1 1 0 1 0 0 0 1 1 0 1 0 1 1 0 0 0 1 0 1 1 0 1 1 1 1 1 1 1 1 1 0 1 1 0 0 1 0 1 0 0 1 0 1 1 1 1 0 0 0 32784.0 32441.0 35771.0 0 0.07833281009388066
1 0 1 1 1 0 1 1 1 1 1 1 1 1 0 1 1 1 1 0 0 0 1 0 1 1 0 1 0 1 1 1 1 1 0 1 0 1 0 0 0 1 1 1 1 1 1 0 1 1 0 1 0 1 0 0 0 1 1 0 1 0 1 1 0 0 0 1 0 1 1 0 1 0 1 1 1 0 1 1 1 1 0 0 0 1 1 1 1 0 0 1 1 1 1 1 0 0 1 1 35345.0 30123.0 35712.0 0 0.07560487351758033
0 0 1 1 1 0 1 1 1 1 1 1 0 1 0 1 1 1 1 0 0 0 1 0 1 1 0 1 0 1 1 1 1 1 0 1 0 0 0 0 1 1 1 0 1 1 1 0 1 1 1 1 0 1 0 0 0 1 1 1 1 1 1 1 0 0 0 1 0 1 1 0 1 0 0 1 1 1 1 1 1 1 0 1 0 1 1 0 1 0 0 1 1 1 1 1 0 0 1 0 34900.0 30406.0 35595.0 0 0.06967909742046376
1 0 1 1 1 0 1 1 1 1 1 1 0 1 0 1 1 1 1 0 0 0 1 1 1 1 0 1 0 1 1 1 1 1 0 1 0 1 0 0 0 1 1 0 1 1 1 0 1 1 1 1 0 1 0 0 0 1 1 0 1 0 1 1 0 0 0 1 0 1 1 0 1 0 1 1 1 1 1 1 1 1 0 1 0 0 1 0 1 0 0 1 1 1 1 1 1 0 0 0 33738.0 31372.0 35564.0 0 0.02665085349195083
0 0 1 1 1 0 1 1 1 1 1 1 0 1 0 1 1 1 1 0 0 0 1 0 1 1 0 1 0 1 1 1 1 1 0 1 1 1 0 0 0 1 1 1 1 1 1 0 1 1 0 1 0 1 0 0 0 1 1 0 1 0 1 1 0 0 0 1 0 1 1 0 1 1 1 1 1 1 1 1 1 0 1 1 0 0 1 0 1 0 0 1 0 1 1 1 1 0 0 0 33087.0 32569.0 35563.0 0 0.046832962277063295
1 0 1 1 1 0 1 1 1 1 1 1 0 1 0 1 1 1 1 0 1 0 0 1 1 1 0 1 1 1 1 1 1 1 0 1 0 0 1 0 0 1 1 0 1 1 1 0 1 1 0 1 0 1 0 0 0 1 1 0 1 0 1 1 0 0 0 1 0 1 1 0 1 0 1 1 1 0 1 1 1 1 0 0 0 1 1 1 1 0 0 1 1 1 1 1 1 0 0 0 35536.0 29845.0 35554.0 0 0.05629609111941088
1 0 1 1 1 0 1 1 1 1 1 1 0 1 0 1 1 1 0 0 0 0 1 0 1 1 0 1 0 1 1 1 1 1 0 1 0 1 0 0 0 1 1 1 1 1 1 0 1 1 1 1 0 1 0 0 0 1 1 1 1 1 1 1 0 0 0 1 0 1 1 0 1 0 0 1 1 1 1 1 1 1 0 1 0 1 1 0 1 0 0 1 1 1 1 1 0 0 1 0 34558.0 31240.0 35365.0 0 0.06982232490130555
0 0 1 1 1 0 1 1 1 1 1 1 0 1 0 1 1 1 1 0 0 0 1 0 1 1 0 1 0 1 1 1 1 1 0 1 0 1 0 0 0 1 1 1 1 1 1 0 1 1 1 1 0 1 0 0 0 1 1 1 1 1 1 1 0 0 0 1 0 1 1 0 1 0 0 1 1 1 1 1 1 1 0 1 0 1 1 0 1 0 1 0 1 1 1 1 1 0 0 0 33732.0 31834.0 35358.0 0 0.06360514853600008
1 0 1 1 1 0 1 1 1 1 1 1 0 1 0 1 1 1 1 0 0 0 1 0 1 1 0 1 0 1 1 1 1 1 0 1 0 1 0 0 0 1 1 1 1 1 1 0 1 1 0 1 0 1 0 0 0 1 1 0 1 0 1 1 1 0 0 1 0 1 1 0 1 1 1 1 1 1 1 1 1 0 0 1 0 1 1 0 1 0 0 1 0 1 1 1 1 0 0 0 32909.0 32667.0 35320.0 0 0.07184936613375598
0 0 1 1 1 0 1 1 1 1 1 1 0 1 0 1 1 1 1 0 0 0 1 0 1 1 0 1 0 1 1 1 1 1 0 1 1 0 1 0 0 1 1 0 1 1 1 0 1 1 0 1 0 1 0 0 0 1 1 0 1 0 1 1 0 0 0 1 0 1 1 0 1 0 1 1 1 0 1 1 1 1 0 0 0 1 1 1 1 0 0 1 1 1 1 1 0 0 1 1 35579.0 29498.0 35302.0 0 0.06877422448677094
1 0 1 1 1 0 1 1 1 1 1 1 0 1 0 1 1 1 1 0 0 0 0 1 1 1 0 1 1 1 1 1 1 1 0 1 0 1 0 0 0 1 1 0 1 1 1 0 1 1 1 1 0 1 0 0 0 1 1 0 1 0 1 1 0 0 0 1 0 1 1 0 1 1 1 1 1 1 1 1 1 0 0 1 0 1 1 0 1 0 0 1 0 1 1 1 1 0 0 0 33871.0 31285.0 35297.0 0 0.029019671888522492
0 0 1 1 1 0 1 1 1 1 1 1 0 1 0 1 1 1 1 0 0 0 1 0 1 1 0 1 0 1 1 1 1 1 0 1 1 0 1 0 0 1 1 0 1 1 1 0 1 1 0 1 0 1 0 0 0 1 1 0 1 0 1 1 0 0 0 1 0 1 1 0 1 0 1 1 1 0 1 1 1 1 0 1 0 1 1 1 1 0 0 1 1 1 1 1 0 0 1 0 35013.0 30359.0 35292.0 0 0.0470573759416837
1 0 1 1 1 0 1 1 1 1 1 1 0 1 0 1 1 1 1 0 0 0 1 1 1 1 0 1 0 1 1 1 1 1 0 1 0 1 0 0 0 1 1 0 1 1 1 0 1 1 0 1 0 1 0 0 0 1 1 0 1 0 1 1 0 0 0 1 0 1 1 0 1 1 0 1 1 1 1 1 1 1 0 1 0 1 1 0 1 0 1 0 1 1 1 1 1 0 0 1 34385.0 31436.0 35193.0 0 0.04227448140840731
1 0 1 1 1 0 1 1 1 1 1 1 0 1 0 1 1 1 0 0 0 0 1 0 1 1 0 1 0 1 1 1 1 1 0 1 0 1 0 0 0 1 1 1 1 1 1 0 1 1 0 1 0 1 0 1 0 1 1 1 1 1 1 1 0 0 0 1 0 1 1 0 1 0 0 1 1 1 1 1 1 1 0 1 0 1 1 0 1 0 0 1 1 1 1 1 0 0 1 0 34841.0 31255.0 35187.0 0 0.03398457949130196
0 0 1 1 1 0 1 1 1 1 1 1 0 1 0 1 1 1 1 0 0 0 1 0 1 1 0 1 1 1 1 1 1 1 0 1 0 1 0 0 0 1 1 0 1 1 1 0 1 1 0 1 0 1 0 0 0 1 1 0 1 0 1 1 1 0 0 1 0 1 1 0 1 1 1 1 1 1 1 1 1 0 0 1 0 1 1 0 1 0 0 1 0 1 1 1 1 0 0 0 33207.0 32179.0 35154.0 0 0.16972523651413163
1 0 1 1 1 0 1 1 1 1 1 1 0 1 0 1 1 1 0 0 0 0 1 0 1 1 0 1 0 1 1 1 1 1 0 1 1 1 0 0 0 1 1 1 1 1 1 0 1 1 0 1 0 1 0 0 0 1 1 0 1 0 1 1 0 0 0 1 0 1 1 0 1 1 1 1 1 1 1 1 1 0 1 1 0 1 1 0 1 0 0 1 0 1 1 1 1 0 0 0 33612.0 32751.0 35069.0 0 0.053344917767618766
1 0 1 1 1 0 1 1 1 1 1 1 0 1 0 1 1 1 1 0 0 0 1 1 1 1 0 1 0 1 1 1 1 1 0 1 0 1 0 0 0 1 1 0 1 1 1 0 1 1 1 1 0 1 0 0 0 1 1 0 1 0 1 1 0 0 0 1 0 1 1 0 1 1 0 1 1 1 1 1 1 1 0 1 0 0 1 0 1 0 0 1 1 1 1 1 1 0 0 0 33642.0 31881.0 35037.0 0 0.04169471428775264
1 0 1 1 1 0 1 1 1 1 1 1 0 1 0 1 1 1 1 0 0 0 0 1 1 1 0 1 1 1 1 1 1 1 0 1 0 1 0 0 0 1 1 0 1 1 1 0 1 1 1 1 0 1 0 0 0 1 1 0 1 0 1 1 0 0 0 1 0 1 1 0 1 1 0 1 1 1 1 1 1 1 0 1 0 0 1 0 1 0 0 0 1 1 1 1 0 0 1 1 34993.0 30380.0 35013.0 0 0.03573736008342716
1 0 1 1 1 0 1 1 1 1 1 1 0 1 0 1 1 1 1 0 0 0 1 1 1 1 0 1 0 1 1 1 1 1 0 1 0 1 0 0 0 1 1 0 1 1 1 0 1 1 1 1 0 1 0 0 0 1 1 0 1 0 1 1 0 0 0 1 0 1 1 0 1 1 0 1 1 1 1 1 1 1 0 1 0 0 1 0 1 0 0 0 1 1 1 1 1 0 0 1 33931.0 31636.0 34912.0 0 0.05332459599177469
1 0 1 1 1 0 1 1 1 1 1 1 0 1 0 1 1 1 1 0 0 0 0 1 1 1 0 0 1 1 1 1 0 1 0 1 1 0 1 0 0 1 1 0 1 1 1 0 1 1 0 1 0 1 0 0 0 1 1 0 1 0 1 1 0 0 0 1 0 1 1 0 1 0 1 1 1 0 1 1 1 1 0 0 0 1 1 1 1 0 0 1 1 1 1 1 0 0 1 1 36352.0 28722.0 34910.0 0 0.10985351444959619
0 0 1 1 1 0 1 1 1 1 1 1 0 1 0 1 1 1 1 0 0 0 1 0 1 1 0 1 0 1 1 1 1 1 0 1 0 1 0 0 0 1 1 1 1 1 1 0 1 1 1 1 0 1 0 0 0 1 1 1 1 1 1 1 0 0 0 1 0 1 1 0 1 1 0 1 1 1 1 1 1 1 0 1 0 0 1 0 1 0 0 0 1 1 1 1 1 0 0 0 33809.0 32338.0 34904.0 0 0.027300078822883447
1 0 1 0 1 0 1 1 1 1 1 1 1 1 0 1 1 1 1 0 0 0 1 0 1 1 0 1 0 1 1 1 1 1 0 1 1 0 1 0 0 1 1 0 1 1 1 0 1 1 0 1 0 1 0 0 0 1 1 0 1 0 1 1 0 0 0 1 0 1 1 0 1 0 1 1 1 0 1 1 1 1 0 0 0 1 1 1 1 0 0 1 1 1 1 1 0 0 1 1 35997.0 29776.0 34854.0 0 0.1132983628720733
1 0 1 1 1 0 1 1 1 1 1 1 0 1 0 1 1 1 0 0 0 0 1 0 1 1 0 1 1 1 1 1 1 1 0 1 0 1 0 0 0 1 1 0 1 1 1 1 1 1 0 1 0 1 0 0 0 1 1 0 1 0 1 1 1 0 0 1 0 1 1 0 1 1 1 1 1 1 1 1 1 0 0 1 0 1 1 0 1 0 0 1 0 1 1 1 1 0 0 0 33809.0 32944.0 34758.0 0 0.03270521593055103
0 0 1 1 1 0 1 1 1 1 1 1 0 1 0 1 1 1 0 0 0 0 1 0 1 1 0 1 1 1 1 1 1 1 0 1 1 0 1 0 0 1 1 0 1 1 1 0 1 1 0 1 0 1 0 0 0 1 1 0 1 0 1 1 0 0 0 1 0 1 1 0 1 0 0 1 1 1 1 1 1 1 0 1 0 1 1 1 1 0 0 1 1 1 1 1 0 0 1 0 34847.0 31563.0 34715.0 0 0.06828261906812513
1 0 1 1 1 0 1 1 1 1 1 1 0 1 0 1 1 1 1 0 0 0 1 1 1 1 0 1 1 1 1 1 1 1 0 1 0 1 0 0 0 1 1 1 1 1 1 0 1 1 0 1 0 1 0 0 0 1 1 0 1 0 1 1 0 0 0 1 0 1 1 0 1 1 0 1 1 1 1 1 1 1 0 1 0 0 1 0 1 0 0 0 1 1 1 1 0 0 1 0 34471.0 31843.0 34638.0 0 0.04037500094614613
0 0 1 1 1 0 1 1 1 1 1 1 0 1 0 1 1 1 0 0 0 0 1 0 1 1 1 1 1 1 1 1 1 1 0 1 1 0 1 0 0 1 1 0 1 1 1 0 1 1 1 1 0 1 0 0 0 1 1 0 1 0 1 1 0 0 0 1 0 1 1 0 1 0 0 1 1 1 1 1 1 0 0 0 0 1 0 1 1 0 0 1 1 1 1 1 0 0 1 1 35313.0 30577.0 34521.0 0 0.08765431283064506
1 0 1 1 1 0 1 1 1 1 1 1 0 1 0 1 1 1 1 0 0 0 1 0 1 1 0 1 0 1 1 1 1 1 0 1 1 1 0 0 0 1 1 1 1 1 1 0 1 1 0 1 0 1 0 0 0 1 1 0 1 0 1 1 0 0 0 1 0 1 1 0 1 1 0 1 1 1 1 1 1 1 0 1 0 0 1 0 1 0 0 1 1 1 1 1 1 0 0 0 33763.0 32984.0 34518.0 0 0.05300520816245031
1 0 1 1 1 0 1 1 1 1 1 1 0 1 0 1 1 1 1 0 0 0 1 0 1 1 0 0 1 1 1 1 0 1 0 1 1 0 1 0 0 1 1 0 1 1 1 0 1 1 0 1 0 1 0 0 0 1 1 0 1 0 1 1 0 0 0 1 0 1 1 0 1 0 1 1 1 0 1 1 1 1 0 0 0 1 1 1 1 0 0 1 1 1 1 1 0 0 1 1 36026.0 29584.0 34503.0 0 0.06933815104747912
0 0 1 1 1 0 1 1 1 1 1 1 0 1 0 1 1 1 1 0 0 0 1 0 1 1 0 1 0 1 1 1 1 1 0 1 0 1 0 0 0 1 1 1 1 1 1 0 1 1 1 1 0 1 0 0 0 1 1 1 1 0 1 1 0 0 0 1 0 1 1 0 1 1 0 1 1 1 1 1 1 1 0 1 0 1 1 0 1 0 1 0 1 1 1 1 1 0 0 0 34022.0 32445.0 34470.0 0 0.05592261592654212
1 0 1 1 1 0 1 1 1 1 1 1 0 1 0 1 1 1 1 0 0 0 1 1 1 1 0 1 1 1 1 1 1 1 0 1 0 1 0 0 0 1 1 1 1 1 1 0 1 1 0 1 0 1 0 0 0 1 1 0 1 0 1 1 0 0 0 1 0 1 1 0 1 1 0 1 1 1 1 1 1 1 0 1 0 0 1 0 1 0 0 0 1 1 1 1 1 0 0 0 33851.0 32724.0 34467.0 0 0.053465873742115914
1 0 1 1 1 0 1 1 1 1 1 1 0 1 0 1 1 1 0 0 0 0 1 0 1 1 0 1 1 1 1 1 1 1 0 1 1 0 1 0 0 1 1 0 1 1 1 0 1 1 1 1 0 1 0 0 0 1 1 0 1 0 1 1 0 0 0 0 0 1 1 0 1 0 1 1 1 0 1 1 1 1 0 0 0 1 1 1 1 0 0 1 1 1 1 1 0 0 1 1 35512.0 30276.0 34332.0 0 0.06939842064950849
1 0 1 1 1 0 1 1 1 1 1 1 0 1 0 1 1 1 0 0 0 0 1 0 1 1 0 1 1 1 1 1 1 1 0 1 1 0 1 0 0 1 1 0 1 1 1 0 1 1 0 1 0 1 0 0 0 1 1 0 1 0 1 1 0 0 0 1 0 1 1 0 1 0 1 1 1 0 1 1 1 1 0 0 0 1 1 1 1 0 0 1 1 1 0 1 0 0 1 1 36114.0 29698.0 34235.0 0 0.08010726143551311
1 0 1 1 1 0 1 1 1 1 1 1 0 1 0 1 1 1 0 0 0 0 1 0 1 1 0 1 1 1 1 1 0 1 0 1 1 0 1 0 0 1 1 0 1 1 1 0 1 1 0 1 0 1 0 0 0 1 1 0 1 0 1 1 0 0 0 1 0 1 1 0 1 0 1 1 1 0 1 1 1 1 0 0 0 1 1 1 1 0 0 1 1 1 1 1 0 0 1 1 36223.0 30011.0 34181.0 0 0.11016382554819201
0 0 1 1 1 0 1 1 1 1 1 1 0 1 0 1 1 1 0 0 0 0 1 0 1 1 1 1 1 1 1 1 1 1 0 1 0 1 0 0 0 1 1 0 1 1 1 0 1 1 1 1 0 1 0 0 0 1 1 0 1 0 1 1 0 0 0 1 0 1 1 0 1 1 0 1 1 1 1 1 1 1 0 1 0 0 1 0 1 0 0 0 1 1 1 1 0 0 1 1 34970.0 31021.0 34174.0 0 0.05716885586150376
1 0 1 1 1 0 1 1 1 1 1 1 0 1 0 1 1 1 0 0 0 0 1 0 1 1 0 1 1 1 1 1 1 1 0 1 1 0 1 0 0 1 1 0 1 1 1 0 1 1 1 1 0 1 0 0 0 1 1 0 1 0 1 1 0 0 0 1 0 1 1 0 1 0 0 1 1 1 1 1 1 1 0 1 0 1 1 0 1 0 0 1 1 1 1 1 0 0 1 0 35058.0 32066.0 34155.0 0 0.07650037385662559
0 0 1 1 1 0 1 1 1 0 1 1 0 1 0 1 1 1 0 0 0 0 1 0 1 1 0 1 1 1 1 1 1 1 0 1 1 0 1 0 0 1 1 0 1 1 1 0 1 1 1 1 0 1 0 0 0 1 1 0 1 0 1 1 0 0 0 1 0 1 1 0 1 0 1 1 1 0 1 1 1 1 0 0 0 1 1 1 1 0 0 1 1 1 1 1 0 0 1 1 35707.0 30211.0 34106.0 0 0.12438001998018115
1 0 1 1 1 0 1 1 1 1 1 1 0 1 0 1 1 1 0 0 0 0 1 0 1 1 0 1 1 1 1 1 0 1 0 1 1 0 1 0 0 1 1 0 1 1 1 0 1 1 0 1 0 1 0 0 0 1 1 0 1 1 1 1 0 0 0 1 0 1 1 0 1 0 0 1 1 1 1 1 1 1 0 1 0 1 1 0 1 0 0 1 1 1 1 1 0 0 1 0 35241.0 31656.0 34077.0 0 0.05904820932807867
1 0 1 1 1 0 1 1 1 1 1 1 0 1 0 1 1 1 0 0 0 0 1 0 1 1 0 1 1 1 1 1 1 1 0 1 1 0 1 0 0 1 1 0 1 1 1 0 1 1 0 1 0 1 0 0 0 1 1 0 1 0 1 1 0 0 0 1 0 1 1 0 1 0 0 1 1 1 1 1 1 1 0 1 0 1 1 0 1 0 1 0 1 1 1 1 1 0 0 1 34707.0 32361.0 34071.0 0 0.06427971773682417
1 0 1 1 1 0 1 1 1 1 1 1 0 1 0 1 1 1 0 0 0 0 1 0 1 0 0 1 1 1 1 1 1 1 0 1 1 0 1 0 0 1 1 0 1 1 1 0 1 1 0 1 0 1 0 0 0 1 1 0 1 0 1 1 1 0 0 1 0 1 1 0 1 1 1 1 1 1 1 1 1 0 0 1 0 0 1 0 1 0 0 1 0 1 1 1 1 0 0 0 33113.0 33187.0 33940.0 0 0.091962944889806
1 0 1 1 1 0 1 1 1 1 1 1 1 1 0 1 1 1 1 0 0 0 1 0 1 1 0 1 0 1 1 1 1 1 0 1 0 1 0 0 0 1 1 1 1 1 1 0 1 1 1 1 0 1 0 0 0 1 1 0 1 0 1 1 0 0 0 1 0 1 1 0 1 1 0 1 1 1 1 1 1 1 0 1 0 1 1 0 1 0 0 0 1 1 1 1 1 0 0 0 33898.0 33355.0 33938.0 0 0.07564485659790705
1 0 1 1 1 0 1 1 1 1 1 1 0 1 0 1 1 1 0 0 0 0 1 0 1 1 0 1 1 1 1 1 1 1 0 1 1 0 1 0 0 1 1 0 1 1 1 0 1 1 0 1 0 1 0 0 0 1 1 0 1 0 1 1 0 0 0 1 0 1 1 0 1 0 0 1 1 1 1 1 1 1 0 1 0 1 1 0 1 0 0 1 1 1 1 1 1 0 0 0 34266.0 32580.0 33783.0 0 0.13352008996590656
1 0 1 1 1 0 1 1 1 1 1 1 0 1 0 1 1 1 0 0 0 0 1 0 1 1 0 1 1 1 1 1 0 1 0 1 1 0 1 0 0 1 1 0 1 1 1 0 1 1 0 1 0 1 0 0 0 1 1 0 1 0 1 1 0 0 0 1 0 1 1 0 1 0 1 1 1 1 1 1 1 0 0 0 0 1 0 1 1 0 0 1 1 1 1 1 0 0 1 1 35314.0 30375.0 33758.0 0 0.028036496469535818
1 0 0 1 1 0 1 1 1 1 1 1 0 1 0 1 1 1 0 0 0 0 1 0 1 1 0 1 1 1 1 1 1 1 0 1 1 0 1 0 0 1 1 0 1 1 1 0 1 1 1 1 0 1 0 0 0 1 1 0 1 0 1 1 0 0 0 1 0 1 1 0 1 0 1 1 1 1 1 1 1 1 0 1 0 1 1 0 1 0 0 1 1 1 0 1 0 0 1 0 35449.0 31454.0 33689.0 0 0.07177799586853233
1 0 1 1 1 0 1 1 1 1 1 1 0 1 0 1 1 1 0 0 0 0 1 0 1 1 0 1 1 1 1 1 1 1 0 1 1 0 1 0 0 1 1 0 1 1 1 0 1 1 0 1 0 1 0 0 0 1 1 0 1 0 1 1 0 0 1 1 0 1 1 0 1 1 0 1 1 1 1 1 1 1 0 1 0 0 1 0 1 0 0 0 1 1 1 1 1 0 0 0 34482.0 32937.0 33586.0 0 0.0651253691712417
0 0 1 1 1 0 1 1 1 0 1 1 1 1 0 1 1 1 0 0 0 0 1 0 1 1 0 1 1 1 1 1 1 1 0 1 1 0 1 0 0 1 1 0 1 1 1 0 1 1 1 1 0 1 0 0 0 1 1 0 1 0 1 1 0 0 0 1 0 1 1 0 1 0 1 1 1 0 1 1 1 1 0 0 0 1 1 1 1 0 0 1 1 1 1 1 1 0 0 0 35078.0 31851.0 33396.0 0 0.07569892352307812
1 0 1 1 1 0 1 1 1 1 1 1 0 1 0 1 1 1 0 0 0 0 1 0 1 1 0 1 1 1 1 1 1 1 0 1 1 0 1 0 0 1 1 0 1 1 1 0 1 1 1 1 0 1 0 0 0 1 1 0 1 0 1 1 0 0 0 1 0 1 1 0 1 1 0 1 1 1 1 1 1 1 0 1 0 0 1 0 1 0 0 0 1 1 1 1 0 0 1 0 34980.0 32324.0 33302.0 0 0.048581435666748385
0 0 1 1 1 0 1 1 1 1 1 1 0 1 0 1 1 1 0 0 0 0 1 0 1 1 0 1 1 1 1 1 1 1 0 1 1 0 1 0 0 1 1 0 1 1 1 0 1 1 0 1 1 1 0 0 0 1 1 0 1 0 1 1 0 0 0 1 0 1 1 0 1 1 0 1 1 1 1 1 1 1 0 1 0 1 1 0 1 0 0 0 1 1 1 1 1 0 0 0 34417.0 32947.0 33286.0 0 0.03413389165638635
1 0 1 1 1 0 1 1 1 1 1 1 0 1 0 1 1 1 0 0 0 0 1 0 1 1 0 1 1 1 1 1 0 1 0 1 1 1 0 0 0 1 1 0 1 1 1 0 1 1 1 1 0 1 0 0 0 1 1 0 1 0 1 1 0 0 0 1 0 1 1 0 1 1 0 1 1 1 1 1 1 1 0 1 0 0 1 0 1 0 0 0 1 1 1 1 0 0 1 1 35135.0 31675.0 33243.0 0 0.08648069876650069
0 0 1 1 1 0 1 1 1 1 1 1 0 1 0 1 1 1 0 0 0 0 1 0 1 1 0 1 1 1 1 1 1 1 0 1 1 0 1 0 0 1 1 0 1 1 1 0 1 1 0 1 0 1 0 0 0 1 1 0 1 0 1 1 0 0 0 1 0 1 1 0 1 1 0 1 1 1 1 1 1 1 0 1 0 1 1 0 1 0 1 0 1 1 1 1 1 0 0 0 34498.0 32849.0 33219.0 0 0.05370707079950292
1 0 1 1 1 0 1 1 1 1 1 1 0 1 0 1 1 1 0 0 0 0 1 0 1 1 0 1 1 1 1 1 1 1 0 1 1 0 1 0 0 1 1 0 1 1 1 0 1 1 1 1 0 1 0 0 0 1 1 0 1 0 1 1 0 0 0 1 0 1 1 0 1 1 0 1 1 1 1 1 1 1 0 1 0 0 1 0 1 0 0 0 1 1 1 1 1 0 0 0 34360.0 33205.0 33131.0 0 0.07610449467735537
1 0 1 0 1 0 1 1 1 1 1 1 0 1 0 1 1 1 0 0 0 0 1 0 1 1 0 1 1 1 1 1 0 1 0 1 1 0 1 0 0 1 1 0 1 1 1 0 1 1 1 1 0 1 0 0 0 1 1 0 1 0 1 1 0 0 0 1 0 1 1 0 1 0 1 1 1 1 1 1 1 1 0 1 0 1 1 0 1 0 0 1 1 1 1 1 0 0 1 0 35314.0 31461.0 33128.0 0 0.041804063975047115
0 0 1 1 1 0 1 1 1 1 1 1 0 1 0 1 1 1 0 0 0 0 1 0 1 1 0 1 1 1 1 1 1 1 0 1 1 0 1 0 0 1 1 0 1 1 1 0 1 1 1 1 0 1 0 0 0 1 1 0 1 0 1 1 0 0 0 1 0 1 1 0 1 1 0 1 1 1 1 1 1 1 0 1 0 1 1 0 1 0 0 0 1 1 1 1 1 0 0 0 34518.0 33190.0 33007.0 0 0.03864418310960138
1 0 1 1 1 0 1 1 1 1 1 1 0 1 0 1 1 1 0 0 0 0 1 0 1 1 0 1 1 1 1 1 1 1 0 1 1 0 1 0 0 1 1 0 1 1 1 0 1 1 0 1 0 1 0 0 0 1 1 0 1 0 1 1 0 0 0 1 0 1 1 0 1 1 0 1 1 1 1 1 1 1 0 1 0 1 1 0 1 0 0 0 1 1 1 1 1 0 0 0 34662.0 32979.0 32999.0 0 0.022820654607279358
1 0 1 1 1 0 1 1 1 1 1 1 0 1 0 1 1 1 0 0 0 0 1 0 1 1 0 1 1 1 1 1 0 1 0 1 1 0 1 0 0 1 1 0 1 1 1 0 1 1 0 1 0 1 0 0 0 1 1 0 1 0 1 1 0 0 0 1 0 1 1 0 1 1 0 1 1 1 1 1 1 1 0 1 0 0 1 0 1 0 0 0 1 1 1 1 0 0 1 1 35346.0 31881.0 32995.0 0 0.06864531088507271
1 0 1 1 1 0 1 1 1 1 1 1 0 1 0 1 1 1 0 0 0 0 1 0 1 1 0 1 1 1 1 1 0 1 0 1 1 0 1 0 0 1 1 0 1 1 1 0 1 1 0 1 0 1 0 0 0 1 1 0 1 0 1 1 0 0 0 1 0 1 1 0 1 1 0 1 1 0 1 1 1 1 0 0 0 1 0 1 1 0 0 1 1 1 1 1 0 0 1 1 35643.0 30251.0 32955.0 0 0.08683484217235132
1 0 1 1 1 0 1 1 1 1 1 1 0 1 0 1 1 1 0 0 0 0 1 0 1 1 0 1 1 1 1 1 0 1 0 1 1 0 1 0 0 1 1 0 1 1 1 0 1 1 0 1 0 1 0 0 0 1 1 0 1 0 1 1 0 0 0 1 0 1 1 0 1 1 0 1 1 1 1 1 1 1 0 1 0 1 1 0 1 0 1 0 1 1 1 1 1 0 0 0 34756.0 32902.0 32619.0 0 0.2279847665779275
1 0 1 1 1 0 1 1 1 1 1 1 0 1 0 1 1 1 0 0 0 0 1 0 0 1 0 1 1 1 1 1 0 1 0 1 1 0 1 0 0 1 1 1 1 1 1 0 1 1 0 1 0 1 0 0 0 1 1 0 1 0 1 1 0 0 0 1 0 1 1 0 1 1 0 1 1 1 1 1 1 1 0 1 0 0 1 0 1 0 0 0 1 1 1 1 1 0 0 0 33782.0 33384.0 31802.0 0 2000000000000000.0
0 0 1 1 1 0 1 1 1 1 1 0 0 1 0 1 1 1 1 0 0 0 1 0 1 1 0 1 0 1 1 1 1 1 0 1 0 0 0 0 0 1 1 0 1 1 1 0 1 1 1 1 0 1 0 0 0 1 1 1 1 1 1 1 0 1 1 1 0 1 0 0 1 0 1 1 1 0 0 1 1 0 1 1 0 0 0 1 1 0 0 1 1 1 1 1 0 0 1 1 34258.0 27712.0 37459.0 1 1000000000000000.2
1 0 1 1 0 0 1 1 1 1 1 1 0 1 0 1 1 1 0 0 0 0 1 0 1 1 0 1 1 1 1 1 1 1 0 1 1 0 1 0 0 1 1 0 1 1 0 1 1 1 1 1 0 1 0 0 0 1 1 0 1 0 1 1 0 0 0 1 0 1 1 0 1 0 1 1 1 0 1 1 1 1 0 0 0 1 1 1 1 0 0 1 1 1 1 1 0 0 1 1 36180.0 29608.0 33461.0 1 1000000000000000.1
1 0 1 1 1 0 1 1 1 1 1 1 0 1 0 1 1 1 1 0 0 0 1 0 1 1 0 1 0 1 1 1 1 1 0 1 0 1 0 0 0 1 1 1 1 1 1 0 1 1 1 1 0 1 0 0 0 1 1 1 0 0 1 1 0 1 1 0 0 1 1 0 1 0 1 1 1 0 1 1 1 0 1 1 0 0 1 1 1 0 0 0 0 1 1 1 1 1 0 0 31981.0 31114.0 36020.0 1 1000000000000000.0
1 0 1 0 1 0 1 1 1 1 1 1 0 1 0 1 1 1 1 0 0 0 0 1 1 1 0 1 0 1 1 1 1 1 0 1 0 0 0 0 0 1 1 0 1 1 1 0 1 1 1 1 0 1 0 0 0 1 1 1 1 1 1 1 0 0 0 1 0 0 1 0 1 0 1 1 1 0 1 1 1 1 0 0 0 1 1 1 1 1 0 1 1 1 1 1 0 0 1 1 35705.0 26843.0 35725.0 1 1000000000000000.0
0 0 1 1 1 1 1 1 1 1 1 1 0 1 0 1 1 1 1 0 0 0 1 0 1 1 0 1 0 1 1 1 1 1 0 1 1 0 1 0 0 1 1 1 1 1 1 0 1 1 0 1 0 1 0 0 0 1 1 0 1 0 1 1 0 0 0 1 0 1 1 0 1 1 0 1 1 1 1 1 1 1 0 1 0 0 1 0 1 0 0 0 1 1 1 1 1 0 0 0 33577.0 33285.0 33910.0 1 1000000000000000.0
1 0 1 1 1 0 1 1 1 1 1 1 0 1 0 1 1 1 0 0 0 0 1 0 1 1 0 1 1 1 1 1 1 1 0 1 1 0 1 0 0 1 1 0 1 1 0 1 1 1 1 1 0 1 0 0 0 1 1 0 1 0 1 1 0 0 1 1 0 1 1 0 1 1 0 1 1 0 1 1 1 1 0 0 0 1 0 0 1 0 0 1 1 1 1 1 0 0 1 0 35397.0 30753.0 32187.0 1 1000000000000000.0
0 0 1 1 1 0 1 1 1 1 1 1 0 1 0 1 1 1 0 0 0 0 1 0 1 1 0 1 1 1 1 1 1 1 0 1 1 0 1 0 0 1 1 0 1 1 1 0 1 1 1 1 0 1 0 0 0 1 1 0 1 0 1 1 0 0 0 1 0 1 1 0 1 1 0 1 1 1 1 1 1 1 0 1 0 0 1 0 1 0 0 0 1 1 1 1 1 0 0 0 34044.0 33049.0 32938.0 1 0.259476512334031
1 0 1 1 1 0 1 1 1 1 1 1 0 1 0 1 1 1 1 0 0 0 0 0 1 1 0 1 0 1 1 1 1 1 0 1 0 0 0 0 0 1 1 0 1 1 1 0 1 1 1 1 0 1 0 0 0 1 1 1 1 1 1 1 0 1 1 0 0 1 0 0 1 0 1 1 1 0 1 1 1 0 1 1 0 0 1 1 1 0 0 1 1 1 1 1 0 0 1 1 34560.0 28249.0 37340.0 1 0.23013765196243996
0 0 1 1 1 0 1 1 1 1 1 0 0 1 0 1 1 1 1 0 0 0 1 0 1 1 0 1 0 1 1 1 1 1 0 1 0 0 0 0 0 1 1 0 1 1 1 0 1 1 1 1 0 1 0 0 0 1 1 1 1 1 1 1 0 1 1 1 0 1 0 0 1 0 1 1 1 0 1 1 1 0 1 1 0 0 0 1 1 0 0 1 1 1 1 1 0 0 1 0 34163.0 28591.0 36795.0 1 0.22392541284237322
0 0 1 1 1 0 1 1 1 1 1 1 0 1 0 1 1 1 1 0 0 0 1 0 1 1 0 1 0 1 1 1 1 1 0 1 0 1 0 0 0 1 1 1 1 1 1 0 1 1 1 1 0 1 0 0 0 1 1 1 0 0 1 1 0 0 0 1 0 1 1 0 1 1 1 1 1 0 1 1 1 0 1 1 0 0 1 1 1 0 0 0 0 1 1 1 0 0 1 1 33479.0 30237.0 36404.0 1 0.2191138694927119
1 0 1 1 1 0 1 1 1 1 1 0 0 1 0 1 1 1 1 0 0 0 1 0 1 1 0 1 0 1 1 1 1 1 0 1 0 1 0 0 0 1 1 1 1 1 1 0 1 1 1 1 0 1 0 0 0 1 1 0 1 0 1 1 0 0 0 1 0 1 1 0 1 1 1 1 1 1 1 1 1 0 1 1 0 0 1 0 1 0 0 1 0 1 1 1 1 0 0 0 32633.0 32080.0 35657.0 1 0.19968426555729318
1 0 1 1 1 0 1 1 1 1 1 1 0 1 0 1 1 1 1 0 0 0 1 0 1 1 0 1 0 1 1 1 1 1 0 1 0 0 0 0 0 1 1 0 1 1 1 0 1 1 1 1 0 1 0 0 0 1 1 1 1 1 1 1 0 1 1 0 0 1 1 0 1 0 1 1 1 0 1 1 1 0 1 1 0 0 1 1 1 0 0 0 0 1 1 1 0 0 1 1 33895.0 28933.0 37141.0 1 0.19406829852952023
0 0 1 1 1 0 1 1 1 1 1 1 0 1 0 1 1 1 1 0 0 0 1 1 1 1 0 1 0 1 1 1 1 1 0 1 0 1 0 0 0 1 1 0 1 1 1 0 1 1 1 1 0 1 0 0 0 1 1 0 1 0 1 1 0 0 0 1 0 1 1 0 1 1 0 1 1 1 1 1 1 1 0 1 0 0 1 0 1 0 0 1 1 1 1 1 1 0 0 0 33326.0 31725.0 34844.0 1 0.1899475798832067
0 0 1 1 1 0 1 1 1 1 1 0 0 1 0 1 1 1 1 0 0 0 1 0 1 1 0 1 0 1 1 1 1 1 0 1 1 1 0 0 0 1 1 1 1 1 1 0 1 1 0 1 0 1 0 0 0 1 1 0 1 0 1 1 0 0 0 1 0 1 1 0 1 0 1 1 1 1 1 1 1 0 1 1 0 0 1 0 1 0 1 1 0 1 1 1 1 0 0 0 32385.0 31563.0 35834.0 1 0.15537966381024707
1 0 1 1 1 0 1 1 1 1 1 1 0 1 0 1 1 1 1 0 0 0 1 0 1 1 0 1 1 1 1 1 1 1 0 1 0 0 0 0 0 1 1 0 1 1 1 0 1 1 0 1 0 1 0 0 0 1 1 1 1 1 1 1 0 1 1 0 0 1 0 0 1 0 1 1 1 0 1 1 1 0 1 1 0 0 1 1 1 0 0 1 0 1 1 1 1 0 0 0 33218.0 30010.0 36750.0 1 0.14977816911918318
0 0 1 1 1 0 1 1 1 1 1 1 0 1 0 1 1 1 1 0 0 0 1 0 1 1 0 1 1 1 1 1 1 1 0 1 0 1 0 0 0 1 1 0 1 1 1 0 1 1 0 1 0 1 0 0 0 1 1 0 1 0 1 1 1 0 0 1 0 1 1 0 1 0 1 1 1 1 1 1 1 0 0 1 0 0 1 0 1 0 0 1 1 1 1 1 1 0 0 0 32844.0 31618.0 35128.0 1 0.14439952996559133
1 0 1 1 1 0 1 1 1 1 1 1 0 1 0 1 1 1 1 0 0 0 1 0 1 1 0 0 1 1 1 1 0 1 0 1 1 0 1 0 0 1 1 0 1 1 1 0 1 1 0 1 0 1 0 0 0 1 1 0 1 0 1 1 0 0 1 1 0 1 1 0 1 1 0 1 1 1 1 1 1 1 0 1 0 0 1 0 1 0 0 0 1 1 1 1 1 0 0 0 34227.0 32407.0 33115.0 1 0.14146282377141126
0 0 1 1 1 0 1 1 1 1 1 1 0 1 0 1 1 1 1 0 0 0 1 0 1 1 0 1 0 1 1 1 1 1 0 1 1 1 0 0 0 1 1 1 1 1 1 0 1 1 0 1 0 1 0 0 0 1 1 0 1 0 1 1 0 0 0 1 0 1 1 0 1 1 0 1 1 1 1 1 1 1 0 1 0 0 1 0 1 0 0 0 1 1 1 1 1 0 0 1 33736.0 32583.0 34200.0 1 0.14004399711587354
0 0 1 1 1 0 1 1 1 1 1 1 0 1 0 1 1 1 1 0 1 0 0 1 1 1 0 1 0 1 1 1 1 1 0 1 0 0 1 0 0 1 1 0 1 1 1 0 1 1 0 1 0 1 0 0 0 1 1 0 1 0 1 1 1 0 0 1 0 1 1 0 1 0 1 1 1 0 1 1 1 1 0 0 0 1 1 1 1 0 0 1 1 1 1 1 1 0 0 0 34719.0 29669.0 35784.0 1 0.13730099192283168
1 0 0 1 1 0 1 1 1 1 1 1 0 1 0 1 1 1 1 0 0 0 1 0 1 1 0 0 1 1 1 1 0 1 0 1 1 0 1 0 0 1 1 0 1 1 1 0 1 1 0 1 0 1 0 0 0 1 1 0 1 0 1 1 0 0 0 1 0 1 1 0 1 0 1 1 1 0 1 1 1 1 0 0 0 1 1 1 1 0 0 1 1 1 1 1 0 0 1 1 35785.0 29226.0 34221.0 1 0.13353872627180097
0 0 1 1 1 0 1 1 1 1 1 1 0 1 0 1 1 1 1 0 0 0 1 0 1 1 0 1 1 1 1 1 1 1 0 1 0 1 0 0 0 1 1 0 1 1 1 0 1 1 0 1 0 1 0 0 0 1 1 0 1 0 1 1 1 0 0 0 0 1 0 0 1 0 1 1 1 1 1 1 1 1 0 1 0 1 1 1 1 0 0 1 1 1 1 1 0 0 1 0 33699.0 30709.0 35323.0 1 0.13158099793552766
