1 0 1 1 1 1 1 1 1 1 1 1 1 1 0 1 1 0 1 0 1 0 0 1 1 1 0 0 0 0 1 1 0 0 1 1 0 1 0 0 0 1 1 0 1 1 1 0 1 1 1 1 0 1 0 0 0 1 0 1 1 0 1 1 0 1 1 0 0 1 1 0 1 0 0 1 1 0 1 1 1 1 0 0 0 1 0 1 1 0 0 1 1 1 1 1 0 0 1 1 32400.0 25252.0 33131.0 0 1000000000000000.4
1 0 1 1 1 1 1 1 1 1 1 1 1 1 0 1 1 0 1 0 1 0 0 1 1 1 0 0 0 0 1 1 0 0 1 1 0 1 0 0 0 1 1 0 1 1 1 0 1 0 1 0 0 1 0 0 1 1 1 1 1 0 1 1 0 1 1 0 0 1 1 0 1 0 0 1 1 0 1 0 1 0 1 1 0 0 1 1 1 0 0 0 0 1 1 1 1 1 0 0 29319.0 26337.0 32851.0 0 0.4379160602419273
0 0 1 1 1 1 1 1 1 1 1 1 1 1 0 1 1 0 1 0 1 0 1 0 1 1 0 0 0 0 1 1 0 0 1 1 0 1 1 0 0 1 1 0 1 1 1 0 1 0 1 0 0 1 0 0 1 1 1 1 1 0 1 1 0 1 0 0 0 1 1 0 1 0 0 1 1 0 1 1 1 1 0 0 0 1 1 1 1 0 0 0 0 1 1 1 1 1 1 0 31195.0 27108.0 31541.0 0 0.3983113048145094
0 0 1 1 1 0 0 1 1 1 1 0 1 1 0 1 0 0 1 0 0 0 0 1 1 1 1 0 0 0 1 1 1 1 0 0 1 1 1 0 0 1 1 0 0 1 1 0 1 1 1 0 0 1 0 0 1 1 1 1 1 0 1 1 0 1 1 0 0 1 1 0 1 0 0 1 1 0 1 1 1 1 0 0 0 1 0 1 1 0 0 1 1 1 1 1 0 0 1 1 32604.0 23899.0 31514.0 0 1000000000000000.2
0 0 1 1 1 0 1 1 1 1 1 1 1 1 0 1 1 0 1 0 1 0 0 1 1 1 0 0 0 0 1 1 0 0 1 1 0 1 0 0 0 1 1 0 1 1 1 0 1 0 1 0 0 1 0 0 1 1 1 1 1 0 1 1 0 0 0 0 0 1 0 0 0 1 1 0 0 1 1 1 1 1 0 1 1 0 0 0 1 0 0 1 1 1 1 1 1 1 0 0 29105.0 27170.0 29933.0 0 0.34047422436018004
0 0 1 1 1 0 0 1 1 0 1 1 1 1 1 0 0 1 1 0 0 0 1 0 1 1 1 0 0 0 1 1 1 0 1 1 0 1 0 0 1 1 1 0 0 1 1 0 1 0 1 1 0 1 0 0 0 1 1 1 1 0 1 1 1 1 1 0 0 1 1 0 1 0 0 1 1 0 1 1 1 1 0 0 0 1 0 1 1 0 0 1 1 1 1 1 0 0 1 1 32302.0 25393.0 29933.0 0 0.11620685346971654
1 0 1 1 1 0 0 1 1 0 1 1 1 1 1 0 0 1 1 0 0 0 1 1 1 1 0 0 0 0 1 1 0 0 1 1 0 1 0 0 0 1 1 0 1 1 1 0 1 1 1 1 0 1 0 0 0 1 0 1 1 0 1 1 0 1 1 0 1 1 1 0 1 0 0 1 1 0 1 1 1 1 0 0 0 1 0 1 1 0 0 1 1 1 1 1 0 0 1 1 32161.0 25465.0 29701.0 0 0.1857247912599015
1 0 1 1 1 0 1 1 1 1 1 1 1 1 0 0 0 0 0 0 0 0 0 1 1 0 1 0 0 0 1 1 0 0 1 1 0 0 0 0 1 1 1 0 0 1 1 0 1 1 1 1 0 1 1 1 1 1 1 1 1 0 1 1 0 1 0 0 0 1 1 0 1 0 0 1 1 0 1 1 1 1 0 0 0 1 1 1 1 0 0 0 0 1 1 1 1 1 1 0 31877.0 25993.0 29303.0 0 0.2052515245771071
0 0 1 1 1 0 0 1 0 1 1 0 1 1 0 1 0 1 0 1 0 0 1 1 1 1 1 0 0 0 1 1 0 1 1 1 0 0 0 0 0 1 1 0 0 1 1 0 1 1 1 0 0 1 0 0 1 1 1 1 1 0 1 0 0 1 0 0 0 1 1 0 1 0 0 1 1 0 1 0 1 0 1 1 1 0 0 1 1 0 0 0 0 1 1 1 1 1 0 0 28654.0 27473.0 29222.0 0 1000000000000000.1
1 0 1 1 1 0 0 1 1 0 1 1 1 1 1 0 0 1 1 0 0 0 1 0 0 1 0 1 1 1 0 1 0 0 0 1 1 0 1 0 0 1 1 0 1 1 1 0 1 0 1 0 0 1 0 0 1 1 1 1 1 0 1 1 0 1 1 0 0 1 1 0 1 0 0 1 1 0 1 0 1 0 1 1 0 0 1 1 1 0 0 0 1 1 1 1 0 0 1 1 31530.0 27714.0 29073.0 0 0.29690680539636954
1 0 1 1 1 0 0 1 1 0 1 1 1 1 1 0 0 1 1 0 0 0 1 0 0 1 0 0 0 0 1 1 0 1 0 0 1 1 0 0 0 1 1 0 1 1 1 0 1 1 1 0 0 1 0 0 1 1 1 1 1 0 1 1 0 1 1 1 0 1 1 0 1 0 0 0 1 0 1 1 1 1 0 0 0 1 0 1 1 0 0 1 1 1 1 1 1 0 1 1 32375.0 26098.0 28831.0 0 0.13112173536395588
1 0 1 1 1 0 0 0 1 0 1 1 1 1 1 0 0 1 1 0 0 0 1 0 0 1 0 1 1 1 0 1 0 0 0 1 1 0 1 0 0 1 1 0 1 1 1 0 1 0 1 0 0 1 0 0 1 1 1 1 1 0 1 1 0 1 1 0 0 1 1 0 1 0 0 1 1 0 1 0 1 0 1 1 0 0 1 1 1 0 0 0 0 1 1 1 1 1 0 1 29585.0 28234.0 28815.0 0 0.0986412579441067
1 0 1 1 1 0 0 1 1 0 1 1 1 1 1 0 0 1 1 0 0 0 1 0 0 1 0 1 1 1 0 1 0 0 0 1 0 1 0 0 0 1 1 0 1 1 1 0 1 1 1 1 0 1 0 0 0 1 0 1 1 0 1 1 0 1 1 0 0 1 1 0 1 0 0 1 1 0 1 1 1 1 0 0 0 1 0 1 1 0 0 1 1 1 1 1 0 0 1 1 31867.0 26523.0 28679.0 0 0.2615875200544218
1 0 1 1 1 0 0 0 1 0 1 1 1 1 1 0 0 1 1 0 0 0 1 0 0 1 0 1 1 1 0 1 0 0 0 1 1 0 1 0 0 1 1 0 1 1 1 0 1 0 1 0 0 1 0 0 1 1 1 1 1 0 1 1 0 1 1 0 0 1 1 0 1 0 0 1 1 0 0 1 1 1 0 1 1 0 1 1 1 0 0 0 0 1 1 1 1 1 0 0 29600.0 28211.0 28677.0 0 0.1764453223667907
1 0 1 1 1 0 0 0 1 0 1 1 1 1 1 0 0 1 1 0 0 0 1 0 0 1 0 1 1 1 0 1 0 0 0 1 1 0 1 0 0 1 1 0 1 1 1 0 1 0 1 0 0 1 0 0 1 1 1 1 1 0 1 1 1 1 1 0 0 1 1 0 1 0 0 1 1 0 1 1 1 1 0 0 0 1 0 1 1 0 0 1 1 1 1 1 0 0 1 1 32036.0 27221.0 28669.0 0 0.10423577969806536
0 0 1 1 1 0 0 1 1 0 1 1 1 1 1 0 0 1 1 0 0 0 1 0 0 1 1 1 0 0 1 1 0 0 1 1 0 1 0 0 0 1 1 0 1 1 1 0 1 0 1 0 0 1 0 0 1 1 1 1 1 0 1 1 0 1 1 0 0 1 1 0 1 1 0 1 1 0 1 1 1 1 0 0 0 1 0 1 1 0 0 1 1 1 1 1 0 0 1 1 32478.0 25634.0 28548.0 0 0.16799333864739519
1 0 1 1 1 0 0 0 1 0 1 1 1 1 1 0 0 1 1 0 0 0 1 0 0 1 0 1 1 1 0 1 0 0 0 1 1 0 1 0 0 1 1 0 1 1 1 0 1 1 1 1 0 1 1 0 0 1 0 1 1 0 1 1 0 1 1 0 0 1 1 0 1 0 0 1 1 0 1 1 1 1 0 0 0 1 0 1 1 0 0 1 1 1 1 1 0 0 1 1 32217.0 27161.0 28500.0 0 0.06990162264056021
0 0 1 1 1 0 0 1 1 0 1 1 1 1 1 0 0 1 1 0 0 0 1 0 0 1 1 1 1 1 0 1 0 1 0 1 1 0 1 0 0 1 1 0 1 1 1 0 1 0 1 0 0 1 1 0 1 1 1 0 1 0 1 0 0 1 1 0 0 1 1 0 0 0 0 1 1 0 1 1 1 1 0 0 0 1 1 1 1 0 0 1 1 1 1 1 0 0 1 1 32550.0 27240.0 28397.0 0 0.12647970040304693
1 0 1 1 1 0 0 1 1 0 1 1 1 1 1 0 0 1 1 0 0 0 1 0 0 1 0 1 1 1 0 1 0 0 0 1 1 0 1 0 0 1 1 0 1 1 1 0 1 0 1 0 0 1 0 0 1 1 1 1 1 0 1 1 0 1 1 0 0 1 1 0 1 0 0 1 1 0 1 1 1 1 0 0 1 1 0 0 1 0 0 1 1 1 1 1 0 0 1 1 32632.0 27860.0 28196.0 0 1000000000000000.1
1 0 1 1 1 0 0 0 1 0 1 1 1 1 1 0 0 1 1 0 0 0 1 0 0 1 0 1 1 1 0 1 0 0 0 1 1 0 1 0 0 1 1 0 1 1 1 0 1 0 1 0 0 1 0 0 1 1 1 1 1 0 1 1 1 1 1 0 0 1 1 0 1 0 0 1 1 0 1 1 1 1 0 0 1 1 0 1 1 0 0 0 0 1 0 1 1 1 0 0 30044.0 28240.0 27312.0 0 0.5986287428358036
0 0 1 1 1 0 0 1 1 0 1 1 1 1 1 1 0 1 1 0 0 0 1 0 1 0 0 1 1 1 0 0 0 0 0 1 1 0 1 0 0 1 1 0 1 1 1 0 1 0 1 0 0 1 1 0 1 1 1 1 1 0 1 0 0 0 0 0 0 1 0 0 0 1 1 1 1 1 1 1 1 1 0 0 0 1 0 1 1 0 0 1 1 1 1 1 0 0 1 1 31221.0 27936.0 26975.0 0 0.28353966967311794
1 0 1 1 1 1 0 1 0 0 1 1 1 1 1 0 0 1 1 0 0 0 1 0 0 1 0 1 1 1 0 1 0 0 1 1 0 1 0 0 0 1 1 0 1 1 1 0 1 0 1 0 0 1 0 0 1 1 1 1 1 0 1 1 0 0 0 0 0 1 0 0 0 1 1 0 0 1 1 1 1 1 0 1 1 0 0 0 1 0 0 1 1 1 1 1 1 1 0 0 28931.0 28899.0 26428.0 0 1000000000000000.2
1 0 1 1 1 0 0 0 1 0 1 1 1 1 1 0 0 1 1 0 0 0 1 0 0 0 0 1 1 1 0 1 0 0 0 1 1 0 1 0 0 1 1 0 1 1 1 0 1 0 1 0 0 1 1 0 1 1 1 1 1 0 1 0 0 0 0 1 0 1 0 0 0 1 1 1 1 1 1 1 1 1 0 0 0 1 0 1 1 0 0 1 1 1 1 1 1 1 0 0 30921.0 28675.0 26285.0 0 1000000000000000.4
0 0 1 1 1 0 1 1 1 1 1 1 1 1 0 1 1 0 1 0 1 0 0 1 1 1 0 0 0 0 1 1 0 0 1 1 0 1 0 0 0 1 1 0 1 1 1 0 1 0 1 0 0 1 0 0 1 1 1 1 1 0 1 1 0 1 1 0 0 1 1 0 1 0 0 1 1 0 1 1 1 1 0 0 0 1 0 1 1 0 1 1 1 1 1 1 0 0 1 1 31998.0 24510.0 32510.0 1 1000000000000000.1
0 0 1 1 1 0 1 1 1 1 1 1 1 1 0 1 1 0 1 0 1 0 0 1 1 1 0 0 0 0 1 1 0 0 1 1 0 1 0 0 0 1 1 0 1 1 1 0 1 1 1 1 0 1 0 0 0 1 0 1 1 0 1 1 0 1 1 0 0 1 1 0 1 0 0 1 1 0 1 1 1 1 0 0 0 1 0 1 1 0 0 1 1 1 1 1 0 0 1 1 32030.0 24940.0 32494.0 1 0.24277804446623732
1 0 1 1 1 1 1 1 1 1 1 1 1 1 0 1 1 0 1 0 1 0 0 0 1 1 0 0 0 0 0 1 1 0 0 1 1 1 1 0 0 1 1 0 1 1 1 0 1 0 1 0 0 1 0 0 0 1 1 1 1 0 1 0 0 1 0 0 0 1 1 0 1 0 0 1 1 0 1 0 1 0 1 1 1 0 1 1 1 0 0 0 0 1 1 1 1 1 0 0 27762.0 26965.0 31501.0 1 1000000000000000.4
1 0 1 1 1 0 1 1 1 1 1 1 1 1 0 0 0 0 1 0 0 0 0 1 0 1 1 0 0 0 1 1 1 1 0 0 1 1 1 0 0 1 1 0 0 1 1 0 1 1 0 0 0 1 0 0 0 1 1 1 1 0 1 1 0 1 1 0 0 1 1 0 1 0 0 1 1 0 1 1 1 1 0 0 0 1 0 1 1 0 0 1 1 1 1 1 0 0 1 1 32448.0 23135.0 31086.0 1 0.10681125704540624
0 0 1 1 1 0 1 1 1 1 1 1 1 1 0 0 0 1 0 1 0 0 1 1 1 1 0 0 0 0 1 1 1 1 0 0 1 1 1 0 0 1 1 0 0 1 1 0 1 1 1 0 1 1 0 0 1 1 0 0 1 0 1 1 0 0 0 0 0 1 0 0 0 1 1 1 1 0 0 1 1 0 1 1 0 0 0 1 1 0 0 1 1 1 1 1 0 0 1 1 30618.0 24956.0 31053.0 1 0.11976637345325772
1 1 0 0 1 0 0 1 1 1 1 0 1 1 0 1 0 0 1 0 0 0 0 1 1 1 1 0 0 0 1 1 1 1 0 0 1 1 1 0 0 1 1 0 0 1 1 0 1 1 1 0 0 1 0 0 1 1 1 1 1 0 1 1 0 1 1 0 0 1 1 0 1 0 0 1 1 0 1 1 1 1 0 0 0 1 0 1 1 0 0 1 1 1 1 1 0 0 1 1 32479.0 23183.0 30903.0 1 0.1859705721472966
0 0 1 1 1 0 0 1 1 1 1 0 1 1 0 1 0 0 1 0 0 0 0 1 1 1 1 0 0 0 1 1 1 1 0 0 1 1 1 0 0 1 1 0 0 0 1 0 1 1 1 0 0 1 0 0 1 1 1 1 1 0 1 1 0 1 1 0 0 1 1 0 1 0 0 1 1 0 1 1 1 1 0 0 0 1 0 1 1 0 0 1 1 1 1 1 0 0 1 1 32533.0 23095.0 30864.0 1 2000000000000000.0
1 0 1 0 1 0 1 1 1 1 1 1 1 1 0 1 1 0 1 0 1 0 0 1 1 1 0 0 0 0 1 1 0 0 1 1 0 1 0 0 0 1 1 0 1 1 1 0 1 0 1 0 0 1 0 0 1 1 1 1 1 0 1 1 0 0 0 0 0 1 0 0 0 1 1 1 0 1 1 1 1 1 0 1 1 0 0 0 1 0 0 1 1 1 1 1 0 0 1 1 30643.0 25475.0 30658.0 1 0.05590862067717986
1 1 1 0 1 0 1 1 1 1 1 1 1 1 0 1 1 0 1 0 1 0 0 1 1 1 0 1 0 0 1 1 0 0 1 1 0 1 0 0 0 1 1 0 1 1 1 0 1 0 1 0 0 1 0 0 1 1 1 1 1 0 1 1 0 1 0 0 0 1 1 0 1 0 0 0 1 0 1 1 1 1 0 0 0 1 1 1 1 0 0 0 0 1 1 1 1 1 1 0 30690.0 25512.0 30613.0 1 0.1180532982152505
0 0 1 1 1 0 1 1 1 1 1 1 1 1 0 1 1 0 1 0 1 0 0 1 1 1 0 0 0 0 1 1 0 0 1 1 0 1 0 0 0 1 1 0 1 1 1 0 1 0 1 0 0 1 0 0 1 1 1 1 1 0 1 1 0 0 0 0 0 1 0 0 0 1 1 0 0 1 1 1 1 1 0 1 1 0 0 0 1 0 0 1 1 1 1 1 0 0 1 1 29861.0 25801.0 30397.0 1 0.17919342888396764
0 0 1 1 1 0 1 1 1 1 1 1 1 1 0 0 0 1 0 1 0 0 1 1 1 1 0 0 0 0 1 1 1 1 0 0 1 1 1 0 0 1 1 0 0 1 1 0 1 1 0 0 0 1 0 0 1 1 0 0 1 0 1 1 0 1 1 0 0 1 1 0 1 0 0 1 1 0 0 1 1 1 1 1 0 0 0 1 1 0 0 0 0 1 1 1 1 1 0 0 29009.0 25833.0 30296.0 1 0.09255881232501517
1 1 1 0 1 0 1 1 1 1 1 1 1 1 0 0 1 0 1 0 0 0 0 1 1 1 0 0 0 1 1 1 1 1 0 0 1 1 1 0 0 1 1 0 0 1 1 0 1 1 1 0 0 1 0 0 1 1 1 1 1 0 1 0 0 1 0 0 0 1 1 0 1 0 0 1 1 0 1 0 1 0 1 1 0 0 1 0 1 0 0 0 0 1 1 1 1 1 0 0 28699.0 25999.0 29929.0 1 0.23087007856991673
0 0 1 1 1 0 1 1 1 1 1 1 1 1 0 1 1 0 1 0 1 0 0 1 1 1 0 0 0 0 1 1 0 0 1 1 0 1 0 0 0 1 1 0 1 1 1 0 1 0 1 0 0 1 0 0 1 1 1 1 1 0 1 1 0 0 0 0 0 1 1 0 0 1 1 0 0 1 1 1 1 1 0 1 1 0 0 0 1 0 0 1 1 1 1 1 0 1 0 0 29068.0 26536.0 29911.0 1 0.1449125836774386
0 0 1 1 1 0 1 1 1 1 1 1 1 1 0 0 0 1 0 1 0 0 1 1 1 1 0 0 0 0 1 1 1 1 0 0 1 1 1 0 0 1 1 0 0 1 1 0 1 1 0 0 0 1 0 0 1 1 0 0 1 0 1 1 0 1 1 0 0 1 1 0 1 0 0 1 1 0 1 1 1 1 0 0 1 1 1 1 1 0 0 0 0 1 0 1 1 1 0 0 29996.0 26331.0 29423.0 1 0.19190348684579672
0 1 1 1 1 1 1 0 1 1 0 1 0 1 0 1 0 1 1 0 0 0 1 0 0 1 0 0 0 0 1 1 0 1 0 0 1 1 0 0 0 1 1 0 1 1 1 0 1 1 1 0 0 1 1 0 1 1 1 1 1 0 1 1 0 0 0 0 1 1 0 0 0 1 1 1 0 1 1 1 1 1 0 1 0 0 0 0 1 0 0 1 1 1 1 1 0 0 1 1 30329.0 25844.0 29232.0 1 0.10654758898831806
0 0 1 1 1 0 1 1 1 1 1 1 1 1 0 1 1 1 0 1 0 0 1 1 1 1 1 0 0 0 1 1 0 0 1 1 0 0 0 0 1 1 1 0 0 0 1 0 0 1 1 1 0 1 0 0 0 1 0 1 1 0 1 0 1 0 1 1 0 1 1 0 0 0 0 1 0 1 1 1 1 0 0 1 0 0 0 1 1 0 0 0 0 1 1 1 1 1 0 0 28567.0 26756.0 29183.0 1 0.12220220287917404
1 0 1 1 1 0 0 1 1 0 1 1 1 1 0 0 0 1 0 1 0 0 1 1 1 1 1 0 0 0 1 1 0 1 1 1 0 0 0 0 1 0 1 0 0 1 1 0 1 0 1 1 0 1 0 0 0 1 1 1 1 0 1 1 0 1 1 0 0 1 1 0 1 0 0 1 1 0 1 0 1 0 1 1 0 0 1 1 1 0 0 0 1 1 1 1 0 0 1 1 31265.0 25110.0 29172.0 1 0.11302131251824667
0 0 1 1 1 0 1 1 1 1 1 1 0 1 0 0 0 1 0 1 0 0 1 1 1 1 0 0 0 0 1 1 1 1 0 0 1 1 1 0 0 1 1 0 0 1 1 0 1 0 1 1 0 1 0 0 0 0 1 1 0 0 1 1 1 1 1 0 0 1 1 0 1 0 0 1 1 0 1 1 1 1 0 0 1 1 0 1 1 0 0 0 0 1 0 1 1 1 0 0 29880.0 26657.0 29064.0 1 0.06560530782386911
0 0 1 1 1 0 0 1 1 0 1 1 1 1 1 0 0 1 1 0 0 0 1 0 1 1 1 0 0 0 1 1 1 0 1 1 0 1 0 0 0 1 1 0 1 1 1 0 1 0 1 0 0 1 0 0 1 1 1 1 1 0 1 1 0 1 1 0 0 1 1 0 1 0 0 0 1 0 1 1 1 1 0 0 0 1 0 1 1 0 0 1 1 1 1 1 1 0 1 1 31089.0 25491.0 28966.0 1 0.04958095730007342
0 0 1 1 1 0 1 1 1 1 1 1 1 1 1 0 0 1 0 1 0 0 1 1 1 1 0 0 0 0 1 1 1 1 0 0 1 1 1 0 0 1 1 0 0 1 1 0 1 1 1 0 0 1 0 0 1 1 1 1 1 0 0 0 0 1 0 0 0 1 1 0 1 0 0 1 1 0 1 0 1 0 1 1 0 0 1 1 1 0 0 0 0 1 1 1 1 1 0 0 29189.0 27290.0 28847.0 1 0.14305582944933945
0 0 1 1 1 0 0 1 1 0 1 1 1 1 1 0 0 1 1 0 0 0 1 0 1 1 1 0 0 0 1 1 1 0 1 1 0 1 0 0 1 1 1 0 0 1 1 0 1 0 1 1 0 1 0 0 0 1 1 1 1 0 1 1 1 1 1 0 0 1 1 0 1 0 0 1 1 0 1 1 1 0 0 0 1 0 1 0 1 0 0 0 0 1 1 1 1 1 0 0 29538.0 26663.0 28768.0 1 0.17553486865931234
0 0 1 1 1 0 0 1 0 1 1 0 1 1 0 0 0 1 0 1 0 0 1 1 1 1 1 0 0 0 1 1 0 1 1 1 0 0 0 0 1 0 1 0 0 1 1 0 1 0 1 1 0 1 0 0 0 1 1 1 1 0 1 1 0 1 1 0 0 1 1 0 1 0 0 1 1 0 1 1 1 1 0 0 0 1 0 1 1 0 0 1 1 1 1 1 0 0 1 1 32039.0 23881.0 28739.0 1 0.23555470000985032
0 0 1 1 1 0 0 1 1 0 1 1 1 1 1 0 0 1 1 0 0 0 1 0 1 1 1 0 0 0 1 1 1 0 1 1 0 1 0 0 0 1 1 0 1 1 1 0 1 0 1 0 0 1 1 0 1 1 1 1 1 0 1 1 0 0 0 0 0 1 0 0 0 1 1 1 0 1 1 1 1 1 0 1 1 0 0 0 1 0 0 1 1 1 1 1 0 0 1 1 30869.0 26320.0 28671.0 1 0.15723786004757162
0 0 1 1 1 0 0 1 1 0 1 1 1 1 1 0 0 1 1 0 0 0 1 0 1 1 1 0 0 0 1 1 1 0 1 1 0 1 0 0 1 1 1 0 0 1 1 0 1 0 1 1 0 1 0 0 0 1 1 1 1 0 1 1 1 1 1 0 0 1 1 0 1 0 0 1 1 0 1 1 1 1 0 0 1 1 0 1 1 0 0 0 0 1 0 1 1 1 0 0 30310.0 26412.0 28576.0 1 0.13137875184650052
0 0 1 1 1 0 1 1 1 1 1 1 1 1 0 1 0 0 0 0 0 0 0 0 0 1 0 1 1 1 0 1 0 0 0 1 1 0 1 0 0 1 1 0 1 1 1 0 1 0 1 0 0 1 0 0 0 1 1 1 1 0 1 0 0 1 0 0 0 1 1 0 1 0 0 1 1 0 1 0 1 0 1 1 1 0 1 1 1 0 0 0 0 1 1 1 1 1 0 0 27770.0 27826.0 28516.0 1 0.18393663458315532
1 0 1 1 1 0 0 0 1 0 1 1 1 1 1 0 0 1 1 0 0 0 1 0 0 1 0 0 0 0 1 1 0 1 0 0 1 1 0 0 0 1 1 0 1 1 1 0 1 1 1 0 0 1 0 0 1 1 1 1 1 0 1 1 0 1 1 1 0 1 1 0 1 0 0 0 1 0 1 1 1 1 0 0 0 1 0 1 1 0 0 1 1 1 1 1 1 0 1 1 31404.0 25473.0 28421.0 1 0.1378103277437664
1 0 1 1 1 0 0 1 1 0 1 1 1 1 0 0 0 1 0 1 0 0 1 1 1 1 1 0 0 0 1 1 0 1 1 1 0 0 0 0 1 0 1 0 0 1 1 0 1 0 1 0 0 1 0 0 1 1 1 1 1 0 1 1 0 1 1 0 0 1 1 0 1 0 0 1 1 0 1 1 1 1 0 0 0 1 0 1 1 0 0 1 1 1 1 1 0 0 1 1 32204.0 24167.0 28365.0 1 0.20406304966303776
1 1 0 0 1 0 1 1 1 1 1 1 1 1 0 0 0 0 1 0 0 0 0 1 1 1 1 1 1 1 0 1 0 0 0 1 1 0 1 0 0 1 1 0 1 1 1 0 1 0 1 0 0 1 1 0 1 1 1 1 1 0 1 0 0 0 0 0 0 1 0 0 0 1 1 1 0 1 1 1 1 1 0 0 1 0 0 0 1 0 0 1 1 1 1 1 0 0 1 1 31749.0 25834.0 28305.0 1 0.04583166399281307
1 0 1 1 1 0 0 1 1 0 1 1 1 1 0 0 0 1 0 1 0 0 1 1 1 1 1 0 0 0 1 1 0 1 1 1 0 0 0 0 1 0 1 0 0 1 1 0 1 0 1 1 0 1 0 0 0 1 1 1 1 0 1 1 0 1 1 0 0 1 1 0 1 0 0 1 1 0 1 1 1 1 0 0 1 1 0 0 1 0 0 1 1 1 1 1 0 0 1 1 32367.0 25256.0 28295.0 1 0.13058389935145623
0 0 1 1 1 0 0 1 1 0 1 1 1 1 1 0 0 1 1 0 0 0 1 0 1 1 1 0 0 0 1 1 1 0 1 1 0 1 0 0 0 1 1 0 1 1 1 0 1 0 1 0 0 1 1 0 1 1 1 1 1 0 1 1 0 0 0 0 1 1 0 0 0 1 1 1 0 1 1 1 1 1 0 1 0 0 0 0 1 0 0 1 1 1 1 1 0 0 1 1 31129.0 25867.0 28229.0 1 0.0640519605182009
1 0 1 1 1 0 0 0 1 0 1 1 1 1 1 0 0 1 1 0 0 0 1 0 0 1 0 1 1 1 0 1 0 0 0 1 1 0 1 0 0 1 1 0 1 1 1 0 1 0 1 0 0 1 0 0 1 1 1 1 1 0 1 1 0 1 1 0 0 1 1 0 1 0 0 1 1 0 1 0 1 0 1 1 0 0 1 1 1 0 0 0 0 1 1 1 1 1 0 0 28989.0 28207.0 28128.0 1 0.17128363088477527
1 0 1 1 1 0 0 0 1 0 1 1 1 1 1 0 0 1 1 0 0 0 1 0 0 1 0 1 1 1 0 1 0 0 1 1 1 0 1 0 0 1 1 0 1 1 1 0 1 0 1 0 0 1 0 0 1 1 1 1 1 0 1 1 0 1 1 0 0 1 1 0 1 0 0 1 1 0 0 1 1 1 0 0 1 0 0 0 1 0 0 1 1 1 1 1 0 0 1 1 31137.0 26581.0 27910.0 1 0.09148170595361838
1 0 1 1 1 0 0 0 1 0 1 1 1 1 1 0 0 1 1 0 0 0 1 0 0 1 0 1 1 1 0 1 0 0 0 1 1 0 1 0 0 1 1 0 1 0 1 1 1 0 1 0 0 1 0 0 1 1 1 1 1 0 1 1 0 1 1 0 0 1 1 0 1 0 0 1 1 0 1 1 1 1 0 0 0 1 0 1 1 0 0 1 0 1 1 1 1 0 1 1 31836.0 27226.0 27858.0 1 0.20117308615612228
1 0 1 1 1 0 0 1 1 0 1 1 1 1 1 0 0 1 1 0 0 0 1 0 1 0 0 1 1 1 0 0 0 0 0 1 1 0 1 0 0 1 1 0 0 0 1 0 1 1 1 0 0 1 0 0 1 1 1 1 1 0 1 0 0 1 0 0 0 1 1 0 1 0 1 1 1 0 1 0 1 0 1 1 1 0 1 1 1 0 0 0 0 1 1 1 1 1 0 0 28429.0 28221.0 27320.0 1 0.3019252425869909
0 1 1 0 1 1 1 1 1 1 1 1 0 1 0 1 0 1 0 1 0 0 1 1 1 1 0 0 0 1 0 1 0 0 0 1 1 0 1 0 0 1 1 0 1 1 1 0 1 0 1 0 0 1 1 0 1 1 1 1 1 0 1 0 0 0 0 0 0 1 0 0 0 1 1 1 0 1 1 1 1 1 0 0 1 0 0 0 1 0 0 1 1 1 1 1 0 1 0 0 29954.0 27908.0 27228.0 1 0.17342318055771813
1 0 1 1 1 0 0 0 1 0 1 1 1 1 1 0 0 1 1 0 0 0 1 0 0 0 0 1 1 1 0 1 0 0 0 1 1 0 1 0 0 1 1 0 1 1 1 0 1 0 1 0 0 1 1 0 1 1 1 1 1 0 1 0 0 0 0 1 0 1 0 0 0 1 1 1 1 1 1 1 1 1 0 0 0 1 0 1 1 0 0 1 1 1 1 1 0 0 1 1 31677.0 27306.0 26749.0 1 0.2672670397456873
1 0 1 1 1 1 0 1 0 0 1 1 1 1 1 0 0 1 1 0 0 0 1 0 0 1 0 1 1 1 0 1 0 0 0 1 1 0 1 0 0 1 1 0 1 1 1 0 1 0 1 0 0 1 1 0 1 1 1 1 1 0 1 0 0 0 0 0 0 1 0 0 0 1 1 1 0 1 1 1 1 1 0 0 1 0 0 0 1 0 0 1 1 1 1 1 0 0 1 1 30618.0 27549.0 26160.0 1 0.11519036707442015
1 0 1 1 1 0 0 1 1 0 1 1 1 1 0 0 0 1 1 0 0 0 1 0 0 0 0 1 1 1 0 1 0 0 0 1 1 0 1 0 0 1 1 0 0 1 1 0 1 0 1 0 0 1 1 1 1 0 1 1 1 0 1 1 0 1 0 0 0 1 1 0 1 0 0 1 1 0 1 1 1 1 0 0 0 1 1 1 1 0 0 0 0 1 1 1 1 1 1 0 30743.0 27558.0 26110.0 1 0.09788128309889217
1 0 1 1 1 0 0 1 1 0 1 1 1 1 1 0 0 1 1 0 0 0 1 0 0 1 0 1 1 1 0 1 0 0 0 1 1 0 1 0 0 1 1 0 1 1 1 0 1 0 1 0 0 1 1 0 1 1 1 1 1 0 1 0 0 0 0 0 0 1 0 0 0 1 1 1 0 1 1 1 1 1 0 0 1 0 0 0 1 0 0 1 1 1 1 1 0 0 1 1 31080.0 27796.0 26066.0 1 0.13651865044145317
0 0 1 1 1 0 0 1 1 0 1 1 1 1 1 0 0 1 1 0 0 0 1 0 0 1 0 1 1 1 0 1 0 0 0 1 1 0 1 0 0 1 1 0 1 1 1 0 1 0 1 0 0 1 0 0 1 1 1 1 1 0 1 1 0 0 0 0 0 1 0 0 0 1 1 0 0 1 1 1 1 1 0 1 1 0 0 0 1 0 0 1 1 1 1 1 0 0 1 0 29960.0 28425.0 25841.0 1 1000000000000000.0
0 0 1 1 1 0 0 1 1 0 1 1 1 1 1 0 0 1 0 0 0 0 1 0 0 1 1 1 1 0 0 1 0 0 0 1 1 0 1 0 0 1 1 0 1 1 1 0 1 1 1 0 0 1 1 0 1 1 1 1 1 0 1 0 0 0 0 0 0 1 0 0 0 1 1 1 0 1 1 1 1 1 0 0 1 0 0 0 1 0 0 1 1 1 1 1 0 0 1 1 31323.0 27480.0 25806.0 1 1000000000000000.1
0 0 1 1 1 0 0 1 1 1 1 0 1 1 0 1 0 0 1 0 0 0 0 1 1 1 1 0 0 0 1 1 1 1 0 0 1 1 1 0 0 1 1 0 0 0 1 0 1 1 1 0 0 1 0 0 1 1 1 1 1 0 1 1 0 1 1 0 0 1 0 0 1 0 0 1 1 0 1 1 1 1 0 0 0 1 0 1 1 0 0 1 1 1 1 1 0 0 1 1 32286.0 22838.0 30485.0 2 2000000000000000.0
0 1 1 1 1 1 1 0 0 1 0 1 1 1 0 1 1 0 1 0 1 0 0 1 1 1 0 0 0 0 1 1 0 0 1 1 0 1 0 0 0 1 1 0 0 1 1 0 1 1 1 0 0 1 0 0 0 1 1 1 1 0 1 1 1 1 1 0 0 1 1 0 1 0 0 1 1 0 1 1 1 1 0 0 0 1 0 1 1 0 0 1 1 1 1 1 0 0 1 1 30484.0 23819.0 32255.0 2 1000000000000000.2
1 0 1 1 1 0 0 0 1 0 1 1 1 1 1 0 0 1 1 0 0 0 1 0 0 0 0 1 1 1 0 1 0 0 0 1 1 0 1 0 0 1 1 0 1 1 1 0 1 0 1 0 0 1 1 0 1 1 1 1 1 0 1 0 0 0 0 1 0 1 0 0 0 1 1 1 1 1 1 1 1 1 0 0 1 1 0 1 1 0 0 0 0 1 0 1 1 1 0 0 29685.0 28325.0 25392.0 2 1000000000000000.1
1 0 1 1 1 0 0 1 1 0 1 1 1 1 1 0 0 1 1 0 0 0 1 0 0 1 0 1 1 1 0 1 0 0 0 1 1 0 1 0 0 1 1 0 1 1 1 0 1 0 1 0 0 1 1 0 1 1 1 1 1 0 0 0 0 0 0 0 0 1 0 0 0 1 1 1 0 1 1 1 1 1 0 1 1 0 0 0 0 0 0 1 1 1 1 1 0 0 1 1 29764.0 27718.0 25179.0 2 1000000000000000.1
0 1 1 1 1 1 1 0 1 1 0 1 1 1 0 1 1 0 1 0 1 0 0 1 1 1 0 0 0 0 1 1 0 0 1 1 0 1 0 0 0 1 1 0 0 1 1 0 1 1 1 0 0 1 0 0 1 1 1 1 1 0 1 0 0 1 0 0 0 1 1 0 1 0 0 1 1 0 1 0 1 0 1 1 1 0 1 1 1 0 0 0 0 1 1 1 1 1 0 0 27076.0 25985.0 31436.0 2 1000000000000000.0
0 0 0 1 1 0 0 1 1 0 1 1 1 1 1 0 0 1 1 0 0 0 1 1 1 1 1 0 0 0 1 1 0 1 1 1 0 0 0 0 1 0 1 0 0 1 1 0 1 0 1 0 0 1 0 0 1 1 1 1 1 0 1 1 0 1 1 0 0 1 1 0 1 0 0 1 1 0 1 1 1 1 0 0 0 1 0 1 1 0 0 1 1 1 1 1 0 0 1 1 31904.0 23514.0 28613.0 2 0.28368157805994976
0 0 1 1 1 0 1 1 1 1 1 1 1 1 0 1 1 0 1 0 1 0 0 1 1 1 0 0 0 0 1 1 0 0 1 1 0 1 0 0 0 1 1 0 1 1 1 0 1 0 1 0 0 1 0 0 1 1 1 1 1 0 1 1 0 1 1 0 0 1 1 0 1 0 0 1 1 0 1 1 1 1 0 0 0 1 0 1 1 0 0 1 1 1 1 1 0 0 1 1 31846.0 24484.0 32097.0 2 0.20495491534610866
1 0 1 1 1 1 1 1 1 1 1 1 1 1 0 1 1 0 1 0 1 0 0 0 1 1 0 0 0 0 1 1 0 0 1 1 0 1 0 0 0 1 1 0 1 0 1 0 1 0 1 0 0 1 0 0 1 1 1 1 1 0 1 1 0 0 0 0 0 1 0 0 0 1 1 1 0 1 1 1 1 0 1 1 0 0 0 1 1 0 0 0 0 1 1 1 1 1 0 0 28579.0 25510.0 30161.0 2 0.20000878607400735
0 0 1 1 1 0 1 1 1 1 1 1 1 1 0 1 1 0 1 0 1 0 0 1 1 1 0 0 0 0 1 1 0 0 0 1 1 0 1 0 0 1 1 0 1 1 1 0 1 0 1 0 0 1 1 0 1 1 1 0 1 0 1 0 0 0 0 0 0 1 0 0 0 1 1 1 0 1 1 1 1 1 0 0 1 0 0 0 1 0 0 1 1 1 1 1 0 0 1 1 29917.0 25814.0 29205.0 2 0.19146988047021948
0 0 1 1 1 0 0 1 1 0 1 1 1 1 1 0 0 1 1 0 0 0 1 0 0 1 0 1 1 1 0 1 0 0 0 1 1 0 1 0 0 1 1 0 1 1 1 0 1 0 1 0 0 1 1 0 1 1 1 1 1 0 1 0 0 0 0 0 0 1 0 0 0 1 1 1 0 1 1 1 1 1 0 0 1 0 0 0 1 0 0 1 1 1 1 1 0 0 1 1 30764.0 27640.0 25873.0 2 0.18604713544217857
1 1 1 0 1 0 1 1 1 1 1 1 1 1 0 0 1 0 1 0 1 0 0 1 1 1 0 0 0 0 1 1 0 0 1 1 0 1 0 0 1 1 1 0 0 1 1 0 1 1 0 0 0 1 0 0 0 1 1 1 1 0 1 1 0 1 1 0 0 1 1 0 1 0 0 1 1 0 1 1 1 1 0 0 0 1 0 1 1 0 0 1 1 1 1 1 0 0 1 1 31874.0 22884.0 31002.0 2 0.17856675974400266
1 0 1 1 1 1 1 1 1 1 1 1 1 1 0 1 1 0 1 0 1 0 0 0 1 1 0 0 0 0 1 1 0 0 1 1 0 1 0 0 0 1 1 0 1 1 1 0 1 0 1 0 0 1 0 0 1 1 1 1 1 0 1 1 0 1 1 0 0 1 1 0 1 0 0 1 1 0 1 1 1 1 0 0 0 1 0 1 1 0 0 1 1 1 1 1 0 0 1 1 31681.0 24708.0 32022.0 2 0.14831727627757316
1 0 1 1 1 0 0 1 1 0 1 1 1 1 1 0 0 1 1 0 0 0 1 0 0 1 0 1 0 1 0 1 0 0 0 1 1 0 1 0 0 1 1 0 1 1 1 0 1 0 1 0 0 1 0 1 1 1 1 1 1 0 1 1 0 1 1 0 0 1 1 0 0 0 0 1 0 0 1 1 1 0 1 1 0 0 0 1 1 0 0 0 0 1 1 1 1 1 0 0 28714.0 27450.0 27053.0 2 0.14369765699094722
0 0 0 1 1 0 1 1 1 1 1 1 1 1 0 1 1 0 1 0 1 0 0 1 1 1 0 0 0 0 1 1 0 0 1 1 0 1 0 0 0 1 1 0 0 1 1 0 1 1 1 0 0 1 0 0 1 1 1 1 1 0 1 0 0 1 0 0 0 1 1 0 1 0 0 1 1 0 1 0 1 0 1 1 1 0 0 1 1 0 0 0 0 1 1 1 1 1 0 0 27392.0 26017.0 30715.0 2 0.14252358020485345
1 0 1 0 1 0 1 1 1 1 1 1 1 1 0 1 1 0 1 0 1 0 0 1 1 1 0 0 0 0 1 1 0 0 1 1 0 1 0 0 0 1 1 0 1 1 1 0 1 0 1 0 0 1 0 0 1 1 1 1 1 0 1 0 0 1 0 0 0 1 1 0 1 0 0 1 1 0 1 0 1 0 1 1 1 1 0 1 1 0 0 1 1 1 1 1 0 0 1 1 29545.0 24888.0 31481.0 2 0.1391896479616414
1 0 1 1 1 0 0 0 1 0 1 1 1 1 1 0 0 1 1 0 0 0 1 0 0 1 0 1 1 1 0 1 0 0 0 1 1 0 1 0 0 1 1 0 1 1 1 0 1 0 1 0 0 1 0 0 0 1 1 1 1 0 1 0 0 1 0 0 0 1 1 0 1 0 0 1 1 0 1 0 1 0 1 1 1 0 1 1 1 0 0 0 0 1 1 1 1 1 0 0 27662.0 28120.0 27048.0 2 0.1391187161337727
1 0 1 0 1 0 0 1 1 0 1 1 1 1 1 0 0 1 1 0 0 0 1 0 0 1 0 1 0 1 0 1 0 0 0 1 1 0 1 0 1 1 1 0 1 1 1 0 1 0 1 0 0 1 0 1 1 1 1 1 1 0 1 1 0 1 1 0 0 1 1 0 1 0 0 1 0 0 1 1 1 1 0 0 1 1 0 0 1 0 0 1 1 1 1 1 0 0 1 1 31629.0 26650.0 26579.0 2 0.13528679705137045
0 1 1 1 1 1 1 0 1 1 0 1 0 1 0 1 0 1 0 1 0 0 1 0 0 1 1 1 1 0 0 1 0 0 0 1 1 0 1 0 0 1 1 0 1 1 1 0 1 0 1 0 0 1 1 0 1 1 1 1 1 0 1 0 0 0 0 0 0 1 0 0 1 1 1 1 1 0 0 1 1 0 1 1 0 0 0 1 1 0 0 0 1 1 1 1 0 1 0 0 29499.0 26610.0 27943.0 2 0.13401159220627734
0 0 1 1 1 0 0 1 1 0 1 1 1 1 1 0 0 1 0 0 0 0 1 0 0 1 1 1 1 0 0 1 0 0 0 1 1 0 1 0 0 1 1 0 1 1 1 0 1 1 1 0 0 1 1 0 1 1 1 1 1 0 1 0 0 0 0 0 0 1 0 0 0 1 0 1 0 1 1 1 1 1 0 0 0 1 1 1 1 0 0 1 1 1 1 1 0 0 1 1 31707.0 27159.0 26244.0 2 0.1252536980489576
0 0 1 1 1 0 1 1 1 1 1 1 1 1 0 1 1 0 1 0 1 0 0 1 1 1 0 0 0 0 1 1 0 0 1 1 0 1 0 0 0 1 1 0 1 1 1 0 1 0 1 0 0 1 0 0 1 1 1 1 1 0 1 1 0 1 1 0 0 1 1 0 1 0 0 1 1 0 1 1 1 1 0 0 1 1 0 0 0 0 0 1 1 1 1 1 0 0 1 1 31117.0 24823.0 31195.0 2 0.11797205913121359
1 0 1 1 1 0 0 0 1 0 1 1 1 1 1 0 0 1 1 0 1 0 1 0 0 0 0 1 1 1 0 1 0 0 0 1 1 0 1 0 0 1 1 0 1 1 1 0 1 0 1 0 0 1 1 0 1 1 1 1 1 0 1 0 0 0 0 1 0 1 0 0 0 1 1 1 1 1 1 1 0 1 0 0 0 1 0 1 1 0 0 1 1 1 1 1 0 0 1 1 31389.0 26817.0 27013.0 2 0.11649304898608222
1 0 1 1 1 0 1 1 1 1 1 1 1 1 0 0 0 1 0 1 0 0 1 1 1 1 0 0 0 0 1 1 1 1 0 0 1 1 1 0 0 1 1 0 1 1 1 0 1 1 1 0 0 1 0 0 0 1 0 0 1 0 1 1 0 1 1 0 0 1 1 0 0 0 0 1 0 0 1 1 1 0 1 1 0 0 0 1 1 0 0 0 0 1 1 1 1 1 0 0 28263.0 26071.0 29456.0 2 0.11538938916634596
1 0 1 1 1 0 0 1 1 0 1 1 1 1 0 1 0 1 1 0 0 0 1 0 0 1 0 0 0 0 1 1 0 1 0 0 1 1 0 0 0 1 1 0 1 1 1 0 1 1 1 0 0 1 1 0 1 1 1 1 1 0 1 1 0 0 0 0 0 1 0 0 0 1 1 1 0 1 1 1 1 1 0 1 0 0 0 0 1 0 0 1 1 1 1 1 0 0 1 1 30960.0 26581.0 27699.0 2 0.11425704959094957
1 1 1 0 1 0 1 1 1 1 1 1 1 1 0 0 1 0 1 0 0 0 0 1 1 1 0 0 0 0 1 1 1 1 0 0 1 1 1 0 0 1 1 0 0 1 1 0 1 1 1 0 0 1 0 0 1 1 1 1 1 0 1 0 0 1 0 0 0 1 1 0 1 0 0 1 1 0 1 0 1 0 1 1 0 0 1 1 1 0 0 0 0 1 1 1 1 1 0 0 28203.0 25065.0 30356.0 2 0.11420461975451061
0 0 1 1 1 0 1 1 1 1 1 1 1 1 0 1 0 0 0 0 0 0 0 0 0 1 0 1 1 1 1 1 0 0 1 1 0 1 0 0 0 1 1 0 1 0 1 0 1 0 1 0 0 1 0 1 1 1 1 1 1 0 1 1 0 0 0 0 0 1 0 0 0 1 1 1 0 1 1 1 1 0 1 1 0 0 0 1 1 0 0 0 0 1 1 1 1 1 0 0 29121.0 26863.0 28178.0 2 0.10928846953322094
1 0 1 1 1 1 1 1 1 1 1 1 1 1 0 1 1 0 1 0 1 0 0 0 1 1 0 0 0 0 1 1 0 0 1 1 0 1 0 0 0 1 1 0 1 1 1 0 1 0 1 0 0 1 0 0 1 1 1 1 1 0 1 0 0 0 0 0 0 1 0 0 0 1 0 1 0 1 1 1 1 1 0 0 0 1 1 1 1 0 1 1 1 1 1 1 0 0 1 1 30293.0 24879.0 30426.0 2 0.10846783036334678
0 1 1 0 1 1 1 1 1 1 1 1 1 1 0 0 1 0 1 0 1 0 0 1 1 1 0 0 0 0 1 1 0 0 1 1 0 1 0 0 0 1 1 0 0 1 1 0 1 1 1 0 0 1 0 0 1 1 1 1 1 0 1 0 0 1 0 0 0 1 1 0 1 0 0 1 1 0 1 0 1 0 1 1 1 0 1 1 1 0 0 0 0 1 1 1 1 1 0 0 27559.0 25448.0 30882.0 2 0.10732811268823472
1 0 1 1 1 0 0 1 1 0 1 1 1 1 1 0 0 1 1 0 0 0 1 0 0 1 0 0 0 0 1 1 1 1 0 0 1 1 1 0 0 1 0 0 0 1 1 0 1 1 1 0 0 1 0 0 1 1 1 1 1 0 1 0 0 1 0 0 0 1 1 0 1 0 0 1 1 0 1 0 1 0 1 1 1 0 1 1 1 0 0 1 0 1 1 1 1 1 0 0 27971.0 27026.0 28439.0 2 0.10547063854837821
1 0 1 1 1 0 0 0 1 0 1 1 1 1 1 0 0 1 1 0 0 0 1 1 1 1 0 0 0 0 1 1 1 1 0 0 1 1 1 0 0 1 1 0 1 1 1 0 1 0 1 0 0 1 1 0 1 1 1 1 0 0 1 1 0 1 1 0 0 1 1 0 1 0 0 1 1 0 1 1 1 1 0 0 1 1 1 1 1 0 0 0 0 1 0 1 1 1 0 0 29635.0 26014.0 28821.0 2 0.10081942915534957
0 0 1 1 1 0 0 1 1 0 1 1 1 1 1 0 0 1 1 0 0 0 1 0 0 1 0 1 1 1 0 1 0 0 0 1 1 0 1 0 0 1 1 0 1 1 1 0 1 0 1 0 0 1 0 0 1 1 1 1 1 0 1 1 0 1 1 0 0 1 1 0 1 0 0 1 1 0 0 1 1 1 0 0 0 1 0 1 1 0 0 1 1 1 1 1 1 0 0 0 30824.0 27083.0 27347.0 2 0.10056750118135963
0 0 1 1 1 0 1 1 1 1 1 1 1 1 0 1 1 0 1 0 1 0 0 1 1 1 0 0 0 0 1 1 0 0 1 1 0 1 0 0 0 1 1 0 1 1 1 0 1 0 1 0 0 1 0 0 1 1 1 1 1 0 1 1 0 0 0 0 0 1 0 0 0 1 1 0 0 1 1 1 1 1 0 1 1 0 0 0 1 0 0 1 1 1 1 1 0 0 1 0 29265.0 25774.0 29710.0 2 0.10022008512332106
1 0 1 1 1 0 1 1 1 1 1 1 1 1 0 0 0 0 1 0 0 0 0 1 0 1 1 0 0 0 1 1 1 1 0 0 1 1 1 0 0 1 1 0 0 1 1 0 1 1 0 0 0 1 0 0 1 1 1 1 1 0 1 0 0 0 0 0 0 1 0 0 0 1 1 1 0 1 1 1 1 0 0 1 1 0 1 1 1 0 0 0 0 1 1 1 1 1 0 0 28991.0 25783.0 29625.0 2 0.09358513686218785
0 1 1 1 1 1 1 0 1 1 0 1 0 1 0 1 0 1 1 0 0 0 1 1 0 1 0 0 0 0 1 1 0 1 0 0 1 1 0 0 0 1 1 0 1 1 1 0 1 1 1 0 0 1 0 0 1 1 1 1 1 0 1 0 0 1 0 0 0 1 1 0 1 0 0 1 1 0 1 0 1 0 1 1 0 0 1 1 1 0 0 1 0 1 1 1 1 1 0 0 27747.0 26416.0 30483.0 2 0.0908867099849022
0 0 1 1 1 0 0 1 1 0 1 1 1 1 1 0 0 1 1 0 0 0 1 0 0 1 1 1 1 0 0 1 0 0 0 1 1 0 1 0 0 1 1 0 1 1 1 0 1 0 1 0 0 1 1 0 1 1 1 0 1 0 1 0 0 0 0 0 0 1 0 0 0 1 1 1 1 1 1 1 1 1 0 0 0 1 0 1 1 0 0 1 1 1 1 1 0 0 1 1 31472.0 26776.0 26374.0 2 0.08994759243526984
1 0 1 1 1 0 0 1 0 1 0 1 1 1 1 0 0 1 1 0 0 0 1 0 1 1 1 1 1 0 0 1 0 0 0 1 1 0 1 0 0 1 1 0 1 1 1 0 1 0 1 0 0 1 0 0 1 1 1 1 1 0 1 0 0 0 0 0 0 1 0 0 0 1 1 1 1 0 0 1 1 0 1 1 0 0 0 1 1 0 0 1 1 1 1 1 0 0 1 1 30869.0 25293.0 28283.0 2 0.08912488445625716
0 0 1 1 1 0 0 1 1 0 1 1 1 1 1 0 0 1 1 0 1 0 0 1 1 1 0 0 0 0 1 1 0 0 1 1 0 1 0 0 0 1 1 0 0 1 1 0 1 1 1 0 0 1 0 0 1 1 1 1 1 0 1 0 0 1 0 0 0 1 1 0 1 0 0 1 1 0 1 0 1 0 1 1 1 0 1 1 1 0 0 0 0 1 1 1 1 1 0 0 28082.0 26202.0 28579.0 2 0.08843830333353486
