0 1 1 0 1 0 1 1 1 1 1 1 1 1 0 0 1 0 1 0 1 0 0 1 1 1 0 0 0 0 1 1 0 0 1 1 0 1 0 0 0 1 1 0 0 1 1 0 1 0 1 0 0 1 0 0 1 1 1 1 1 0 1 0 1 0 1 1 0 0 0 1 0 1 1 1 1 0 0 1 1 0 1 1 0 0 0 1 1 0 0 1 0 0 1 1 0 0 1 1 28445.0 21247.0 31180.0 0 1000000000000000.4
1 1 1 0 1 0 1 1 1 1 1 1 1 1 0 0 1 0 1 0 1 0 0 1 1 1 0 0 0 0 1 1 0 0 1 1 0 1 0 0 1 1 1 0 0 1 1 0 1 1 1 0 0 1 0 0 0 1 1 1 1 0 1 1 0 1 1 0 0 1 1 0 1 0 0 1 1 0 0 1 1 1 0 0 1 1 0 0 1 0 0 1 1 1 1 1 0 0 1 1 31320.0 22914.0 30955.0 0 0.33938888783189214
1 1 0 0 1 0 1 1 1 1 1 1 1 1 0 0 1 0 1 0 0 0 0 1 1 1 1 0 0 0 1 1 1 1 0 0 1 1 0 0 0 1 1 0 0 1 1 0 1 1 1 0 0 1 0 0 1 1 0 1 1 0 1 0 1 0 1 1 0 1 1 0 0 0 0 1 0 0 1 1 1 0 1 1 0 0 0 1 1 1 0 0 0 1 1 1 1 1 0 0 27969.0 22987.0 30932.0 0 0.20831439691639547
0 1 1 0 1 0 1 1 1 1 1 1 1 1 0 0 1 0 1 0 1 0 0 1 1 1 0 0 0 0 1 1 0 0 1 1 0 0 0 0 1 1 1 0 0 1 1 0 1 1 1 1 0 1 0 0 0 1 0 1 1 0 1 0 1 0 1 1 0 1 1 0 0 0 0 1 0 1 1 1 1 1 0 0 1 1 0 0 1 0 0 1 1 1 1 1 0 0 1 1 30085.0 24007.0 30323.0 0 0.22765573226861224
1 1 0 0 1 0 0 1 1 1 1 0 1 1 0 1 0 0 1 0 0 0 0 1 1 1 1 0 0 0 1 1 1 1 0 0 1 1 1 0 0 1 1 0 0 1 1 0 1 1 1 0 0 1 0 0 1 1 1 1 1 0 1 0 0 1 0 0 0 1 1 0 1 0 0 1 1 0 1 0 1 0 1 1 1 0 1 1 1 0 0 0 0 1 1 1 1 1 0 0 28480.0 25069.0 30166.0 0 0.3536787311567442
1 0 1 1 1 0 1 1 1 1 1 1 1 1 0 0 0 0 1 0 0 0 0 1 1 1 1 0 0 0 1 1 1 1 0 0 1 1 1 0 0 1 1 0 0 1 1 0 1 1 1 1 0 0 0 1 0 0 1 0 0 0 1 1 0 0 0 1 0 0 1 0 0 1 1 1 1 0 0 1 1 0 1 1 0 0 0 1 1 0 0 0 0 1 1 1 1 1 0 0 29469.0 24691.0 29895.0 0 0.38790090714724895
1 1 0 0 1 0 1 1 1 1 1 1 1 1 0 0 0 0 1 0 0 0 0 1 0 1 1 0 0 0 1 1 1 1 0 0 1 1 0 0 1 1 1 0 0 0 1 0 1 1 1 1 0 1 0 0 1 1 0 1 1 0 1 1 0 1 1 0 0 1 1 0 1 0 0 1 1 0 0 1 1 1 0 0 0 1 0 1 1 0 0 1 1 1 1 1 0 0 1 1 31575.0 20922.0 29882.0 0 1000000000000000.1
0 0 1 1 1 0 1 1 1 1 1 1 1 1 0 0 0 0 1 0 0 0 0 1 1 1 0 0 0 0 1 1 1 1 0 0 0 1 1 0 0 1 1 0 1 1 1 0 1 0 1 0 0 1 1 0 1 1 1 1 1 0 1 0 0 0 0 1 0 1 0 0 0 1 1 1 0 1 1 1 1 1 0 0 1 0 0 0 1 0 0 1 1 1 1 1 0 0 1 1 30133.0 23771.0 29312.0 0 0.2926690507207817
1 1 0 0 1 0 1 1 1 1 1 1 1 1 0 0 0 0 1 0 0 0 0 1 1 1 1 0 0 0 1 1 0 1 0 0 1 1 0 0 0 1 1 0 1 1 1 0 1 0 1 0 0 1 1 0 1 1 1 1 1 0 1 1 0 0 0 0 0 1 0 0 0 1 1 1 0 1 1 1 1 1 0 1 1 0 0 0 1 0 0 1 1 1 1 1 0 0 1 1 31170.0 23901.0 29233.0 0 0.1860549733143293
0 0 1 1 1 0 0 1 1 0 1 1 1 1 1 0 0 1 1 0 0 0 1 1 1 1 1 0 0 0 1 1 0 1 1 1 0 0 0 0 1 0 1 0 0 1 1 0 1 0 1 0 0 1 0 0 1 1 1 1 1 0 1 1 0 1 1 0 0 1 1 0 1 0 0 1 1 0 1 1 1 1 0 0 0 1 0 1 1 0 0 1 0 1 1 1 0 0 1 1 31331.0 23621.0 28824.0 0 0.20179904867122475
0 0 1 1 1 0 0 1 0 1 1 0 1 1 0 0 0 1 0 1 0 0 1 1 1 1 1 0 0 0 1 1 0 1 1 1 0 0 0 0 1 0 1 0 0 1 1 0 1 0 1 0 0 1 0 0 1 1 1 1 1 0 1 1 0 1 1 0 0 1 1 0 1 0 0 1 1 0 1 1 1 1 0 0 0 1 0 1 1 0 0 1 1 1 1 1 0 0 1 1 31651.0 23361.0 28584.0 0 0.208913313770695
0 0 1 1 1 0 0 1 0 1 1 0 1 1 0 0 0 1 0 1 0 0 1 1 1 1 1 0 0 0 1 1 0 1 1 1 0 0 0 0 1 0 1 0 0 1 1 0 1 0 1 1 0 1 0 0 0 1 1 1 1 0 1 1 0 1 1 0 0 1 1 0 1 0 0 1 1 0 1 1 1 1 0 0 1 1 0 0 1 0 0 1 1 1 1 1 0 0 1 1 31814.0 24450.0 28514.0 0 0.24877374500210298
1 0 1 1 1 0 0 1 1 0 1 1 1 1 0 0 0 1 0 1 0 0 1 1 1 1 1 0 0 0 1 1 0 1 1 1 0 0 0 0 1 0 1 0 0 1 1 0 1 0 1 0 0 1 0 0 1 1 1 1 1 0 1 1 0 1 1 0 0 1 1 0 1 0 0 1 1 0 1 1 1 1 0 0 0 1 0 1 1 0 0 1 1 1 1 1 0 0 1 1 32204.0 24167.0 28365.0 0 1000000000000000.2
1 0 1 1 1 0 0 0 1 0 1 1 1 1 1 0 0 1 1 0 0 0 1 0 0 1 0 1 1 1 0 1 0 0 0 1 1 0 1 0 0 1 1 0 1 1 1 0 1 0 1 0 0 1 0 0 1 1 1 1 1 0 1 1 0 1 1 0 0 1 1 0 1 0 0 1 1 0 0 1 1 1 0 0 0 1 0 1 1 0 0 1 1 1 1 1 0 0 1 1 31385.0 25760.0 27988.0 0 0.3922583623501389
1 1 1 1 1 0 0 1 1 0 0 0 1 1 1 0 0 1 0 1 0 0 1 1 1 1 0 0 0 0 1 1 1 1 0 1 1 1 1 0 0 1 1 0 0 1 1 0 1 1 1 0 0 1 0 0 0 1 0 0 1 0 1 0 1 0 1 1 0 1 1 0 1 0 0 1 0 0 1 1 1 0 0 0 1 0 1 0 1 0 0 0 0 1 1 1 1 1 0 0 27941.0 26482.0 27354.0 0 1000000000000000.2
1 0 1 1 1 1 0 1 0 0 0 0 1 1 0 0 0 1 0 1 0 0 1 1 1 1 1 0 0 0 1 1 0 0 1 1 0 0 0 0 1 1 1 0 0 1 1 0 1 1 1 1 0 1 0 0 0 1 0 1 1 0 1 0 1 0 1 1 0 1 1 0 0 0 0 1 0 1 1 1 1 1 0 1 0 0 0 1 1 0 0 0 0 1 1 1 1 1 0 0 28025.0 26013.0 27200.0 0 0.40456585303528525
0 0 1 1 1 0 0 1 1 0 1 1 1 1 1 0 0 1 1 0 0 0 1 0 0 1 1 1 1 0 0 1 0 0 0 1 1 0 1 0 0 1 1 0 1 1 1 0 1 0 1 0 0 1 1 0 1 1 1 1 1 0 1 0 0 0 0 0 0 1 0 0 0 1 1 1 1 0 0 1 1 0 1 1 0 0 0 1 1 0 0 0 0 1 1 1 1 1 0 0 28933.0 26393.0 26327.0 0 0.4820780875263978
1 0 1 1 1 0 0 1 1 0 1 1 1 1 1 0 0 1 1 0 0 0 1 0 0 0 0 1 1 1 0 0 0 0 0 1 1 0 1 0 0 1 1 0 0 1 1 0 1 0 1 0 0 1 1 0 1 1 1 1 1 0 1 1 0 1 0 0 0 1 1 0 1 0 0 1 1 0 1 1 1 1 0 0 0 1 1 1 1 0 0 0 0 1 1 1 1 1 1 0 29966.0 26925.0 26270.0 0 0.3323772124234793
1 0 1 1 1 1 0 1 0 0 1 1 1 1 1 0 0 1 1 0 0 0 1 0 0 1 0 1 1 1 0 1 0 0 0 1 1 0 1 0 0 1 1 0 1 1 1 0 1 0 1 0 0 1 1 0 1 1 1 1 1 0 1 0 0 0 0 0 0 1 0 0 0 1 1 1 0 1 1 1 1 1 0 0 1 0 0 0 1 0 0 1 1 1 1 1 0 0 1 1 30618.0 27549.0 26160.0 0 0.38874386624188445
1 0 1 1 1 0 0 1 1 0 1 1 1 1 1 0 0 1 1 0 0 0 1 0 0 1 0 1 1 1 0 1 0 0 0 1 1 0 1 0 0 1 1 0 1 1 1 0 1 0 1 0 0 1 1 0 1 1 1 1 1 0 1 0 0 0 0 0 0 1 0 0 0 1 1 1 0 1 1 1 1 1 0 0 1 0 0 0 1 0 0 1 1 1 1 1 0 0 1 1 31080.0 27796.0 26066.0 0 2000000000000000.0
1 1 0 0 1 0 1 1 1 1 1 1 1 1 0 0 1 0 1 0 0 0 0 1 1 1 1 0 0 0 1 1 1 1 0 0 1 1 0 0 0 1 1 0 0 1 1 0 1 1 1 0 0 1 0 0 1 1 0 1 1 0 1 0 0 0 1 1 0 1 1 0 0 0 0 1 0 1 1 1 1 1 0 0 0 1 0 1 1 1 0 1 1 1 1 1 0 0 1 1 30732.0 21915.0 30758.0 1 1000000000000000.1
1 1 1 0 1 0 1 1 1 1 1 1 1 1 0 0 1 0 1 0 1 0 0 1 1 1 0 0 0 0 1 1 1 0 1 1 0 1 0 0 1 1 1 0 0 1 1 0 1 1 1 0 0 1 0 0 1 1 0 1 0 0 1 1 0 0 0 1 0 0 0 0 0 1 1 1 1 0 0 1 1 0 1 1 0 0 0 1 1 0 0 0 0 1 1 1 1 1 0 0 27847.0 22615.0 30622.0 1 0.1624192870249518
0 1 1 1 1 1 1 0 0 0 0 0 0 0 0 1 1 0 1 0 1 1 1 1 1 1 0 0 0 0 1 0 0 1 1 1 0 1 0 0 1 1 1 0 0 1 1 0 1 1 1 0 0 1 0 0 1 1 0 1 1 0 1 0 1 0 1 1 0 1 1 0 0 0 0 1 0 0 1 1 1 0 1 1 0 0 0 1 1 0 0 0 0 1 1 1 1 1 0 0 24623.0 22786.0 30343.0 1 1000000000000000.0
1 1 1 0 1 0 1 1 1 1 1 1 1 1 0 0 1 0 1 0 1 0 0 1 1 1 0 0 0 0 1 1 0 0 1 1 0 1 0 0 1 1 1 0 0 1 1 0 1 1 1 0 0 1 0 0 1 1 0 1 1 0 1 0 1 0 1 1 0 1 1 0 0 0 0 1 0 0 1 1 1 0 1 1 0 0 0 1 1 0 0 0 0 1 1 1 1 1 0 0 27346.0 23598.0 30288.0 1 0.12462090720808433
1 1 1 0 0 0 1 1 1 1 1 1 1 1 1 0 1 0 1 0 1 0 0 1 1 1 0 0 0 0 1 1 1 0 1 1 0 1 0 0 1 1 1 0 0 1 1 0 1 1 1 0 0 1 0 0 1 1 0 1 0 0 1 1 0 0 1 1 0 1 1 0 1 0 0 1 0 0 1 1 1 0 0 0 1 0 1 0 1 0 0 0 0 1 1 1 1 1 0 1 28555.0 23257.0 30280.0 1 0.1792140458996486
1 0 1 1 1 1 0 1 1 1 1 1 1 1 0 0 0 0 1 0 0 0 0 1 1 1 1 0 0 0 1 1 1 1 0 0 1 1 0 0 0 1 1 0 0 1 1 0 1 1 1 0 0 1 0 1 1 1 0 1 1 0 0 0 1 0 1 1 0 0 0 1 0 1 1 1 1 0 0 1 1 0 1 1 0 0 0 1 1 0 0 0 0 1 1 1 1 1 0 0 28589.0 22436.0 29796.0 1 0.18779889663941832
0 0 1 1 1 0 1 1 1 1 1 1 1 1 0 0 0 0 1 0 0 0 0 1 1 1 0 0 0 0 1 1 1 1 0 0 0 1 1 0 0 1 1 0 1 1 1 0 1 0 1 0 0 1 1 0 1 1 1 1 1 0 1 0 0 0 0 1 0 1 0 0 0 1 1 1 0 1 1 1 0 1 1 0 0 1 0 1 1 1 0 1 1 0 1 1 1 1 0 0 28852.0 23481.0 29778.0 1 0.0637491291920813
0 1 0 0 0 0 1 0 1 1 1 1 1 1 0 1 0 1 1 0 1 1 1 1 1 1 0 0 0 1 1 1 0 0 1 1 0 1 0 0 0 1 1 0 0 1 1 0 1 1 1 0 0 1 0 0 1 1 0 1 1 0 1 1 0 0 1 1 1 1 1 0 0 0 0 1 0 0 1 1 1 0 0 0 1 0 0 0 1 1 0 1 0 0 1 1 1 0 1 0 28107.0 23728.0 29743.0 1 0.03462738843458543
1 1 0 0 1 0 1 1 1 1 1 1 1 1 0 0 1 0 1 0 0 0 0 1 1 1 1 0 0 0 1 1 1 1 0 0 1 1 0 0 0 1 1 0 0 1 1 0 1 1 1 0 0 1 0 0 1 1 0 1 1 0 1 0 0 0 1 1 0 1 1 0 0 0 0 1 0 1 1 0 1 1 0 0 1 0 0 0 1 0 0 1 1 1 1 1 0 0 1 1 28917.0 22000.0 29712.0 1 0.07784416320649669
1 1 1 0 1 0 1 1 1 1 1 1 1 1 0 0 1 0 1 0 1 0 0 1 1 1 0 0 0 0 1 1 0 0 1 1 0 1 0 0 1 0 1 0 0 1 1 0 1 0 1 0 0 1 0 0 0 1 1 1 1 0 1 1 0 1 1 0 0 1 1 0 1 0 0 1 1 0 1 1 1 1 0 0 1 1 0 0 1 0 0 1 1 1 1 1 0 0 1 1 30296.0 22042.0 29579.0 1 0.1323923039049758
1 1 0 0 1 0 0 1 1 1 1 0 1 0 0 1 0 0 1 0 0 0 0 1 1 1 1 0 0 0 1 1 1 1 0 0 1 1 1 0 0 1 1 0 0 1 1 0 1 1 1 0 0 1 0 0 1 1 1 1 1 0 1 0 0 1 0 0 0 1 1 0 1 0 0 1 1 0 1 0 1 0 1 1 1 0 1 1 1 0 0 0 0 1 1 1 1 1 0 0 27848.0 24403.0 29502.0 1 0.08872207487776254
1 0 1 1 1 1 0 1 0 0 0 0 1 1 0 0 0 1 1 0 1 1 1 1 1 1 0 0 0 1 1 1 0 0 1 1 0 1 0 0 1 1 1 0 0 1 1 0 1 1 1 0 0 1 0 0 1 1 0 1 1 0 1 1 0 0 1 1 0 1 0 0 0 0 0 1 0 0 1 1 1 0 1 1 0 0 0 1 1 0 0 0 0 1 1 1 1 1 0 0 28091.0 24673.0 29351.0 1 0.19253940092669908
1 1 1 0 1 0 1 1 1 1 1 1 1 1 0 0 1 0 1 0 1 0 0 1 1 1 0 0 0 0 1 1 0 0 1 1 0 1 0 0 1 1 1 0 0 1 0 0 1 1 1 0 0 1 0 0 1 1 0 1 1 0 1 0 0 0 0 1 0 1 1 0 1 0 0 1 0 1 1 1 1 1 0 0 1 1 0 0 1 0 0 1 1 1 1 1 0 0 1 1 29650.0 22849.0 28783.0 1 0.21274685385198275
1 1 1 0 1 0 1 1 1 1 1 1 1 1 0 0 1 0 1 0 1 0 0 1 1 1 0 0 0 0 1 1 0 0 1 1 0 1 0 0 0 1 1 0 1 1 1 0 1 0 1 0 0 1 1 0 1 1 1 1 1 0 1 0 0 0 0 0 0 1 0 0 0 1 1 1 0 1 1 1 1 1 0 0 1 0 0 0 1 0 0 1 1 1 1 1 0 0 1 1 29773.0 23793.0 28677.0 1 0.22372082599092208
0 0 1 1 1 1 1 1 0 0 1 0 1 1 0 0 0 1 0 1 0 0 1 1 1 1 0 0 0 0 1 1 0 0 1 1 1 1 0 0 1 1 1 0 0 1 1 0 1 1 1 0 0 1 0 0 1 1 0 1 1 0 1 0 0 0 1 1 0 1 1 0 0 0 0 1 0 0 1 1 1 0 1 1 0 0 0 0 1 0 0 1 1 1 1 1 0 0 1 1 29087.0 24402.0 28229.0 1 0.14888348027576973
0 0 1 1 0 0 0 1 0 1 1 0 1 1 0 0 0 1 0 1 0 1 1 1 1 1 1 0 0 0 1 1 0 1 1 1 0 0 0 0 1 0 1 0 0 1 1 0 1 0 1 0 0 1 0 0 0 1 1 1 1 0 1 1 0 1 1 0 0 1 1 0 1 0 0 1 1 0 0 1 1 1 0 0 0 1 0 1 1 0 0 1 1 1 1 1 0 0 1 1 30908.0 21436.0 28180.0 1 1000000000000000.0
0 0 1 1 1 0 0 1 0 1 1 0 1 1 0 0 0 1 0 1 0 0 1 1 1 1 1 0 0 0 1 1 0 1 1 1 0 0 0 0 1 0 1 0 0 1 1 0 1 0 1 1 0 1 0 0 0 1 1 1 1 0 1 1 0 1 1 0 0 1 1 0 1 0 0 1 1 0 1 1 1 1 0 0 1 1 0 0 1 0 0 1 0 0 1 1 0 0 1 1 30007.0 23437.0 28144.0 1 0.03338221358643442
0 0 1 1 1 0 0 1 0 1 1 0 1 1 0 0 0 1 0 0 0 0 1 1 1 1 1 0 0 0 1 1 0 1 1 1 0 0 0 0 1 0 1 0 0 1 1 0 1 0 1 1 0 1 0 0 0 1 1 1 1 0 1 0 1 1 1 1 0 1 1 0 1 0 0 1 0 0 1 1 1 0 0 0 1 0 1 0 1 0 0 0 0 1 1 1 1 1 0 1 28707.0 24675.0 28124.0 1 0.05412725870906566
1 1 1 1 0 0 0 1 0 1 1 0 1 1 0 0 0 1 0 1 0 0 1 1 1 1 1 0 0 0 1 1 0 1 1 1 0 0 0 0 1 0 1 0 0 1 1 0 1 0 1 0 0 1 0 0 1 1 1 1 1 0 1 1 0 1 1 0 0 1 1 0 1 0 0 1 1 0 1 1 1 1 0 0 0 1 0 1 1 0 0 1 1 1 1 1 0 0 1 1 31876.0 22814.0 28107.0 1 1000000000000000.0
1 1 1 0 1 1 1 1 1 1 1 1 1 1 0 0 0 0 1 0 0 0 1 0 0 0 0 1 0 0 1 1 0 0 1 1 0 1 1 0 1 1 1 0 0 1 1 0 1 1 1 0 0 1 0 0 1 1 0 1 1 0 1 0 0 0 0 1 0 1 1 0 1 0 0 1 0 1 1 1 1 1 0 0 1 1 0 0 1 0 0 1 1 1 1 1 0 0 1 1 28683.0 24944.0 27807.0 1 0.09342063452169294
0 0 1 1 1 1 1 1 1 0 1 0 1 1 1 0 1 1 1 1 0 0 0 0 0 0 0 1 0 0 1 1 0 1 1 1 0 0 0 0 1 0 1 0 0 1 1 0 1 0 1 0 0 1 0 0 1 1 1 1 1 0 0 1 0 1 1 0 0 1 1 0 1 0 0 1 1 0 1 1 1 1 0 0 0 1 0 1 1 0 0 1 1 1 1 1 0 0 1 1 30111.0 23409.0 27784.0 1 0.0671566664251364
1 0 1 1 1 1 0 1 0 0 0 0 1 1 0 0 0 1 0 1 0 0 1 1 1 1 1 0 0 0 1 1 0 1 1 1 0 0 0 0 1 0 1 0 0 1 1 0 1 0 1 0 0 1 0 0 1 1 1 1 1 0 1 1 0 1 1 0 0 1 1 0 1 0 0 1 1 0 1 1 1 1 0 0 0 1 0 1 1 0 0 1 1 1 1 1 0 0 1 1 31182.0 23219.0 27784.0 1 0.20801296012400197
0 0 1 1 1 0 0 1 1 0 1 0 1 1 1 0 0 1 1 0 0 0 1 1 1 1 0 0 0 0 1 1 0 0 1 1 0 1 0 0 1 1 1 0 0 1 1 0 1 0 1 0 0 1 0 0 1 1 1 1 1 0 1 1 0 1 1 0 0 1 1 0 1 0 0 1 1 0 1 1 1 1 0 0 0 1 0 1 0 0 0 1 1 1 1 1 0 0 1 1 30702.0 23662.0 27731.0 1 0.10301478290708765
0 0 1 1 1 1 0 1 0 0 0 0 1 1 0 0 0 1 0 1 0 0 1 1 1 1 0 0 0 0 1 1 1 1 0 0 1 1 1 0 0 1 1 0 0 1 1 0 1 1 1 0 0 1 0 0 1 1 0 0 1 0 1 1 0 1 1 0 0 1 1 0 1 0 0 1 1 0 1 1 1 1 0 0 1 1 0 0 1 0 0 1 1 1 1 1 0 0 1 1 29428.0 24303.0 27629.0 1 0.2197190825460302
0 0 1 1 1 0 0 1 0 1 1 0 1 1 0 0 0 1 0 1 0 0 1 1 1 1 1 0 0 0 1 1 0 1 1 1 0 0 1 0 1 0 1 0 0 1 1 0 1 0 1 0 0 1 1 0 1 1 1 1 1 0 1 1 0 1 1 0 0 1 1 0 1 0 0 1 1 0 1 1 1 1 0 0 0 1 0 1 1 0 0 0 0 1 1 1 1 1 0 0 30325.0 24826.0 27468.0 1 0.13206894805180242
0 0 1 1 1 0 0 1 0 1 1 0 1 1 0 0 0 1 0 1 0 0 1 1 1 1 1 0 0 0 1 1 0 1 1 1 0 0 0 0 1 0 1 0 0 1 1 0 1 0 1 1 0 1 0 0 0 1 1 1 1 0 1 1 0 1 1 0 0 1 1 0 1 0 0 1 1 0 1 1 1 1 0 0 1 1 0 1 1 0 0 0 0 1 0 1 1 1 0 0 30047.0 24900.0 27382.0 1 0.04975499294962272
0 0 1 1 1 1 0 1 0 0 1 0 1 1 0 0 0 1 0 1 0 0 1 0 1 1 1 0 0 0 1 1 0 0 1 1 0 0 0 0 1 1 1 0 0 1 1 0 1 1 1 1 0 1 0 0 0 1 0 1 1 0 1 0 1 0 1 1 0 1 1 0 0 0 0 1 0 1 1 1 1 1 0 0 1 1 0 0 1 0 0 1 1 1 1 1 0 0 1 1 29679.0 25085.0 27370.0 1 0.06101806559144576
1 0 1 1 1 1 0 1 0 0 0 0 1 1 0 0 0 1 0 1 0 0 1 1 1 1 0 0 0 0 1 1 1 1 0 0 1 1 1 0 0 1 1 0 0 1 1 0 1 1 1 0 0 1 0 0 1 1 0 0 1 0 1 0 1 0 1 1 0 1 1 0 1 0 0 1 0 0 1 1 1 0 0 0 1 0 1 0 1 0 0 0 0 1 1 1 1 1 0 1 26967.0 25199.0 27364.0 1 0.5096767735262553
0 0 1 1 1 1 1 1 0 0 1 0 1 1 0 0 0 1 0 1 0 0 1 1 1 1 0 0 0 0 1 1 0 0 1 1 1 1 0 0 1 1 1 0 0 1 1 0 1 1 1 0 0 1 0 0 1 1 0 1 1 0 1 0 0 0 1 1 0 1 1 0 1 0 0 1 0 0 1 1 1 0 0 0 1 0 1 0 1 0 0 0 0 1 1 1 1 1 0 0 27897.0 25712.0 27150.0 1 0.11809367805249152
1 0 1 1 1 0 0 1 1 0 1 1 1 1 1 0 0 1 1 0 0 0 1 0 0 1 0 1 0 1 1 1 0 0 1 1 0 1 0 0 1 1 1 0 0 1 1 0 1 1 1 0 0 1 0 0 1 1 0 1 1 0 1 0 1 0 1 1 0 1 1 0 1 0 0 1 0 0 1 1 1 0 0 0 1 0 1 0 1 0 0 0 0 1 1 1 0 1 0 0 27902.0 25886.0 26892.0 1 0.13991682098886066
0 0 1 1 1 1 0 1 0 0 1 0 1 1 0 0 0 1 0 1 0 0 1 0 1 1 1 0 0 0 1 1 0 0 1 1 0 0 0 0 1 1 1 0 0 1 1 0 1 1 1 1 0 1 0 0 0 1 0 1 1 0 1 0 1 0 1 1 0 1 1 0 0 0 0 1 0 1 1 1 1 1 0 1 0 0 0 1 1 0 0 0 0 1 1 1 1 1 0 0 27583.0 26109.0 26856.0 1 0.29051692372352916
0 1 0 0 0 0 1 0 1 1 0 1 1 0 0 1 0 1 0 0 1 1 1 1 1 1 0 0 1 1 0 1 0 0 0 1 1 0 1 0 0 1 1 0 1 1 1 0 1 0 1 0 0 1 1 0 1 1 1 1 1 0 1 0 0 0 0 0 0 1 0 0 0 1 1 1 0 1 1 1 1 1 0 0 1 0 0 0 1 0 0 1 1 1 1 1 0 0 1 1 29957.0 25690.0 26387.0 1 0.28124660346576147
0 0 1 1 1 0 0 1 1 0 1 1 1 1 1 0 0 1 1 0 0 0 1 0 0 1 1 1 1 0 0 1 0 0 0 1 1 0 1 0 0 1 1 0 1 1 1 0 1 0 1 0 0 1 1 0 1 1 1 1 1 0 1 0 0 0 0 0 0 1 0 0 0 1 1 1 0 1 1 1 1 1 0 0 1 0 0 0 1 0 0 1 1 1 1 1 0 0 1 1 30875.0 26736.0 25863.0 1 0.2711197351755542
0 0 1 1 1 0 0 1 1 0 1 1 1 1 1 0 0 1 1 0 0 0 1 0 0 0 0 1 1 1 0 1 0 0 0 1 1 0 1 0 0 1 1 0 1 1 1 0 1 0 1 0 0 1 1 0 1 1 1 1 1 0 1 0 0 0 0 0 0 1 0 0 0 1 1 1 0 1 1 1 0 1 1 0 0 1 0 1 1 1 0 1 1 0 1 1 1 1 0 0 28638.0 27234.0 25618.0 1 0.13791709407173977
1 0 1 1 1 0 0 1 1 0 1 1 1 1 1 0 0 1 1 0 0 0 1 0 0 1 0 1 1 0 0 1 0 0 0 1 1 0 1 0 0 1 1 0 1 1 1 0 1 0 1 0 0 1 1 0 1 1 1 1 1 0 1 0 0 0 0 0 0 1 0 0 0 1 1 1 0 1 1 1 1 1 0 0 1 0 0 0 1 0 0 1 1 1 1 1 0 0 1 1 30307.0 26842.0 25539.0 1 0.2080006899695661
0 0 1 1 1 0 0 1 1 0 1 1 1 1 1 0 0 1 1 0 0 0 1 0 0 0 0 1 1 1 0 1 0 0 0 1 1 0 1 0 0 1 1 0 1 1 1 0 1 0 1 0 0 1 1 0 1 1 1 1 1 0 1 0 0 0 0 0 0 1 0 0 0 1 1 1 0 1 1 1 0 1 1 0 0 1 0 1 1 0 0 0 0 1 1 1 1 1 0 0 28109.0 27281.0 24879.0 1 0.25391909875980173
1 0 1 1 1 0 0 0 1 0 1 1 1 1 1 0 0 1 1 0 0 0 1 0 0 1 0 1 1 1 0 1 0 0 0 1 1 0 1 0 0 1 1 0 1 1 1 0 1 0 1 0 0 1 1 0 1 1 1 1 1 0 1 0 0 0 0 0 0 1 0 0 0 1 1 1 0 1 1 1 1 1 0 0 1 0 0 0 1 0 0 1 1 1 1 1 0 1 0 0 29069.0 27649.0 24791.0 1 2000000000000000.0
1 1 0 0 1 0 1 1 1 1 1 1 1 1 0 0 0 0 1 0 0 0 0 1 1 1 1 0 0 0 1 1 1 1 0 0 1 1 0 0 1 1 1 0 0 0 1 0 1 1 1 1 0 1 0 0 1 1 0 1 1 0 1 0 1 0 1 1 0 1 1 0 0 0 0 1 0 0 0 1 1 0 1 1 0 0 0 1 1 0 1 0 1 0 1 1 0 0 1 1 28681.0 20164.0 30390.0 2 2000000000000000.0
0 0 1 1 1 1 1 1 1 0 1 0 1 1 1 0 0 1 1 1 0 0 0 0 0 0 0 1 1 1 0 1 0 0 0 1 1 1 0 1 0 0 1 0 1 1 0 0 1 0 1 0 0 1 0 0 1 1 1 1 1 0 1 0 0 1 1 0 0 1 1 0 1 0 0 1 1 0 1 1 0 0 1 1 0 0 0 0 1 0 0 0 0 1 1 1 1 1 0 0 26485.0 25433.0 25413.0 2 1000000000000000.2
0 1 1 1 0 0 0 1 0 1 1 0 1 1 0 0 0 1 0 1 0 0 1 1 1 1 1 0 0 0 1 1 0 1 1 1 0 0 0 0 1 0 1 0 0 1 1 0 1 0 1 0 0 1 0 0 1 1 1 1 1 0 1 1 0 1 1 0 0 1 1 0 1 0 0 1 1 0 1 1 1 1 0 0 0 1 0 1 1 0 0 1 1 1 1 1 0 0 1 1 31560.0 22658.0 27914.0 2 1000000000000000.0
1 0 1 1 1 0 0 1 1 0 1 1 1 1 1 0 0 1 1 0 0 0 1 0 0 1 0 1 1 1 0 1 0 0 0 1 1 0 1 0 0 1 1 0 1 1 1 0 1 0 1 0 0 1 1 0 1 1 1 1 1 0 1 0 0 0 0 0 0 1 0 0 0 1 1 1 0 1 1 1 0 0 0 0 1 0 0 0 1 0 0 1 1 1 1 1 0 0 0 1 28545.0 26749.0 25074.0 2 1000000000000000.0
0 0 1 1 1 0 0 1 1 0 1 1 0 1 1 0 0 1 1 0 0 0 1 0 0 0 0 1 1 1 0 1 0 0 0 1 1 0 1 0 0 1 1 0 1 1 1 0 1 0 1 0 0 1 1 0 1 1 1 1 1 0 1 0 0 0 0 0 0 1 0 0 0 1 1 1 0 1 1 1 1 1 0 0 1 0 0 0 1 0 0 1 1 1 1 1 0 0 1 1 29332.0 26738.0 25004.0 2 1000000000000000.0
0 0 1 1 1 1 0 1 0 0 1 0 1 1 0 0 0 1 0 1 0 0 1 1 1 1 1 0 0 0 1 1 0 0 1 1 0 1 0 0 1 1 1 0 0 1 0 0 1 1 1 0 0 1 0 0 1 1 0 1 1 0 1 0 0 0 0 1 0 1 1 0 1 0 0 1 0 1 1 1 1 1 0 0 1 1 0 0 1 0 0 1 1 1 1 1 0 0 1 1 29463.0 23859.0 26349.0 2 0.3046408571845003
1 1 0 0 1 0 1 1 1 1 1 1 1 1 0 0 0 0 1 0 0 1 0 1 0 1 1 0 0 0 1 1 1 1 0 0 1 1 0 0 0 1 1 0 0 1 1 0 1 1 1 0 0 0 0 1 1 1 1 1 1 0 1 0 0 0 0 1 0 0 0 1 0 1 1 0 1 0 0 1 1 0 1 1 0 0 0 1 1 0 0 1 1 1 1 1 0 0 1 1 30500.0 21690.0 29772.0 2 0.2653108021510046
0 0 1 1 0 0 0 1 0 1 1 0 1 1 0 0 0 1 0 1 0 1 1 1 1 1 1 0 0 0 1 1 0 1 1 1 0 0 0 0 1 0 1 0 0 1 1 0 1 0 1 0 0 1 0 0 0 1 1 1 1 0 1 1 0 1 1 0 0 1 1 0 1 0 0 1 1 0 0 1 1 1 0 0 1 1 0 0 1 0 0 1 1 1 1 1 0 0 1 1 30683.0 22005.0 27955.0 2 0.24402451276436998
1 0 1 1 1 0 0 1 1 0 1 1 1 1 1 0 0 1 1 0 0 0 1 0 0 0 0 1 1 1 0 0 0 0 0 1 1 0 1 0 0 1 1 0 1 1 1 0 1 0 1 0 0 1 1 0 1 1 1 1 1 0 1 0 0 0 0 0 0 1 0 0 0 1 1 1 0 1 1 1 0 1 1 0 0 1 0 1 1 1 0 1 1 0 1 1 1 1 0 0 27987.0 26660.0 25384.0 2 0.20744966394675574
0 0 1 0 1 1 0 1 1 0 1 1 1 1 1 0 0 1 1 0 0 0 1 1 1 1 1 0 0 0 1 1 0 1 1 1 0 0 0 0 1 0 1 0 0 1 1 0 1 0 1 0 0 1 0 0 0 1 1 1 1 0 1 1 0 1 1 0 0 1 1 0 1 0 0 1 1 0 1 1 1 1 0 0 0 1 0 1 1 0 0 0 0 1 1 1 1 1 0 0 29612.0 23778.0 26977.0 2 0.1893130964878205
1 1 0 0 1 0 1 1 1 1 1 1 1 1 0 0 0 0 1 0 0 0 0 1 1 1 1 0 0 0 1 1 1 1 0 0 1 1 1 0 0 1 1 0 0 1 1 0 1 1 1 0 0 0 0 1 0 0 1 0 0 0 1 1 0 0 0 1 0 0 1 0 0 1 1 1 1 0 0 1 1 0 1 1 0 0 0 0 1 0 0 1 1 1 1 1 0 0 1 1 30015.0 22001.0 29103.0 2 0.18231239021590562
1 1 1 0 1 0 1 1 1 1 1 1 1 1 0 0 1 0 1 0 1 0 0 1 1 1 0 0 0 0 1 1 1 0 1 1 0 1 0 0 1 1 1 0 0 1 1 0 1 0 1 0 0 1 0 0 1 1 0 1 0 0 1 1 0 0 0 1 0 0 0 0 0 1 1 1 1 0 0 1 1 0 1 1 0 0 0 0 1 0 0 1 1 1 1 1 0 0 1 1 28734.0 20890.0 30316.0 2 0.17809042960324162
1 1 0 0 1 0 1 1 1 1 1 1 1 1 0 0 0 0 1 0 0 0 0 1 1 1 1 0 0 0 1 1 1 1 0 0 1 1 1 0 0 1 1 0 0 1 1 0 1 1 1 0 0 0 0 1 0 1 1 1 1 0 1 0 0 0 0 1 0 0 0 1 0 1 1 1 1 0 0 1 1 0 1 1 0 0 0 1 1 0 0 1 0 0 1 1 0 0 1 1 29849.0 20999.0 29933.0 2 0.16878843384280642
0 0 1 1 0 0 0 1 0 1 1 0 1 1 0 0 0 1 0 1 0 1 1 1 1 1 1 0 0 0 1 1 0 1 1 1 0 1 0 0 1 1 1 0 0 1 1 0 1 1 1 1 0 1 0 0 1 1 0 1 1 0 1 0 1 0 1 1 0 1 1 0 1 0 0 1 0 0 1 1 1 0 1 0 0 0 0 1 1 0 0 0 1 0 1 0 0 0 1 1 28960.0 22449.0 28578.0 2 0.1670061885916947
0 1 0 0 0 0 1 0 1 1 0 1 1 0 0 1 0 1 0 0 1 1 1 1 1 1 0 0 1 0 0 1 0 0 0 1 1 0 1 0 0 1 1 0 1 1 1 0 1 0 1 0 0 1 1 0 1 1 1 1 1 0 1 0 0 0 0 0 0 1 0 0 0 1 1 1 0 1 1 1 1 1 0 0 1 0 0 0 1 0 0 1 1 1 1 1 0 0 1 1 29184.0 24736.0 25860.0 2 0.1605037011200353
1 1 1 0 1 0 1 1 1 1 1 0 1 1 0 0 1 0 1 0 1 0 0 1 1 1 0 0 0 0 1 0 0 1 1 0 0 1 0 0 1 1 1 0 0 1 1 0 1 1 1 1 0 1 0 0 1 1 0 1 1 0 1 0 1 0 1 1 0 1 1 0 0 0 0 1 0 0 1 1 1 0 1 1 0 0 0 1 1 0 0 0 1 0 1 1 0 0 1 1 27721.0 21119.0 30377.0 2 0.15821277994584887
1 0 1 1 1 1 0 1 0 0 0 0 1 1 0 0 0 1 0 1 0 0 1 1 1 1 0 0 0 0 1 1 1 1 0 0 1 1 1 0 0 1 1 0 0 1 1 0 1 1 1 0 0 1 0 0 1 1 0 1 1 0 1 0 1 0 1 1 0 1 1 0 1 0 0 1 0 0 1 1 1 0 0 0 1 0 1 0 1 0 0 0 0 1 1 1 1 1 0 0 27246.0 25178.0 27137.0 2 0.14993366118609291
0 0 1 1 1 1 1 1 0 0 1 0 1 1 0 0 0 1 0 1 0 0 1 1 1 1 0 0 0 0 1 1 0 0 1 1 1 1 0 0 1 1 1 0 0 1 1 0 1 1 1 0 0 1 0 0 1 1 0 1 1 0 1 0 0 0 1 1 0 1 1 0 0 0 0 1 0 0 1 1 1 0 1 1 0 0 0 1 1 0 0 0 0 1 0 1 1 1 0 0 27320.0 24852.0 27097.0 2 0.14000225076870787
1 1 1 0 1 0 1 1 1 1 1 1 1 1 0 0 1 0 1 0 1 1 0 1 1 1 0 0 0 0 1 1 0 0 1 1 0 1 0 0 1 1 1 0 0 0 1 0 1 0 0 0 0 1 0 0 1 1 0 1 0 0 1 1 0 0 0 1 0 0 0 0 0 1 1 1 1 0 0 1 1 0 1 1 0 0 0 1 1 0 1 0 0 1 1 1 1 0 1 1 28384.0 20296.0 30339.0 2 0.13970430741004106
1 1 1 1 0 0 0 1 0 1 1 0 1 1 0 0 0 1 1 1 0 0 1 1 1 1 1 0 0 0 1 1 0 1 1 1 0 1 0 0 1 1 1 0 0 1 1 0 1 1 1 0 0 1 0 0 1 1 0 1 1 0 1 1 0 0 1 1 0 1 0 0 0 0 0 1 0 1 1 1 1 0 0 0 1 0 0 0 1 1 0 1 0 0 1 1 1 0 0 0 28145.0 23633.0 28091.0 2 0.12874579618594217
0 0 1 1 1 1 0 1 0 0 1 0 1 1 0 0 0 1 0 1 0 0 1 1 1 1 1 0 0 0 1 1 0 0 1 1 0 1 0 0 1 1 1 0 0 1 1 0 1 1 1 0 0 1 0 1 1 1 0 1 0 0 1 1 0 0 0 1 0 0 1 0 0 1 1 1 1 0 0 1 1 0 1 1 0 0 0 1 1 0 0 0 0 1 1 1 1 1 0 0 28304.0 24161.0 27797.0 2 0.12680905944836632
1 1 0 0 1 0 1 1 1 1 1 1 1 1 0 0 0 0 1 0 0 0 0 1 1 1 1 0 0 0 1 1 1 1 0 0 1 1 0 0 0 1 1 0 0 1 1 0 1 1 1 0 0 1 0 1 1 1 0 1 1 0 0 0 1 0 1 1 0 0 0 1 0 1 1 1 1 0 0 1 1 0 1 1 0 0 0 1 1 0 0 0 0 1 1 1 1 1 0 0 28665.0 22022.0 29519.0 2 0.122216063787536
1 1 1 0 0 0 1 1 1 1 1 1 1 1 0 0 1 0 1 0 1 0 0 1 1 1 0 0 1 0 1 1 0 0 1 1 0 1 0 0 1 1 1 0 0 1 1 0 1 1 1 1 0 1 0 0 1 1 0 1 1 0 1 1 1 0 1 1 0 1 1 0 1 0 0 1 0 0 1 1 1 0 1 0 0 0 0 1 1 0 0 0 1 0 1 0 0 0 1 1 29186.0 21440.0 30218.0 2 0.12179646980379406
0 0 1 1 1 0 0 1 0 0 0 1 1 1 0 1 0 1 1 0 1 1 1 1 1 1 0 0 0 1 1 1 0 0 1 1 0 1 0 0 0 1 1 0 0 1 1 0 1 1 1 0 0 1 0 0 1 1 0 1 1 0 1 1 0 0 1 1 1 1 1 0 0 0 0 1 0 0 1 1 1 0 0 0 1 0 0 0 1 1 0 1 0 0 1 1 1 0 1 0 27969.0 24607.0 29136.0 2 0.11269165638288779
1 0 1 1 1 1 0 1 0 0 0 0 1 1 0 0 0 1 0 1 0 0 1 1 1 1 0 0 0 0 1 1 1 1 0 0 1 1 1 0 0 1 1 0 0 1 1 0 1 1 1 0 0 1 0 0 1 1 0 1 1 0 1 0 1 0 1 1 0 0 1 0 1 0 0 1 0 0 1 1 1 0 0 0 1 0 1 0 1 0 0 1 0 1 1 1 1 1 0 0 26856.0 24771.0 27154.0 2 0.1124696290846898
1 0 1 1 1 1 0 1 0 0 0 0 1 1 0 0 0 1 0 1 0 0 1 1 1 1 1 0 1 1 0 1 0 0 1 1 1 1 0 1 0 0 1 0 1 1 0 0 1 0 1 0 0 1 0 0 1 1 1 1 1 0 1 0 0 1 1 0 0 1 1 0 1 0 0 1 1 0 1 1 0 0 1 1 0 0 0 0 1 0 0 0 0 1 1 1 1 1 0 0 27273.0 25040.0 25547.0 2 0.11147615235965302
0 0 1 1 0 0 0 1 0 1 1 0 1 1 0 0 0 1 0 1 0 1 1 1 1 1 1 0 0 0 1 1 0 0 1 1 0 1 0 0 1 1 1 0 0 1 1 0 1 1 0 0 0 1 0 0 1 1 0 1 1 0 1 0 0 1 1 1 0 1 1 0 0 0 0 1 0 1 1 1 1 1 0 0 1 0 0 0 1 0 0 1 1 1 1 1 0 0 1 1 29702.0 23097.0 27564.0 2 0.1024987461704325
1 0 1 1 1 0 0 1 1 0 1 1 1 1 1 0 0 1 1 0 0 0 1 0 0 1 0 1 1 1 0 1 0 0 0 1 1 0 1 0 0 1 1 0 1 1 1 0 1 0 1 0 0 1 1 0 1 1 1 1 1 0 1 0 0 0 0 0 0 1 0 0 0 1 1 1 0 1 1 1 0 0 0 0 0 0 1 0 1 1 0 1 1 0 1 1 1 0 1 0 28977.0 26733.0 25186.0 2 0.09682167998979199
1 0 1 1 1 1 0 1 0 0 0 0 1 1 0 0 0 1 1 0 1 1 1 1 1 1 0 0 0 1 1 1 0 0 1 1 0 1 0 0 1 1 1 0 0 1 1 0 1 1 1 0 0 1 0 0 1 1 0 1 1 0 1 1 0 0 1 1 0 1 0 0 0 0 0 1 0 0 1 1 1 0 0 0 1 0 1 0 1 0 0 0 0 1 1 1 1 1 0 0 27993.0 24520.0 28171.0 2 0.09559748140189518
0 0 1 1 1 1 0 1 0 0 0 0 1 1 0 0 0 1 0 1 0 0 1 1 1 1 0 0 0 0 1 1 1 1 0 0 1 1 1 0 0 1 1 0 0 1 1 0 1 1 1 0 0 1 0 0 1 1 0 0 1 0 1 0 1 0 1 1 0 1 1 0 1 0 0 1 0 0 1 1 1 0 0 0 1 0 1 0 1 0 0 0 0 1 1 1 1 1 0 1 26651.0 25043.0 27171.0 2 0.09257794543645627
0 1 1 0 1 0 1 1 1 1 1 1 1 1 0 0 1 0 1 0 1 0 0 1 1 1 0 0 0 0 1 1 0 0 1 1 0 1 0 0 0 1 1 0 0 1 1 0 1 0 1 0 0 1 0 0 1 1 1 1 1 0 1 0 1 0 1 1 0 0 0 1 0 1 1 1 1 0 0 1 1 0 1 1 0 0 0 1 1 0 0 0 0 1 1 1 1 1 0 0 28375.0 23106.0 30203.0 2 0.08885875891324219
1 1 1 0 1 1 1 1 1 1 1 1 1 1 0 0 1 0 1 0 1 0 0 1 1 1 0 0 0 0 1 1 0 0 1 1 0 1 0 0 1 1 1 0 0 1 0 0 1 1 1 0 0 1 0 0 1 1 0 1 1 0 1 0 0 0 0 0 0 1 1 0 1 0 0 1 1 0 1 1 1 1 0 0 1 1 0 0 1 0 0 1 1 1 1 1 0 0 1 1 29289.0 22368.0 28562.0 2 0.08555624177727073
0 1 1 1 1 1 1 0 1 1 0 1 0 1 0 1 0 1 0 1 0 0 1 1 1 1 0 0 0 0 1 1 1 1 0 0 1 1 1 0 0 1 1 0 0 1 1 0 1 1 1 0 0 1 0 0 1 1 0 1 1 0 1 0 1 0 1 1 1 0 0 1 0 1 1 0 1 0 0 1 1 1 0 0 0 0 0 0 0 0 0 0 1 1 1 1 0 0 1 1 29384.0 23236.0 27700.0 2 0.08510142438130275
1 1 1 0 1 0 1 1 1 1 1 1 1 1 0 0 1 0 1 0 1 0 0 1 1 1 0 0 0 0 1 1 0 0 1 1 0 0 0 0 1 1 1 0 0 1 0 0 1 1 1 0 0 1 0 0 1 1 0 1 1 0 1 0 0 0 0 1 0 1 1 0 1 0 0 1 0 1 1 1 1 1 0 0 1 0 0 0 1 0 0 1 1 1 1 1 0 0 1 1 29155.0 22701.0 28528.0 2 0.08297409132706474
0 0 1 1 1 0 0 1 1 0 1 0 1 1 1 0 0 1 1 0 0 0 1 1 1 1 0 0 0 0 1 1 0 1 1 1 0 0 0 0 1 0 1 0 0 1 1 0 1 0 1 0 0 1 0 0 0 1 1 1 1 0 1 1 0 1 1 0 0 1 1 0 1 0 0 1 1 0 0 1 1 1 0 0 1 1 0 0 1 0 0 1 1 1 1 1 0 0 1 1 30159.0 22692.0 27790.0 2 0.08199383864947733
1 1 0 0 1 0 1 1 1 1 1 1 1 1 0 0 1 0 1 0 0 0 0 1 1 1 1 0 0 0 1 1 1 1 0 0 1 1 0 0 0 1 1 1 0 1 1 0 1 0 1 0 0 1 0 0 1 1 0 1 1 0 1 0 1 0 1 1 0 1 1 0 0 0 0 1 0 1 1 0 1 1 0 0 1 0 0 1 1 0 0 0 0 1 1 1 1 1 0 0 26791.0 23469.0 29486.0 2 0.07708577309265324
0 1 1 0 1 0 1 1 1 1 1 1 1 1 0 0 1 0 1 0 1 0 0 1 1 1 0 0 0 0 1 1 0 0 1 1 0 1 0 0 0 1 1 0 0 1 1 0 1 0 1 0 0 1 0 0 1 1 1 1 1 0 1 0 1 0 1 1 0 0 0 1 0 1 1 1 1 0 0 1 1 0 1 1 0 0 0 1 0 0 0 0 0 1 1 1 1 1 0 1 28467.0 22903.0 30213.0 2 0.07619022198764289
1 1 1 0 1 0 1 1 1 1 1 1 1 1 0 0 1 0 1 0 1 0 0 1 1 1 0 0 0 0 1 1 0 0 1 1 0 1 0 0 0 1 1 0 0 1 1 0 1 0 1 0 0 1 0 0 1 1 1 1 1 0 1 0 1 0 0 0 0 1 0 0 0 1 1 1 0 1 1 1 0 1 1 0 0 1 0 1 1 1 0 1 1 0 1 1 1 1 0 0 28052.0 23434.0 29346.0 2 0.07448353486852351
0 1 1 1 0 0 0 1 0 1 1 0 1 1 0 0 0 1 0 1 0 0 1 1 1 1 1 0 0 0 1 1 0 1 1 1 0 0 0 0 1 0 1 0 1 1 1 0 1 0 1 0 0 1 0 0 1 1 1 1 1 0 1 1 0 1 1 1 0 1 1 0 1 0 0 1 0 0 1 1 1 0 0 0 1 0 1 0 1 0 0 0 0 1 1 1 1 1 0 0 29407.0 24244.0 27278.0 2 0.07429727538940359
1 1 0 0 1 0 1 1 1 1 1 1 1 1 0 0 1 0 1 0 1 0 0 1 1 1 0 0 0 0 1 1 0 0 1 1 0 1 0 0 1 1 1 0 0 1 0 0 1 1 1 0 0 1 0 0 1 1 0 1 1 0 1 0 0 0 0 1 0 1 1 0 1 0 0 1 0 1 1 1 1 1 0 0 1 1 0 0 1 0 0 1 1 1 1 1 0 0 1 1 29409.0 22491.0 28501.0 2 0.0738166162518769
0 0 1 1 1 0 0 1 1 0 1 1 1 1 1 0 0 1 1 0 0 0 1 0 1 1 1 0 0 0 1 1 0 0 1 1 0 1 0 0 1 1 1 0 0 1 1 0 1 0 1 1 0 1 0 0 1 1 1 1 1 1 1 0 0 0 0 0 0 1 0 0 0 1 1 1 0 1 1 1 0 1 1 0 0 1 0 1 1 1 0 0 1 0 1 1 0 0 1 1 29976.0 23762.0 27295.0 2 0.07246568909357622
1 1 1 0 0 0 1 1 1 1 1 1 1 1 0 0 1 0 1 0 1 0 0 1 1 1 0 0 1 0 1 1 0 0 1 1 0 1 0 0 1 1 1 0 0 1 0 0 1 1 1 0 0 1 0 0 1 1 0 1 1 0 1 0 0 0 0 1 0 1 1 0 1 0 0 1 0 1 1 1 1 1 0 0 0 1 0 1 1 0 0 1 1 1 1 1 0 0 1 1 30150.0 22002.0 28306.0 2 0.07112813062638658
0 0 1 1 1 0 0 1 0 0 0 0 1 1 0 0 0 1 0 1 0 0 1 1 1 1 1 0 0 0 1 1 0 0 1 1 0 1 0 0 1 1 1 0 0 1 1 0 1 0 1 1 0 1 0 0 1 1 1 1 1 1 1 0 0 0 0 0 0 1 0 0 0 1 1 1 0 1 1 1 1 1 0 0 0 0 0 1 0 0 1 0 0 1 1 1 1 1 0 1 28602.0 24916.0 25442.0 2 0.06564579976008902
