0 0 1 1 1 0 1 1 1 1 1 1 0 1 0 0 1 1 1 0 0 1 0 0 1 1 1 0 0 1 0 1 1 1 0 1 0 1 1 0 0 1 1 0 1 0 1 0 1 1 0 1 0 1 0 1 1 0 1 1 1 1 1 1 0 0 0 1 0 1 1 0 1 0 0 1 1 1 1 1 0 1 1 1 0 0 0 0 1 1 0 0 1 1 1 1 0 0 1 0 33447.0 27123.0 33367.0 0 2000000000000000.2
0 0 1 1 1 0 0 1 1 1 1 1 0 1 0 1 1 1 1 0 1 0 0 0 1 0 1 1 0 1 0 1 1 1 0 1 0 1 1 0 0 1 1 0 1 0 1 1 1 1 0 1 0 1 0 0 0 0 1 1 1 1 1 1 0 0 0 1 0 1 1 0 1 0 0 1 1 1 1 1 0 1 1 1 0 0 1 0 1 1 0 0 1 1 0 1 0 0 1 1 34001.0 27572.0 33089.0 0 0.6121459403451611
1 0 1 1 1 0 0 1 1 1 1 1 0 1 0 1 1 1 1 0 1 0 0 0 1 0 1 1 0 1 0 1 1 1 0 1 0 1 1 0 0 1 1 0 1 0 1 1 1 1 0 1 0 1 0 0 0 0 1 1 1 1 1 1 0 0 0 1 0 1 1 0 1 0 0 1 1 1 1 1 0 1 1 1 0 0 0 0 1 1 0 0 1 1 1 1 0 1 1 0 33864.0 28363.0 33029.0 0 0.298659024759787
0 0 1 1 1 0 0 0 1 1 1 1 0 1 0 1 1 1 1 0 0 1 1 0 1 0 1 0 1 1 0 1 1 1 0 1 0 1 1 0 0 1 1 0 1 0 1 1 1 1 0 1 0 0 0 0 1 0 1 0 1 1 1 1 1 0 0 1 0 1 1 0 1 0 0 1 1 1 1 1 0 1 1 1 0 0 0 0 1 1 0 0 1 1 1 1 0 0 1 0 31323.0 28705.0 32377.0 0 0.599405258960606
0 0 1 0 1 0 1 1 1 0 1 1 0 1 0 1 1 1 1 0 1 0 0 1 0 1 1 0 1 1 1 1 0 1 0 1 1 1 0 0 0 1 0 0 1 1 1 1 1 1 0 1 0 0 0 1 1 0 1 1 1 1 1 1 0 0 0 1 0 1 1 0 1 0 0 1 1 1 1 1 0 1 1 1 0 0 0 0 1 0 0 0 1 1 1 1 0 0 1 0 34267.0 28308.0 31742.0 0 1000000000000000.5
1 0 1 1 1 0 1 0 1 1 1 1 0 1 0 0 0 1 1 0 0 1 1 0 1 0 1 1 0 1 0 1 1 1 0 1 1 1 0 0 0 1 1 0 1 1 1 1 1 1 0 1 0 0 0 1 1 0 1 0 1 1 1 1 0 0 0 0 0 1 0 0 1 0 0 1 1 0 1 1 0 1 1 1 0 0 1 0 1 1 0 0 1 1 0 1 1 0 1 1 32026.0 28569.0 31588.0 0 0.2806814071213338
1 0 1 1 1 0 0 0 1 1 1 1 0 1 0 0 0 1 1 0 0 1 1 0 1 0 1 1 0 1 0 1 1 1 0 1 1 1 0 0 0 1 1 0 1 1 1 1 1 1 0 1 0 0 0 0 1 0 1 0 1 1 1 1 0 0 0 1 0 1 1 0 1 0 0 1 1 1 1 1 1 1 1 1 0 0 0 0 1 1 0 0 1 1 0 1 0 0 1 1 32626.0 28545.0 31412.0 0 0.2118144065106768
0 0 1 1 1 0 0 0 1 1 1 1 0 1 0 1 0 1 1 0 0 1 1 0 1 0 1 1 0 1 0 1 1 1 0 1 0 1 1 0 0 1 1 0 1 0 1 1 1 1 0 1 0 0 0 1 1 0 1 0 1 1 1 1 0 0 0 1 0 1 1 0 1 0 0 1 1 1 1 1 1 1 1 1 0 1 0 0 1 1 0 0 1 1 1 1 0 0 1 0 32764.0 29264.0 31402.0 0 0.744129110107395
0 1 1 0 1 0 1 1 1 0 1 1 0 1 0 1 1 1 0 0 0 1 1 0 1 0 1 0 1 1 1 1 1 1 0 1 0 0 1 0 0 1 1 0 1 0 1 1 1 1 0 1 1 0 0 1 1 0 1 1 1 0 1 1 0 0 0 1 0 0 0 0 1 1 0 1 1 0 1 0 1 1 1 0 0 0 0 0 1 0 0 0 1 1 1 1 1 0 1 0 32893.0 28482.0 28791.0 0 0.6586004292744279
0 0 1 0 1 0 1 1 1 0 1 1 0 1 0 0 0 1 1 0 0 1 1 0 1 0 1 1 0 1 0 1 1 1 0 1 1 1 0 0 0 1 1 0 1 1 1 1 1 1 0 1 0 0 0 1 1 0 1 1 1 0 0 1 0 1 1 0 0 1 1 0 1 0 0 0 1 1 1 0 1 0 0 1 0 0 1 0 1 1 0 0 1 1 1 1 1 0 1 1 30927.0 29332.0 28715.0 0 0.558213649081934
1 0 1 1 1 0 0 0 1 1 1 1 0 1 0 0 0 1 1 0 0 1 1 0 1 0 0 1 0 1 0 1 1 1 0 1 1 1 0 0 0 1 0 1 1 1 1 1 1 1 0 1 0 0 0 1 1 0 1 0 1 1 1 1 0 0 0 0 0 1 1 0 1 1 0 1 1 0 1 0 1 0 0 1 1 0 0 0 1 1 0 0 1 1 1 1 0 0 1 0 29201.0 29381.0 28147.0 0 1000000000000000.2
0 1 1 1 1 0 1 1 1 0 0 1 1 1 0 1 0 0 0 0 0 1 0 0 1 0 1 1 1 1 1 1 0 1 0 1 0 0 1 0 0 1 1 0 1 1 1 1 1 1 0 1 0 0 0 1 1 0 1 1 1 0 0 1 0 1 1 0 0 1 1 0 1 0 0 0 1 1 1 0 1 0 0 1 0 0 1 0 1 1 0 0 1 1 0 1 1 0 1 1 31456.0 29607.0 27693.0 0 0.21410625698777297
1 0 1 1 1 0 1 1 1 0 0 1 1 1 0 1 0 0 0 0 0 1 0 0 1 0 1 1 1 1 1 1 0 1 0 1 0 0 1 0 0 1 1 0 1 1 1 1 1 1 0 1 0 0 0 1 1 0 1 1 1 0 0 1 0 1 1 0 0 1 1 0 1 0 0 0 1 1 1 0 1 0 0 1 0 0 1 0 1 1 0 0 1 1 0 1 1 0 1 1 31487.0 29613.0 27619.0 0 1000000000000000.1
0 1 1 1 1 0 1 1 1 0 0 1 1 1 0 1 0 0 0 0 0 1 0 0 1 0 1 1 1 1 0 1 0 1 0 1 0 0 1 0 0 1 1 0 1 0 1 1 1 1 0 1 0 0 0 1 1 0 1 0 1 1 1 1 0 0 1 0 0 1 0 0 0 1 0 1 1 1 1 0 1 1 0 1 0 0 0 0 1 1 0 0 1 1 1 1 0 1 1 0 31810.0 29342.0 27405.0 0 1000000000000000.1
0 0 1 1 1 0 0 0 1 1 1 1 0 1 0 0 1 1 1 0 0 1 0 0 1 1 1 0 0 1 0 1 1 1 0 1 0 1 1 0 0 1 1 0 1 0 1 1 1 1 0 1 0 0 0 1 1 0 1 1 1 1 0 1 0 0 1 1 0 1 1 0 1 0 0 1 1 1 1 1 0 1 1 1 0 0 1 0 1 1 0 0 1 1 1 1 0 0 1 1 32608.0 25950.0 32802.0 1 2000000000000000.0
0 0 1 1 1 0 0 1 1 1 1 1 0 1 0 1 1 1 1 0 1 0 0 0 1 0 1 1 0 1 0 1 1 1 0 1 0 1 1 0 0 1 1 0 1 0 1 1 1 1 0 1 0 1 0 0 0 0 1 1 1 1 1 1 0 0 0 1 0 1 1 0 1 0 0 1 1 1 1 1 0 1 1 1 0 0 1 0 1 1 0 0 1 0 0 1 0 0 1 1 33008.0 26810.0 32790.0 1 0.12249949552539455
1 1 1 0 1 0 1 1 1 0 1 1 0 1 0 0 1 1 1 0 0 1 0 1 1 1 1 0 0 1 0 1 1 1 0 1 0 1 1 0 0 1 1 0 1 0 1 1 1 1 0 1 0 0 0 0 1 0 1 0 1 1 1 1 0 0 0 1 0 1 1 0 1 0 0 1 1 1 1 1 0 1 1 1 0 0 0 0 1 1 0 0 1 1 1 1 0 0 1 1 33105.0 26785.0 32739.0 1 0.11339440623487568
1 0 1 1 1 0 0 1 1 1 1 1 0 1 0 1 1 1 1 0 1 0 0 0 1 0 1 1 0 1 0 1 1 1 0 1 0 1 1 0 0 1 1 0 1 0 1 1 1 1 0 1 0 1 0 0 0 0 1 1 1 1 1 1 0 0 0 1 0 1 1 0 1 0 0 1 1 1 1 0 1 0 1 1 0 0 0 0 1 1 0 0 1 1 1 1 0 0 1 1 33572.0 28215.0 32699.0 1 0.374220844661152
0 0 1 0 1 0 1 1 1 1 1 1 0 1 0 0 1 1 0 0 0 0 0 1 0 1 1 0 0 1 0 1 1 1 0 1 0 1 1 0 0 1 1 0 1 0 1 1 1 1 0 1 0 1 0 0 1 0 1 1 1 1 1 1 0 0 0 1 0 1 1 0 1 0 0 1 1 1 1 1 0 1 1 1 0 0 1 0 1 1 0 0 1 1 0 1 1 0 1 1 33781.0 27021.0 32401.0 1 0.3847291214932343
1 0 1 1 1 0 0 0 1 1 1 1 0 1 0 0 0 1 1 0 0 1 1 0 1 0 1 1 0 1 0 1 1 1 0 1 1 1 0 0 0 1 1 0 1 1 1 1 1 1 0 1 0 0 0 0 1 0 1 0 1 1 1 1 0 0 0 1 1 1 1 0 1 0 0 1 1 1 1 1 0 1 1 1 0 0 0 0 1 1 0 0 1 1 1 1 0 0 1 1 32146.0 28333.0 32241.0 1 0.27972475421411286
0 0 1 1 1 0 0 0 1 1 1 1 0 1 0 1 1 1 1 0 0 1 1 0 1 0 1 1 0 1 0 1 1 1 0 1 0 1 1 0 0 1 0 0 1 1 1 1 1 1 0 1 0 1 0 1 1 0 1 0 1 1 1 1 0 0 0 0 0 1 1 0 1 0 0 1 1 0 1 1 0 1 1 1 0 0 1 0 0 1 0 0 1 1 0 1 1 0 1 1 30938.0 28636.0 31477.0 1 0.47049228675638044
0 0 1 1 1 0 0 0 1 1 1 1 0 1 0 1 0 1 1 0 0 1 1 0 1 0 1 0 1 1 0 1 1 1 0 1 0 1 1 0 0 1 1 0 1 0 1 1 1 1 0 1 0 0 0 0 1 0 1 0 1 1 1 1 0 0 0 1 0 1 1 0 1 0 0 1 1 1 1 1 0 1 1 1 0 0 0 0 1 1 0 0 1 1 0 1 1 0 1 1 31778.0 28512.0 31263.0 1 0.20752953695191134
1 0 1 1 1 0 1 0 1 1 1 1 0 1 1 1 0 1 1 0 0 1 1 0 1 0 1 1 0 1 0 1 1 1 0 1 0 1 1 0 0 1 0 0 1 1 1 1 1 1 0 1 0 1 0 1 1 0 1 0 1 1 1 1 0 0 0 0 0 1 1 0 1 0 0 1 1 0 1 1 0 0 1 1 0 0 0 0 0 1 0 0 1 1 0 1 1 0 1 1 31175.0 29114.0 30915.0 1 0.22849026396307648
0 0 1 0 1 0 1 1 1 0 1 1 0 1 0 0 0 1 1 1 1 1 0 0 1 0 1 1 0 1 0 1 1 1 0 1 1 1 0 0 0 1 0 0 1 1 1 1 1 1 0 1 0 0 0 1 1 0 1 1 1 1 1 1 0 0 0 1 0 1 1 0 1 0 0 1 1 1 1 1 0 1 1 1 0 0 0 0 1 0 0 0 1 1 1 1 0 0 1 0 33105.0 28226.0 30659.0 1 0.21933968414742994
1 0 1 1 1 0 0 0 1 1 1 1 0 1 0 0 0 1 1 0 0 1 1 0 1 0 1 1 0 1 0 1 1 1 0 1 1 1 0 0 0 1 1 0 1 1 1 1 1 1 0 1 0 0 0 1 1 0 1 0 1 1 1 1 0 0 0 0 0 1 1 0 1 0 0 1 1 0 1 1 1 1 1 1 0 0 1 0 0 1 0 0 1 1 0 1 1 0 1 1 32157.0 28746.0 30516.0 1 0.3036501366018242
0 1 1 1 1 0 1 1 1 0 0 1 1 1 0 1 0 0 0 0 0 1 0 0 1 0 1 1 1 1 1 1 0 1 0 1 0 0 1 0 0 1 1 0 1 0 1 1 1 1 0 1 0 0 0 1 1 0 1 0 1 1 1 1 0 0 0 1 0 1 1 0 1 0 0 1 1 1 1 1 0 1 1 1 0 0 0 0 1 1 0 0 1 1 1 1 0 0 1 0 32629.0 28744.0 29880.0 1 0.21689790847374651
1 0 1 1 1 0 0 1 1 1 1 1 0 1 0 1 1 1 1 0 1 0 0 0 1 0 1 1 0 1 0 1 0 0 0 1 0 1 1 0 1 1 0 1 1 1 1 1 1 1 0 1 0 0 0 1 1 0 1 0 1 1 1 1 0 0 0 0 0 1 1 0 1 0 0 1 1 1 1 1 0 1 1 1 0 0 0 0 1 1 0 0 1 1 1 1 0 0 1 0 31195.0 28954.0 29810.0 1 0.2422489530459202
0 0 1 1 1 0 0 0 1 1 1 1 0 1 0 1 1 1 1 0 0 1 1 0 1 0 1 0 1 1 0 1 0 0 0 1 0 1 1 0 1 1 0 1 1 1 1 1 1 1 0 1 0 0 0 1 1 0 1 0 1 1 1 1 0 0 0 0 0 1 1 0 1 0 0 1 1 1 1 1 0 1 1 1 0 0 0 0 1 1 0 0 1 1 1 1 0 0 1 0 29994.0 29147.0 29634.0 1 1000000000000000.0
1 0 1 1 1 0 0 1 0 1 0 1 1 0 0 1 1 1 0 1 0 0 1 0 1 0 1 1 0 1 0 1 1 1 0 1 0 1 1 0 0 1 1 0 1 0 1 1 1 1 0 1 0 0 0 1 1 0 1 0 1 1 1 1 0 0 0 1 0 1 1 0 1 0 0 1 1 1 1 1 0 1 1 1 0 0 0 0 1 1 0 0 1 1 1 1 0 0 1 0 31754.0 28920.0 29613.0 1 0.24946224241115786
1 0 1 1 1 0 0 0 1 1 1 1 0 0 0 0 0 1 1 0 0 1 1 0 1 0 1 1 0 1 0 1 1 1 0 1 1 0 1 0 0 1 1 1 1 1 1 1 1 1 0 1 0 1 0 1 1 0 1 0 1 1 1 1 0 0 0 1 0 0 0 0 1 1 0 1 1 0 1 0 1 0 0 1 0 0 1 0 1 1 1 0 1 0 1 1 1 0 0 1 30237.0 29190.0 29377.0 1 0.30920376384863196
0 0 1 0 1 0 1 1 1 0 1 1 0 1 0 1 1 1 1 0 1 0 0 1 0 1 1 0 1 1 1 1 0 1 0 1 1 0 1 0 0 1 1 1 1 0 1 0 1 0 0 1 0 0 0 1 1 0 1 0 1 1 1 1 0 0 0 1 0 1 0 0 1 1 1 1 1 0 1 0 1 0 0 1 0 0 0 0 0 1 1 0 1 1 1 1 0 0 1 1 33832.0 27731.0 29259.0 1 0.509286945062801
0 1 1 1 1 0 1 1 1 0 0 1 1 1 0 1 0 0 0 0 0 1 0 0 1 0 1 1 1 1 1 1 0 1 0 1 0 0 1 0 0 1 1 0 1 0 1 1 1 1 0 1 0 0 0 1 1 0 1 0 1 1 1 1 0 0 0 0 0 1 1 0 1 0 0 1 1 1 1 1 0 1 1 1 0 1 1 0 0 1 0 0 1 1 0 1 1 0 0 1 31951.0 29211.0 28905.0 1 1000000000000000.2
1 1 1 0 1 0 1 1 1 0 1 1 0 1 0 0 1 1 1 0 0 0 0 1 0 1 1 0 1 1 1 1 0 1 0 1 0 0 1 0 0 1 1 0 1 0 1 1 1 1 0 1 1 0 0 1 1 0 1 1 1 0 1 1 0 0 0 1 0 0 0 0 1 1 0 1 1 0 1 0 1 1 1 0 0 0 0 0 1 0 0 0 1 1 1 1 1 0 1 1 34027.0 26569.0 28701.0 1 0.5948995968044544
0 0 1 1 1 0 0 1 1 1 1 1 0 1 0 1 0 1 0 0 1 0 0 1 0 1 1 0 1 1 1 1 0 1 0 1 1 0 1 0 0 1 1 0 1 0 1 1 1 0 0 1 0 0 0 1 1 0 1 0 1 1 1 1 0 0 0 1 0 0 0 0 1 1 0 1 1 0 1 0 1 1 0 1 0 0 1 0 1 1 0 0 1 1 0 1 0 0 1 1 34162.0 26946.0 27448.0 1 1000000000000000.4
0 0 1 1 1 0 0 1 1 1 1 1 0 1 0 1 0 1 0 0 1 0 0 1 0 1 1 0 1 1 1 1 0 1 0 1 1 0 1 0 0 1 1 0 1 0 1 1 1 0 0 1 0 0 0 1 1 0 1 0 1 1 1 1 0 0 1 0 0 1 0 0 0 1 0 1 1 1 1 0 1 1 0 1 0 0 0 0 1 1 0 0 1 1 0 1 1 0 0 1 32847.0 28440.0 27191.0 1 1000000000000000.1
1 0 1 1 1 0 0 0 1 1 1 1 0 1 0 1 1 1 1 0 0 1 0 0 1 1 1 0 0 1 0 1 1 1 0 1 0 1 1 0 0 1 1 0 1 0 1 1 1 1 0 1 0 0 0 1 1 0 1 1 1 1 1 1 0 0 0 1 0 1 1 0 1 0 0 1 1 1 1 1 0 1 1 1 0 0 0 0 1 1 0 0 1 1 1 1 0 0 1 0 32804.0 27285.0 32576.0 2 1000000000000000.0
1 0 1 1 1 0 0 0 1 1 1 1 0 1 0 1 1 1 1 0 0 1 0 0 1 1 1 0 0 1 0 1 1 1 1 1 0 1 1 0 0 1 1 0 1 0 1 1 1 1 0 1 0 0 0 1 0 0 1 1 1 1 1 1 0 0 0 1 0 1 1 0 1 0 0 1 1 1 1 1 0 1 1 1 0 0 0 0 1 1 0 0 1 1 1 1 0 0 1 0 33030.0 27246.0 32566.0 2 0.07150006080976885
0 0 1 1 1 0 0 0 1 1 1 1 0 1 0 1 1 1 1 0 0 1 1 0 1 0 1 0 1 1 0 1 1 1 0 1 0 1 1 0 0 1 1 0 1 0 1 1 1 1 0 1 0 1 0 0 0 0 1 1 1 1 1 1 0 0 0 1 0 1 1 0 1 0 0 1 1 1 0 0 1 0 1 1 0 0 0 0 1 1 0 0 1 1 1 1 0 0 1 1 31870.0 27502.0 32500.0 2 0.13366166478429609
1 0 1 1 1 0 0 0 1 1 1 1 0 1 0 1 1 1 1 0 0 1 0 0 1 0 1 1 0 1 0 1 1 1 0 1 0 1 1 0 0 1 1 0 1 0 1 1 1 1 0 1 0 0 0 1 1 0 1 1 1 1 1 1 0 0 0 1 0 1 1 0 1 0 0 1 1 1 1 1 0 1 1 1 0 0 0 0 1 1 0 0 1 1 1 1 0 0 1 0 32421.0 27711.0 32289.0 2 0.17893084150759506
1 0 1 1 1 0 0 0 1 1 1 0 0 1 0 1 1 1 1 0 0 1 0 0 1 0 1 1 0 1 0 1 1 1 0 1 0 1 1 0 0 1 1 0 1 0 1 1 1 1 0 1 0 0 0 1 1 0 1 1 1 1 1 1 0 0 0 1 0 1 1 0 1 0 0 1 1 1 1 1 0 0 0 1 0 0 1 0 1 1 0 0 1 1 0 1 1 0 1 1 32468.0 27745.0 32023.0 2 0.1408821283814305
0 0 1 0 1 0 1 1 1 1 1 1 0 1 0 0 0 1 1 0 0 0 0 1 0 1 1 0 0 1 0 1 1 1 0 1 0 1 1 0 0 1 1 0 1 0 1 1 1 1 0 1 0 1 0 0 1 0 1 1 1 1 1 1 0 0 0 1 0 1 1 0 1 0 0 1 1 1 1 1 0 1 1 1 0 0 1 0 1 1 0 0 1 1 0 1 0 0 1 1 33654.0 26105.0 31951.0 2 0.1533595557320425
1 1 1 0 1 0 1 1 1 0 1 1 0 1 0 0 1 1 1 0 0 1 0 0 1 1 1 0 0 1 0 1 1 1 0 1 0 1 1 0 0 1 1 0 1 0 1 1 1 1 0 1 0 0 0 1 1 0 1 1 1 1 1 1 0 0 0 1 0 1 1 0 1 0 0 1 1 1 1 1 0 1 1 1 0 0 0 0 1 1 0 0 1 1 1 1 0 0 1 0 33304.0 27058.0 31823.0 2 0.2145690969607041
1 1 1 1 1 0 1 1 1 0 1 1 0 1 0 0 1 1 1 0 0 1 0 0 1 1 1 0 0 1 0 1 1 1 0 1 0 1 1 0 0 1 0 0 1 0 1 1 1 1 0 1 0 0 0 1 0 0 1 1 1 1 1 1 0 0 0 1 0 1 1 0 1 0 0 1 1 1 1 0 1 0 1 1 0 0 0 0 1 1 0 0 1 1 1 1 0 0 1 1 33275.0 27243.0 31801.0 2 0.12323016255098684
0 0 1 1 1 0 0 0 1 1 1 1 0 1 0 1 1 1 1 0 0 1 1 0 1 0 1 0 1 1 0 1 1 1 0 1 0 1 1 0 0 1 1 0 1 0 1 1 1 1 0 1 0 0 0 0 1 0 1 0 1 1 1 1 1 0 0 1 0 1 1 0 1 0 0 1 1 1 1 1 0 1 1 1 0 0 0 0 1 1 0 0 1 1 1 0 0 0 1 0 30360.0 27899.0 31648.0 2 0.2944195184010488
1 0 1 1 1 0 0 0 1 1 1 1 0 1 0 0 1 1 1 0 0 1 0 0 1 1 1 0 0 1 0 1 1 1 0 1 0 1 1 0 0 1 1 0 1 0 1 1 1 1 0 1 0 0 0 1 1 0 1 0 1 1 1 1 0 0 0 1 0 1 1 0 1 0 0 1 1 1 1 1 1 1 1 1 0 1 0 0 1 1 0 0 1 1 1 1 0 0 1 0 32950.0 27346.0 31646.0 2 0.10667406603098588
1 0 1 1 1 0 0 0 1 1 1 1 0 1 0 1 1 1 1 0 0 1 0 0 1 1 1 0 0 1 0 1 1 1 0 1 0 1 1 0 0 1 1 0 1 0 1 1 1 1 0 1 0 0 0 1 1 0 1 1 1 1 1 1 0 0 0 1 0 1 1 0 1 1 0 1 1 0 1 0 1 0 1 1 0 0 0 0 1 1 0 0 1 1 1 1 0 0 1 0 32832.0 27390.0 31482.0 2 0.10501354780083279
0 1 1 1 1 0 1 1 1 0 1 1 0 1 0 0 1 1 1 0 0 1 0 0 1 1 1 0 0 1 0 1 1 1 0 1 0 1 1 0 0 1 1 0 1 0 1 1 1 1 0 1 0 0 0 1 1 0 1 1 1 1 1 1 0 0 0 1 0 1 1 0 1 0 0 1 1 1 1 1 0 1 0 1 0 0 0 0 1 1 0 0 1 1 1 1 0 0 1 0 33146.0 27463.0 31442.0 2 0.12851246330778576
1 0 1 1 1 0 0 0 1 1 1 1 0 1 0 0 0 1 1 0 0 1 1 0 1 0 1 1 0 1 0 1 1 1 0 1 1 1 0 0 0 1 1 0 1 1 1 1 1 1 0 1 0 0 0 0 1 0 1 0 1 1 1 1 0 0 0 1 0 1 1 0 1 0 0 1 1 1 1 1 0 1 1 1 0 0 0 0 1 1 0 0 1 1 1 1 0 0 1 0 31238.0 28170.0 31267.0 2 0.16231579897516765
0 0 1 1 1 0 0 0 1 1 1 1 0 1 0 1 0 1 1 0 0 1 1 0 1 0 1 0 1 1 0 1 1 1 0 1 0 1 1 0 0 1 1 0 1 0 1 1 1 1 0 1 0 0 0 0 1 0 1 0 1 1 1 1 0 0 0 1 1 1 1 0 1 0 0 1 1 1 1 1 0 1 1 1 0 0 0 0 1 1 0 0 1 1 0 1 0 0 1 1 31806.0 27757.0 31149.0 2 0.09373224767398186
1 0 1 1 1 0 0 0 1 1 1 1 0 1 0 0 0 1 1 1 1 1 0 0 1 0 1 1 0 1 0 1 1 1 0 1 1 1 0 0 0 1 0 0 1 1 1 1 1 1 0 1 0 0 0 1 1 0 1 1 1 1 1 1 0 0 0 1 0 1 1 0 1 0 0 1 1 1 1 1 0 1 1 1 0 0 0 0 1 0 0 0 1 1 1 1 0 0 1 0 32794.0 27921.0 31136.0 2 0.07277626947193877
0 0 1 1 1 0 0 0 1 1 1 1 0 1 0 1 1 1 1 0 0 1 1 0 1 0 1 0 1 1 0 1 1 1 0 1 0 1 1 0 0 1 1 0 1 0 1 1 1 0 0 1 0 0 0 0 1 0 1 0 1 0 1 1 1 0 0 1 0 1 1 0 1 0 0 1 1 1 1 1 0 1 1 1 0 0 0 0 1 1 0 0 1 1 0 1 1 0 1 1 30910.0 28288.0 31111.0 2 0.09535484582641393
1 0 1 1 1 0 0 0 1 1 1 1 0 1 0 0 0 1 1 0 0 1 1 0 1 0 1 1 1 1 0 1 1 1 0 1 1 1 0 0 0 1 1 0 1 1 1 1 1 1 0 1 0 0 0 0 1 0 1 0 1 1 1 1 0 0 0 1 0 1 1 0 1 0 0 1 1 0 1 0 1 0 1 1 0 0 0 0 1 1 0 0 1 1 1 1 0 0 1 1 31810.0 28206.0 31067.0 2 0.047969711680831514
1 0 1 1 1 0 0 0 1 1 1 1 0 1 0 0 0 1 1 0 0 1 1 0 1 0 1 1 0 1 0 1 1 1 0 1 1 1 0 0 0 1 1 0 1 1 1 1 1 1 0 1 0 0 0 1 1 0 1 0 1 1 1 1 0 0 0 0 0 1 1 0 1 0 0 1 1 0 1 1 0 1 1 1 0 0 1 0 1 1 0 0 1 1 0 1 1 0 1 1 31702.0 28212.0 30996.0 2 0.13571923568254465
0 1 1 0 1 0 1 1 1 0 1 1 0 1 0 0 0 1 1 0 0 1 1 0 1 0 1 1 0 1 0 1 1 1 0 1 0 1 1 0 0 1 1 0 1 0 1 1 1 1 0 1 0 0 0 1 1 0 1 1 1 1 1 1 0 0 0 1 0 1 1 0 1 0 0 1 1 1 1 1 0 1 1 1 0 0 0 0 1 1 0 0 1 1 1 1 0 0 1 0 32706.0 28138.0 30843.0 2 0.15232011774426824
1 0 1 1 1 0 0 0 1 1 1 1 0 1 1 1 0 1 1 0 0 1 1 0 1 0 1 0 0 1 0 1 1 1 0 1 0 1 1 0 0 1 0 0 1 1 1 1 1 1 0 1 0 1 0 1 1 0 1 0 1 1 1 1 0 0 0 0 0 1 1 0 1 0 0 1 1 0 1 1 0 0 1 1 0 0 0 0 1 0 0 0 1 1 1 1 1 0 1 1 30412.0 28412.0 30771.0 2 0.10353356865374704
0 1 1 0 1 0 1 1 1 0 1 1 0 1 0 0 0 1 1 0 0 1 1 0 1 0 1 1 0 1 0 1 1 1 0 1 0 1 1 0 0 1 1 0 1 0 1 1 1 1 0 1 0 0 0 0 1 0 1 0 1 1 1 1 0 0 0 1 0 1 1 0 1 0 0 1 1 1 1 1 0 1 1 1 0 0 0 0 1 1 0 0 1 1 0 1 1 0 1 1 32089.0 28252.0 30709.0 2 0.12582335394544422
1 0 1 1 1 0 0 0 1 1 1 1 0 1 1 1 0 1 1 0 0 1 1 0 1 0 1 1 0 1 0 1 1 1 1 1 0 0 1 0 0 1 0 0 1 1 1 1 1 1 0 1 0 1 0 1 1 0 1 0 1 1 1 1 0 0 0 0 0 1 1 0 1 0 0 1 1 0 1 1 0 0 1 1 0 0 0 0 0 1 0 0 0 1 1 1 1 0 1 1 30387.0 29051.0 30642.0 2 0.04589804047192135
1 0 1 1 1 0 1 0 1 1 1 1 0 1 1 1 0 1 1 0 0 1 1 0 1 0 1 1 0 1 0 1 1 1 0 1 0 1 1 0 0 1 0 0 1 1 1 1 1 1 0 1 0 1 0 1 1 0 1 0 1 1 1 1 0 0 0 0 0 1 1 0 1 0 0 1 1 0 1 1 0 0 1 1 0 0 0 0 0 1 0 0 1 1 1 1 0 0 1 0 30462.0 28612.0 30566.0 2 0.19751374428352858
1 0 1 1 1 0 0 0 1 1 1 1 0 1 1 1 0 1 1 0 0 1 1 0 1 0 1 1 0 1 0 1 1 1 0 1 0 1 1 0 0 1 0 0 1 1 1 1 1 1 0 1 0 1 0 1 1 0 1 0 1 1 1 1 0 0 0 0 0 1 1 0 1 0 0 1 1 0 1 1 0 0 1 1 0 0 0 0 0 1 0 0 1 1 0 1 1 0 1 1 30604.0 28500.0 29944.0 2 0.22805401130074643
1 0 1 1 1 0 0 0 1 1 1 1 0 1 0 0 0 1 1 0 0 1 1 0 1 0 1 1 0 1 0 1 1 1 0 1 1 1 0 0 0 1 0 1 1 1 1 1 1 1 0 1 0 1 0 1 1 0 1 0 1 1 1 1 0 0 0 0 0 1 1 0 1 0 0 1 1 0 1 1 0 1 1 1 0 0 0 0 0 1 0 0 1 1 0 1 1 0 1 1 30674.0 28523.0 29685.0 2 0.12902262768379077
0 0 1 1 1 0 1 1 1 0 0 1 1 1 0 1 0 0 0 0 0 1 0 0 1 0 1 1 1 1 1 1 0 1 0 1 0 0 1 0 0 1 1 0 1 0 1 1 1 1 0 1 0 0 0 1 1 0 1 0 1 1 1 1 0 0 0 1 0 1 1 0 1 0 0 1 1 1 1 1 0 1 1 1 0 0 0 0 1 1 0 0 1 1 1 1 0 0 1 0 32344.0 28594.0 29613.0 2 0.11107778953331485
1 0 1 1 1 0 0 1 0 1 0 1 1 0 0 1 1 1 0 1 0 0 1 0 1 0 1 1 0 1 0 1 1 1 0 1 0 1 1 0 0 1 1 0 1 0 1 1 1 1 0 1 0 0 0 1 1 0 1 0 0 1 1 1 0 0 0 1 0 1 1 0 1 0 0 1 1 1 1 1 0 1 1 1 0 0 0 0 1 1 0 0 1 1 1 1 0 0 1 0 30951.0 28878.0 29478.0 2 0.11154664080522549
0 0 1 0 1 0 1 1 1 0 1 1 0 1 0 0 0 1 1 0 0 0 1 1 0 1 1 0 0 1 0 1 1 1 0 1 0 1 1 0 0 1 1 0 1 0 1 0 1 1 0 1 0 1 0 0 1 0 1 1 1 1 1 1 0 0 0 1 0 1 1 0 1 1 1 1 1 0 1 1 0 1 0 1 0 1 0 0 0 1 0 0 1 1 0 1 1 0 1 1 33580.0 26574.0 29414.0 2 0.08691573228896565
0 1 1 0 1 0 1 1 1 0 1 1 0 1 0 0 0 1 1 0 0 0 0 1 0 1 1 0 0 1 0 1 1 1 0 1 0 1 1 0 0 1 1 0 1 0 1 0 1 1 0 1 0 1 0 0 1 0 1 1 1 1 1 1 0 0 0 1 0 1 1 0 1 1 1 1 1 0 1 1 0 1 0 1 0 1 0 0 0 1 0 0 1 1 0 1 1 0 1 1 33656.0 25774.0 29376.0 2 1000000000000000.0
1 0 1 1 1 0 0 0 1 1 1 1 0 1 1 1 0 1 1 0 0 1 1 0 1 0 1 1 0 1 0 1 1 1 0 1 0 1 1 0 0 1 0 0 1 1 1 1 1 1 0 1 0 1 0 1 1 0 1 0 1 1 1 1 0 0 0 0 0 1 1 0 1 0 0 1 1 0 1 1 0 1 0 1 0 1 0 0 0 1 0 0 1 1 0 1 1 0 1 1 31423.0 28811.0 29259.0 2 0.09196965469723853
0 0 1 0 1 0 1 1 1 0 1 1 0 1 0 0 0 1 1 0 0 1 1 0 1 0 1 1 0 1 0 1 1 1 0 1 1 1 0 0 0 1 0 1 1 1 1 1 1 1 0 1 0 1 0 1 1 0 1 0 1 1 1 1 0 0 0 0 0 1 1 0 1 0 0 1 1 0 1 1 0 1 1 1 0 0 0 0 0 1 0 0 1 1 0 1 1 0 1 1 30985.0 28828.0 29208.0 2 0.09825830301226872
1 0 1 1 1 0 0 0 1 1 1 1 0 1 0 0 0 1 1 0 0 1 1 0 1 0 1 1 0 1 0 1 1 1 0 1 1 1 0 0 0 1 1 0 1 1 1 1 1 1 0 1 0 0 0 1 1 0 1 1 1 0 0 1 0 1 1 0 0 1 1 0 1 0 0 0 1 1 1 0 1 0 0 1 0 0 1 0 1 1 0 0 1 1 1 1 1 0 1 1 30616.0 29027.0 29192.0 2 0.08791677132508433
1 0 1 1 1 0 0 1 0 1 0 1 1 0 0 1 1 1 0 1 0 0 1 0 1 0 1 1 0 1 0 1 1 1 0 1 0 1 1 0 0 1 1 0 1 0 1 1 1 1 0 1 0 1 0 1 1 0 1 0 1 1 1 1 0 0 0 0 0 1 1 0 1 0 0 1 1 0 1 1 1 0 1 1 0 0 0 0 0 1 0 0 0 1 1 1 1 0 1 1 30795.0 29054.0 29091.0 2 0.09619128217461112
1 0 1 0 1 0 1 1 1 0 1 1 0 1 0 1 1 1 1 0 1 0 0 1 0 1 1 0 1 1 1 1 0 1 0 1 1 0 1 0 0 1 1 1 1 0 1 0 1 0 0 1 0 0 0 1 1 0 1 0 1 1 1 1 0 0 0 1 0 1 0 0 1 1 1 1 1 0 1 0 1 0 0 1 0 0 1 0 1 1 0 0 1 1 1 0 0 0 1 0 33425.0 27527.0 28999.0 2 0.12063643212255251
0 1 1 1 1 0 1 1 1 0 0 1 1 1 0 1 0 0 0 0 0 1 0 0 1 0 1 1 1 1 1 1 0 1 0 1 0 0 1 0 0 1 1 0 1 0 1 1 1 1 0 1 0 0 0 1 1 0 1 0 1 0 1 1 0 0 0 1 0 1 1 0 1 0 0 1 1 1 1 1 0 1 1 1 0 0 0 0 1 1 0 0 1 1 1 1 0 0 1 0 32216.0 28684.0 28964.0 2 0.1520195016236196
1 1 1 0 1 0 1 1 1 0 1 1 0 1 0 0 1 1 1 0 0 0 0 1 0 1 1 0 1 1 1 1 1 1 0 1 0 0 1 0 0 1 1 0 1 0 1 1 1 1 0 1 1 0 0 1 1 0 1 1 1 0 1 1 0 0 0 1 0 0 0 0 1 1 0 1 1 0 1 0 1 1 1 0 0 0 0 0 1 0 0 0 1 1 1 1 1 0 1 0 33489.0 26645.0 28807.0 2 0.23867650963563547
0 0 1 1 1 0 0 0 1 1 1 1 0 1 0 1 1 1 1 0 1 0 0 1 0 1 1 0 1 1 1 1 0 1 0 1 1 0 1 0 0 1 1 0 1 0 1 1 1 0 0 1 0 0 0 1 1 0 1 0 1 1 1 1 0 0 0 1 0 0 0 0 1 1 0 1 1 0 1 0 1 1 1 0 0 0 0 0 1 1 0 0 1 1 0 1 1 0 1 1 33661.0 26413.0 28601.0 2 0.18017005775989237
0 0 1 1 1 0 0 0 1 1 1 1 0 1 0 1 1 1 1 0 1 0 0 1 0 1 1 0 1 1 1 1 0 1 0 1 1 0 1 0 0 1 1 0 1 0 1 1 1 0 0 1 0 0 0 1 1 0 1 0 1 1 1 1 0 0 0 1 0 0 0 0 1 1 0 1 1 0 1 0 1 1 0 1 0 0 1 0 1 1 0 0 1 1 0 1 0 0 1 1 33564.0 26576.0 28599.0 2 0.047432803759722295
1 0 1 1 1 0 0 0 1 1 1 1 0 1 0 0 0 1 1 0 0 1 1 0 1 0 0 1 0 1 0 1 1 1 0 1 1 1 0 0 0 1 0 1 1 1 1 1 1 1 0 1 0 0 0 1 1 0 1 0 1 1 1 1 0 0 0 0 0 1 1 0 1 1 0 1 1 0 1 0 1 0 0 1 1 0 0 0 0 1 1 0 1 1 1 1 0 0 1 1 29445.0 29204.0 28570.0 2 2000000000000000.0
0 1 1 1 1 0 1 1 1 0 0 1 1 1 0 1 0 0 0 0 0 1 0 0 1 0 1 1 1 1 0 1 0 1 0 1 0 0 1 0 0 1 1 0 1 0 1 1 1 1 0 1 0 0 0 1 1 0 1 0 1 1 1 1 0 0 0 0 0 1 1 0 1 0 0 1 1 1 1 1 0 1 1 1 0 1 1 0 0 1 0 0 1 1 0 1 1 0 0 1 31454.0 29073.0 28445.0 2 0.1654595197274608
0 0 1 0 1 0 1 1 1 0 1 1 0 1 0 1 1 1 1 0 1 0 0 1 0 1 1 0 1 1 1 1 0 1 0 1 1 0 1 0 0 1 1 0 1 0 1 0 1 0 0 1 0 0 0 1 1 0 1 0 1 1 1 1 0 0 0 1 0 0 0 0 1 1 0 1 1 0 1 0 1 1 1 0 0 0 0 0 1 1 0 0 1 1 0 1 1 0 1 1 33737.0 26150.0 28150.0 2 0.19775840795544386
1 0 1 1 1 0 1 1 1 0 0 1 1 1 0 1 0 0 0 0 0 1 0 0 1 0 1 1 1 1 1 1 0 1 0 1 0 0 1 0 0 1 1 0 1 1 1 1 1 1 0 1 0 0 0 1 1 0 1 1 1 0 0 1 0 1 1 0 0 1 1 0 1 0 0 0 1 1 1 0 1 0 0 1 0 0 1 0 1 1 0 0 1 1 1 1 0 0 1 1 31370.0 29138.0 27957.0 2 0.21002276528183744
1 1 1 0 1 0 1 1 1 0 1 1 0 1 0 0 1 1 1 0 0 0 0 1 0 1 1 0 1 1 1 1 0 1 0 1 0 0 1 0 0 1 1 0 1 0 1 1 1 1 0 1 1 0 0 1 1 0 1 1 1 0 1 1 0 0 0 1 0 0 0 0 1 1 0 1 1 0 1 0 1 1 1 0 0 0 0 0 0 1 0 0 1 1 0 1 1 0 1 1 33757.0 26115.0 27440.0 2 1000000000000000.1
0 0 1 1 1 0 0 1 1 1 1 1 0 1 0 1 0 1 0 0 1 0 0 1 0 1 1 0 1 1 1 1 0 1 0 1 1 0 1 0 0 1 1 0 1 0 1 1 1 0 0 1 0 0 0 1 1 0 1 0 1 1 1 1 0 0 1 0 0 1 0 0 0 1 0 1 1 1 1 0 1 1 0 1 0 0 0 0 1 1 0 0 1 1 0 1 0 1 1 0 33331.0 28047.0 27069.0 2 1000000000000000.1
1 0 1 1 1 0 1 0 1 1 1 1 0 1 1 0 1 1 1 0 0 1 1 0 1 0 1 0 1 1 0 1 0 0 0 1 0 0 1 0 1 1 0 1 1 1 1 1 1 1 0 1 0 1 0 1 1 0 1 0 1 1 1 1 0 0 0 1 0 0 0 0 1 1 0 1 1 0 1 0 1 0 0 1 0 0 0 0 1 1 0 0 1 1 1 1 0 0 1 0 31140.0 29050.0 27981.0 3 1000000000000000.4
1 0 1 1 1 0 0 0 1 1 1 1 0 1 0 0 0 1 1 0 0 0 0 1 0 1 1 0 0 1 0 1 1 1 0 1 0 1 1 0 0 1 1 0 1 0 1 1 1 1 0 1 0 1 0 0 1 0 1 1 1 1 1 1 0 0 0 1 0 1 1 0 1 0 0 1 1 1 1 1 0 1 1 1 0 0 1 0 1 1 0 0 1 1 0 1 0 0 1 1 32913.0 25686.0 31552.0 3 1000000000000000.1
0 1 1 0 1 0 1 1 1 0 1 1 0 1 0 0 0 1 1 0 0 0 0 1 0 1 1 0 1 1 1 1 0 1 0 1 0 0 1 0 0 1 1 0 1 0 1 1 1 1 0 1 1 0 0 1 1 0 1 1 1 0 1 1 0 0 0 1 0 1 1 0 1 0 0 1 1 0 1 1 0 1 1 1 0 0 0 0 1 0 0 1 1 1 0 1 0 0 1 1 33486.0 25778.0 29598.0 3 1000000000000000.1
1 1 1 0 1 1 1 1 1 0 1 1 0 1 0 0 1 1 1 0 0 1 0 1 1 1 1 0 0 1 0 1 1 1 0 1 0 1 1 0 0 1 1 0 1 0 1 1 1 1 0 1 0 0 0 0 1 0 1 0 1 1 1 1 0 0 0 1 0 1 1 0 1 0 0 1 1 1 1 1 0 1 1 1 0 0 0 0 1 1 0 0 1 1 1 1 0 0 1 0 32563.0 26914.0 32496.0 3 1000000000000000.0
1 0 1 1 1 0 0 0 0 1 1 1 0 1 0 0 1 1 1 0 0 1 1 0 1 0 1 1 0 1 0 1 1 1 0 1 0 1 1 0 0 1 1 0 1 1 1 1 1 1 0 1 0 0 0 1 1 1 0 0 0 0 1 1 1 0 1 0 0 1 0 0 1 0 1 1 0 1 1 0 0 0 1 1 0 1 0 0 1 1 0 0 1 1 1 1 1 0 1 1 28045.0 27797.0 31106.0 3 1000000000000000.0
0 1 1 1 1 0 1 1 1 0 0 1 1 1 0 1 0 0 0 0 0 1 0 0 1 0 1 1 1 1 0 1 0 1 0 1 0 0 1 0 0 1 1 0 1 0 1 1 1 1 0 1 0 0 0 1 1 0 1 0 1 1 1 1 0 0 0 1 0 0 0 0 1 1 0 1 1 0 1 0 1 1 0 1 0 0 1 0 1 1 0 0 1 1 0 1 0 0 1 1 32474.0 27825.0 27045.0 3 1000000000000000.0
0 0 1 1 1 0 0 0 1 1 1 1 0 1 0 1 1 1 1 0 0 1 1 0 1 0 1 1 0 1 0 1 1 1 0 1 0 0 1 0 0 1 0 0 1 1 1 1 1 1 0 1 0 1 0 1 1 0 1 0 1 1 1 1 0 0 0 0 0 1 1 0 1 0 0 1 1 0 1 1 0 0 1 1 0 0 0 0 0 1 0 0 0 1 1 1 1 0 1 1 29114.0 28252.0 31037.0 3 0.41291221012809803
1 1 1 1 1 0 1 1 1 0 1 1 0 1 0 0 1 1 1 0 0 1 0 0 1 1 1 0 0 1 0 1 1 1 0 1 0 1 1 0 0 1 0 0 1 0 1 1 1 1 0 1 0 0 0 1 1 0 1 1 1 1 1 1 0 0 0 1 0 1 1 0 1 0 0 1 1 1 0 1 0 1 1 1 0 0 0 0 1 1 0 0 1 1 1 1 0 0 1 0 32831.0 26402.0 31940.0 3 0.27894613730342027
0 0 1 0 1 0 1 1 1 0 1 1 0 1 0 1 1 1 1 0 1 0 0 1 0 1 1 0 1 1 1 1 0 1 0 1 1 0 1 0 0 1 1 1 1 0 1 0 1 0 0 1 0 0 0 1 1 0 1 0 1 1 1 1 0 0 0 1 0 1 0 0 1 1 1 1 1 0 1 0 1 0 0 1 0 0 1 0 1 1 0 0 1 1 1 0 0 0 1 0 33109.0 27371.0 28806.0 3 0.2283524951248168
0 1 1 1 1 0 1 1 1 0 0 1 1 1 0 1 0 0 0 0 0 1 0 0 1 0 1 1 1 1 0 1 0 1 0 1 0 0 1 0 0 1 1 0 1 0 1 1 1 1 0 1 0 0 0 1 1 0 1 0 0 1 1 1 0 0 0 0 0 1 1 0 1 0 0 1 1 1 1 1 0 1 1 1 0 1 1 0 0 1 0 0 1 1 0 1 1 0 0 1 30651.0 29031.0 28310.0 3 0.2280274243390894
0 0 1 1 1 0 0 0 1 1 1 1 0 1 0 1 1 0 1 0 0 1 1 0 1 0 1 1 0 1 1 1 1 1 0 1 0 1 1 0 0 1 0 0 1 1 1 1 1 1 0 1 0 1 0 1 1 0 0 0 1 1 1 1 0 0 0 0 0 1 1 0 1 0 0 1 1 0 1 1 0 1 1 1 0 0 1 0 1 1 0 0 1 1 0 1 1 0 1 1 30150.0 27207.0 31887.0 3 0.22711678462865675
0 0 1 1 1 0 0 0 1 1 1 1 0 1 0 0 1 1 1 0 1 0 0 1 0 1 1 0 1 1 1 1 0 1 0 1 0 0 1 0 0 1 1 0 1 0 1 1 1 0 0 1 1 0 0 1 1 0 1 1 1 1 1 1 0 0 0 1 0 1 1 0 1 0 0 1 1 1 1 1 0 1 1 1 0 0 0 0 1 1 0 0 1 1 1 1 0 0 1 0 32965.0 25998.0 30992.0 3 0.21780404116559693
1 0 1 0 1 0 0 1 0 1 0 1 1 0 0 1 1 1 0 1 0 0 1 0 1 0 0 1 0 1 0 1 1 1 0 1 0 1 1 0 0 1 1 0 1 0 1 1 1 1 0 1 0 0 0 1 1 0 1 0 1 1 1 1 0 0 0 1 0 1 1 0 1 0 0 1 1 1 1 1 0 1 1 1 1 0 0 0 1 1 0 0 1 1 1 1 0 0 1 0 30437.0 28795.0 29036.0 3 0.19022970020093544
0 0 1 1 1 0 0 0 1 1 1 1 0 1 0 1 1 1 1 0 1 0 0 1 0 1 1 0 1 1 1 1 0 1 0 1 1 0 1 0 0 1 1 0 1 0 1 1 1 0 0 1 0 0 0 1 1 0 1 0 1 1 1 1 0 0 0 1 0 0 0 0 1 1 0 1 1 0 1 0 1 1 1 0 0 0 0 0 1 1 0 0 1 1 1 1 1 0 1 0 33232.0 26802.0 28653.0 3 0.189961726114876
1 0 1 1 1 0 0 0 0 1 1 1 0 1 0 0 1 1 1 0 0 1 1 0 1 0 1 1 1 1 1 1 0 1 0 1 0 0 1 0 0 1 1 0 1 0 1 1 1 1 0 1 0 0 0 1 1 0 1 0 1 1 1 1 0 0 0 1 0 1 1 0 1 0 0 1 1 1 1 1 0 1 1 1 0 0 0 0 1 1 0 0 1 1 1 1 0 0 1 0 31896.0 28017.0 30764.0 3 0.18839708468150243
0 1 1 1 1 0 1 1 1 0 0 1 1 1 0 1 0 0 0 0 0 1 1 0 1 0 1 1 1 1 0 1 0 1 0 1 0 0 1 0 0 1 1 0 1 0 1 1 1 1 0 0 0 0 0 1 1 0 1 0 1 1 1 1 0 0 0 0 0 1 1 0 1 0 0 1 1 1 1 1 0 1 1 1 0 1 1 0 0 1 0 0 1 1 0 1 0 1 1 0 31534.0 28678.0 28247.0 3 0.1853529750659597
1 0 1 1 1 0 0 0 1 1 1 1 0 1 0 0 0 1 1 0 0 1 1 0 0 0 1 1 1 1 0 1 1 1 0 1 1 1 0 0 0 1 0 1 1 1 1 1 1 1 0 1 0 1 0 1 1 0 1 0 1 1 1 1 0 0 0 0 0 1 1 0 1 0 0 1 1 0 1 1 0 0 1 1 0 0 0 0 0 1 0 0 0 1 1 1 1 0 1 1 29621.0 28732.0 29822.0 3 0.17181973979756338
0 0 1 1 1 0 0 0 1 1 1 1 0 1 0 1 0 1 1 0 0 1 1 0 1 0 1 0 1 1 0 1 0 0 0 1 0 0 0 0 1 1 0 1 1 1 1 1 1 1 0 1 0 1 0 1 1 0 1 0 1 1 1 1 1 0 0 1 0 1 0 0 1 1 0 1 1 0 1 0 1 1 1 0 0 0 0 0 1 0 0 0 1 1 1 1 0 0 1 1 31550.0 28565.0 29116.0 3 0.1685026060976848
1 0 1 1 1 0 0 0 1 1 1 1 0 1 0 1 1 1 1 0 0 1 0 0 1 1 1 0 0 1 0 1 1 1 0 1 0 1 1 0 0 1 1 0 1 0 1 1 1 1 0 1 0 0 0 1 1 0 1 1 1 1 1 1 0 0 0 0 0 1 1 0 1 0 0 1 1 0 1 1 0 1 1 1 0 0 1 0 1 1 0 0 1 1 0 1 1 0 1 1 32813.0 26945.0 32282.0 3 0.15495217586234267
1 1 1 1 1 0 1 1 1 0 1 1 0 1 0 0 1 1 1 0 0 1 0 0 1 1 1 0 0 1 0 1 1 1 0 1 0 1 1 0 0 1 0 0 1 0 1 1 1 1 0 1 0 0 0 1 1 0 1 0 0 1 1 1 0 0 0 1 0 1 1 0 1 0 0 1 1 1 1 1 0 1 1 1 0 0 0 0 1 1 0 0 1 1 1 1 0 0 1 0 31654.0 27260.0 31368.0 3 0.15227808143685723
1 0 1 1 1 0 0 0 1 1 1 1 0 1 0 0 0 1 1 0 0 1 1 0 1 0 1 1 0 1 0 1 1 1 0 1 0 1 1 0 0 1 1 0 1 0 1 1 1 1 0 1 0 0 0 1 1 0 1 1 1 1 1 1 0 0 0 1 0 1 1 0 1 0 0 1 1 1 1 1 0 1 1 1 0 0 0 0 1 1 0 0 1 1 1 1 0 0 1 0 32110.0 27683.0 31053.0 3 0.14293020473896514
