0 0 1 1 1 0 0 0 1 1 1 1 0 1 0 0 1 1 1 0 0 1 0 0 1 1 1 0 0 1 0 1 1 1 0 1 0 1 1 0 0 1 1 0 1 0 1 1 1 1 0 1 0 0 0 1 1 0 1 1 1 1 0 1 0 0 1 1 0 1 1 0 1 0 0 1 1 1 1 1 0 1 1 1 0 0 1 0 1 1 0 0 1 1 1 1 0 0 1 1 32608.0 25950.0 32802.0 0 1000000000000000.2
1 0 1 1 1 0 0 0 1 1 1 1 0 1 0 1 1 1 1 0 0 1 0 0 1 1 1 0 0 1 0 1 1 1 0 1 0 1 1 0 0 1 1 0 1 0 1 1 1 1 0 1 0 0 0 1 1 0 1 1 1 1 1 1 0 0 0 1 0 1 1 0 1 0 0 1 1 1 1 1 0 1 1 1 0 0 0 0 1 1 0 0 1 1 1 1 0 0 1 0 32804.0 27285.0 32576.0 0 0.370027095486112
1 1 1 1 1 0 1 1 1 0 1 1 0 1 0 0 1 1 1 0 0 1 0 0 1 1 1 0 0 1 0 1 1 1 0 1 0 1 1 0 0 1 0 0 1 0 1 1 1 1 0 1 0 0 0 1 1 0 1 1 1 1 1 1 0 0 0 1 0 1 1 0 1 0 0 1 1 1 0 1 0 1 1 1 0 0 0 0 1 1 0 0 1 1 1 1 0 0 1 0 32831.0 26402.0 31940.0 0 0.34856179865004167
1 0 1 1 1 0 0 0 1 1 1 1 0 1 0 0 0 1 1 0 0 0 0 1 0 1 1 0 0 1 0 1 1 1 0 1 0 1 1 0 0 1 1 0 1 0 1 1 1 1 0 1 0 1 0 0 1 0 1 1 1 1 1 1 0 0 0 1 0 1 1 0 1 0 0 1 1 1 1 1 0 1 1 1 0 0 1 0 1 1 0 0 1 1 0 1 0 0 1 1 32913.0 25686.0 31552.0 0 0.36129761535594285
1 0 1 1 1 0 0 0 0 1 1 1 0 1 0 0 1 1 1 0 0 1 1 0 1 0 1 1 0 1 0 1 1 1 0 1 0 1 1 0 0 1 1 0 1 1 1 1 1 1 0 1 0 0 0 1 1 1 0 0 0 0 1 1 1 0 1 0 0 1 0 0 1 0 1 1 0 1 1 0 0 0 1 1 0 1 0 0 1 1 0 0 1 1 1 1 1 0 1 1 28045.0 27797.0 31106.0 0 1000000000000000.2
1 0 1 1 1 0 0 0 1 1 1 1 0 1 0 0 0 1 1 0 0 1 1 0 1 0 1 1 0 1 0 1 1 1 0 1 0 1 1 0 0 1 0 0 1 1 1 1 1 1 0 1 0 1 0 1 1 0 1 0 1 1 1 1 0 0 0 0 0 1 1 0 1 0 0 1 1 0 1 1 0 1 1 1 0 0 1 0 1 1 1 0 1 0 1 1 1 0 0 1 29660.0 27714.0 31087.0 0 0.26528419162421446
1 0 1 1 1 0 0 0 1 1 1 1 0 1 0 0 0 1 1 0 0 1 1 0 1 0 1 1 0 1 0 1 1 1 0 1 0 1 1 0 0 1 1 0 1 0 1 1 1 1 0 1 0 0 0 1 1 0 1 1 1 1 1 1 0 0 0 1 0 1 1 0 1 0 0 1 1 1 1 1 0 1 1 1 0 0 0 0 1 1 0 0 1 1 1 1 0 0 1 0 32110.0 27683.0 31053.0 0 0.2869895784894756
0 1 1 0 1 0 1 1 1 0 1 1 0 1 0 0 0 1 1 0 0 1 1 0 1 0 1 1 0 1 0 1 1 1 0 1 0 1 1 0 0 1 1 0 1 0 1 1 1 1 0 1 0 0 0 0 1 0 1 0 1 1 1 1 0 0 0 1 0 1 1 0 1 0 0 1 1 1 1 1 0 1 1 1 0 0 0 0 1 1 0 0 1 1 0 1 1 0 1 1 32089.0 28252.0 30709.0 0 0.7144218668281187
1 0 1 1 1 0 0 0 1 1 1 1 0 1 1 1 0 1 1 0 0 1 1 0 1 0 1 1 0 1 0 1 1 1 0 1 0 1 1 0 0 1 0 0 1 1 1 1 1 1 0 1 0 1 0 1 1 0 1 0 1 1 1 1 0 0 0 0 0 1 1 0 1 0 0 1 1 0 1 1 0 0 1 1 0 0 0 0 0 1 0 0 0 1 1 1 1 0 1 1 29957.0 28665.0 30612.0 0 0.7170249280993455
0 1 1 1 1 0 1 1 1 0 0 1 1 1 0 1 0 0 0 0 0 1 0 0 1 0 1 1 1 1 1 1 0 1 0 1 0 0 1 0 0 1 1 0 1 0 1 1 1 1 0 1 0 0 0 1 1 0 1 0 1 1 1 1 0 0 0 1 0 1 1 0 1 0 0 1 1 1 1 1 0 1 1 1 0 0 0 0 1 1 0 0 1 1 1 1 0 0 1 0 32629.0 28744.0 29880.0 0 0.2114594477682071
0 0 1 1 1 0 0 0 1 1 1 1 0 1 0 1 1 1 1 0 1 0 0 1 0 1 1 0 1 1 1 1 0 1 0 1 1 0 1 0 0 1 1 0 1 0 1 1 1 0 0 1 0 0 0 1 1 0 1 0 1 1 1 1 0 0 0 1 0 0 0 0 1 1 0 1 1 1 1 1 0 1 1 1 0 0 0 0 1 1 0 0 1 1 1 1 0 0 1 0 32981.0 27092.0 29828.0 0 0.18196346100221455
1 1 1 0 1 0 1 1 1 0 1 1 0 1 0 0 1 1 1 0 0 0 0 1 0 1 1 0 1 1 1 1 0 1 0 1 0 0 1 0 0 1 1 0 1 0 1 1 1 1 0 1 1 0 0 1 1 0 1 1 1 0 0 1 0 0 0 1 0 1 1 0 1 0 0 1 1 0 1 1 0 1 1 1 0 0 0 0 1 0 0 1 1 1 0 1 0 0 1 1 33068.0 25338.0 29709.0 0 1000000000000000.1
0 0 1 1 1 0 0 1 1 1 1 1 0 1 0 1 1 1 1 0 1 0 0 1 0 1 1 1 1 1 1 1 0 1 0 1 0 0 1 0 0 1 1 0 1 0 1 1 1 0 0 1 0 0 0 1 1 0 1 0 1 1 1 1 0 0 0 1 0 0 0 0 1 1 0 1 1 0 1 0 1 0 1 1 0 0 0 0 0 1 0 0 1 1 1 1 0 0 1 1 33040.0 26839.0 29374.0 0 0.30185322740652076
0 0 1 1 1 0 0 0 1 1 1 1 0 1 0 1 1 1 1 0 1 0 0 1 0 1 1 0 1 1 1 1 0 1 0 1 1 0 1 0 0 1 1 0 1 0 1 1 1 0 0 1 0 0 0 1 1 0 1 0 1 1 1 1 0 0 0 1 0 0 0 0 1 1 0 1 1 0 1 0 1 1 1 0 0 0 0 0 1 1 0 0 1 1 1 1 1 0 1 0 33232.0 26802.0 28653.0 0 0.3129749546200285
0 0 1 1 1 0 0 0 1 1 1 1 0 1 0 1 1 1 1 0 1 0 0 1 0 1 1 0 1 1 1 1 0 1 0 1 1 0 1 0 0 1 1 0 1 0 1 1 1 0 0 1 0 0 0 1 1 0 1 0 1 1 1 1 0 0 0 1 0 0 0 0 1 1 0 1 1 0 1 0 1 1 1 0 0 0 0 0 1 1 0 0 1 1 0 1 1 0 1 1 33661.0 26413.0 28601.0 0 1000000000000000.0
0 0 1 1 1 0 0 0 1 1 1 1 0 1 0 1 0 1 1 0 0 1 1 0 1 0 1 0 1 1 0 1 0 0 0 1 0 0 0 0 1 1 0 1 1 1 1 1 1 1 0 1 0 1 0 1 1 0 1 0 1 1 1 1 1 0 0 1 0 0 0 0 1 1 0 1 1 0 1 0 1 0 0 1 0 0 1 0 1 1 1 0 0 0 1 1 1 0 0 1 28494.0 28753.0 28524.0 0 0.5031290100972059
1 0 1 1 1 0 0 0 1 1 1 1 0 1 0 0 1 1 1 0 0 1 1 0 1 0 1 0 1 1 0 1 0 0 0 1 0 0 1 0 1 1 0 1 1 1 1 1 1 1 0 1 0 1 0 1 1 0 1 0 1 1 1 1 0 0 0 1 0 0 0 0 1 0 0 0 1 1 1 0 1 0 0 1 0 0 1 0 1 1 0 0 1 1 0 1 1 0 1 1 29745.0 28870.0 27671.0 0 1000000000000000.1
1 1 1 0 1 0 1 1 1 0 1 1 0 1 0 0 1 1 1 0 0 0 0 1 0 1 1 0 1 1 1 1 0 1 0 1 1 0 1 0 0 1 1 0 1 0 1 1 1 0 0 1 0 0 0 1 1 0 1 0 1 1 1 1 0 0 0 1 0 0 0 0 1 1 0 1 1 0 1 0 1 1 1 0 0 0 0 0 1 1 0 0 1 1 1 1 1 0 1 0 33377.0 26456.0 27632.0 0 1000000000000000.1
1 0 1 1 1 0 0 0 1 1 1 1 0 1 0 0 1 1 1 0 0 1 0 0 1 1 1 0 0 1 0 1 1 1 0 1 0 1 1 0 0 1 1 0 1 0 1 1 1 1 0 1 0 0 0 1 1 0 1 1 1 1 1 1 0 0 1 1 0 1 1 0 1 0 0 1 1 1 1 1 0 1 1 1 0 0 1 0 1 1 0 0 1 1 1 0 0 0 1 0 32207.0 26009.0 32466.0 1 1000000000000000.2
1 0 1 1 1 0 0 0 1 1 1 1 0 1 0 0 1 1 1 0 0 0 0 0 1 1 1 0 0 1 0 1 1 1 0 1 0 1 1 0 0 1 1 0 1 0 1 1 1 1 0 1 0 0 0 1 1 0 1 1 1 1 1 1 0 0 1 1 0 1 1 0 1 0 0 1 1 1 1 1 0 1 1 1 0 0 1 0 1 1 0 0 1 1 0 1 1 0 0 1 32620.0 27041.0 32190.0 1 0.3554336551973064
1 0 1 1 1 0 0 0 1 1 1 1 0 1 0 0 0 1 1 0 0 0 0 1 0 1 1 0 0 1 0 1 1 1 0 1 0 1 1 0 0 1 1 0 1 0 1 1 1 1 0 1 0 1 0 0 0 0 1 1 1 1 1 1 0 0 0 1 0 1 1 0 1 0 0 1 1 1 1 1 0 1 1 1 0 0 1 0 1 1 0 0 1 1 0 1 0 0 1 1 32688.0 25254.0 31326.0 1 1000000000000000.2
0 1 1 0 1 0 1 1 1 0 1 1 0 1 0 0 0 1 1 0 0 1 1 0 1 0 1 1 0 1 0 1 1 1 0 1 0 1 1 0 0 1 1 0 1 0 1 1 1 1 0 1 0 0 0 0 1 0 1 0 1 1 1 1 0 0 0 1 0 1 1 0 1 0 0 1 1 1 1 1 0 1 1 1 0 0 0 0 1 1 0 0 0 1 1 1 0 0 1 1 31158.0 27526.0 30976.0 1 0.311605684610849
1 0 1 1 1 0 0 0 1 1 1 1 0 1 0 0 0 1 1 0 0 1 1 0 1 0 1 1 0 1 0 1 1 1 0 1 0 1 1 0 0 1 1 0 1 1 1 1 1 1 0 1 0 0 0 1 1 1 0 0 0 0 1 1 1 0 1 0 0 1 0 0 0 0 1 1 0 1 1 0 0 0 1 1 0 0 0 0 1 1 0 1 1 1 1 1 1 0 1 1 27778.0 27594.0 30900.0 1 0.41438804127027
1 0 1 1 1 0 0 0 1 1 1 1 0 1 0 0 0 1 1 0 0 0 1 1 0 1 1 0 0 1 0 1 1 1 0 1 0 1 1 0 0 1 1 0 1 0 1 1 1 1 0 1 0 0 0 1 1 0 1 1 1 1 1 1 0 0 0 1 0 1 1 0 1 0 0 1 1 1 0 0 1 0 1 1 0 1 1 0 1 1 0 0 1 1 0 1 1 0 0 1 32122.0 27157.0 30626.0 1 0.2468280740556075
1 0 1 1 1 0 0 0 1 1 1 1 0 0 0 0 0 1 1 0 0 1 1 0 1 0 1 1 0 1 0 1 1 1 0 1 0 1 1 0 0 1 1 0 1 0 1 1 1 1 0 1 0 0 0 1 1 0 1 0 1 1 1 1 0 0 0 1 0 1 1 0 1 0 0 1 1 1 1 1 1 1 1 1 0 0 0 0 0 1 1 0 1 1 1 1 0 0 1 1 31806.0 27598.0 30549.0 1 0.20301684855865287
1 0 1 1 1 0 0 0 1 1 1 1 0 1 0 0 0 1 1 0 0 1 1 0 1 0 1 1 0 1 0 1 1 1 0 1 0 1 1 0 0 1 0 0 1 1 1 1 1 1 0 1 0 1 0 1 1 0 1 0 1 1 1 1 0 0 0 0 0 1 1 0 1 0 0 1 1 1 1 1 0 1 1 1 0 0 0 0 1 1 0 0 1 1 1 1 0 0 1 0 30288.0 28179.0 30257.0 1 0.2508854631497976
0 0 1 1 1 0 0 0 1 1 1 1 0 1 0 0 0 1 1 0 0 1 1 0 1 0 1 1 0 1 0 1 1 1 0 1 1 1 0 0 0 1 0 0 1 1 1 1 1 1 0 1 0 0 0 1 1 0 1 1 1 0 1 1 1 0 1 0 0 1 1 0 1 0 0 1 1 0 0 0 1 0 1 1 0 1 1 0 1 1 0 0 1 1 0 1 1 0 0 1 30476.0 27807.0 29863.0 1 0.4010201735202239
1 1 1 1 1 0 1 1 1 0 1 1 0 1 0 0 1 1 1 0 0 0 0 1 0 1 1 0 1 1 1 1 0 1 0 1 0 0 1 0 0 1 1 0 1 0 1 1 1 0 0 1 0 0 0 1 1 0 1 0 1 1 1 1 0 0 0 1 0 0 0 0 1 1 0 1 1 0 1 1 0 1 1 1 0 0 0 0 0 1 0 0 1 1 1 1 1 0 1 1 32949.0 26541.0 29322.0 1 0.3753301132672127
1 0 1 1 1 0 0 1 0 1 0 1 1 0 0 1 1 1 0 1 0 0 0 0 1 0 1 1 0 1 0 1 1 1 0 1 0 1 1 0 0 1 1 0 1 0 1 1 1 1 0 1 0 0 0 1 1 0 1 0 1 1 1 1 0 0 0 1 0 1 1 0 1 0 0 1 1 1 1 1 0 1 1 1 0 0 0 0 1 1 0 0 1 1 1 1 0 0 1 0 31545.0 27970.0 29308.0 1 0.15470648031257278
0 1 1 1 1 0 1 1 1 0 0 1 1 1 0 0 0 0 0 0 0 1 0 0 1 0 1 1 1 1 1 1 0 1 0 1 0 0 1 0 0 1 1 0 1 0 1 1 1 1 0 1 0 0 0 1 1 0 1 0 1 1 1 1 0 0 0 1 0 1 1 0 1 0 0 1 1 1 1 1 0 1 1 1 0 0 0 0 1 1 0 0 1 1 1 1 0 0 1 0 32217.0 27906.0 29144.0 1 0.09953464486579325
0 0 1 0 1 0 1 1 1 0 1 1 0 1 0 0 0 1 1 1 1 1 0 0 1 0 1 1 0 1 0 1 1 1 0 1 1 1 0 0 0 1 0 0 1 1 1 1 1 1 0 1 0 0 0 1 1 0 1 1 1 0 1 1 1 0 1 0 0 1 1 0 1 0 0 1 1 0 0 0 1 0 1 1 0 1 1 0 0 1 0 0 1 1 0 1 1 0 0 1 31683.0 28007.0 29092.0 1 0.15289321622731583
1 0 1 1 1 0 0 0 1 1 1 1 0 0 0 0 0 1 1 0 0 1 1 0 1 0 1 1 0 1 0 1 1 1 0 1 1 1 0 0 0 1 0 0 1 1 1 1 1 1 0 1 0 0 0 1 1 0 1 1 1 0 0 1 0 0 1 1 0 1 1 0 1 1 1 1 1 0 1 1 0 1 0 1 0 1 0 0 0 1 0 0 1 1 1 1 1 0 1 1 32296.0 27434.0 28877.0 1 0.23570653479307296
0 0 1 1 1 0 0 0 1 1 1 1 0 1 0 1 1 1 1 0 1 0 0 1 0 1 1 0 1 1 1 1 0 1 0 1 1 0 1 0 0 1 1 0 1 0 1 1 1 0 0 1 0 0 0 1 1 0 1 0 1 1 1 1 0 0 0 1 0 0 0 0 1 1 0 1 1 0 1 0 1 1 1 0 0 0 0 0 1 1 0 0 1 1 1 1 1 0 0 1 32924.0 26819.0 28768.0 1 0.28328914190782106
1 0 1 1 1 0 0 0 1 1 1 1 0 1 0 0 1 1 1 0 0 1 1 0 1 0 1 0 1 1 0 1 0 0 0 1 0 0 1 0 1 1 0 1 1 1 1 1 1 1 0 1 0 1 0 1 1 0 1 0 1 1 1 1 0 0 0 1 0 0 0 0 1 1 0 1 1 0 1 0 1 0 0 1 0 0 1 0 1 1 1 0 1 0 1 1 1 0 0 1 29574.0 28487.0 28338.0 1 0.5040246131926341
0 1 1 0 1 0 1 1 1 0 1 1 0 1 0 0 0 1 1 0 0 0 0 1 0 1 1 0 1 1 1 1 0 1 0 1 0 0 1 1 0 1 1 0 1 0 1 1 1 0 0 1 0 0 0 1 1 0 1 0 1 1 1 1 0 0 0 1 0 0 0 0 1 1 0 1 1 0 1 1 1 1 1 1 0 0 0 0 0 1 1 0 1 1 1 1 0 0 1 1 33174.0 25533.0 28280.0 1 0.1535393340973146
0 1 1 0 1 0 1 1 1 0 1 1 0 1 0 0 0 1 1 0 0 0 0 1 0 1 1 0 1 1 1 1 0 1 0 1 0 0 1 1 0 1 1 0 1 0 1 1 1 0 0 1 0 0 1 1 1 0 1 0 1 1 1 1 0 0 0 1 0 0 0 0 1 1 0 1 1 0 1 1 1 1 1 1 0 0 0 0 0 1 0 0 1 1 1 1 0 0 1 1 33169.0 25546.0 27959.0 1 0.11022210558685061
1 0 1 0 1 0 1 1 1 0 1 1 0 1 0 0 0 1 1 0 0 0 0 1 0 1 1 0 1 1 1 1 0 1 0 1 0 0 1 1 0 1 1 0 1 0 1 1 1 0 0 1 0 0 1 1 1 0 1 0 1 1 1 1 0 0 0 1 0 0 0 0 1 1 0 1 1 0 1 1 1 1 1 1 0 0 0 0 0 1 0 0 1 1 1 1 0 0 1 1 33200.0 25552.0 27885.0 1 1000000000000000.1
1 0 1 1 1 0 0 0 1 1 1 1 0 1 0 0 0 1 1 0 0 1 1 0 1 0 1 1 0 1 0 1 1 1 0 1 1 1 0 0 0 1 0 0 1 1 1 1 1 1 0 1 0 0 0 1 1 0 1 1 1 0 0 1 0 1 1 0 0 1 1 0 1 0 0 0 1 1 1 0 1 0 0 1 0 0 1 0 1 1 0 0 1 1 0 1 1 0 1 1 29992.0 28197.0 27804.0 1 0.18666247893428628
0 0 1 1 1 0 0 0 1 1 1 1 1 1 0 0 1 1 1 0 0 1 1 0 1 0 1 0 1 1 0 1 0 0 0 1 0 1 1 0 1 1 0 1 1 1 1 1 0 1 0 1 0 0 0 1 1 0 1 0 1 1 1 1 0 0 0 0 0 1 1 0 1 1 0 1 1 0 1 0 1 0 0 1 0 0 1 0 1 1 1 0 0 0 1 1 1 0 0 1 27733.0 28609.0 27313.0 1 2000000000000000.2
1 1 1 0 1 0 1 1 1 0 1 1 0 0 0 1 1 1 0 1 0 0 0 0 1 0 1 1 1 1 0 1 0 1 0 1 0 0 1 0 0 1 1 0 1 0 1 1 1 0 0 1 0 0 0 1 1 0 1 0 0 1 1 1 0 1 1 0 0 1 1 0 1 0 0 0 1 1 1 0 1 0 0 1 0 0 1 0 1 1 0 0 1 1 0 1 1 0 1 1 30016.0 28326.0 26572.0 1 0.2824558766049247
1 0 1 1 1 0 0 1 0 1 0 1 1 0 0 1 1 1 0 1 0 0 0 0 1 0 1 1 1 1 0 1 0 1 0 1 0 0 1 0 0 1 1 0 1 0 1 1 1 0 0 1 0 0 0 1 1 0 1 0 0 1 1 1 0 1 1 0 0 1 1 0 1 0 0 0 1 1 1 0 1 0 0 1 0 0 1 0 1 1 0 0 1 1 0 1 1 0 1 1 29737.0 28383.0 26236.0 1 1000000000000000.1
0 0 1 1 1 0 0 0 1 1 1 1 0 1 0 0 1 1 1 0 0 1 0 0 1 1 1 0 0 1 0 1 1 1 0 1 0 1 1 0 0 1 1 0 1 0 1 1 1 1 0 1 0 0 0 1 1 0 1 1 1 1 1 1 0 0 1 1 0 1 1 0 1 0 0 1 1 1 1 1 0 1 1 1 0 0 1 0 1 1 0 0 1 1 1 0 0 0 1 0 31891.0 25853.0 32273.0 2 1000000000000000.1
1 0 1 1 1 0 0 0 1 1 1 1 0 1 0 0 1 1 1 0 0 1 0 0 1 1 1 0 0 1 0 1 1 1 0 1 0 1 1 0 0 1 1 0 1 0 1 1 1 1 0 1 0 0 0 1 1 0 1 1 1 1 1 1 0 0 0 1 0 1 1 0 1 0 0 1 1 1 1 1 0 1 1 1 0 0 0 0 1 1 0 0 1 1 1 1 0 0 1 0 32392.0 26447.0 31840.0 2 0.40287697893876795
1 0 1 1 1 0 0 0 0 1 1 1 0 1 0 0 1 1 1 0 0 1 1 0 1 0 1 1 0 1 0 1 1 1 0 1 0 1 1 0 0 1 1 0 1 1 1 1 1 1 0 1 0 0 0 1 1 1 0 1 0 0 1 1 1 0 1 0 0 1 0 0 1 0 1 1 0 1 1 0 0 0 1 1 0 1 0 0 1 1 0 0 0 1 1 1 0 0 1 1 27822.0 26661.0 31094.0 2 0.5047579973743329
1 0 1 1 1 0 0 0 1 1 1 1 0 1 0 0 0 1 1 0 0 1 1 0 1 0 1 1 0 1 0 1 1 1 0 1 1 1 0 0 0 1 0 0 1 1 1 1 1 1 0 1 0 0 0 1 1 0 1 1 1 0 0 1 0 0 1 1 0 1 1 0 0 0 1 1 1 1 0 0 1 0 1 1 0 0 1 0 1 1 0 0 1 1 1 1 0 0 1 1 31592.0 26742.0 30755.0 2 0.21004977456678348
1 0 1 1 1 0 0 0 1 1 1 1 0 1 0 0 0 1 1 0 0 1 1 0 1 0 1 1 0 1 0 1 1 1 0 1 1 1 0 0 0 1 1 0 1 1 1 1 1 1 0 1 0 0 0 1 1 0 1 1 1 0 0 1 0 0 1 1 0 1 1 0 0 0 1 1 1 1 0 0 1 1 1 1 0 0 0 0 0 1 1 0 1 1 1 1 0 0 1 1 31885.0 26956.0 30664.0 2 0.18676081454817325
1 0 1 1 1 0 0 0 0 1 1 1 0 1 0 0 1 1 1 0 0 1 1 0 0 1 1 0 1 1 1 1 0 1 0 1 0 0 1 0 0 1 1 0 1 0 1 1 1 1 0 1 1 0 0 1 1 0 1 1 1 0 1 1 0 0 0 1 0 1 1 0 1 0 0 1 1 0 1 1 0 1 1 1 0 0 0 0 1 0 0 1 1 1 0 1 0 0 1 1 32515.0 26188.0 30638.0 2 0.17504416521743815
0 0 1 1 1 0 0 0 1 1 1 1 0 1 0 0 0 1 1 0 0 1 1 0 1 0 1 1 0 1 0 1 1 1 0 1 1 1 0 0 0 1 0 0 1 1 1 1 1 1 0 1 0 0 0 1 1 0 1 1 1 0 1 1 1 0 1 0 0 1 1 0 1 0 0 1 1 0 1 1 0 1 1 1 0 0 0 0 1 0 0 1 1 1 0 1 0 0 1 1 30973.0 27162.0 30569.0 2 0.1724004846906786
1 0 1 1 1 0 0 0 1 1 1 1 0 1 0 0 0 1 1 0 0 1 1 0 1 0 1 1 0 1 0 1 1 1 0 1 1 1 0 0 0 1 0 0 1 1 1 1 1 1 0 1 0 0 0 1 1 0 1 1 1 0 0 1 0 0 1 1 0 1 1 0 0 0 1 1 1 1 0 0 1 0 1 1 0 0 1 0 1 1 0 0 1 1 0 1 1 0 1 1 31709.0 27217.0 30417.0 2 0.10923623096586649
1 0 1 1 1 0 0 0 0 1 1 1 0 1 0 0 1 1 1 0 0 1 1 0 1 0 1 1 0 1 0 1 1 1 0 1 0 1 1 0 0 1 1 0 1 1 1 1 1 1 0 1 0 0 0 1 1 1 0 0 0 0 1 1 1 0 1 0 0 1 0 0 1 0 1 1 0 1 1 0 0 0 1 1 0 0 0 0 0 1 0 0 1 1 1 1 1 0 1 1 27067.0 27426.0 30360.0 2 0.23451008824567515
1 0 1 1 1 0 0 0 1 1 1 1 0 1 0 0 0 1 1 0 0 1 1 0 1 0 1 1 0 1 0 1 1 1 0 1 0 1 1 0 0 1 1 0 1 1 1 1 1 1 0 1 0 0 0 1 1 1 0 0 0 0 1 1 1 0 1 0 0 1 0 0 0 0 1 1 0 1 1 0 0 0 1 1 0 0 0 0 1 1 0 1 1 1 1 1 1 0 0 1 26874.0 27584.0 30328.0 2 1000000000000000.1
1 0 1 1 1 0 0 0 1 1 1 1 0 1 0 0 0 1 1 0 0 1 1 0 1 0 1 1 0 1 0 1 1 1 0 1 1 1 0 0 0 1 1 0 1 1 1 1 1 1 0 1 0 0 0 1 1 0 1 0 1 1 1 1 0 0 0 0 0 1 1 0 1 0 0 1 1 0 1 1 0 1 1 1 0 0 0 0 0 1 0 0 1 1 1 1 0 0 1 1 30597.0 27238.0 29958.0 2 0.1990910351302883
1 0 1 1 1 0 0 0 1 1 1 1 0 1 0 0 0 1 1 0 0 1 1 0 1 0 1 1 0 1 0 1 1 1 0 1 0 1 1 0 0 1 0 0 1 1 1 1 1 1 0 1 0 1 0 1 1 0 1 0 1 1 1 1 0 0 0 0 0 1 1 0 1 0 0 1 1 0 1 1 0 0 1 1 0 0 0 0 0 1 0 0 0 1 1 1 1 0 1 1 28931.0 27437.0 29875.0 2 0.13369521683230057
1 1 1 0 1 0 1 1 1 0 1 1 1 1 0 0 0 0 1 0 0 1 1 0 1 0 1 0 1 1 1 1 0 1 0 1 0 0 1 0 0 1 1 0 1 0 1 1 1 1 0 1 0 0 0 1 1 0 1 0 1 1 1 1 0 0 0 0 0 1 1 0 1 0 0 1 1 0 1 1 0 1 1 1 0 0 1 0 1 1 1 0 1 0 1 1 1 0 0 1 30900.0 27591.0 29723.0 2 0.1284903298304086
0 1 1 0 1 0 1 1 1 0 1 1 0 0 0 0 0 1 1 0 0 1 1 0 1 0 1 1 0 1 0 1 1 1 0 1 0 1 1 0 0 1 1 0 1 0 1 1 1 1 0 1 0 0 0 1 1 0 1 0 1 1 1 1 0 0 0 1 0 1 1 0 1 0 0 1 1 1 1 1 0 1 1 1 0 0 0 0 1 1 0 0 1 1 1 1 0 0 1 0 31199.0 27466.0 29719.0 2 0.13935988693119505
1 0 1 1 1 0 1 1 1 0 1 1 0 1 0 0 1 0 1 0 1 0 1 1 0 1 1 0 0 1 0 1 1 1 0 1 1 1 0 0 0 1 0 0 1 1 1 1 1 1 0 1 0 0 0 1 1 0 1 1 1 0 0 1 0 0 1 1 0 1 1 0 0 1 0 1 1 0 1 0 1 0 1 1 0 0 0 0 0 1 0 0 1 1 1 1 0 0 1 1 31955.0 26556.0 29551.0 2 0.16307563547578305
0 0 1 1 1 0 1 1 1 0 1 1 0 1 0 0 0 1 1 1 1 1 0 0 1 0 1 1 1 1 0 0 1 0 0 1 1 1 0 0 0 1 0 0 1 1 1 1 1 1 0 1 0 1 0 1 1 0 1 0 1 1 1 1 0 0 0 0 0 1 1 0 1 0 0 1 1 0 1 1 0 0 1 1 0 0 0 0 0 1 0 0 0 1 1 1 1 0 1 1 30145.0 27796.0 29490.0 2 0.12103360450255338
1 0 1 1 1 0 0 0 1 1 1 1 0 1 1 0 0 1 1 0 0 1 1 0 1 0 1 1 0 1 0 1 1 1 0 1 1 0 0 0 0 1 0 0 1 1 1 1 1 1 0 1 0 0 0 1 1 1 0 1 0 0 1 1 1 0 1 0 0 1 1 0 1 1 0 1 1 0 1 0 1 0 1 1 0 0 0 0 0 1 0 0 1 1 1 1 0 0 1 1 30225.0 27942.0 29404.0 2 0.10511053527513366
0 0 1 1 1 0 1 1 1 0 1 1 0 1 0 0 0 1 1 1 1 1 0 0 1 0 1 1 1 1 0 0 1 0 0 1 1 1 0 0 0 1 0 0 1 1 1 1 1 1 0 1 0 1 0 1 1 0 1 0 1 1 1 1 0 0 0 0 0 1 1 0 1 0 0 1 1 0 1 1 0 1 1 1 0 0 0 0 0 1 0 0 1 1 1 1 0 0 1 1 31347.0 27429.0 29383.0 2 0.08558584328310068
1 0 1 1 1 0 0 0 1 1 1 1 0 1 0 0 1 1 1 0 0 0 0 1 0 1 1 0 1 1 1 1 0 1 0 1 0 0 1 0 0 1 1 0 1 0 1 1 1 0 1 1 0 0 0 1 1 0 1 0 1 1 1 1 0 0 0 1 0 0 0 0 1 1 1 1 1 0 1 1 0 1 1 1 0 0 0 0 0 1 0 0 1 1 1 1 1 0 1 1 32523.0 25795.0 29306.0 2 0.2305700008460201
1 1 1 0 1 0 1 1 1 0 1 1 0 1 0 0 1 1 1 0 0 0 0 1 0 1 1 0 1 1 1 1 0 1 0 1 0 0 1 0 0 1 1 0 1 0 1 1 1 1 0 1 1 0 0 1 1 0 1 1 1 0 0 1 0 0 0 1 0 1 1 0 1 0 0 1 1 0 1 1 0 1 1 1 0 0 0 0 0 1 0 0 1 1 1 1 0 0 1 1 32825.0 25444.0 29114.0 2 0.2663773729148592
1 0 0 1 1 0 0 0 1 1 1 1 0 1 0 0 0 1 1 0 0 1 1 0 1 0 1 1 0 1 0 1 1 1 0 1 1 1 0 0 0 1 1 0 1 1 1 1 1 1 0 1 0 0 0 1 1 0 1 1 1 0 0 1 1 0 1 0 0 1 1 0 1 1 0 1 1 0 1 0 1 0 1 1 0 0 0 0 0 1 0 0 1 1 1 1 0 0 1 1 30695.0 27755.0 29052.0 2 0.1443689257116368
1 1 1 0 1 0 1 1 1 0 1 1 0 1 0 0 1 1 1 0 1 0 0 1 0 1 1 0 1 1 1 1 1 0 0 1 1 1 0 0 0 1 0 0 1 1 1 1 1 1 0 1 0 0 0 1 1 0 1 0 1 1 1 1 0 0 0 1 0 0 0 0 1 1 0 1 1 0 1 0 1 0 1 1 0 0 0 0 0 1 0 0 1 1 1 1 0 0 1 1 32479.0 26536.0 28954.0 2 0.1274134866091837
1 0 1 0 1 0 1 1 1 0 1 1 0 1 0 0 1 1 1 0 0 0 0 1 0 1 1 0 1 1 1 1 0 1 0 1 0 0 1 0 0 1 1 0 1 0 1 1 1 0 0 1 0 0 0 1 1 0 1 0 1 1 1 1 0 0 0 1 0 1 0 0 1 1 0 1 1 0 1 0 0 1 0 1 1 1 0 0 1 1 1 0 1 1 0 1 1 0 1 1 32849.0 26722.0 28636.0 2 0.0988018924038079
0 0 1 1 1 0 0 0 1 1 1 1 1 1 0 0 1 1 1 0 0 1 1 0 1 0 1 0 1 1 0 1 0 0 0 1 0 1 1 0 1 1 0 1 1 1 1 1 1 1 0 1 0 0 0 1 1 0 1 0 1 1 1 1 0 0 0 0 0 1 1 0 1 0 0 1 1 0 1 1 0 1 1 1 0 0 0 0 0 1 0 0 1 1 1 1 0 0 1 1 30014.0 27986.0 28557.0 2 0.19530181474766298
1 1 1 0 1 0 1 1 1 0 1 1 0 1 0 0 1 1 1 0 0 0 0 1 0 1 1 0 1 1 1 1 0 1 0 1 0 0 1 0 0 1 1 0 1 0 1 1 1 0 0 1 0 0 0 1 1 0 1 0 1 1 1 1 0 0 0 1 0 1 0 0 1 1 0 1 1 0 1 0 0 1 0 1 1 1 0 0 1 1 1 0 1 1 0 1 0 0 1 1 32850.0 25981.0 28502.0 2 0.19832675229803576
0 0 1 1 1 0 0 0 1 1 1 1 0 1 0 0 0 1 1 0 0 1 1 0 1 0 1 0 1 1 0 1 0 0 0 1 0 1 1 0 1 1 0 1 1 1 1 1 1 1 0 1 0 0 0 1 1 0 1 0 1 1 1 1 0 0 0 0 0 1 1 0 1 0 0 1 1 1 1 1 0 1 1 1 0 0 0 0 1 1 0 0 1 1 1 1 0 0 1 0 29474.0 28169.0 28093.0 2 0.208004384295895
1 0 1 1 1 0 0 0 1 1 1 1 0 1 0 1 0 1 1 0 0 1 1 0 1 0 1 0 1 1 0 1 0 0 0 1 0 0 0 0 1 1 0 1 1 1 1 1 1 1 0 1 0 1 0 1 1 0 1 0 1 1 1 1 0 0 0 1 0 0 0 0 1 1 0 1 1 0 1 0 1 0 0 1 0 0 1 0 1 1 1 0 0 0 1 1 1 0 0 1 28660.0 28354.0 28059.0 2 1000000000000000.1
1 0 1 1 1 0 0 0 1 1 1 1 0 1 0 0 1 1 1 0 0 1 1 0 1 0 1 0 1 1 0 1 0 0 0 1 0 0 1 0 1 1 0 1 1 1 1 1 1 1 0 1 0 1 0 1 1 0 1 0 1 1 1 1 0 0 0 1 0 0 0 0 1 1 0 1 1 0 1 0 1 0 1 1 0 0 0 0 0 1 0 0 1 1 1 1 0 0 1 1 30374.0 27946.0 27996.0 2 0.19972931697595314
0 0 1 1 1 0 0 0 1 1 1 1 0 1 0 0 0 1 1 0 0 1 1 0 1 0 1 0 1 1 0 1 0 0 0 1 0 0 1 0 1 1 0 1 1 1 1 1 1 1 0 1 0 1 0 1 1 0 1 0 1 1 1 1 0 0 0 1 0 0 0 0 1 1 0 1 1 0 1 0 1 0 0 1 0 0 1 0 1 1 1 0 1 0 1 1 1 0 0 1 29150.0 28191.0 27340.0 2 0.3426116971534425
1 1 1 0 1 0 1 1 1 0 1 1 0 1 0 0 0 1 1 0 0 0 0 1 0 1 1 0 1 1 1 1 0 1 0 1 0 0 1 0 0 1 1 0 1 0 1 1 1 0 0 1 0 0 0 1 1 0 1 0 1 1 1 1 0 0 0 1 0 0 0 0 1 1 0 1 1 0 1 0 1 1 1 0 0 0 0 0 1 1 0 0 1 1 0 1 1 0 1 1 32907.0 25276.0 26589.0 2 2000000000000000.2
1 0 1 0 1 0 0 1 1 0 1 1 0 1 0 0 0 1 1 0 0 1 1 0 1 0 1 0 1 1 0 1 0 0 0 1 0 1 1 0 1 1 0 1 1 1 1 1 1 1 0 1 0 1 0 1 1 0 1 0 1 1 1 1 0 0 0 1 0 0 0 0 1 1 0 1 1 0 1 0 1 0 0 1 0 0 1 0 1 1 1 0 1 0 1 1 1 0 0 1 29543.0 28201.0 26464.0 2 1000000000000000.1
1 0 1 1 1 0 0 0 1 1 1 1 0 1 0 0 1 1 1 0 0 1 1 0 1 0 1 0 1 1 0 1 0 0 0 1 0 1 1 0 0 1 1 0 1 1 1 1 1 0 0 1 0 0 0 1 1 0 1 0 0 1 1 1 0 1 1 0 0 1 1 0 1 0 0 0 1 1 1 0 1 0 0 1 0 0 1 0 1 1 0 0 1 1 0 1 1 0 1 1 28428.0 28004.0 27986.0 3 1000000000000000.4
0 0 1 1 1 0 0 0 1 1 1 1 0 1 0 0 1 1 1 0 0 1 0 0 1 1 1 0 0 1 0 1 1 1 0 1 0 1 1 0 0 1 1 0 1 0 1 1 1 1 0 1 0 0 0 1 1 0 1 1 1 1 1 1 0 0 1 1 0 1 1 0 1 0 0 1 1 1 1 1 0 1 1 1 0 0 1 0 1 0 0 0 1 1 1 0 0 0 1 0 31490.0 25661.0 32118.0 3 1000000000000000.2
0 1 1 0 1 0 1 1 1 0 1 1 0 1 0 0 0 1 1 0 0 0 0 1 0 1 1 0 1 1 1 1 0 1 0 1 0 0 1 0 0 1 1 0 1 0 1 1 1 1 0 1 1 0 0 1 1 0 1 1 1 0 0 1 0 0 0 1 0 1 1 0 1 0 0 1 1 0 1 1 0 1 1 1 0 0 0 0 1 0 0 1 1 1 0 1 0 0 1 1 32644.0 25042.0 28711.0 3 1000000000000000.1
1 1 1 0 1 0 1 1 1 0 1 1 0 1 0 0 1 1 1 0 0 0 0 1 0 1 1 0 1 1 1 1 0 1 0 1 0 0 1 0 0 1 1 0 1 0 1 1 1 0 0 1 0 0 0 1 1 0 1 0 1 1 1 1 0 0 0 1 0 0 0 0 1 1 0 1 1 0 1 1 0 1 0 1 1 1 0 0 0 1 0 0 1 1 1 1 1 0 1 1 32663.0 26504.0 28354.0 3 1000000000000000.1
0 0 1 1 0 0 0 0 1 1 1 1 0 1 0 0 0 1 1 0 0 1 1 0 1 0 1 0 1 1 0 1 0 0 0 1 0 1 1 0 1 1 0 1 1 1 1 1 0 1 0 1 0 0 0 1 1 1 1 0 0 1 1 1 1 1 1 0 0 1 1 0 1 0 0 1 1 0 1 1 0 1 1 1 1 0 0 0 0 1 0 0 1 1 1 1 1 0 0 1 27397.0 27829.0 28195.0 3 1000000000000000.1
1 1 1 0 1 0 1 1 1 0 1 1 0 1 0 0 0 1 1 0 0 0 0 1 0 1 0 0 1 1 1 1 0 1 0 1 0 0 1 0 0 1 1 1 1 0 1 1 1 0 0 1 0 0 0 1 1 0 1 0 1 1 1 1 0 0 0 1 0 0 0 0 1 1 0 1 1 0 1 0 0 1 0 1 1 1 0 0 0 1 0 0 1 1 1 1 1 0 1 1 30993.0 27070.0 26643.0 3 1000000000000000.1
1 0 1 1 1 0 0 0 1 1 1 1 0 1 0 0 0 1 1 0 0 0 0 1 0 1 1 0 0 1 0 1 1 1 0 1 0 1 1 0 0 1 1 0 1 0 1 1 1 1 0 1 0 1 0 0 1 0 1 1 1 1 1 1 0 0 0 1 0 1 1 0 1 0 0 1 1 1 1 1 0 0 1 1 0 0 1 0 1 1 0 0 1 1 0 1 0 0 1 1 32241.0 25413.0 31329.0 3 0.4133308566141498
1 0 1 1 1 0 0 0 1 1 1 1 0 1 0 0 1 1 1 0 0 1 1 0 1 0 1 0 1 1 0 1 0 0 0 1 0 0 1 0 1 1 0 1 1 1 1 1 1 1 0 1 0 1 0 1 1 0 1 0 1 1 1 1 0 0 0 1 0 0 0 0 1 1 0 1 1 0 1 0 1 0 0 1 0 0 0 0 0 1 1 0 1 1 1 1 0 0 1 1 30199.0 27869.0 27432.0 3 0.4118389235753186
1 0 1 1 1 0 0 0 1 1 1 1 0 1 0 0 1 1 1 0 0 1 1 0 1 0 1 0 1 1 0 1 0 0 0 1 0 1 1 0 0 1 1 0 1 1 1 1 1 1 0 1 0 0 0 1 1 1 0 1 0 0 1 1 1 0 1 0 0 1 1 0 1 1 0 1 1 0 1 0 1 0 1 1 0 0 0 0 0 1 0 0 1 1 1 1 0 0 1 1 29204.0 27477.0 29262.0 3 0.27393333947840215
1 0 1 1 1 0 0 0 1 1 1 1 0 1 0 0 1 1 1 0 0 1 1 0 1 0 1 0 1 1 0 1 0 0 0 1 0 1 1 0 0 1 1 0 1 1 1 1 1 1 0 1 0 0 0 1 1 1 0 1 0 0 1 1 1 0 1 0 0 1 1 0 1 1 0 1 1 0 1 0 1 0 1 1 0 0 0 0 1 1 0 0 1 1 1 1 0 0 1 0 29112.0 27680.0 29252.0 3 0.2306506809823668
0 0 1 1 1 0 0 0 1 1 1 1 0 1 0 1 1 0 1 0 1 0 0 1 0 1 1 0 1 1 1 1 0 1 0 1 0 0 1 0 0 1 1 0 1 0 1 1 1 1 0 1 0 0 0 1 1 0 1 0 1 1 1 1 0 0 0 0 0 1 1 0 1 0 0 1 1 0 1 1 0 1 1 1 0 0 1 0 1 1 1 0 1 0 1 1 1 0 0 1 30703.0 26021.0 31204.0 3 0.22914305208648383
1 0 1 1 1 0 0 0 1 1 1 1 0 1 0 0 0 1 1 0 0 0 1 1 0 1 1 0 0 1 0 1 1 1 0 1 0 1 1 0 0 1 1 0 1 0 1 1 1 1 0 1 0 0 0 1 1 0 1 1 1 1 1 1 0 0 0 1 0 1 1 0 1 0 0 1 1 1 0 0 1 0 1 1 0 1 1 0 1 1 0 0 0 1 0 1 1 0 0 1 31308.0 26906.0 30555.0 3 0.227801842938876
0 0 1 1 1 0 0 0 1 1 1 1 0 1 0 1 1 1 1 0 1 0 0 1 0 1 1 0 1 1 1 1 0 1 0 1 0 0 1 0 0 1 1 0 1 0 1 1 1 0 0 1 0 0 0 1 1 0 1 0 0 1 1 1 0 1 1 0 0 1 1 0 1 1 0 1 1 0 1 0 1 0 0 1 0 0 1 0 1 1 1 0 1 0 1 1 1 0 0 1 30593.0 27130.0 29826.0 3 0.2260648423857267
1 0 1 1 1 0 0 0 1 1 1 1 0 1 0 0 1 1 1 0 0 1 0 0 1 1 1 0 0 1 0 1 1 1 0 1 0 1 1 0 0 1 1 0 1 0 1 1 1 1 0 1 0 0 0 1 1 0 1 1 1 1 1 1 0 0 0 1 0 0 0 0 1 1 0 1 1 1 1 1 0 1 1 1 0 0 0 0 1 1 0 0 1 1 1 1 0 0 1 0 32151.0 26182.0 30694.0 3 0.19900825350609763
0 0 1 1 1 0 0 0 1 1 1 1 0 1 0 0 0 1 1 0 0 1 1 0 1 0 1 1 0 1 0 1 1 1 0 1 1 1 0 0 0 1 0 0 1 1 1 1 1 1 0 1 0 0 0 1 1 0 1 1 1 0 1 1 1 0 1 0 0 1 1 0 1 0 0 1 1 0 0 0 1 0 1 1 0 1 1 0 0 1 0 0 1 1 0 1 1 0 0 1 29972.0 27577.0 29186.0 3 0.19224875919217993
1 0 1 1 1 0 0 0 1 1 1 1 0 1 0 0 1 1 1 0 0 0 0 1 0 1 1 0 1 1 1 1 0 1 0 1 0 0 1 0 0 1 1 0 1 0 1 1 1 0 1 1 0 0 0 1 1 0 1 0 1 1 1 1 1 0 0 1 0 0 0 0 1 1 1 1 1 0 1 1 0 1 1 1 0 0 0 0 0 1 0 0 1 1 0 1 1 0 1 1 32506.0 25934.0 29225.0 3 0.18980394164888537
0 0 1 1 1 0 0 0 1 1 1 1 0 1 0 1 1 1 1 0 1 0 0 1 0 1 1 0 1 1 1 1 0 1 0 1 0 0 1 0 0 1 1 0 1 0 1 1 1 1 0 1 0 0 0 1 1 0 1 0 1 1 1 1 0 0 0 0 0 1 1 0 1 0 0 1 1 0 1 1 0 1 1 1 0 0 0 0 0 1 0 0 1 1 1 1 0 0 1 1 32048.0 26251.0 30155.0 3 0.17832393471522512
1 0 1 0 1 0 1 1 1 0 1 1 0 1 0 0 1 1 1 0 0 0 0 1 0 1 1 0 1 1 1 1 0 1 0 1 0 0 1 0 0 1 1 0 1 1 1 1 1 1 0 1 0 0 0 1 1 1 0 0 0 0 1 1 1 0 1 0 0 1 0 0 0 0 1 1 0 1 1 0 0 0 1 1 0 0 0 0 1 1 0 1 1 1 1 1 1 0 1 1 29547.0 26986.0 30506.0 3 0.17727130908979388
0 0 1 1 1 0 0 0 1 1 1 1 0 1 0 0 1 1 1 0 0 1 0 0 1 1 1 0 0 1 0 1 1 1 0 1 1 1 0 0 0 1 0 0 1 1 1 1 1 1 0 1 0 0 0 1 1 0 1 1 1 0 1 1 1 0 1 0 0 1 1 0 1 0 0 1 1 0 0 0 1 0 1 1 0 1 1 0 1 1 0 0 1 1 0 1 1 0 0 1 30758.0 26571.0 30650.0 3 0.15680057038312312
1 1 1 0 1 0 1 1 1 0 1 1 0 1 0 0 1 1 1 0 0 0 0 1 1 0 1 1 0 1 0 0 1 1 0 1 0 1 1 0 0 1 1 0 1 1 1 1 1 1 0 1 0 0 0 1 1 1 0 0 0 0 1 1 1 0 1 0 0 1 0 0 1 0 1 1 0 1 1 0 0 0 1 1 0 1 0 0 1 1 0 0 1 1 1 1 1 0 1 1 28473.0 26953.0 30637.0 3 0.15668873349349727
0 0 1 1 1 0 0 0 1 1 1 1 0 1 0 1 1 1 1 0 1 0 0 1 1 0 1 0 1 1 0 1 1 0 0 1 1 0 0 0 0 1 0 0 1 1 1 1 1 1 0 1 0 0 0 1 1 1 1 1 1 0 0 1 0 0 1 1 0 1 1 0 1 1 0 1 1 0 1 0 1 0 1 1 0 0 0 0 0 1 0 0 1 1 1 1 0 0 1 1 31574.0 26938.0 29786.0 3 0.14780872606076392
1 0 1 1 1 0 0 0 1 1 1 1 0 1 0 0 0 1 1 0 0 1 1 0 1 0 1 1 0 1 0 1 1 1 0 1 1 1 0 0 0 1 1 0 1 1 1 1 1 1 0 1 0 0 0 1 1 0 1 1 1 0 0 1 0 0 1 1 0 1 1 0 0 0 1 1 1 1 0 0 1 1 1 1 0 0 0 0 0 1 0 0 1 1 1 1 0 0 1 1 31733.0 26930.0 30251.0 3 0.13776890146613124
1 0 1 1 1 0 0 0 1 1 1 1 1 1 0 0 1 1 1 0 0 1 0 0 1 1 1 0 0 1 0 0 1 1 0 1 0 1 1 0 0 1 1 0 1 0 1 1 1 1 0 1 0 0 0 1 1 0 1 1 1 1 1 1 0 0 0 1 0 1 1 0 1 0 0 1 1 1 1 1 0 1 0 1 0 0 0 0 1 1 0 0 1 1 1 1 0 0 1 0 31685.0 26400.0 30584.0 3 0.13058612431373642
1 0 1 0 1 0 0 1 1 0 1 1 0 1 0 0 0 1 1 0 0 1 1 0 1 0 1 0 1 1 0 1 0 0 0 1 0 1 1 0 1 1 0 1 1 1 1 1 1 1 0 1 0 0 0 1 1 1 1 0 0 0 1 1 1 0 1 0 0 1 1 0 1 0 0 1 1 0 1 1 0 1 1 1 0 0 1 0 0 1 0 0 1 1 1 1 0 0 1 1 29434.0 27973.0 28113.0 3 0.11926165276329227
0 0 1 1 1 0 0 0 1 1 1 1 0 1 0 1 1 1 1 0 1 0 0 1 0 1 1 0 1 1 1 1 0 1 0 1 0 0 1 0 0 1 1 0 1 0 1 1 1 0 0 1 0 0 0 1 1 0 1 0 0 1 1 1 0 1 1 0 0 1 1 0 1 0 0 0 1 1 1 0 1 0 0 1 0 0 1 0 1 1 0 0 1 1 0 1 1 0 1 1 30764.0 27513.0 29159.0 3 0.11399748569466603
1 0 1 1 1 0 0 0 1 1 1 1 0 0 0 0 0 1 1 0 0 1 1 0 1 0 1 1 0 1 0 1 1 1 0 1 0 1 1 0 0 1 1 0 1 0 1 1 1 1 0 1 0 0 0 1 1 0 1 0 1 1 1 1 0 0 0 1 0 1 1 0 1 0 0 1 1 1 1 1 0 1 1 1 0 0 0 0 1 1 0 0 1 1 1 1 0 0 1 0 30603.0 27011.0 29929.0 3 0.10933926103750388
0 0 1 1 1 0 1 1 1 0 1 1 0 1 0 0 1 1 1 0 0 0 0 1 0 1 1 0 1 1 1 1 0 1 0 1 0 0 1 0 0 1 1 0 1 0 1 1 1 0 0 1 0 0 0 1 1 0 1 0 1 1 1 1 0 0 0 1 0 0 0 0 1 1 0 1 1 0 1 1 0 1 1 1 0 0 0 0 0 1 0 0 1 1 1 1 1 0 1 1 32348.0 26235.0 28862.0 3 0.09313402013425141
0 0 1 1 1 0 0 0 1 1 1 1 0 1 0 1 1 1 1 0 1 0 0 1 0 1 1 1 1 1 1 1 0 1 0 1 0 0 1 0 0 1 1 0 1 0 1 1 1 0 0 1 0 0 0 1 1 0 1 0 1 1 1 1 0 0 0 1 0 0 0 0 1 1 0 1 1 0 1 0 1 0 1 1 0 0 0 0 0 1 0 0 1 1 1 1 0 0 1 1 32069.0 26214.0 28964.0 3 0.08895960254608012
