1 0 1 1 1 0 1 1 1 1 1 1 0 1 0 0 1 1 1 0 0 1 0 0 1 1 1 0 0 1 1 1 1 1 0 1 1 1 0 0 0 1 1 0 1 1 1 0 1 1 0 1 0 1 0 0 0 0 1 1 1 1 1 1 1 0 0 1 0 1 0 0 1 0 0 1 1 1 1 1 1 0 0 1 0 0 1 0 1 1 0 0 1 1 1 1 0 0 1 1 34981.0 28460.0 35130.0 0 1000000000000000.4
0 0 1 1 1 1 1 1 1 0 1 1 0 1 0 1 1 1 1 0 0 1 0 0 1 1 1 0 0 1 1 1 1 1 0 1 0 1 1 0 0 1 1 0 1 1 1 1 1 1 0 1 0 1 0 0 0 0 1 1 1 1 1 1 0 0 0 1 0 1 0 0 1 0 0 1 1 1 1 1 1 0 0 1 0 0 1 0 1 1 0 0 1 1 1 1 1 0 1 1 34999.0 30173.0 35104.0 0 0.1339617725350032
1 0 1 1 1 0 1 1 1 1 1 1 0 1 0 0 1 1 1 0 0 1 0 0 1 1 1 0 0 1 1 1 1 1 0 1 1 1 0 0 0 1 1 0 1 1 1 1 1 1 0 1 0 1 0 0 0 0 1 1 1 1 1 1 0 0 0 1 0 1 0 0 1 0 0 1 1 1 1 1 1 0 0 1 0 0 1 0 1 1 0 0 1 1 1 1 1 0 1 1 35666.0 29520.0 35040.0 0 0.1884601830523736
1 0 1 1 1 0 0 1 1 1 1 1 0 1 0 1 1 1 1 0 0 1 0 0 1 1 1 0 0 1 1 1 1 1 0 1 0 1 1 0 0 1 1 0 1 1 1 1 1 1 0 1 0 1 0 0 0 0 1 1 1 1 1 1 0 0 0 1 0 1 0 0 1 0 0 1 1 1 1 1 1 0 0 1 0 0 1 0 1 1 0 0 1 1 1 1 1 0 1 1 35120.0 29673.0 34758.0 0 0.2399945788903818
0 0 1 1 1 0 1 1 1 0 1 1 0 1 0 1 1 1 1 0 0 1 0 0 1 1 1 0 0 1 1 1 1 1 0 1 0 1 1 0 0 1 1 0 1 1 1 1 1 1 0 1 0 1 0 0 0 0 1 1 1 0 1 1 1 0 0 1 0 1 0 0 1 0 0 1 1 1 1 1 1 0 0 1 0 0 1 0 1 1 0 0 1 1 1 1 1 0 1 1 34682.0 30512.0 34402.0 0 0.1966870058580264
0 0 1 1 1 0 1 1 1 1 1 1 1 1 0 0 0 1 1 0 0 1 0 0 1 1 1 0 0 1 0 1 1 1 0 1 0 1 1 0 0 1 1 0 1 1 1 1 1 1 0 1 0 1 0 0 0 0 1 1 1 1 1 1 0 0 0 1 0 1 1 0 1 0 1 1 1 1 1 1 1 0 0 1 0 0 1 0 1 1 0 0 1 1 1 1 0 0 1 1 35707.0 29329.0 34216.0 0 0.35717797928325823
0 0 1 1 1 0 1 1 1 1 1 1 0 1 0 0 0 1 1 0 0 1 1 0 1 1 1 0 0 1 0 1 1 1 0 1 1 1 0 0 0 1 1 0 1 1 1 1 1 1 1 1 1 1 0 0 0 0 1 1 1 1 1 1 0 0 0 1 0 1 0 0 1 0 0 1 1 1 1 1 1 0 0 1 0 0 1 0 1 1 0 0 1 1 1 1 1 0 0 1 34293.0 30517.0 33996.0 0 0.12450572368470005
1 0 1 1 1 0 1 1 1 1 1 1 0 1 0 1 1 1 1 0 1 0 0 0 1 0 1 1 1 1 1 1 0 1 0 1 0 0 1 0 0 1 1 0 1 1 1 1 1 1 0 0 0 1 0 0 0 0 1 1 1 1 1 1 0 0 0 1 0 1 0 0 1 0 0 1 1 1 1 1 1 0 0 1 0 0 1 0 1 1 0 0 1 1 1 1 1 0 1 1 35579.0 30235.0 33996.0 0 0.14449503953838097
0 0 1 1 1 0 1 1 1 1 1 1 0 1 0 1 0 0 0 0 0 1 1 0 1 0 1 1 0 1 0 1 1 1 0 1 1 1 0 0 0 1 1 0 1 1 1 1 1 1 0 1 0 1 0 0 0 0 1 1 1 1 1 1 0 0 0 1 0 1 1 0 1 0 0 1 1 1 1 1 1 0 0 1 0 0 1 0 1 1 0 0 1 1 1 1 1 0 1 1 34093.0 30568.0 33689.0 0 0.13516801804063183
0 0 1 1 1 0 1 1 1 1 1 1 0 1 0 0 1 1 1 0 0 1 1 0 1 0 0 1 0 1 0 1 1 1 0 1 1 1 0 0 0 1 1 0 1 1 1 1 1 1 0 1 0 1 0 0 0 0 1 1 1 0 1 1 1 0 0 1 0 1 0 0 1 0 0 1 1 1 1 1 1 0 0 1 0 0 1 0 1 1 0 0 1 1 1 1 1 0 1 1 33532.0 31047.0 33630.0 0 0.15688529076641972
0 0 1 1 1 0 1 1 1 1 1 1 0 1 0 1 0 0 0 0 0 1 1 0 1 0 1 1 0 1 0 1 1 1 0 1 1 1 0 0 0 1 1 0 1 1 1 1 1 1 0 1 0 1 0 0 0 0 1 1 1 1 1 1 0 0 0 1 0 1 0 0 1 0 0 1 1 1 1 1 1 1 0 1 0 0 1 0 1 1 0 0 1 1 1 1 1 0 1 1 34518.0 30584.0 33533.0 0 0.1387776609478969
0 0 1 1 1 0 1 1 1 0 0 1 1 1 0 1 0 1 1 0 0 1 0 0 1 1 1 0 0 1 1 1 1 1 0 1 0 1 1 0 0 1 1 0 1 1 1 1 1 1 0 1 0 1 0 0 0 0 1 1 1 1 1 1 0 0 0 1 0 1 0 0 1 0 0 1 1 1 1 1 1 0 0 1 0 0 1 0 1 1 0 0 1 1 1 1 1 0 1 1 35015.0 30323.0 33442.0 0 0.17457729322590593
0 0 1 1 1 0 1 1 1 1 1 1 0 1 0 1 1 1 1 0 1 0 0 0 1 0 1 1 1 1 1 1 0 1 0 1 0 0 1 0 0 1 1 0 1 1 1 1 1 1 0 1 0 1 0 0 0 0 1 1 1 1 1 1 0 0 0 1 0 1 0 0 1 0 0 1 1 1 1 1 1 0 0 1 0 1 1 0 1 1 0 0 1 1 1 1 0 0 1 0 35470.0 30254.0 33165.0 0 0.22453983032996025
0 0 1 1 1 0 1 1 1 0 1 1 0 1 0 0 1 1 1 1 0 1 1 0 1 0 0 1 0 1 0 1 1 1 0 1 1 1 0 0 0 1 1 0 1 1 1 1 1 1 0 1 0 1 0 0 0 0 1 1 1 1 1 1 0 0 0 1 0 1 0 0 1 0 0 1 1 1 1 1 1 0 0 1 0 0 1 0 1 1 0 0 1 1 1 1 1 0 1 1 33987.0 31082.0 33046.0 0 0.11396218502387034
0 0 1 0 1 0 1 1 1 0 1 1 0 1 0 0 1 1 1 0 1 0 1 0 1 0 0 1 0 1 1 1 1 1 0 1 1 0 0 0 0 1 1 1 1 1 1 1 1 1 0 1 0 1 0 0 0 0 1 1 1 1 1 1 1 0 0 1 0 1 0 0 1 0 0 1 1 1 1 1 1 0 0 1 0 0 1 0 1 1 0 0 1 1 1 1 1 0 1 1 33855.0 31376.0 33042.0 0 0.08667447323706669
0 0 1 0 1 0 1 1 1 0 1 1 0 1 0 1 1 1 0 0 0 0 1 1 0 1 1 1 0 1 0 1 1 1 0 1 1 1 0 0 0 1 1 0 1 1 1 1 1 1 1 1 0 1 0 0 0 0 1 1 1 1 1 1 0 0 0 1 0 1 0 0 1 0 0 1 1 1 1 1 1 0 0 1 0 0 1 0 1 1 0 0 1 1 1 1 1 0 1 1 34719.0 30594.0 33029.0 0 0.18376108110371547
0 0 1 1 1 0 1 1 1 1 1 1 1 1 0 1 0 1 1 0 1 0 0 0 1 0 1 1 0 1 0 1 1 1 0 1 0 1 1 0 0 1 1 0 1 1 1 1 1 1 0 1 0 1 0 0 0 0 1 1 1 1 1 1 0 0 0 1 0 1 0 1 1 0 0 1 1 1 1 1 1 1 0 1 0 1 0 0 1 1 0 0 1 1 1 1 0 0 1 0 35830.0 30557.0 32664.0 0 0.1930482520371698
1 0 1 1 1 0 1 1 1 0 1 1 0 1 0 0 1 1 1 1 0 1 1 0 1 0 0 1 0 1 0 1 1 1 0 1 1 1 0 0 0 1 1 0 1 1 1 1 1 1 0 1 0 1 0 0 0 0 1 1 1 1 1 1 0 0 0 1 0 1 0 0 1 0 0 1 1 1 1 1 1 0 0 1 0 0 1 0 1 1 0 0 1 1 0 1 1 0 1 1 34136.0 30822.0 32500.0 0 0.13314354519390678
1 0 1 1 1 0 1 1 1 1 1 1 0 1 0 1 0 0 0 0 0 0 1 0 1 0 0 1 0 1 0 1 1 1 0 1 1 1 0 0 0 1 1 1 1 1 1 1 1 1 0 1 0 1 0 1 1 0 1 0 1 1 1 1 0 0 0 1 0 1 0 0 1 0 0 1 1 1 1 1 1 0 0 1 0 0 1 0 1 1 1 0 1 1 1 1 1 1 0 1 32469.0 32397.0 32436.0 0 2000000000000000.0
0 0 1 1 1 0 1 1 0 0 1 1 1 1 0 1 0 1 0 0 1 0 0 0 1 0 1 1 0 1 0 1 1 1 0 1 1 1 0 0 0 1 1 0 1 1 1 1 1 1 0 1 0 1 0 0 0 0 1 1 1 1 1 1 0 0 0 1 0 1 1 0 1 0 0 1 1 1 1 1 1 0 0 1 0 0 1 0 1 1 0 0 1 1 1 1 1 0 1 1 34709.0 30770.0 32255.0 0 0.10838335265794943
0 0 1 1 1 0 1 1 1 0 0 1 1 1 0 1 0 1 0 0 0 1 0 0 1 0 1 1 1 1 0 1 1 1 0 1 1 1 0 0 0 1 1 0 1 1 1 1 1 1 0 1 0 1 0 0 0 0 1 1 1 1 1 1 0 0 0 1 0 1 0 0 1 0 0 1 1 1 1 1 1 0 0 1 0 0 1 0 1 1 0 0 1 1 1 1 1 0 1 1 34908.0 31142.0 32221.0 0 0.15769173221263846
1 0 1 0 1 0 1 1 1 0 1 1 0 1 0 1 1 1 1 0 1 0 0 1 0 1 1 0 1 1 1 1 0 1 0 1 1 0 1 0 0 1 1 0 1 0 1 1 1 1 0 1 0 1 0 0 0 0 1 1 1 1 1 1 0 0 0 1 0 1 1 0 1 0 0 1 1 0 0 1 1 1 1 1 0 1 0 0 1 1 0 0 1 1 1 1 0 0 1 0 36138.0 27435.0 32043.0 0 2000000000000000.0
0 0 1 1 1 0 1 1 1 0 1 1 0 1 0 1 1 1 1 0 0 0 0 1 0 1 1 0 1 1 1 1 0 1 0 1 1 0 1 0 0 1 1 0 1 0 1 1 1 1 0 1 0 1 0 0 0 0 1 1 1 1 1 1 0 0 0 1 0 1 1 0 1 0 0 1 1 0 0 1 1 1 0 1 0 1 0 0 1 1 0 0 1 1 1 1 0 0 1 1 35905.0 27592.0 31888.0 0 0.32756312639344815
1 0 1 0 1 0 1 1 1 0 0 1 1 1 0 1 0 1 0 0 0 1 1 0 1 0 0 1 0 1 0 1 1 1 0 1 1 1 0 0 0 1 1 0 1 1 1 1 1 1 0 1 0 1 0 0 0 0 1 1 1 1 1 1 1 0 0 1 0 1 0 0 1 0 0 1 1 1 1 1 1 0 0 1 0 0 1 0 1 1 0 0 1 1 1 1 1 0 1 1 33563.0 31514.0 31836.0 0 0.1041426817567087
1 0 1 1 1 0 1 1 1 1 1 1 0 1 0 1 0 0 0 0 0 0 1 0 1 0 0 1 0 1 1 1 0 1 0 1 1 1 0 0 0 1 1 1 1 1 1 1 1 1 0 1 0 1 0 0 0 0 1 1 1 0 1 1 1 0 0 1 0 1 0 0 1 0 0 1 1 1 1 1 1 0 0 1 0 0 1 0 1 1 0 0 1 1 1 1 1 0 1 1 33132.0 31588.0 31821.0 0 0.3256991766766277
1 0 1 1 1 0 1 1 1 1 1 1 1 1 0 1 0 1 0 0 0 1 1 0 0 0 0 1 1 1 1 1 0 1 0 1 0 0 0 0 0 1 0 0 1 1 1 1 1 1 0 1 0 1 0 0 0 0 1 1 1 1 1 1 0 0 0 1 0 1 0 0 1 0 0 1 1 1 1 1 1 0 0 1 0 0 1 0 1 1 0 0 1 1 1 1 1 0 1 1 34173.0 31357.0 31742.0 0 0.12980856545597902
0 0 1 1 1 0 1 1 1 0 0 1 1 1 0 1 0 1 0 0 0 1 0 0 1 0 0 1 1 1 1 1 0 1 0 1 0 1 1 0 0 1 1 0 1 1 1 1 1 1 0 1 0 1 0 0 0 0 1 1 1 1 1 1 0 0 0 1 0 1 0 0 1 0 0 1 1 1 1 1 1 0 0 1 0 0 1 0 1 1 1 0 1 1 1 1 1 1 0 1 33784.0 31587.0 31559.0 0 0.14952706054788242
0 0 1 1 1 0 1 1 1 0 0 1 1 1 0 1 0 1 0 0 0 1 1 0 1 0 0 1 0 1 0 1 1 1 0 1 1 1 0 0 0 1 1 0 1 1 1 1 1 1 0 1 0 1 0 0 0 0 1 1 1 0 1 1 1 0 0 1 0 1 0 0 1 0 0 1 1 1 1 1 1 0 0 1 0 0 1 0 1 1 0 0 1 1 1 1 1 0 1 1 33319.0 31962.0 31516.0 0 0.16129919259581718
0 0 1 1 1 0 1 1 1 0 1 1 1 1 0 1 0 1 0 0 0 1 1 0 0 0 0 1 1 1 1 1 0 1 0 1 0 0 1 0 0 1 1 0 1 1 1 1 1 1 0 1 0 1 0 0 0 0 1 1 1 1 1 1 0 0 0 1 0 1 0 0 1 0 0 1 1 1 1 1 1 0 0 1 0 0 1 0 1 1 0 0 1 1 1 1 1 0 1 1 34288.0 32081.0 31461.0 0 0.14320234154780503
1 0 1 0 1 0 1 1 1 0 1 1 0 1 0 1 1 1 0 0 1 0 1 1 0 1 1 0 1 1 1 1 0 1 0 1 1 1 1 0 0 1 1 0 1 0 1 1 1 1 0 1 0 1 0 0 0 0 1 1 1 1 1 1 0 0 0 1 0 1 0 0 1 0 0 1 1 1 1 1 1 0 0 1 0 1 1 0 1 1 0 0 1 1 1 1 0 0 1 0 36089.0 29725.0 31420.0 0 0.21710748288380316
1 0 1 1 1 0 1 1 1 1 1 1 1 1 0 1 0 1 0 0 0 1 1 0 0 0 0 1 1 1 1 1 0 1 0 1 0 0 0 0 0 1 1 0 1 1 1 1 1 1 0 1 0 1 0 0 0 0 1 1 1 1 1 1 0 0 0 1 0 1 0 1 1 0 0 1 1 1 1 1 1 1 0 1 0 1 0 0 1 1 0 0 1 1 1 1 0 0 1 0 35174.0 31254.0 31244.0 0 0.22491744539449296
1 0 1 0 1 0 1 1 1 0 1 1 1 1 0 1 0 1 0 0 0 1 1 0 0 0 0 1 1 1 1 1 0 1 0 1 0 0 1 0 0 1 1 0 1 1 1 1 1 1 1 1 0 1 0 0 0 0 1 1 1 1 1 1 0 0 0 1 0 1 0 0 1 0 0 1 1 1 1 1 1 0 0 1 0 0 1 0 1 1 0 0 1 1 1 1 1 0 1 1 34291.0 31940.0 31066.0 0 0.13054617000584945
0 0 1 1 1 0 1 1 1 0 1 1 1 1 0 1 0 1 0 0 0 0 1 0 0 0 1 1 1 1 0 1 1 1 0 1 1 1 0 0 0 1 1 0 1 1 1 1 1 1 0 1 0 1 0 0 0 0 1 1 1 1 1 1 0 0 0 1 0 1 0 0 1 0 0 1 1 1 1 1 1 0 0 1 0 0 1 0 1 1 0 0 1 1 0 1 1 0 1 1 34615.0 31492.0 31023.0 0 1000000000000000.1
1 0 1 1 1 0 1 1 1 1 1 1 0 1 0 0 1 1 1 0 0 1 0 0 1 1 1 0 0 1 1 1 1 1 0 1 1 1 0 0 0 1 1 0 1 1 1 0 1 1 0 1 0 1 0 0 0 0 1 1 1 1 1 1 1 0 0 1 0 1 0 0 1 0 0 1 1 1 1 1 1 1 1 1 0 1 0 0 1 1 0 0 1 1 1 1 0 0 1 0 35374.0 28681.0 35013.0 1 1000000000000000.2
1 0 1 1 1 0 1 1 1 1 1 1 0 1 0 0 1 1 1 0 0 1 0 0 1 1 1 0 0 1 1 1 1 1 0 1 0 1 1 0 0 1 1 0 1 1 1 1 1 1 0 1 0 1 0 0 0 0 1 1 1 1 1 1 0 0 0 1 0 1 0 0 1 0 0 1 1 1 1 1 1 0 0 1 0 0 1 0 1 1 0 0 1 1 1 1 1 0 1 1 35279.0 29449.0 34993.0 1 0.06532836706089355
1 0 1 1 1 0 1 1 1 1 1 1 0 1 0 0 1 1 1 0 0 1 0 0 1 1 1 0 0 1 0 1 1 1 0 1 0 0 0 0 0 1 1 0 1 1 1 1 1 1 1 1 0 1 0 0 0 0 1 1 1 1 1 1 0 0 0 1 0 1 1 0 1 0 0 1 1 1 1 1 1 1 1 1 0 1 0 0 1 1 0 0 1 1 1 1 0 0 1 1 35481.0 28705.0 34957.0 1 0.057124281996553374
1 0 1 1 1 0 1 1 1 1 1 1 0 1 0 0 1 1 1 0 0 1 0 0 1 1 1 0 0 1 1 1 1 1 0 1 0 1 0 0 0 1 1 0 1 1 1 1 1 1 1 1 0 1 0 0 0 0 1 1 1 1 1 1 0 0 0 1 0 1 1 0 1 0 0 1 1 1 1 1 1 1 1 1 0 1 0 0 1 1 0 0 1 1 1 1 0 0 1 0 35403.0 28823.0 34916.0 1 0.11422757122007884
0 0 1 1 1 0 1 1 1 0 1 1 0 1 0 1 1 1 1 0 0 1 0 0 1 1 1 0 0 1 1 1 1 1 0 1 0 1 1 0 0 1 1 0 1 1 1 1 1 1 0 1 0 1 0 0 0 0 1 1 1 1 1 1 0 0 0 1 0 1 0 0 1 0 0 1 1 1 1 1 1 0 0 1 0 0 1 0 1 1 0 0 1 1 1 1 1 0 1 1 34945.0 30017.0 34660.0 1 0.2898395455474829
0 0 1 1 1 0 1 1 1 1 1 1 0 1 0 0 1 1 1 0 1 0 1 0 1 0 0 1 0 1 1 1 1 1 0 1 1 0 0 0 0 1 1 0 1 1 1 1 1 1 0 1 0 1 0 0 0 0 1 1 1 1 1 1 1 0 0 1 0 1 0 0 1 0 0 1 1 1 1 1 1 0 0 1 0 0 1 0 1 1 0 0 1 1 1 1 0 0 1 1 34449.0 30356.0 34098.0 1 0.19125423351954485
0 0 1 1 1 0 1 1 1 1 1 0 0 1 0 0 1 1 1 0 0 1 0 0 1 1 1 0 0 1 0 1 1 1 0 1 1 0 1 0 0 1 1 0 1 1 1 1 1 1 0 1 0 1 0 0 0 0 1 1 1 1 1 1 0 0 0 1 0 1 1 0 1 0 0 1 1 1 1 1 1 1 1 1 0 1 0 0 1 1 0 0 1 1 1 1 0 0 1 0 35441.0 29025.0 34087.0 1 0.11370043670510137
1 0 1 1 1 0 1 1 1 1 1 1 0 1 0 0 1 1 1 0 0 1 0 0 1 1 1 0 0 1 1 1 1 1 0 1 0 1 1 0 0 1 1 0 1 0 1 1 1 1 0 1 0 1 0 0 0 0 1 1 1 1 1 1 0 0 0 1 0 1 1 0 1 0 0 1 1 1 1 1 1 1 1 1 0 0 0 0 1 1 0 0 1 1 0 1 0 0 1 1 35519.0 27702.0 34083.0 1 0.3500999096926045
1 0 1 1 1 0 1 1 1 1 1 1 0 1 0 1 1 1 1 0 1 0 0 0 1 0 1 1 0 1 0 1 1 1 0 1 0 1 1 0 0 1 1 0 1 0 1 1 1 1 0 1 0 1 0 0 0 0 1 1 1 1 1 1 0 0 0 1 0 1 1 0 1 0 0 1 1 1 1 1 1 1 1 1 0 1 0 0 1 1 0 0 1 1 1 1 0 0 1 0 35408.0 29367.0 33872.0 1 0.08959583238822245
0 0 1 1 1 0 1 1 1 1 1 1 0 1 0 1 1 1 1 0 1 0 0 0 1 0 1 1 1 1 1 1 0 1 0 1 0 0 1 0 0 1 1 0 1 1 1 1 1 1 0 0 0 1 0 0 0 0 1 1 1 1 1 1 0 0 0 1 0 1 0 0 1 0 0 1 1 1 1 1 1 0 0 1 0 0 1 0 1 1 0 0 1 1 1 1 1 0 1 1 35263.0 30079.0 33803.0 1 0.10345398875380515
1 0 1 1 1 0 1 1 1 1 1 1 0 1 0 0 1 1 1 0 1 0 0 0 1 0 1 1 0 1 0 1 1 1 0 1 0 1 1 0 0 1 1 0 1 1 1 1 1 1 0 1 0 1 0 0 0 0 1 1 1 1 1 1 0 0 0 1 0 1 0 1 1 0 0 1 1 1 1 1 1 1 1 1 0 1 0 0 1 1 0 0 1 1 1 1 0 0 1 0 35582.0 29332.0 33755.0 1 0.13658780450353053
0 0 1 1 1 1 1 1 1 0 1 1 0 1 0 1 1 1 1 0 0 0 0 0 1 1 1 0 0 1 1 1 1 1 0 1 0 1 1 0 0 1 1 0 1 1 1 1 1 1 1 1 1 1 0 0 0 0 1 1 1 1 1 1 0 0 0 1 0 1 0 0 1 0 0 1 1 1 1 1 1 0 0 1 0 0 1 0 1 1 0 0 1 1 1 1 1 0 0 0 33383.0 30361.0 33744.0 1 0.10357921482026994
0 0 1 1 1 0 1 1 1 1 1 1 1 1 0 0 0 1 1 0 0 1 0 0 1 1 1 0 0 1 0 1 1 1 0 1 1 1 0 0 0 1 1 0 1 1 1 1 1 1 0 1 0 1 0 0 0 0 1 1 1 1 1 1 0 0 0 1 0 1 0 0 1 0 0 1 1 1 1 1 1 0 0 1 0 0 1 0 1 1 0 0 1 1 1 1 1 0 1 1 35332.0 29872.0 33730.0 1 0.07549233295382304
0 0 1 1 1 0 1 1 1 1 1 1 0 1 0 0 0 1 1 0 0 1 1 0 1 0 1 1 0 1 0 1 1 1 0 1 1 1 0 0 0 1 1 0 1 1 1 1 1 1 0 1 0 1 0 0 0 0 1 1 1 1 1 1 0 0 0 1 0 1 0 0 1 0 0 1 1 1 1 1 1 0 0 1 0 0 1 0 1 1 0 0 1 1 1 1 1 0 1 1 34571.0 30462.0 33600.0 1 0.07619879441236024
1 0 1 1 1 0 1 0 1 1 1 1 0 1 0 0 1 1 1 0 1 0 1 0 0 0 0 1 0 1 1 1 1 1 0 1 1 0 0 0 0 1 1 1 1 1 1 1 1 1 0 0 0 1 0 0 0 0 1 1 1 1 1 1 1 0 0 1 0 1 0 0 1 0 0 1 1 1 1 1 1 0 0 1 0 0 1 0 1 1 0 0 1 1 1 1 1 0 1 1 33117.0 30475.0 33566.0 1 0.25881301338411117
1 0 1 1 1 0 0 1 1 1 1 1 0 1 0 1 1 1 1 0 1 0 0 0 1 0 1 1 0 1 0 1 1 1 0 1 0 1 1 0 0 1 1 0 1 1 1 1 1 1 0 1 0 1 0 0 0 0 1 1 1 1 1 1 0 0 0 1 0 1 0 1 1 0 0 1 1 1 1 1 1 1 1 1 0 1 0 0 1 1 0 0 1 1 1 1 0 0 1 0 35423.0 29556.0 33520.0 1 0.05619526154905592
0 0 1 1 1 0 1 1 1 0 1 1 1 1 0 1 0 1 0 0 0 1 0 0 1 1 1 0 0 1 1 1 1 1 0 1 1 1 0 0 0 1 1 0 1 1 1 0 1 1 0 1 0 1 0 0 0 0 1 1 1 1 1 1 1 0 0 1 0 1 0 0 1 0 0 1 1 1 1 1 1 0 0 1 0 1 1 0 1 1 0 0 1 1 1 1 0 0 1 1 35335.0 29700.0 33453.0 1 0.18772288160925593
0 0 1 1 1 0 1 1 1 0 1 1 0 1 0 0 1 1 1 1 0 1 1 0 1 0 0 1 0 1 0 1 1 1 0 1 1 1 0 0 0 1 1 0 1 1 1 1 1 1 0 1 0 1 0 0 0 0 1 1 1 1 1 1 0 0 0 1 0 1 0 0 1 0 0 1 1 1 1 1 1 0 0 1 0 0 1 0 1 1 0 0 0 1 1 1 1 0 1 1 33173.0 30831.0 32975.0 1 0.16102407596566784
0 0 1 0 1 0 1 1 1 0 1 1 0 1 0 1 1 1 0 0 0 0 1 1 0 1 1 1 0 1 0 1 1 1 0 1 1 1 0 0 0 1 1 0 1 1 1 1 1 1 1 1 0 1 0 0 0 0 1 1 1 1 1 1 0 0 0 1 0 1 1 0 1 0 0 1 1 1 1 1 1 1 1 1 0 1 0 0 1 1 0 0 1 1 1 1 0 0 1 0 35075.0 30181.0 32890.0 1 0.14691461453689222
1 0 1 1 1 0 1 1 1 0 1 1 0 1 0 0 1 1 1 1 0 1 1 0 1 0 0 1 0 1 0 1 1 1 0 1 1 1 0 0 0 1 1 0 1 1 1 1 1 1 0 1 0 1 0 0 0 0 1 1 1 1 1 1 0 0 0 1 0 1 1 0 1 0 0 1 1 1 1 1 1 0 1 1 0 1 0 0 1 1 0 0 1 1 1 1 0 0 1 0 33987.0 30552.0 32877.0 1 0.03607551119923072
0 0 1 1 1 0 1 1 1 1 1 1 1 1 0 0 0 1 1 0 0 1 1 0 1 0 1 1 0 1 0 1 1 1 0 1 1 1 0 0 0 1 1 0 1 1 1 1 0 1 0 1 0 1 0 0 0 0 1 1 1 1 1 1 0 0 0 1 0 1 0 0 1 0 0 1 1 1 1 1 1 0 0 1 0 0 1 0 1 1 0 0 1 1 1 1 1 0 1 1 34216.0 30570.0 32828.0 1 0.11654045745793998
1 0 1 0 1 0 1 1 1 0 1 1 0 1 0 0 1 1 1 0 1 0 1 0 1 0 0 1 0 1 1 1 1 1 0 1 1 0 0 0 0 1 1 1 1 1 1 1 1 1 0 1 0 0 0 0 0 0 1 1 1 1 1 1 1 0 0 1 0 1 0 0 1 0 0 1 1 1 1 1 1 0 0 1 0 0 1 0 1 1 0 0 1 1 1 1 1 0 1 1 33791.0 31215.0 32729.0 1 0.10977498366260524
0 0 1 1 1 0 1 1 1 0 1 1 0 1 0 0 1 1 1 1 0 0 1 0 1 0 0 1 0 1 0 1 1 1 0 1 1 1 0 0 0 1 1 0 1 1 1 1 1 1 0 1 0 1 0 0 0 0 1 1 1 1 1 1 0 0 0 1 0 1 1 0 1 0 0 1 1 1 1 1 1 0 0 1 0 0 1 0 1 1 0 0 1 1 1 1 1 0 1 1 33875.0 31073.0 32643.0 1 0.08375819231852806
0 0 1 0 1 0 1 1 1 0 1 1 0 1 0 0 1 1 1 0 1 0 1 0 1 0 0 1 0 1 1 1 1 1 0 1 1 0 0 0 0 1 1 1 1 1 1 1 1 1 0 1 0 1 0 0 0 0 1 1 1 1 1 1 1 0 0 1 0 1 0 0 1 0 0 1 1 1 1 1 1 1 1 1 0 1 0 0 1 1 0 0 1 1 1 1 0 0 1 0 33964.0 30706.0 32524.0 1 0.11937834464339388
1 0 1 1 1 0 1 1 1 0 0 1 1 1 0 1 0 0 0 0 0 1 1 0 1 0 0 1 0 1 0 1 1 1 0 1 1 1 0 0 0 1 1 0 1 1 1 1 1 1 0 1 0 1 0 0 0 0 1 1 1 1 1 1 1 0 0 1 0 1 0 0 1 0 0 1 1 1 1 1 1 0 0 1 0 0 1 0 1 1 0 0 1 1 1 1 1 0 1 1 33176.0 31304.0 32355.0 1 0.15526797932554903
1 0 1 1 1 0 0 1 1 1 1 1 1 1 0 1 0 1 0 0 1 0 0 0 1 0 1 1 0 1 0 1 1 1 0 1 0 1 1 0 0 1 1 0 1 1 1 1 1 1 0 1 0 1 0 0 0 0 1 1 1 1 1 1 0 0 0 1 0 1 0 0 1 0 0 1 1 1 1 1 1 0 0 1 0 0 1 0 1 1 0 0 1 1 1 1 1 0 1 1 34766.0 30501.0 32277.0 1 0.08759542088044267
0 0 1 1 1 0 1 1 1 1 1 1 1 1 0 0 0 1 1 0 0 1 1 0 1 0 1 1 0 1 0 1 1 1 0 1 1 1 0 0 0 1 1 0 1 1 1 1 1 1 1 1 0 1 0 0 0 0 1 1 1 1 1 1 0 0 0 1 0 1 0 0 1 0 0 1 1 1 1 1 1 0 0 1 0 1 0 0 1 1 0 0 1 1 1 1 0 0 1 0 34440.0 30569.0 32231.0 1 0.04126993033747491
0 0 1 1 1 0 1 1 1 0 1 1 1 1 0 1 0 1 0 0 1 0 0 0 1 0 1 1 0 1 0 1 1 1 0 1 0 1 1 0 0 1 1 0 1 1 1 1 1 1 0 1 0 1 0 0 0 0 1 1 1 1 1 1 0 0 0 1 0 1 0 0 1 0 0 1 1 1 1 1 1 0 0 1 0 0 1 0 1 1 0 0 1 1 1 1 1 0 1 1 34591.0 30845.0 32179.0 1 0.1277025609802393
0 0 1 1 1 0 1 1 1 0 1 1 1 1 0 1 0 1 0 0 1 0 0 0 1 0 1 1 0 1 0 1 1 1 0 1 0 1 1 0 0 1 1 0 1 1 1 1 1 1 0 1 0 1 0 0 0 0 1 1 1 1 1 1 0 0 0 1 0 1 0 1 1 0 0 1 1 1 1 1 1 1 1 1 0 1 0 0 1 1 0 0 1 1 1 1 0 0 1 0 35462.0 30431.0 32009.0 1 0.08615509233284764
1 0 1 1 0 0 1 1 1 1 1 1 1 1 0 1 0 1 1 0 1 0 0 0 1 0 1 1 0 1 0 1 1 1 0 1 0 1 1 0 0 1 1 0 1 1 1 1 1 1 0 1 0 1 0 0 0 0 1 1 1 1 1 1 0 0 0 1 0 1 0 1 1 0 0 1 1 1 1 1 1 1 0 1 0 1 0 0 1 1 0 0 1 1 1 1 0 0 1 0 35770.0 29860.0 31920.0 1 0.10550832124355897
1 0 1 1 1 0 1 1 1 0 1 1 1 1 0 1 0 1 0 0 1 0 0 0 1 0 1 1 0 1 0 1 1 1 0 1 0 1 1 0 0 1 1 0 1 1 1 1 1 1 0 1 0 1 0 0 0 0 1 1 1 1 1 1 0 0 0 0 0 1 0 1 1 0 0 1 1 1 1 1 1 0 0 1 0 0 1 0 1 1 0 0 1 1 1 1 1 0 1 1 34728.0 31052.0 31877.0 1 0.09061735897345007
0 0 1 0 1 0 1 1 1 0 1 1 0 1 0 1 1 1 1 0 1 0 0 1 0 1 1 0 1 1 1 1 0 1 0 1 1 0 1 0 0 1 1 0 1 0 1 1 1 1 0 1 0 1 0 0 0 0 1 1 1 1 1 1 0 0 0 1 0 1 1 0 1 0 0 1 1 0 0 1 1 1 1 1 0 1 0 0 1 1 0 0 1 1 1 1 0 0 1 0 35822.0 27279.0 31850.0 1 0.14764533806930674
1 0 1 1 1 0 1 1 1 1 1 1 0 1 0 1 0 0 0 0 0 0 1 0 1 0 0 1 0 1 1 1 0 1 0 1 1 1 0 0 0 1 1 1 1 1 1 1 1 1 0 1 0 1 0 1 1 0 1 0 1 1 1 1 0 0 0 1 0 1 1 0 1 0 0 1 1 1 1 1 1 1 1 1 0 1 0 0 1 1 0 0 1 1 1 1 0 0 1 0 33556.0 31488.0 31729.0 1 0.10300689975825411
0 0 1 1 1 0 1 1 1 0 0 1 1 1 0 1 0 1 0 0 0 1 0 0 1 0 1 1 1 1 0 1 1 1 0 1 1 1 0 0 0 1 1 0 1 1 1 1 1 1 0 1 0 1 0 0 0 0 1 1 1 1 1 1 0 0 0 1 0 1 0 0 1 0 0 1 1 1 1 1 1 0 0 1 0 0 1 0 1 1 0 0 1 1 1 1 1 0 0 1 34004.0 31132.0 31649.0 1 0.070857551645931
0 0 1 0 1 0 1 1 1 0 1 1 0 1 0 1 1 1 1 0 1 0 0 1 0 1 1 0 1 1 1 1 0 1 0 1 1 0 1 0 0 1 1 0 1 0 1 1 1 1 0 1 0 1 0 0 0 0 1 1 1 1 1 1 0 0 0 1 0 1 1 0 1 0 0 1 1 0 0 1 1 1 0 1 0 1 0 0 1 1 0 0 1 1 1 1 0 0 1 1 36091.0 27203.0 31560.0 1 2000000000000000.0
0 0 1 1 1 0 1 1 1 1 1 1 1 1 0 1 0 1 0 0 0 1 1 0 0 0 0 1 1 1 1 1 0 1 0 1 0 0 0 0 0 1 0 0 1 1 1 1 1 1 0 1 0 1 0 0 0 0 1 1 1 1 1 1 0 0 0 1 0 1 0 0 1 0 0 1 1 1 1 1 1 0 0 1 0 0 1 0 1 1 0 0 1 1 1 1 1 0 1 1 33857.0 31201.0 31549.0 1 0.052275545418613636
0 0 1 1 1 0 1 1 1 0 0 1 1 1 0 1 0 1 0 0 0 1 0 0 1 0 1 1 1 1 0 1 1 1 0 1 1 1 0 0 0 1 1 0 1 1 1 1 1 1 0 1 0 1 0 0 0 0 1 1 1 1 1 1 0 0 0 1 0 1 0 0 1 0 0 1 1 1 1 1 1 0 0 1 0 0 1 0 1 1 0 0 1 1 0 1 1 0 1 1 34741.0 30726.0 31482.0 1 0.0830127263887312
0 0 1 1 1 0 1 1 1 0 0 1 1 1 0 1 0 1 0 0 0 1 0 0 1 0 0 1 1 1 1 1 0 1 0 1 0 1 1 0 0 1 1 0 1 1 1 1 1 1 0 1 0 1 0 0 0 0 1 1 1 1 1 1 0 0 0 1 0 1 0 0 1 0 0 1 1 1 1 1 1 0 0 1 0 0 1 0 1 1 0 0 1 1 1 1 1 0 1 1 34076.0 31056.0 31324.0 1 0.08574897889409377
0 0 1 0 1 0 1 1 1 0 1 1 0 1 0 1 1 1 0 0 1 0 1 1 0 1 1 0 1 1 1 1 0 1 0 1 1 1 1 0 0 1 1 0 1 0 1 1 1 1 0 1 0 1 0 0 0 0 1 1 1 1 1 1 0 0 0 1 0 1 0 0 1 0 0 1 1 1 1 1 1 0 0 1 0 1 1 0 1 1 0 0 1 1 1 1 0 0 1 0 35773.0 29569.0 31227.0 1 0.06186060087764715
0 0 1 1 1 0 1 1 1 0 1 1 1 1 0 1 0 1 0 0 0 1 1 0 0 0 0 1 0 1 1 1 0 1 0 1 0 0 1 0 0 1 1 0 1 1 1 1 1 1 0 1 0 1 0 0 0 0 1 1 1 1 1 1 0 0 0 1 0 1 0 0 1 0 0 1 1 1 1 1 1 0 0 1 0 0 1 0 1 1 0 0 1 1 1 1 1 0 1 1 33637.0 31506.0 31226.0 1 0.08408953176441353
1 0 1 1 1 0 1 1 1 1 1 1 0 1 0 1 0 0 0 0 0 0 1 0 1 0 0 1 0 1 0 1 1 1 0 1 1 1 0 0 0 1 1 1 1 1 1 1 1 1 0 1 0 1 0 1 1 0 1 0 1 1 1 1 0 0 0 1 0 1 1 0 1 1 0 1 1 1 1 0 1 0 0 1 0 0 0 0 1 0 0 0 1 1 1 1 1 0 1 1 32111.0 32182.0 31157.0 1 0.41698117621534203
1 0 1 0 1 0 1 1 1 0 0 1 1 1 0 1 0 1 0 0 0 1 1 0 1 0 0 1 0 1 0 1 1 1 0 1 1 1 1 0 0 1 1 0 1 1 1 1 1 1 0 1 0 1 0 0 0 0 1 1 1 0 1 1 1 0 0 1 0 1 0 0 1 0 0 1 1 1 1 1 1 0 0 1 0 0 1 0 1 1 0 0 1 1 1 1 1 0 1 1 33554.0 32034.0 31059.0 1 0.2119236205631954
1 0 1 0 1 0 1 1 1 0 1 1 0 1 0 1 1 1 0 0 1 0 1 1 0 1 1 0 1 1 1 1 0 1 0 1 1 1 1 0 0 1 1 0 1 0 1 1 1 1 0 1 0 1 0 0 0 0 1 1 1 1 1 1 0 0 0 1 0 1 0 0 1 0 0 1 1 0 1 1 1 0 0 1 0 1 1 0 1 1 0 0 1 1 1 1 0 0 1 0 35842.0 28819.0 30921.0 1 0.12552876469445676
1 0 1 0 1 0 1 1 1 0 1 1 1 1 0 1 0 1 0 0 0 1 1 0 0 0 0 1 1 1 1 1 0 1 0 1 0 0 1 0 0 1 1 0 1 1 1 1 1 1 0 1 0 1 0 0 0 0 1 1 1 1 1 1 0 0 0 1 0 1 0 0 1 0 0 1 1 1 1 1 1 0 0 1 0 0 1 0 1 1 0 0 1 1 1 1 1 0 1 1 34119.0 31573.0 30865.0 1 0.1756685200765877
0 0 1 1 1 0 1 1 1 0 1 1 1 1 0 1 0 1 0 0 0 0 1 0 0 0 1 1 1 1 0 1 1 1 0 1 1 1 0 0 0 1 1 0 1 1 1 1 1 1 0 1 0 1 0 0 0 0 1 1 1 1 1 1 0 0 0 1 0 1 0 0 1 0 0 1 1 1 1 1 1 0 0 1 0 1 1 0 1 1 0 0 1 1 1 1 0 0 1 0 34376.0 31131.0 30743.0 1 0.14555111372012042
0 0 1 1 1 0 1 1 1 0 1 1 1 1 0 1 0 0 0 0 0 0 1 0 1 0 0 1 0 1 0 1 1 1 0 1 1 1 0 0 0 1 1 1 0 1 1 1 1 1 0 1 0 1 0 1 1 1 1 0 1 1 1 1 0 0 0 1 0 1 1 0 1 1 0 1 1 1 1 0 1 0 0 1 0 0 0 0 1 0 0 0 1 1 1 1 1 0 1 1 31540.0 32202.0 30482.0 1 3000000000000000.0
0 0 1 0 1 0 1 1 1 0 1 1 1 1 0 1 0 0 0 0 0 0 1 0 1 0 0 1 1 1 0 1 1 1 0 1 1 1 0 0 0 1 1 1 0 1 1 1 1 1 0 1 0 1 0 1 1 0 1 0 1 1 1 1 0 0 0 1 0 1 1 0 1 1 0 1 1 1 1 0 1 0 0 1 0 0 0 0 1 0 0 0 1 1 1 1 1 0 1 1 31675.0 32024.0 29319.0 2 2000000000000000.0
0 0 1 1 1 0 1 1 1 1 1 1 0 1 0 0 1 0 1 0 0 1 0 0 1 1 1 0 0 1 0 1 1 1 0 1 1 1 0 0 0 1 1 0 1 1 1 1 1 1 1 1 1 1 0 0 0 0 1 1 1 1 1 1 0 0 0 1 0 1 1 0 1 0 1 1 1 1 0 0 1 0 1 1 0 0 0 0 1 1 0 0 1 1 1 1 0 0 1 1 33613.0 27148.0 34989.0 2 1000000000000000.2
0 0 1 0 1 0 1 1 1 0 1 1 0 1 0 1 1 1 1 0 1 0 0 1 0 1 1 0 1 1 1 1 0 1 0 1 1 0 1 0 0 1 1 0 1 0 1 1 1 1 0 1 0 1 0 0 0 0 1 1 1 1 1 1 0 0 0 1 0 1 1 0 1 0 0 1 1 0 0 1 1 0 0 0 0 0 1 0 1 1 0 0 1 1 1 1 1 0 1 1 35683.0 27061.0 31691.0 2 1000000000000000.1
1 0 1 1 1 0 1 1 1 0 0 1 1 1 0 1 0 0 0 0 0 0 1 0 1 0 0 1 0 1 0 1 1 1 0 1 1 1 0 0 0 1 1 1 0 1 1 1 1 1 0 1 0 1 0 1 1 0 1 0 1 1 1 1 0 0 0 1 0 1 1 0 1 1 0 1 1 1 1 0 1 0 0 1 0 0 0 0 1 0 0 0 1 1 1 1 1 0 1 1 31416.0 31929.0 29505.0 2 1000000000000000.1
1 0 1 0 1 0 1 1 1 0 1 1 0 1 0 1 1 1 1 0 1 0 0 1 0 1 1 0 1 1 1 1 0 1 0 1 1 0 1 0 0 1 1 0 1 0 1 1 1 1 0 1 0 0 0 0 0 0 1 1 1 1 1 1 0 0 0 1 0 1 1 0 1 0 0 1 1 0 0 1 1 1 1 1 0 1 0 0 1 1 0 0 1 1 1 1 0 0 1 0 35758.0 27118.0 31537.0 2 1000000000000000.0
1 0 1 1 1 0 1 1 1 1 1 1 0 1 0 0 1 1 1 0 0 1 0 0 1 1 1 0 0 1 1 1 1 1 0 1 1 1 0 0 0 1 1 0 1 1 1 0 1 1 0 1 0 1 0 0 0 0 1 1 1 1 1 1 0 0 0 1 0 1 1 0 1 0 0 1 1 1 1 1 1 1 1 1 0 1 0 0 1 1 0 0 1 1 1 1 0 0 1 0 35471.0 28383.0 34734.0 2 0.3994122326278807
0 0 1 1 1 0 1 1 1 1 1 1 1 1 0 1 0 1 0 0 0 1 1 0 0 0 0 1 1 1 1 1 0 1 0 1 0 0 1 0 0 1 1 0 1 1 1 1 1 1 0 1 0 0 0 1 1 0 1 1 0 0 0 1 0 0 0 0 0 1 1 0 1 0 0 1 1 1 1 1 1 0 0 1 0 0 1 0 1 1 0 0 1 1 1 1 1 0 1 1 32266.0 31906.0 29678.0 2 0.2564941552641695
1 0 1 1 1 0 1 1 1 1 1 1 0 1 0 0 1 1 1 0 0 1 0 0 1 1 1 0 0 1 1 1 1 1 0 1 0 1 1 0 0 1 1 0 1 1 1 1 1 1 0 1 0 1 0 0 0 0 1 1 1 1 1 1 0 0 0 1 0 1 0 0 1 0 0 1 1 0 1 1 1 0 0 1 0 0 1 0 1 1 0 0 1 1 1 1 1 0 1 1 35032.0 28543.0 34494.0 2 0.23939676789801168
0 0 1 1 1 0 1 1 1 1 1 0 0 1 0 0 1 1 1 0 0 1 0 0 1 1 1 0 0 1 0 1 1 1 0 1 1 0 1 0 0 1 1 0 1 1 1 1 1 1 0 1 0 1 0 0 0 0 1 1 1 1 1 1 0 0 0 1 0 1 0 0 1 0 0 1 1 1 1 1 1 0 0 1 0 0 1 0 1 1 0 0 1 1 1 1 1 0 1 1 35085.0 29438.0 34226.0 2 0.17583633259080322
0 0 1 1 1 0 1 1 1 1 1 1 0 1 0 0 1 0 1 0 0 1 0 0 1 1 1 0 0 1 0 1 1 1 0 1 1 1 0 0 0 1 1 0 1 1 1 1 1 1 1 1 1 1 0 0 0 0 1 1 1 1 1 1 0 0 0 1 0 1 0 0 1 0 0 1 1 1 1 1 1 0 0 1 0 0 1 0 1 1 0 0 1 1 1 1 1 0 1 1 34224.0 28843.0 34798.0 2 0.17424688811815486
1 0 1 1 0 0 1 1 1 0 1 1 0 1 0 1 0 0 0 0 0 0 1 0 1 0 0 1 0 1 0 1 1 1 0 1 1 1 1 0 0 1 1 1 1 1 1 1 1 1 0 1 0 1 0 1 1 0 1 0 1 1 1 1 0 0 0 1 0 1 1 0 1 1 0 1 1 1 1 0 1 1 1 1 0 1 0 0 1 1 0 0 1 1 1 1 0 0 1 0 32703.0 31586.0 29819.0 2 0.17357402658788257
1 0 1 0 1 0 1 1 1 0 1 1 1 1 0 1 0 1 0 0 0 1 1 0 0 0 0 1 1 1 1 1 0 1 0 1 0 0 1 0 0 1 1 0 1 1 1 1 1 1 0 1 0 1 0 0 0 0 1 1 1 1 1 1 0 0 0 1 0 1 0 0 0 0 0 1 1 1 1 1 1 0 0 1 0 0 1 0 1 1 0 0 1 1 1 1 1 0 1 1 33611.0 30976.0 30371.0 2 0.17142883920330107
0 0 1 1 1 0 0 1 1 1 1 1 0 1 0 0 0 1 1 0 0 1 1 0 1 0 1 1 0 1 0 1 1 1 0 1 1 1 0 0 0 1 1 0 1 1 1 1 1 1 0 1 0 1 0 0 0 0 1 1 1 1 1 1 0 0 0 1 0 1 1 0 1 0 0 1 1 1 1 1 1 0 0 1 0 0 1 0 1 1 0 0 1 1 1 1 1 0 1 1 34247.0 30105.0 33008.0 2 0.16205070944646469
1 0 1 0 1 0 1 1 1 0 1 1 1 1 0 1 0 1 0 0 0 1 1 0 0 0 0 1 1 1 1 1 0 1 0 1 0 0 1 0 0 1 1 0 1 1 1 1 1 1 1 1 0 1 0 0 0 0 1 1 1 1 1 1 0 0 0 1 0 1 0 0 1 0 0 1 1 1 1 1 1 0 0 1 0 1 1 0 1 1 0 0 1 1 1 1 0 0 1 0 33885.0 31163.0 30047.0 2 0.16108886776183742
0 0 1 1 1 0 1 1 1 0 0 1 1 1 0 1 0 1 0 0 0 1 1 0 0 0 1 1 1 1 1 1 0 1 0 1 0 0 1 0 0 1 1 0 1 1 1 1 1 1 0 1 0 0 0 0 0 1 1 0 1 1 1 1 0 0 0 1 0 1 1 0 1 0 0 1 1 1 1 1 1 0 0 1 0 0 1 0 1 1 0 0 1 1 1 1 0 0 1 1 33502.0 30923.0 31038.0 2 0.15823001866288747
0 0 1 1 1 0 1 1 1 1 1 1 0 1 0 0 1 1 1 0 0 1 1 0 1 0 0 1 0 1 0 1 1 1 0 1 0 1 1 0 0 1 1 0 1 1 1 1 1 1 0 1 0 1 0 0 0 0 1 1 1 1 1 1 0 0 0 1 0 1 0 0 1 0 0 1 1 1 1 1 1 0 0 1 0 0 1 0 1 1 0 0 0 1 1 1 1 0 1 1 32594.0 30230.0 33770.0 2 0.1565864773922534
1 0 1 1 1 0 1 1 1 1 1 1 0 1 0 1 0 0 0 0 0 0 1 0 1 0 0 1 0 1 1 1 0 1 0 1 1 1 0 0 0 1 1 1 1 1 1 1 1 1 0 1 0 1 0 1 1 0 1 0 1 1 1 1 0 0 0 1 0 1 1 0 1 0 0 1 1 1 1 1 1 0 0 0 0 0 1 0 1 1 0 0 1 1 1 1 1 0 1 1 33417.0 31270.0 31570.0 2 0.1536164428847297
1 0 1 1 1 0 1 1 1 0 1 1 1 1 0 1 0 1 0 0 1 0 0 0 1 0 1 1 0 1 0 1 1 1 0 1 0 1 1 0 0 1 1 0 1 1 1 1 1 1 0 1 0 1 0 0 0 0 1 1 1 1 1 1 0 0 0 0 0 1 0 1 1 0 0 1 1 1 1 1 1 1 1 1 0 1 0 0 1 1 0 0 1 1 1 1 0 0 1 0 34837.0 30382.0 31359.0 2 0.1481673659408428
0 0 1 1 1 0 1 1 1 0 0 1 1 1 0 1 0 0 0 0 0 1 1 0 1 0 0 1 0 1 0 1 1 1 0 1 1 1 0 0 0 1 1 0 1 1 1 1 1 1 0 1 0 1 0 0 0 0 1 1 1 1 1 1 1 0 0 1 0 1 0 0 1 0 0 1 1 1 1 1 1 0 0 1 0 0 1 0 1 1 0 0 1 1 1 1 1 0 1 1 32860.0 31148.0 32162.0 2 0.142972103236339
0 0 0 1 1 0 1 1 1 1 1 1 0 1 0 1 0 0 0 0 0 0 1 0 1 0 0 1 0 1 0 1 1 1 0 1 1 1 0 0 0 1 1 1 1 1 1 1 1 1 0 1 0 1 0 1 1 0 1 0 1 1 1 1 0 0 0 1 0 1 1 0 1 1 0 1 1 1 1 0 1 0 0 1 0 0 0 0 1 0 0 0 1 1 1 1 1 0 1 1 31554.0 31668.0 30682.0 2 0.14204535264558785
1 0 1 1 1 0 1 1 1 1 1 1 0 1 0 1 1 1 1 0 1 0 0 0 1 0 1 1 0 1 0 1 1 1 0 1 0 1 1 0 0 1 1 0 1 0 1 1 1 1 0 1 0 1 0 0 0 0 1 1 1 1 1 1 0 0 0 1 0 1 0 0 1 0 0 1 1 1 1 1 1 1 1 1 0 1 0 0 1 1 0 0 1 1 1 1 0 0 1 0 35161.0 29110.0 33493.0 2 0.1389569723620916
