0 0 1 1 0 0 0 1 1 1 1 1 1 1 1 0 0 0 0 1 5327.0 6345.0 0 2000000000000000.0
0 0 1 1 0 0 0 1 1 1 1 1 0 1 1 1 0 1 1 0 5352.0 6195.0 0 0.47177431584050555
0 0 1 1 1 0 0 0 1 1 1 1 0 1 1 1 0 0 1 1 5583.0 6130.0 0 0.4753449862005064
0 0 1 1 1 0 0 0 1 1 1 1 1 1 1 1 0 0 0 1 5760.0 6104.0 0 0.30924006995761116
0 0 1 1 0 0 1 1 1 1 1 0 1 1 1 0 0 0 0 1 5820.0 6047.0 0 0.44719209033831864
0 0 1 1 1 0 0 1 1 1 0 1 1 1 1 0 0 0 1 0 5963.0 5867.0 0 0.6218334563320139
0 0 1 1 1 0 1 0 1 1 0 1 0 1 1 1 0 1 1 0 6177.0 5780.0 0 0.5018298169171618
0 0 1 1 1 0 1 1 1 0 1 0 1 1 1 0 0 1 1 0 6180.0 5592.0 0 0.33485548490144723
0 1 1 1 0 0 1 1 1 0 1 1 1 1 1 0 0 0 1 0 6234.0 5523.0 0 0.38779886167186794
0 1 0 1 0 1 1 1 1 1 0 0 1 1 1 1 0 0 0 1 6414.0 5435.0 0 2000000000000000.0
0 0 1 1 0 0 0 0 0 1 1 1 1 1 1 1 0 0 1 1 4837.0 6267.0 1 2000000000000000.0
0 0 1 1 0 0 0 1 1 1 1 1 1 1 1 0 0 0 1 0 5461.0 6064.0 1 0.6880182015224034
0 0 1 1 1 0 0 0 1 1 1 1 1 1 1 0 0 0 0 1 5612.0 6041.0 1 0.27348962617674655
0 0 0 1 0 0 1 1 1 1 1 1 1 1 1 0 0 1 0 1 5721.0 5938.0 1 0.24422062491021457
0 0 0 1 0 0 1 1 1 1 1 1 1 1 1 0 0 0 1 1 5801.0 5896.0 1 0.29533080026634173
0 0 1 1 0 0 1 1 1 1 1 0 1 1 1 0 0 0 1 0 5954.0 5766.0 1 0.5307395510987104
0 0 0 1 1 0 1 1 1 1 1 0 1 1 1 0 0 1 0 1 6176.0 5554.0 1 0.520323292464738
0 1 0 1 0 0 1 0 1 1 1 1 1 1 1 0 0 1 1 0 6225.0 5358.0 1 0.3246781438102814
0 0 0 1 1 0 1 1 1 1 1 0 1 1 1 0 0 1 1 0 6310.0 5273.0 1 0.3390049877916353
0 1 0 1 0 1 1 1 1 1 0 0 1 1 1 0 0 0 1 0 6400.0 5091.0 1 2000000000000000.0
0 0 1 1 0 0 0 0 0 1 0 1 1 1 1 1 0 1 0 1 4603.0 6094.0 2 2000000000000000.0
0 0 1 1 0 0 1 0 1 1 0 1 0 1 1 1 0 1 0 1 5387.0 6043.0 2 0.5861716068204234
0 0 1 1 0 0 1 1 1 0 0 1 1 1 1 0 0 0 1 1 5517.0 6000.0 2 0.28797405859721803
0 0 1 1 1 0 0 1 1 0 1 1 1 1 1 0 0 1 1 0 5687.0 5890.0 2 0.4579562499944827
0 0 0 1 0 0 1 1 1 1 1 1 1 1 1 0 0 1 1 0 5855.0 5657.0 2 0.4580690348860461
0 0 0 1 1 0 1 1 1 1 1 1 0 1 1 0 0 0 1 1 5968.0 5506.0 2 0.32385018655584374
0 0 0 1 1 1 1 1 1 1 0 0 0 1 1 1 0 0 1 1 6152.0 5456.0 2 0.38067226816997124
0 1 0 1 0 0 1 1 1 1 1 1 1 1 1 0 0 1 0 0 6284.0 5246.0 2 0.5697585525616667
0 1 0 1 1 1 1 0 0 1 1 0 1 1 1 1 0 1 0 0 6328.0 4854.0 2 0.3936701783580857
0 1 0 1 1 0 1 0 1 1 0 1 0 1 1 1 0 1 1 0 6386.0 4816.0 2 2000000000000000.0
0 0 1 1 0 0 0 0 0 1 1 1 1 1 1 1 0 1 1 0 4891.0 6028.0 3 2000000000000000.0
0 0 1 1 1 0 0 0 1 1 0 1 0 1 1 1 0 1 0 1 5349.0 5957.0 3 0.9383646912361188
0 0 1 1 0 0 1 0 1 1 0 1 0 1 1 1 0 1 1 0 5521.0 5762.0 3 0.5547778064865604
0 0 0 1 0 0 1 1 1 1 0 1 1 1 1 0 0 1 0 1 5567.0 5723.0 3 0.23272966434121972
0 0 0 1 0 0 1 1 1 1 0 1 1 1 1 0 0 0 1 1 5647.0 5681.0 3 0.28950795626853987
0 0 1 1 0 1 1 1 1 0 1 0 1 1 1 0 0 0 1 0 5683.0 5602.0 3 0.2876366606899685
0 0 1 1 1 0 1 0 1 1 0 1 0 1 1 1 0 0 0 1 5811.0 5585.0 3 0.6718812392830343
0 0 0 1 1 1 1 1 1 0 1 0 1 1 1 1 0 0 1 1 6133.0 5411.0 3 2000000000000000.0
0 0 1 1 0 0 0 0 0 1 1 1 1 1 1 0 0 1 1 0 4743.0 5965.0 4 2000000000000000.0
0 0 0 1 0 1 0 1 1 1 1 1 0 1 1 1 0 0 1 1 5157.0 5951.0 4 0.38509169788993214
0 0 0 1 0 0 0 1 1 1 1 1 1 1 1 1 0 1 0 1 5175.0 5897.0 4 0.0927774620003701
0 0 1 1 1 0 0 0 1 1 0 1 0 1 1 0 0 1 0 1 5201.0 5894.0 4 0.3959361382099328
0 0 0 1 0 1 1 0 1 1 1 1 0 1 1 1 0 0 1 1 5480.0 5733.0 4 0.44126269715139066
0 0 0 1 1 1 0 1 1 1 0 1 0 1 1 0 0 0 1 1 5511.0 5691.0 4 0.3246387571001284
0 0 0 1 0 1 1 1 1 1 1 0 1 1 1 0 0 0 0 1 5679.0 5564.0 4 0.33669036930486074
0 0 1 1 1 0 1 0 1 1 0 0 0 1 1 0 0 0 1 1 5774.0 5554.0 4 0.1600674345857307
0 0 1 1 1 0 1 1 1 0 1 0 0 1 1 1 0 0 1 1 5785.0 5486.0 4 0.09860684167177997
0 1 0 1 0 0 0 1 1 1 1 0 1 1 1 1 0 0 1 1 5795.0 5476.0 4 0.1722690732770965
0 1 1 1 0 0 1 1 1 0 1 0 1 1 1 0 0 0 0 1 5899.0 5402.0 4 0.48862234698647145
0 1 0 1 0 1 1 1 1 0 0 0 1 1 1 1 0 0 1 1 6064.0 5201.0 4 0.5619968989370002
0 1 0 1 1 1 1 0 0 1 1 0 1 1 1 0 0 0 0 1 6126.0 5030.0 4 2000000000000000.0
0 0 1 1 1 0 0 1 0 1 0 1 0 1 1 0 0 0 1 1 5073.0 5921.0 5 2000000000000000.0
0 0 1 1 1 0 0 0 0 1 1 0 1 1 1 0 0 0 1 1 5144.0 5820.0 5 0.21513463324046223
0 0 1 1 1 0 0 1 0 1 1 0 0 1 1 1 0 0 1 1 5174.0 5797.0 5 0.16240841354328875
0 0 1 1 1 0 0 1 0 1 1 0 1 1 1 0 0 0 0 1 5203.0 5708.0 5 0.23096702427900723
0 0 0 1 0 0 1 0 1 1 1 1 0 1 1 1 0 1 1 1 5321.0 5705.0 5 0.1579846842622825
0 1 1 1 0 0 0 0 1 1 1 1 0 1 1 1 0 0 0 1 5356.0 5701.0 5 0.18732268770050653
0 0 1 1 1 0 0 0 1 1 0 1 0 1 1 1 0 1 1 0 5483.0 5676.0 5 0.40096987414615004
0 1 0 1 0 0 0 0 1 1 1 1 1 1 1 1 0 0 1 1 5625.0 5556.0 5 0.34027965470638516
0 0 0 1 1 1 0 1 1 1 1 0 1 1 1 0 0 0 0 1 5641.0 5478.0 5 0.22912380374525515
0 0 0 1 1 1 1 1 0 1 1 0 0 1 1 1 0 0 1 1 5727.0 5418.0 5 0.2464960423618724
0 0 1 1 1 0 1 1 1 0 1 0 1 1 1 0 0 0 0 1 5814.0 5397.0 5 0.20348603105433916
0 0 1 1 1 0 1 0 1 1 0 1 0 1 1 1 0 1 0 0 5865.0 5346.0 5 0.31355617455893037
0 0 0 1 1 0 1 1 1 1 1 0 0 1 1 1 0 0 1 1 5915.0 5167.0 5 0.36936208941224835
0 0 0 1 1 1 1 1 1 1 0 0 0 1 1 0 0 1 1 0 6058.0 5154.0 5 0.46624378315264414
0 1 0 1 0 0 1 1 1 1 1 0 1 1 1 0 0 1 0 0 6083.0 4844.0 5 2000000000000000.0
0 0 1 1 0 0 0 0 1 1 0 0 1 1 1 1 0 0 1 1 5061.0 5903.0 6 2000000000000000.0
0 0 1 1 1 0 0 0 0 1 1 0 1 1 1 0 0 1 0 1 5064.0 5862.0 6 0.18683325349114085
0 0 0 1 0 0 0 1 1 1 1 1 1 1 1 0 0 0 1 1 5107.0 5792.0 6 0.5158422318719056
0 0 0 1 0 1 1 0 1 1 1 1 0 1 1 0 0 0 1 1 5332.0 5670.0 6 0.4307742630052108
0 0 1 1 1 0 0 0 0 1 1 0 1 1 1 1 0 1 1 0 5346.0 5644.0 6 0.0864149835422003
0 0 0 1 0 0 1 0 1 1 1 1 1 1 1 0 0 1 0 1 5350.0 5616.0 6 0.16870135422620702
0 0 1 1 1 0 0 1 1 0 0 0 1 1 1 1 0 0 1 1 5426.0 5575.0 6 0.134696316442836
0 0 0 1 0 0 1 0 1 1 1 1 1 1 1 0 0 0 1 1 5430.0 5574.0 6 0.23632252115814945
0 0 1 1 1 0 1 0 0 1 0 1 0 1 1 1 0 1 1 0 5598.0 5527.0 6 0.2511113514961121
0 0 0 1 0 1 1 0 1 1 0 0 1 1 1 1 0 0 1 1 5614.0 5524.0 6 0.19367907568520287
0 1 0 1 0 0 0 1 1 1 1 0 1 1 1 0 0 0 1 1 5647.0 5413.0 6 0.4820380872906163
0 0 1 1 1 0 1 0 1 1 0 0 0 1 1 0 0 1 1 0 5828.0 5315.0 6 0.3898873452735564
0 1 0 1 0 0 1 0 1 1 1 1 0 1 1 1 0 0 1 1 5830.0 5252.0 6 0.47519226509655427
0 0 0 1 1 1 1 1 1 0 1 0 1 1 1 0 0 1 1 0 6039.0 5109.0 6 2000000000000000.0
0 0 1 1 0 0 0 0 0 1 1 1 0 1 1 1 0 1 0 1 4268.0 5901.0 7 2000000000000000.0
0 0 1 1 1 0 0 1 0 1 1 1 0 1 1 1 0 0 0 1 5063.0 5765.0 7 0.9579839749863508
0 0 1 1 1 0 0 0 1 1 0 1 0 1 1 0 0 1 1 0 5335.0 5613.0 7 0.5159916917621049
0 1 0 1 0 0 0 1 1 1 1 1 0 1 1 1 0 1 0 1 5427.0 5512.0 7 0.2724884033160485
0 1 0 1 0 0 0 1 1 1 1 1 0 1 1 1 0 0 1 1 5507.0 5470.0 7 0.13127890493425456
0 0 1 1 1 0 1 1 1 0 1 0 0 1 1 0 0 1 0 1 5557.0 5465.0 7 0.14952190145351069
0 1 1 1 0 0 1 1 1 0 1 1 0 1 1 0 0 0 0 1 5611.0 5396.0 7 0.3118060559611678
0 0 0 1 0 0 1 1 1 1 1 0 1 1 1 0 0 1 1 0 5654.0 5255.0 7 0.29510835835937155
0 0 1 1 1 0 1 0 1 1 0 1 0 1 1 0 0 0 1 0 5797.0 5241.0 7 0.4232161377523228
0 1 0 1 0 0 1 1 1 1 1 0 1 1 1 0 0 0 0 1 6029.0 5083.0 7 2000000000000000.0
1 0 1 1 0 0 0 1 0 1 0 1 0 1 1 0 0 0 0 1 4254.0 5853.0 8 2000000000000000.0
0 1 0 0 1 1 0 1 1 1 1 0 1 1 1 0 0 0 0 1 6002.0 4654.0 8 2000000000000000.0
0 0 1 1 1 0 0 1 0 1 1 1 0 1 1 0 0 0 0 1 4915.0 5702.0 8 0.6028622250043993
0 0 0 1 0 1 0 1 0 1 1 1 0 1 1 1 0 1 0 1 4498.0 5740.0 8 0.5040847349907973
1 0 0 1 1 0 1 0 1 1 0 1 0 1 1 1 0 1 1 0 5794.0 5177.0 8 0.41390565746051644
0 0 0 1 0 1 0 1 1 1 1 1 1 1 1 0 0 0 1 0 5320.0 5581.0 8 0.38858707580494467
0 1 0 1 1 0 0 1 1 1 1 0 1 1 1 0 0 0 0 1 5991.0 4997.0 8 0.3461761612938035
0 0 0 1 0 0 1 1 1 1 1 1 1 1 1 0 0 0 0 1 5489.0 5462.0 8 0.2806834642903978
0 0 1 1 1 0 1 1 0 0 1 0 1 1 1 0 0 1 1 0 5601.0 5339.0 8 0.27145475921007745
0 0 0 1 1 0 1 1 1 1 1 0 1 1 1 0 0 0 0 1 5944.0 5078.0 8 0.20901380440983847
