0 0 1 1 0 0 0 0 1 1 1 1 1 1 1 1 0 0 1 1 5416.0 6520.0 0 2000000000000000.0
0 0 1 1 0 1 1 0 1 1 1 1 0 1 1 1 0 0 0 1 5700.0 6286.0 0 0.47338602155042747
0 0 1 1 0 1 1 0 1 1 1 0 1 1 1 0 0 0 0 1 5840.0 6229.0 0 0.4206289044484231
0 0 1 1 1 0 0 1 1 1 0 1 1 1 1 1 0 1 0 0 6031.0 5972.0 0 0.504317219403766
0 0 1 1 1 0 1 0 1 1 0 1 0 1 1 1 0 1 1 0 6177.0 5780.0 0 0.32973040962641004
0 0 1 1 1 0 1 1 1 0 1 0 1 1 1 0 0 1 1 0 6180.0 5592.0 0 0.3000314452224029
0 1 1 1 1 0 1 0 1 1 0 1 0 1 1 0 0 0 0 1 6404.0 5545.0 0 0.2591384009056051
0 1 0 1 0 1 1 1 1 1 0 0 1 1 1 1 0 0 0 1 6414.0 5435.0 0 0.3326372059871495
0 1 0 1 0 1 1 1 1 1 0 0 1 1 1 1 0 0 1 0 6548.0 5154.0 0 0.4822041004569735
0 1 0 1 1 0 1 0 1 1 1 1 1 1 1 0 0 0 1 0 6649.0 4900.0 0 0.3896281078361241
0 1 0 1 1 0 1 1 1 1 1 0 1 1 1 0 0 0 1 0 6819.0 4820.0 0 2000000000000000.0
0 0 1 1 0 0 0 1 1 1 1 1 1 1 1 0 0 0 0 1 5327.0 6345.0 1 2000000000000000.0
0 0 1 1 0 0 0 1 1 1 1 1 0 1 1 1 0 1 1 0 5352.0 6195.0 1 0.41003476665905014
0 0 1 1 1 0 0 0 1 1 1 1 0 1 1 1 0 0 1 1 5583.0 6130.0 1 0.4528100943708516
0 0 1 1 1 0 0 0 1 1 1 1 1 1 1 1 0 0 0 1 5760.0 6104.0 1 0.28706424622937465
0 0 1 1 0 0 1 1 1 1 1 0 1 1 1 0 0 0 0 1 5820.0 6047.0 1 0.2442889185175731
0 0 1 1 0 0 1 1 1 1 1 0 0 1 1 1 0 1 1 0 5845.0 5897.0 1 0.32860809993293505
0 0 1 1 0 0 1 1 1 1 1 0 1 1 1 1 0 1 0 0 6022.0 5871.0 1 0.5430555122024702
0 1 0 1 0 0 1 0 1 1 1 1 1 1 1 0 0 0 1 1 6171.0 5597.0 1 0.39631390175851433
0 0 0 1 1 0 1 1 1 1 1 0 1 1 1 0 0 1 0 1 6176.0 5554.0 1 0.11772505057440519
0 1 1 1 0 0 1 1 1 0 1 1 1 1 1 0 0 0 1 0 6234.0 5523.0 1 0.2896579965545227
0 1 0 1 0 0 1 0 1 1 1 1 1 1 1 1 0 1 1 0 6373.0 5421.0 1 0.49920403822396003
0 1 0 1 0 1 1 1 1 1 0 0 1 1 1 0 0 0 1 0 6400.0 5091.0 1 2000000000000000.0
0 0 1 1 0 0 0 0 0 1 1 1 1 1 1 1 0 1 0 1 4757.0 6309.0 2 2000000000000000.0
0 0 1 1 0 0 0 0 0 1 1 1 1 1 1 1 0 0 1 1 4837.0 6267.0 2 0.14735407845469248
0 0 1 1 0 0 0 0 1 1 1 1 0 1 1 1 0 1 0 1 4847.0 6154.0 2 0.2738117629562069
0 0 1 1 0 1 0 0 1 1 1 0 1 1 1 0 0 0 0 1 5146.0 6125.0 2 0.47768419533188106
0 0 1 1 0 1 1 0 1 1 0 1 0 1 1 1 0 0 0 1 5546.0 6071.0 2 0.335509471486373
0 0 1 1 1 0 0 0 1 1 1 1 1 1 1 0 0 0 0 1 5612.0 6041.0 2 0.16688500950646948
0 0 1 1 0 1 1 1 1 0 1 0 1 1 1 1 0 0 0 1 5697.0 5946.0 2 0.12806226744117455
0 0 0 1 0 0 1 1 1 1 1 1 1 1 1 0 0 1 0 1 5721.0 5938.0 2 0.07672363264163021
0 0 1 1 1 1 0 0 1 1 1 1 0 1 1 1 0 0 1 0 5796.0 5919.0 2 0.07400473574319225
0 0 0 1 0 0 1 1 1 1 1 1 1 1 1 0 0 0 1 1 5801.0 5896.0 2 0.13326239924880504
0 0 1 1 1 0 0 1 1 1 0 1 1 1 1 0 0 0 1 0 5963.0 5867.0 2 0.22847409338510943
0 0 0 1 0 0 1 1 1 1 1 1 1 1 1 1 0 1 1 0 6003.0 5720.0 2 0.32456499107672054
0 1 1 1 1 0 0 1 1 0 1 1 1 1 1 0 0 1 0 0 6116.0 5479.0 2 0.24834839497963068
0 0 0 1 1 1 1 1 1 1 0 0 0 1 1 1 0 0 1 1 6152.0 5456.0 2 0.13877017939834227
0 1 0 1 0 0 1 0 1 1 1 1 1 1 1 0 0 1 1 0 6225.0 5358.0 2 0.20567749705472857
0 0 0 1 1 0 1 1 1 1 1 0 1 1 1 0 0 1 1 0 6310.0 5273.0 2 0.15906767971911184
0 1 0 1 1 0 1 0 1 1 1 1 0 1 1 0 0 0 1 1 6338.0 5207.0 2 0.21387938726946967
0 1 0 1 1 0 1 0 1 1 0 1 1 1 1 0 0 0 0 1 6361.0 4966.0 2 0.2620114077754681
0 1 0 1 1 0 1 0 1 1 0 1 0 1 1 1 0 1 1 0 6386.0 4816.0 2 0.21822765394080185
0 1 0 1 1 0 1 1 1 0 1 0 1 1 1 0 0 1 1 0 6389.0 4628.0 2 2000000000000000.0
0 0 1 1 0 0 0 0 0 1 1 1 1 1 1 0 0 0 1 1 4689.0 6204.0 3 2000000000000000.0
0 0 1 1 0 1 0 0 0 1 0 1 1 1 1 1 0 0 0 1 4762.0 6122.0 3 0.5747226176756014
0 0 1 1 0 0 0 1 1 1 1 1 1 1 1 0 0 0 1 0 5461.0 6064.0 3 0.5510171061848567
0 0 1 1 0 0 1 1 1 0 0 1 1 1 1 0 0 0 1 1 5517.0 6000.0 3 0.213308476261482
0 0 1 1 0 0 1 1 1 1 0 0 0 1 1 1 0 0 1 1 5637.0 5921.0 3 0.18520326305559967
0 0 1 1 1 0 0 1 1 0 1 1 1 1 1 0 0 1 1 0 5687.0 5890.0 3 0.14524439021082358
0 0 1 1 0 0 1 0 1 1 1 1 1 1 1 0 0 0 1 0 5784.0 5846.0 3 0.25475606173591075
0 0 1 1 0 0 1 1 1 1 1 0 1 1 1 0 0 0 1 0 5954.0 5766.0 3 0.36411542720265
0 0 0 1 1 0 1 1 1 1 1 1 0 1 1 0 0 0 1 1 5968.0 5506.0 3 0.3617607845795511
0 1 1 1 1 0 1 0 1 0 0 1 0 1 1 1 0 1 0 1 6122.0 5416.0 3 0.17104151130995632
0 0 0 1 1 1 1 1 1 0 1 0 1 1 1 1 0 0 1 1 6133.0 5411.0 3 0.22476668248478793
0 1 0 1 0 0 1 1 1 1 1 1 1 1 1 0 0 1 0 0 6284.0 5246.0 3 0.5315675773393516
0 1 0 1 1 1 1 0 0 1 1 0 1 1 1 1 0 1 0 0 6328.0 4854.0 3 2000000000000000.0
0 0 1 1 0 1 0 0 0 0 1 1 1 1 1 1 0 0 1 1 4566.0 6103.0 4 2000000000000000.0
0 0 1 1 0 0 0 0 0 1 0 1 1 1 1 1 0 1 0 1 4603.0 6094.0 4 0.06508281837466091
0 0 1 1 0 1 0 0 0 1 0 1 1 1 1 0 0 0 0 1 4614.0 6059.0 4 0.08233847543956076
0 0 1 1 0 0 0 0 0 1 0 1 1 1 1 1 0 0 1 1 4683.0 6052.0 4 0.47047041468123835
0 0 1 1 0 0 1 0 1 1 0 1 0 1 1 1 0 1 0 1 5387.0 6043.0 4 0.5554209623730044
0 0 1 1 1 0 0 0 1 1 0 1 0 1 1 1 0 0 1 1 5429.0 5915.0 4 0.2292458381195674
0 0 1 1 0 1 1 1 1 0 1 0 1 1 1 0 0 0 0 1 5549.0 5883.0 4 0.27335168425884365
0 0 1 1 1 0 0 0 1 1 1 0 1 1 1 0 0 1 1 0 5777.0 5834.0 4 0.3516748877563307
0 1 1 1 0 0 1 0 1 0 0 1 1 1 1 0 0 0 1 1 5887.0 5701.0 4 0.35811037090338166
0 0 1 1 1 0 1 0 1 1 0 0 1 1 1 0 0 0 0 1 5951.0 5528.0 4 0.2975177915362901
0 1 0 1 0 0 1 1 1 1 0 1 0 1 1 1 0 1 0 1 5967.0 5401.0 4 0.1702315501435368
0 0 0 1 1 1 1 1 1 0 1 0 1 1 1 0 0 0 1 1 5985.0 5348.0 4 0.17224436488320155
0 1 1 1 1 0 1 0 0 1 0 0 1 1 1 0 0 0 0 1 6113.0 5298.0 4 0.34860363135253414
0 1 0 1 1 1 1 0 0 1 1 0 1 1 1 0 0 0 0 1 6126.0 5030.0 4 0.4137638846485684
0 1 1 1 1 0 1 0 1 1 0 0 0 1 1 0 0 1 0 0 6257.0 4904.0 4 2000000000000000.0
0 0 1 1 0 0 0 0 0 1 0 1 1 1 1 0 0 1 0 1 4455.0 6031.0 5 2000000000000000.0
0 0 1 1 0 0 0 0 0 1 1 1 1 1 1 1 0 1 1 0 4891.0 6028.0 5 0.30336031059025315
0 0 1 1 0 0 0 0 1 1 1 1 1 1 1 0 0 0 0 1 4956.0 6023.0 5 0.33373316453121477
0 0 1 1 1 0 0 0 1 1 0 1 0 1 1 1 0 1 0 1 5349.0 5957.0 5 0.47135645963962647
0 0 1 1 1 0 0 0 1 1 0 1 1 1 1 0 0 0 0 1 5458.0 5826.0 5 0.3366088063781397
0 0 1 1 0 0 1 1 1 0 0 1 1 1 1 1 0 1 1 0 5719.0 5824.0 5 0.22491657233966247
0 0 0 1 0 1 1 1 1 1 0 1 1 1 1 0 0 0 0 1 5726.0 5751.0 5 0.16245805046147782
0 0 1 1 1 0 1 0 1 0 0 1 1 1 1 0 0 0 1 1 5802.0 5696.0 5 0.1595457428715129
0 0 0 1 0 0 1 1 1 1 1 1 1 1 1 0 0 1 1 0 5855.0 5657.0 5 0.31776994760462673
0 1 1 1 0 0 1 1 1 0 1 0 1 1 1 0 0 0 0 1 5899.0 5402.0 5 0.266060773992861
0 0 0 1 1 1 1 1 1 0 1 0 1 1 1 0 0 1 0 1 5905.0 5390.0 5 0.1012948769052352
0 1 0 1 0 1 0 1 1 1 1 0 1 1 1 1 0 1 0 0 5928.0 5307.0 5 0.2614319858323365
0 1 0 1 0 1 1 1 1 0 0 0 1 1 1 1 0 0 1 1 6064.0 5201.0 5 0.2298266391289298
0 1 0 1 0 0 1 0 1 1 0 1 1 1 1 0 0 1 1 0 6071.0 5143.0 5 0.22827882097634766
0 0 0 1 1 0 1 1 1 1 0 1 1 1 1 0 0 0 1 0 6125.0 4984.0 5 0.25781569597601794
0 0 0 1 1 0 1 1 1 1 1 0 1 1 1 1 0 1 0 0 6146.0 4902.0 5 2000000000000000.0
0 0 1 1 0 0 0 0 0 1 0 1 1 1 1 0 0 0 1 1 4535.0 5989.0 6 2000000000000000.0
0 1 0 1 1 0 1 0 1 1 0 0 0 1 1 1 0 0 1 1 6131.0 4653.0 6 2000000000000000.0
0 1 0 1 0 0 1 1 1 1 1 0 1 1 1 0 0 1 0 0 6083.0 4844.0 6 0.4207393483708964
0 0 1 1 0 0 0 0 0 1 1 1 1 1 1 0 0 1 1 0 4743.0 5965.0 6 0.4181674245493709
0 0 0 1 1 1 1 1 1 1 0 0 0 1 1 0 0 1 1 0 6058.0 5154.0 6 0.34702962496058043
0 0 0 1 0 1 0 1 1 1 1 1 0 1 1 1 0 0 1 1 5157.0 5951.0 6 0.3215748953221169
0 0 0 1 0 0 0 1 1 1 1 1 1 1 1 1 0 0 1 1 5255.0 5855.0 6 0.299303648342393
0 0 1 1 0 0 1 0 1 1 0 1 0 1 1 1 0 1 1 0 5521.0 5762.0 6 0.26835426890577974
0 0 0 1 1 0 1 1 1 1 1 0 0 1 1 1 0 0 1 1 5915.0 5167.0 6 0.23654570558130228
0 0 1 1 1 0 1 0 1 1 0 1 0 1 1 1 0 0 0 1 5811.0 5585.0 6 0.2355233142736916
0 0 1 1 1 0 1 1 1 0 1 0 1 1 1 0 0 0 0 1 5814.0 5397.0 6 0.18132719523357957
0 0 0 1 1 1 1 1 1 0 1 1 1 1 1 0 0 0 0 1 5874.0 5316.0 6 0.16531035673013672
0 0 1 1 0 1 1 1 1 0 1 0 1 1 1 0 0 0 1 0 5683.0 5602.0 6 0.14326422343282402
