0 0 1 1 0 0 0 0 1 1 1 1 1 1 1 1 0 1 0 1 5336.0 6562.0 0 2000000000000000.0
0 0 1 1 0 0 0 0 1 1 1 1 1 1 1 1 0 0 1 1 5416.0 6520.0 0 0.26961192801626793
0 0 1 1 0 1 0 0 1 1 1 1 1 1 1 1 0 1 0 0 5549.0 6351.0 0 0.26961192801626793
0 0 1 1 0 1 0 0 1 1 1 1 1 1 1 1 0 0 1 0 5629.0 6309.0 0 0.30319949856989786
0 0 1 1 0 0 1 1 1 1 0 1 1 1 1 1 0 0 0 1 6015.0 6297.0 0 0.4269388189656217
0 0 1 1 0 0 1 1 1 1 0 1 1 1 1 1 0 1 0 0 6069.0 6058.0 0 0.2738753645254043
0 0 1 1 0 0 1 1 1 1 0 1 1 1 1 1 0 0 1 0 6149.0 6016.0 0 0.17718437081490124
0 0 1 1 1 0 1 0 1 1 0 1 1 1 1 1 0 0 0 1 6300.0 5993.0 0 0.23737759430430383
0 0 1 1 1 0 1 0 1 1 1 1 1 1 1 1 0 1 0 0 6508.0 5969.0 0 0.21032926761908305
0 0 1 1 1 0 1 0 1 1 1 1 1 1 1 1 0 0 1 0 6588.0 5927.0 0 0.18741029452612284
0 0 1 1 1 0 1 1 1 1 1 1 1 1 1 1 0 0 0 0 6647.0 5815.0 0 0.2122972846408077
0 0 1 1 1 1 1 1 1 1 0 0 1 1 1 1 0 0 0 0 6683.0 5702.0 0 0.4589133920416081
0 1 0 1 1 0 1 1 1 1 0 1 1 1 1 1 0 0 0 1 6880.0 5351.0 0 0.4251168922861621
0 1 1 1 1 0 1 0 1 1 0 0 1 1 1 1 0 0 1 0 6974.0 5333.0 0 0.26961192801626793
0 1 0 1 1 1 1 1 1 1 0 1 1 1 1 1 0 0 0 0 7093.0 5140.0 0 2000000000000000.0
0 0 1 1 0 0 0 0 1 1 1 1 1 1 1 0 0 1 0 1 5188.0 6499.0 1 2000000000000000.0
0 0 1 1 0 0 0 0 1 1 1 1 1 1 1 0 0 0 1 1 5268.0 6457.0 1 0.10572731794918708
0 0 1 1 0 0 0 1 1 1 1 1 0 1 1 1 0 0 1 1 5298.0 6434.0 1 0.09736087935940613
0 0 1 1 0 1 0 0 1 1 0 1 1 1 1 1 0 0 0 1 5341.0 6375.0 1 0.3237222699564527
0 0 1 1 0 1 1 0 1 1 1 1 0 1 1 1 0 0 0 1 5700.0 6286.0 1 0.3867317351344206
0 0 1 1 0 0 1 1 1 1 0 1 1 1 1 0 0 0 0 1 5867.0 6234.0 1 0.15924439535608256
0 0 1 1 0 0 1 0 1 1 1 0 1 1 1 1 0 0 1 1 5909.0 6222.0 1 0.07633613530398269
0 0 1 1 1 0 0 1 1 1 0 1 1 1 1 1 0 0 0 1 5977.0 6211.0 1 0.191101322396259
0 0 1 1 0 1 1 0 1 1 1 0 1 1 1 1 0 1 0 0 6042.0 6053.0 1 0.21936655586017192
0 0 1 1 0 1 1 0 1 1 1 0 1 1 1 1 0 0 1 0 6122.0 6011.0 1 0.2770202893129703
0 0 1 1 1 0 1 0 1 1 1 1 1 1 1 0 0 1 0 0 6360.0 5906.0 1 0.3095448145402851
0 0 1 1 1 0 1 1 1 1 1 1 0 1 1 1 0 0 1 0 6470.0 5841.0 1 0.2193358969307972
0 1 1 1 0 0 1 0 1 1 0 1 1 1 1 1 0 0 1 0 6519.0 5717.0 1 0.14643777731958732
0 0 1 1 1 0 1 1 1 1 0 0 1 1 1 1 0 1 0 0 6524.0 5674.0 1 0.10603199105984948
0 0 1 1 1 0 1 1 1 1 0 0 1 1 1 1 0 0 1 0 6604.0 5632.0 1 0.2583428695378069
0 1 1 1 1 0 1 0 1 1 0 1 0 1 1 1 0 1 0 0 6606.0 5369.0 1 0.2583428695378069
0 1 1 1 1 0 1 0 1 1 0 1 0 1 1 1 0 0 1 0 6686.0 5327.0 1 0.18976114394596139
0 1 1 1 1 0 1 0 1 1 0 0 1 1 1 0 0 0 1 0 6826.0 5270.0 1 0.19456961378178955
0 1 0 1 1 0 1 1 1 1 1 0 1 1 1 1 0 0 0 1 6833.0 5164.0 1 0.20022925214438747
0 1 0 1 1 1 1 1 1 1 0 1 1 1 1 0 0 0 0 0 6945.0 5077.0 1 0.16490403371868048
0 1 0 1 1 0 1 1 1 1 0 1 1 1 1 1 0 0 1 0 7014.0 5070.0 1 2000000000000000.0
0 0 1 1 0 0 0 1 1 1 1 1 1 1 1 0 0 0 0 1 5327.0 6345.0 2 2000000000000000.0
0 0 1 1 0 0 0 0 1 1 1 1 1 1 1 1 0 1 1 0 5470.0 6281.0 2 0.39966114457828755
0 0 1 1 0 1 1 0 1 1 1 0 1 1 1 0 0 0 0 1 5840.0 6229.0 2 0.43359374999997147
0 0 1 1 0 0 1 1 1 1 1 0 1 1 1 1 0 0 0 1 5968.0 6110.0 2 0.2772496234939562
0 0 1 1 1 0 1 0 1 0 1 1 1 1 1 1 0 1 0 1 6024.0 6016.0 2 0.14114269578312222
0 0 1 1 1 1 1 0 1 0 1 1 1 1 1 0 0 0 0 1 6035.0 5981.0 2 0.11959713855420846
0 0 1 1 1 0 0 1 1 1 0 1 1 1 1 1 0 0 1 0 6111.0 5930.0 2 0.13400790662649684
0 0 1 1 1 1 1 0 1 1 1 0 0 1 1 1 0 0 0 1 6155.0 5902.0 2 0.08445030120481324
0 0 1 1 1 0 1 1 1 0 1 1 1 1 1 1 0 0 0 1 6163.0 5862.0 2 0.14122740963854497
0 0 1 1 1 0 1 1 1 1 0 0 1 1 1 0 0 0 0 1 6322.0 5850.0 2 0.24673381024094754
0 1 1 1 0 0 1 0 1 1 0 1 1 1 1 1 0 1 0 0 6439.0 5759.0 2 0.26687688253010133
0 1 1 1 1 0 0 0 1 1 0 1 1 1 1 1 0 0 1 0 6481.0 5631.0 2 0.15674887048191605
0 0 1 1 1 0 1 1 1 1 0 1 1 1 1 1 0 0 0 0 6493.0 5600.0 2 0.3036991716867244
0 1 1 1 1 0 1 0 1 0 1 1 1 1 1 1 0 1 0 0 6587.0 5324.0 2 0.35325677710840797
0 1 1 1 1 0 1 0 1 0 1 1 1 1 1 1 0 0 1 0 6667.0 5282.0 2 0.14429593373492988
0 1 1 1 1 0 1 0 1 1 0 1 1 1 1 0 0 0 0 0 6715.0 5238.0 2 0.3623023343373245
0 1 0 1 1 1 1 0 1 1 1 0 1 1 1 1 0 0 1 0 6987.0 5065.0 2 2000000000000000.0
0 0 1 1 0 0 0 0 0 1 1 1 1 1 1 1 0 1 0 1 4757.0 6309.0 3 2000000000000000.0
0 0 1 1 0 0 0 0 1 1 0 1 1 1 1 1 0 0 1 1 5262.0 6305.0 3 0.4200370621870293
0 0 1 1 0 1 1 0 1 1 1 1 0 1 1 0 0 0 0 1 5552.0 6223.0 3 0.26796976639397363
0 0 1 1 1 0 0 0 1 1 1 1 0 1 1 1 0 0 1 1 5583.0 6130.0 3 0.09311303332423113
0 0 1 1 0 0 0 1 1 1 1 1 1 1 1 1 0 0 1 0 5609.0 6127.0 3 0.1332785439129736
0 1 1 1 0 0 0 0 1 1 1 1 1 1 1 1 0 0 0 1 5845.0 6109.0 3 0.21747888280351435
0 0 1 1 1 0 0 1 1 1 1 0 1 1 1 1 0 0 0 1 5930.0 6024.0 3 0.1802358272038886
0 0 1 1 1 0 0 1 1 1 0 1 1 1 1 1 0 1 0 0 6031.0 5972.0 3 0.21457419735613292
0 0 1 1 0 0 1 1 1 1 1 0 1 1 1 1 0 0 1 0 6102.0 5829.0 3 0.21032346912223565
0 0 1 1 1 1 1 0 1 0 1 1 1 1 1 1 0 1 0 0 6237.0 5805.0 3 0.16662181972799023
0 0 1 1 1 0 1 0 1 1 0 1 1 1 1 1 0 1 0 0 6354.0 5754.0 3 0.15435766279755186
0 0 1 1 1 0 1 0 1 1 0 1 1 1 1 1 0 0 1 0 6434.0 5712.0 3 0.17588736649044087
0 0 1 1 1 0 1 1 1 1 0 0 1 1 1 0 0 0 1 0 6456.0 5569.0 3 0.2955722109752101
0 1 1 1 1 0 1 0 1 1 0 1 0 1 1 0 0 1 0 0 6458.0 5306.0 3 0.2371205726869291
0 1 0 1 0 0 1 1 1 1 1 1 1 1 1 1 0 0 1 0 6512.0 5267.0 3 0.06565211045039071
0 1 1 1 1 0 1 0 1 1 0 1 0 1 1 0 0 0 1 0 6538.0 5264.0 3 0.08445482411326391
0 1 0 1 1 0 1 0 1 1 1 1 1 1 1 1 0 0 0 1 6663.0 5244.0 3 0.1808215874546925
0 1 0 1 1 0 1 1 1 1 1 0 1 1 1 0 0 0 0 1 6685.0 5101.0 3 0.14602311309677707
0 1 0 1 1 1 1 0 1 1 1 1 0 1 1 1 0 0 1 0 6699.0 5059.0 3 0.13411117386861238
0 1 0 1 1 1 1 0 1 1 1 1 1 1 1 1 0 0 0 0 6876.0 5033.0 3 0.17903701776318504
0 1 0 1 1 0 1 1 1 1 1 0 1 1 1 1 0 1 0 0 6887.0 4925.0 3 0.14636581140169028
0 1 0 1 1 0 1 1 1 1 1 0 1 1 1 1 0 0 1 0 6967.0 4883.0 3 2000000000000000.0
0 0 1 1 0 1 0 1 1 1 0 1 0 1 1 1 0 0 0 1 5223.0 6289.0 4 2000000000000000.0
0 1 0 1 1 0 1 1 1 1 1 1 1 1 1 1 0 0 0 0 6856.0 4851.0 4 2000000000000000.0
0 0 1 1 1 0 0 0 1 1 1 1 1 1 1 1 0 0 0 1 5760.0 6104.0 4 0.32214871134040546
0 0 1 1 0 1 0 0 1 1 0 1 1 1 1 1 0 1 0 0 5395.0 6136.0 4 0.3131292441107111
0 1 0 1 1 0 1 0 1 1 1 1 1 1 1 1 0 1 0 0 6717.0 5005.0 4 0.2839019969730519
0 1 1 1 1 0 0 0 1 1 1 0 1 1 1 1 0 0 1 0 6434.0 5444.0 4 0.21892946844760602
0 1 0 1 0 1 1 1 1 1 0 0 1 1 1 1 0 0 1 0 6548.0 5154.0 4 0.21172539256825176
0 0 0 1 1 1 1 0 1 1 1 1 1 1 1 1 0 0 0 1 6313.0 5725.0 4 0.2115797524458462
0 1 1 1 1 0 1 0 1 0 1 1 1 1 1 0 0 1 0 0 6439.0 5261.0 4 0.2085187547854563
0 1 0 1 1 1 1 0 1 1 1 0 1 1 1 0 0 0 1 0 6839.0 5002.0 4 0.19221259710404848
0 0 1 1 1 0 1 0 1 1 0 1 0 1 1 1 0 1 1 0 6177.0 5780.0 4 0.18537219568239732
0 1 1 1 1 0 0 0 1 1 0 1 1 1 1 1 0 1 0 0 6401.0 5673.0 4 0.1808995108706177
0 1 1 1 1 0 1 0 1 1 0 1 0 1 1 0 0 0 0 1 6404.0 5545.0 4 0.17945716264082637
0 0 1 1 0 0 0 0 1 1 1 1 1 1 1 0 0 1 1 0 5322.0 6218.0 4 0.14436428086568914
0 1 1 1 1 0 1 0 1 0 1 1 1 1 1 0 0 0 1 0 6519.0 5219.0 4 0.13653846645208695
0 1 1 1 0 0 1 1 1 0 1 1 1 1 1 0 0 0 0 1 6100.0 5804.0 4 0.12470584527908028
0 0 1 1 0 0 1 1 1 1 1 0 1 1 1 0 0 0 0 1 5820.0 6047.0 4 0.11416098939892458
0 0 1 1 0 0 1 1 1 1 0 1 1 1 1 0 0 0 1 0 6001.0 5953.0 4 0.10589910631472726
0 0 1 1 0 0 1 1 1 1 1 0 1 1 1 1 0 1 0 0 6022.0 5871.0 4 0.10337723261622613
0 0 1 1 0 0 0 1 1 1 1 1 0 1 1 1 0 1 1 0 5352.0 6195.0 4 0.10172664456229363
0 0 1 1 1 1 1 0 1 0 0 1 1 1 1 1 0 0 0 1 6029.0 5829.0 4 0.09435733953822095
0 0 1 1 0 0 1 1 1 1 0 1 1 1 1 0 0 1 0 0 5921.0 5995.0 4 0.07819682197921868
0 0 0 1 0 0 1 1 1 1 1 1 1 1 1 1 0 0 1 1 5949.0 5959.0 4 0.07819682197921868
0 1 0 1 1 0 1 1 1 1 1 1 0 1 1 1 0 0 0 1 6545.0 5158.0 4 0.06296039525536423
0 0 1 1 0 1 1 0 1 1 1 1 0 1 1 1 0 0 1 0 5834.0 6005.0 4 0.061994997134036806
