1 0 1 0 1 0 1 1 1 0 1 1 1 1 0 1 0 1 0 0 1 0 1 0 1 1 0 0 1 1 0 1 1 1 0 1 1 0 0 0 0 1 1 1 1 1 1 1 1 1 0 1 0 1 0 0 0 0 1 1 1 0 1 0 0 0 0 0 0 1 1 1 1 1 1 0 1 1 1 1 1 0 0 1 0 1 1 0 1 1 0 0 1 1 0 1 1 1 0 0 33797.0 33314.0 0 2000000000000000.0
1 0 1 0 1 0 1 1 1 0 1 1 1 1 1 1 0 1 0 0 0 0 0 1 1 1 1 0 0 1 0 1 1 1 0 1 1 0 0 0 0 1 1 1 1 1 1 1 1 1 0 1 0 1 0 0 0 0 1 1 1 0 1 0 0 0 0 0 0 1 1 1 1 1 1 0 1 1 1 1 1 0 0 1 0 1 1 0 1 1 0 0 1 1 0 1 1 1 0 0 34299.0 32042.0 0 0.45708005583165795
1 0 1 0 1 0 1 1 1 0 1 1 1 1 0 1 1 1 0 0 1 0 1 0 1 1 0 0 0 1 0 1 1 0 0 1 1 0 0 0 0 1 1 1 1 1 1 1 1 1 0 1 0 1 0 0 0 0 1 0 1 0 1 0 0 0 0 1 0 1 0 1 1 1 1 1 1 1 1 1 1 0 0 1 0 1 1 0 1 1 0 0 1 1 0 1 1 0 1 1 34327.0 32030.0 0 0.020113098266347815
1 0 1 0 1 0 1 1 1 0 1 1 1 1 0 1 1 1 0 0 1 0 1 0 1 1 0 0 0 1 0 1 1 1 0 1 1 0 1 0 0 1 1 1 1 1 1 1 0 1 0 1 0 1 0 0 0 0 1 1 1 0 1 0 0 0 0 0 0 1 1 1 1 1 1 1 1 1 1 1 1 0 0 0 1 1 1 0 1 0 0 0 1 1 0 1 1 0 1 1 34328.0 31994.0 0 0.0732762406675428
1 0 1 0 1 0 1 1 1 0 1 1 1 1 0 1 1 1 0 0 1 0 1 0 1 1 0 0 0 1 0 1 1 1 0 1 1 0 1 0 0 1 1 1 1 1 1 1 0 1 0 1 0 1 0 0 0 0 1 1 1 0 1 0 0 0 0 0 0 1 0 1 1 1 1 1 1 1 1 1 1 0 0 0 1 1 1 0 1 1 0 0 1 1 0 1 1 0 1 1 34482.0 31929.0 0 0.17321014710166127
1 0 1 0 1 0 1 1 1 0 1 1 1 1 0 1 1 1 0 0 1 0 1 0 1 1 0 0 0 1 0 1 1 1 0 1 1 0 1 0 0 1 1 1 1 1 1 1 0 1 0 1 0 1 0 0 0 0 1 1 1 0 1 0 0 0 0 0 0 1 1 1 1 1 1 1 1 1 1 1 1 1 0 0 0 1 1 0 1 1 0 0 1 1 0 1 1 0 1 0 34753.0 31843.0 0 0.1588097940228755
0 0 1 0 1 0 1 1 1 0 1 1 1 1 0 1 1 1 1 0 1 0 1 0 1 1 0 0 0 1 0 1 1 1 0 1 1 0 0 0 0 1 1 1 1 1 1 1 1 1 0 1 0 1 0 0 0 0 1 1 1 0 1 1 0 1 0 1 0 1 0 1 1 1 1 1 1 0 1 1 1 0 0 1 1 0 0 0 1 0 0 0 1 1 0 1 1 0 1 0 34890.0 31818.0 0 0.3212036421033303
1 0 1 0 1 0 1 1 1 0 1 1 1 1 0 1 1 1 0 0 1 0 1 0 1 1 0 0 0 1 0 1 1 1 0 1 1 0 0 0 0 1 1 1 1 1 1 1 1 1 0 1 0 1 0 0 0 0 1 1 1 0 1 0 0 0 0 0 0 1 0 1 1 1 1 1 1 1 1 1 1 1 0 0 0 1 1 0 1 1 0 0 1 1 0 1 1 0 1 1 35640.0 31711.0 0 0.6685364188592592
1 0 1 0 1 0 1 1 1 0 1 1 1 1 1 1 0 1 0 0 0 0 0 1 1 1 1 0 0 1 0 1 1 1 0 1 1 0 0 0 0 1 1 1 1 1 1 1 1 1 0 1 0 1 0 0 0 0 1 1 1 0 1 0 0 0 0 0 0 1 1 1 1 1 1 0 1 0 1 1 1 1 0 0 0 1 1 0 1 1 0 0 1 1 0 1 1 0 1 1 35734.0 30043.0 0 0.47136626706147744
0 0 1 0 1 0 1 1 1 0 1 1 1 1 0 1 0 1 0 0 0 0 0 1 0 1 1 0 0 1 0 1 1 1 0 1 1 0 0 0 0 1 1 1 1 1 1 1 1 1 0 1 0 1 0 1 0 1 1 1 1 0 1 0 0 0 0 0 0 1 1 1 1 1 1 1 1 0 1 1 1 1 0 0 0 1 1 0 1 1 0 0 1 1 0 1 1 0 1 1 35856.0 29892.0 0 0.1434397787604808
1 0 1 0 1 0 1 1 1 0 1 1 1 1 0 1 0 1 0 0 0 0 0 1 0 1 1 0 0 1 0 1 1 1 0 1 1 0 0 0 0 1 1 1 1 1 1 1 1 1 0 1 0 1 0 0 0 0 1 1 1 0 1 1 0 1 0 1 0 1 0 1 1 1 1 1 1 0 1 1 1 0 0 1 1 1 0 0 1 0 1 0 1 1 0 1 0 0 1 1 35925.0 29677.0 0 0.23253390556446224
1 0 1 0 1 0 1 1 1 0 1 1 1 1 0 0 1 1 0 0 1 0 1 0 1 1 0 0 1 1 0 1 1 1 0 1 1 0 0 0 0 1 1 1 1 1 1 1 1 1 0 1 0 1 0 0 0 0 1 1 1 0 1 1 0 1 1 1 0 1 0 1 0 0 1 1 1 0 1 1 1 1 0 0 0 1 1 0 1 0 0 0 1 1 0 1 1 0 1 1 36407.0 29660.0 0 0.4988577118581279
1 0 1 0 1 0 1 1 1 0 1 1 1 1 1 1 0 1 0 0 0 0 0 1 1 1 1 0 0 1 0 1 1 1 0 1 1 0 0 0 0 1 1 1 1 1 1 1 1 1 0 1 0 0 0 0 0 0 1 1 1 0 1 1 0 1 1 1 0 1 0 1 0 0 1 1 1 0 1 1 1 1 0 0 0 1 1 0 1 0 0 0 1 1 0 1 1 0 1 1 36833.0 28769.0 0 2000000000000000.0
1 0 1 0 1 0 1 1 1 0 1 1 1 1 0 1 1 1 0 0 1 0 1 0 1 1 0 0 0 1 0 1 1 1 0 1 1 0 0 0 0 1 1 1 1 1 1 1 0 1 0 1 0 1 0 0 0 0 1 1 1 0 1 0 0 0 0 0 0 1 0 1 1 1 1 1 1 1 1 1 1 0 0 1 1 1 1 0 1 1 1 0 0 1 1 1 1 1 0 0 32573.0 32906.0 1 2000000000000000.0
1 0 1 0 1 0 1 1 1 0 1 1 1 1 0 1 1 1 0 0 1 0 1 0 1 1 0 0 0 1 0 1 1 1 0 1 1 0 1 0 0 1 1 1 1 1 1 1 0 1 0 1 0 1 0 0 0 0 1 1 1 0 1 0 0 0 0 0 0 1 0 1 1 1 1 1 1 1 1 1 1 0 0 0 1 1 1 0 1 1 1 0 0 1 1 1 1 1 0 0 32947.0 32598.0 1 0.2445546457238335
1 0 1 0 1 0 1 1 1 0 1 1 1 1 0 1 1 1 0 0 1 0 1 0 1 1 0 0 1 1 0 1 1 1 0 1 1 0 0 0 0 1 1 1 1 1 1 1 0 1 0 1 0 1 0 0 0 0 1 1 1 0 1 0 0 0 0 0 0 1 0 1 1 1 1 1 1 1 1 1 1 0 0 0 1 1 1 0 1 1 1 0 0 1 1 1 1 1 0 0 33194.0 32593.0 1 0.18471842852844145
1 0 1 0 1 0 1 1 1 0 1 1 1 1 0 1 1 1 0 0 1 0 1 0 1 1 0 0 0 1 0 1 1 1 0 1 1 0 1 0 0 1 1 1 1 1 1 1 0 1 0 1 0 1 0 0 0 0 1 1 1 0 1 0 0 0 0 0 0 1 1 1 1 1 1 1 1 1 1 1 1 0 0 0 1 1 1 0 1 0 1 0 0 1 1 1 1 0 1 0 33237.0 32158.0 1 0.286035245420468
0 0 1 0 1 0 1 1 1 0 1 1 1 1 0 1 1 1 0 0 1 0 1 0 1 1 0 0 0 1 0 1 1 1 0 1 1 0 0 0 0 1 1 1 1 1 1 1 0 1 0 1 0 1 0 0 0 0 1 1 1 0 1 0 0 0 0 0 0 1 0 1 1 1 1 1 1 1 1 1 1 0 0 1 1 1 1 0 1 1 0 0 1 1 0 1 1 0 1 1 33792.0 32081.0 1 0.32283946070125236
1 0 1 0 1 0 1 1 1 0 1 1 1 1 0 1 1 1 0 0 1 0 1 0 1 1 0 0 0 1 0 1 1 1 0 1 1 0 1 0 0 1 1 0 1 1 1 1 1 1 0 1 0 1 0 0 0 0 1 1 1 0 1 0 0 0 0 0 0 1 1 1 1 1 1 1 1 1 1 1 1 0 0 0 1 1 1 0 1 0 0 0 0 1 0 1 1 1 1 0 34283.0 32002.0 1 0.28336900305819257
1 0 1 0 1 0 1 1 1 0 1 1 1 1 0 1 0 1 0 0 0 0 1 0 1 1 1 0 0 1 0 1 1 1 0 1 1 0 1 0 0 1 1 1 1 1 1 1 0 1 0 1 0 1 0 0 0 0 1 1 1 0 1 0 0 0 0 0 0 1 1 1 1 1 1 1 1 1 1 1 1 0 0 0 1 1 1 0 1 0 0 0 1 1 0 1 1 0 1 1 34433.0 31629.0 1 0.17487600719090723
0 0 1 0 1 0 1 1 1 0 1 1 1 1 0 1 0 1 0 0 0 0 1 1 1 0 1 0 1 1 1 1 1 1 0 1 1 0 0 0 0 1 1 1 1 1 1 1 0 1 0 1 0 1 0 0 0 0 1 1 1 0 1 0 0 0 0 0 0 1 1 1 1 1 1 1 1 1 1 1 1 0 0 0 1 1 1 0 1 0 0 0 1 1 0 1 1 0 1 1 34551.0 31578.0 1 0.08755265745179439
1 0 1 0 1 0 1 1 1 0 1 1 1 1 1 1 0 1 0 0 1 0 1 0 1 1 0 0 0 1 1 1 1 1 0 1 1 0 0 0 0 1 1 1 1 1 1 1 0 1 0 1 0 1 0 0 0 0 1 1 1 0 1 0 0 0 0 0 0 1 0 1 1 1 1 1 1 1 1 1 1 0 0 0 1 1 1 0 1 0 0 0 1 1 0 1 1 0 1 1 34680.0 31545.0 1 0.15799425814010842
1 0 1 0 1 0 0 1 1 0 1 1 1 1 1 1 0 1 0 0 1 0 1 0 1 1 0 0 0 1 1 1 1 1 0 1 1 0 0 0 0 1 1 1 1 1 1 1 0 1 0 1 0 1 0 0 0 0 1 1 1 0 1 1 0 1 0 1 0 1 0 1 1 1 1 1 1 0 1 1 1 0 0 1 1 1 0 0 1 0 0 0 1 1 1 1 1 0 1 0 35072.0 31512.0 1 0.20580949976934443
1 0 1 0 1 0 1 1 1 0 1 1 1 1 0 1 0 1 0 0 1 0 1 0 1 1 0 0 1 1 0 1 1 1 0 1 1 0 0 0 0 1 1 1 1 1 1 1 1 1 0 1 0 1 0 0 0 0 1 1 1 0 1 0 0 0 0 0 0 1 1 1 1 1 1 0 1 0 1 1 1 1 0 0 0 1 1 0 1 1 0 0 1 1 0 1 1 0 1 1 35232.0 31315.0 1 0.20072819276776577
1 0 1 0 1 0 1 1 1 0 1 1 1 1 0 1 0 1 0 0 1 0 1 0 1 1 0 0 1 1 0 1 1 1 0 1 1 0 0 0 0 1 1 1 1 1 1 1 0 1 0 1 0 1 1 1 0 0 1 1 1 0 1 1 0 1 0 0 0 1 0 1 1 1 1 1 1 0 1 1 1 0 0 0 0 1 1 0 0 0 0 0 1 1 1 1 1 0 1 1 35338.0 30978.0 1 0.20020174102305943
1 0 1 0 1 0 1 1 1 0 1 1 1 1 0 1 0 1 0 0 0 0 0 1 0 1 1 0 0 1 0 1 1 1 0 1 1 0 0 0 0 1 1 1 1 1 1 1 1 1 0 1 0 1 0 0 0 0 1 1 1 0 1 1 0 1 0 1 0 1 0 1 1 1 1 1 1 0 1 1 1 0 0 1 1 1 0 0 1 0 0 0 1 1 1 1 1 0 1 0 35628.0 30931.0 1 0.41108580344949264
1 0 1 0 1 0 1 1 1 0 1 1 1 1 0 1 1 1 0 0 0 0 0 1 0 1 1 0 0 1 0 1 1 1 0 1 1 0 0 0 0 1 1 1 1 1 1 1 1 1 0 1 0 1 0 0 0 0 1 1 1 0 1 1 0 0 0 0 0 1 1 1 1 1 1 0 1 0 1 1 1 1 0 0 0 1 1 0 1 1 0 0 1 1 0 1 1 0 1 1 35703.0 29680.0 1 0.41665532241730674
1 0 1 0 1 0 1 1 1 0 1 1 1 1 1 1 0 1 0 0 0 0 0 1 0 1 1 0 0 1 0 1 1 1 0 1 1 0 0 0 0 1 1 1 1 1 1 1 1 1 0 1 0 1 0 0 0 0 1 0 1 0 1 1 0 1 0 1 0 1 0 1 0 1 1 0 1 0 1 1 1 1 0 0 0 1 1 0 1 1 0 0 1 1 0 1 1 0 1 1 35812.0 29404.0 1 0.16803547394243512
1 0 1 0 1 0 1 1 1 0 1 1 1 1 1 1 0 1 0 0 1 0 0 1 0 1 1 0 0 1 0 1 1 1 0 1 1 0 0 0 0 1 1 1 1 1 1 1 1 1 0 1 0 1 0 0 0 0 1 1 1 0 1 0 0 0 0 0 0 1 1 1 1 1 1 0 1 0 1 1 1 1 1 0 0 1 1 0 1 0 1 0 1 1 0 1 0 0 1 1 35814.0 29106.0 1 0.2758218851359487
1 0 1 0 1 0 1 1 1 0 1 1 1 1 1 1 0 1 1 0 0 0 0 1 1 1 1 0 0 1 0 1 1 1 0 1 1 0 0 0 0 1 1 1 1 1 1 1 1 1 0 1 0 0 0 0 0 0 1 1 1 0 1 0 0 1 1 1 0 1 0 1 0 0 1 1 1 0 1 1 1 1 0 0 0 1 1 0 1 0 0 0 1 1 0 1 1 0 1 1 36238.0 28739.0 1 2000000000000000.0
1 0 1 0 1 0 1 1 1 0 1 1 1 1 0 1 1 1 0 0 1 0 1 0 1 1 0 0 0 1 0 1 1 1 0 1 1 0 1 0 0 1 1 1 1 1 1 1 0 1 0 1 0 1 0 0 0 0 1 1 1 0 1 0 0 0 0 0 0 1 1 1 1 1 1 1 1 1 1 1 1 0 0 1 1 1 0 0 1 0 1 0 0 1 0 1 1 1 0 0 32172.0 32866.0 2 2000000000000000.0
0 0 1 0 1 0 1 1 1 0 1 1 1 1 0 1 1 1 0 0 1 0 1 0 1 1 0 0 0 1 0 1 1 1 0 1 1 0 0 0 0 1 1 1 1 1 1 1 0 1 0 1 0 1 0 0 0 0 1 1 1 0 1 0 0 0 0 0 0 1 0 1 1 1 1 1 1 1 1 1 1 0 0 1 1 1 1 0 1 1 1 0 0 1 1 1 1 1 0 0 32257.0 32750.0 2 0.0928054303585335
1 0 1 0 1 0 1 1 1 0 1 1 1 1 0 1 1 1 0 0 1 0 1 1 1 0 1 0 1 1 1 1 0 1 0 1 1 0 0 0 0 1 1 1 1 1 1 1 0 1 0 1 0 0 0 1 0 1 1 0 0 0 0 0 1 0 0 0 0 1 0 1 1 1 1 1 1 1 1 1 1 0 0 1 0 1 1 0 1 1 0 0 1 1 0 1 1 1 0 0 32416.0 32683.0 2 0.23825636902667646
0 1 1 0 1 0 1 1 1 0 1 1 1 1 0 1 0 1 0 0 0 0 1 0 1 0 1 0 1 1 1 1 1 1 0 1 1 0 0 0 0 1 1 1 1 1 1 1 0 1 0 1 0 1 0 0 0 0 1 1 1 0 1 0 0 0 0 0 0 1 0 1 1 1 1 1 1 1 1 1 1 0 0 1 1 1 1 0 1 0 1 0 0 1 1 1 1 0 1 0 32993.0 32435.0 2 0.19891226790001348
1 0 1 0 1 0 1 1 1 0 1 1 1 1 0 1 1 1 0 0 1 0 1 0 1 1 0 0 0 1 0 1 1 1 0 1 1 0 0 0 0 1 1 1 1 1 1 1 0 1 0 1 0 1 0 0 0 0 1 1 1 0 1 0 0 0 0 0 0 1 0 1 1 1 1 1 1 1 1 1 1 0 0 1 1 1 1 0 1 1 1 0 0 1 1 1 1 0 1 0 33017.0 32401.0 2 0.10485708605422711
0 0 1 0 1 0 1 1 1 0 1 1 1 1 0 1 1 1 0 0 0 1 1 0 1 1 0 0 0 1 0 1 1 1 0 1 1 0 0 0 0 1 1 1 1 1 1 1 1 1 0 1 0 1 0 0 0 0 1 0 1 0 1 0 0 0 0 0 0 1 1 1 1 1 1 1 1 1 1 1 1 0 0 0 1 1 1 0 1 1 0 0 1 1 0 1 1 0 1 0 33168.0 32086.0 2 0.161868946939521
1 0 1 0 1 0 1 1 1 0 1 1 1 1 0 1 1 1 0 0 1 0 1 0 1 1 0 0 0 1 0 1 1 1 0 1 1 0 1 0 0 1 1 0 1 1 1 1 1 1 0 1 0 1 0 0 0 0 1 1 1 0 1 0 0 0 0 0 0 1 1 1 1 1 1 1 1 1 1 1 1 0 0 0 1 1 1 0 1 0 0 0 0 1 0 1 1 1 0 0 33379.0 31992.0 2 0.26778182437849307
1 0 1 0 1 0 1 1 1 0 1 1 1 1 1 1 0 1 0 0 0 0 1 0 1 1 0 0 0 1 0 1 1 1 0 1 1 0 1 0 0 1 1 1 1 1 1 1 0 1 0 1 0 1 0 0 0 0 1 1 1 0 1 0 0 0 0 0 0 1 1 1 1 1 1 1 1 1 1 1 1 0 0 0 1 1 1 0 1 0 0 0 1 1 0 1 1 0 1 1 34163.0 31969.0 2 0.302917091778208
1 0 1 0 1 0 1 1 1 0 1 1 1 1 0 1 1 1 0 0 1 0 1 0 1 1 0 0 0 1 0 1 1 1 0 1 1 0 0 0 0 1 1 1 1 1 1 1 0 1 0 1 0 1 0 0 0 0 1 1 1 0 1 0 0 0 0 0 0 1 1 1 1 1 1 1 1 1 1 1 1 0 0 0 1 1 1 0 1 1 0 0 1 1 0 1 1 0 1 1 34325.0 31606.0 2 0.14330798321255123
1 0 1 0 1 0 1 1 1 0 1 1 1 1 1 1 0 1 0 0 1 0 1 0 1 1 0 0 0 1 0 1 1 1 0 1 1 0 0 0 1 1 1 1 1 1 1 1 0 1 0 1 0 1 0 0 0 0 1 1 1 1 1 0 0 0 0 0 0 1 0 1 1 1 1 1 1 1 1 1 1 0 0 0 1 1 1 0 1 0 0 0 1 1 0 1 1 0 1 0 34451.0 31561.0 2 0.13503603707919107
1 0 1 0 1 0 1 1 1 0 1 1 1 1 1 1 0 1 0 0 0 0 1 0 1 1 0 0 0 1 0 1 1 1 0 1 1 0 0 0 0 1 1 1 1 1 1 1 0 1 1 1 0 1 0 0 0 0 1 1 1 0 1 0 0 0 0 0 0 1 0 1 1 1 1 1 1 1 1 1 1 1 0 0 0 1 1 0 1 1 0 0 1 1 0 1 1 0 1 1 34705.0 31375.0 2 0.17750154569466287
1 0 1 0 1 0 1 1 1 0 1 1 1 1 0 1 1 1 0 0 0 1 1 0 1 1 0 0 0 1 1 1 1 1 0 1 1 0 0 0 0 1 1 1 1 1 1 1 0 1 0 1 0 1 0 0 0 0 1 1 1 0 1 0 0 0 0 0 0 1 0 1 1 1 1 1 1 1 1 1 1 1 0 0 0 1 1 0 1 1 0 0 1 1 0 1 1 0 1 1 34883.0 31162.0 2 0.09064770614541783
0 0 1 0 1 0 1 1 1 0 1 1 1 1 0 1 1 1 0 0 1 0 1 0 1 1 0 0 0 1 0 1 1 1 0 1 1 0 0 0 0 1 1 1 1 1 1 1 0 1 0 1 0 1 1 1 0 0 1 0 1 0 1 1 0 1 0 0 0 1 0 1 1 1 1 1 1 0 1 1 1 1 1 0 0 1 1 0 1 1 0 0 1 1 1 1 1 0 1 0 34912.0 31152.0 2 0.06435656499673234
1 0 1 0 1 0 1 1 1 0 1 1 1 1 0 1 1 1 0 0 0 1 1 0 1 1 0 0 0 1 1 1 1 1 0 1 1 0 0 0 0 1 1 1 1 1 1 1 0 1 0 1 0 1 0 1 0 1 1 1 1 0 1 0 0 0 1 0 0 1 1 1 1 1 1 1 1 0 1 1 1 1 0 0 0 1 1 0 1 1 0 0 1 1 0 1 1 0 1 0 35067.0 31056.0 2 0.14389702942609084
1 0 1 0 1 0 1 1 1 0 1 1 1 1 0 1 1 1 0 0 1 0 1 0 1 1 0 0 0 1 0 1 1 1 0 1 1 0 0 0 0 1 1 1 1 1 1 1 0 1 0 1 0 1 1 1 0 0 1 1 1 0 1 1 0 1 0 0 0 1 0 1 1 1 1 1 1 0 1 1 1 0 0 0 0 1 1 0 0 1 0 0 1 1 1 1 1 0 1 1 35196.0 30735.0 2 0.21113437603091356
1 0 1 0 1 0 1 1 1 0 1 1 1 1 0 1 1 1 0 0 1 0 1 0 1 1 0 0 0 1 0 1 1 1 0 1 1 0 0 0 0 1 1 1 1 1 1 1 1 1 0 1 0 1 0 0 0 0 1 0 1 1 1 1 0 1 0 1 0 1 0 1 0 1 1 0 1 0 1 1 1 1 0 0 0 1 1 0 1 1 0 0 1 1 0 1 1 0 1 1 35565.0 30559.0 2 0.2881298514603752
1 0 1 0 1 0 1 1 1 0 1 1 1 1 1 1 0 1 0 0 0 0 0 1 0 1 1 0 0 1 1 1 1 1 0 1 1 0 0 0 0 1 1 1 1 1 1 1 1 1 0 1 0 1 0 0 0 0 1 1 1 0 1 0 0 0 0 0 0 1 0 1 1 1 1 0 1 0 1 1 1 1 0 0 0 1 1 0 1 1 0 0 1 1 0 1 1 0 1 1 35599.0 29666.0 2 0.20276700100278602
1 0 1 0 1 0 1 1 1 0 1 1 1 1 0 1 0 1 0 0 0 0 0 1 0 1 1 0 0 1 0 1 1 1 0 1 1 0 0 0 0 1 1 1 1 1 1 1 1 1 0 1 0 1 0 0 0 0 1 1 1 0 1 0 0 0 0 0 0 1 1 1 1 1 1 1 1 0 1 1 1 1 0 0 0 1 1 0 1 1 0 0 1 1 0 1 1 0 1 1 35686.0 29577.0 2 0.2632833394869774
1 0 1 0 1 0 1 1 1 0 1 1 1 1 0 1 1 1 0 0 1 0 1 0 1 1 0 0 1 1 1 1 1 1 1 1 1 0 0 0 1 1 1 0 1 1 1 1 0 1 0 0 0 0 0 0 0 0 1 1 1 0 1 1 0 1 1 1 0 1 0 1 0 0 1 0 1 0 1 1 1 1 0 0 0 1 1 0 1 1 0 0 1 1 0 1 1 0 1 1 35696.0 28306.0 2 0.3323360198198412
1 0 0 0 1 0 1 1 1 0 1 1 1 1 0 1 1 1 0 0 1 0 0 0 1 1 0 0 1 1 1 1 1 1 1 1 1 0 0 0 1 1 1 1 1 1 1 1 0 1 0 0 0 0 0 0 0 0 1 1 1 0 1 1 0 1 1 1 0 1 0 1 0 0 1 1 1 0 1 1 1 1 0 0 0 1 1 0 1 0 0 0 1 1 0 1 1 0 1 1 35833.0 27895.0 2 0.32250229942562847
1 0 0 0 1 0 1 1 1 0 1 1 1 1 0 1 1 1 0 0 1 0 0 0 1 1 0 0 1 1 1 1 1 1 1 1 1 0 0 0 1 1 1 0 1 1 1 1 0 1 0 0 0 0 0 0 0 0 1 1 1 0 1 1 0 1 1 1 0 1 0 1 0 0 1 1 1 0 1 1 1 1 0 0 0 1 1 0 1 1 0 0 1 1 0 1 1 0 1 1 36197.0 27180.0 2 2000000000000000.0
1 0 1 0 1 0 1 1 1 0 1 1 1 1 0 1 0 1 0 0 1 0 1 0 1 1 0 0 1 1 0 1 1 1 0 1 1 0 0 0 0 1 1 1 1 1 1 1 1 1 0 1 0 1 0 0 0 0 1 0 1 0 1 1 0 1 0 0 0 1 1 0 1 0 1 0 1 1 1 1 1 0 0 1 1 1 0 0 1 1 1 0 0 1 0 1 1 1 0 0 31515.0 32750.0 3 2000000000000000.0
1 0 1 0 1 0 1 1 1 0 1 1 1 1 1 1 0 1 0 0 0 0 1 1 1 0 1 0 1 1 1 1 0 1 1 1 1 0 0 0 0 1 1 1 1 1 1 1 0 1 0 1 0 0 0 0 0 1 1 0 0 0 0 0 1 0 0 0 0 1 0 1 1 1 1 1 1 1 1 1 1 0 0 1 0 1 1 0 1 1 0 0 1 1 0 1 1 1 0 0 32247.0 32669.0 3 0.2615431278124435
1 0 1 0 1 0 1 1 1 0 1 1 1 1 0 1 1 1 0 0 1 0 1 0 1 1 0 0 0 1 0 1 1 0 0 1 1 0 0 0 0 1 1 1 1 1 1 1 1 1 0 1 0 1 0 0 0 0 1 0 1 0 1 0 0 0 0 0 0 1 0 1 1 1 1 1 1 1 1 1 1 0 0 1 0 1 1 0 1 1 0 0 1 1 0 1 1 1 0 0 32346.0 32303.0 3 0.17160015698919512
0 0 1 0 1 0 1 1 1 0 1 1 1 1 0 1 1 1 0 0 1 0 1 0 1 1 0 0 0 1 0 1 1 1 0 1 1 0 0 0 0 1 1 1 1 1 1 1 0 1 0 1 0 1 0 0 0 0 1 1 1 0 1 0 0 0 0 0 0 1 0 1 1 1 1 1 1 1 1 1 1 0 0 1 1 1 1 0 1 1 1 0 0 1 1 1 1 0 1 0 32701.0 32245.0 3 0.15148551394594376
0 0 1 0 1 0 1 1 1 0 1 1 1 1 1 1 0 1 0 0 0 0 1 0 1 1 0 0 0 1 0 1 1 1 0 1 1 0 1 0 0 1 1 1 1 1 1 1 0 1 0 1 0 1 0 0 0 0 1 0 1 0 1 0 0 0 0 0 0 1 1 1 1 1 1 1 1 1 1 1 1 0 0 0 1 1 1 0 1 1 0 0 1 1 0 1 1 0 1 0 32777.0 31972.0 3 0.2465980192172852
0 0 1 0 1 0 1 1 1 0 1 1 1 1 0 1 0 1 0 0 1 0 1 0 1 1 0 0 0 1 0 1 1 1 0 1 1 0 0 0 0 1 1 1 1 1 1 1 0 1 0 1 0 1 0 0 0 0 1 1 1 0 1 0 0 0 0 0 0 1 0 1 1 1 1 1 1 1 1 1 1 0 0 1 0 1 1 0 1 1 0 0 1 1 0 1 1 1 1 0 33496.0 31840.0 3 0.27371783018708723
1 0 1 0 1 0 1 1 1 0 1 1 1 1 1 1 0 1 0 0 0 0 1 0 1 1 0 0 0 1 0 1 1 1 0 1 1 0 0 0 0 1 1 1 1 1 1 1 0 1 1 1 0 1 0 0 0 0 1 1 1 0 1 0 0 0 0 0 0 1 1 1 1 1 1 1 1 1 1 1 1 0 0 0 1 0 1 0 1 1 0 0 1 1 0 1 1 0 1 1 33858.0 31807.0 3 0.10316938389047944
1 0 1 0 1 0 1 1 1 0 1 1 1 1 0 1 1 1 0 0 1 0 1 0 1 1 0 0 0 1 0 1 1 1 0 1 1 0 1 0 0 1 1 1 1 1 1 1 0 1 0 1 0 1 0 0 0 0 1 1 1 1 1 0 0 0 0 0 0 1 0 1 1 1 1 1 1 1 1 1 1 0 0 0 1 1 1 0 1 0 0 0 1 1 0 1 1 0 1 0 33898.0 31770.0 3 0.0747469572379826
1 0 1 0 1 0 1 1 1 0 1 1 1 1 0 1 1 1 0 0 0 1 1 0 1 1 0 0 0 1 1 1 1 1 0 1 1 0 0 0 0 1 1 1 1 1 1 1 0 1 0 1 0 1 0 0 0 0 1 1 1 0 1 0 0 0 0 0 0 1 1 1 1 1 1 1 1 1 1 1 1 0 0 0 1 0 1 0 1 1 0 0 1 1 0 1 1 0 1 1 34036.0 31594.0 3 0.1544927926025019
1 0 1 0 1 0 1 1 1 0 1 1 1 1 0 1 1 1 0 0 1 0 1 0 1 1 0 0 0 1 1 1 1 1 0 1 1 0 0 0 0 1 1 1 1 1 1 1 0 1 0 1 0 1 0 0 0 0 1 1 1 0 1 0 0 0 0 0 0 1 1 1 1 1 1 1 1 1 1 1 1 0 0 0 1 1 1 0 1 0 0 0 1 1 0 1 1 0 1 1 34421.0 31552.0 3 0.27133887375597554
1 0 1 0 1 0 1 1 1 0 1 1 1 1 0 1 0 1 0 0 1 0 1 0 0 1 0 0 1 1 0 1 1 1 0 1 1 0 0 0 0 1 1 1 1 1 1 1 1 1 0 1 0 1 0 0 0 0 1 1 1 0 1 0 0 0 0 0 0 1 1 1 1 1 1 0 1 0 1 1 1 1 0 0 0 1 1 0 1 1 0 0 1 1 0 1 1 0 1 1 34847.0 31057.0 3 0.26041599214176486
0 0 1 0 1 0 1 1 1 0 1 1 1 1 0 1 1 1 0 0 1 0 1 0 1 1 0 0 0 1 0 1 1 1 0 1 1 0 0 0 0 1 1 1 1 1 1 1 0 1 0 1 0 1 1 1 0 0 1 1 1 0 1 1 0 1 0 0 0 1 0 1 1 1 1 1 1 0 1 1 1 0 0 0 0 1 1 0 0 1 0 0 1 1 1 1 1 0 1 1 34880.0 30579.0 3 0.14282713574376293
1 0 1 1 1 0 1 1 1 0 1 1 1 1 0 1 0 1 1 0 1 1 1 0 0 1 0 0 0 1 0 1 1 1 0 1 1 0 0 0 0 1 1 1 1 1 1 1 1 1 0 1 0 1 0 0 0 0 1 0 1 0 1 1 0 1 0 1 0 1 0 1 0 0 1 0 1 0 1 1 1 1 0 0 0 1 1 0 1 1 0 0 1 1 0 1 1 0 1 1 35065.0 30475.0 3 0.11989436117893659
1 0 1 0 1 0 1 1 1 0 1 1 1 1 0 1 1 1 0 0 0 1 1 0 1 1 0 0 0 1 1 1 1 1 0 1 1 0 0 0 0 1 1 1 1 1 0 1 1 1 0 1 0 1 0 0 0 0 1 1 1 0 1 1 0 0 0 0 0 1 1 1 1 1 1 0 1 0 1 1 1 1 0 0 0 1 1 0 1 1 0 0 1 1 0 1 1 0 1 1 35286.0 30410.0 3 0.1483840271529891
1 0 1 0 1 0 1 1 1 0 1 1 1 1 1 1 0 1 0 0 0 0 0 1 1 1 1 0 0 1 0 1 1 1 0 1 1 0 0 0 0 1 1 1 1 1 1 1 1 1 0 1 0 1 0 0 0 0 1 1 1 0 1 0 0 0 0 0 0 1 1 1 1 1 1 0 1 0 1 1 1 1 1 0 0 1 1 0 1 1 0 0 1 1 0 1 1 0 1 0 35465.0 30119.0 3 0.10856892067002319
1 0 1 0 1 0 1 1 1 0 1 1 1 1 0 1 0 1 0 0 1 0 1 0 0 1 0 0 1 1 0 1 1 1 0 1 1 0 0 0 0 1 1 1 1 1 1 1 1 1 0 1 0 1 0 0 0 0 1 1 1 0 1 1 0 1 0 1 0 1 0 1 0 0 1 0 1 0 1 1 1 1 0 0 0 1 1 0 1 1 0 0 1 1 0 1 1 0 1 1 35482.0 30011.0 3 0.0887363173462086
1 0 1 0 1 0 1 1 1 0 1 1 1 1 1 1 1 1 0 0 0 0 0 1 0 1 1 0 0 1 0 1 1 1 0 1 1 0 0 0 0 1 1 1 1 1 1 1 1 1 0 1 0 1 0 0 0 0 1 1 1 0 1 1 0 1 0 1 0 1 0 1 0 1 1 0 1 0 1 1 1 1 0 0 0 1 1 0 1 1 0 0 0 1 1 1 1 0 1 0 35552.0 29688.0 3 0.1273007724482471
1 0 1 1 1 0 1 1 1 0 1 1 1 1 0 1 0 1 1 0 0 0 1 1 1 0 1 0 1 1 1 1 0 1 0 1 1 0 0 0 0 1 1 1 1 1 1 1 0 1 0 1 0 0 0 0 0 0 1 1 1 0 1 1 0 1 1 1 0 1 0 1 1 0 1 0 1 0 1 1 1 1 0 0 0 0 1 0 1 1 0 0 1 1 0 1 0 0 1 1 35681.0 29499.0 3 0.48700738974760327
1 0 0 0 1 0 1 1 1 0 1 1 1 1 0 1 1 1 0 0 1 0 0 0 1 1 0 0 1 1 1 1 1 1 1 1 1 0 0 0 1 1 1 0 1 1 1 1 0 1 0 0 0 0 0 0 0 0 1 1 1 0 1 1 0 1 1 1 0 1 0 1 0 0 1 1 1 0 1 1 1 1 0 0 0 1 1 0 1 0 0 0 1 1 0 1 1 0 1 1 35796.0 26988.0 3 0.5275187155535428
0 0 0 0 0 0 1 1 1 0 1 1 1 1 0 1 1 1 0 0 1 0 0 0 1 1 0 0 1 1 1 1 1 1 1 1 1 0 0 0 1 1 1 0 1 1 1 1 0 1 0 0 0 1 0 0 0 0 1 1 1 0 1 1 0 1 1 1 0 1 0 1 0 0 1 1 1 0 1 1 1 1 0 0 0 1 1 0 1 1 0 0 1 1 0 1 1 0 1 1 35885.0 26488.0 3 2000000000000000.0
1 0 1 0 1 0 1 1 1 0 1 1 1 1 0 1 1 1 0 0 1 0 1 0 0 1 0 0 0 1 0 1 1 1 0 1 1 0 0 0 0 1 1 1 1 1 1 1 0 1 0 1 0 1 0 0 0 0 1 1 1 0 1 0 0 0 0 0 0 1 0 1 1 1 1 1 1 1 1 1 1 0 0 1 1 1 1 0 1 1 1 0 0 1 1 1 1 1 0 0 32188.0 32648.0 4 2000000000000000.0
0 0 1 0 1 0 1 1 1 0 1 1 1 1 0 1 0 1 0 0 1 0 1 0 1 1 0 0 0 1 0 1 1 1 0 1 1 1 0 0 0 1 1 1 1 1 1 1 0 1 0 1 0 1 0 0 0 0 1 1 1 0 1 0 0 0 0 0 0 1 0 1 1 1 1 1 1 1 1 1 1 0 0 1 1 1 1 0 1 1 1 0 0 1 1 1 1 0 1 0 32614.0 32112.0 4 0.34971845633219467
1 0 1 0 1 0 1 1 1 0 1 1 1 1 1 1 0 1 0 0 1 1 1 0 0 1 0 0 1 1 1 1 0 1 0 1 1 0 0 0 0 1 1 1 1 1 1 1 1 1 0 1 0 0 0 0 0 1 1 0 1 0 0 0 0 0 0 0 0 1 1 1 1 1 1 0 1 1 1 1 1 0 0 0 0 1 1 0 1 1 0 0 1 1 0 1 1 1 0 0 32728.0 31889.0 4 0.18549359409649724
1 0 1 0 1 0 1 1 1 0 1 1 1 1 0 1 1 1 0 0 1 0 1 1 1 0 1 0 1 1 1 1 0 1 0 1 1 0 0 0 0 1 1 1 1 1 1 1 0 1 0 1 0 0 0 0 0 1 1 0 0 0 0 0 1 0 0 0 0 1 0 1 1 1 1 1 1 1 1 1 1 0 0 1 0 1 1 0 1 1 0 0 1 1 0 1 1 0 1 1 33001.0 31823.0 4 0.13499633346021603
0 0 1 0 1 0 1 1 1 0 1 1 1 1 0 1 1 1 0 0 1 0 1 0 1 1 0 0 0 1 0 1 1 1 0 1 1 0 0 0 0 1 1 1 1 1 1 1 0 1 0 1 0 1 1 1 0 0 1 0 1 0 1 1 0 1 0 0 0 1 0 1 1 1 1 1 1 0 1 1 1 0 0 1 1 1 0 0 1 0 0 0 1 1 1 1 1 0 1 0 33110.0 31792.0 4 0.3447393631277801
0 0 1 0 1 0 1 1 1 0 1 1 1 1 0 1 0 1 0 0 0 0 1 1 1 0 1 0 1 1 1 1 1 1 0 1 1 0 0 0 0 1 1 1 1 1 1 1 0 1 0 1 0 1 0 0 0 0 1 1 1 0 1 0 0 0 0 0 0 1 1 1 1 1 1 1 1 1 1 1 1 0 0 0 1 1 1 0 1 0 0 0 1 1 0 1 1 0 1 0 33955.0 31551.0 4 0.3606303558828622
1 0 0 1 1 0 1 1 1 0 1 1 1 1 0 1 0 1 0 0 1 0 1 0 1 1 0 0 0 1 0 1 1 1 0 1 1 0 0 0 1 1 1 1 1 1 1 1 0 1 0 1 0 1 0 0 0 0 1 1 1 1 1 0 0 0 0 0 0 1 0 1 1 1 1 1 1 1 1 1 1 0 0 0 1 1 1 0 1 0 0 0 1 1 0 1 1 0 1 0 34081.0 31477.0 4 0.14982186248426152
0 0 1 0 1 0 1 1 1 0 1 1 1 1 0 1 0 1 0 0 1 0 1 0 1 1 0 0 0 1 0 1 1 1 0 1 1 0 0 0 0 1 1 1 1 1 1 1 0 1 0 1 0 1 0 0 0 0 1 1 1 1 1 0 0 0 0 0 0 1 1 1 1 1 1 1 1 1 1 1 1 0 0 0 1 1 1 0 1 1 0 0 1 1 0 1 1 0 1 1 34314.0 31370.0 4 0.3254242025828743
1 0 1 0 1 0 1 1 1 0 1 1 1 1 0 1 0 1 0 0 1 0 1 0 1 1 0 0 1 1 0 1 1 1 0 1 1 0 0 0 0 1 1 1 1 1 1 1 1 1 0 1 0 1 0 0 0 0 1 1 1 0 1 0 0 0 0 0 0 1 1 1 1 1 1 0 1 0 1 1 1 1 1 0 0 1 1 0 0 0 1 0 1 1 0 1 1 0 1 1 34806.0 31022.0 4 0.4334143402248045
0 0 1 0 1 0 1 1 1 0 1 1 1 1 0 1 1 1 0 0 0 1 1 0 1 1 0 0 0 1 1 1 1 1 0 1 1 0 0 0 0 1 1 1 1 1 1 1 1 1 0 1 0 1 0 0 0 0 1 0 1 0 1 1 0 1 0 1 0 1 0 1 0 1 1 0 1 0 1 1 1 1 0 0 0 1 1 0 1 1 0 0 1 1 0 1 1 0 1 1 35021.0 30472.0 4 0.25121606165565347
1 0 1 0 1 0 1 1 1 0 1 1 1 1 0 1 1 1 0 0 1 0 1 0 1 1 0 0 1 1 0 1 1 1 0 1 1 0 0 0 0 1 1 1 1 1 1 1 1 1 0 1 0 1 0 0 0 0 1 0 1 0 1 1 0 0 1 1 0 1 0 1 0 0 1 0 1 0 1 1 1 1 0 0 0 1 1 0 1 1 0 0 1 1 0 1 1 0 1 1 35102.0 30373.0 4 0.11502600191479453
1 0 1 0 1 0 1 1 1 0 1 1 1 1 1 1 0 1 0 0 0 0 0 1 0 1 1 0 0 1 0 1 1 1 0 1 1 0 0 0 0 1 1 1 1 1 1 1 1 1 0 1 0 1 0 0 0 0 1 1 1 0 1 0 0 0 0 0 0 1 1 1 1 1 1 0 1 0 1 1 1 1 1 0 0 1 1 0 1 1 0 0 1 1 1 1 1 0 1 0 35247.0 30277.0 4 0.17537618521229648
0 0 1 0 1 0 1 1 1 0 1 1 1 1 0 1 0 1 0 0 0 0 0 1 0 1 1 0 0 1 0 1 1 1 0 1 1 0 0 0 0 1 1 1 1 1 1 1 1 1 0 1 0 1 0 1 0 1 1 1 1 0 1 0 0 0 0 0 0 1 1 1 1 1 1 1 1 0 1 1 1 1 0 0 0 1 1 0 1 1 0 0 1 1 0 1 1 0 1 0 35260.0 29865.0 4 0.1551313423250746
1 0 1 0 1 0 1 1 1 0 1 1 1 1 1 1 0 1 0 0 0 0 0 1 0 1 1 0 0 1 0 1 1 1 0 1 1 0 0 0 0 1 1 1 1 1 1 1 1 1 0 1 0 1 0 0 0 0 1 1 1 0 1 0 0 0 0 0 0 1 1 1 1 1 1 0 1 0 1 1 1 1 0 0 0 1 1 0 1 1 0 0 1 1 0 1 1 0 1 1 35349.0 29785.0 4 0.07805070999955259
1 0 1 0 1 0 1 1 1 0 1 1 1 1 0 1 1 1 0 0 0 0 0 1 0 1 1 0 0 1 0 1 1 1 0 1 1 0 0 0 0 1 1 1 1 1 1 1 1 1 0 1 0 1 0 0 0 0 1 1 1 0 1 1 0 0 0 0 0 1 1 1 1 1 1 0 1 0 1 1 1 1 1 0 0 1 1 0 1 1 0 0 1 1 0 1 1 0 1 0 35434.0 29756.0 4 0.08796098223755112
1 0 1 0 1 0 1 1 1 0 1 1 1 1 1 1 0 1 0 0 0 0 0 1 0 1 1 0 0 1 0 1 1 1 0 1 1 0 0 0 0 1 1 1 1 1 1 1 1 1 0 1 0 1 0 0 0 0 1 1 1 0 1 1 0 1 0 1 0 1 0 1 0 1 1 0 1 0 1 1 1 1 0 0 0 1 1 0 1 1 0 0 0 1 1 1 1 0 1 0 35444.0 29548.0 4 0.11423328038694305
1 0 1 0 1 0 1 1 1 0 1 1 1 1 1 1 0 1 0 0 0 0 0 1 0 0 1 0 0 1 1 1 0 1 0 1 1 0 0 0 1 1 1 1 1 1 1 1 0 1 0 1 0 0 0 0 0 0 1 0 1 0 1 1 0 1 0 1 0 1 0 1 1 1 1 1 1 0 1 1 1 0 0 0 0 1 1 0 1 1 0 0 1 1 1 1 1 0 1 1 35489.0 29371.0 4 0.1410461978115129
1 0 1 0 1 0 1 1 1 0 1 1 1 1 1 1 0 1 0 0 0 0 1 1 1 0 1 0 1 1 1 1 0 1 0 1 1 0 0 0 0 1 1 1 1 1 1 1 0 1 0 1 0 0 0 0 0 0 1 1 1 0 1 1 0 1 1 1 0 1 0 1 1 0 1 0 1 0 1 1 1 1 0 0 0 0 1 0 1 1 0 0 1 1 0 1 0 0 1 1 35545.0 29110.0 4 0.2103544144873527
1 0 1 1 1 0 1 1 1 0 1 1 1 1 0 1 0 1 1 0 0 0 1 1 1 0 1 0 1 1 1 1 0 1 0 1 1 0 0 0 0 1 1 1 1 1 1 1 0 1 0 1 0 0 0 0 0 0 1 1 1 0 1 1 0 1 1 1 0 1 0 1 1 0 1 0 1 0 0 1 1 1 0 0 0 1 1 0 1 1 0 0 1 1 0 1 0 0 1 1 35654.0 28734.0 4 2000000000000000.0
0 0 1 0 1 0 1 1 1 0 1 1 1 1 0 1 1 1 0 0 0 1 1 0 0 1 0 0 0 1 1 1 1 1 0 1 1 0 0 0 0 1 1 1 1 1 1 1 0 1 0 1 0 1 0 0 0 0 1 1 1 0 1 0 0 0 0 0 0 1 0 1 1 1 1 1 1 1 1 1 1 0 0 1 1 1 1 0 1 1 1 0 0 1 1 1 1 1 0 0 32057.0 32621.0 5 2000000000000000.0
1 0 1 0 1 0 1 1 1 0 1 1 1 1 0 1 1 1 0 0 1 0 1 0 1 1 0 0 1 1 1 1 1 1 1 1 1 0 0 0 1 1 1 0 1 1 1 1 0 1 0 0 0 0 0 0 0 0 1 1 1 0 1 1 0 1 1 1 0 1 0 1 0 0 1 0 1 0 1 1 1 1 0 0 0 1 1 0 1 1 1 0 1 1 0 1 0 0 1 1 35564.0 27441.0 5 2000000000000000.0
1 0 1 0 1 0 1 1 1 0 1 1 1 0 0 1 0 1 0 0 1 0 1 0 1 1 0 0 0 1 0 1 1 1 0 1 1 0 0 0 0 1 1 1 1 1 1 1 1 1 0 1 0 1 0 0 0 0 1 0 1 0 1 0 0 0 0 0 0 1 0 1 1 1 1 1 1 1 1 1 1 0 0 1 0 1 1 0 1 1 0 0 1 1 0 1 1 1 0 0 32343.0 31992.0 5 0.3526506831895967
0 0 1 0 1 0 1 1 1 0 1 1 1 1 0 1 1 1 0 0 0 1 1 0 1 1 0 0 0 1 1 1 1 1 0 1 1 0 0 0 0 1 1 1 1 1 1 1 0 1 0 1 0 1 0 0 0 0 1 1 1 0 1 0 0 0 0 0 0 1 0 1 1 1 1 1 1 1 1 1 1 1 0 0 0 1 1 0 1 1 0 0 1 1 0 1 1 0 1 1 34567.0 31006.0 5 0.30684114396688467
1 0 1 0 1 0 1 1 1 0 1 1 1 1 0 1 1 1 0 0 1 0 1 0 1 1 0 0 0 1 0 1 1 1 0 1 1 0 1 0 0 1 1 1 1 1 1 1 0 1 0 1 0 1 0 0 0 0 1 1 1 0 1 0 0 0 0 0 0 1 1 1 1 1 1 1 0 1 1 1 1 0 0 0 1 1 1 0 1 0 0 0 1 1 0 1 1 0 1 0 32959.0 31493.0 5 0.29561186507293497
1 0 1 0 1 0 1 1 1 0 1 1 1 0 0 1 0 1 0 0 1 0 1 0 1 1 0 0 0 1 0 1 1 1 0 1 1 0 0 0 0 1 1 1 1 1 1 1 1 1 0 1 0 1 0 0 0 0 1 0 1 0 1 0 0 0 0 0 0 1 1 1 1 1 1 1 1 1 1 1 1 0 0 0 1 1 1 0 1 1 0 0 1 1 0 1 1 0 1 1 33652.0 31472.0 5 0.29041492304964533
1 0 1 0 1 0 1 1 1 0 1 1 1 1 1 1 0 1 0 0 0 0 1 1 1 0 1 0 1 1 1 1 0 1 0 1 1 0 0 0 0 1 1 1 1 1 1 1 0 1 0 1 0 0 0 0 0 1 1 0 0 0 0 0 1 0 0 0 0 1 0 1 1 1 1 1 1 1 1 1 1 0 0 1 0 1 1 0 1 1 0 0 1 1 0 1 1 0 1 1 32836.0 31798.0 5 0.27198074892684976
1 0 1 0 1 0 1 1 1 0 1 1 1 1 0 1 1 1 0 0 1 0 1 0 1 1 0 0 0 1 1 1 1 1 0 1 1 0 0 0 0 1 1 1 1 1 1 1 0 1 0 1 0 1 0 0 0 0 1 1 1 1 1 0 0 0 0 0 0 1 0 1 1 1 1 1 1 1 1 1 1 0 0 0 1 1 1 0 1 0 0 0 1 1 0 1 1 0 1 0 33991.0 31328.0 5 0.2621120692976912
1 0 1 0 1 0 1 1 1 0 1 1 1 1 1 1 0 1 0 0 0 0 0 1 0 1 1 0 0 1 0 1 1 1 0 1 1 0 0 0 0 1 1 0 1 1 1 1 1 1 0 1 0 1 0 0 0 0 1 1 1 0 1 0 0 0 0 0 0 1 1 1 1 1 1 0 1 0 1 1 1 1 1 0 0 1 1 0 1 1 1 0 1 1 0 1 0 0 1 1 35507.0 28116.0 5 0.25895082422028015
1 0 1 0 1 0 1 1 1 0 1 1 1 1 1 1 0 1 0 0 0 0 0 1 0 1 1 0 0 1 0 1 1 1 0 1 1 0 0 0 0 1 1 1 1 1 1 1 1 1 0 1 0 1 0 0 0 0 1 1 1 0 1 0 0 1 1 1 0 1 0 1 1 0 1 0 1 0 1 1 1 1 0 0 0 0 1 0 1 1 0 0 1 1 0 1 1 0 1 1 35452.0 29149.0 5 0.23895683536401618
