1 0 1 0 1 0 1 1 1 0 1 1 1 0 0 1 1 1 0 0 0 0 0 1 0 0 0 0 0 1 0 1 1 1 0 1 1 0 0 1 1 1 1 1 1 1 1 1 0 1 0 1 0 0 0 0 0 1 1 0 0 0 0 0 1 0 0 0 0 1 1 1 1 1 1 1 1 1 1 1 1 0 0 1 1 1 0 1 1 1 1 0 0 1 0 1 1 1 0 0 28278.0 30038.0 0 2000000000000000.0
1 0 1 0 1 0 1 1 1 0 1 1 1 0 0 1 1 1 0 0 0 0 0 1 0 0 0 0 0 1 0 1 1 1 0 1 1 0 0 1 1 1 1 1 1 1 1 1 0 1 0 1 0 0 0 0 0 1 1 0 0 0 0 0 1 0 0 0 0 1 1 1 1 1 1 1 1 0 1 1 1 0 0 1 1 1 0 1 1 1 1 0 0 1 0 1 1 0 1 1 29071.0 28654.0 0 0.7330833052796774
1 0 1 0 1 0 1 1 1 1 1 1 1 0 0 1 1 1 0 1 0 0 0 1 0 0 0 0 0 1 0 1 1 1 0 1 1 0 0 0 1 1 1 1 1 1 1 1 0 1 0 0 0 1 0 0 0 0 1 1 1 0 0 0 1 0 0 1 0 1 1 0 0 0 1 0 1 1 1 1 1 0 0 1 1 1 1 0 1 1 0 1 0 1 0 1 1 0 1 1 29856.0 28583.0 0 0.6133170622229558
1 0 1 0 1 0 1 1 1 1 1 1 1 0 0 1 1 1 0 1 0 0 0 1 0 0 0 0 0 1 0 1 1 1 0 1 1 0 0 0 1 1 1 1 1 1 1 1 0 1 0 0 0 1 0 0 0 0 1 1 1 0 0 0 1 0 0 1 0 1 0 1 1 1 0 1 0 1 1 1 1 0 0 0 0 1 1 0 1 1 0 1 0 1 0 1 1 0 1 1 30879.0 27919.0 0 0.6550311862948468
1 1 1 0 1 0 1 1 1 0 1 1 1 0 0 1 1 1 0 0 1 0 0 1 0 0 0 0 0 1 0 1 1 1 0 1 1 0 0 1 1 1 1 1 1 1 1 1 0 0 0 0 0 1 0 0 1 0 1 1 1 0 1 1 0 0 0 0 0 1 1 1 1 1 1 1 1 0 1 1 1 0 0 1 1 1 0 0 1 1 1 0 0 1 0 1 0 0 1 0 31348.0 27364.0 0 0.3355299916774126
1 0 1 0 1 0 1 1 1 0 1 1 1 0 0 1 1 1 0 0 1 0 0 1 0 0 0 0 0 1 0 1 1 1 0 1 1 1 0 1 1 1 1 1 1 1 1 1 0 1 0 1 0 0 1 0 0 0 1 0 1 1 0 1 0 1 0 1 0 1 0 1 1 0 1 0 1 0 1 1 1 0 0 0 0 1 1 0 1 1 0 1 0 1 1 1 1 0 1 1 31584.0 27236.0 0 0.31058761852661554
1 0 1 0 1 0 1 1 1 0 1 0 1 1 1 0 0 0 1 0 0 0 0 0 0 0 1 0 1 1 1 1 0 1 1 0 0 1 0 0 0 1 1 0 1 1 1 1 0 1 1 1 1 0 1 0 0 0 1 0 1 1 1 1 0 1 0 1 0 1 0 1 1 0 1 0 1 0 1 1 1 0 0 1 1 1 1 0 1 1 0 1 0 1 0 1 1 0 1 1 31751.0 26485.0 0 0.5240339028221837
1 0 1 0 1 0 1 1 1 0 1 1 1 0 1 1 0 1 0 0 0 0 0 1 0 0 1 0 1 1 1 1 0 1 0 1 1 0 0 0 1 1 1 1 1 1 1 1 0 1 0 0 0 1 0 0 0 0 1 1 1 0 1 1 0 1 0 0 0 1 0 1 1 0 1 1 0 0 0 1 0 1 0 0 0 1 1 0 1 1 0 1 0 1 1 1 1 0 1 1 32438.0 25925.0 0 2000000000000000.0
0 0 1 0 1 0 1 1 1 0 1 1 1 0 0 1 1 1 0 0 0 0 0 1 0 0 0 0 1 1 0 1 1 1 1 1 1 0 0 1 1 1 1 1 1 1 1 1 0 1 0 1 0 0 1 0 1 1 1 0 1 0 0 0 1 0 0 0 0 1 1 0 1 0 1 0 1 0 1 1 1 0 0 1 1 0 1 0 0 1 1 1 0 1 1 1 1 0 1 0 27723.0 29409.0 1 2000000000000000.0
1 0 1 0 1 0 1 1 1 0 1 1 1 0 1 1 1 1 0 0 0 0 0 1 0 0 0 0 0 1 0 1 1 1 0 1 1 0 0 1 0 0 1 1 1 1 1 1 0 1 0 1 0 0 0 0 0 1 1 0 0 0 0 0 1 0 0 0 0 1 1 1 1 1 1 1 1 0 1 1 1 0 0 1 1 1 1 0 1 1 0 1 0 1 0 1 1 0 1 1 28784.0 28499.0 1 0.6071013329050772
1 0 1 0 1 0 1 1 1 0 1 1 1 0 0 1 1 1 0 0 0 0 0 1 0 0 0 0 0 1 0 1 0 1 0 1 1 0 0 1 1 1 1 1 1 1 1 1 0 1 0 1 0 0 1 0 1 1 1 0 1 0 0 0 1 0 0 0 0 1 0 1 1 1 0 1 0 0 1 1 1 1 0 0 0 1 1 0 1 1 0 1 0 1 1 1 1 1 1 0 29352.0 28366.0 1 0.26353055434474465
1 0 1 0 1 0 1 1 1 0 1 1 1 0 0 1 1 1 0 1 0 0 0 1 0 0 0 0 0 1 0 1 1 1 0 1 1 0 0 1 0 1 1 1 1 1 1 1 0 1 0 1 0 0 1 0 0 1 1 0 0 0 0 0 1 0 0 0 0 1 1 1 1 1 1 1 1 0 1 1 1 0 0 0 0 1 1 0 1 1 0 1 0 1 0 1 1 0 1 1 29669.0 28234.0 1 0.37106629858194795
1 0 1 0 1 0 1 1 1 0 1 1 1 0 1 1 1 1 0 0 0 0 0 1 0 0 0 0 0 1 0 1 1 1 0 1 1 0 0 1 0 1 1 1 1 1 1 1 0 1 0 1 0 0 1 0 1 1 1 0 0 0 0 1 0 1 1 1 0 1 0 1 1 1 1 0 0 0 1 1 1 0 0 0 0 1 1 0 1 1 0 1 0 1 0 1 1 0 1 1 30152.0 27522.0 1 0.3717228862531494
0 0 1 0 1 0 1 1 0 1 1 0 1 1 1 1 0 1 0 1 0 0 0 1 0 0 0 0 0 1 0 1 1 1 0 1 1 0 0 0 1 1 0 1 1 1 1 1 0 1 0 0 0 1 0 0 0 0 1 1 1 0 0 0 1 0 0 1 0 1 0 1 1 1 0 1 0 1 1 1 1 0 0 0 0 1 1 0 1 1 0 1 0 1 0 1 1 0 1 1 30577.0 27501.0 1 0.40558744433482563
1 0 1 0 0 1 1 1 1 0 1 1 1 0 0 1 1 1 1 0 0 0 0 1 0 0 1 0 1 1 1 1 0 1 1 0 0 0 0 0 1 1 1 1 1 1 1 1 0 1 0 1 0 0 1 1 0 1 1 0 0 0 0 0 1 0 0 0 0 1 1 1 1 1 1 1 1 0 1 1 1 0 0 0 0 1 1 0 1 1 0 0 1 1 0 1 1 0 1 1 31296.0 26884.0 1 0.5267821902059782
0 0 1 0 0 1 1 1 1 0 1 1 1 0 0 1 0 1 1 0 1 1 1 0 0 1 0 0 1 1 1 1 1 1 0 0 0 0 0 1 1 1 0 0 0 1 1 1 0 1 0 1 0 0 1 0 0 0 1 1 1 0 1 1 0 0 0 0 0 1 1 1 1 1 1 1 1 0 1 1 1 0 0 1 1 1 0 0 1 1 1 0 0 1 0 1 0 0 1 0 31314.0 25882.0 1 0.5047942778631603
1 1 1 0 1 0 1 1 1 0 1 1 1 0 0 1 0 1 0 0 0 0 0 1 0 0 1 0 1 1 1 1 0 1 0 1 1 0 0 0 1 1 1 1 1 1 1 1 0 1 0 0 0 1 0 0 0 0 1 1 1 0 1 1 0 1 0 0 0 1 0 1 1 0 1 1 0 0 0 1 0 1 0 0 0 1 1 0 1 1 0 1 0 1 0 1 1 0 1 1 31942.0 25269.0 1 0.39184977861386183
1 0 1 0 1 0 1 1 0 1 1 0 1 0 1 1 0 1 0 0 0 0 0 1 0 0 1 0 1 1 1 1 0 1 0 1 1 0 0 0 1 1 1 1 1 1 1 1 0 1 0 0 0 1 0 0 0 0 1 1 1 0 1 1 0 1 0 0 0 1 0 1 1 0 1 1 0 0 0 1 0 1 0 0 0 1 1 0 1 1 0 1 0 1 0 1 1 0 1 1 32034.0 24859.0 1 2000000000000000.0
1 0 1 0 1 0 1 1 1 0 1 1 1 0 0 1 1 1 0 0 0 0 0 1 0 0 0 0 0 1 0 0 1 1 0 1 1 0 0 1 1 1 1 1 1 1 1 1 0 1 0 1 0 0 1 0 0 1 1 0 0 0 0 0 1 0 0 0 0 1 1 1 1 1 1 1 1 0 1 1 1 0 0 1 1 0 1 0 0 1 1 1 0 1 0 1 1 1 0 1 27343.0 28618.0 2 2000000000000000.0
1 0 1 0 0 1 1 1 1 0 1 1 1 0 0 1 1 1 0 0 0 0 0 1 0 0 1 0 0 1 0 1 1 1 1 1 1 0 0 1 1 1 1 1 1 1 1 1 0 1 0 1 0 0 1 0 1 1 1 0 1 0 0 0 1 0 0 0 0 1 1 0 1 0 1 0 1 0 1 1 1 0 0 1 1 1 1 0 0 1 1 1 0 1 1 1 1 0 1 0 28424.0 28484.0 2 0.487963881866156
1 0 1 1 0 0 1 1 1 0 0 1 1 0 0 1 0 1 1 0 1 0 0 0 0 1 0 0 0 1 0 1 1 1 1 1 1 0 0 1 0 1 1 1 1 1 1 1 0 1 0 1 0 0 1 0 1 1 1 0 0 0 0 0 0 0 0 0 0 1 0 1 1 1 0 1 0 1 1 1 1 1 0 0 0 1 1 0 1 1 0 1 0 1 1 1 1 0 1 0 29082.0 28284.0 2 0.5788143732568327
1 0 1 0 1 0 1 1 1 0 1 1 1 0 1 1 1 1 0 0 0 0 0 1 0 0 0 0 0 1 0 1 1 1 0 1 1 0 0 1 0 1 1 1 1 1 1 1 0 1 0 1 0 0 1 0 1 1 1 0 0 0 0 1 0 1 1 1 0 1 0 1 1 1 1 0 0 0 1 1 1 0 0 0 0 0 1 0 1 1 0 1 0 1 0 1 1 0 1 1 29678.0 27381.0 2 0.5159689027411527
1 0 1 0 1 0 1 1 1 0 1 1 1 0 1 1 1 1 0 0 0 0 0 1 0 0 0 0 0 1 0 1 1 1 0 1 1 0 0 1 0 1 1 1 1 1 1 1 0 1 0 1 0 0 1 0 0 1 1 0 0 1 0 1 0 1 1 1 0 1 0 1 1 1 1 0 0 0 1 1 1 0 0 0 0 0 1 0 1 1 0 1 0 1 0 1 1 0 1 1 29866.0 27009.0 2 0.20109308002002385
1 0 1 0 0 1 1 1 1 0 1 1 1 0 0 1 1 1 0 0 0 0 0 1 0 0 1 0 1 1 1 1 0 1 0 1 1 0 0 0 1 1 1 1 1 1 1 1 0 1 0 0 0 1 0 0 0 0 1 0 1 0 0 0 1 0 0 0 0 1 1 1 1 1 1 1 1 0 1 1 1 0 0 1 1 1 0 1 1 1 1 0 0 1 0 1 0 0 1 0 30075.0 26964.0 2 0.20901550920891904
1 0 1 0 0 1 1 1 1 0 1 1 1 0 0 1 1 1 0 0 0 0 0 1 0 0 1 0 1 1 1 1 0 1 1 0 0 0 0 0 1 1 1 1 1 1 1 1 0 1 0 1 0 0 1 1 0 1 1 0 0 0 0 0 1 0 0 0 0 1 1 1 1 1 1 1 1 0 1 1 1 0 0 0 0 1 1 0 1 1 0 1 0 1 0 1 1 0 1 1 30524.0 26790.0 2 0.4748584147281629
1 0 1 0 1 0 1 1 0 0 0 1 1 0 0 1 0 1 1 0 1 1 1 0 0 1 0 0 1 1 1 1 1 1 0 0 0 0 0 1 1 1 0 0 0 1 1 1 0 1 0 1 0 0 1 0 0 0 1 1 1 0 1 1 0 0 0 0 0 1 1 1 1 1 1 1 1 0 1 1 1 0 0 1 1 1 0 0 1 1 1 0 0 1 0 1 0 0 1 0 31027.0 25992.0 2 0.7870517061837238
1 0 1 0 0 1 1 1 1 0 1 1 1 0 0 1 1 1 0 0 0 0 0 1 0 0 1 0 1 1 1 1 0 1 0 1 1 0 0 0 1 1 1 1 1 1 1 1 0 1 0 0 0 1 0 0 0 0 1 1 1 0 1 1 0 1 0 0 0 1 1 1 1 0 1 1 0 0 0 1 0 1 0 0 0 1 1 0 1 1 0 1 0 1 0 1 1 0 1 1 31690.0 24819.0 2 2000000000000000.0
1 0 1 0 0 1 1 1 1 0 1 1 1 0 0 1 1 1 0 0 0 0 0 1 0 0 0 0 0 1 0 1 1 1 1 1 1 0 0 1 1 1 1 1 1 1 1 1 0 1 0 1 0 0 1 0 1 1 1 0 1 0 0 0 1 0 0 0 0 1 1 0 1 0 1 0 1 0 1 1 1 0 0 1 1 0 1 0 0 1 1 1 0 1 0 1 1 1 0 1 27051.0 28409.0 3 2000000000000000.0
1 0 1 0 1 0 1 1 1 0 1 1 1 0 0 1 1 1 0 0 0 0 0 1 0 0 0 0 0 1 0 1 1 1 0 1 1 0 0 1 1 1 1 1 1 1 1 1 0 1 0 1 0 0 1 0 0 0 1 0 0 0 0 0 1 0 0 0 0 0 0 1 1 1 1 1 1 0 1 1 1 0 0 1 1 1 1 0 1 1 0 1 0 1 0 1 1 0 1 1 28605.0 28163.0 3 0.6299456614025991
0 0 1 0 0 1 1 1 1 0 1 1 1 0 0 1 1 1 0 0 1 0 0 1 0 0 0 0 0 1 0 1 1 1 0 1 1 0 0 1 1 1 1 1 1 1 1 1 0 1 0 1 0 0 1 0 1 1 1 0 0 0 0 1 0 1 1 1 0 1 0 1 1 1 0 0 0 1 1 1 1 0 0 0 0 1 1 0 1 1 0 1 0 1 0 1 1 1 0 1 29026.0 27924.0 3 0.35058583800304777
1 0 1 0 0 1 1 1 1 0 1 1 1 0 0 1 1 1 0 0 0 0 0 1 0 0 0 0 0 1 0 1 1 1 0 1 1 0 0 1 1 1 1 1 1 1 1 1 0 1 0 1 0 0 1 0 1 1 1 0 0 0 0 1 0 1 1 1 0 1 0 1 1 1 0 0 0 1 1 1 1 0 0 0 0 1 1 0 1 1 0 1 0 1 0 1 1 0 1 1 29115.0 27300.0 3 0.35704873492952066
1 0 1 0 1 0 1 1 0 1 1 1 1 0 1 1 1 1 0 0 0 0 0 1 0 0 0 0 0 1 0 1 1 1 0 1 1 0 0 1 0 1 1 1 1 1 1 1 0 1 0 1 0 0 1 0 1 1 1 0 0 0 0 1 0 1 1 1 0 1 0 1 1 1 1 0 0 0 1 1 1 0 0 0 0 0 1 0 1 1 0 1 0 1 0 1 1 0 1 1 29592.0 27092.0 3 0.4522244863304352
1 0 1 0 1 0 1 1 1 0 1 1 1 0 0 1 1 1 0 1 0 0 0 1 0 0 0 0 0 1 0 1 1 1 0 1 1 0 0 1 0 1 1 1 1 1 1 1 0 1 0 1 0 0 0 0 0 1 1 0 1 0 1 1 0 1 1 0 0 1 1 1 1 1 1 1 0 0 0 1 0 0 0 0 0 1 1 0 1 1 0 1 0 1 0 1 1 0 1 1 30230.0 26647.0 3 0.4418831720156112
1 0 1 0 1 0 1 1 1 0 1 1 1 0 0 1 1 1 0 0 0 0 0 1 0 0 0 0 0 1 0 1 0 1 0 1 1 0 0 1 1 1 1 1 1 1 1 1 0 1 0 1 0 0 0 0 0 1 1 0 1 0 1 1 0 1 0 1 0 1 1 1 1 0 1 1 0 0 0 1 0 0 0 0 0 1 1 0 1 1 1 1 1 1 0 1 1 1 0 1 30467.0 26238.0 3 0.3408609271523093
1 0 1 0 1 0 1 1 1 0 1 0 1 1 1 0 0 0 1 0 0 0 0 0 0 0 1 0 1 1 1 1 0 1 1 0 0 1 0 0 0 1 1 0 1 1 1 1 0 1 1 1 1 0 1 0 0 0 1 0 1 1 1 1 0 1 0 1 0 1 0 1 1 0 1 0 1 0 1 1 1 0 0 1 1 1 0 1 1 1 1 0 0 0 1 1 1 0 1 1 30563.0 25644.0 3 0.5711224316522187
1 0 1 0 1 0 1 1 1 0 1 0 1 1 1 0 0 1 0 0 0 0 0 0 0 0 1 0 1 1 1 1 0 1 1 0 0 0 0 0 0 1 1 0 1 1 1 1 0 1 1 1 1 0 1 1 0 0 0 0 1 1 0 1 0 1 0 1 0 1 0 1 1 0 1 0 1 0 1 1 1 0 0 0 0 1 1 0 1 1 0 1 0 1 0 1 1 0 1 1 30951.0 24483.0 3 2000000000000000.0
1 0 1 0 1 0 1 1 0 1 1 0 1 0 1 1 0 1 0 0 0 0 0 1 0 0 0 0 0 1 0 1 1 1 0 1 1 0 0 1 1 1 1 1 1 1 1 1 0 1 0 1 0 0 1 0 1 1 1 0 0 0 0 0 1 0 0 0 0 1 1 0 0 1 1 0 1 0 1 1 1 0 0 1 1 0 1 0 0 1 1 1 0 1 1 1 1 0 1 0 26598.0 28229.0 4 2000000000000000.0
1 0 1 0 1 0 0 1 0 0 1 0 1 0 0 1 1 1 0 0 0 0 1 1 0 0 0 0 0 1 0 0 1 1 0 1 1 0 0 1 1 1 1 1 1 1 1 1 0 1 0 1 0 0 0 0 0 1 1 0 0 0 0 0 1 0 0 0 0 1 1 1 1 1 1 1 1 0 1 1 1 0 0 1 1 0 1 0 0 1 1 1 0 1 1 1 1 0 1 1 26778.0 28062.0 4 0.4851197128447652
1 0 1 0 1 0 1 1 1 0 1 1 1 0 1 1 1 1 0 0 0 0 0 1 0 0 0 0 0 1 0 1 1 1 0 1 1 0 0 1 0 0 1 1 1 1 1 1 0 1 0 1 0 0 0 0 0 1 1 0 0 0 0 0 1 0 0 0 0 1 1 1 1 1 1 1 1 0 1 1 1 0 0 1 1 1 0 1 1 1 1 0 0 1 0 1 1 0 1 1 28422.0 28004.0 4 0.5089071723531221
1 0 1 0 0 1 1 1 1 0 1 1 1 0 0 1 1 1 0 0 0 0 0 1 0 0 0 0 0 1 0 1 1 1 0 1 1 0 0 1 1 1 1 1 1 1 1 1 0 1 0 1 0 0 1 0 1 1 1 0 0 0 0 1 0 1 1 1 0 1 0 1 1 1 0 0 0 1 1 1 1 0 0 0 0 1 1 0 1 1 0 1 0 1 0 1 1 1 0 1 28671.0 27805.0 4 0.19273758118932402
1 0 1 0 1 0 1 1 1 0 1 1 1 0 0 1 1 1 0 0 0 0 0 1 0 0 0 0 0 1 0 1 1 1 0 1 1 0 0 1 1 1 1 1 1 1 1 1 0 1 0 1 0 0 1 0 0 1 1 1 0 1 0 1 1 0 0 0 0 1 1 0 0 0 1 0 1 0 1 1 1 0 0 1 1 1 1 0 1 1 1 1 0 1 0 1 1 0 1 1 28956.0 27719.0 4 0.1585474041502702
1 0 1 0 1 0 1 1 0 0 1 1 1 0 0 1 1 1 0 1 0 0 0 1 1 0 0 0 0 1 0 0 1 1 0 1 1 0 0 1 1 1 1 1 1 1 1 1 0 1 0 1 0 0 1 0 0 1 1 0 0 0 0 0 1 0 0 0 0 1 1 1 1 1 1 1 1 0 1 1 1 0 0 0 0 1 1 0 1 1 0 1 0 1 0 1 1 0 1 1 29022.0 27480.0 4 0.12091745671935167
1 0 1 0 1 0 1 1 1 0 1 1 1 0 0 1 1 1 0 0 1 0 0 1 0 0 0 0 0 1 0 1 1 1 0 1 1 0 0 1 0 1 1 1 1 1 1 1 0 0 0 1 0 0 1 0 1 1 1 0 0 0 0 1 0 1 1 1 0 1 0 1 1 1 1 0 0 0 1 1 1 0 0 1 0 0 1 0 1 1 0 1 0 1 0 1 1 0 1 1 29052.0 27295.0 4 0.1499434726889757
1 0 1 0 0 1 1 1 1 0 1 1 1 0 0 1 1 1 0 0 0 0 0 1 0 0 0 0 0 1 0 1 1 1 0 1 1 0 0 1 1 1 1 1 1 1 1 1 0 1 0 1 0 0 1 0 1 1 1 0 1 0 0 0 1 0 0 0 0 1 0 1 1 1 0 1 0 0 1 1 1 1 0 0 0 1 1 0 1 1 0 1 0 1 0 1 1 0 1 1 29057.0 26868.0 4 0.12632200171735486
1 0 1 0 0 1 1 1 1 0 1 1 1 0 0 1 1 1 0 0 0 0 0 1 0 0 1 0 0 1 0 1 1 1 1 1 1 0 0 1 1 1 1 1 1 1 1 1 0 1 0 1 0 0 1 0 1 1 1 0 1 0 0 0 1 0 0 0 0 1 1 0 1 0 1 0 1 0 1 1 1 0 0 0 0 1 1 0 1 1 0 1 0 1 0 1 1 0 1 1 29123.0 26822.0 4 0.0809488895965773
1 0 1 0 0 1 1 1 1 0 1 1 1 0 0 1 1 1 0 0 0 0 0 1 0 0 0 0 0 1 0 1 1 1 1 1 1 0 0 1 1 1 1 1 1 1 1 1 0 1 0 1 0 0 1 0 1 1 1 0 0 0 0 1 0 1 1 1 0 1 0 1 1 1 0 0 0 0 1 1 1 0 0 0 0 1 1 0 1 1 0 1 0 1 0 1 1 0 1 1 29319.0 26787.0 4 0.06361360945561986
1 0 1 0 1 0 1 1 1 0 1 1 1 0 1 1 1 1 0 0 0 0 0 1 1 0 0 0 0 1 0 1 1 1 0 1 1 0 0 1 0 1 1 1 1 1 1 1 0 0 0 1 0 0 1 0 1 1 1 0 0 0 0 1 0 1 1 1 0 1 0 1 1 1 1 0 0 0 1 1 1 0 0 0 0 0 1 0 1 1 0 1 0 1 0 1 1 0 1 1 29350.0 26780.0 4 0.053081276910636174
1 1 1 0 0 1 1 1 1 0 1 1 1 0 0 1 1 1 0 0 0 0 0 1 0 0 0 0 0 1 0 1 1 1 1 1 1 0 0 1 1 1 1 1 1 1 1 1 0 1 0 1 0 0 1 0 1 1 1 0 0 0 0 1 0 1 1 1 0 1 0 1 1 1 0 0 0 0 1 1 1 0 0 0 0 1 1 0 1 1 1 0 0 1 0 1 1 0 1 1 29449.0 26691.0 4 0.21052033257926467
1 0 1 0 0 1 1 1 1 0 1 1 1 0 0 1 1 1 0 0 1 0 0 1 0 0 1 0 1 1 1 1 0 1 0 1 1 0 0 0 1 1 1 1 1 1 1 1 0 1 0 1 0 0 1 0 0 1 1 1 0 1 0 1 1 0 0 0 0 0 1 0 0 0 1 0 1 0 1 1 1 0 0 1 0 1 1 0 1 1 0 1 0 1 0 1 1 0 1 1 30071.0 26610.0 4 0.26129672596539233
1 0 1 0 1 0 1 1 1 0 1 1 1 0 1 1 1 1 0 0 0 0 0 1 1 0 0 0 0 1 0 1 1 1 0 1 1 0 0 1 1 1 1 1 1 1 1 1 0 1 0 1 0 0 1 0 0 0 1 0 1 1 0 1 0 1 0 0 0 1 0 1 1 0 1 0 1 0 1 1 1 0 1 0 0 1 1 0 1 1 0 1 0 1 0 0 1 0 1 1 30147.0 26278.0 4 0.22549594913244786
1 0 1 0 1 0 1 1 1 0 1 1 1 0 0 1 1 1 0 0 1 0 0 1 0 0 0 0 0 1 0 1 1 1 0 1 1 0 0 1 1 1 1 1 1 1 1 1 0 1 0 1 0 0 1 0 0 0 1 0 1 1 0 1 0 1 0 1 0 1 0 1 1 0 1 0 1 0 1 1 1 0 0 0 0 1 1 0 1 1 0 1 0 1 0 0 1 0 1 1 30433.0 26007.0 4 0.5835311899108726
1 0 1 0 0 0 0 1 1 1 0 0 0 1 1 1 0 1 0 1 0 1 1 0 1 1 1 0 0 0 0 1 1 0 1 1 0 1 0 1 1 1 0 0 1 1 1 1 0 0 0 0 0 1 0 0 1 0 1 1 1 0 1 1 0 0 0 0 0 1 1 1 1 1 1 1 1 0 1 1 1 0 0 1 1 1 0 1 1 1 1 0 0 1 0 1 0 0 1 0 30589.0 24210.0 4 0.5752733563618259
1 1 1 1 0 0 0 1 1 1 1 0 1 0 1 1 0 1 0 0 0 0 0 0 0 0 1 0 1 1 1 1 0 1 1 0 0 0 0 1 0 1 1 1 1 0 1 1 0 1 0 1 0 0 0 0 0 1 1 0 1 0 1 1 0 1 1 0 0 1 1 1 1 1 1 1 0 0 0 1 0 0 0 0 0 1 1 0 1 1 0 1 0 1 0 1 1 0 1 1 30810.0 23908.0 4 2000000000000000.0
1 0 1 0 1 0 0 1 0 0 1 0 1 0 0 1 1 1 0 0 0 0 1 1 0 0 0 0 0 1 0 0 1 1 0 1 1 0 0 1 1 1 1 1 1 1 1 1 0 1 0 1 0 0 0 0 0 1 1 0 0 0 0 0 1 0 0 0 0 1 1 1 1 1 1 1 1 0 1 1 1 0 0 1 1 0 1 0 0 1 1 1 0 1 0 1 1 1 0 1 26167.0 28151.0 5 2000000000000000.0
1 0 1 0 1 0 1 1 1 0 1 1 1 0 0 1 1 1 0 0 0 0 0 1 0 0 0 0 0 1 0 1 1 1 0 1 1 0 0 1 1 1 1 1 1 1 1 1 0 1 0 1 0 0 0 0 0 1 1 0 1 0 0 0 0 0 0 0 1 1 1 0 0 0 1 0 1 1 1 1 1 0 0 1 1 1 1 0 1 1 0 1 0 1 0 1 1 0 1 1 27721.0 27972.0 5 0.423315226682942
1 0 1 0 1 0 1 1 1 1 1 1 1 0 0 1 1 1 0 1 0 0 0 1 0 0 0 0 0 1 0 1 1 1 0 1 1 0 0 0 1 1 1 1 1 1 1 1 0 1 0 0 0 0 0 0 0 0 1 1 1 0 0 0 1 0 0 0 0 1 1 0 0 1 1 0 1 0 1 1 1 0 0 1 1 0 1 0 0 1 1 1 0 1 1 1 1 0 1 0 27736.0 27870.0 5 0.1909577922903598
1 0 1 1 0 0 1 1 1 0 0 1 1 0 0 1 0 1 1 0 1 1 0 0 0 1 0 0 0 1 0 1 1 1 1 1 1 0 0 1 0 1 1 1 1 1 1 1 0 1 0 1 0 0 1 0 1 1 1 0 0 0 0 0 0 0 0 0 1 1 1 0 0 0 1 0 1 0 1 1 1 0 0 1 1 1 1 0 1 1 1 1 0 1 0 1 1 0 1 1 28392.0 27808.0 5 0.24265646764921406
0 0 0 0 1 0 0 1 1 1 0 0 0 0 1 1 0 1 0 0 0 0 0 0 0 0 1 0 1 1 0 1 1 1 0 1 1 0 0 1 1 1 1 1 1 1 1 1 0 1 0 1 0 0 0 0 0 1 1 0 0 0 0 0 1 0 0 0 0 1 1 1 1 1 1 1 1 0 1 1 1 0 0 1 1 0 1 0 0 1 1 1 0 1 1 1 1 0 1 1 28435.0 27506.0 5 0.15988199276335693
1 0 1 0 0 1 1 1 1 0 1 1 1 0 0 1 1 1 0 0 0 0 0 1 0 0 0 0 0 1 0 1 1 1 0 1 1 0 0 1 1 1 1 1 1 1 1 1 0 1 0 1 0 0 1 0 0 1 1 0 0 0 0 1 0 1 1 1 0 1 0 1 1 1 0 0 0 0 1 1 1 0 0 1 1 1 1 0 1 1 0 1 0 1 0 1 1 0 1 1 28725.0 27439.0 5 0.11566587017335227
1 0 1 0 1 0 1 1 1 0 1 1 1 0 0 1 1 1 0 0 0 0 0 1 0 0 0 0 0 1 0 1 1 1 0 1 1 0 0 1 1 1 1 1 1 1 1 1 0 1 0 1 0 0 0 0 0 1 1 0 1 0 0 0 0 0 0 0 1 1 0 1 1 1 0 1 0 1 1 1 1 0 0 0 0 1 1 0 1 1 0 1 0 1 0 1 1 0 1 1 28744.0 27308.0 5 0.08906685509292032
1 0 1 0 1 0 1 1 1 0 1 1 1 0 0 1 1 1 0 0 0 0 0 1 1 0 0 0 0 1 0 0 1 1 0 1 1 0 0 1 1 1 1 1 1 1 1 1 0 1 0 1 0 0 1 0 0 1 1 0 0 0 0 0 1 0 0 0 0 1 1 1 1 1 1 1 1 0 1 1 1 0 0 0 0 1 1 0 1 1 0 1 0 1 0 1 1 0 1 1 28916.0 27239.0 5 0.08827259358173388
1 0 1 0 0 1 1 1 1 0 1 1 1 0 0 1 1 1 0 0 0 0 0 1 0 0 0 0 0 1 0 1 1 1 1 1 1 0 0 1 1 1 1 1 1 1 1 1 0 1 0 1 0 0 1 0 1 1 1 0 0 0 0 0 1 0 0 1 0 1 0 1 1 1 0 1 0 0 1 1 1 0 0 0 0 1 1 0 1 1 0 1 0 1 0 1 1 0 1 1 28974.0 27151.0 5 0.24520746766717222
1 0 1 0 1 0 1 1 1 0 1 1 1 0 0 1 1 1 0 0 0 0 0 1 0 0 0 0 0 1 0 1 1 1 0 1 1 0 0 0 1 1 1 1 1 1 1 1 0 1 0 0 0 1 0 0 0 0 1 1 1 0 0 0 1 0 0 1 0 1 0 1 0 1 0 1 0 1 1 1 1 0 0 0 0 1 1 0 1 1 0 1 0 1 0 1 1 0 1 1 29319.0 26564.0 5 0.27726858121942266
1 0 1 0 0 1 1 1 1 0 1 1 1 0 0 1 1 1 0 0 0 0 0 1 0 0 0 0 0 1 0 1 1 1 0 1 1 0 0 0 1 1 1 1 1 1 1 1 0 1 0 0 0 1 0 0 0 0 1 1 1 0 0 0 1 0 0 1 0 1 0 1 1 1 0 1 0 1 1 1 1 0 0 0 0 1 1 0 1 1 0 1 0 1 0 1 1 0 1 1 29505.0 26464.0 5 0.17066563816989058
0 0 1 0 1 0 1 1 1 0 1 1 1 0 0 1 1 1 0 0 0 0 0 1 0 0 0 0 1 1 0 1 1 1 0 1 1 0 0 1 1 1 1 1 1 1 1 1 0 1 0 1 1 0 1 0 0 1 1 0 0 1 0 1 0 1 0 1 0 1 0 1 1 1 0 1 0 0 0 1 1 0 0 0 0 1 1 0 1 1 0 1 0 1 0 1 1 0 1 1 29940.0 26439.0 5 0.13940164075753436
1 0 1 0 1 0 1 1 1 0 1 1 1 0 0 1 1 1 0 0 0 0 0 1 1 0 0 0 0 1 0 0 1 1 0 1 1 0 0 1 1 1 1 1 1 1 1 1 0 1 0 1 0 0 1 0 0 1 1 0 0 1 0 1 0 1 0 1 0 1 0 1 1 1 0 1 0 0 1 1 1 0 0 0 0 1 1 0 1 1 0 0 1 1 0 1 1 0 1 1 29960.0 26309.0 5 0.2933806246695702
1 0 1 0 0 1 1 1 1 0 1 1 1 0 0 1 1 1 0 0 0 0 0 1 0 0 1 0 0 1 0 1 1 1 0 1 1 0 0 1 1 1 1 1 1 1 1 1 0 1 0 1 1 0 1 0 0 1 1 0 0 1 0 1 0 1 0 1 0 1 0 1 1 1 0 1 0 0 0 1 1 0 0 0 0 1 1 0 1 1 0 1 0 1 0 1 1 0 1 1 30167.0 25373.0 5 0.3486685025562344
1 0 1 0 1 0 1 1 1 0 1 1 1 0 0 1 1 1 0 0 0 0 0 1 0 0 1 0 1 1 1 1 0 1 1 0 0 0 0 0 0 0 0 1 1 0 1 1 0 1 0 1 0 0 1 0 0 0 1 1 1 0 1 1 0 0 0 0 0 1 1 1 1 1 1 1 1 0 1 1 1 0 0 1 1 1 0 0 1 1 1 0 0 1 0 1 0 0 1 0 30362.0 25176.0 5 0.45405578899497057
1 1 1 1 0 0 0 1 1 1 1 0 1 0 1 1 0 1 0 0 0 0 0 0 0 0 1 0 1 1 1 1 0 1 1 0 0 0 0 0 0 1 1 0 1 1 1 1 0 1 1 1 1 0 1 0 0 0 0 0 1 1 0 1 0 1 0 1 0 1 0 1 1 0 1 0 1 0 1 1 1 0 0 0 0 1 1 0 1 1 0 1 0 1 0 1 1 0 1 1 30529.0 23734.0 5 2000000000000000.0
1 0 1 0 1 0 1 1 1 0 1 1 1 0 0 1 1 1 0 0 0 0 0 1 0 0 0 0 0 1 0 1 1 1 0 1 1 0 0 1 1 1 1 1 1 1 1 1 0 1 0 1 0 0 1 0 0 0 1 0 0 0 0 0 1 0 0 0 0 0 0 1 1 1 1 0 1 0 1 1 1 0 0 1 1 0 1 1 0 1 1 1 0 1 0 1 1 1 0 0 26065.0 28134.0 6 2000000000000000.0
1 0 1 0 0 1 1 1 1 0 1 1 1 0 0 1 1 1 0 0 0 0 0 1 0 0 0 0 0 1 0 1 1 1 0 1 1 0 0 1 1 1 1 1 1 1 1 1 0 1 0 1 0 0 1 0 1 1 1 0 0 0 0 0 1 1 0 0 0 1 1 0 0 1 1 0 1 0 1 1 1 0 0 1 1 0 1 0 0 1 0 1 0 1 1 1 1 0 1 0 26147.0 28035.0 6 0.2720542716207134
1 0 1 0 1 0 1 1 1 0 1 1 1 0 0 1 1 1 0 0 0 0 0 1 0 0 0 0 0 1 0 0 1 1 0 1 1 0 0 1 1 1 1 1 1 1 1 1 0 1 0 1 0 0 1 0 0 1 1 0 0 0 0 0 1 0 0 0 0 1 1 0 1 1 1 1 1 0 1 1 1 0 0 1 1 0 1 0 0 1 1 1 0 1 0 1 1 0 1 1 27025.0 27857.0 6 0.5514811676384256
1 0 0 0 1 0 1 1 1 0 1 1 1 0 0 1 1 1 0 0 0 0 0 1 0 0 0 0 0 1 0 1 1 1 0 1 1 0 0 1 1 1 1 1 1 1 1 1 0 1 0 1 0 0 1 0 0 0 1 0 0 0 0 0 1 0 0 0 0 0 0 1 1 1 1 1 1 0 1 1 1 0 0 1 1 1 1 0 1 1 0 1 0 1 0 1 1 0 1 1 28364.0 27805.0 6 0.5447194793589738
1 0 1 0 1 0 1 1 1 0 1 1 1 0 1 1 1 1 0 0 0 0 0 1 0 0 0 0 0 1 0 1 1 1 0 1 1 0 0 1 0 1 1 1 1 1 1 1 0 1 0 1 0 0 1 0 1 1 1 0 0 0 0 1 0 1 1 1 0 1 0 1 1 1 0 0 0 0 1 1 1 0 0 0 0 0 1 0 1 1 0 1 0 1 0 1 1 0 1 1 28879.0 27219.0 6 0.27705385577669106
1 0 1 0 1 0 1 1 0 0 0 0 1 0 1 1 1 1 0 0 0 0 0 1 0 0 0 0 0 1 0 1 1 1 0 1 1 0 0 0 1 1 1 1 1 1 1 1 0 1 0 0 0 0 0 0 0 0 1 1 1 0 1 1 0 1 0 0 0 1 1 1 1 0 1 1 0 0 1 1 1 0 0 1 1 0 1 1 0 1 1 0 0 1 1 1 1 1 0 1 28933.0 27023.0 6 0.20321839633781774
1 0 1 0 1 0 1 1 1 0 1 1 1 0 1 1 1 1 0 0 0 0 0 1 1 0 0 0 0 1 0 1 1 1 0 1 1 0 0 1 0 1 1 1 1 1 1 1 0 1 0 0 0 1 0 0 0 0 0 1 1 0 0 0 1 0 0 1 0 1 0 1 1 0 0 1 0 1 1 1 1 0 0 0 0 1 1 0 1 1 0 1 0 1 1 1 1 0 1 1 29229.0 26563.0 6 0.3377235860067449
1 0 1 0 1 0 1 1 1 1 1 1 0 0 0 1 1 1 0 1 0 0 0 1 0 1 0 0 0 1 0 1 1 1 0 1 1 0 0 0 1 1 1 1 1 1 1 1 0 0 0 1 0 0 1 0 1 1 1 0 0 0 0 1 0 1 1 1 0 1 0 1 1 1 1 0 0 0 1 1 1 0 0 0 0 0 1 0 1 1 0 1 0 1 0 1 1 0 1 1 29805.0 26288.0 6 0.22523522050585498
1 1 1 0 1 0 1 1 1 0 1 1 1 0 0 1 1 1 0 0 0 0 0 1 0 0 0 0 0 1 0 1 1 1 0 1 1 0 0 1 1 1 1 1 1 1 1 1 0 1 0 1 1 0 1 0 0 1 1 0 0 1 0 1 0 1 0 1 0 1 0 1 1 1 0 1 0 0 0 1 1 0 0 0 0 1 1 0 1 1 0 1 0 1 0 1 1 0 1 1 29890.0 26170.0 6 0.15450387014319134
1 0 1 0 1 0 1 1 1 0 1 1 1 1 0 1 1 1 0 1 0 0 0 1 0 0 0 0 0 1 0 1 1 1 0 1 1 0 0 0 0 0 0 1 0 0 1 1 0 1 1 1 1 0 0 1 0 0 0 1 0 1 0 1 0 0 0 1 0 1 1 1 1 1 0 1 1 0 1 1 1 0 0 0 0 1 1 0 1 1 0 1 0 1 0 1 1 0 1 1 29954.0 25646.0 6 0.2730667819711471
1 0 1 0 1 0 1 1 0 0 0 0 1 0 1 1 1 1 1 0 0 1 1 0 1 1 1 0 0 0 0 1 1 0 1 1 0 1 0 1 1 1 0 0 1 1 1 1 0 0 0 0 0 1 0 0 1 0 1 1 1 0 1 1 0 0 0 0 0 1 1 1 1 1 1 1 1 0 1 1 1 0 0 1 1 1 0 0 1 1 1 0 0 1 0 1 0 0 1 0 30019.0 24871.0 6 0.31169458695727714
1 0 1 0 1 0 1 1 0 0 0 0 1 0 1 1 1 1 1 0 0 1 1 0 1 1 1 0 0 0 0 1 1 0 1 1 0 1 0 1 1 1 0 0 1 1 1 1 0 1 0 1 0 0 1 0 0 0 1 0 1 1 0 1 0 1 0 1 0 1 0 1 1 0 1 0 1 0 1 1 1 0 0 0 0 1 1 0 1 1 0 1 0 1 0 1 1 0 1 1 30352.0 24470.0 6 0.4817058502054521
1 0 1 0 1 0 1 1 1 1 1 1 1 0 0 1 1 1 0 0 0 0 0 1 0 0 1 0 1 1 1 1 1 1 0 0 0 0 0 1 1 1 0 0 1 1 1 1 0 1 1 0 1 0 1 0 0 0 1 1 1 0 1 1 0 1 0 0 0 1 1 1 1 0 1 1 0 0 0 1 0 0 0 0 0 1 1 0 1 1 0 1 0 1 0 1 1 0 1 1 30426.0 22799.0 6 2000000000000000.0
1 0 0 0 1 0 1 1 0 0 0 0 0 0 1 1 1 1 0 0 0 0 0 1 0 0 0 0 0 1 0 1 1 1 0 1 1 0 0 1 1 1 1 1 1 1 1 1 1 1 0 1 0 0 1 0 1 1 1 0 0 0 0 0 1 0 0 0 0 1 1 0 0 1 1 0 1 0 1 1 1 0 0 1 1 0 1 0 0 1 1 1 0 1 1 1 1 1 0 1 26133.0 27981.0 7 2000000000000000.0
1 0 1 0 1 0 1 1 0 1 1 0 1 0 1 1 0 1 0 0 0 0 0 1 0 0 0 0 0 1 0 1 1 1 0 1 1 1 0 1 1 1 1 1 1 1 1 1 0 1 0 1 0 0 1 0 1 1 1 0 0 0 0 0 1 0 1 0 0 1 1 0 0 0 1 0 1 0 1 1 1 0 0 1 1 0 1 0 0 1 1 1 0 1 0 1 1 1 0 1 26195.0 27780.0 7 0.4711414717654211
1 0 1 0 1 0 1 1 1 0 1 1 1 0 0 1 1 1 0 0 0 0 0 1 0 0 0 0 0 1 0 1 1 1 0 1 1 0 0 1 1 1 1 1 1 1 1 1 0 1 0 1 0 0 0 0 0 1 1 0 0 0 0 0 1 0 0 0 0 1 1 1 1 1 1 1 1 0 1 1 1 0 0 1 1 1 0 0 1 1 1 0 0 1 0 1 0 0 1 0 27914.0 27716.0 7 0.5602930301349476
1 0 1 0 0 1 1 1 1 0 0 1 1 0 0 1 0 1 1 0 1 1 0 0 0 1 0 0 0 1 0 1 1 1 1 1 1 0 0 1 1 1 1 1 1 1 1 1 0 1 0 1 0 0 1 0 1 1 1 0 0 0 0 0 0 0 0 0 1 1 1 0 0 0 1 0 1 0 1 1 1 0 0 1 1 1 1 0 1 1 0 1 0 1 0 1 1 0 1 1 28260.0 27395.0 7 0.21632626478715877
1 1 1 0 0 1 1 1 1 0 1 1 1 0 0 1 1 1 0 0 0 0 0 1 0 0 0 0 0 1 0 1 1 1 1 1 1 0 0 1 1 1 1 1 1 1 1 1 0 1 0 1 0 0 1 0 1 1 1 0 0 0 0 1 0 1 1 1 0 1 0 1 1 1 0 0 0 0 1 1 1 0 0 0 0 1 1 0 1 1 1 0 0 1 0 1 1 1 0 0 28409.0 27169.0 7 0.11715713109223676
1 0 1 0 0 1 1 1 1 0 1 1 1 0 0 1 1 1 0 0 0 0 0 1 0 0 0 0 0 1 0 1 0 1 0 1 1 0 0 1 1 1 1 1 1 1 1 1 0 1 0 1 0 0 1 0 1 1 1 0 1 0 0 0 1 0 0 0 0 1 0 1 1 1 0 1 0 0 1 1 1 1 0 0 0 1 1 0 1 1 0 1 0 1 1 1 1 0 1 0 28570.0 27154.0 7 0.09325516875433469
1 0 1 0 1 0 1 1 1 0 1 1 1 0 0 1 1 1 0 0 0 0 0 1 0 0 0 0 0 1 0 1 1 1 0 1 1 0 0 1 1 1 1 1 1 1 1 1 0 1 0 1 0 0 1 0 0 1 1 1 0 1 0 1 1 0 0 0 0 1 1 0 0 0 1 0 1 0 1 1 1 0 0 1 0 1 1 0 1 1 0 1 0 1 0 1 1 0 1 1 28752.0 27104.0 7 0.08392518001502848
1 1 1 1 0 0 0 1 1 1 1 0 1 0 1 1 0 1 0 0 0 0 0 0 0 0 1 0 1 1 1 1 0 1 1 0 0 0 0 0 0 1 1 0 1 1 1 1 0 1 0 1 0 0 1 0 0 1 1 0 0 0 0 0 1 0 0 0 0 1 1 1 1 1 1 1 1 0 1 1 1 0 0 1 1 0 1 0 0 1 1 1 0 1 0 1 1 1 0 1 28788.0 26976.0 7 0.07004379425344345
0 0 1 0 0 1 1 1 1 0 1 1 1 0 0 1 1 1 0 0 0 0 0 1 0 0 0 0 0 1 0 1 1 1 0 1 1 0 0 1 1 1 1 1 1 1 1 1 0 1 0 1 0 0 1 0 0 1 1 0 0 0 0 0 1 0 0 0 0 1 1 1 1 1 1 1 1 0 1 1 1 0 0 0 0 1 1 0 1 1 0 1 0 1 0 1 1 0 1 1 28860.0 26858.0 7 0.12774704496834038
1 0 1 0 1 0 1 1 0 0 0 1 1 0 0 1 1 1 0 0 0 0 0 1 0 0 0 0 0 1 0 1 1 1 0 1 1 0 0 0 1 1 1 1 1 1 1 1 0 1 0 0 0 1 0 0 0 0 1 1 1 0 0 0 1 0 0 1 0 1 0 1 1 1 0 1 0 1 1 1 1 0 0 0 0 1 1 0 1 1 0 1 0 1 0 1 1 0 1 1 28902.0 26418.0 7 0.1774093442146651
0 0 1 0 0 1 1 1 1 0 1 1 1 0 0 1 1 1 0 0 0 0 0 1 0 0 0 0 0 1 0 1 1 1 0 1 1 0 0 0 1 1 1 1 1 1 1 1 0 1 0 0 0 1 0 0 0 0 1 1 1 0 0 0 1 0 0 1 0 1 0 1 1 1 0 1 0 1 1 1 1 0 0 0 0 1 1 0 1 1 0 1 0 1 0 1 1 0 1 1 29189.0 26308.0 7 0.2717944839409005
1 0 1 0 1 0 1 1 1 0 1 0 1 1 1 0 0 0 1 0 0 0 0 0 0 0 1 0 1 1 1 1 0 1 1 0 0 1 0 0 0 0 1 0 1 1 1 1 0 1 1 1 1 0 1 0 0 0 1 0 1 1 1 1 0 1 0 1 0 1 0 1 1 0 1 0 1 0 1 1 1 0 0 1 1 0 1 0 0 1 1 1 0 1 1 1 1 1 0 1 29836.0 26142.0 7 0.2790344015385554
1 0 1 0 1 0 1 1 1 0 1 1 1 0 0 1 1 1 0 1 0 0 0 1 0 0 0 0 0 1 0 1 1 1 0 1 1 0 0 0 0 1 1 0 1 1 1 1 0 1 1 1 1 0 1 0 0 0 0 0 1 1 0 1 0 1 0 1 0 1 0 1 1 0 1 0 1 0 1 1 1 0 0 0 0 1 1 0 1 1 0 1 0 1 0 1 1 0 1 1 29878.0 25669.0 7 0.12210649398669135
1 0 1 0 1 0 1 1 1 0 1 0 1 1 1 0 0 0 1 0 0 0 0 0 0 0 1 0 1 1 1 1 0 1 1 0 0 0 0 0 0 1 1 0 1 1 1 1 0 1 1 1 1 0 1 0 0 0 1 0 1 1 1 1 0 1 0 1 0 1 0 1 1 0 1 0 1 0 1 1 1 0 0 1 1 1 0 1 1 1 1 0 0 0 1 1 1 0 1 0 29946.0 25610.0 7 0.38205954241727225
1 0 1 0 1 0 1 1 0 1 1 0 1 0 1 1 0 1 0 0 0 0 0 1 0 0 0 0 0 1 0 1 1 1 0 1 1 1 0 1 1 1 0 0 0 1 1 1 0 1 0 1 0 0 1 0 0 0 1 1 1 0 1 1 0 1 0 0 0 1 1 1 1 0 1 1 0 0 1 1 0 0 1 0 0 1 1 0 1 1 0 1 0 1 0 1 1 0 1 1 30234.0 24020.0 7 0.6659838820820394
0 0 0 0 1 0 1 1 0 1 1 0 1 1 1 1 0 1 0 0 0 0 0 1 0 0 1 0 1 1 1 1 1 1 0 0 0 0 0 1 1 1 0 0 1 1 1 1 0 1 1 0 1 0 1 0 0 0 1 1 1 0 1 1 0 1 0 0 0 1 1 1 1 0 1 1 0 0 0 1 0 0 0 0 0 1 1 0 1 1 0 1 0 1 0 1 1 0 1 1 30340.0 22437.0 7 2000000000000000.0
1 0 1 0 0 1 1 1 1 0 1 1 1 0 0 1 1 1 0 0 0 0 0 1 0 0 0 0 0 1 0 1 1 1 0 1 1 0 0 1 1 1 1 1 1 1 1 1 0 1 0 1 0 0 1 0 1 1 1 0 0 0 0 0 1 0 0 0 0 1 1 0 0 1 1 0 1 0 1 1 1 0 0 1 1 0 1 0 0 1 1 1 0 1 1 1 1 0 1 0 26007.0 27932.0 8 2000000000000000.0
1 0 1 0 1 0 1 1 1 0 1 1 1 0 0 1 1 1 0 0 0 0 0 1 0 0 1 0 1 1 1 1 0 1 1 0 0 0 0 0 0 0 0 1 1 0 1 1 0 1 1 1 1 0 0 1 0 0 0 1 0 1 0 1 0 1 0 1 0 1 0 1 1 1 0 1 0 0 1 1 1 0 0 0 0 1 1 0 1 1 0 0 1 1 0 1 1 0 1 1 30122.0 23745.0 8 2000000000000000.0
