1 0 1 0 1 0 1 1 0 0 0 0 0 0 1 1 1 1 0 0 0 0 0 1 0 0 0 0 0 1 0 1 1 1 0 1 1 0 0 1 1 1 1 1 1 1 0 0 1 0 0 0 0 1 1 1 0 1 1 0 0 0 0 0 1 0 0 0 0 0 1 1 1 1 1 1 1 0 1 1 1 0 0 1 1 1 0 1 1 1 1 0 0 0 1 1 1 0 1 0 25502.0 24239.0 0 2000000000000000.0
0 1 0 1 0 0 0 1 0 0 1 0 0 1 1 0 0 0 1 1 0 1 1 0 1 1 1 0 0 1 1 1 0 0 1 0 0 1 0 1 0 1 0 0 1 1 1 1 0 0 1 1 0 1 0 0 1 0 1 1 1 0 0 0 0 0 0 0 1 0 1 1 1 1 0 1 0 0 0 1 1 0 1 1 0 1 0 0 0 1 0 1 0 1 1 1 0 1 0 0 25570.0 21433.0 0 0.9888072479304015
1 0 0 0 1 0 0 1 1 1 0 0 0 1 1 0 0 1 0 0 0 0 1 1 0 0 1 0 1 1 1 0 1 0 1 0 0 1 1 0 0 1 0 0 0 1 0 1 1 1 1 0 0 0 0 1 1 1 1 1 0 1 0 1 1 1 1 0 0 1 1 1 1 0 1 1 0 0 0 1 1 0 1 0 1 0 0 0 0 0 0 1 0 0 1 1 0 1 1 0 25801.0 20849.0 0 0.40725090822462245
1 0 0 1 0 0 1 0 0 1 0 0 0 1 1 0 0 1 0 0 0 0 1 1 0 0 1 0 1 1 1 0 1 0 1 0 0 1 1 0 0 1 0 0 0 1 0 1 1 1 1 0 0 0 0 1 1 1 1 1 0 1 0 1 1 1 1 0 0 1 1 1 1 0 1 1 0 0 0 1 1 0 1 0 1 0 0 0 0 0 0 1 1 0 1 1 0 1 1 0 25808.0 20497.0 0 0.38517881603238036
0 1 0 1 0 0 0 1 0 0 1 0 0 1 1 0 0 0 1 1 0 1 1 0 1 1 1 0 0 0 1 1 0 0 1 1 0 1 0 1 0 1 0 0 1 1 1 1 0 0 0 0 0 1 0 0 1 0 1 1 1 0 1 1 0 1 0 0 0 1 1 1 1 0 1 1 0 0 0 1 1 0 1 0 1 0 0 0 0 0 0 1 0 0 1 1 0 1 1 0 25979.0 19775.0 0 0.9292857780953417
0 1 0 1 0 0 0 1 0 0 1 0 0 1 1 0 0 0 1 1 0 1 1 0 1 1 1 0 0 0 1 1 0 0 1 1 0 1 0 1 0 1 0 0 1 1 1 1 0 0 0 0 1 0 0 1 1 1 1 1 0 1 0 1 1 0 0 1 1 0 1 1 1 0 1 1 0 0 0 1 1 0 0 0 0 1 1 0 0 0 0 1 0 1 0 0 1 1 1 1 26660.0 19599.0 0 2000000000000000.0
1 0 1 0 1 0 1 1 0 0 1 0 0 0 1 1 1 1 0 0 0 0 0 1 0 0 0 1 0 1 0 1 1 1 0 0 0 0 0 1 1 0 1 1 0 1 1 1 0 1 0 1 0 0 1 0 1 1 1 0 0 0 0 0 1 0 0 0 0 1 1 0 0 0 1 0 1 0 1 1 1 0 0 1 1 1 0 1 1 1 1 0 0 0 1 1 1 0 1 0 22439.0 23318.0 1 2000000000000000.0
0 0 1 0 0 1 1 0 1 0 0 1 1 0 0 1 0 1 1 0 1 1 0 0 0 1 0 0 1 1 0 0 0 0 1 1 0 0 0 1 1 1 0 0 1 1 1 1 0 1 1 1 1 0 1 0 0 0 1 0 0 0 0 1 1 0 1 0 1 0 0 1 0 0 1 1 1 0 0 0 1 0 0 1 1 0 1 0 0 1 1 1 0 1 0 1 1 1 0 1 24151.0 23263.0 1 0.7869443008294895
0 0 0 0 1 0 1 1 0 1 1 0 1 0 1 1 0 1 0 0 0 0 0 0 0 0 0 0 1 0 1 0 0 1 1 0 1 1 0 1 0 1 0 0 1 1 1 1 0 1 0 0 0 0 1 0 1 1 1 1 1 0 1 0 0 0 0 0 1 1 1 1 1 0 0 0 0 0 0 1 1 0 0 1 1 0 1 0 0 1 1 1 0 1 0 1 1 1 0 1 24497.0 22725.0 1 0.7073733323551543
1 0 0 0 1 0 0 1 1 1 0 0 0 1 1 1 0 1 0 1 0 1 1 0 1 1 1 0 0 0 1 1 0 0 1 1 0 1 0 1 0 1 0 0 1 1 1 1 0 0 0 0 0 1 0 0 0 0 1 1 1 0 1 1 0 1 0 0 0 0 0 0 0 1 0 1 0 1 1 0 0 0 1 0 1 0 1 0 0 0 0 1 0 1 0 0 1 1 1 1 25223.0 21656.0 1 0.6113125103119874
1 0 0 0 1 0 0 1 0 1 0 0 0 1 1 1 0 1 1 0 1 1 0 0 0 1 0 0 1 1 1 0 0 0 0 1 0 0 0 0 0 0 0 1 1 0 1 0 1 0 0 0 1 0 0 1 1 1 1 0 0 1 0 1 1 1 1 0 0 1 1 1 1 0 1 1 0 1 0 1 0 0 0 0 0 1 1 0 1 1 1 1 0 1 0 1 1 1 0 1 25240.0 21083.0 1 0.7384227919844424
1 0 0 1 0 0 1 0 0 0 1 0 1 1 0 1 1 0 0 0 1 1 0 0 1 1 0 0 1 1 1 0 0 0 0 0 0 1 1 1 0 1 0 1 1 0 1 0 0 0 0 0 0 1 0 0 1 0 0 1 1 0 0 1 1 1 1 0 0 1 1 1 1 0 1 1 0 0 0 1 1 0 0 0 0 1 1 0 1 1 0 1 0 1 0 1 1 0 1 1 25600.0 18954.0 1 2000000000000000.0
0 1 1 0 1 0 0 1 1 1 0 0 0 1 0 1 1 1 0 0 0 0 0 1 0 0 0 1 0 1 0 1 1 1 0 0 0 0 0 1 1 0 1 1 0 1 1 1 0 1 0 1 0 0 1 0 1 1 1 0 0 0 0 0 1 0 0 0 0 1 1 0 0 0 1 0 1 0 1 1 1 0 0 1 1 1 0 1 1 1 1 0 0 0 1 1 1 0 1 0 22392.0 23151.0 2 2000000000000000.0
0 0 1 0 0 1 1 0 1 0 0 1 1 0 0 1 0 1 0 0 1 1 0 0 0 1 0 0 1 1 0 0 0 0 1 1 0 0 0 1 1 1 0 0 1 1 1 1 0 1 1 1 1 0 1 0 0 0 1 0 0 0 0 1 1 0 1 0 1 0 0 1 0 0 1 1 1 0 0 0 1 0 0 1 1 0 1 0 0 1 1 1 0 1 0 1 1 1 0 1 23886.0 23148.0 2 0.8503502861096047
1 0 1 0 1 0 1 1 0 0 0 0 0 0 1 1 1 1 0 0 0 0 0 1 0 0 0 0 0 1 0 1 1 1 0 0 0 0 0 1 1 1 0 0 1 1 1 1 0 1 1 1 1 0 1 0 0 0 1 0 0 0 0 1 1 0 1 0 1 0 0 1 0 0 1 1 1 0 0 0 1 0 0 1 1 0 1 1 0 1 1 1 0 1 0 1 1 1 0 1 24126.0 22462.0 2 0.6693198935449268
1 0 0 0 1 0 0 1 1 1 0 0 0 1 1 0 0 1 0 0 0 0 1 1 0 0 1 0 1 1 1 0 1 0 1 0 0 1 1 0 0 1 0 0 0 1 0 1 1 1 1 0 0 0 0 0 0 0 1 0 0 1 0 1 1 0 1 1 1 0 1 0 0 0 1 0 1 0 1 0 1 0 0 1 1 1 0 1 1 1 1 1 0 0 1 1 1 0 1 0 24152.0 21437.0 2 0.779664602113615
1 0 0 0 1 0 0 1 0 1 0 0 0 1 1 0 0 1 0 0 0 0 1 1 1 0 1 0 1 1 1 0 1 0 1 0 0 1 1 1 1 1 0 0 1 1 1 1 0 1 1 1 1 0 1 0 0 0 1 0 0 0 0 1 1 0 1 0 1 0 0 1 0 0 1 1 1 0 1 1 0 0 1 0 1 0 0 1 1 0 1 0 0 0 1 1 0 1 1 0 24718.0 20769.0 2 0.5511859225455067
0 1 0 0 1 0 0 1 1 1 0 1 1 0 0 1 0 1 1 0 1 1 0 0 0 1 0 0 1 1 1 0 0 0 0 1 0 0 0 0 0 0 0 1 1 0 1 0 1 0 0 0 1 0 0 1 1 1 1 0 0 1 0 1 1 1 1 0 0 1 1 1 1 0 1 1 0 0 0 1 0 0 0 0 0 1 1 0 1 1 1 1 0 1 0 1 1 1 0 1 24970.0 20665.0 2 0.3317901018182743
0 1 0 0 0 1 1 0 1 0 1 1 1 0 0 1 0 1 1 0 1 1 0 0 0 1 0 0 1 1 1 0 0 0 0 1 0 0 0 0 0 0 0 1 1 0 1 0 1 0 0 0 1 0 0 1 1 1 1 1 0 1 0 1 1 1 1 0 0 1 1 1 1 0 1 1 0 0 0 1 0 0 0 0 0 1 1 0 1 1 1 1 0 1 0 1 1 1 0 1 25102.0 20189.0 2 0.2451061991838779
0 1 0 1 0 0 0 1 0 0 1 0 0 1 1 0 0 0 1 1 0 1 1 0 1 1 1 0 0 0 1 1 0 0 1 1 0 1 0 1 0 1 0 0 1 1 1 1 0 0 0 0 0 1 0 0 0 1 1 1 1 0 1 1 0 1 0 0 0 0 1 1 1 1 0 1 0 1 0 0 0 0 1 0 1 0 1 0 0 1 0 1 0 1 0 0 1 1 1 1 25193.0 20172.0 2 2000000000000000.0
0 0 0 0 1 0 1 1 0 1 1 0 1 0 1 1 0 1 0 0 0 0 0 0 0 0 0 0 1 0 1 0 0 1 1 0 1 1 0 1 0 1 0 0 1 1 1 1 0 1 0 1 0 0 1 0 1 1 1 0 0 0 0 0 1 0 0 0 0 1 1 0 0 0 1 0 1 0 1 1 1 0 0 1 1 1 0 1 1 1 1 0 0 0 1 1 1 0 1 0 22717.0 22973.0 3 2000000000000000.0
0 0 1 0 0 1 1 0 1 0 0 1 1 0 0 1 0 1 1 0 1 1 0 0 0 1 0 0 1 1 0 0 0 0 1 1 0 0 0 1 1 1 0 0 1 1 1 1 0 1 1 1 1 0 1 0 0 0 1 0 0 0 0 1 1 0 1 0 1 0 0 1 0 0 1 1 1 0 0 0 1 0 0 1 1 0 1 0 0 1 0 1 0 1 1 1 0 1 0 0 23286.0 22735.0 3 0.5039695434146653
1 0 1 0 1 0 1 1 0 0 0 0 0 0 1 1 1 1 0 0 0 0 0 1 0 0 0 0 0 1 0 1 1 1 0 0 0 0 0 1 1 0 1 0 0 1 1 1 0 0 1 1 0 1 0 0 1 0 1 1 1 0 1 0 0 0 0 0 0 0 1 1 1 1 0 1 0 1 0 0 1 0 0 1 1 0 1 0 0 1 1 1 0 1 0 1 1 1 0 1 23762.0 22723.0 3 0.5559306032476325
1 0 0 0 1 0 0 1 0 1 0 0 0 1 1 1 0 1 1 0 1 1 0 0 0 1 0 0 1 1 1 0 0 0 0 1 0 0 0 0 0 0 0 1 1 0 1 0 1 0 0 0 1 0 0 1 1 0 1 0 0 1 0 1 1 1 1 0 0 1 1 1 1 0 1 1 0 1 1 0 0 0 1 0 1 0 1 0 0 0 0 1 0 1 0 0 1 1 1 1 23784.0 21056.0 3 0.5150579184487031
0 1 0 1 0 0 0 1 0 0 1 0 0 1 1 0 0 0 1 1 0 1 1 0 1 1 1 0 0 0 1 1 1 0 1 1 0 1 0 1 0 1 0 0 1 1 1 1 0 0 0 0 0 1 0 0 0 0 1 0 0 1 0 1 1 0 1 1 1 0 1 0 0 0 1 0 1 0 1 0 1 0 0 1 1 1 0 1 1 1 1 1 0 0 1 1 1 0 1 0 24086.0 20873.0 3 0.5253958565694861
0 0 1 0 0 1 1 0 1 0 0 1 1 0 0 1 0 1 1 0 1 1 0 0 0 1 0 0 1 1 0 0 0 0 1 1 0 0 0 1 1 1 0 0 1 1 1 1 0 1 1 1 1 0 1 0 1 1 1 1 0 1 0 1 1 0 1 1 1 0 1 1 1 0 1 1 0 0 0 1 1 0 0 0 0 1 1 0 1 1 1 0 0 0 1 0 0 0 0 0 24793.0 20623.0 3 0.5210688786039679
0 1 0 1 0 0 0 1 0 0 1 0 0 1 1 0 0 0 1 0 0 0 1 1 0 0 1 0 1 1 1 0 1 0 1 0 0 1 1 0 0 1 0 0 0 1 0 1 1 1 1 0 1 0 0 1 1 1 1 1 0 1 0 1 1 1 1 0 0 1 1 1 1 0 1 1 0 0 0 1 1 0 1 0 1 0 0 0 0 0 0 1 0 0 1 1 0 1 1 0 24806.0 19842.0 3 0.4381194727181617
1 0 0 1 0 0 1 0 0 0 1 0 1 1 0 1 1 0 0 0 1 1 0 0 1 1 0 0 1 1 1 0 0 0 0 0 0 1 1 1 0 1 0 1 1 0 1 0 0 0 0 0 0 1 0 0 1 0 0 1 1 0 0 1 1 1 1 0 0 1 1 1 1 0 1 1 0 0 0 1 1 0 0 0 0 1 0 1 1 1 1 0 0 0 1 1 1 1 1 1 24872.0 18628.0 3 0.4599036595326013
0 1 0 1 0 0 0 1 0 0 1 0 0 1 1 0 0 0 1 1 0 1 1 0 1 1 1 0 0 0 1 1 0 0 1 1 0 1 0 1 0 1 0 0 1 1 1 1 0 0 0 0 0 1 0 0 0 0 1 1 1 0 1 1 0 1 0 0 0 0 1 1 1 0 1 1 0 0 0 1 1 0 0 0 0 1 1 0 1 1 1 0 0 0 1 1 0 0 0 0 25022.0 18033.0 3 2000000000000000.0
1 0 1 0 1 0 1 1 0 0 1 0 0 0 1 1 1 1 0 0 0 0 0 1 0 0 0 1 0 1 0 1 1 1 0 0 0 0 0 1 1 0 1 1 0 1 1 1 0 1 0 1 0 0 1 0 1 1 1 0 0 0 0 0 0 0 0 0 0 1 1 1 1 0 0 0 0 0 0 0 1 0 0 1 1 0 1 0 0 1 1 1 0 1 0 1 1 1 0 1 21285.0 22951.0 4 2000000000000000.0
0 1 1 0 1 1 1 0 1 0 0 1 1 0 1 1 0 1 0 0 0 0 0 0 0 0 0 0 1 0 1 0 0 1 0 0 1 1 0 1 0 1 0 0 1 1 1 1 0 1 0 1 0 0 1 0 1 1 1 0 0 0 0 0 1 0 0 0 0 1 1 0 0 0 1 0 1 0 1 1 1 0 0 1 1 1 0 1 1 1 1 0 0 0 1 1 1 0 1 0 21703.0 22929.0 4 0.5498068294525887
0 1 1 0 0 1 1 0 1 0 0 1 1 0 0 1 0 1 1 0 1 1 0 1 0 0 0 0 0 1 0 1 1 1 0 0 0 0 0 1 1 0 1 1 0 1 1 1 0 0 1 1 0 0 1 0 1 1 1 1 1 0 1 0 0 0 0 0 0 1 1 1 1 0 0 0 0 0 0 0 1 0 0 1 1 0 1 0 0 1 1 1 0 1 0 1 1 1 0 1 22896.0 22709.0 4 0.5435573607896691
1 0 1 0 1 0 1 1 0 0 0 0 0 0 1 1 1 1 0 0 0 0 0 1 0 0 0 0 0 1 0 1 1 1 0 0 0 0 0 1 1 0 1 1 0 1 1 1 0 0 1 1 0 0 0 0 1 1 1 1 1 0 1 0 1 0 0 0 0 1 1 0 0 0 1 0 1 0 1 1 1 0 1 1 1 0 0 1 1 1 1 0 0 0 1 1 1 0 1 0 23253.0 22651.0 4 0.3799749681197637
1 0 0 0 1 0 0 1 1 1 0 0 0 1 1 0 0 1 0 0 0 0 1 1 0 0 1 0 1 1 1 0 1 0 1 0 0 1 1 0 0 1 0 0 0 1 0 1 1 1 1 0 0 0 0 1 1 1 1 1 0 1 0 0 1 0 0 0 0 1 1 0 0 0 1 0 1 0 1 0 1 0 0 1 1 1 0 1 1 1 0 0 0 0 1 1 1 0 1 0 23569.0 22142.0 4 0.6192910782600289
1 1 1 1 1 1 1 0 0 0 1 0 0 1 0 1 0 1 1 1 0 1 0 1 1 1 0 1 0 0 0 0 0 1 0 0 0 0 1 0 0 1 0 0 0 0 0 1 1 0 0 1 0 0 0 0 1 1 1 1 1 0 1 0 0 0 0 0 0 1 1 1 1 0 0 0 0 0 0 0 1 0 0 0 1 0 1 0 0 1 1 1 0 1 0 1 1 1 0 1 23743.0 21176.0 4 0.48754876493646043
0 0 1 0 0 1 1 0 1 0 0 1 1 0 0 1 1 1 1 0 1 1 0 0 0 1 0 0 0 1 0 0 0 0 1 1 0 1 0 1 1 1 0 0 1 1 1 1 0 1 1 1 1 0 1 0 1 1 1 1 0 1 0 1 1 0 1 1 1 0 0 1 0 0 1 1 1 0 1 1 0 0 1 0 1 0 0 0 1 0 1 0 0 0 1 1 0 0 0 0 23814.0 20853.0 4 0.31512917394794293
1 1 1 1 1 1 1 0 0 0 1 0 0 1 0 1 0 1 1 1 0 1 0 1 1 0 0 1 1 0 0 0 0 0 0 0 0 1 0 0 0 1 1 1 0 0 1 1 0 1 1 1 0 0 0 1 0 0 0 0 1 1 0 1 0 1 0 1 0 1 0 1 1 0 1 1 0 0 0 1 1 0 1 0 1 0 0 0 0 0 0 1 0 0 1 1 0 1 1 0 24091.0 20515.0 4 0.3136414301232606
1 0 0 0 0 1 1 0 1 0 0 1 1 0 0 0 0 1 0 0 0 0 1 1 0 0 1 0 1 1 1 0 1 0 1 0 0 1 1 0 0 1 0 0 0 1 0 1 1 1 1 0 1 0 0 1 1 1 1 1 0 1 0 1 1 1 1 0 0 1 1 1 1 0 1 1 0 0 0 1 1 0 1 0 1 0 0 0 0 0 0 1 0 0 1 1 0 1 1 0 24212.0 20242.0 4 0.22271808435270646
0 0 0 0 0 0 0 1 0 1 1 1 1 1 0 0 1 0 1 0 1 0 0 1 0 0 1 0 0 1 0 1 1 1 0 0 0 0 0 1 1 0 1 1 0 1 1 1 0 0 1 1 0 0 0 0 1 0 1 1 1 0 0 0 0 0 0 0 1 0 1 1 1 1 0 1 0 0 0 1 1 0 1 1 0 1 0 0 0 1 1 1 0 1 0 1 1 1 0 1 24249.0 19968.0 4 0.2690280073678661
1 0 0 0 1 0 0 1 1 1 0 0 0 1 1 0 0 1 0 0 0 0 1 1 0 0 1 0 1 1 1 0 1 0 1 0 0 1 1 0 0 1 0 0 0 1 0 0 1 1 1 0 0 0 0 1 1 1 1 1 0 1 0 1 1 1 1 0 0 1 1 1 1 0 1 1 0 0 0 1 1 0 1 0 1 0 0 0 0 0 0 1 1 0 1 1 0 0 0 0 24700.0 19851.0 4 2000000000000000.0
0 0 1 0 0 1 1 0 1 0 0 1 1 0 0 1 0 1 1 0 1 1 0 0 0 1 0 0 1 1 1 1 1 1 0 0 0 0 0 1 1 0 1 1 0 1 1 1 0 0 1 1 0 0 1 0 1 1 1 1 1 0 0 0 0 0 0 0 0 1 1 1 1 0 0 0 0 0 0 0 1 0 0 1 1 0 1 0 0 1 1 1 0 1 0 1 1 1 0 1 23227.0 22564.0 5 2000000000000000.0
0 0 1 0 0 1 1 0 1 0 0 1 1 0 0 1 0 1 1 0 1 1 0 0 0 1 0 0 1 1 0 0 0 0 1 1 0 0 0 1 1 1 0 0 1 1 1 1 0 1 1 1 1 1 1 0 0 0 1 0 0 0 0 1 1 0 1 0 1 0 0 1 0 0 1 1 1 0 0 0 0 0 1 0 1 0 1 0 0 0 0 1 0 1 0 0 1 1 1 1 23257.0 21017.0 5 0.6655447482393043
1 0 1 0 1 0 1 1 0 0 0 0 0 0 1 1 1 1 0 0 0 0 0 1 0 0 0 0 0 1 0 1 1 1 0 1 1 0 0 1 1 1 1 1 1 1 0 0 0 0 0 0 0 1 1 1 0 1 1 0 0 0 0 0 1 0 0 0 0 0 1 1 1 1 1 1 1 0 0 1 1 0 0 0 0 1 1 0 1 1 1 0 0 0 0 1 0 1 0 0 23289.0 20625.0 5 0.6968457912866681
1 0 1 0 1 0 1 1 0 0 0 0 0 0 1 1 0 0 0 0 0 1 1 1 0 0 0 0 1 1 1 1 0 1 1 0 0 0 0 0 1 0 0 1 1 0 0 0 1 0 0 0 0 0 0 0 1 1 1 1 1 0 1 0 0 0 0 0 0 0 1 1 1 1 0 1 0 1 0 0 0 0 1 0 1 0 1 0 0 0 0 1 1 1 0 1 1 1 1 1 23848.0 20306.0 5 1.219572172067926
1 0 0 0 1 0 0 1 0 1 0 0 0 1 1 0 0 1 0 0 0 0 1 0 0 0 0 0 1 1 1 0 0 0 0 1 0 0 0 0 0 0 0 1 1 0 1 0 1 1 0 0 1 0 0 1 1 1 1 1 0 1 0 1 1 0 1 1 1 0 1 1 1 0 1 1 0 0 0 1 1 0 0 0 0 1 1 0 0 0 0 1 0 1 0 0 1 1 1 1 24345.0 19435.0 5 0.7876705443873844
1 0 0 0 1 0 0 1 0 1 1 0 0 1 1 0 0 1 0 0 0 0 1 1 0 0 1 0 1 1 1 1 0 1 1 0 0 0 0 0 0 0 0 1 0 0 1 1 0 1 1 1 1 0 0 1 0 0 0 1 0 1 0 1 0 1 0 1 0 1 0 1 1 1 0 1 0 0 1 1 1 0 0 0 0 1 1 0 0 0 0 0 0 0 0 1 0 0 0 0 24482.0 19417.0 5 2000000000000000.0
0 0 1 0 0 1 1 0 1 0 0 1 1 0 0 1 0 1 1 0 1 1 0 1 0 0 0 0 0 1 0 1 1 1 0 0 0 0 0 1 1 0 1 1 0 1 1 1 0 0 1 1 0 0 1 0 1 1 1 1 1 0 1 0 0 0 0 0 0 1 1 1 1 0 0 0 0 0 0 0 1 0 0 1 1 0 1 0 0 1 1 1 0 1 0 1 1 1 0 1 22611.0 22559.0 6 2000000000000000.0
1 0 1 0 1 0 1 1 0 0 1 0 0 0 1 1 1 1 0 0 0 0 0 1 0 0 0 1 0 1 0 1 1 1 0 0 0 0 0 1 1 0 1 1 0 1 1 1 0 0 0 0 0 0 0 0 1 0 1 1 1 0 1 0 0 0 0 0 0 1 1 1 1 0 0 0 0 0 0 1 1 0 0 1 1 0 1 0 0 1 1 1 0 1 0 1 1 1 0 1 23016.0 21947.0 6 0.5057362570975864
0 1 0 0 1 0 0 1 1 1 0 1 1 0 0 1 0 1 1 0 1 1 0 0 0 1 0 0 1 1 0 0 0 0 1 1 0 0 0 1 1 1 0 0 1 1 1 1 0 1 1 1 1 0 1 0 0 0 1 0 0 0 0 1 1 0 1 0 1 0 0 1 0 0 1 1 1 0 1 1 0 0 1 0 1 0 0 0 0 0 0 1 0 0 1 1 0 1 0 0 23158.0 21634.0 6 0.3885237190094535
1 0 0 0 1 0 0 1 1 1 0 0 0 1 1 1 0 1 1 0 1 1 0 1 0 0 0 0 0 1 0 1 1 1 0 0 0 0 0 1 1 0 1 1 0 1 1 1 0 0 1 1 0 0 0 0 1 0 1 1 1 0 0 0 0 0 0 0 0 0 1 1 1 1 0 1 0 1 0 0 0 0 1 0 1 0 1 0 0 0 0 1 0 1 0 0 1 1 1 1 23256.0 20741.0 6 0.49642523972193653
0 0 0 1 0 0 0 1 0 0 1 0 0 1 1 1 0 0 1 1 0 1 1 0 1 1 1 0 0 0 1 1 0 0 1 1 0 1 0 1 0 1 1 0 1 1 1 1 0 0 0 0 0 1 0 0 1 0 0 0 1 1 1 0 0 0 0 1 0 0 1 0 1 0 1 1 0 1 0 0 0 0 1 0 1 0 1 0 0 0 0 1 0 1 1 0 1 1 1 1 23481.0 20138.0 6 0.42884952773205753
0 0 1 0 0 1 1 0 1 0 0 1 1 0 0 1 0 1 1 0 1 1 0 0 0 1 0 0 0 0 1 1 0 0 1 1 0 1 0 1 0 1 0 0 1 1 1 1 0 0 0 0 0 1 0 0 0 1 1 1 1 0 1 1 0 1 0 0 0 0 1 1 1 1 0 1 0 1 0 0 0 0 1 0 1 0 1 0 0 1 0 1 0 1 0 0 1 1 1 1 23772.0 20100.0 6 0.19639641658561846
0 0 1 0 0 1 1 0 1 0 0 1 1 0 0 1 0 1 1 0 1 1 0 0 0 1 0 0 1 1 1 0 0 0 0 1 0 1 0 0 0 0 0 1 1 0 1 0 1 0 0 0 1 0 0 1 1 1 1 0 0 1 0 1 1 1 1 0 0 1 1 1 1 0 1 1 0 0 0 1 0 0 0 0 0 1 1 0 1 1 1 1 0 1 0 1 1 1 0 1 23795.0 20058.0 6 0.30988566822590413
0 0 1 0 0 1 1 0 1 0 0 1 1 0 0 1 0 1 1 0 1 1 0 0 0 0 0 0 1 1 1 0 0 0 0 1 0 0 0 0 0 0 0 1 1 0 1 0 1 0 0 0 1 0 0 1 1 1 1 1 0 1 0 1 1 0 1 1 1 0 1 1 1 0 1 1 0 0 0 1 1 0 0 0 0 1 1 0 0 0 0 1 0 1 0 0 1 1 1 1 23911.0 18994.0 6 0.4605416270219236
1 0 0 0 1 0 0 1 0 1 0 0 0 1 1 0 0 1 0 0 0 0 1 1 0 0 1 0 1 1 1 0 0 1 0 1 0 0 0 0 0 0 0 1 1 0 1 0 1 0 0 0 1 0 0 1 1 1 1 1 0 1 0 1 1 1 1 0 0 1 1 1 1 0 1 1 0 0 0 1 1 0 0 0 0 1 1 0 1 1 1 0 0 0 1 1 0 0 0 0 24167.0 18869.0 6 0.5134682004993429
0 0 1 0 0 0 0 1 1 1 0 0 0 1 0 1 1 1 1 0 1 1 0 0 0 1 0 0 1 1 1 0 0 0 0 0 0 1 1 1 0 1 0 1 1 0 1 0 0 0 0 0 0 1 0 0 1 0 0 1 1 0 0 1 1 1 1 0 0 1 1 1 1 0 1 1 0 0 0 1 1 0 0 0 0 1 0 1 1 1 1 0 0 0 1 1 1 0 1 0 24358.0 17757.0 6 2000000000000000.0
1 0 1 0 1 0 1 1 0 0 0 0 0 0 1 1 1 1 0 0 0 0 0 1 0 0 0 0 0 1 0 1 1 1 0 0 0 0 0 1 1 0 1 1 0 1 1 1 0 0 1 1 0 0 0 0 1 1 1 1 1 0 1 0 0 0 0 0 0 1 1 1 1 0 0 0 0 0 0 0 1 0 0 1 1 0 1 0 0 1 1 1 0 1 0 1 1 1 0 1 22246.0 22322.0 7 2000000000000000.0
1 0 1 0 1 0 1 1 0 1 0 0 0 0 1 1 1 1 0 0 0 0 0 1 0 0 0 0 0 1 0 1 1 1 0 0 0 0 1 1 1 0 1 1 0 1 1 1 0 0 1 1 0 0 1 0 1 0 1 1 1 0 1 0 0 0 0 0 0 0 1 1 1 1 0 1 0 1 0 0 0 0 1 0 1 0 1 0 0 0 0 1 0 1 0 0 1 1 1 1 23126.0 21483.0 7 1.3957254211515657
0 0 1 0 0 1 1 0 1 0 0 1 1 0 0 1 0 1 1 0 1 1 0 0 0 1 0 0 1 1 1 0 0 0 0 1 0 0 0 0 0 0 0 1 1 0 1 0 1 0 0 0 1 0 0 1 1 1 1 0 0 1 0 1 1 1 1 0 0 1 1 1 1 0 1 1 0 0 0 1 0 0 0 0 0 1 1 0 1 1 1 1 0 1 0 1 1 1 0 1 23774.0 20051.0 7 0.7902334495846208
1 0 0 1 0 0 0 1 0 0 1 0 0 1 1 0 0 0 1 1 0 1 1 0 1 1 1 0 0 0 1 1 0 0 1 1 0 1 0 1 0 1 0 0 1 1 1 1 0 0 0 0 0 1 0 0 0 0 1 1 1 0 1 1 0 1 0 0 0 0 0 0 0 1 0 1 0 1 1 0 0 0 1 0 1 0 1 0 0 0 0 1 0 1 0 0 1 1 1 1 23776.0 19693.0 7 0.13469626571582077
0 0 0 0 0 1 1 0 1 0 0 1 1 0 0 1 0 1 1 0 1 1 0 0 0 0 0 0 1 1 0 0 0 0 0 1 0 0 0 0 0 0 0 1 1 0 1 0 1 0 0 0 1 0 0 1 1 1 1 1 0 1 0 1 1 0 1 1 1 0 1 1 1 0 1 1 0 0 0 1 1 0 0 0 0 1 1 0 0 1 1 1 0 1 0 1 1 1 0 1 23785.0 19512.0 7 0.5177762399655252
1 0 0 0 1 0 0 1 0 1 0 0 0 1 1 1 0 1 1 0 1 1 0 0 0 1 0 0 1 1 1 0 0 0 0 1 0 0 0 0 0 0 0 1 1 0 1 0 1 0 0 0 1 0 0 1 1 0 1 0 0 1 0 1 1 1 1 0 0 1 1 1 1 0 1 1 0 0 0 1 1 0 0 0 0 1 1 0 1 1 1 1 1 0 0 0 0 0 0 1 24035.0 18129.0 7 2000000000000000.0
0 0 1 0 0 1 1 0 1 0 0 1 1 0 1 1 0 1 0 0 0 0 0 0 0 0 0 0 1 0 1 0 0 1 0 0 1 1 0 1 0 1 0 0 1 1 1 1 0 1 0 1 0 0 1 0 1 1 1 0 0 0 0 0 1 0 0 0 0 1 1 0 0 0 1 0 1 0 1 1 1 0 0 1 1 1 0 1 1 1 1 0 0 0 1 1 1 0 1 0 21042.0 21926.0 8 2000000000000000.0
1 0 1 0 1 0 1 1 0 0 0 0 0 0 1 1 1 1 0 0 0 0 0 1 0 0 0 0 0 1 0 1 1 1 0 0 0 0 1 1 1 0 1 1 0 1 1 1 0 0 1 1 0 0 0 0 1 1 1 1 1 0 1 0 0 0 0 0 0 1 1 1 1 0 0 0 0 0 0 0 1 0 0 1 1 0 1 0 0 0 0 1 0 1 0 0 1 1 1 1 22038.0 21888.0 8 0.4420519406392542
1 1 1 1 1 1 1 0 0 0 1 0 0 1 0 1 0 1 1 1 1 1 0 1 1 1 0 1 0 0 0 0 0 1 0 0 0 0 1 0 0 1 0 0 0 1 0 0 0 0 0 1 0 0 1 0 1 1 1 0 0 0 0 0 1 0 0 0 0 1 1 0 0 0 1 0 1 0 1 0 1 0 0 1 1 1 0 1 1 1 1 0 0 0 1 1 1 1 1 1 22144.0 21754.0 8 0.27660023882479373
1 0 0 1 1 0 0 0 0 1 1 0 0 1 0 1 1 1 0 0 0 0 0 1 1 1 0 0 1 0 1 1 0 1 1 0 0 0 0 0 0 0 0 1 1 0 0 0 1 1 0 1 1 0 1 0 1 1 1 0 0 0 0 0 1 0 0 0 0 1 1 0 0 0 1 0 1 0 1 1 1 0 0 1 1 1 0 1 1 1 1 0 0 0 1 1 1 0 1 0 22296.0 21183.0 8 0.37211082071616264
0 1 1 0 1 0 0 1 1 1 0 0 0 1 0 1 1 1 1 0 1 1 0 0 0 1 0 0 1 1 1 0 0 0 0 1 0 0 0 0 0 0 0 1 1 0 1 0 1 0 0 0 1 0 0 1 1 0 1 0 0 0 0 1 1 0 1 0 1 0 0 1 0 0 0 1 1 0 0 0 1 0 0 1 1 0 1 0 0 1 1 1 0 1 0 1 1 1 0 1 22659.0 21038.0 8 0.29968888938956006
0 1 1 0 1 0 0 1 1 1 0 0 0 1 0 1 1 1 0 0 0 0 0 1 0 0 0 0 0 1 1 1 1 1 0 0 0 0 0 1 1 0 1 1 0 1 1 1 0 0 1 1 1 0 0 0 0 1 1 1 1 0 1 0 0 0 0 0 0 0 1 1 1 1 0 1 0 1 0 0 0 0 1 0 1 0 1 0 0 0 0 1 0 1 0 0 1 1 1 1 22881.0 20842.0 8 0.22609761776014703
1 0 1 0 0 1 1 0 1 0 0 1 1 0 0 1 0 1 1 0 1 1 0 1 0 0 1 0 1 1 1 0 1 0 1 0 0 1 1 1 1 1 0 0 1 1 1 1 0 1 1 1 1 0 1 0 0 0 1 0 0 0 0 1 1 0 1 0 1 0 0 1 0 0 1 1 1 0 1 1 0 0 1 0 1 0 0 0 0 0 0 1 0 0 1 1 0 0 0 0 22938.0 20556.0 8 0.22537532293919132
0 1 0 1 0 0 0 1 0 0 1 0 0 1 1 0 0 0 1 1 0 1 1 0 1 1 1 0 1 1 1 0 0 0 0 1 0 0 0 0 0 0 0 1 1 0 1 0 1 0 0 0 1 0 0 0 0 0 1 0 0 1 0 1 1 0 1 1 1 0 1 0 0 0 1 0 1 0 1 0 1 0 0 1 1 1 0 1 1 1 1 1 0 0 1 1 1 0 1 0 22942.0 20061.0 8 0.24180109949530637
0 0 1 0 0 1 1 0 1 0 0 1 1 0 0 1 0 1 1 0 1 1 0 0 0 1 0 0 1 1 0 0 0 0 1 1 0 0 0 1 1 1 0 0 1 1 1 1 0 0 1 1 1 0 1 0 0 1 1 0 0 1 0 1 1 1 1 0 0 1 1 1 1 0 1 1 0 0 0 1 1 1 0 0 0 1 1 0 1 1 0 0 0 0 1 0 0 0 0 0 23236.0 20040.0 8 0.3868695175438469
0 1 0 1 0 0 0 1 0 0 1 0 0 1 1 0 0 0 1 1 0 1 1 0 1 1 1 0 0 0 1 1 0 0 1 1 0 1 0 1 0 1 0 0 1 1 1 1 0 0 0 0 0 1 0 0 0 0 1 1 1 0 1 1 0 1 0 0 0 0 0 0 0 1 0 1 0 1 1 0 0 0 1 0 1 0 1 0 0 0 0 1 0 1 0 0 1 1 1 1 23745.0 19687.0 8 0.7179385213890688
1 0 0 1 0 0 1 0 0 0 1 0 1 1 0 1 1 0 0 0 1 1 0 0 1 1 0 0 1 1 1 0 0 0 0 0 0 1 1 1 0 1 0 1 1 0 1 0 0 0 0 0 0 1 0 0 1 0 0 1 1 0 0 1 1 1 1 0 0 1 1 1 1 0 1 1 0 0 0 1 1 0 0 0 0 1 0 1 1 1 1 0 0 0 1 1 1 0 1 0 23816.0 18086.0 8 2000000000000000.0
1 0 1 1 1 1 1 0 0 0 1 0 0 1 0 1 0 1 1 1 0 1 0 1 1 1 0 1 0 0 0 0 0 1 0 0 0 1 0 1 0 1 0 0 1 1 1 1 0 1 0 1 0 0 1 0 1 1 0 0 0 0 0 0 1 0 0 0 0 1 1 0 0 0 1 0 1 0 1 1 1 0 0 1 0 1 0 1 1 1 1 0 0 0 1 1 1 0 1 0 21957.0 21818.0 9 2000000000000000.0
0 0 1 0 0 1 1 0 1 0 0 1 1 0 0 1 0 1 1 0 1 1 0 0 0 1 0 0 1 1 0 0 0 0 1 1 0 0 0 1 1 1 0 0 1 1 1 1 0 1 1 1 1 0 1 0 0 0 1 0 0 0 0 1 1 0 1 0 1 0 0 1 0 0 1 1 1 0 1 1 0 0 1 0 1 0 0 0 0 0 0 1 0 0 1 1 0 1 0 0 21962.0 21020.0 9 0.4732169931380522
1 0 1 0 1 0 1 1 0 0 0 0 0 0 1 1 1 1 0 0 0 0 0 1 0 0 0 0 0 1 0 1 1 1 0 0 0 0 0 1 1 0 1 0 0 1 1 1 0 0 1 1 0 1 0 0 1 1 1 1 1 0 1 0 0 0 0 0 0 1 1 1 1 0 0 0 0 0 0 0 1 0 0 1 1 0 1 0 0 1 0 1 0 1 0 0 1 1 1 1 22378.0 20910.0 9 0.6202552764030609
1 0 1 0 1 0 1 1 0 0 1 0 0 0 1 1 0 0 0 0 0 1 1 1 0 0 0 0 1 1 1 1 0 1 1 0 0 0 0 0 0 0 0 1 0 0 1 1 0 1 1 1 1 0 1 1 0 0 0 1 0 0 1 1 0 0 1 0 1 0 0 1 0 0 0 0 1 0 1 0 1 1 1 0 0 0 0 1 0 1 0 1 0 0 1 1 1 0 1 0 22776.0 20366.0 9 0.5704951687851654
1 0 0 0 1 0 0 1 0 1 0 0 0 1 1 0 0 1 0 0 0 0 1 1 0 0 1 0 1 1 1 0 1 0 1 0 0 1 1 1 1 1 0 0 1 1 1 1 0 1 1 1 1 0 1 0 0 0 1 0 0 0 0 1 1 0 1 0 1 0 0 1 0 0 1 1 1 0 1 1 0 0 1 0 1 0 0 1 1 0 1 0 0 0 1 1 0 0 0 0 22969.0 19986.0 9 0.6575539172470495
0 0 1 0 0 1 1 0 1 0 0 1 1 0 0 1 0 1 1 0 1 1 0 1 0 0 0 0 0 1 0 1 1 1 0 0 0 0 0 0 0 0 0 1 1 0 1 0 1 0 0 0 1 0 0 1 1 1 1 0 0 1 0 1 1 1 1 0 0 1 1 1 1 0 1 1 0 0 0 1 0 0 0 0 0 1 1 0 1 1 1 1 0 1 0 1 1 1 0 1 23644.0 19683.0 9 0.9562878380767024
0 1 0 1 0 0 1 0 0 0 1 0 1 1 0 1 1 0 0 0 1 1 0 0 1 1 0 0 1 1 1 0 0 0 0 0 0 1 1 1 0 1 0 1 1 0 1 0 0 0 0 0 0 1 0 0 1 0 0 1 1 0 0 1 1 1 1 0 0 1 1 1 1 0 1 1 0 0 0 1 1 0 0 0 0 1 0 1 1 1 1 0 0 0 1 1 1 0 1 0 23785.0 18080.0 9 2000000000000000.0
0 0 1 0 0 1 1 0 1 0 0 1 1 0 1 1 0 1 0 0 0 0 0 0 0 0 0 0 1 0 1 0 0 1 0 0 1 1 0 1 0 1 0 0 1 1 1 1 0 1 0 1 0 0 1 0 1 1 1 0 0 0 0 0 1 0 0 0 0 1 1 0 0 0 1 0 1 0 1 0 1 0 0 1 1 1 0 1 1 1 1 0 0 0 1 1 1 0 1 0 20327.0 21775.0 10 2000000000000000.0
0 0 1 0 0 1 1 0 1 0 0 1 1 0 0 1 0 0 1 0 1 1 0 0 0 1 0 0 1 1 0 0 0 0 1 1 0 0 0 1 1 1 0 0 1 1 1 1 0 1 1 1 1 0 1 0 0 0 1 0 0 0 0 1 1 0 1 0 1 0 0 1 0 0 1 1 1 1 1 1 0 0 1 0 1 0 0 0 0 0 0 1 0 0 1 1 0 1 0 0 21337.0 21052.0 10 0.7517466058505619
1 0 1 0 1 0 1 1 0 0 1 0 0 0 1 1 1 1 1 0 1 1 0 0 0 1 0 0 1 1 1 0 0 0 0 1 0 0 0 0 0 0 0 1 1 0 1 0 1 0 0 0 0 0 0 1 1 0 1 0 0 0 0 1 1 0 1 0 1 0 0 1 0 0 0 1 1 0 0 0 1 0 0 1 1 0 1 0 0 0 1 1 0 1 0 1 1 1 0 1 22234.0 20889.0 10 0.4141126948999263
0 0 1 0 0 1 1 0 1 0 0 1 1 0 0 1 0 1 1 0 1 1 0 1 0 0 0 0 0 1 0 1 1 1 0 0 0 0 0 1 1 0 1 1 0 1 1 1 0 0 1 1 0 0 0 0 1 0 0 1 1 0 0 0 1 0 0 1 1 0 0 1 0 0 0 1 1 1 0 0 0 0 0 1 1 0 1 1 1 0 0 1 0 1 0 1 1 0 1 1 22309.0 20460.0 10 0.23479616644881302
1 0 1 0 1 0 1 1 0 0 0 0 0 0 1 1 1 1 0 0 0 0 0 1 0 0 0 0 0 1 0 1 1 1 0 0 0 0 0 1 1 0 1 0 0 1 1 1 0 0 1 1 0 1 0 0 1 0 1 1 1 0 1 0 0 0 0 0 0 0 1 1 1 1 0 1 0 1 0 0 0 0 1 0 1 0 1 0 0 0 0 1 0 1 0 0 1 1 1 1 22488.0 20160.0 10 0.3034434184729713
1 0 0 1 1 0 0 0 0 1 1 0 0 1 0 1 1 1 0 0 0 0 0 1 1 1 0 0 1 0 1 1 0 1 1 0 0 0 0 0 0 0 0 1 1 0 0 0 1 0 0 0 0 0 0 0 1 1 1 1 1 0 1 0 0 0 0 0 0 1 1 1 1 0 0 0 0 0 0 1 1 0 0 1 1 0 1 0 0 1 1 1 0 1 0 1 1 1 0 1 22833.0 19777.0 10 0.36149851504655606
0 0 0 0 0 0 0 1 0 1 1 1 1 1 0 0 1 0 1 0 1 0 0 1 0 0 1 0 0 1 0 1 1 1 0 0 1 0 0 1 1 0 0 1 1 0 0 1 1 0 0 0 0 0 0 0 1 1 1 1 1 0 1 0 0 0 0 0 0 1 1 1 1 0 0 0 0 0 0 0 1 0 0 1 1 0 1 0 0 1 1 1 0 1 0 1 1 1 0 1 23288.0 19579.0 10 0.23506018246754218
0 0 0 0 0 0 0 1 0 1 1 1 1 1 0 0 1 0 1 0 1 0 0 1 0 0 1 0 0 1 0 1 1 1 0 0 0 0 0 1 1 0 1 1 0 1 1 1 0 0 1 1 0 0 0 0 1 0 1 1 1 0 0 0 0 0 0 0 1 0 1 1 1 1 0 1 0 0 0 1 1 0 1 1 0 1 0 0 0 1 0 1 0 1 1 1 0 1 0 0 23384.0 19440.0 10 0.19304999215669388
0 1 1 0 1 0 0 1 1 1 0 0 0 1 0 1 1 1 1 0 1 1 0 0 0 1 0 0 1 1 1 0 0 0 0 1 0 0 0 0 0 0 0 1 1 0 1 0 1 0 0 0 1 0 0 1 1 1 1 0 0 1 0 1 1 1 1 0 0 1 1 1 1 0 1 1 0 0 0 1 1 1 0 0 0 1 1 0 1 1 1 0 0 0 1 0 0 0 0 0 23408.0 18862.0 10 0.21017610993973831
0 0 0 1 0 0 1 0 0 0 1 0 1 1 0 1 1 0 0 0 1 1 0 0 1 1 0 0 1 1 1 0 0 0 0 0 0 1 1 1 0 1 0 1 1 1 1 0 0 0 0 0 0 1 0 0 1 0 0 1 1 0 0 1 1 1 1 0 0 1 1 1 1 0 1 1 0 0 0 1 1 0 0 0 0 1 0 1 1 1 1 0 0 0 1 1 1 0 1 0 23571.0 18734.0 10 0.4589087204973248
1 0 0 1 0 0 1 0 0 0 1 0 1 1 0 1 1 0 0 0 1 1 0 0 1 1 1 0 0 0 1 0 0 0 1 1 0 1 0 1 0 1 0 0 1 1 1 1 0 0 0 0 0 1 0 0 0 0 1 1 1 0 1 1 0 1 0 0 0 0 1 1 1 0 1 1 0 0 0 1 1 0 0 0 0 1 1 0 1 1 1 0 0 0 1 1 0 0 0 0 23754.0 17238.0 10 2000000000000000.0
0 1 0 1 0 1 0 1 0 1 1 0 1 0 0 0 1 1 0 0 0 0 0 1 0 0 0 1 0 0 0 1 1 1 0 0 0 0 0 1 1 0 1 1 0 1 1 1 0 1 0 1 0 0 1 0 1 1 1 0 0 0 0 0 1 0 0 0 0 1 1 0 0 0 1 0 1 0 1 1 1 0 0 1 1 1 0 1 1 1 1 0 0 0 1 1 1 0 1 0 20977.0 21025.0 11 2000000000000000.0
1 1 1 1 1 1 1 0 0 0 1 0 0 1 0 1 0 1 1 1 0 1 0 1 1 1 0 1 0 0 0 0 0 1 0 0 0 0 1 0 0 1 0 0 0 0 0 0 1 0 0 1 1 0 1 0 1 1 1 0 0 0 0 0 1 0 0 0 0 1 1 0 0 1 1 0 1 0 1 0 1 0 0 1 1 1 1 0 1 1 1 0 0 0 1 1 0 0 0 0 21081.0 20954.0 11 0.2036053369587762
1 1 1 1 1 1 1 0 0 0 1 0 0 1 0 1 0 1 1 1 0 1 0 1 1 1 0 1 0 0 0 0 0 1 0 0 0 0 1 0 0 1 0 0 0 0 0 0 1 0 0 1 0 0 1 0 1 1 1 0 0 0 0 0 1 0 0 0 0 1 1 0 0 0 1 0 1 0 1 0 1 0 0 1 1 1 0 1 1 1 1 0 0 0 1 1 1 0 1 0 21288.0 20811.0 11 0.2605354926325493
1 1 1 1 1 1 1 0 0 0 1 0 0 1 0 1 0 1 1 1 0 1 0 1 1 0 0 1 1 0 0 0 0 0 0 0 0 1 0 0 1 1 1 1 0 0 1 1 0 1 1 1 0 0 0 1 0 0 0 0 1 1 0 1 0 1 0 1 0 1 0 1 1 0 0 0 0 1 0 0 0 1 0 0 1 0 0 1 0 0 1 0 1 1 1 0 1 0 0 0 21596.0 20800.0 11 0.7300947338632482
1 0 0 0 1 0 0 1 0 1 0 0 0 1 1 0 0 1 0 0 0 0 1 1 0 0 1 0 1 1 1 0 1 0 1 0 0 1 1 1 1 1 0 0 1 1 1 1 0 1 1 1 1 0 1 0 0 0 1 0 0 0 0 1 1 0 1 0 1 0 0 1 0 0 1 1 1 0 1 1 0 0 1 0 1 0 0 0 0 0 0 1 0 0 1 1 0 0 0 0 22343.0 19982.0 11 0.7963051247920329
1 0 0 1 0 0 1 0 0 0 1 0 1 1 0 1 1 0 0 0 1 1 0 0 1 1 1 0 1 1 1 0 0 0 0 0 0 1 1 1 0 1 0 1 1 0 1 0 0 0 0 0 0 0 0 0 1 1 1 1 1 0 1 0 0 0 0 0 0 1 1 1 1 0 0 0 0 0 0 0 1 0 0 0 1 0 1 0 0 1 1 1 0 1 0 1 1 1 0 1 22615.0 19761.0 11 0.5459855271451914
0 0 1 0 0 1 1 0 1 0 0 1 1 0 0 1 0 1 1 0 1 1 0 0 0 1 0 0 1 1 1 0 0 0 0 1 0 0 0 0 0 0 0 1 1 0 1 0 1 0 0 0 1 0 0 1 1 1 1 1 0 1 0 1 1 1 1 0 0 1 1 1 1 0 1 1 0 0 0 1 1 0 1 0 1 0 0 0 0 0 0 1 0 0 1 1 0 1 1 0 23170.0 19401.0 11 0.48667991273762096
1 0 0 0 1 0 0 1 1 1 0 0 0 1 1 0 0 1 0 0 0 0 1 1 0 0 1 0 1 1 1 0 1 0 1 0 0 1 1 0 0 1 0 0 0 1 0 1 1 1 1 0 0 0 1 1 1 1 1 1 0 1 0 1 1 1 1 0 0 0 0 0 1 0 0 1 0 1 0 0 0 0 0 0 0 0 1 1 1 0 0 1 1 1 0 0 0 1 0 1 23271.0 19160.0 11 0.5203144020327082
1 0 1 0 1 0 1 1 0 0 0 0 0 0 1 1 1 1 0 0 0 0 0 1 0 0 1 0 1 1 1 0 0 1 0 1 0 0 0 0 0 0 0 1 1 0 1 0 1 0 0 0 1 0 0 1 1 1 1 1 0 1 0 1 1 1 1 0 0 0 1 1 1 0 1 1 0 0 0 1 1 0 0 0 0 1 1 0 1 1 1 0 0 0 1 1 0 0 0 0 23531.0 18410.0 11 2000000000000000.0
