0 0 1 1 1 0 1 1 1 1 1 1 0 1 0 1 1 0 1 0 1 1 0 1 0 1 1 0 0 1 1 1 1 1 0 1 1 0 0 0 0 1 1 0 1 1 1 0 1 1 0 0 0 0 0 0 0 1 1 0 1 1 1 1 0 0 1 1 0 1 0 0 1 0 1 1 1 1 0 1 1 1 0 1 1 0 1 1 0 0 0 1 1 1 1 1 0 0 1 0 33417.0 26685.0 36838.0 0 2000000000000000.0
1 0 1 1 1 0 1 1 1 1 1 1 0 1 0 1 0 0 1 0 1 1 0 1 0 1 1 0 0 1 1 1 1 1 0 1 1 0 0 0 0 1 1 0 1 1 1 0 1 1 0 0 0 0 0 0 0 1 1 0 1 1 1 1 0 0 1 1 0 1 0 0 1 0 1 1 1 1 1 1 1 1 0 1 1 0 1 1 0 0 0 1 1 1 1 1 0 0 1 0 34126.0 27607.0 36249.0 0 0.33440080209699397
1 0 1 1 1 0 1 1 1 1 1 1 0 1 0 1 0 0 1 0 1 1 0 1 0 1 1 0 0 1 1 1 1 1 0 1 1 0 0 0 0 1 1 0 1 1 1 0 1 1 0 0 0 0 0 0 0 1 1 0 1 1 1 1 0 0 1 1 0 1 0 0 1 0 1 1 1 1 1 1 1 1 0 1 1 0 1 1 0 0 0 1 1 1 1 1 1 0 0 0 33506.0 28488.0 36078.0 0 0.2080019921494819
0 0 1 1 1 0 1 1 1 1 1 1 0 1 0 1 1 0 1 0 0 1 1 0 0 1 1 0 1 1 1 1 1 1 0 1 1 0 0 0 0 1 1 0 1 1 1 0 1 1 0 0 0 1 0 0 0 1 1 0 1 1 1 1 0 0 1 1 0 1 0 0 1 0 0 1 1 1 1 1 1 1 0 1 1 0 1 1 0 0 0 1 1 1 1 1 1 0 0 0 32533.0 29789.0 36008.0 0 0.3892577332389365
1 0 1 1 1 0 1 1 1 1 1 1 0 1 0 1 0 0 1 0 1 1 0 1 0 1 1 1 0 1 1 1 1 1 0 1 1 0 0 0 0 1 1 0 1 1 1 0 1 1 0 0 0 0 0 0 0 1 1 0 1 1 1 1 0 0 1 1 0 1 0 0 1 0 0 1 1 1 1 1 1 1 0 1 1 0 1 1 0 0 0 1 1 1 1 1 1 0 0 0 33169.0 28868.0 35957.0 0 0.22137119416809492
1 0 1 1 1 0 1 1 1 0 1 0 1 1 0 1 1 1 1 0 0 1 1 0 0 1 1 0 0 1 1 1 1 1 0 1 1 0 0 0 0 1 1 0 1 1 1 0 1 1 0 0 0 0 0 0 0 1 1 0 1 1 1 1 0 0 1 1 0 1 0 0 1 0 1 1 1 1 0 1 1 1 0 1 1 0 1 1 0 0 0 1 1 1 1 1 0 0 1 0 33614.0 28613.0 35591.0 0 0.1986952443077189
1 0 1 1 1 0 1 1 1 0 1 0 1 1 0 1 1 1 1 0 0 1 1 0 0 1 1 1 0 1 1 1 1 1 0 1 1 0 0 0 0 1 1 0 1 1 1 0 1 1 0 0 0 0 0 0 0 1 1 0 1 1 1 1 0 0 1 1 0 1 0 0 1 0 0 1 1 1 0 1 1 1 0 1 1 0 1 1 0 0 0 1 1 1 1 1 0 0 1 0 33277.0 28993.0 35470.0 0 0.10446734624154468
1 0 1 1 1 0 1 1 1 1 1 1 0 1 0 1 1 1 1 0 0 1 0 0 0 1 1 0 0 1 1 1 1 1 0 1 1 0 0 0 0 1 1 0 1 1 1 0 1 1 0 0 0 0 0 1 0 1 1 0 1 1 1 1 0 0 1 1 0 1 0 0 1 0 0 1 1 1 1 1 1 1 0 1 1 0 1 1 0 0 0 1 1 1 1 1 1 0 0 0 32936.0 29359.0 35448.0 0 0.1831640920660007
1 0 1 1 1 0 1 1 1 0 1 0 1 1 0 1 1 1 1 0 0 1 1 0 0 1 1 0 0 1 1 1 1 1 0 1 1 0 0 0 0 1 1 0 1 1 1 0 1 1 0 0 0 0 0 0 0 1 1 0 1 1 1 1 0 0 1 1 0 1 0 0 1 0 1 1 1 1 1 1 1 1 0 1 1 0 1 1 0 0 0 1 1 1 1 1 1 0 0 0 33495.0 30400.0 35443.0 0 0.143278810106804
1 0 1 1 1 0 1 1 1 0 1 0 1 1 0 1 0 1 1 0 1 1 0 1 0 1 1 0 0 1 1 1 1 1 0 1 1 0 0 0 0 1 1 0 1 1 1 0 1 1 0 0 0 0 0 0 0 1 1 0 1 1 1 1 0 0 0 1 0 1 0 1 1 0 0 1 1 1 0 1 1 1 0 1 1 0 1 1 0 0 0 1 1 1 1 1 0 0 1 0 34172.0 27881.0 34791.0 0 0.35373954435485844
1 0 1 1 1 0 1 1 1 0 1 0 1 1 0 1 1 1 1 0 0 1 1 0 1 1 1 1 0 1 1 1 1 1 0 1 1 0 0 0 0 1 1 0 1 1 1 0 1 1 0 0 0 1 0 0 0 1 1 1 1 0 1 1 0 1 1 1 0 1 0 0 1 0 0 1 1 1 1 1 1 1 0 1 0 0 1 1 0 0 0 0 1 1 1 1 1 0 0 0 34318.0 30569.0 34476.0 0 0.24268142832008555
0 0 1 1 1 0 1 1 1 1 1 1 0 1 0 1 1 0 1 0 1 1 0 1 0 1 1 0 0 1 1 1 1 1 0 1 1 0 0 0 0 1 1 0 1 1 1 0 1 1 0 0 0 1 0 0 0 1 1 1 1 0 1 1 0 1 1 1 0 1 0 1 0 0 1 0 1 1 1 1 1 1 0 1 1 1 0 0 1 0 0 0 1 1 0 1 1 0 1 0 34382.0 27745.0 33953.0 0 0.18147466824606545
0 0 1 0 1 0 1 1 1 0 1 1 1 1 0 1 0 1 1 0 0 1 0 1 0 1 1 0 0 1 1 1 1 1 0 1 1 0 0 0 0 1 1 0 1 1 1 0 1 1 0 0 0 0 0 1 0 1 1 1 1 1 1 1 0 0 1 1 0 1 0 1 1 0 0 1 1 1 0 1 1 1 0 1 0 0 1 1 0 0 0 1 1 1 1 1 0 0 1 0 34423.0 27045.0 33872.0 0 0.23027758992470315
1 0 1 1 1 0 1 1 1 1 1 1 0 1 0 1 0 0 1 0 0 1 1 0 1 1 1 0 1 1 1 1 1 1 0 1 1 0 0 0 0 1 1 0 1 1 1 0 1 1 0 0 0 1 0 1 0 1 1 0 1 1 1 1 0 0 1 1 0 1 0 0 1 1 0 1 1 1 1 1 1 1 0 1 1 1 1 0 0 0 0 0 1 1 0 1 0 0 1 0 34627.0 29668.0 33725.0 0 0.1417079913471241
1 0 1 1 1 0 1 1 1 0 1 0 1 1 0 1 0 1 1 0 0 1 1 0 0 0 0 0 1 1 1 1 1 1 1 1 1 0 0 0 0 1 1 0 1 1 1 0 1 1 0 0 0 1 0 0 0 1 1 0 0 1 1 1 0 0 1 1 0 1 0 0 1 0 0 1 1 1 1 1 1 1 0 1 1 0 1 1 0 0 0 1 1 1 1 1 1 0 0 0 31538.0 31175.0 33667.0 0 1000000000000000.0
1 0 1 1 1 0 1 1 1 1 1 1 0 1 0 1 0 0 1 0 0 1 1 0 1 1 1 0 1 1 1 1 1 1 0 1 1 0 0 0 0 1 1 0 1 1 1 0 1 1 0 0 0 1 0 1 0 1 1 0 1 1 1 1 0 0 1 1 0 1 0 0 1 1 0 1 1 1 1 1 1 1 0 1 1 1 0 0 0 0 0 0 1 1 1 1 1 0 0 0 33690.0 30696.0 33594.0 0 0.12548145971580593
0 0 1 1 1 0 1 1 1 0 1 0 1 1 0 1 0 1 1 0 0 1 1 0 0 1 1 0 1 1 1 1 0 1 0 1 1 0 0 0 0 1 1 1 1 1 1 0 1 0 0 0 0 1 0 0 0 1 1 0 1 1 1 1 0 0 1 1 0 1 0 0 1 0 0 1 1 1 1 1 1 1 0 1 1 0 1 1 0 0 0 1 1 1 1 1 1 0 0 0 32569.0 30779.0 33347.0 0 0.14090001663087953
1 0 1 1 1 0 1 1 1 0 1 0 1 1 0 1 1 1 1 0 0 1 1 0 0 1 1 1 0 1 1 1 1 1 0 1 1 0 0 0 0 1 1 0 1 1 1 0 1 1 0 0 0 0 0 0 1 1 1 0 1 1 1 1 0 0 1 1 0 1 0 0 1 1 0 1 1 1 1 1 1 1 0 1 1 1 0 0 1 0 0 0 1 1 0 1 0 0 1 0 34449.0 30396.0 33289.0 0 0.19531818257280176
1 0 1 1 1 0 1 1 1 0 1 0 1 1 0 1 1 1 1 0 0 1 1 0 1 1 1 1 0 1 1 1 1 1 0 1 1 0 0 0 0 1 1 0 1 1 1 0 1 1 0 0 0 1 0 1 0 1 1 1 1 0 1 1 0 1 1 1 0 1 1 1 0 0 1 0 1 0 1 1 1 1 0 1 0 1 1 0 1 0 0 0 1 1 0 1 0 0 1 0 36029.0 28995.0 33155.0 0 1000000000000000.1
0 0 1 1 1 0 1 1 1 1 1 1 0 1 0 1 0 1 1 0 0 1 1 0 0 1 1 0 1 1 1 1 1 1 0 1 1 0 0 0 0 1 1 0 1 1 1 0 1 1 0 0 0 1 0 1 0 1 1 0 1 1 1 1 0 0 1 1 0 1 0 0 1 1 0 1 1 1 1 1 1 1 0 1 1 1 0 0 0 0 0 0 1 1 1 1 1 0 0 0 33861.0 31156.0 33128.0 0 0.09648985319294576
1 0 1 1 1 0 1 1 1 1 1 1 0 1 0 1 0 0 1 0 0 1 1 0 1 1 1 0 1 1 1 1 1 1 0 1 1 0 0 0 0 1 1 0 1 1 1 0 1 1 0 0 0 1 0 1 0 1 1 1 1 0 1 1 0 0 1 1 0 1 0 0 1 1 1 1 1 1 1 1 1 1 0 1 1 1 0 0 0 0 0 0 1 1 0 1 0 0 1 0 35404.0 29507.0 33125.0 0 0.45629407957976814
0 0 1 1 1 0 1 1 1 0 1 0 1 1 0 1 0 1 1 0 0 1 1 0 0 1 1 0 1 1 1 1 1 1 0 1 1 0 0 0 0 1 1 0 1 1 1 0 1 1 0 0 0 1 0 1 0 1 1 0 1 1 1 1 0 0 1 1 0 1 0 0 1 1 0 1 1 1 1 1 1 1 0 1 1 1 1 0 0 0 0 0 1 1 0 1 0 0 1 0 34804.0 30439.0 32417.0 0 0.33990361782619005
0 0 1 1 1 0 1 1 1 0 1 0 1 1 0 1 0 1 1 0 0 1 1 0 0 1 1 0 1 1 1 1 1 1 0 1 1 0 0 0 0 1 1 0 1 1 1 0 1 1 0 0 0 1 0 1 0 1 1 0 1 1 1 1 0 0 1 1 0 1 0 0 1 1 0 1 1 1 1 1 1 1 0 1 1 1 0 0 0 0 0 0 1 1 1 1 1 0 0 0 33867.0 31467.0 32286.0 0 0.33605056199907724
0 0 1 0 1 0 1 1 1 0 1 0 1 1 0 1 0 1 1 0 0 1 1 0 1 1 1 0 1 1 1 1 0 1 0 1 1 0 0 0 0 1 1 1 1 1 1 0 1 1 0 0 0 1 0 1 0 1 1 0 1 1 1 1 0 0 1 1 0 1 0 0 1 1 0 1 1 1 1 1 1 1 0 1 1 1 1 0 0 0 0 0 1 1 0 1 0 0 1 0 34683.0 30837.0 31586.0 0 0.2569274791824163
0 0 1 0 1 0 1 1 1 0 1 0 1 1 0 1 0 1 1 0 0 1 1 0 1 1 1 0 1 1 1 1 0 1 0 1 1 0 0 0 0 1 1 1 1 1 1 0 1 1 0 0 0 1 0 1 0 1 1 0 1 1 1 1 0 0 1 1 0 1 0 0 1 1 0 1 1 1 1 1 1 1 0 1 1 1 0 0 0 0 0 0 1 1 1 1 1 0 0 0 33746.0 31865.0 31455.0 0 0.20703968357349584
1 0 1 1 1 0 1 1 1 0 1 0 1 1 0 1 0 1 1 0 0 1 1 0 0 0 0 0 1 1 1 1 1 1 1 1 1 0 0 0 0 1 1 0 1 1 1 0 1 0 0 1 0 1 0 1 0 1 1 0 1 1 1 1 0 0 1 1 0 1 0 0 1 1 0 1 1 1 1 1 1 1 0 1 1 1 0 0 0 0 0 0 1 1 1 1 1 0 0 0 32805.0 31943.0 31139.0 0 2000000000000000.0
1 0 1 1 1 0 1 1 1 1 1 1 0 1 0 1 0 0 1 0 1 1 0 1 0 1 1 0 0 1 1 1 1 1 0 1 1 0 0 0 0 1 1 0 1 1 1 0 1 1 0 0 0 0 0 0 0 1 1 0 1 1 1 1 0 0 1 1 0 1 0 0 1 0 1 1 1 1 0 1 1 1 0 1 1 0 1 1 0 0 0 1 1 1 1 1 0 0 1 0 33625.0 26701.0 36226.0 1 2000000000000000.0
1 0 1 1 1 0 1 1 1 1 1 1 0 1 0 1 0 0 1 0 1 1 0 1 0 1 1 0 0 1 1 1 1 1 0 1 1 0 0 0 0 1 1 0 1 1 1 0 1 1 0 0 0 0 0 0 0 1 1 0 1 1 1 1 0 0 1 1 0 1 0 1 1 0 0 1 1 1 0 1 1 1 0 1 1 0 1 1 0 0 0 1 1 1 1 1 0 0 1 0 33588.0 26795.0 36019.0 1 0.03368294195242463
0 0 1 1 1 0 1 1 1 1 1 1 0 1 0 1 1 0 1 0 1 1 0 1 0 1 1 0 0 1 1 1 1 1 0 1 1 0 0 0 0 1 1 0 1 1 1 0 1 1 0 0 0 0 0 0 0 1 1 0 0 1 1 1 0 0 1 1 0 1 0 0 1 0 0 1 1 1 1 1 1 1 0 1 1 0 1 1 0 0 0 1 1 1 1 1 1 0 0 0 31696.0 28268.0 36000.0 1 0.11749604299024573
1 0 1 1 1 0 1 1 1 1 1 1 0 1 0 1 1 1 1 0 0 1 0 0 0 1 1 0 0 1 1 1 1 1 0 1 1 0 0 0 0 1 1 0 1 1 1 0 1 1 0 0 0 1 0 0 0 1 1 0 1 1 1 1 0 0 1 1 0 1 0 0 1 0 0 1 1 1 0 1 1 1 0 1 1 0 1 1 0 0 0 1 1 1 1 1 1 0 0 0 32360.0 28388.0 35908.0 1 0.046299850183881844
1 0 1 1 1 0 1 1 1 1 1 1 0 1 0 1 0 0 1 0 1 1 0 1 0 1 1 1 0 1 1 1 1 1 0 1 1 0 0 0 0 1 1 0 1 1 1 0 1 1 0 0 0 0 0 0 0 1 1 0 0 1 1 1 0 0 1 1 0 1 0 0 1 0 0 1 1 1 1 1 1 1 0 1 1 0 1 1 0 0 0 1 1 1 1 1 1 0 0 0 32366.0 28826.0 35822.0 1 0.03475315942759796
1 0 1 1 1 0 1 1 1 1 1 1 0 1 0 1 0 0 1 0 0 1 1 0 1 1 1 1 0 1 1 1 1 1 0 1 1 0 0 0 0 1 1 0 1 1 1 0 1 1 0 0 0 0 0 0 0 1 1 0 1 1 1 1 0 0 1 1 0 1 0 0 1 0 0 1 1 1 0 1 1 1 0 1 1 0 1 1 0 0 0 1 1 1 1 1 0 0 1 0 32676.0 27926.0 35780.0 1 0.09007914267170289
1 0 1 1 1 0 1 1 1 1 1 1 0 1 0 1 0 0 1 0 1 1 0 1 0 1 1 0 0 1 1 1 1 1 0 1 1 0 0 0 0 1 1 0 1 1 1 0 1 1 0 0 0 1 0 0 0 1 1 1 1 0 1 1 0 0 1 1 0 1 0 0 1 0 0 1 1 1 0 1 1 1 0 1 1 0 1 1 0 0 0 1 1 1 1 1 0 0 1 0 33668.0 26802.0 35721.0 1 0.12840249681297736
1 0 1 1 1 0 1 1 1 1 1 1 0 1 0 1 0 0 1 0 1 1 0 1 0 1 1 0 0 1 1 1 1 1 0 1 1 0 0 0 0 1 1 1 1 1 1 0 1 0 0 0 0 1 0 0 0 1 1 0 1 1 1 1 0 0 1 1 0 1 0 0 1 0 0 1 1 1 1 1 1 1 0 1 1 0 1 1 0 0 0 1 1 1 1 1 0 0 1 0 33031.0 27810.0 35709.0 1 0.04494015555874492
1 0 1 1 1 0 1 1 1 1 1 1 0 1 0 1 0 0 1 0 1 1 0 1 0 1 1 0 0 1 1 1 1 1 0 1 1 0 0 0 0 1 1 0 1 1 1 0 1 1 0 0 0 0 0 0 0 1 1 0 1 1 1 1 0 0 1 1 0 1 0 0 1 0 0 1 1 1 1 1 1 1 0 1 1 0 1 1 0 0 0 1 1 1 1 1 0 0 1 0 33327.0 27445.0 35694.0 1 0.08655127469399407
1 0 1 1 1 0 1 1 1 1 1 1 0 1 0 1 0 0 1 0 1 1 0 1 0 1 1 0 0 1 1 1 1 1 0 1 1 0 0 0 0 1 1 0 1 1 1 0 1 1 0 0 0 0 0 0 0 1 1 0 1 1 1 1 0 0 1 1 0 1 0 0 1 0 0 1 1 1 1 1 1 1 0 1 1 0 1 1 0 0 0 1 1 1 1 1 1 0 0 0 32707.0 28326.0 35523.0 1 0.08020780328168507
0 0 1 1 1 0 1 1 1 1 1 1 0 1 0 1 1 0 1 0 0 1 1 0 0 1 1 0 1 1 1 1 1 1 0 1 1 0 0 0 0 1 1 0 1 1 1 0 1 1 0 0 0 1 0 0 0 1 1 0 1 1 1 1 0 0 1 1 0 1 0 0 1 0 0 1 1 0 1 1 1 1 0 1 1 0 1 1 0 0 0 1 1 1 1 1 1 0 0 0 32286.0 28883.0 35509.0 1 0.07329219810985817
1 0 1 1 1 0 1 1 1 1 1 1 0 1 0 1 0 0 1 0 1 1 0 1 0 1 1 0 0 1 1 1 1 1 0 1 1 0 0 0 0 1 1 0 1 1 1 0 1 1 0 0 0 0 0 0 0 1 1 0 1 1 1 1 0 0 1 1 0 1 0 0 1 0 0 1 1 1 1 1 1 1 0 1 1 0 1 1 1 0 0 0 1 1 1 1 0 1 0 0 33080.0 27908.0 35381.0 1 0.050238567969996775
0 0 1 1 1 0 1 1 1 1 1 1 0 1 0 1 1 0 1 0 0 1 1 0 0 0 1 0 1 1 1 1 1 1 0 1 1 0 0 0 0 1 1 0 1 1 1 0 1 1 0 0 0 0 0 0 0 1 1 0 1 1 1 1 0 0 1 1 0 1 0 0 1 0 1 1 1 1 1 1 1 1 0 1 1 0 1 1 0 0 0 1 1 1 1 1 1 0 0 0 32107.0 29518.0 35336.0 1 0.07774826935667596
0 0 1 1 1 0 1 1 1 1 1 1 0 1 0 1 1 0 1 0 1 1 1 0 0 0 1 0 1 1 1 1 1 1 0 1 1 0 0 0 0 1 1 0 1 1 1 0 1 1 0 0 0 0 0 0 0 1 1 0 1 1 1 1 0 0 1 1 0 1 0 0 1 0 0 1 1 1 1 1 1 1 0 1 1 0 1 1 0 0 0 1 1 1 1 1 1 0 0 0 31979.0 29631.0 35242.0 1 0.20929172311574235
1 0 1 1 1 0 1 1 1 1 1 1 0 1 0 1 1 0 1 1 0 0 1 1 0 0 0 0 1 1 1 1 1 1 0 1 1 0 0 0 0 1 1 0 1 1 1 0 1 1 0 0 0 0 0 0 0 1 1 0 1 1 1 1 0 0 1 1 0 1 0 0 1 0 1 1 1 1 1 1 1 1 0 1 1 0 1 1 0 0 0 1 1 1 1 1 1 0 0 0 32337.0 30090.0 34976.0 1 0.0820108197896936
1 0 1 1 1 0 1 1 1 1 1 1 0 1 0 1 0 0 1 0 1 1 0 1 0 1 1 0 0 1 1 1 1 1 0 1 1 0 0 0 0 1 1 0 1 1 1 0 1 1 1 0 0 0 0 1 0 1 1 0 1 1 1 1 0 0 1 1 0 1 0 0 1 0 0 1 1 1 1 1 1 1 0 1 1 0 1 1 0 0 0 0 1 1 1 1 0 1 0 0 33203.0 28427.0 34928.0 1 0.05967962463672678
1 0 1 0 1 0 1 1 1 1 1 1 1 1 0 1 0 1 1 0 0 1 0 1 0 1 1 0 0 1 1 1 1 1 0 1 1 0 0 0 0 1 1 1 1 1 1 0 1 0 0 0 0 1 0 0 0 1 1 0 1 1 1 1 0 0 1 1 0 1 0 0 1 0 0 1 1 1 1 1 1 1 0 1 1 0 1 1 0 0 0 1 1 1 1 1 0 0 1 0 33334.0 28531.0 34877.0 1 0.047239806151993566
1 0 1 1 1 0 1 1 1 1 1 1 0 1 0 1 0 0 1 0 1 1 0 1 0 1 1 0 0 1 1 1 1 1 0 1 1 0 0 0 0 1 1 1 1 1 1 0 1 0 0 0 0 1 0 1 0 1 1 0 1 1 1 1 0 0 1 1 0 1 0 0 1 0 0 1 1 1 1 1 1 1 0 1 1 0 0 1 0 0 0 1 1 1 1 1 1 0 0 0 32382.0 28804.0 34862.0 1 0.12964742045158606
1 0 1 0 1 0 1 1 1 1 1 1 1 1 0 1 0 1 1 0 0 1 1 1 0 1 1 0 0 1 1 1 1 1 0 1 1 0 0 0 0 1 1 0 1 1 1 0 1 1 0 0 0 0 0 1 0 1 1 0 1 1 1 1 0 0 1 1 0 1 0 0 1 0 0 1 1 1 0 1 1 1 0 1 1 0 1 1 0 0 0 1 1 1 1 1 0 0 0 0 32889.0 28582.0 34595.0 1 0.06701844804445285
1 0 1 1 1 0 1 1 1 1 1 1 0 1 0 1 1 0 1 1 0 0 1 1 0 0 0 0 1 1 1 1 1 1 1 1 1 0 0 0 0 1 1 0 1 1 1 0 1 1 0 0 0 0 0 0 0 1 1 0 0 1 1 1 0 0 1 1 0 1 0 0 1 0 0 1 1 1 1 1 1 1 0 1 1 0 1 1 0 0 0 1 1 1 1 1 1 0 0 0 31186.0 30279.0 34502.0 1 0.1777114025471147
1 0 1 0 1 0 1 1 1 1 1 1 1 1 0 1 0 1 1 0 0 1 1 0 0 1 1 0 0 1 1 1 1 1 0 1 1 0 0 0 0 1 1 0 1 1 1 0 1 1 0 0 0 0 0 1 0 1 1 0 1 1 1 1 0 0 1 1 0 1 0 0 1 0 0 1 1 1 1 1 1 1 0 1 1 0 1 1 0 0 0 1 1 1 1 1 1 0 0 0 33139.0 30291.0 34307.0 1 0.0777040296676137
1 0 1 1 1 0 1 1 1 1 1 1 0 1 0 1 0 0 1 0 1 1 0 1 0 1 1 0 0 1 1 1 1 1 0 1 1 0 0 0 0 1 1 0 1 1 1 0 1 1 0 0 0 1 0 0 0 1 1 1 1 0 1 1 0 1 1 1 0 1 0 0 1 0 0 1 1 1 1 1 1 1 0 1 0 0 1 1 0 0 0 0 1 1 1 1 1 0 0 0 33482.0 27857.0 34134.0 1 0.07253731601427135
1 0 1 1 1 0 1 1 1 1 0 1 1 1 0 1 0 1 1 0 0 1 0 1 0 1 1 0 0 1 1 1 1 1 0 1 1 0 0 0 0 1 1 0 1 1 1 0 1 1 0 0 0 0 0 1 0 1 1 0 1 1 1 1 0 0 1 1 0 1 0 0 1 0 0 1 1 1 1 1 1 1 0 1 1 0 1 1 0 0 0 0 1 1 1 1 0 1 0 0 33410.0 29105.0 34123.0 1 0.046657782113888054
1 0 1 1 1 0 1 1 1 0 1 0 1 1 0 1 0 1 1 0 0 1 1 0 0 1 1 0 0 1 1 1 1 1 0 1 1 0 0 0 0 1 1 0 1 1 1 0 1 1 0 0 0 0 0 1 0 1 1 0 1 1 1 1 0 0 1 1 0 1 0 0 1 0 0 1 1 1 1 1 1 1 0 1 1 0 1 1 0 0 0 1 1 1 1 1 1 0 0 0 33043.0 30480.0 34106.0 1 0.009441146366932664
0 0 1 0 1 0 1 1 1 0 1 1 1 1 0 1 0 1 1 0 0 1 0 1 0 1 1 0 0 1 1 1 1 1 0 1 1 0 0 0 0 1 1 0 1 1 1 0 1 1 0 0 0 0 0 1 0 1 1 1 1 1 1 1 0 0 1 1 0 1 0 0 1 0 0 1 1 1 1 1 1 1 0 1 1 0 1 1 0 0 0 1 1 1 1 1 1 0 0 0 33594.0 29165.0 34105.0 1 0.046556087932850716
1 0 1 1 1 0 1 1 1 0 1 1 1 1 0 1 0 1 1 0 0 1 0 1 0 1 1 0 0 1 1 1 1 1 0 1 1 0 0 0 0 1 1 0 1 1 1 0 1 1 0 0 0 0 0 1 0 1 1 1 1 1 1 1 0 0 1 0 0 1 0 1 1 0 0 1 1 1 0 1 1 1 0 1 0 0 1 1 0 0 0 1 1 1 1 1 0 0 1 0 34283.0 27660.0 34011.0 1 0.06937777831461774
1 0 1 0 1 0 1 1 1 1 1 0 1 1 0 1 0 1 0 0 1 1 1 0 0 0 1 0 1 1 1 1 1 1 0 1 1 0 0 0 0 1 1 0 1 1 1 0 1 1 0 0 0 1 0 0 0 1 1 0 1 1 1 1 0 0 1 1 0 1 0 0 1 0 0 1 1 1 1 1 1 1 0 1 1 0 1 1 0 0 0 1 1 1 1 1 1 0 0 0 33125.0 30484.0 33895.0 1 0.04165433517123544
1 0 1 1 1 0 1 1 1 1 1 0 0 1 0 0 0 1 1 0 0 1 1 1 0 1 1 0 0 1 1 1 1 1 0 1 1 0 0 0 0 1 1 0 1 1 1 0 1 1 0 0 0 1 0 1 0 1 1 0 1 1 1 1 0 0 1 1 0 1 0 0 1 1 0 1 1 1 1 1 1 1 0 1 1 0 0 1 0 0 0 0 1 1 1 1 1 0 0 0 33301.0 29505.0 33833.0 1 0.061019436117713516
0 0 1 0 1 0 1 1 1 0 1 1 1 1 0 1 0 1 1 0 0 1 0 1 0 1 1 0 0 1 1 1 1 1 0 1 1 0 0 0 0 1 1 0 1 1 1 0 1 1 0 0 0 0 0 1 0 1 1 1 1 0 1 1 0 0 1 1 0 1 0 0 1 0 1 1 1 1 1 1 1 1 0 1 1 0 1 1 0 0 0 1 1 1 1 1 1 0 0 0 33980.0 29267.0 33744.0 1 0.06085775551324489
1 0 1 1 1 0 1 1 1 0 1 0 1 1 0 1 0 1 1 0 0 1 1 0 0 1 1 1 0 1 1 1 1 1 0 1 1 0 0 0 0 1 1 0 1 1 1 0 1 1 0 0 0 0 0 1 0 1 1 0 1 1 1 1 0 0 1 1 0 1 0 0 1 0 0 1 1 1 1 1 1 1 0 1 1 0 1 1 0 0 0 0 1 1 1 1 0 1 0 0 33374.0 30374.0 33721.0 1 0.04260659411856676
0 0 1 0 1 0 1 1 1 0 1 0 1 1 0 1 0 1 1 0 0 1 1 0 1 1 1 0 1 1 1 1 0 1 0 1 1 0 0 0 0 1 1 0 1 1 1 0 1 1 0 0 0 0 0 0 0 1 1 0 1 1 1 1 0 0 1 1 0 1 0 0 1 0 1 1 1 1 1 1 1 1 0 1 1 0 1 1 0 0 0 1 1 1 1 1 1 0 0 0 33564.0 30170.0 33641.0 1 0.03615621052824238
1 0 1 0 1 0 1 1 1 1 1 1 1 1 0 1 0 1 1 0 0 1 1 1 0 1 1 0 0 1 1 1 1 1 0 1 1 0 0 0 0 1 1 0 1 1 1 0 1 1 0 0 0 1 0 0 0 1 1 1 1 0 1 1 0 1 1 1 0 1 0 0 1 0 0 1 1 1 1 1 1 1 0 1 0 0 1 1 0 0 0 0 1 1 1 1 1 0 0 0 33994.0 29528.0 33607.0 1 0.07926056953694859
0 0 1 0 1 0 1 1 1 0 1 0 1 1 0 1 0 1 1 0 0 1 1 0 1 1 1 0 1 1 1 1 0 1 0 1 1 0 0 0 0 1 1 0 1 1 1 0 1 1 0 0 0 1 0 0 0 0 1 0 1 1 1 1 0 0 1 1 0 1 0 0 1 0 1 1 1 1 1 1 1 1 0 1 1 0 1 1 0 0 0 1 1 1 1 1 1 0 0 0 33913.0 30398.0 33538.0 1 0.0477288052753418
1 0 1 1 1 0 1 1 1 1 1 1 0 1 0 1 0 0 1 0 1 1 0 1 0 1 1 0 1 1 1 1 1 1 0 1 1 0 0 0 0 1 1 0 1 1 1 0 1 1 0 0 0 0 0 0 0 1 1 0 1 1 1 1 0 0 1 1 0 1 0 0 1 1 0 1 1 1 1 1 1 1 0 1 1 1 1 0 0 0 0 0 1 1 0 1 0 0 1 0 34404.0 28124.0 33521.0 1 0.08763213151489153
0 0 1 1 1 0 1 1 1 0 1 0 1 1 0 1 1 0 1 1 0 0 1 1 0 0 0 0 1 1 1 1 1 1 1 1 1 0 0 0 0 1 1 0 1 1 1 0 1 1 0 0 0 0 0 0 0 1 1 0 0 1 1 1 0 0 0 1 0 1 0 0 1 0 0 1 1 1 1 1 1 1 0 1 1 0 1 1 1 0 0 1 1 1 1 1 1 0 0 0 31086.0 30565.0 33488.0 1 1000000000000000.0
0 0 1 1 1 0 1 1 1 1 1 1 0 1 0 1 1 0 1 0 1 1 1 0 0 0 1 0 1 1 1 1 1 1 0 1 1 0 0 0 0 1 1 0 1 1 1 0 1 1 0 0 0 1 0 1 0 1 1 0 1 1 1 1 0 0 1 1 0 1 0 0 1 1 0 1 1 1 1 1 1 1 0 1 1 1 0 0 0 0 0 0 1 1 1 1 1 0 0 0 32923.0 30581.0 33403.0 1 0.03134690185613544
1 0 1 1 1 0 1 1 1 1 1 1 0 1 0 1 0 0 1 0 1 1 0 1 0 1 1 0 0 1 1 1 1 1 0 1 1 0 0 0 0 1 1 0 1 1 1 0 1 1 0 0 0 1 0 0 0 1 1 1 1 0 1 1 0 1 1 1 0 1 0 1 0 0 1 0 1 1 1 1 1 1 0 1 1 1 0 0 1 0 0 0 1 1 0 1 1 0 1 0 34590.0 27761.0 33341.0 1 0.10654055563663048
1 0 1 1 1 0 1 1 1 0 1 0 1 1 0 1 0 1 1 0 0 1 1 0 0 1 1 1 0 1 1 1 1 1 0 1 1 0 0 0 0 1 1 0 1 1 1 0 1 1 0 0 0 0 0 0 0 1 1 0 1 1 1 1 0 0 1 1 0 1 0 0 1 0 0 0 1 1 1 1 1 1 0 1 1 0 1 1 0 0 0 0 1 1 1 1 1 1 0 0 32252.0 30701.0 33242.0 1 0.0936382764205252
0 0 1 1 1 0 1 1 1 0 1 0 1 1 0 1 0 1 0 0 0 1 1 0 0 1 1 0 1 1 1 1 0 1 0 1 1 0 0 0 0 1 1 0 1 1 1 0 1 1 0 0 0 0 0 0 0 1 1 0 1 1 1 1 0 0 1 1 0 1 0 0 1 0 1 1 1 1 1 1 1 1 0 1 1 0 1 1 0 0 0 1 1 1 1 1 1 0 0 0 33399.0 30461.0 33131.0 1 0.028297179145764965
1 0 1 1 1 0 1 1 1 0 1 0 1 1 0 1 1 1 1 0 0 1 1 0 0 1 1 1 0 1 1 1 1 1 0 1 1 0 0 0 0 1 1 0 1 1 1 0 1 1 0 0 0 0 0 0 0 1 1 0 1 1 1 1 0 1 1 1 0 1 0 1 0 0 1 0 1 1 1 1 1 1 0 1 1 1 0 0 1 0 0 0 1 1 0 1 1 0 1 0 34199.0 29952.0 33090.0 1 0.12047295057024414
1 0 1 1 1 0 1 1 1 0 1 0 1 1 0 1 1 1 1 0 0 1 1 0 0 1 1 1 0 1 1 1 1 1 0 1 1 0 0 0 0 1 1 0 1 1 1 0 1 1 0 0 0 0 0 0 0 1 1 0 1 1 1 1 0 0 1 1 0 1 0 0 1 1 0 1 1 1 1 1 1 1 0 1 1 1 1 0 0 0 0 0 1 1 0 1 0 0 1 0 34204.0 30003.0 33085.0 1 0.04525254013041088
1 0 1 1 1 0 1 1 1 1 1 0 0 1 0 0 0 1 1 0 0 1 1 1 0 1 1 0 0 1 1 1 1 1 0 1 1 0 0 0 0 1 1 0 1 1 1 0 1 1 0 0 0 1 0 1 0 1 1 0 1 1 1 1 0 0 1 1 0 1 0 0 1 1 0 1 1 1 1 1 1 1 0 1 1 1 1 0 0 0 0 0 1 1 0 1 0 0 1 0 34435.0 28598.0 33079.0 1 0.06106052164708722
1 0 1 1 1 0 1 1 1 1 1 1 0 1 0 1 0 0 1 0 1 1 0 1 0 1 1 0 1 1 1 1 1 1 0 1 1 0 0 0 0 1 1 0 1 1 1 0 1 1 0 0 0 1 0 1 0 1 1 1 1 0 1 1 0 1 1 1 0 1 0 1 0 0 1 0 1 1 1 1 1 0 0 1 1 1 0 0 1 0 0 0 1 1 0 1 0 0 1 0 34740.0 27554.0 32975.0 1 0.06376320616482865
1 0 1 1 1 0 1 1 1 1 1 1 0 1 0 1 0 0 1 0 1 1 0 1 0 1 1 0 0 1 1 1 1 1 0 1 1 0 0 0 0 1 1 0 1 1 1 0 1 1 0 0 0 1 0 1 0 1 1 1 1 0 1 1 0 1 1 1 0 1 0 1 0 0 1 0 1 1 1 1 1 1 0 1 1 1 0 0 1 0 0 0 1 1 0 1 0 0 1 0 34761.0 27252.0 32963.0 1 0.2019739020852704
0 0 1 1 1 0 1 1 1 1 1 1 0 1 0 1 0 1 1 0 0 1 1 0 0 1 1 0 1 1 1 1 0 1 0 1 1 0 0 0 0 1 1 1 1 1 1 0 1 1 0 0 1 1 0 1 0 1 1 1 1 0 1 0 0 0 1 1 0 1 0 0 1 0 0 1 1 1 1 1 1 1 0 1 0 0 1 1 0 0 0 0 1 1 1 1 1 0 0 0 33045.0 30773.0 32467.0 1 0.09503161187150051
1 0 1 0 1 0 1 1 1 1 1 1 1 1 0 1 0 1 1 0 0 1 1 1 0 1 1 0 0 1 1 1 1 1 0 1 1 0 0 0 0 1 1 0 1 1 1 0 1 1 0 0 0 0 0 1 0 1 1 0 1 1 1 1 0 1 1 1 0 1 0 1 0 0 1 0 1 1 1 1 1 1 0 1 1 1 0 0 1 0 0 0 1 1 0 1 0 0 1 0 34431.0 28660.0 32386.0 1 0.061413601181234505
1 0 1 1 1 0 1 1 1 0 1 0 1 1 0 1 0 1 1 0 0 1 1 0 1 1 1 0 1 1 0 1 0 1 0 1 1 0 0 0 0 1 1 1 1 1 1 0 1 1 0 0 0 1 0 1 0 1 1 0 1 1 1 1 0 0 1 1 0 1 0 0 1 0 0 1 1 0 1 1 1 1 0 1 1 0 0 1 0 0 0 0 1 1 1 1 1 0 0 0 32903.0 30849.0 32335.0 1 0.06096978411567386
0 0 1 0 1 0 1 1 1 0 1 0 1 1 0 1 0 1 1 0 0 1 1 0 1 1 1 0 1 1 1 1 0 1 0 1 1 0 0 0 0 1 1 1 1 1 1 0 1 1 0 0 0 1 0 1 0 1 1 0 1 1 1 1 0 0 1 1 0 1 0 0 1 0 0 1 1 1 1 1 1 1 0 1 1 0 0 1 0 0 0 0 1 1 1 1 1 0 0 0 32846.0 31073.0 32312.0 1 0.07160681095343002
1 0 1 1 1 0 1 1 1 0 1 0 1 1 0 1 1 1 1 0 0 1 1 0 0 1 1 1 0 1 1 1 1 1 0 1 1 0 0 0 0 1 1 0 1 1 1 0 1 1 0 0 0 0 0 1 0 1 1 1 1 0 1 1 0 1 1 1 0 1 0 1 0 0 0 0 1 1 1 1 1 1 0 1 1 1 0 0 1 0 0 0 1 1 1 1 1 0 0 0 33580.0 30524.0 32269.0 1 0.02690464156635102
1 0 1 1 1 0 1 1 1 0 1 0 1 1 0 1 1 1 1 0 0 1 1 0 0 1 1 1 0 1 1 1 1 1 0 1 1 0 0 0 0 1 1 0 1 1 1 0 1 1 0 0 0 0 0 1 0 1 1 1 1 0 1 1 0 1 1 1 0 1 0 1 0 0 1 0 1 1 1 1 1 1 0 1 1 1 0 0 1 0 0 0 1 1 0 1 0 0 1 0 34832.0 29389.0 32256.0 1 0.07766204723014081
1 0 1 1 1 0 1 1 1 0 1 0 1 1 0 1 1 1 1 0 0 1 1 0 0 1 1 1 0 1 1 1 1 1 0 1 1 0 0 0 0 1 1 0 1 1 1 0 1 1 0 0 0 0 0 1 0 1 1 1 1 0 1 1 0 1 1 1 0 1 0 1 0 0 1 0 1 1 1 1 1 1 0 1 1 1 0 0 0 0 0 0 1 1 1 1 1 0 0 0 33875.0 30456.0 32147.0 1 0.04880337092791631
1 0 0 1 1 0 1 1 1 0 1 0 1 1 0 1 0 1 1 0 0 1 1 0 0 0 1 0 1 1 1 1 1 1 0 1 1 0 0 0 0 1 1 0 1 1 1 0 1 0 0 1 0 1 0 1 0 1 1 0 1 1 1 1 0 0 1 1 0 1 0 0 1 1 0 1 1 1 1 1 1 1 0 1 1 1 0 0 1 0 0 0 1 1 1 1 0 0 0 1 33813.0 30608.0 32121.0 1 0.0852439851063082
1 0 1 1 1 0 1 1 1 0 1 1 0 1 0 1 0 1 1 0 0 1 1 0 0 1 1 0 1 1 1 1 0 1 0 1 1 0 0 0 0 1 1 1 1 1 1 0 1 1 0 0 1 1 0 1 0 1 1 1 1 0 1 0 0 0 1 1 0 1 0 0 1 0 0 1 1 1 1 1 1 1 0 1 0 0 1 1 0 0 0 0 1 1 1 1 1 0 0 0 32931.0 30815.0 31784.0 1 0.07870126732096458
0 0 1 1 1 0 1 1 1 0 1 0 1 1 0 1 0 1 1 0 0 1 1 0 0 1 1 0 1 1 1 1 1 1 0 1 1 0 0 0 0 1 1 0 1 1 1 0 1 1 0 0 0 1 0 1 0 1 1 0 1 1 1 1 0 0 1 1 0 1 0 0 1 1 0 1 1 1 1 1 1 1 0 1 1 1 0 0 0 0 0 0 1 1 0 1 0 0 1 0 34320.0 30170.0 31718.0 1 0.05529920689768589
1 0 1 1 1 0 1 1 1 0 1 1 0 1 0 0 0 1 1 0 1 1 0 1 0 1 1 0 1 1 1 1 1 1 0 1 1 0 0 0 0 1 1 0 1 1 1 0 1 1 0 0 0 1 0 1 0 1 1 1 1 0 1 1 0 1 1 1 0 1 1 1 0 0 1 0 1 0 1 1 1 1 0 1 0 1 1 0 1 0 0 0 1 1 0 1 0 0 1 0 35874.0 26780.0 31706.0 1 1000000000000000.0
0 0 1 1 1 0 1 1 1 1 1 1 0 1 0 1 0 1 1 0 0 1 1 0 0 1 1 0 1 1 1 1 0 1 0 1 1 0 0 0 0 1 1 0 1 1 1 0 1 1 0 0 0 1 0 1 0 1 1 1 1 0 1 1 0 1 1 1 0 1 0 1 0 0 1 0 1 1 1 1 1 1 0 1 1 1 0 0 1 0 0 0 1 1 0 1 0 0 1 0 34913.0 29029.0 31614.0 1 0.08075352345930994
1 0 1 1 1 0 1 1 1 0 1 1 0 1 0 0 0 1 1 0 1 1 0 1 0 1 1 0 1 1 1 1 1 1 0 1 1 0 0 0 0 1 1 0 1 1 1 0 1 1 0 0 0 1 0 1 0 1 1 1 1 0 1 1 0 1 1 1 0 1 1 1 0 0 1 0 1 0 1 1 1 1 0 1 0 1 1 0 1 0 0 0 1 1 0 1 1 0 0 0 35254.0 27661.0 31535.0 1 0.21875004454483435
0 0 1 0 1 0 1 1 1 0 1 0 1 1 0 1 0 1 1 0 0 1 1 0 0 1 1 0 1 1 1 1 1 1 0 1 1 0 0 0 0 1 1 0 1 1 1 0 1 1 0 0 0 1 0 1 0 1 1 0 1 1 1 1 0 0 1 1 0 1 0 0 1 1 0 1 1 1 1 1 1 1 0 1 1 1 0 0 0 0 0 0 1 1 1 1 1 0 0 0 33382.0 30803.0 31497.0 1 0.024420606298699393
1 0 1 1 1 0 1 1 1 0 1 0 1 1 0 1 0 1 1 0 0 1 1 0 0 0 1 0 1 1 1 1 1 1 0 1 1 0 0 0 0 1 1 0 1 1 1 0 1 0 0 1 0 1 0 1 0 1 1 0 1 1 1 1 0 0 1 1 0 1 0 0 1 1 0 1 1 1 1 1 1 1 0 1 1 1 0 0 0 0 0 0 1 1 1 1 1 0 0 0 33238.0 31600.0 31440.0 1 0.22418804059662029
0 0 1 0 1 0 1 1 1 0 1 0 1 1 0 1 0 1 1 0 1 1 0 1 0 1 1 0 1 1 1 1 1 1 0 1 1 0 0 0 0 1 1 0 1 1 1 0 1 1 0 0 0 1 0 1 0 1 1 1 1 0 1 1 0 1 1 1 0 1 0 1 0 0 1 0 1 1 1 1 1 1 0 1 1 1 0 0 0 0 0 0 1 1 0 1 0 0 1 0 34985.0 27962.0 30967.0 1 0.1678944167647286
0 0 1 0 1 0 1 1 1 0 1 0 1 1 0 1 0 1 1 0 0 1 1 0 1 1 1 0 1 1 1 1 0 1 0 1 1 0 0 0 0 1 1 0 1 1 1 0 1 0 0 1 0 1 0 1 0 1 1 0 1 1 1 1 0 0 1 1 0 1 0 0 1 1 0 1 1 1 1 1 1 1 0 1 1 1 0 0 0 0 0 0 1 1 1 1 1 0 0 0 33609.0 31051.0 30929.0 1 0.07225968308569575
0 0 1 1 1 0 1 1 1 0 1 0 1 1 0 1 0 1 1 0 0 1 1 0 0 1 1 0 1 1 1 1 0 1 0 1 1 0 0 0 0 1 1 0 1 1 1 0 1 1 0 0 0 1 0 1 0 1 1 1 1 0 1 1 0 1 1 1 0 1 0 1 0 0 1 0 1 1 1 1 1 1 0 1 1 1 0 0 1 0 0 0 1 1 0 1 0 0 1 0 34919.0 29340.0 30772.0 1 0.10534776549276559
0 0 1 0 1 0 1 1 1 0 1 0 1 1 0 1 0 1 1 0 0 1 1 0 1 1 1 0 1 1 1 1 0 1 0 1 1 0 0 0 0 1 1 1 1 1 1 0 1 1 0 0 0 1 0 1 1 1 1 1 1 0 1 1 0 1 1 1 0 1 0 1 1 0 0 0 1 1 1 1 1 1 0 1 0 1 1 0 0 0 0 0 1 1 1 1 0 0 0 0 33981.0 30564.0 30359.0 1 0.07890346226645958
0 0 1 0 1 0 1 1 1 0 1 0 1 1 0 1 0 1 1 0 0 1 1 0 1 1 1 0 1 1 1 1 0 1 0 1 1 0 0 0 0 1 1 1 1 1 1 0 1 1 0 0 0 1 0 1 1 1 1 1 1 0 1 1 0 1 1 1 0 1 0 1 1 0 0 0 1 1 1 1 1 1 0 1 0 1 1 0 0 0 0 0 1 1 0 1 0 0 1 0 34718.0 30158.0 30192.0 1 0.08164754251659959
0 0 1 0 1 0 1 1 1 0 1 0 1 1 0 1 0 1 1 0 0 1 1 0 1 1 1 0 1 1 1 1 0 1 0 1 1 0 0 0 0 1 1 1 1 1 1 0 1 1 0 0 0 1 0 1 1 1 1 1 1 0 1 1 0 1 1 1 0 1 0 1 1 0 0 0 1 1 1 1 1 1 0 1 0 1 0 0 0 0 0 0 1 1 1 1 1 0 0 0 33781.0 31186.0 30061.0 1 0.4223662862742169
1 0 1 0 1 0 1 1 1 0 1 1 1 1 1 1 0 1 1 0 0 1 1 0 1 1 1 0 1 1 1 1 0 1 0 1 1 0 0 0 0 1 1 1 1 1 1 1 1 0 0 0 0 0 0 1 0 0 1 0 0 0 1 1 0 1 1 1 0 1 0 0 1 1 0 0 1 1 1 0 1 1 0 1 1 1 0 0 0 0 0 0 1 1 1 1 1 0 0 0 31664.0 31925.0 27713.0 1 2000000000000000.0
1 0 1 0 1 0 1 1 1 1 1 0 1 1 0 1 0 1 0 0 1 1 1 0 0 0 1 0 1 1 1 1 0 1 0 1 1 0 0 0 0 1 1 1 1 1 1 0 1 1 0 0 0 1 0 1 0 0 1 0 0 0 1 1 0 1 1 1 0 1 0 0 1 1 0 0 1 1 1 0 1 1 0 1 1 1 0 0 0 0 0 0 1 1 1 1 1 0 0 0 31047.0 31526.0 27953.0 2 3000000000000000.0
1 0 1 0 1 0 1 1 1 0 1 1 0 1 0 0 0 1 1 0 1 1 0 1 0 1 1 0 1 1 1 1 1 1 0 1 1 0 0 0 0 1 1 0 1 1 1 0 1 1 0 0 0 1 0 1 0 1 1 1 1 0 1 1 0 1 1 1 0 1 1 1 0 0 1 0 1 0 1 1 1 1 0 1 0 1 1 0 1 0 0 0 1 1 0 1 0 0 1 0 35389.0 26116.0 30917.0 2 2000000000000000.0
1 0 1 1 1 0 1 0 1 1 1 1 0 1 0 1 0 0 1 0 1 1 0 1 0 1 1 0 1 1 1 1 1 1 0 1 1 0 0 0 0 1 1 0 1 1 1 0 1 1 0 0 0 0 0 0 0 1 1 0 1 1 1 1 0 0 1 1 0 1 0 0 1 0 1 1 1 1 0 1 1 1 0 1 1 0 1 1 0 0 0 1 1 1 1 1 0 0 1 0 33305.0 26651.0 36051.0 2 1000000000000000.1
1 0 1 1 1 0 1 1 1 1 1 1 0 1 0 1 0 0 1 0 1 1 0 1 0 1 1 0 0 1 1 1 1 1 0 1 1 0 0 0 0 1 1 0 1 1 1 0 1 1 0 0 0 1 0 0 0 0 1 0 0 1 1 1 0 0 1 1 0 1 0 0 1 0 0 1 1 1 1 1 1 1 0 1 1 0 1 1 0 0 0 1 1 1 1 1 1 0 0 0 32253.0 28512.0 35285.0 2 0.6013382407979975
0 0 1 0 1 0 1 1 1 0 1 0 1 1 0 1 0 1 1 0 0 1 1 0 1 1 1 0 1 1 1 1 0 1 0 1 1 0 0 0 0 1 1 1 1 1 1 0 1 1 0 0 0 1 0 1 0 1 1 1 1 0 1 1 0 1 1 1 0 1 0 1 0 0 1 0 1 1 1 1 1 1 0 1 1 1 0 0 0 0 0 0 1 1 0 1 0 0 1 0 34352.0 29611.0 30057.0 2 0.4785300699570276
1 0 1 1 1 0 1 0 1 1 1 1 0 1 0 1 0 0 1 0 1 1 0 1 0 1 1 0 1 1 1 1 1 1 0 1 1 0 0 1 0 1 1 0 1 1 1 0 1 1 0 1 0 0 0 0 0 1 1 0 1 1 1 1 0 0 1 1 0 1 0 0 1 0 1 1 1 1 0 1 1 1 0 1 1 0 0 0 0 0 0 0 1 1 1 1 1 0 0 0 32537.0 27976.0 34332.0 2 0.24548753952470034
0 0 1 1 1 0 1 1 1 1 1 1 0 1 0 1 1 0 1 0 1 1 0 1 0 1 1 0 0 1 1 1 1 1 0 1 1 0 0 0 0 1 1 0 1 1 1 0 1 1 0 0 0 1 0 0 0 1 1 1 1 0 1 1 0 1 1 1 0 1 0 1 0 0 1 0 1 1 1 1 1 1 0 1 1 0 1 0 1 0 0 0 1 1 0 1 1 0 0 0 33488.0 27863.0 34011.0 2 0.2209170688597779
0 0 1 1 1 0 1 1 1 1 1 1 0 1 0 1 1 0 1 0 1 1 0 1 0 1 1 0 0 1 1 1 1 1 0 1 1 0 0 0 0 1 1 0 1 1 1 0 1 1 0 0 0 0 0 0 0 1 1 0 1 1 1 1 0 0 0 1 0 1 0 1 1 0 0 1 1 1 0 1 1 1 0 1 1 0 1 1 0 0 0 1 1 1 1 1 0 0 1 0 33086.0 26680.0 35975.0 2 0.20336239674927126
