0 0 1 0 1 0 1 1 1 1 1 1 0 1 0 1 0 0 1 0 1 1 1 0 0 1 1 0 1 1 1 1 1 1 0 1 1 0 0 0 0 1 1 0 1 1 1 0 1 1 0 0 0 0 0 0 0 1 1 0 1 1 1 1 0 0 1 1 0 1 1 0 1 0 0 1 1 1 0 1 1 1 0 1 1 0 1 1 0 0 0 1 1 1 1 1 0 1 0 0 32153.0 27918.0 34718.0 0 1000000000000000.2
1 0 0 1 0 0 1 1 1 1 0 1 1 1 0 1 1 0 1 0 0 1 0 1 0 1 1 0 1 1 1 1 1 1 0 1 1 0 0 0 0 1 1 0 1 1 1 0 1 1 0 0 0 0 0 0 0 1 1 0 1 1 1 1 0 0 1 1 0 1 0 0 1 0 0 1 1 1 0 1 1 1 0 1 1 0 1 1 0 0 0 1 1 1 1 1 0 0 1 0 32475.0 26214.0 34618.0 0 1000000000000000.4
1 0 1 0 1 0 1 1 1 1 0 1 0 1 0 1 1 0 1 1 0 1 1 1 0 1 1 0 0 1 1 1 1 0 0 1 1 0 0 0 0 1 1 0 1 1 1 1 0 1 0 0 0 0 1 0 0 1 1 0 1 1 1 1 0 0 1 1 0 1 0 0 1 1 0 0 1 1 0 1 1 1 0 1 1 0 1 1 0 0 0 1 1 1 1 1 1 0 0 0 30351.0 27954.0 32601.0 0 0.3907442050035903
1 0 1 1 1 0 1 1 1 1 1 1 0 1 0 1 1 0 1 0 1 1 1 0 0 0 1 0 1 1 1 1 0 1 0 1 1 0 0 0 0 1 1 1 1 1 1 0 1 0 0 0 0 1 0 1 0 1 1 0 1 1 1 1 0 0 1 1 0 1 0 0 1 1 0 1 1 1 1 1 1 1 0 1 1 1 0 0 0 0 0 0 1 1 0 1 0 0 1 0 32958.0 29385.0 31744.0 0 0.528444534440272
1 0 1 0 1 0 1 1 1 1 1 1 0 1 0 1 0 0 1 0 1 1 0 1 0 1 1 0 0 1 1 1 1 1 0 1 1 0 0 0 0 1 1 1 1 1 1 0 1 0 0 1 0 1 0 0 1 1 1 1 1 0 1 1 1 1 0 1 0 1 0 1 0 0 0 0 1 1 1 1 1 1 0 1 1 1 0 0 1 0 0 0 1 1 0 1 0 0 1 0 33040.0 27932.0 31714.0 0 0.04683325415430215
1 0 1 0 1 0 1 1 1 1 1 1 0 1 0 1 0 0 1 0 1 1 0 1 0 1 1 0 0 1 1 1 1 1 0 1 1 0 0 0 0 1 1 1 1 1 1 0 1 0 0 0 0 1 0 1 0 1 1 1 1 0 1 1 0 1 1 1 0 1 0 1 0 0 1 0 1 1 1 1 1 1 0 1 1 1 0 0 1 0 0 0 1 1 0 1 0 0 1 0 33600.0 26636.0 31683.0 0 0.4869931179144408
0 0 1 0 1 0 1 1 1 1 1 1 0 1 0 0 0 1 1 0 0 1 1 1 0 1 1 0 1 1 1 1 1 1 0 1 1 0 0 0 0 1 1 1 1 1 1 0 1 0 0 0 0 1 0 1 0 1 1 1 1 0 1 1 0 1 1 1 0 1 0 1 0 0 1 0 1 1 1 1 1 1 0 1 1 1 0 0 1 0 0 0 1 1 0 1 0 0 1 0 33933.0 27766.0 31103.0 0 0.6049082691463872
1 0 1 0 1 0 1 1 1 1 0 1 0 1 0 1 0 1 1 0 0 1 1 1 0 1 1 0 1 1 1 1 0 1 0 1 1 0 0 0 0 1 1 0 0 0 1 0 1 1 1 0 0 0 1 0 0 1 1 1 1 0 1 1 0 1 1 1 0 1 0 1 0 0 1 1 1 1 1 1 1 1 0 1 1 1 0 0 0 0 0 0 1 1 0 1 0 0 1 0 34287.0 26539.0 30100.0 0 1000000000000000.4
0 0 1 1 0 0 1 1 1 0 1 0 1 1 0 1 0 0 1 0 0 1 1 1 0 1 1 0 1 1 1 1 0 1 0 1 1 0 0 0 0 1 1 1 0 0 1 0 1 1 1 1 0 1 0 1 0 0 1 0 1 1 1 1 0 1 1 1 1 1 0 0 1 0 0 0 1 1 1 1 1 0 0 1 1 1 0 0 0 0 0 0 1 1 1 1 1 0 0 0 31651.0 29612.0 29447.0 0 0.36022954130678536
0 0 1 0 1 0 1 1 1 0 1 0 1 1 0 1 0 1 1 0 0 1 1 1 0 1 1 0 1 1 1 1 0 1 0 1 1 0 0 0 0 1 1 1 1 0 1 0 1 1 1 0 0 0 1 0 0 1 1 1 1 0 1 1 0 1 1 1 0 1 0 1 0 0 0 0 1 1 1 1 1 1 0 1 1 1 0 0 0 0 0 0 1 1 0 1 0 0 1 0 33116.0 28182.0 28785.0 0 0.423539692058465
1 0 0 0 1 0 1 1 1 0 1 0 1 1 0 1 0 1 1 0 0 1 1 1 0 1 1 0 1 1 1 1 0 1 0 1 1 0 0 0 0 1 1 1 1 0 1 0 1 1 1 0 0 0 1 0 0 1 1 1 1 0 1 1 0 1 1 1 0 1 0 1 0 0 0 0 1 1 1 1 1 1 0 1 1 1 0 0 0 0 0 0 1 1 0 1 0 0 1 0 33191.0 27980.0 28696.0 0 0.20125585730121148
1 0 1 0 1 0 1 1 1 0 1 1 0 1 0 1 0 1 1 0 0 1 1 1 0 1 1 0 1 1 1 1 0 1 0 1 1 0 0 0 0 1 1 1 1 1 1 0 1 0 0 0 0 1 0 1 0 0 1 0 0 0 1 1 1 1 1 1 0 1 0 0 1 1 0 0 1 1 1 0 1 1 0 1 1 1 0 0 0 0 0 0 1 1 1 1 0 0 0 0 30308.0 29836.0 28329.0 0 0.19994356222562787
1 0 1 0 1 0 1 1 1 0 1 1 1 1 0 1 0 1 1 0 0 1 1 1 0 1 1 0 1 1 1 1 0 1 0 1 1 0 0 0 0 1 1 1 1 1 1 0 1 0 0 0 0 1 0 1 0 0 1 0 0 0 1 1 1 1 1 1 0 1 0 0 1 1 0 0 1 1 1 0 1 1 0 1 1 1 0 0 0 0 0 0 1 1 0 1 0 0 1 0 31632.0 30216.0 28310.0 0 0.4102763737561672
1 0 1 0 1 0 1 1 1 1 0 1 0 1 0 1 0 1 1 0 0 1 1 1 0 0 0 1 0 1 1 1 0 1 0 1 1 0 0 0 1 1 1 1 1 1 1 1 1 0 0 0 0 1 0 1 0 0 1 0 0 0 1 1 0 1 1 1 0 1 0 0 1 1 0 0 1 1 1 0 1 1 0 0 1 1 0 0 1 0 0 0 1 1 1 1 1 1 0 0 30481.0 30449.0 27970.0 0 0.3812583494936362
1 0 1 0 1 0 1 1 1 1 1 1 0 1 0 1 0 1 1 0 1 1 1 0 0 0 1 1 0 1 1 1 0 0 1 1 1 0 0 0 1 1 1 1 1 1 1 1 1 0 0 0 0 1 0 0 0 0 1 0 0 0 1 1 0 1 1 1 0 1 0 0 1 1 0 0 1 1 1 0 1 1 0 1 1 1 0 0 0 0 0 0 1 1 1 1 1 0 0 0 30235.0 30685.0 27854.0 0 0.32771263463679584
0 0 1 1 1 0 1 1 1 0 1 0 1 1 0 1 0 0 1 0 1 1 1 0 0 0 1 1 0 1 1 1 0 0 1 1 1 0 0 0 1 1 1 1 1 1 1 1 0 0 0 0 0 1 0 1 1 1 1 0 0 0 1 1 0 1 1 1 0 1 0 0 1 1 0 0 1 1 1 0 1 1 0 1 1 1 0 0 0 0 0 0 1 1 1 1 1 0 0 0 29307.0 30855.0 27276.0 0 2000000000000000.2
1 0 1 0 1 0 1 1 1 0 1 1 1 0 0 1 0 1 1 0 0 1 1 0 0 0 1 1 0 1 1 1 0 0 1 1 1 0 0 0 1 1 1 1 1 1 1 1 1 0 0 0 0 1 0 1 0 0 1 0 0 0 1 1 0 1 1 1 0 1 0 0 1 1 0 0 1 1 1 0 1 1 0 0 1 1 0 0 1 0 0 0 1 1 1 1 1 1 0 0 30478.0 30655.0 26418.0 0 1000000000000000.1
0 0 0 1 0 0 1 1 1 1 0 1 1 1 0 1 1 0 1 0 0 1 0 1 0 1 1 0 1 1 1 1 1 1 0 1 1 0 0 0 0 1 1 0 1 1 1 0 1 1 0 0 0 0 0 0 0 1 1 0 1 1 1 1 0 0 1 1 0 1 1 0 1 0 0 1 1 1 0 1 1 1 0 1 1 0 1 1 0 0 0 1 1 1 1 1 0 1 0 0 31962.0 26820.0 34626.0 1 1000000000000000.1
0 0 0 1 0 0 1 1 1 1 0 1 1 1 0 1 1 0 1 0 0 1 0 1 0 1 1 0 1 1 1 1 1 1 0 1 1 0 0 0 0 1 1 0 1 1 1 0 1 1 0 0 0 0 0 0 0 1 1 0 1 1 1 1 0 0 1 1 0 1 0 0 1 0 0 1 1 1 0 1 1 1 0 1 1 0 1 1 0 0 0 1 1 1 1 1 0 0 1 0 32159.0 26058.0 34425.0 1 1000000000000000.1
0 0 1 1 1 0 1 1 1 1 1 1 0 1 0 1 1 0 1 1 0 1 1 1 0 0 1 1 0 1 1 1 1 1 0 1 1 0 0 0 0 1 1 0 1 1 1 0 1 0 0 0 0 0 0 0 0 1 1 0 1 0 1 0 0 0 1 1 0 1 0 0 1 0 0 1 1 1 0 1 1 1 0 1 1 0 1 1 0 0 0 1 1 1 1 1 0 1 0 0 29965.0 27709.0 33154.0 1 0.3529516700787535
1 0 1 0 1 0 1 1 1 1 0 1 0 1 0 1 1 0 1 0 0 1 1 1 0 1 1 0 1 1 1 1 0 1 0 1 1 0 0 0 0 1 1 0 1 1 1 0 1 1 0 0 0 0 1 0 0 1 1 1 1 0 1 1 0 1 1 0 0 1 0 0 1 0 0 1 1 1 0 1 1 1 0 1 1 0 1 1 0 0 0 1 1 1 1 1 1 0 0 0 31511.0 27612.0 33136.0 1 0.09997451111120942
1 0 1 0 1 0 1 1 1 1 0 1 0 1 0 1 1 0 1 0 0 1 1 1 0 1 1 0 1 1 1 1 0 1 0 1 1 0 0 0 1 1 1 0 1 1 1 0 1 1 0 0 0 0 1 0 0 1 1 1 1 0 1 1 0 1 1 0 0 1 0 0 1 0 0 1 1 1 0 1 1 1 0 1 1 0 1 1 0 0 0 1 1 1 1 1 0 0 0 0 31678.0 26842.0 32796.0 1 0.3215069894421483
1 0 1 0 1 0 1 1 1 1 0 1 0 1 0 1 1 0 1 0 0 1 1 1 0 1 1 0 1 1 1 1 1 1 0 1 1 1 0 0 0 1 1 0 1 1 1 0 1 1 0 0 0 1 0 1 1 1 1 0 0 0 1 1 0 1 1 1 0 1 0 1 0 0 0 0 1 1 1 1 1 1 0 1 1 1 0 0 0 0 0 0 1 1 1 1 1 0 0 0 30976.0 28934.0 31650.0 1 0.21966004240975345
0 0 0 1 0 0 1 1 1 1 0 1 0 1 0 1 1 0 1 0 1 1 0 1 0 1 1 0 1 1 1 1 1 1 0 1 1 0 0 0 0 1 1 1 1 0 1 0 1 1 1 0 0 0 1 0 0 1 1 1 1 0 1 1 0 1 1 1 0 1 0 1 0 0 0 0 1 1 1 1 1 1 0 1 1 1 0 0 0 0 1 1 1 1 1 1 0 0 0 0 32047.0 26382.0 31512.0 1 0.15174747031960312
0 0 1 0 1 0 1 1 1 0 1 0 1 1 0 1 0 1 1 0 0 1 1 1 0 1 1 0 1 1 1 1 0 1 0 1 1 0 0 0 0 1 1 1 0 0 1 0 1 1 1 0 0 0 1 0 0 1 1 0 1 1 1 1 0 0 1 1 0 1 0 0 1 0 0 1 1 1 0 1 1 1 0 1 1 0 1 1 0 0 0 0 1 1 0 1 0 0 1 0 32402.0 27287.0 31340.0 1 0.1769224264077565
1 0 1 1 1 0 1 1 1 1 1 1 0 1 0 1 1 0 1 0 1 1 1 0 0 0 1 0 1 1 1 1 0 1 0 1 1 0 0 0 0 1 1 1 0 0 1 0 1 1 0 0 0 1 0 1 0 0 1 0 0 0 1 0 1 1 1 0 0 1 0 0 1 0 0 0 1 1 0 1 1 1 0 1 1 0 1 1 0 0 1 1 1 1 1 1 1 0 0 0 28689.0 28982.0 31229.0 1 1000000000000000.0
1 0 1 0 1 0 1 1 1 1 0 1 0 1 0 1 1 0 1 1 0 1 0 1 0 1 1 0 1 1 1 1 1 1 0 1 1 0 0 0 0 1 1 0 1 1 1 0 1 0 0 1 0 1 1 0 1 1 1 1 1 0 1 1 1 1 1 1 0 1 0 1 0 0 0 0 1 1 1 1 1 1 0 1 1 1 0 0 0 0 0 0 1 1 0 1 0 0 0 0 32337.0 27667.0 31057.0 1 0.06250706064866039
1 0 1 0 1 0 1 1 1 1 1 1 0 1 0 0 0 1 1 0 0 1 1 1 0 1 1 0 1 1 1 1 1 1 0 1 1 0 0 0 0 1 1 1 1 1 1 0 1 0 0 0 0 1 0 1 0 1 1 1 1 0 1 1 0 1 1 1 0 1 0 1 0 0 1 0 1 1 1 1 1 1 0 1 1 1 0 0 1 0 0 0 1 0 0 1 0 0 1 0 33256.0 27160.0 30997.0 1 0.1559196905562738
1 0 1 0 1 0 1 1 1 1 0 1 0 1 0 1 1 0 1 0 0 1 1 1 0 1 1 0 1 1 1 1 0 1 0 1 1 0 0 0 0 1 1 0 1 1 1 0 1 1 0 0 0 0 1 0 1 1 1 1 1 0 1 1 1 1 0 1 0 1 0 1 0 0 0 0 1 1 1 1 1 1 0 1 1 1 0 0 1 0 0 0 1 1 0 1 0 0 1 0 32700.0 27601.0 30940.0 1 0.09540241503602033
1 0 1 0 1 0 1 1 1 0 1 0 1 0 0 1 0 1 1 0 0 1 1 1 0 1 1 0 0 1 1 1 0 1 0 1 1 0 0 0 0 1 1 1 1 1 1 0 1 0 0 0 0 1 0 1 0 1 1 0 1 1 1 1 0 0 1 1 0 1 0 0 1 1 0 0 1 1 0 1 1 1 0 1 1 0 1 1 0 0 0 0 1 1 1 1 1 0 0 0 31051.0 28811.0 30923.0 1 0.07502235446887313
1 0 1 0 1 0 1 1 1 0 1 0 1 0 0 1 0 1 1 0 0 1 1 1 0 1 1 0 0 1 1 1 0 1 0 1 1 0 0 0 0 1 1 1 1 1 1 0 1 0 0 0 0 1 0 1 0 1 1 0 1 1 1 1 0 0 1 1 0 1 0 0 1 1 0 0 1 1 0 1 1 1 0 1 1 0 1 1 0 0 0 0 1 1 1 1 0 1 0 0 31227.0 28435.0 30916.0 1 0.13427094796923789
1 0 1 0 1 0 1 1 1 1 0 1 0 1 0 1 1 0 1 1 0 0 1 1 0 0 0 1 0 1 1 1 0 1 0 1 1 0 0 0 1 1 1 0 1 1 1 0 1 0 1 1 0 1 0 1 0 0 1 0 1 1 1 1 0 0 1 1 1 0 0 0 1 0 0 1 1 1 1 1 1 1 1 1 1 1 0 0 0 0 1 0 1 1 0 1 0 0 1 0 31677.0 27848.0 30259.0 1 0.11502703356093531
1 0 1 0 1 0 1 1 1 0 1 0 1 0 0 1 0 1 1 0 0 1 1 1 0 1 1 1 0 1 1 0 0 1 0 1 1 0 0 0 0 1 1 1 1 1 1 0 1 0 0 0 0 1 0 1 0 1 1 0 1 1 1 1 0 0 1 1 0 1 0 0 1 1 0 1 1 1 0 1 1 1 0 1 1 1 0 0 0 0 0 0 1 1 1 1 1 0 0 0 31210.0 28657.0 30203.0 1 0.11192536652461489
1 0 1 0 1 0 1 1 1 1 0 0 0 1 0 1 0 1 1 0 0 1 1 1 0 1 1 0 1 1 1 1 0 1 0 1 1 0 0 0 0 1 1 1 1 1 1 0 1 0 0 0 0 1 0 1 0 1 1 0 1 1 1 1 0 1 1 1 0 1 0 1 0 0 0 0 1 1 1 1 1 1 0 1 1 1 0 0 0 0 0 0 1 1 0 1 1 0 1 0 32562.0 28509.0 30189.0 1 0.09217835037909122
1 0 1 0 1 0 1 1 1 0 1 0 1 0 0 1 0 1 1 0 0 1 1 1 0 1 1 1 0 1 1 1 0 1 0 1 1 0 0 0 0 1 1 1 1 1 1 0 1 0 0 0 0 1 0 0 0 1 1 1 1 0 1 1 0 1 1 1 0 1 0 1 0 0 1 0 1 1 1 1 1 1 0 1 1 1 0 1 0 0 0 0 1 1 0 1 0 0 1 0 33106.0 27677.0 30186.0 1 0.05920523601277535
1 0 1 1 1 0 1 1 1 1 1 1 0 1 0 1 1 0 1 0 1 1 1 0 0 0 1 0 1 1 1 1 0 1 0 1 1 0 0 0 0 1 1 1 1 1 1 0 1 0 0 0 0 1 0 1 0 1 1 0 0 1 1 0 0 1 1 1 0 1 0 1 0 0 0 0 1 1 1 1 1 1 0 1 1 1 0 0 0 0 0 0 1 1 0 1 1 0 1 0 30471.0 29024.0 30154.0 1 0.19023968219572196
1 0 1 0 1 0 1 1 1 1 0 1 0 1 1 1 1 0 1 0 0 0 1 1 0 1 1 0 1 1 1 1 1 1 0 1 1 0 0 0 0 1 1 1 1 1 1 1 0 1 1 0 0 1 0 0 1 0 1 0 1 1 0 1 1 0 1 1 1 1 0 0 1 0 0 0 1 1 1 1 1 1 0 1 1 1 0 0 0 0 0 0 1 1 0 1 0 1 0 0 30841.0 29377.0 30114.0 1 0.15624088883282086
1 0 1 0 1 0 1 1 1 0 1 0 1 0 0 1 0 1 1 0 0 1 1 1 0 1 1 1 0 1 1 1 0 1 0 1 1 0 0 0 0 1 1 1 1 1 1 0 1 0 0 0 0 1 0 1 0 1 1 0 1 1 1 1 0 0 1 1 0 1 0 0 1 1 0 1 1 1 0 1 1 1 0 1 1 1 0 0 0 0 0 0 1 1 0 1 0 0 1 0 32630.0 28090.0 30062.0 1 0.08275188585026165
1 0 1 0 1 0 1 1 1 1 0 1 0 1 0 1 0 1 1 0 0 1 1 1 0 1 1 0 1 1 1 1 0 1 0 1 1 0 0 0 0 1 1 0 1 1 1 0 1 1 1 1 0 0 1 0 0 1 1 1 1 0 1 1 0 1 1 1 0 1 0 1 0 0 0 0 1 1 1 1 1 1 0 1 1 1 0 0 0 0 0 0 0 1 0 1 0 0 1 0 32850.0 28285.0 30011.0 1 0.1027276619506547
0 0 1 0 1 0 1 1 1 1 1 1 0 1 0 0 0 1 1 0 0 1 1 1 0 1 1 0 1 1 1 1 1 1 0 1 1 0 0 0 0 1 1 1 1 1 1 1 0 1 1 0 0 1 0 0 1 0 1 0 1 1 0 1 1 0 1 1 1 1 0 0 1 0 0 0 1 1 1 1 1 1 0 1 1 1 0 0 0 0 0 0 1 1 0 1 0 1 0 0 31031.0 29333.0 29992.0 1 0.038740964959928764
0 0 1 0 1 0 1 1 1 1 0 1 0 1 0 1 0 1 1 0 0 1 1 1 0 1 1 0 1 1 1 1 0 1 0 1 1 0 0 0 0 1 1 0 0 0 1 0 1 1 1 0 0 0 1 0 0 1 1 1 1 0 1 1 0 1 1 1 0 1 0 1 0 0 1 1 1 1 1 1 1 1 0 1 1 1 0 0 0 0 0 0 1 1 0 1 0 0 1 0 33971.0 26383.0 29907.0 1 1000000000000000.1
0 0 0 0 1 0 1 1 1 1 1 1 0 1 0 1 1 0 1 1 0 0 1 1 0 0 0 1 0 1 1 1 0 1 0 1 1 0 0 0 1 1 1 1 1 1 1 0 1 0 0 1 0 1 0 0 1 1 1 1 1 1 1 1 1 1 0 1 0 1 0 1 0 0 0 0 1 1 1 1 1 1 0 1 1 1 0 0 0 0 0 0 1 1 0 1 0 0 1 0 31427.0 28835.0 29843.0 1 0.08175420461070607
1 0 1 0 1 0 1 1 1 0 1 0 1 0 0 1 0 1 1 0 0 1 1 1 0 1 1 0 0 1 1 1 0 1 0 1 1 0 0 0 0 1 1 1 1 1 1 0 1 0 0 0 0 1 0 1 0 1 1 0 1 1 1 1 0 0 1 1 0 1 0 0 1 1 0 1 1 1 1 1 1 1 0 1 1 1 0 0 0 0 0 0 1 1 0 1 0 0 1 0 32669.0 28454.0 29651.0 1 0.06556825611617287
1 0 1 0 1 0 1 1 1 0 1 0 1 0 0 1 0 1 1 0 0 1 1 1 0 1 1 1 0 1 1 1 0 1 0 1 1 0 0 0 0 1 1 1 1 1 1 0 1 0 0 0 0 1 0 1 0 1 1 0 1 1 1 1 0 1 1 1 0 1 0 1 0 0 0 0 1 1 1 1 1 1 0 1 1 1 0 0 0 0 0 0 1 1 0 1 1 0 1 0 32307.0 28822.0 29557.0 1 0.04181352244176774
0 0 1 0 1 0 1 1 1 0 1 0 1 1 0 1 0 1 1 0 0 1 1 1 0 1 1 0 1 1 1 1 0 1 0 1 1 0 0 0 0 1 1 1 0 0 1 0 1 0 1 0 0 0 1 0 0 1 1 1 1 0 1 1 0 1 1 1 0 1 0 1 0 0 1 1 1 1 1 1 1 1 1 1 1 1 0 0 0 0 0 0 1 1 0 1 0 0 0 0 33133.0 27175.0 29540.0 1 0.06534283998761162
1 0 1 0 1 0 1 1 1 1 0 1 0 1 0 1 1 0 1 1 0 0 1 1 0 0 0 1 0 1 1 1 0 1 0 1 1 0 0 0 1 1 1 1 1 1 1 0 1 0 0 1 0 1 0 0 1 1 1 1 1 0 1 1 1 1 1 1 0 1 0 1 0 0 0 0 1 1 1 1 1 1 0 1 1 1 0 0 0 0 0 0 1 1 0 1 0 0 1 0 31456.0 29048.0 29497.0 1 0.10085854839005924
0 0 1 0 1 0 1 1 1 0 1 0 1 1 0 1 0 1 1 0 0 1 1 1 0 1 1 0 1 1 1 1 0 1 0 1 1 0 0 0 0 1 1 1 0 0 1 0 1 1 1 0 0 0 1 0 0 1 1 1 1 0 1 1 0 1 1 1 0 1 0 1 0 0 1 0 1 1 1 1 1 1 1 1 1 1 0 0 0 0 0 0 1 1 0 1 0 0 0 0 32895.0 27852.0 29382.0 1 0.1545965819934344
1 0 1 0 1 0 1 1 1 1 0 1 0 1 0 1 0 1 1 0 0 1 1 1 0 0 0 1 0 1 1 1 0 1 0 1 1 0 0 0 1 1 1 1 1 1 1 0 1 0 0 1 0 1 0 0 1 1 1 1 1 0 1 1 1 1 0 1 0 1 0 1 0 0 0 0 1 1 1 1 1 1 0 1 1 1 0 0 0 0 0 0 1 1 0 1 0 0 1 0 31663.0 29305.0 29054.0 1 0.14708089939815017
0 0 1 0 1 0 1 1 1 0 1 0 1 1 0 1 0 1 1 0 0 1 1 1 0 1 1 0 1 1 1 1 0 1 0 1 1 0 0 0 0 1 1 1 0 0 1 0 1 1 1 0 0 0 1 0 0 1 1 1 1 0 1 1 0 1 1 1 0 1 0 1 0 0 0 0 1 1 1 1 1 1 0 1 1 1 0 0 0 0 0 0 1 1 1 1 1 0 0 0 32220.0 28894.0 28990.0 1 0.06066528507308415
0 0 1 0 1 0 1 1 1 0 1 0 1 1 0 1 0 1 1 0 0 1 1 1 0 1 1 0 1 1 1 1 0 1 0 1 1 0 0 0 0 1 1 1 0 0 1 0 1 1 1 0 0 0 1 0 0 1 1 1 1 0 1 1 0 1 1 1 0 1 0 1 0 0 1 0 1 1 1 1 1 1 0 1 1 1 0 0 0 0 0 0 1 1 0 1 0 0 1 0 33472.0 27759.0 28977.0 1 0.19403849683237248
0 0 1 1 0 0 1 1 1 0 1 0 1 1 0 1 0 0 1 0 0 1 1 1 0 1 1 0 1 1 1 1 0 1 0 1 1 0 0 0 0 1 1 1 0 0 1 0 1 1 1 1 0 1 0 1 0 0 1 1 1 0 1 1 0 1 1 1 0 1 0 1 0 0 0 0 1 1 1 1 1 1 0 1 1 1 0 0 0 0 0 0 1 1 1 1 1 0 0 0 32727.0 29354.0 28781.0 1 0.058504570491988525
0 0 1 1 1 0 1 1 1 0 1 0 1 1 0 1 1 0 1 1 0 0 1 1 0 0 0 0 0 1 1 1 0 1 0 1 1 0 0 0 1 1 1 1 1 1 1 0 1 0 0 1 0 1 0 0 1 1 1 1 1 0 1 1 1 1 0 1 0 1 0 1 0 0 0 0 1 1 1 1 1 1 0 1 1 1 0 0 0 0 0 0 1 1 0 1 0 0 1 0 31284.0 29566.0 28722.0 1 0.2933787315698562
1 0 1 0 0 0 1 1 1 0 1 1 1 0 0 1 0 1 1 0 0 1 1 1 0 1 1 0 1 1 1 1 0 1 0 1 1 0 0 0 0 1 1 1 1 0 1 0 1 1 1 0 0 0 1 0 0 1 1 1 1 0 1 1 0 1 1 1 0 1 0 1 0 0 0 0 1 1 1 1 1 1 0 1 1 1 0 0 0 0 0 0 1 1 0 1 1 0 1 0 32859.0 28071.0 27892.0 1 0.17338445339012987
1 0 1 0 1 0 1 1 1 0 1 1 1 0 0 1 0 1 0 0 0 1 1 1 0 1 1 0 1 1 1 1 0 1 0 1 1 0 0 0 0 1 1 1 1 1 1 0 1 0 1 0 0 0 1 0 0 1 1 1 1 0 1 1 0 1 1 1 0 1 0 0 0 1 1 0 1 1 1 1 1 1 0 1 1 1 0 0 0 0 0 0 1 1 0 1 0 0 1 0 32784.0 28440.0 27858.0 1 0.05222941832469598
0 0 1 1 1 0 1 1 1 0 1 0 1 1 0 1 0 0 1 0 1 1 1 0 0 0 1 1 0 1 1 1 0 0 1 1 1 0 0 0 1 1 1 1 1 1 1 1 0 0 0 0 0 1 0 1 1 1 1 0 0 0 1 1 0 1 1 1 0 1 0 1 0 0 0 0 1 1 1 1 1 1 0 1 1 1 0 0 0 0 0 0 1 1 1 1 1 0 0 0 29573.0 29994.0 27699.0 1 0.25285259749021866
0 0 1 0 1 0 1 1 1 1 1 1 0 1 0 1 0 0 1 0 1 1 1 0 0 0 1 1 0 1 1 1 0 0 1 1 1 0 0 0 1 1 1 1 1 1 1 1 1 0 0 0 0 1 0 1 0 0 1 0 0 0 1 1 0 1 1 1 0 1 0 0 1 1 0 0 1 1 1 0 1 1 0 1 1 1 0 0 0 0 0 0 1 1 1 1 1 0 0 0 29502.0 30037.0 27414.0 1 0.19551606578280492
0 0 1 1 1 0 1 1 1 0 1 0 1 1 0 1 0 0 1 0 1 1 1 0 0 0 1 1 0 1 1 1 0 0 1 1 1 0 0 0 1 1 1 1 0 1 1 1 0 0 0 0 0 1 0 1 1 1 1 0 0 0 1 1 0 1 1 1 0 1 0 0 1 1 0 0 1 1 1 0 1 1 0 1 1 1 0 0 0 0 0 0 1 1 1 1 1 0 0 0 28864.0 30270.0 26913.0 1 0.29957930199658234
0 0 1 1 1 0 1 1 1 0 1 1 1 0 0 1 0 1 1 0 0 1 1 0 0 0 1 1 0 1 1 1 0 0 1 1 0 0 0 0 0 1 1 1 1 1 1 1 1 0 0 0 0 1 0 1 0 0 1 0 0 0 1 1 0 1 1 1 0 1 0 0 1 1 0 0 1 1 1 0 1 1 0 0 1 1 0 0 1 0 0 0 1 1 1 1 1 1 0 0 29405.0 30391.0 26767.0 1 2000000000000000.0
0 0 0 1 0 0 1 1 1 1 0 1 1 1 0 1 1 0 1 0 0 1 0 1 0 1 1 0 1 1 1 1 1 1 0 1 1 0 0 0 0 1 1 0 1 1 1 0 1 1 0 0 0 0 0 0 0 1 1 0 1 1 1 1 0 0 1 1 0 1 0 0 1 0 0 1 1 1 0 1 1 1 0 1 1 0 1 1 0 0 0 1 1 1 1 1 0 1 0 0 31715.0 26563.0 34247.0 2 1000000000000000.1
1 0 1 0 0 0 1 1 1 1 0 1 1 1 0 1 1 0 1 0 0 1 0 1 0 1 1 0 1 1 1 1 1 1 0 1 1 0 0 0 0 1 1 0 1 1 1 0 1 1 0 0 0 0 0 0 0 1 1 0 1 1 1 1 0 0 1 1 0 1 0 0 1 0 0 1 1 1 0 1 1 1 0 1 1 0 1 1 0 0 0 1 1 1 1 1 0 1 0 0 31787.0 26413.0 33933.0 2 0.5194165609391881
1 0 1 0 1 0 1 1 1 1 1 1 0 1 0 1 0 0 1 0 1 1 0 1 0 1 1 0 0 1 1 1 1 1 0 1 1 0 0 0 0 1 1 1 1 1 1 0 1 0 0 1 0 1 0 0 0 1 1 1 1 0 1 1 0 1 1 0 0 1 0 0 1 0 0 1 1 1 0 1 1 1 0 1 1 0 0 1 0 1 0 0 1 1 1 1 1 0 0 0 31461.0 27594.0 32554.0 2 0.27982854633030907
1 0 1 0 1 0 1 1 1 1 0 1 0 1 0 1 0 1 1 0 0 1 0 1 0 1 1 0 1 1 1 1 1 1 0 1 1 0 0 0 0 1 1 0 1 1 1 0 1 1 0 0 0 0 0 0 0 1 1 0 1 1 1 1 0 0 1 1 0 1 0 0 1 0 0 1 1 0 0 1 1 1 0 1 1 0 1 1 0 0 0 0 1 1 0 1 0 0 1 0 32063.0 25115.0 32315.0 2 1000000000000000.1
0 0 1 0 1 0 1 1 1 1 1 1 0 1 0 1 1 0 1 0 1 1 0 1 0 1 1 0 1 1 1 1 1 1 0 1 1 0 0 0 0 1 1 1 0 0 1 0 1 1 1 0 0 0 1 0 0 1 1 1 1 0 1 1 0 1 1 1 0 1 0 1 0 0 0 0 1 1 1 1 1 1 0 1 1 1 0 0 0 0 0 0 1 1 1 1 1 0 0 0 31970.0 27277.0 31316.0 2 0.21605436147771673
1 0 1 0 1 0 1 1 1 1 0 1 0 1 0 1 1 0 1 0 0 1 1 1 0 1 1 0 1 1 1 1 0 1 0 1 1 0 0 0 0 1 1 1 0 0 1 0 1 1 1 0 0 1 0 1 0 0 1 0 0 0 1 0 1 0 1 0 0 1 0 0 1 0 0 0 1 1 0 1 1 1 0 1 1 0 1 1 1 0 0 1 1 1 1 1 0 1 0 0 28912.0 27973.0 31207.0 2 0.26413858721044436
0 0 1 1 0 0 1 1 1 0 1 0 1 1 0 1 0 0 1 0 0 1 1 1 0 1 1 0 0 1 1 1 0 1 0 1 1 0 0 0 0 1 1 1 1 1 1 0 1 0 0 0 0 1 0 1 0 1 1 0 1 1 1 1 0 0 1 1 0 1 0 0 1 1 0 0 1 1 0 1 1 1 0 1 1 0 1 1 0 0 0 0 1 1 1 1 1 0 0 0 30604.0 28258.0 30976.0 2 0.05361035134279142
1 0 1 0 1 0 1 1 1 1 0 1 0 1 0 1 1 0 1 0 0 0 1 1 0 1 1 0 1 1 1 1 1 1 0 1 1 1 0 0 0 1 1 0 1 1 1 0 1 1 0 0 0 1 0 1 1 1 1 0 0 0 1 1 0 1 1 1 0 1 0 1 0 0 0 0 1 1 1 1 1 1 0 1 1 1 0 0 0 0 0 0 1 1 1 1 1 0 0 0 30617.0 28668.0 30868.0 2 0.08503270070233762
0 0 1 0 1 0 1 1 1 0 1 0 1 0 0 1 0 1 1 0 0 1 1 1 0 1 1 0 0 1 1 1 0 1 0 1 1 0 0 0 0 1 1 1 1 1 1 0 1 0 0 0 0 1 0 1 0 1 1 0 1 1 1 1 0 0 1 1 0 1 0 0 1 1 0 0 1 1 0 1 1 1 0 1 1 0 1 1 0 0 0 0 1 1 1 1 0 1 0 0 30911.0 28279.0 30723.0 2 0.10063026063968923
0 0 1 0 1 0 1 1 1 0 1 0 1 1 0 1 0 1 1 0 0 1 1 1 0 1 1 0 1 1 1 1 0 1 0 1 1 0 0 0 0 1 1 1 0 0 1 0 1 1 0 0 0 0 1 0 0 1 1 1 1 0 1 1 0 1 1 0 0 1 0 0 1 0 0 0 1 1 0 1 1 1 0 1 1 0 1 1 0 0 0 1 1 1 1 1 0 0 1 0 31566.0 27296.0 30636.0 2 0.0672093655420281
0 0 1 1 1 0 1 1 1 1 1 1 0 1 0 1 1 0 1 0 1 1 1 0 0 0 1 0 1 1 1 1 0 1 0 1 1 0 0 0 0 1 1 1 0 0 1 0 1 1 0 0 0 1 0 1 0 0 1 0 0 0 1 0 1 1 1 0 0 1 0 0 1 0 0 0 1 1 0 1 1 1 0 1 1 0 1 1 0 0 0 1 1 1 1 1 1 0 0 0 28221.0 28800.0 30623.0 2 1000000000000000.0
1 0 1 0 1 0 1 1 1 1 0 1 0 1 0 1 1 0 1 0 0 1 1 1 0 1 1 0 1 1 1 1 0 1 0 1 1 0 0 0 0 1 1 0 1 1 1 0 1 1 0 0 0 0 1 0 0 1 1 1 1 0 1 1 0 1 1 1 0 1 0 1 0 0 1 0 1 1 1 1 1 1 0 1 1 1 0 0 0 0 0 0 1 1 0 1 0 0 1 0 32914.0 26645.0 30590.0 2 0.2021132881995295
1 0 1 0 1 0 1 1 1 0 1 0 1 0 0 1 0 1 1 0 0 1 1 1 0 1 1 0 0 1 1 1 0 1 0 1 1 0 0 0 0 1 1 1 1 1 1 0 1 0 0 0 0 1 0 1 0 1 1 0 1 1 1 1 0 0 1 1 0 1 0 0 1 1 0 0 1 1 0 1 1 1 0 1 1 0 1 1 0 0 0 0 1 1 0 1 0 0 1 0 31504.0 27514.0 30355.0 2 0.08410245836143163
0 0 1 0 1 0 1 1 1 1 1 1 0 1 0 1 0 0 1 1 1 1 1 0 0 0 1 1 0 1 1 1 0 0 1 1 1 0 0 0 0 1 1 1 1 1 1 0 1 0 0 0 0 1 0 1 0 0 1 0 0 0 1 0 1 0 1 0 0 1 0 0 1 0 0 0 1 1 0 1 1 1 0 1 1 0 1 1 1 0 0 1 1 1 1 1 0 1 0 1 28560.0 28787.0 30305.0 2 0.11686247062858489
0 0 1 0 1 0 1 1 1 1 1 1 0 1 0 1 0 0 1 0 1 1 1 0 0 0 1 1 0 1 0 1 0 1 0 1 1 0 0 0 0 1 1 1 1 1 1 0 1 0 0 1 0 1 0 0 1 1 1 1 1 0 1 1 1 1 0 1 0 1 0 1 0 0 0 0 1 1 1 1 1 1 1 1 1 0 0 0 0 0 1 0 1 1 0 1 0 0 1 0 30961.0 28581.0 30218.0 2 0.11507279928019601
0 0 1 1 1 0 1 1 1 1 1 1 0 1 0 1 1 0 1 0 1 1 1 0 0 0 1 0 1 1 1 1 0 1 0 1 1 0 0 0 0 1 1 1 0 0 1 0 1 1 1 0 0 0 1 0 0 1 1 1 1 0 1 1 0 1 1 1 0 1 0 1 0 0 1 0 1 1 1 1 1 1 0 1 1 1 0 0 0 0 0 0 1 1 0 1 0 0 1 0 32478.0 27449.0 30171.0 2 0.09864554069050163
1 0 1 0 1 0 1 1 1 1 0 1 0 1 0 1 1 0 1 0 0 0 1 1 0 1 1 0 1 1 1 1 1 1 0 1 1 0 0 0 0 1 1 1 1 1 1 1 0 1 1 0 0 1 0 0 1 0 1 0 1 1 0 1 1 0 1 1 1 1 0 0 1 0 0 0 1 1 1 1 1 1 0 1 1 1 0 0 0 0 0 0 1 1 0 1 0 1 0 0 30227.0 28987.0 30113.0 2 0.1753529500339509
1 0 1 0 1 0 1 1 1 1 0 1 0 1 0 1 0 1 1 0 0 1 1 1 0 1 1 0 1 1 1 1 0 1 0 1 1 1 0 0 0 1 1 0 0 0 1 0 1 0 0 1 0 1 0 0 1 1 1 1 1 1 1 1 1 1 0 1 0 1 0 1 0 0 0 0 1 1 1 1 1 1 0 1 1 1 0 0 0 0 0 0 1 1 0 1 0 0 1 0 33013.0 27154.0 29913.0 2 0.17152099845999993
1 0 1 0 1 0 1 1 1 1 0 1 0 1 0 1 0 1 1 0 0 1 1 1 0 1 1 0 1 1 1 1 0 1 0 1 1 0 0 0 0 1 1 0 1 1 1 0 1 1 1 1 0 0 1 0 0 1 1 1 0 0 1 1 0 1 1 1 0 1 0 1 0 0 0 0 1 1 1 1 1 1 0 1 1 1 0 0 0 0 0 0 0 1 0 1 0 0 1 0 32047.0 28243.0 29876.0 2 0.028339263617438104
0 0 1 0 1 0 1 1 1 0 1 0 1 0 0 1 0 1 1 0 0 1 1 1 0 1 1 1 0 1 1 1 0 1 0 1 1 0 0 0 0 1 1 1 1 1 1 0 1 0 0 0 0 1 0 1 0 1 1 0 1 1 1 1 0 0 1 1 0 1 0 0 1 1 0 1 1 1 0 1 1 1 0 1 1 1 0 0 0 0 0 0 1 1 0 1 0 0 1 0 32314.0 27934.0 29869.0 2 0.14133867758918608
0 0 1 1 1 0 1 1 1 1 1 1 0 1 0 1 0 0 1 1 0 1 1 1 0 0 1 1 0 1 1 1 1 1 0 1 1 0 0 0 0 1 1 1 0 0 1 1 0 1 1 0 0 1 0 0 1 0 1 0 1 1 0 1 0 0 1 1 1 1 0 0 1 0 0 0 1 1 1 1 1 1 0 1 1 1 0 0 0 0 0 0 1 1 1 1 1 0 0 0 29971.0 29304.0 29834.0 2 0.18877120927822122
0 0 1 0 1 0 1 1 1 1 1 1 0 1 0 1 0 0 1 0 1 1 1 0 0 0 1 1 0 1 0 1 1 1 0 1 1 0 0 0 0 1 1 1 1 1 1 0 1 0 0 1 0 1 0 0 1 1 1 1 1 0 1 1 1 1 0 1 0 1 0 1 0 0 0 0 1 1 1 1 1 1 0 1 0 1 0 0 1 0 0 0 1 1 0 1 0 0 1 0 31466.0 28337.0 29638.0 2 0.061604609941231084
0 0 1 0 1 0 1 1 1 1 1 1 0 1 0 0 0 1 1 0 0 1 1 1 0 1 1 0 1 1 1 1 1 1 0 1 1 0 0 0 0 1 1 1 1 1 1 1 0 1 1 0 0 1 0 0 1 0 1 0 1 1 0 1 1 0 1 1 1 1 0 0 1 0 0 0 1 1 1 1 1 1 0 1 1 1 0 0 0 0 0 0 1 1 0 1 0 0 0 0 30571.0 28818.0 29598.0 2 0.12721544078679486
1 0 1 0 1 0 1 1 1 1 0 1 0 1 0 1 0 1 1 0 0 1 1 1 0 1 1 0 1 1 1 1 0 1 0 1 1 0 0 0 0 1 1 1 0 0 1 0 1 1 1 0 0 0 1 0 0 1 1 1 1 0 1 1 0 1 1 1 0 1 0 1 0 0 0 0 1 1 1 1 1 1 0 1 1 1 0 0 0 0 0 0 1 1 1 1 1 0 0 0 32121.0 28399.0 29464.0 2 0.09484410576427366
1 0 1 0 1 0 1 1 1 1 0 1 0 1 0 1 0 1 1 0 0 1 1 1 0 1 1 0 1 1 1 1 0 1 0 1 1 0 0 0 0 1 1 0 0 0 1 0 1 1 1 0 0 0 1 0 0 1 1 1 1 0 1 1 0 1 1 1 0 1 0 1 0 0 0 0 1 1 1 1 1 1 0 1 1 1 1 0 0 0 0 0 1 1 0 1 0 0 1 0 33021.0 26464.0 29387.0 2 0.0775678616081995
1 0 1 0 1 0 1 1 1 1 0 1 0 1 0 1 1 0 1 1 0 0 1 1 0 0 0 1 0 1 1 1 0 1 0 1 1 0 0 0 1 1 1 1 1 1 1 0 1 1 0 0 0 1 0 0 1 1 1 0 1 0 1 1 1 1 1 1 0 1 0 1 0 0 0 0 1 1 1 1 1 1 0 1 1 1 0 0 0 0 0 0 1 1 0 1 0 0 1 0 30681.0 28949.0 29355.0 2 0.08788320772719677
1 0 1 0 1 0 1 1 1 1 0 1 0 1 0 1 1 0 1 1 0 0 1 1 0 0 0 1 0 1 1 1 0 1 0 1 1 0 0 0 1 1 1 1 1 1 1 0 1 1 1 0 0 0 1 0 0 1 1 1 1 0 1 1 0 1 1 1 0 1 0 1 0 0 0 0 1 1 1 1 1 1 0 1 1 1 0 0 0 0 0 0 1 1 1 1 1 0 0 0 30667.0 29354.0 29286.0 2 0.038373978173163556
1 0 1 0 1 0 1 1 1 0 1 0 1 0 0 1 0 1 1 0 0 1 1 1 0 1 1 1 0 1 1 1 0 1 0 1 1 0 0 0 0 1 1 0 1 1 1 0 1 1 1 1 0 0 1 0 0 1 1 1 1 0 1 1 0 1 1 1 0 1 0 1 0 0 0 0 1 1 1 1 1 1 0 1 1 1 0 0 0 0 0 0 0 1 0 1 0 0 1 0 32444.0 28237.0 29265.0 2 0.09464020825650202
1 0 1 0 1 0 1 1 1 0 1 0 1 0 0 1 1 1 1 0 0 1 1 1 0 1 1 0 0 1 1 1 0 1 0 1 1 0 0 0 0 1 1 1 1 1 1 0 1 0 0 0 0 1 0 1 0 1 1 0 1 1 1 0 0 0 1 1 0 1 0 0 1 1 1 0 1 1 1 1 1 1 0 1 1 1 0 0 0 0 0 0 1 1 0 1 0 0 1 0 31765.0 28429.0 29227.0 2 0.08456661572983418
1 0 1 0 1 0 1 1 1 1 0 1 0 1 0 1 1 1 1 1 0 0 1 1 0 1 1 0 1 1 1 1 0 1 0 1 1 0 0 0 0 1 1 1 0 0 1 0 1 1 1 0 0 0 1 0 0 1 1 1 1 0 1 1 0 1 1 1 0 1 0 1 0 0 0 0 1 1 1 1 1 1 0 1 1 1 0 0 0 0 0 0 1 1 0 1 0 0 1 0 32945.0 27620.0 28953.0 2 0.13549328985700393
1 0 1 0 1 0 1 1 1 1 0 1 0 1 0 1 1 0 1 1 0 0 1 1 0 0 0 1 0 1 1 1 0 1 0 1 1 0 0 0 1 1 1 1 1 1 1 0 1 0 0 1 0 1 0 0 1 1 1 1 1 0 1 1 1 1 0 1 0 1 0 1 0 0 0 0 1 1 1 1 1 1 0 1 1 1 0 0 0 0 0 0 1 1 0 1 0 0 1 0 31162.0 28949.0 28841.0 2 0.1478074887670163
1 0 1 0 1 0 1 1 1 0 1 1 1 0 0 1 0 1 0 0 0 1 1 1 0 1 1 0 1 1 1 1 0 1 0 1 1 0 0 0 0 1 1 1 1 1 1 0 1 0 0 0 0 1 0 1 0 0 1 0 0 0 1 0 1 1 1 0 0 1 0 0 1 0 0 0 1 1 0 1 1 1 0 1 1 0 1 1 0 0 0 1 1 1 1 1 1 0 0 0 28586.0 29376.0 28630.0 2 0.12815708859662608
0 0 1 0 1 0 1 1 1 0 1 0 1 1 0 1 0 1 1 0 0 1 1 1 0 1 1 0 1 1 1 1 0 0 0 1 1 0 0 0 0 1 1 1 1 0 1 0 1 1 1 0 0 0 1 0 0 1 1 1 1 0 1 1 0 1 1 1 0 1 0 1 0 0 1 0 1 1 1 1 1 1 0 0 1 1 0 0 0 0 0 0 1 1 1 1 1 0 0 0 32695.0 28258.0 28489.0 2 0.11283503999677855
1 0 1 0 1 0 1 1 1 1 0 1 0 1 0 1 1 1 1 1 0 0 1 1 0 1 1 0 1 1 1 1 0 1 0 1 1 0 0 0 0 1 1 1 0 0 1 0 1 1 1 0 0 0 1 1 1 0 1 0 1 0 1 1 0 1 1 0 0 1 0 0 1 0 0 1 1 1 1 1 1 1 0 1 1 1 0 0 0 0 0 0 1 1 1 1 0 0 0 0 31738.0 29063.0 28460.0 2 0.0851510788724135
1 0 1 0 0 0 1 1 1 0 1 1 1 0 0 1 0 1 1 0 0 1 1 1 0 1 1 0 1 1 1 1 0 1 0 1 1 0 0 0 0 1 1 1 1 0 1 0 1 1 1 0 0 0 1 0 0 1 1 1 1 0 1 1 0 0 1 1 0 1 0 0 1 1 0 1 1 1 0 1 1 1 0 1 1 1 0 0 0 0 0 0 1 1 0 1 0 0 1 0 33182.0 27339.0 28397.0 2 1000000000000000.2
1 0 1 0 1 0 1 1 1 0 1 1 0 1 0 1 0 0 1 0 1 1 1 0 0 0 1 1 0 1 1 1 0 0 1 1 1 0 0 0 1 1 1 1 1 1 1 1 1 0 0 0 0 1 0 1 0 0 1 0 0 0 1 1 0 1 1 1 0 1 0 0 1 1 0 0 1 1 1 0 1 1 0 1 1 1 0 0 0 0 0 0 1 1 1 1 1 0 0 0 29388.0 30079.0 26731.0 2 1000000000000000.4
0 0 1 0 1 0 1 1 1 1 1 1 0 1 0 0 0 1 1 0 0 1 1 0 0 0 1 1 0 1 1 1 0 0 1 1 1 0 0 0 1 1 1 1 1 1 1 1 1 0 0 0 0 1 0 1 0 0 1 0 0 0 1 1 0 1 1 1 0 1 0 0 1 1 0 0 1 1 1 0 1 1 0 0 1 1 0 0 0 0 0 0 1 1 1 1 1 1 0 0 29721.0 29425.0 26204.0 2 0.20369760969670547
1 0 1 0 1 0 1 1 1 0 1 1 1 0 0 1 0 1 1 0 0 1 0 0 0 0 1 1 0 1 1 1 0 0 1 1 1 0 0 0 1 1 1 1 1 1 1 1 1 0 0 0 0 1 0 1 0 0 1 0 0 0 1 1 0 1 1 1 0 1 0 0 1 1 0 0 1 1 1 0 1 1 0 0 1 1 0 0 1 0 0 0 0 1 1 1 1 1 0 0 29455.0 29454.0 26042.0 2 1000000000000000.2
1 0 1 0 1 0 1 1 1 1 0 1 0 1 1 1 1 0 1 0 0 0 1 0 0 0 1 1 0 1 1 1 0 0 1 1 1 0 0 0 1 1 1 1 1 1 1 1 1 0 0 0 0 1 0 1 0 0 1 0 0 0 1 1 0 1 1 1 0 1 0 0 1 1 0 0 1 1 1 0 1 1 0 1 1 1 0 0 0 0 0 0 1 1 1 1 1 0 0 0 29101.0 29842.0 26609.0 3 3000000000000000.0
1 0 1 0 0 0 1 1 1 0 1 1 1 0 0 1 0 1 1 0 0 1 1 1 0 1 1 0 1 1 1 1 0 1 0 1 1 0 0 0 0 1 1 1 1 1 1 0 1 1 1 0 0 0 1 0 0 1 1 1 1 0 1 1 0 1 1 1 0 1 0 1 0 0 0 0 1 1 1 1 1 1 0 1 1 1 0 0 0 0 0 0 1 1 0 1 0 0 1 0 32646.0 27984.0 28141.0 3 1000000000000000.2
0 0 1 0 1 0 1 1 1 1 1 1 1 1 0 1 1 0 1 0 0 1 0 1 0 1 1 0 1 1 1 1 1 1 0 1 0 0 0 0 0 1 1 0 1 1 1 0 1 1 0 0 0 0 0 0 0 1 1 0 1 1 1 1 0 0 1 1 0 1 0 0 1 0 0 1 1 1 0 1 1 1 0 1 1 0 1 1 0 0 0 0 1 1 0 1 0 0 1 0 31435.0 25606.0 33679.0 3 1000000000000000.1
1 0 0 1 0 0 1 1 1 1 0 1 1 1 0 1 1 0 1 0 0 1 0 1 0 1 1 0 1 1 1 1 1 1 0 1 1 0 0 0 0 1 1 0 1 1 1 0 1 1 0 0 0 0 0 0 0 1 1 0 1 1 1 1 0 0 1 1 0 1 0 0 1 0 0 1 1 0 0 1 1 1 0 1 1 0 1 1 0 0 0 0 1 1 0 1 0 0 1 0 31754.0 24620.0 32568.0 3 1000000000000000.0
