0 0 1 1 0 0 1 1 1 1 0 0 1 1 0 1 0 1 1 1 0 1 1 0 1 1 1 1 0 1 0 1 1 1 0 1 1 0 0 0 0 1 1 1 0 1 0 1 1 1 0 0 0 0 0 1 0 1 1 0 0 1 1 1 1 0 0 0 0 1 0 0 0 1 1 0 1 1 1 0 1 0 0 1 1 0 1 0 0 0 0 1 0 1 1 1 1 0 0 1 29314.0 30448.0 0 2000000000000000.0
0 0 1 1 0 0 1 1 1 1 0 0 1 1 0 1 1 1 1 0 1 0 1 0 1 1 1 1 0 1 0 1 1 1 0 1 1 0 0 0 0 1 1 1 0 1 0 1 1 1 0 0 0 0 0 1 0 1 1 0 0 1 1 1 1 0 0 0 0 1 0 0 0 1 1 1 1 1 1 0 1 0 0 1 1 0 1 0 0 0 0 1 0 1 1 1 1 0 0 1 30063.0 30135.0 0 0.5919404663657495
0 0 1 1 0 0 1 1 1 1 0 0 1 1 0 1 1 1 1 0 1 0 1 0 1 1 0 1 1 1 0 1 1 1 0 1 1 0 1 0 1 1 1 1 1 1 0 1 0 1 0 0 0 0 0 0 0 1 1 0 0 1 1 1 1 0 0 1 0 1 0 1 1 0 0 1 1 1 1 0 1 0 0 0 1 0 0 0 1 1 1 0 1 1 1 1 0 1 0 0 31070.0 29978.0 0 0.5193030218828011
0 0 1 0 1 0 0 1 1 1 0 1 1 1 0 1 1 1 1 0 1 0 1 0 1 1 1 1 0 1 0 1 1 1 0 1 1 0 0 0 1 1 1 1 0 1 0 1 1 1 1 1 0 0 0 0 0 1 1 0 0 1 1 1 1 0 0 0 0 1 0 0 0 0 1 1 1 1 1 1 1 1 0 0 1 0 0 0 1 1 1 0 1 1 1 1 0 1 0 0 31629.0 29749.0 0 0.3429716100299872
0 0 1 1 0 0 1 1 1 1 0 0 1 1 0 1 1 1 1 0 1 1 1 0 1 1 0 1 1 1 0 1 0 1 0 1 1 0 0 0 0 1 1 1 0 1 0 1 1 1 0 1 0 0 0 1 0 1 1 1 0 1 1 1 1 0 0 0 0 1 0 0 0 0 1 1 1 1 1 1 1 1 0 0 1 0 0 0 0 1 0 0 1 1 0 1 0 1 0 0 32110.0 29729.0 0 0.3939024648303745
0 0 1 1 0 0 1 1 1 1 0 0 1 1 0 1 1 1 1 0 1 0 1 0 1 1 1 1 0 1 0 1 1 1 0 1 1 0 0 0 1 1 1 1 0 1 0 1 1 1 1 1 0 0 0 0 0 1 1 0 0 1 1 1 1 0 0 0 0 1 0 0 0 0 1 1 1 1 1 1 1 1 0 0 0 0 0 0 0 1 0 0 1 1 1 1 0 1 1 0 32354.0 28978.0 0 0.48345400258716964
0 0 1 1 0 0 1 1 1 1 0 0 1 1 1 1 1 1 1 0 1 0 1 0 1 1 0 1 1 1 0 1 0 1 0 1 1 0 1 0 1 1 1 1 1 1 0 1 0 1 0 0 0 0 0 0 0 1 1 0 0 1 1 1 1 0 0 1 0 1 0 0 0 0 1 1 1 0 1 1 1 1 0 0 0 0 0 0 0 1 0 0 1 1 1 1 0 1 1 0 32491.0 28257.0 0 0.4854165560921976
0 0 1 1 0 0 1 1 1 1 0 0 1 1 0 1 0 1 1 0 1 1 1 0 1 1 1 1 0 1 0 1 1 1 0 1 1 0 0 0 1 1 1 1 0 1 0 1 1 1 1 0 0 0 0 1 1 0 1 0 1 0 1 1 0 1 0 1 0 0 1 0 0 0 1 1 1 0 1 1 1 1 0 0 0 0 0 0 0 1 0 0 1 1 1 1 1 0 0 1 32933.0 27703.0 0 0.5816339210170409
0 0 1 1 0 1 0 1 1 1 1 1 0 1 0 1 0 1 1 0 1 0 1 1 1 1 1 1 0 1 0 1 1 1 0 1 1 0 0 0 1 1 1 1 0 1 0 1 1 1 1 0 0 0 0 1 1 0 1 0 1 0 1 1 0 1 0 1 0 0 1 0 0 0 1 1 1 0 1 1 1 1 0 0 0 0 0 0 0 1 0 0 1 1 1 1 0 1 1 0 33049.0 26589.0 0 2000000000000000.0
0 0 1 1 0 0 1 1 1 1 0 0 1 1 0 1 1 1 1 0 0 1 1 0 1 1 1 1 0 1 0 1 1 1 0 1 1 0 0 0 0 1 1 1 0 1 0 1 1 1 0 0 0 0 0 1 0 1 1 0 0 1 1 1 1 0 0 0 0 1 0 0 0 1 1 1 1 1 1 0 1 0 0 1 1 0 1 0 0 0 0 1 0 1 1 1 1 0 0 1 29751.0 30126.0 1 2000000000000000.0
1 0 0 1 0 0 1 1 1 1 1 1 1 1 0 1 1 1 1 0 1 1 1 0 1 1 0 0 1 1 1 1 0 0 0 1 1 1 1 0 0 1 1 1 1 1 0 1 0 1 0 1 0 0 0 0 0 1 1 0 0 1 1 1 1 0 0 0 0 1 0 0 1 0 0 1 1 1 1 0 1 0 0 0 1 0 0 0 1 1 1 0 1 1 1 1 0 1 0 0 29784.0 30118.0 1 0.31617353047556673
0 0 0 1 1 0 1 1 1 1 0 1 0 1 0 1 0 1 1 0 1 0 1 0 1 1 1 1 0 1 1 1 1 1 0 1 1 0 0 0 0 1 1 1 0 0 0 1 1 1 1 1 0 0 0 0 0 1 1 0 0 1 1 1 1 0 0 0 0 0 0 0 0 1 1 1 1 1 1 1 1 0 0 1 1 0 1 0 0 0 0 1 0 1 1 1 1 0 0 1 30428.0 29808.0 1 0.8533252321563397
0 0 1 1 0 0 1 1 1 1 0 0 1 1 0 1 1 1 1 0 1 1 1 0 1 1 0 1 1 1 1 1 0 1 0 1 1 0 0 0 0 1 1 1 0 1 0 1 1 1 0 0 0 0 0 1 0 1 1 0 0 1 1 1 1 0 0 0 0 1 0 0 0 0 1 1 1 1 1 1 1 1 0 0 1 0 0 0 1 1 1 0 1 1 1 1 0 1 0 0 31942.0 29581.0 1 0.8148310715846876
0 0 0 1 1 1 0 1 1 1 1 1 0 1 0 1 0 1 1 1 1 1 1 0 1 1 1 1 0 1 0 1 1 1 0 1 1 0 0 0 0 1 1 1 1 1 0 1 1 1 0 0 0 0 0 0 0 1 1 0 0 1 1 1 1 0 0 0 0 1 0 0 0 0 1 1 1 1 1 1 1 1 0 0 0 0 0 0 0 1 0 0 1 1 1 1 0 1 1 0 32025.0 28845.0 1 0.3839026348720856
0 1 0 1 1 1 0 1 1 1 1 1 0 1 0 1 0 1 1 0 1 1 1 0 1 1 1 1 0 1 0 1 1 1 0 1 1 0 0 0 0 1 1 1 1 1 0 1 1 1 0 0 0 0 0 0 0 1 1 0 0 1 1 1 1 0 0 0 0 1 0 0 0 0 1 1 1 1 1 1 1 1 0 0 0 0 1 0 0 1 0 0 1 1 1 1 0 1 1 0 32172.0 28620.0 1 0.16133922454186767
0 0 1 1 0 0 1 1 1 1 0 0 1 1 0 1 1 1 1 0 1 0 1 0 1 1 1 1 0 1 0 1 1 1 0 1 1 0 0 0 0 1 1 1 0 1 0 1 1 1 0 0 0 0 0 1 0 1 1 0 0 1 1 1 1 0 0 0 0 1 0 0 0 1 1 1 1 1 1 1 1 1 0 0 0 0 0 0 0 1 0 0 1 1 1 1 0 1 1 0 32276.0 28591.0 1 0.20212569169919503
0 0 1 1 0 0 1 1 1 1 0 1 1 1 1 0 0 1 0 1 0 1 0 0 1 1 1 1 0 1 0 1 1 1 0 1 1 0 0 0 1 1 1 1 0 1 0 1 1 1 1 0 0 0 0 0 0 1 1 0 1 1 1 1 1 0 0 0 0 1 0 0 0 0 1 1 1 1 1 1 1 1 0 0 1 0 0 0 1 1 1 0 1 1 1 1 0 1 0 0 32429.0 28246.0 1 0.395360494722744
0 0 1 1 0 0 1 1 1 1 0 1 0 1 1 1 0 1 0 0 1 1 1 0 1 1 1 1 1 1 0 1 1 1 0 1 1 0 0 0 1 1 1 1 1 1 0 1 0 1 0 0 0 0 0 0 0 1 1 0 0 1 1 1 1 0 0 0 0 1 0 1 0 0 1 1 1 1 1 1 1 1 0 0 0 1 0 0 0 1 0 0 1 1 0 1 0 0 1 0 32494.0 27583.0 1 0.2928155109990729
0 0 1 1 1 1 0 1 1 1 1 1 0 1 0 1 0 1 1 0 1 0 1 1 1 1 1 1 0 1 0 1 1 1 0 1 1 0 0 0 1 1 1 1 0 1 0 1 1 1 1 0 0 0 0 1 1 0 1 0 1 0 1 1 0 1 0 1 0 0 1 0 0 0 1 1 1 0 1 1 1 1 0 0 0 0 0 0 0 1 0 0 1 1 1 1 0 1 0 0 32521.0 27432.0 1 0.3122956786750701
0 0 1 1 0 0 1 1 1 1 0 0 1 1 0 1 0 1 1 0 1 1 1 0 0 1 1 1 0 1 0 1 1 1 0 1 1 0 0 0 0 1 1 1 0 1 0 1 1 1 1 0 0 0 0 1 1 0 1 0 1 0 1 1 0 0 0 1 1 0 1 0 0 0 1 1 1 0 1 1 1 1 1 0 0 0 0 0 0 1 0 0 1 1 1 1 0 1 1 0 32928.0 27041.0 1 2000000000000000.0
0 0 1 1 0 0 0 1 1 1 0 1 1 1 0 1 1 1 1 0 1 1 1 0 1 0 1 1 0 1 0 1 1 1 0 1 1 0 0 0 0 1 1 1 0 1 0 1 1 1 0 0 0 0 0 1 0 1 1 0 0 1 1 1 1 0 0 0 0 1 0 0 0 1 1 1 1 1 1 0 1 0 0 1 1 0 1 0 0 0 0 1 0 1 1 1 1 0 0 1 29157.0 30032.0 2 2000000000000000.0
0 0 1 1 0 0 1 1 1 1 0 0 1 1 0 1 0 1 1 0 0 1 1 0 1 1 1 1 0 1 0 1 1 1 0 1 1 0 0 0 0 1 1 1 0 1 0 1 1 1 0 0 0 0 0 1 0 1 1 0 0 1 1 1 1 0 0 0 0 1 0 0 0 1 1 1 1 1 1 0 1 0 0 1 1 0 1 0 0 0 0 1 0 1 1 1 1 0 0 1 29643.0 29986.0 2 0.24421850877911974
0 0 1 1 0 0 1 1 1 1 0 1 0 1 1 1 0 1 0 0 1 1 1 0 1 1 1 1 0 1 0 1 1 1 0 1 1 0 0 0 1 1 1 1 1 1 0 1 0 1 0 0 0 0 0 0 0 1 1 0 0 1 1 1 1 0 0 0 0 1 0 0 0 1 1 1 1 1 1 0 1 0 0 1 1 0 1 0 0 0 0 1 0 1 1 1 1 0 0 1 29724.0 29757.0 2 0.2857038086180943
0 0 1 1 0 0 1 1 1 1 0 0 1 1 0 1 1 1 1 0 1 0 1 0 1 1 0 1 1 1 0 1 0 1 0 1 1 0 1 0 1 1 1 1 1 1 0 1 0 1 0 0 0 0 0 0 0 1 1 0 0 1 1 1 1 0 0 1 0 1 0 0 1 0 0 1 1 1 1 0 1 0 0 0 1 0 0 0 1 1 1 0 1 1 1 1 0 1 0 0 30250.0 29619.0 2 0.5441775929613867
0 0 1 1 1 0 0 1 1 1 0 1 1 1 0 1 1 1 1 0 1 0 1 0 1 1 1 1 0 1 0 1 1 1 0 1 1 0 0 0 1 1 1 1 0 1 0 1 1 1 1 0 0 0 0 0 0 1 1 0 0 1 1 1 1 0 0 0 0 1 0 0 0 0 1 1 1 1 1 1 1 1 0 0 1 0 0 0 1 1 0 0 1 1 1 1 0 1 0 0 31349.0 29435.0 2 0.5008342051209079
0 0 1 1 0 1 0 1 1 1 1 1 0 1 0 1 0 1 1 0 1 0 1 0 1 1 1 1 0 1 0 1 1 1 0 1 1 0 0 0 1 1 1 1 0 1 0 1 1 1 1 1 0 0 0 0 0 1 1 0 0 1 1 1 1 0 0 0 0 1 0 0 0 0 1 1 1 1 1 1 1 1 0 0 1 0 0 0 1 1 1 0 1 1 1 1 0 1 0 0 31506.0 29130.0 2 0.23223424960946137
0 0 1 1 0 1 1 1 1 1 0 1 0 1 0 1 0 1 1 0 1 0 1 0 1 1 1 1 1 1 0 1 1 1 0 1 1 0 0 0 1 1 1 1 0 1 0 1 1 1 1 0 0 0 0 0 0 1 1 0 0 1 1 1 1 0 0 0 0 1 0 0 0 0 1 1 1 1 1 1 1 1 0 0 1 0 0 0 1 1 1 0 1 1 1 1 0 1 0 0 31706.0 29027.0 2 0.15243565812616575
0 0 1 1 0 0 1 1 1 1 0 1 0 1 1 1 0 1 0 0 1 1 1 0 1 1 1 1 0 1 0 1 1 1 0 1 1 0 0 0 1 1 1 1 0 1 0 1 1 1 1 0 0 0 0 0 0 1 1 0 0 1 1 1 1 0 0 0 0 1 0 0 0 0 1 1 1 1 1 1 1 1 0 0 1 0 0 0 1 1 1 0 1 1 1 1 0 1 0 0 31709.0 28837.0 2 0.16023318245886847
0 0 1 1 0 1 0 1 1 1 1 1 0 1 0 1 0 1 1 0 1 1 1 0 1 1 1 1 0 1 1 1 1 1 0 1 1 0 0 0 1 1 1 1 0 1 0 1 1 1 1 0 0 0 0 0 0 1 1 0 0 1 1 1 1 0 0 0 0 1 0 0 0 0 1 1 1 1 1 1 1 1 0 0 1 0 0 0 1 1 1 0 1 1 1 1 0 1 0 0 31749.0 28582.0 2 0.23160749612250559
0 0 0 1 0 1 0 1 1 1 1 1 0 1 0 1 0 1 1 0 1 1 1 0 1 1 1 1 0 1 0 1 1 1 0 1 1 0 0 0 0 1 0 1 0 1 0 1 1 1 1 0 0 0 0 1 1 0 1 0 1 0 1 1 1 0 0 0 0 1 0 0 0 0 1 1 1 1 1 1 1 1 0 0 0 1 0 0 0 1 0 0 1 1 1 1 1 1 1 0 32096.0 28455.0 2 0.34982171367795495
0 0 0 1 0 0 1 1 1 1 0 1 1 1 1 0 0 1 0 1 0 1 0 0 1 1 1 1 0 1 0 1 1 1 0 1 1 0 0 0 1 1 1 1 0 1 0 1 1 1 1 0 0 0 0 0 0 1 1 0 1 1 1 1 1 0 0 0 0 1 0 0 0 0 1 1 1 1 1 1 1 1 0 0 1 0 0 0 1 1 1 0 1 1 1 1 0 1 0 0 32188.0 27888.0 2 0.38883321337463067
0 0 1 1 0 0 1 1 1 1 0 0 1 1 0 1 1 1 1 0 1 0 1 0 1 1 0 1 1 1 0 1 0 1 0 1 1 0 0 0 0 1 1 1 0 0 0 1 1 1 0 0 0 0 0 1 0 1 1 0 0 1 1 1 1 0 0 0 0 1 0 1 0 1 1 1 1 0 1 1 1 1 0 0 0 0 0 0 0 1 0 0 1 1 1 1 0 1 1 0 32429.0 27559.0 2 0.4693147525131486
0 0 1 1 0 0 1 1 1 1 0 1 0 1 1 1 0 1 0 0 1 1 1 0 1 1 1 1 0 1 0 1 1 1 0 1 1 0 0 0 0 1 1 1 0 1 0 1 1 1 1 0 0 0 0 1 1 0 1 0 1 0 1 1 0 1 0 1 0 0 1 0 0 0 1 1 1 0 1 1 1 1 0 0 0 0 0 0 0 1 0 0 1 1 1 1 0 1 1 0 32879.0 27039.0 2 2000000000000000.0
0 0 1 1 0 0 1 1 1 1 0 0 1 1 0 1 0 1 1 0 1 0 1 0 1 1 1 0 0 1 0 1 1 1 0 1 1 0 0 0 1 1 1 1 0 1 0 1 0 1 1 1 1 0 0 0 0 1 1 0 0 1 1 1 1 0 0 0 0 1 0 0 0 1 1 1 1 1 1 0 1 0 0 1 1 0 1 0 0 0 0 1 0 1 1 1 1 0 0 1 29403.0 29957.0 3 2000000000000000.0
0 0 1 1 0 1 0 1 1 1 1 1 0 1 0 1 0 1 1 0 1 0 1 0 1 1 1 1 0 1 0 1 1 1 0 1 1 0 0 0 0 1 1 1 0 1 0 1 1 1 0 0 0 0 0 1 1 1 1 0 0 1 1 1 1 0 0 0 0 1 0 0 0 1 1 1 1 1 1 0 1 0 0 1 1 0 1 0 0 0 0 1 0 1 1 1 1 0 0 1 29636.0 29884.0 3 0.614198653934152
0 0 1 1 0 0 1 1 1 1 0 0 1 1 0 1 1 1 1 0 1 0 1 0 1 1 0 1 1 1 0 1 0 1 0 1 1 0 1 0 1 1 1 1 1 1 0 1 0 1 0 0 0 0 0 0 0 1 1 0 0 1 1 1 1 0 0 0 0 1 0 0 0 0 1 1 1 1 1 1 1 1 0 0 1 0 0 0 1 1 1 0 1 1 1 1 0 1 0 0 30987.0 29403.0 3 0.6869246748521914
0 0 0 1 1 1 0 1 1 1 1 1 0 1 0 1 0 1 1 0 1 1 1 0 1 1 1 1 0 1 0 1 1 1 0 1 1 0 0 0 0 1 1 1 1 1 0 1 1 1 0 0 0 0 0 0 0 1 1 0 0 1 1 1 1 0 0 0 0 1 0 0 0 0 1 1 1 1 1 1 1 1 0 0 1 0 0 0 1 1 1 0 1 1 1 1 0 1 0 0 31207.0 29036.0 3 0.3195103973188319
0 0 0 1 1 0 1 1 1 1 0 1 0 1 0 1 0 1 1 0 1 0 1 0 1 1 1 1 0 1 1 1 1 1 0 1 1 1 0 0 1 1 1 1 0 1 0 1 1 1 1 0 0 0 0 0 0 1 1 0 0 1 1 1 1 0 0 0 0 1 0 0 0 0 1 1 1 1 1 1 1 1 0 0 1 0 0 0 1 1 1 0 1 1 1 1 0 1 0 0 31654.0 28936.0 3 0.31906445959819596
0 0 1 1 1 0 0 1 1 1 0 1 1 1 0 1 1 1 1 0 1 0 1 0 1 1 1 1 0 1 0 1 1 1 0 1 1 0 0 0 1 1 1 1 0 1 0 1 1 1 1 0 0 0 0 0 0 1 1 0 0 1 1 1 1 0 0 0 0 1 0 0 0 0 1 1 1 1 1 1 1 1 0 0 0 1 0 0 0 1 0 0 1 1 0 1 0 1 0 1 31696.0 28368.0 3 0.1834161703925587
0 0 1 0 0 1 0 1 1 1 1 1 0 1 0 1 0 1 1 0 1 1 1 0 1 1 1 1 0 1 1 1 1 1 0 1 1 0 0 0 1 1 1 1 0 1 0 1 1 1 1 1 0 0 0 0 0 1 1 0 0 1 1 1 0 0 0 0 0 1 0 0 0 0 1 1 1 1 1 1 1 1 0 0 1 0 0 0 1 1 1 0 1 1 1 1 0 1 0 0 31727.0 28315.0 3 0.05789826330014304
0 0 1 1 0 0 1 1 1 1 0 1 0 1 1 1 0 0 0 0 1 1 1 0 1 1 1 1 0 1 0 1 1 1 0 1 1 1 0 0 1 1 1 1 0 1 0 1 1 1 0 1 0 0 0 1 0 1 1 1 0 1 1 1 1 0 0 0 0 1 0 0 0 0 1 1 1 1 1 1 1 1 0 0 1 0 0 0 0 1 0 0 1 1 0 1 0 1 0 0 31806.0 28271.0 3 0.08639060048902217
0 0 1 1 0 0 1 1 1 1 0 0 1 1 0 1 1 1 1 0 1 0 1 0 1 1 1 1 0 1 0 1 1 1 0 1 1 0 0 0 1 1 1 1 0 1 0 1 1 1 1 0 0 0 0 0 0 1 1 0 0 1 1 1 1 0 0 0 0 1 0 0 0 0 1 1 1 1 1 1 1 1 0 0 0 1 0 0 1 1 0 1 1 1 0 1 0 1 0 0 31955.0 28243.0 3 0.14597602445323926
0 0 0 1 0 1 0 1 1 1 1 1 0 1 0 1 0 1 1 0 1 1 1 0 1 1 1 1 0 1 0 1 1 1 0 1 1 0 0 0 0 1 1 1 0 1 0 1 1 1 0 0 0 0 0 1 0 1 1 0 0 1 1 1 1 0 0 0 0 1 0 1 0 1 1 1 1 0 1 1 1 1 0 0 1 0 0 0 1 1 1 0 1 1 1 1 0 1 0 0 32061.0 28001.0 3 0.3453157491742021
0 0 1 1 0 0 1 1 1 1 0 0 1 1 0 1 0 1 1 0 1 1 1 0 0 1 1 1 0 1 0 1 1 1 0 1 1 1 0 0 0 1 1 1 0 1 0 1 1 1 1 0 0 0 0 1 1 0 1 0 1 0 1 1 0 0 0 1 1 0 1 0 0 0 1 1 1 1 1 1 1 1 1 0 0 0 0 0 0 1 0 0 1 1 1 1 0 0 0 1 32428.0 27456.0 3 0.37846388943772574
0 0 0 1 0 1 0 1 1 1 1 1 0 1 0 1 0 1 1 0 1 0 1 0 1 1 1 1 0 1 0 1 1 1 0 1 1 0 0 0 0 1 1 1 0 1 0 1 1 1 1 1 0 0 0 1 1 0 1 0 1 0 1 1 0 1 0 1 0 0 1 0 0 0 1 1 1 0 1 1 1 1 0 0 0 0 0 0 0 1 0 0 1 1 1 1 0 1 1 0 32435.0 26974.0 3 0.1862510546685905
0 0 1 1 0 0 1 1 1 1 0 0 1 1 0 1 0 1 1 0 1 1 1 0 0 1 1 1 0 1 0 1 1 1 0 1 1 0 0 0 0 1 1 1 0 1 0 1 1 1 1 0 0 0 0 1 1 0 1 0 1 0 1 1 0 0 0 1 1 0 1 0 0 0 1 1 1 0 1 1 1 1 0 0 0 0 0 0 0 1 0 0 1 1 1 1 0 1 1 0 32601.0 26938.0 3 0.25488845027484647
0 0 1 1 0 0 1 1 1 1 0 1 0 1 1 1 0 1 0 0 1 1 1 0 1 1 1 1 0 1 0 1 1 1 0 1 0 0 0 0 1 1 1 1 0 1 0 1 1 1 1 0 0 0 0 1 0 0 1 0 1 0 1 1 0 1 0 1 1 0 1 0 0 0 1 1 1 0 1 1 1 1 0 0 0 0 0 0 0 1 0 0 1 1 1 1 0 1 1 0 32626.0 26213.0 3 0.2649173740225869
0 0 0 1 0 1 1 1 1 1 0 1 0 1 1 1 0 1 1 0 1 0 1 0 1 1 1 1 1 1 0 1 1 1 0 1 1 0 0 0 1 1 1 1 0 1 0 1 1 1 1 0 0 0 0 1 1 0 1 0 1 0 1 1 0 1 0 1 0 0 1 0 0 0 1 1 0 0 1 1 1 1 0 0 0 1 0 0 0 1 0 0 1 1 0 1 0 0 1 0 32774.0 26118.0 3 2000000000000000.0
1 0 1 0 1 0 0 1 1 1 0 1 1 1 0 1 1 1 1 0 1 1 1 1 1 0 0 0 0 1 0 1 1 1 0 1 1 0 0 0 1 1 1 1 0 1 0 1 1 1 1 0 0 0 0 0 0 1 1 0 0 1 1 1 1 0 0 0 0 1 0 0 0 1 1 1 1 1 1 0 1 0 0 1 1 0 1 0 0 0 0 0 0 1 1 1 1 0 0 1 28414.0 29707.0 4 2000000000000000.0
0 0 1 1 0 0 1 1 1 1 1 1 0 1 0 1 0 1 1 0 1 0 1 0 1 1 1 1 0 1 0 1 1 1 0 1 1 0 0 0 0 1 1 1 0 1 0 1 1 1 0 0 0 0 0 1 1 1 1 0 0 1 1 1 1 0 0 0 0 0 0 0 0 1 1 1 1 1 1 0 1 0 0 1 1 0 1 0 0 0 0 1 0 1 1 1 1 0 0 1 29456.0 29663.0 4 0.35379244545498045
0 0 0 1 0 1 0 1 1 1 1 1 0 1 0 1 0 1 1 0 1 1 1 0 1 1 1 1 0 1 0 1 1 1 0 1 1 0 0 0 0 1 1 1 0 1 0 1 1 1 0 0 0 0 0 1 0 1 1 0 0 1 1 1 1 0 0 0 0 1 0 0 0 1 1 1 1 1 1 0 1 0 0 1 1 0 1 0 0 0 0 1 0 1 1 1 1 0 0 1 29529.0 29360.0 4 0.1229159051155298
0 0 1 1 0 1 0 1 1 1 1 1 0 0 0 1 0 1 1 0 1 0 1 0 1 1 1 1 0 1 0 1 1 1 0 1 1 0 0 0 1 1 1 1 0 1 0 1 1 1 1 1 0 0 0 0 0 1 1 0 0 1 1 1 1 0 0 0 0 0 0 0 0 1 1 1 1 1 1 1 1 0 0 1 1 0 1 0 0 0 0 1 0 1 1 1 1 0 0 1 29578.0 29316.0 4 0.11353224362624986
0 0 1 0 1 0 0 1 1 1 0 1 1 1 0 1 0 1 1 0 1 0 1 0 1 1 1 1 0 1 0 1 1 1 0 1 1 0 0 0 1 1 1 1 0 1 0 1 0 1 1 1 1 0 0 0 0 1 1 0 0 1 1 1 1 0 0 1 0 1 0 0 1 0 0 1 1 1 1 0 1 0 0 0 1 0 0 0 1 1 1 0 1 1 1 1 0 1 0 0 29913.0 29271.0 4 0.14283187421719595
0 0 0 1 1 1 0 1 1 1 1 1 0 1 0 1 0 1 1 0 1 1 1 0 1 1 1 1 0 1 1 1 1 1 0 1 1 1 0 0 0 1 1 1 1 1 0 1 1 1 0 0 0 0 0 0 0 1 1 0 0 1 1 1 1 0 0 0 0 1 0 0 1 0 0 1 1 1 1 0 1 0 0 0 1 0 0 0 1 1 1 0 1 1 1 1 0 1 0 0 30047.0 29192.0 4 0.09908436476657179
0 0 0 1 0 1 0 1 1 1 1 1 0 1 0 1 0 1 1 0 1 0 1 0 1 0 0 0 1 1 0 1 0 1 1 1 1 1 1 0 0 1 0 1 0 1 1 0 1 0 0 1 0 0 0 0 0 1 1 0 0 1 1 1 1 0 0 0 0 1 0 1 0 1 1 1 1 1 1 1 1 1 0 0 1 0 0 0 1 1 1 0 1 1 0 1 1 1 0 0 30229.0 29177.0 4 0.12521858233336233
1 0 1 0 1 0 0 1 1 1 0 1 1 1 0 1 1 1 1 0 1 1 1 1 1 0 0 0 1 1 0 1 1 1 0 1 1 0 0 0 1 1 1 1 0 1 0 1 1 1 1 0 0 0 0 0 0 1 1 0 0 1 1 1 1 0 0 0 0 1 0 0 0 0 1 1 1 1 1 1 1 1 0 0 1 0 0 0 1 1 0 0 1 1 1 1 0 1 0 0 30534.0 29148.0 4 0.13112671978571303
0 0 1 0 1 0 0 1 1 1 0 1 1 1 0 1 0 1 1 0 1 0 1 0 1 1 1 1 0 1 0 1 1 1 0 1 1 0 0 0 1 1 1 1 0 1 0 1 0 1 1 1 1 0 0 0 0 1 1 0 0 1 1 1 1 0 0 0 0 1 0 0 0 0 1 1 1 1 1 1 1 1 0 0 1 0 0 0 1 1 1 0 1 1 1 1 0 1 0 0 30650.0 29055.0 4 0.17711608795115344
0 0 1 1 0 1 0 1 1 1 1 1 0 1 0 1 0 1 1 0 1 0 1 0 1 1 1 1 0 1 0 1 1 1 1 1 1 0 0 0 1 1 1 1 0 1 0 1 0 1 1 1 1 0 0 0 0 1 1 0 0 1 1 1 1 0 0 0 0 1 0 0 0 0 1 1 1 1 1 1 1 1 0 0 1 0 0 0 1 1 1 0 1 1 1 1 0 1 0 0 31086.0 28969.0 4 0.18493158235173296
0 0 0 1 1 0 1 1 1 1 0 1 0 1 0 1 0 1 1 0 1 0 1 0 1 1 1 1 0 1 0 1 1 1 0 1 1 0 0 0 1 1 1 1 0 1 0 1 1 1 1 0 0 0 0 0 0 1 1 0 0 1 1 1 1 0 0 0 0 1 0 0 0 0 1 1 1 1 1 1 1 1 0 0 1 0 0 0 1 1 1 0 1 1 1 1 0 1 0 0 31136.0 28791.0 4 0.1698629112930415
0 0 0 1 0 1 1 1 1 1 0 1 0 1 0 1 0 1 1 0 1 0 1 0 1 1 1 1 1 1 0 1 1 1 0 1 1 0 0 0 1 1 1 1 0 1 0 1 1 1 1 0 0 0 0 0 0 1 1 0 0 1 1 1 1 0 0 0 0 1 0 0 0 0 1 1 1 1 1 1 1 1 0 0 1 0 0 0 1 1 1 0 1 1 1 1 0 1 0 0 31465.0 28669.0 4 0.17121707327425498
0 0 1 1 0 1 0 1 1 1 1 1 0 1 0 1 0 1 1 0 1 1 1 0 1 1 1 1 0 1 1 1 1 1 0 1 1 0 0 0 1 1 1 1 0 1 0 1 1 1 1 0 0 0 0 0 0 1 1 0 0 1 1 1 1 0 0 0 0 1 0 0 0 0 1 1 1 1 1 1 1 1 0 0 1 0 0 0 1 1 0 0 1 1 1 1 0 1 0 0 31597.0 28556.0 4 0.1346495682203015
0 0 1 1 0 0 1 1 1 1 0 0 1 1 0 1 0 1 1 1 0 1 1 0 1 1 1 1 0 1 0 1 1 1 0 1 1 0 0 0 0 1 1 1 0 1 0 1 1 1 0 0 0 0 0 1 0 1 1 0 0 1 1 1 1 0 0 0 0 1 0 0 0 0 1 1 1 1 1 1 1 1 0 0 0 1 0 0 1 1 0 0 1 1 0 1 0 1 0 0 31682.0 28360.0 4 0.09553009343875805
0 0 1 1 0 1 0 1 1 1 1 1 0 1 0 1 0 1 1 0 1 0 1 0 1 1 1 1 0 1 0 1 1 1 0 1 1 0 0 0 1 1 1 1 0 1 0 1 1 1 1 1 0 0 0 0 0 1 1 0 0 1 1 1 1 0 0 0 0 1 0 0 0 0 1 1 1 1 1 1 1 1 0 0 0 0 0 0 0 1 0 0 1 1 1 1 0 1 1 0 31702.0 28295.0 4 0.038510149404452805
1 0 1 0 1 0 0 1 1 1 0 1 1 1 0 1 0 1 1 0 1 0 1 0 1 1 1 1 0 1 0 1 1 1 0 1 1 0 0 0 1 1 1 1 0 1 0 1 1 1 1 0 0 1 0 0 0 1 1 0 0 1 1 1 1 0 0 0 0 1 0 0 0 0 1 1 1 1 1 1 1 1 0 0 0 1 0 0 1 1 0 0 1 1 0 1 0 1 0 0 31707.0 28240.0 4 0.09074038291582687
0 0 1 1 0 0 1 1 1 1 0 0 1 1 0 1 0 1 1 0 1 0 1 0 1 1 1 1 0 1 0 1 1 1 0 1 1 0 0 0 1 1 1 1 0 1 0 1 1 1 1 0 0 1 0 0 0 1 1 0 0 1 1 1 1 0 0 0 0 1 0 0 0 0 1 1 1 1 1 1 1 1 0 0 0 1 0 0 1 1 0 0 1 1 0 1 0 1 0 0 31920.0 28148.0 4 0.09511798472821816
0 0 0 1 0 1 0 1 1 1 1 0 0 1 0 1 0 1 1 0 1 1 1 0 1 1 1 1 0 1 0 1 1 1 0 1 1 0 0 0 0 1 0 1 0 1 0 1 1 1 1 0 0 0 0 1 1 0 1 0 1 0 1 1 1 0 0 0 0 1 0 0 0 0 1 1 1 1 1 1 1 1 0 0 0 1 0 0 0 1 0 0 1 1 1 1 1 1 1 0 31945.0 28094.0 4 0.0822773615159497
0 0 0 1 0 1 1 1 1 1 0 1 0 1 0 1 0 1 1 0 1 0 1 0 1 1 1 1 1 1 0 1 1 1 0 1 1 0 0 1 1 1 1 1 0 1 0 1 1 1 1 0 0 0 0 0 0 1 1 0 0 1 1 1 1 0 0 0 0 1 0 0 0 0 1 1 1 1 1 1 1 1 0 0 0 0 0 0 0 1 0 0 1 1 1 1 0 1 1 0 31968.0 27887.0 4 0.24367991221862084
0 0 1 1 0 1 0 1 1 1 1 1 0 1 0 1 0 1 1 0 1 0 1 1 1 1 1 1 0 1 0 1 1 1 0 1 1 0 0 0 1 1 1 1 0 1 0 1 1 1 1 0 0 0 1 0 0 1 1 0 1 1 1 1 1 0 0 0 0 1 0 0 0 0 1 1 1 1 1 1 1 1 0 0 0 1 0 0 0 1 0 0 1 1 0 1 0 1 0 0 31977.0 27227.0 4 0.289593130550077
0 0 1 1 0 1 0 1 1 1 1 1 0 1 0 1 0 1 1 0 1 0 1 1 1 1 1 1 0 1 0 1 1 1 0 1 1 0 0 0 1 1 1 1 0 1 0 1 1 1 1 0 0 0 0 0 0 1 1 0 1 1 1 1 1 0 0 0 0 1 0 0 0 0 1 1 1 1 1 1 1 1 0 0 0 1 0 0 0 1 0 0 1 1 0 1 0 1 0 1 32426.0 27215.0 4 0.39451157357105604
0 0 0 1 0 1 0 1 1 1 1 1 0 1 0 1 0 1 1 0 0 1 1 1 1 1 1 1 0 1 0 1 1 1 0 1 1 0 0 0 1 1 1 1 0 1 0 1 1 1 1 0 0 0 0 1 1 0 1 0 1 0 1 1 0 1 0 1 0 0 1 0 0 0 1 1 1 0 1 1 1 1 0 0 0 0 0 0 0 1 0 0 1 1 1 1 0 1 1 0 32496.0 26222.0 4 0.38817460231983564
0 0 0 1 0 0 1 1 1 1 0 1 0 1 1 0 0 1 0 1 0 1 1 0 1 1 1 1 0 1 0 1 1 1 0 1 1 0 0 0 1 1 1 1 0 1 0 1 1 1 1 0 0 0 0 1 0 0 1 0 1 0 1 1 0 1 0 1 1 0 1 0 0 0 1 1 1 0 1 1 1 1 0 0 0 0 0 0 0 1 0 0 1 1 1 1 0 1 1 0 32715.0 26037.0 4 2000000000000000.0
0 0 1 1 0 1 0 1 1 1 1 1 0 1 0 1 0 1 1 0 1 1 1 0 1 1 1 1 0 1 0 1 1 1 0 1 1 0 0 0 0 1 1 1 0 1 0 1 1 1 0 0 0 0 0 1 0 1 1 0 0 1 1 1 1 0 0 0 0 1 0 0 0 1 1 0 1 1 1 0 1 0 0 1 1 0 1 0 0 0 0 1 0 1 1 1 1 0 0 1 28819.0 29536.0 5 2000000000000000.0
0 0 1 1 0 1 0 1 1 1 1 1 0 1 0 1 0 1 1 0 1 0 1 0 1 1 1 1 0 1 0 1 1 1 0 1 1 0 0 0 0 1 1 1 0 1 0 1 1 1 0 0 0 0 0 1 1 1 1 0 0 1 1 1 1 0 0 0 0 0 0 0 0 1 1 1 1 1 1 0 1 0 0 1 1 0 1 0 0 0 0 1 0 1 1 1 1 0 0 1 28939.0 29205.0 5 0.21781165541313743
0 0 1 1 0 0 1 1 1 1 0 1 0 1 1 1 0 1 0 0 1 1 1 0 1 1 1 1 0 1 0 1 1 1 0 1 1 0 0 0 1 1 1 1 1 1 0 1 0 1 0 0 0 0 0 0 0 1 1 0 0 1 1 1 1 0 0 0 0 1 0 0 1 0 0 1 1 1 1 0 1 0 0 1 1 0 1 0 0 0 0 1 0 1 1 1 0 1 1 0 29214.0 29128.0 5 0.13539401379739643
0 0 0 1 1 0 0 1 1 1 1 1 0 1 0 1 0 1 1 0 0 1 1 0 1 1 1 1 0 1 0 1 1 1 0 1 1 0 0 0 0 1 1 1 0 1 0 1 1 1 0 0 0 0 0 1 0 1 1 1 0 1 1 1 1 0 0 0 0 0 0 0 0 1 1 1 1 1 1 0 1 0 0 1 1 0 1 0 0 0 0 1 0 1 1 1 1 0 0 1 29358.0 29109.0 5 0.15493325759726947
0 0 1 1 0 0 0 1 1 1 0 0 1 1 0 1 1 1 1 0 1 0 1 0 1 1 0 1 1 1 0 1 0 1 0 1 1 0 1 0 1 1 1 1 1 1 0 1 0 1 0 0 0 0 0 0 0 1 1 0 0 1 1 1 1 0 0 1 0 1 0 0 1 0 0 1 1 1 1 0 1 0 0 0 1 0 0 0 1 1 1 0 1 1 1 1 0 1 0 0 29679.0 29005.0 5 0.20542543815447784
1 0 0 1 0 0 1 1 1 1 1 1 1 1 0 1 1 1 1 0 1 1 1 0 1 1 0 0 1 1 1 1 0 0 0 1 1 1 1 0 0 1 0 1 0 1 1 0 1 0 0 1 0 0 0 1 0 1 1 1 0 0 1 1 1 0 0 0 0 0 0 0 1 0 0 1 1 1 1 0 1 1 0 0 1 0 0 0 1 1 1 0 1 1 1 1 0 1 0 0 29902.0 28880.0 5 0.15276913633406533
0 0 1 1 0 0 1 1 1 1 0 0 1 1 0 1 1 1 1 0 1 0 1 0 1 1 1 1 0 1 0 1 1 1 0 1 1 0 0 0 1 1 1 1 0 1 0 1 1 1 1 1 1 0 0 1 1 0 1 0 1 1 1 0 1 0 0 0 0 0 0 0 1 1 0 0 1 1 0 0 1 0 0 0 0 1 0 0 1 1 0 1 1 1 0 1 0 1 0 0 30107.0 28856.0 5 0.3110567195902844
0 0 1 0 1 0 0 1 1 1 0 1 1 1 0 1 1 1 1 0 1 0 1 0 1 1 1 1 0 1 0 1 1 1 0 1 1 0 0 0 1 1 1 1 0 1 0 1 1 1 1 0 0 0 0 0 0 1 1 0 0 1 1 1 1 0 0 0 0 1 0 0 0 0 1 1 1 1 1 1 1 1 0 0 1 0 0 0 1 1 1 0 1 1 1 1 0 1 0 0 31016.0 28797.0 5 0.3211421242132375
0 0 1 1 0 0 1 1 1 1 0 1 0 1 1 1 0 1 0 0 1 1 1 0 1 1 1 1 0 1 0 1 1 1 0 1 1 0 0 0 1 1 1 1 1 1 0 1 0 1 0 0 0 0 0 0 0 1 1 0 0 1 1 1 1 0 0 0 0 1 0 0 0 0 1 1 1 1 1 1 1 1 0 0 1 0 0 0 0 1 0 0 1 1 0 1 1 1 0 1 31095.0 28623.0 5 0.131459134593358
0 0 1 1 0 0 1 1 1 1 0 0 1 1 0 1 0 1 1 0 1 0 1 0 1 1 1 0 0 1 0 1 1 1 0 1 1 0 0 0 1 1 1 1 0 1 0 1 0 1 1 1 1 0 0 0 0 1 1 0 0 1 1 1 1 0 0 0 0 1 0 0 0 0 1 1 1 1 1 1 1 1 0 0 1 0 0 0 1 1 1 0 1 1 1 1 0 1 0 1 31313.0 28604.0 5 0.16136449505730172
0 0 1 1 0 0 1 1 1 1 0 0 1 1 0 1 1 1 1 0 1 1 1 0 1 1 0 1 1 1 0 1 0 1 0 1 1 0 0 0 1 1 1 1 1 1 0 1 1 1 0 0 0 0 0 0 0 1 1 0 0 1 1 1 1 0 0 0 0 1 0 0 1 0 0 1 1 0 1 1 1 1 0 0 0 0 0 0 0 1 0 0 1 1 1 1 0 1 1 0 31542.0 28461.0 5 0.17547514910536313
0 0 1 1 0 1 0 1 1 1 1 1 0 1 0 1 0 1 1 0 1 1 1 0 1 1 1 1 0 1 1 1 1 1 0 1 1 0 0 0 1 1 1 1 0 1 0 1 1 1 1 0 0 0 0 0 0 1 1 0 0 1 1 1 1 0 0 0 0 1 0 0 0 0 1 1 1 1 1 1 1 1 0 0 1 0 0 0 0 1 0 0 1 1 0 1 1 0 1 0 31654.0 28296.0 5 0.24791585968061913
0 0 1 1 0 0 1 1 1 1 0 0 1 1 0 1 1 1 1 0 1 0 1 0 1 1 1 1 0 1 0 1 1 1 0 1 1 0 0 0 1 1 1 1 0 1 0 1 1 1 1 0 0 0 0 0 0 1 1 0 0 1 1 1 1 0 0 0 0 1 0 0 0 0 1 1 1 1 1 1 1 1 0 0 0 1 0 0 0 1 0 0 1 1 0 1 0 1 0 1 31740.0 27768.0 5 0.20737744958817952
0 0 0 1 1 1 0 1 1 1 1 1 0 1 0 1 0 1 1 0 1 1 1 0 1 1 1 1 0 1 0 1 1 1 0 1 1 0 0 0 0 1 1 1 0 1 0 1 1 1 0 0 0 0 0 1 0 1 1 0 0 1 1 1 1 0 0 0 0 1 0 0 0 1 1 1 1 0 1 1 1 1 0 0 0 0 0 0 0 1 0 0 1 1 1 1 0 1 1 0 31871.0 27763.0 5 0.10449208894100553
0 0 0 0 0 1 0 1 1 1 1 1 0 1 0 1 0 1 1 0 1 1 1 0 1 1 1 1 0 1 1 1 1 1 0 1 1 0 0 0 1 1 1 1 0 1 0 1 1 1 1 0 0 0 0 0 0 1 1 0 0 1 1 1 1 0 0 0 0 1 0 0 0 0 1 1 1 1 1 1 1 1 0 0 1 0 0 0 1 1 1 0 1 1 1 1 0 1 1 0 31927.0 27570.0 5 0.2691670071735413
0 0 0 1 0 1 0 1 1 1 1 1 0 1 0 1 0 1 1 0 1 1 1 0 1 1 1 1 0 1 0 1 1 1 0 1 1 0 0 0 0 1 1 1 0 1 0 1 1 1 0 0 0 0 0 1 0 1 1 0 0 1 1 1 1 0 0 0 0 1 0 1 0 1 1 1 1 0 1 1 1 1 0 0 0 0 0 0 0 1 0 0 1 1 1 1 0 1 1 0 32257.0 27166.0 5 0.26938798545134
0 0 1 1 0 0 1 1 1 1 0 0 1 1 0 1 1 1 1 0 0 1 1 0 1 1 1 1 0 1 0 1 1 1 0 1 1 0 0 0 0 1 1 1 0 1 0 1 1 1 1 0 0 0 0 1 1 0 1 0 1 0 1 1 0 1 0 1 0 0 1 0 0 0 1 1 1 0 1 1 1 1 0 0 0 0 0 0 0 1 0 0 1 1 1 1 0 1 1 0 32403.0 27054.0 5 0.43966996179603207
0 0 1 1 0 0 1 1 1 1 0 1 1 1 1 0 0 1 0 1 0 1 0 0 1 1 1 1 0 1 0 1 1 1 0 1 1 0 0 0 1 1 1 1 0 1 0 1 1 1 1 0 0 0 0 1 1 0 1 0 1 0 1 1 0 1 0 1 1 0 1 0 0 0 1 1 1 1 1 1 0 1 0 0 0 1 0 0 0 1 0 0 1 1 0 1 0 0 1 0 32694.0 26015.0 5 2000000000000000.0
0 0 1 1 0 0 1 1 1 1 0 0 1 1 0 1 1 1 1 0 1 0 1 0 1 1 1 1 0 1 0 1 1 1 0 1 1 0 0 0 1 1 1 1 0 1 0 1 1 1 1 1 1 0 0 1 1 0 1 0 1 1 1 0 1 0 0 0 0 0 0 0 1 1 0 0 1 1 0 0 1 0 0 0 1 0 0 0 0 0 0 1 0 1 0 1 1 1 0 0 28250.0 29522.0 6 2000000000000000.0
0 0 0 1 0 0 1 1 1 1 0 1 0 1 1 0 0 1 0 1 0 1 1 0 1 1 1 1 0 1 0 1 1 1 0 1 1 0 0 0 1 1 1 1 0 0 0 1 1 1 1 0 0 0 0 1 1 0 1 0 1 0 1 1 0 0 0 1 1 0 1 0 0 0 1 1 1 0 1 1 1 1 0 0 0 0 0 0 0 1 0 0 1 1 1 1 0 1 1 0 32577.0 25536.0 6 2000000000000000.0
0 0 1 1 0 0 1 1 1 1 0 0 1 1 0 1 1 1 1 0 1 1 1 0 1 1 0 1 1 1 0 1 0 1 0 1 1 0 0 0 1 1 1 1 1 1 0 1 0 1 0 0 0 0 0 0 0 1 1 0 0 1 1 1 1 0 0 0 0 1 0 0 1 0 0 1 1 1 1 0 1 0 0 0 1 0 0 0 1 1 1 0 1 1 1 1 0 1 0 0 29264.0 29100.0 6 0.37650432626973757
0 0 1 1 0 0 1 1 1 1 0 1 1 1 1 0 0 1 0 1 0 1 0 0 1 1 1 1 0 1 0 1 1 1 0 1 1 1 0 0 1 1 1 1 0 1 0 1 1 1 1 0 0 0 0 0 0 1 1 0 0 1 1 1 1 0 0 0 0 1 0 0 0 0 1 1 1 1 1 1 1 1 0 0 1 0 0 0 1 1 1 0 1 1 1 1 0 1 0 0 31647.0 28211.0 6 0.3735910792928848
0 0 1 1 0 0 1 1 1 1 0 0 1 1 0 1 0 1 1 0 1 1 1 0 1 1 1 1 0 1 0 1 1 1 0 1 1 0 0 0 0 1 1 1 0 1 0 1 1 1 0 0 0 0 0 1 0 1 1 0 0 1 1 1 1 1 0 1 1 0 1 0 1 0 1 1 1 1 1 1 0 1 0 0 0 1 0 0 0 1 0 0 1 1 0 1 0 1 0 0 31871.0 27642.0 6 0.3601481427195235
1 0 1 0 1 0 0 1 1 1 0 1 1 1 0 1 1 1 1 0 1 0 1 0 1 1 1 1 0 1 0 1 1 1 0 1 1 0 0 0 1 1 1 1 0 1 0 1 1 1 1 0 0 0 0 1 1 0 1 0 1 0 1 1 0 1 0 1 1 0 1 0 0 0 1 1 1 1 1 1 0 1 0 0 0 1 0 0 0 1 0 0 1 1 0 1 0 0 1 0 32400.0 26764.0 6 0.3559024647277634
0 0 0 1 0 0 1 1 1 1 0 1 1 1 1 0 0 1 0 1 0 1 0 0 1 1 1 1 0 1 0 1 1 1 0 1 1 0 0 0 1 1 1 1 0 1 0 1 1 1 1 0 0 0 0 1 1 0 1 0 1 0 1 1 0 1 0 1 1 0 1 0 0 0 1 1 1 1 1 1 0 1 0 0 0 1 0 0 0 1 0 0 1 1 0 1 0 0 1 0 32453.0 25657.0 6 0.3489842134088128
0 0 0 1 0 1 0 1 1 1 1 1 0 1 0 1 0 1 1 0 1 0 1 0 1 1 1 1 0 1 0 1 1 1 0 1 1 0 0 0 0 1 1 1 0 1 0 1 1 1 1 1 0 0 0 0 0 1 1 0 0 1 1 1 1 0 0 0 0 1 0 0 0 0 1 1 1 1 1 1 1 1 0 0 1 0 0 0 1 1 1 0 1 1 1 1 0 1 0 0 30814.0 28651.0 6 0.30705945503043175
0 0 1 1 1 0 1 1 1 1 0 0 1 1 0 1 0 1 1 0 1 0 1 0 1 1 1 0 0 1 0 1 1 1 0 1 1 0 0 0 1 1 1 1 0 1 0 1 0 1 1 1 1 0 0 0 0 1 1 0 0 1 1 1 1 0 0 0 0 1 0 0 0 0 1 1 1 1 1 1 1 1 0 0 0 0 0 0 0 1 0 0 1 1 1 1 0 1 1 0 31289.0 28595.0 6 0.3028984853504412
0 0 1 1 0 0 1 1 1 1 0 0 1 1 0 1 1 1 1 0 1 1 1 0 1 1 0 1 1 1 0 1 0 1 0 1 1 0 0 0 1 1 0 1 0 1 1 0 1 0 0 1 0 0 0 1 0 1 1 1 0 0 1 1 1 0 0 0 0 0 0 0 1 0 0 1 1 1 1 0 1 1 0 0 1 0 0 0 1 1 1 0 1 1 1 1 0 1 0 0 29995.0 28814.0 6 0.2876256521119437
0 0 1 1 0 0 1 1 1 1 0 1 0 1 1 1 0 1 0 0 1 1 1 0 1 1 1 1 0 1 0 1 1 1 0 1 1 0 0 0 1 1 1 1 1 1 0 1 0 1 0 0 0 0 0 0 0 1 1 0 0 1 1 1 1 0 0 0 0 1 0 0 1 0 0 1 1 1 1 0 1 1 0 0 1 0 0 0 1 1 1 0 1 1 1 1 0 1 0 0 30032.0 28661.0 6 0.23016976102283043
