1 0 1 1 1 0 1 1 1 0 1 1 0 1 0 1 1 1 0 1 0 0 1 0 1 1 0 1 1 1 1 1 1 1 0 1 1 0 0 0 0 1 1 1 1 1 1 1 1 1 1 1 0 1 0 0 0 0 1 0 1 0 1 1 0 0 0 0 0 1 0 0 1 1 1 1 1 1 1 1 1 0 0 1 0 0 1 0 1 0 0 0 1 1 1 1 1 1 0 0 34104.0 34639.0 0 2000000000000000.0
1 0 1 1 1 0 1 1 1 0 1 1 0 1 0 1 1 1 0 1 0 0 1 0 1 1 0 1 1 1 1 1 1 1 0 1 1 0 0 0 0 1 1 1 1 1 1 1 1 1 0 1 0 1 0 0 0 1 1 0 1 0 1 1 0 0 0 0 0 1 0 0 1 1 1 1 1 1 1 1 1 1 0 1 0 0 1 0 0 0 0 0 1 1 1 1 1 1 0 0 34131.0 34404.0 0 0.10305443481827195
1 0 1 1 1 0 1 1 1 0 1 1 0 1 0 1 0 1 1 1 0 0 1 0 1 1 0 1 1 1 1 1 1 1 0 1 1 0 0 0 0 1 1 1 1 1 1 1 1 1 0 1 0 1 0 0 0 1 1 0 1 0 1 1 0 0 0 0 0 1 0 0 1 1 1 1 1 1 1 1 1 1 0 1 0 0 1 0 0 0 0 0 1 1 1 1 1 1 0 0 34288.0 34379.0 0 0.13287439706471688
1 0 1 1 1 0 1 1 1 0 1 1 0 1 0 1 1 1 1 1 0 0 1 0 1 1 0 1 1 1 1 1 1 1 0 1 1 0 0 0 0 1 1 1 1 1 1 1 1 1 0 1 0 1 0 0 0 0 1 0 1 0 1 1 0 0 0 1 0 1 0 0 1 1 1 1 1 1 1 1 1 0 0 1 0 0 1 0 0 0 0 0 1 1 1 1 1 1 0 0 34634.0 34362.0 0 0.31595798222687477
1 0 1 1 0 0 1 1 1 0 1 0 1 1 0 1 0 1 1 1 0 0 1 0 1 1 1 1 1 1 1 1 1 1 0 1 1 0 0 0 0 1 1 1 1 1 1 1 1 1 0 1 0 1 0 0 0 1 1 0 1 0 1 1 0 0 0 0 0 1 0 0 1 1 1 1 1 1 1 1 1 1 0 1 0 0 1 0 0 0 0 0 1 1 1 1 1 1 0 0 35232.0 34001.0 0 0.3205949704779722
1 0 1 1 0 0 1 1 1 0 1 0 1 1 0 1 0 1 1 1 0 0 1 0 1 1 1 1 1 1 1 1 1 1 0 1 1 0 0 0 0 1 1 1 1 1 1 1 1 1 0 1 0 1 0 0 0 0 1 0 1 0 1 1 0 0 0 1 0 1 0 0 1 1 1 1 1 1 1 1 1 0 0 1 0 0 1 0 0 0 0 0 1 1 1 1 1 1 0 0 35470.0 33844.0 0 0.11427337088865748
1 0 1 1 1 0 1 1 1 0 1 1 0 1 0 1 1 1 0 1 0 0 1 0 1 1 0 1 1 1 1 1 1 1 0 1 1 0 0 0 0 1 1 1 1 1 1 1 1 1 0 1 0 1 0 0 0 1 1 0 1 0 1 1 0 0 0 1 0 1 0 0 1 1 1 1 1 1 1 1 1 1 0 0 0 1 0 0 1 0 0 0 1 1 1 1 1 1 0 0 35536.0 33823.0 0 0.23440971482816841
1 0 1 1 0 0 1 1 1 0 1 0 1 1 0 1 0 1 1 1 0 0 1 0 1 1 1 1 1 1 1 1 1 1 0 1 1 0 0 0 0 1 1 1 1 1 1 1 1 1 0 1 0 1 0 1 0 0 1 0 1 0 1 1 0 0 0 0 0 1 0 0 1 1 1 1 1 1 1 1 1 1 0 0 0 1 0 0 1 0 0 0 1 1 1 1 1 1 0 0 36120.0 33508.0 0 0.3586820493961924
1 0 1 1 0 0 1 1 1 0 1 0 1 1 0 1 0 1 1 1 0 0 1 0 1 1 1 1 1 1 1 1 1 1 0 1 1 0 0 0 0 1 1 1 1 1 1 1 1 1 0 1 0 1 0 0 0 0 1 0 1 0 1 1 0 0 0 1 0 1 0 0 1 1 1 1 1 1 1 1 1 1 0 0 0 1 1 0 0 0 0 0 1 1 1 1 1 1 0 0 36586.0 33370.0 0 0.385244379272354
1 0 1 1 1 0 1 1 1 1 1 1 1 1 0 1 1 1 1 0 0 0 0 0 1 1 1 1 1 1 1 1 1 1 0 1 1 0 0 0 0 1 1 1 1 1 1 1 1 1 0 1 0 1 0 0 0 0 1 0 1 0 1 1 0 0 0 1 0 1 0 0 1 1 1 1 1 0 1 1 1 1 0 0 0 1 0 0 1 0 0 0 1 1 1 1 1 1 0 0 36593.0 32299.0 0 0.3938249610723772
1 0 1 1 1 0 1 1 1 0 1 1 0 1 0 1 1 1 1 1 0 0 0 0 1 1 1 1 1 1 1 1 1 1 0 1 1 0 0 0 0 1 1 1 1 1 1 1 1 1 0 1 0 1 0 0 0 0 1 0 1 0 1 1 0 0 0 1 0 1 0 0 1 1 1 1 1 1 1 1 1 1 0 0 0 1 1 0 0 0 0 0 1 1 1 1 0 1 1 0 37045.0 32107.0 0 0.2460002724167682
1 0 1 1 0 0 1 1 1 0 1 0 1 1 0 1 1 1 1 1 0 0 1 0 1 1 1 1 1 1 1 1 1 1 0 1 1 0 0 0 0 1 1 1 1 1 1 1 1 1 0 1 0 1 0 0 0 1 1 0 1 0 1 1 0 0 0 1 0 1 0 0 1 1 1 1 1 0 1 1 1 1 0 0 0 1 0 0 1 0 0 0 1 1 1 1 0 1 1 0 37118.0 31773.0 0 0.1946070224059472
1 0 1 1 1 0 1 1 1 1 1 1 1 1 0 1 1 1 1 0 0 0 0 0 1 1 1 1 1 1 1 1 1 1 0 1 1 0 0 0 0 1 1 1 1 1 1 1 1 1 0 1 0 1 0 0 0 0 1 0 1 0 1 1 0 0 0 1 0 1 0 0 1 1 1 1 1 0 1 1 1 1 0 0 0 1 0 0 1 0 0 0 1 1 1 1 0 1 1 0 37213.0 31418.0 0 0.2042604365577141
1 0 1 1 0 0 1 1 1 1 1 0 1 1 0 1 1 1 1 0 1 0 0 0 1 1 1 1 1 1 1 1 1 1 0 1 1 0 1 0 0 1 1 0 1 1 1 1 1 1 0 1 0 1 0 0 0 0 1 0 1 0 1 1 0 1 0 1 0 1 0 0 1 1 1 1 1 0 1 1 1 1 0 0 0 1 0 0 1 0 0 0 1 1 1 1 1 1 0 0 37396.0 31162.0 0 0.1475122620343245
1 0 1 1 0 0 1 1 1 0 1 0 1 1 0 1 1 1 1 1 1 0 0 0 1 1 1 1 1 1 1 1 1 1 0 1 1 0 0 0 0 1 1 1 1 1 1 1 1 1 0 1 0 1 0 0 0 0 1 0 1 0 1 1 0 0 0 1 0 1 0 0 1 1 1 1 1 0 1 1 1 1 0 0 0 0 1 0 1 0 0 0 1 1 1 1 0 1 1 0 37559.0 31137.0 0 0.19818090747580247
1 0 1 1 0 0 1 1 1 1 1 0 1 1 0 1 1 1 1 0 1 0 0 0 1 1 1 1 1 1 1 1 1 1 0 1 1 0 0 0 0 1 1 1 1 1 1 1 1 1 0 1 0 1 0 0 0 0 1 0 1 0 1 1 0 0 0 1 0 1 0 0 1 1 1 1 1 0 1 1 1 1 0 0 0 1 0 0 1 1 0 0 1 1 1 1 0 1 1 0 37758.0 30671.0 0 0.3720879171573068
1 0 1 1 0 0 1 1 1 1 1 0 1 1 0 1 1 1 1 0 1 0 0 0 1 1 1 1 1 1 1 1 1 1 0 1 1 0 0 0 0 1 1 0 1 1 1 1 1 1 0 1 0 1 0 1 0 0 1 0 1 0 1 1 0 0 0 1 0 1 0 0 1 1 1 1 1 0 1 1 1 1 0 0 0 1 0 0 1 1 0 0 1 1 1 1 0 1 1 0 38176.0 30146.0 0 2000000000000000.0
1 0 1 1 1 0 1 1 1 0 1 1 0 1 0 1 1 1 0 1 0 0 1 0 1 1 0 1 1 1 1 1 1 1 0 1 1 0 0 0 0 1 1 1 1 1 1 1 1 1 1 1 0 1 0 0 0 0 1 0 1 0 1 1 0 0 0 0 0 1 0 0 1 1 1 1 1 1 1 1 1 0 0 1 0 0 1 0 0 0 0 0 1 1 1 1 1 1 0 0 33600.0 34409.0 1 2000000000000000.0
1 0 1 1 1 0 1 1 1 0 1 1 0 1 0 1 1 1 1 1 0 0 1 0 1 1 0 1 1 1 1 1 1 1 0 1 1 0 0 0 0 1 1 1 1 1 1 1 1 1 0 1 0 1 0 0 0 1 1 0 1 0 1 1 0 0 0 0 0 1 0 0 1 1 1 1 1 1 1 1 1 0 0 1 0 0 1 0 0 0 0 0 1 1 1 1 1 1 0 0 33724.0 34246.0 1 0.10593179219252992
1 0 1 1 1 0 1 1 1 1 1 1 0 1 0 1 1 1 0 1 0 0 1 0 1 1 0 1 1 1 1 1 1 1 0 1 1 0 0 0 0 1 1 1 1 1 1 1 1 1 0 1 0 1 0 0 0 1 1 0 1 0 1 1 0 0 0 0 0 1 0 0 1 1 1 1 1 1 1 1 1 0 0 1 0 0 1 0 0 0 0 0 1 1 1 1 1 1 0 0 33889.0 34245.0 1 0.19333632329335768
1 0 1 1 1 0 1 1 1 0 1 1 0 1 0 1 0 1 1 1 0 0 1 0 1 1 0 1 1 1 1 1 1 1 0 1 1 0 0 0 0 1 1 1 1 1 1 1 1 1 0 1 0 1 0 0 0 0 1 0 1 0 1 1 0 0 0 1 0 1 0 0 1 1 1 1 1 1 1 1 1 0 0 1 0 0 1 0 0 0 0 0 1 1 1 1 1 1 0 0 34526.0 34222.0 1 0.3688935311952408
1 0 1 1 1 0 1 1 1 0 1 1 0 1 0 1 1 1 1 1 0 0 1 0 1 1 0 1 1 1 1 1 1 1 0 1 1 0 0 0 0 1 1 1 1 1 1 1 1 1 0 1 0 1 0 0 0 0 1 0 1 0 1 1 0 0 0 1 0 1 0 0 1 1 1 1 1 1 1 1 1 0 0 1 0 0 1 0 0 0 0 0 1 1 1 1 1 0 1 0 35078.0 33857.0 1 0.28643948215989834
1 0 1 1 1 0 1 1 1 0 1 1 0 1 0 1 1 1 1 1 0 0 1 0 1 1 0 1 1 1 1 1 1 1 0 1 1 0 0 0 0 1 1 1 1 1 1 1 1 1 0 1 0 1 0 0 0 0 1 0 1 0 1 1 0 0 0 1 0 1 0 0 1 1 1 1 1 1 1 1 1 1 0 0 0 0 1 0 0 0 0 0 1 1 1 1 1 1 0 0 35276.0 33747.0 1 0.12197922240056781
1 0 1 1 1 0 1 1 1 0 1 0 1 1 0 1 1 1 1 0 1 0 1 0 1 1 0 1 1 1 1 1 1 1 0 1 1 0 0 0 0 1 1 1 1 1 1 1 1 1 0 1 0 1 0 0 0 0 1 0 1 0 1 1 0 0 0 1 0 1 0 0 1 1 1 1 1 1 1 1 1 1 0 0 0 0 0 0 0 0 0 0 1 1 1 1 1 1 0 0 35277.0 33534.0 1 0.07687213462163708
1 0 1 1 1 0 1 1 1 0 1 1 0 1 0 1 1 1 1 1 0 0 1 0 1 1 0 1 1 1 1 1 1 1 0 1 1 0 0 0 0 1 1 1 1 1 1 1 1 1 0 1 0 0 0 0 0 0 1 0 1 0 1 1 0 0 0 1 0 1 0 0 1 1 1 1 1 1 1 1 1 1 0 0 0 1 0 0 1 0 0 0 1 1 1 1 1 1 0 0 35390.0 33532.0 1 0.17487987704444657
1 0 1 1 1 0 1 1 1 0 1 0 0 1 0 1 1 1 1 0 1 0 1 0 1 1 0 1 1 1 1 1 1 1 0 1 1 0 0 0 0 1 1 1 1 1 1 1 1 1 0 1 0 1 0 0 0 1 1 0 1 0 1 1 0 0 0 1 0 1 0 0 1 1 1 1 1 1 1 1 1 1 0 0 0 1 0 0 1 0 0 0 1 1 1 1 1 1 0 0 35699.0 33208.0 1 0.2060062789160559
1 0 1 1 1 0 1 1 1 1 1 1 1 1 0 1 1 1 1 0 1 0 0 0 1 1 0 1 1 1 1 1 1 1 0 1 1 0 0 0 0 1 1 1 1 1 1 1 1 1 0 1 0 1 0 0 0 0 1 0 1 0 1 1 0 0 0 1 0 1 0 0 1 1 1 1 1 1 1 1 1 0 0 0 0 1 1 0 0 0 0 0 1 1 1 1 1 1 0 0 35935.0 33196.0 1 0.08000241295019689
1 0 1 1 1 0 1 1 1 0 1 1 0 1 0 1 1 1 1 1 0 0 0 0 1 1 1 1 1 1 1 1 1 1 0 1 1 0 0 0 0 1 1 1 1 1 1 1 1 1 0 1 0 1 0 1 0 0 1 0 1 0 1 1 0 0 0 0 0 1 0 0 1 1 1 1 1 1 1 1 1 1 0 0 0 1 0 0 1 0 0 0 1 1 1 1 1 1 0 0 35959.0 33126.0 1 0.1632531289669387
1 0 1 1 1 0 1 1 1 0 1 1 0 1 0 1 1 1 1 1 0 0 0 0 1 1 1 1 1 1 1 1 1 1 0 1 1 0 0 0 0 1 1 1 1 1 1 1 1 1 0 1 0 1 0 0 0 0 1 0 1 0 1 1 0 0 0 1 0 1 0 0 1 1 1 1 1 1 1 1 1 1 0 0 0 1 1 0 0 0 0 0 1 1 1 1 1 1 0 0 36425.0 32988.0 1 0.1550805715544608
1 0 1 1 1 0 1 1 1 0 1 1 0 1 0 1 1 1 1 1 0 0 0 0 1 1 1 1 1 1 1 1 1 1 0 1 1 0 0 0 0 1 1 1 1 1 1 1 1 1 0 1 0 1 0 0 0 0 1 0 1 0 1 1 0 0 0 1 0 1 0 0 1 1 1 1 1 1 1 1 1 1 0 0 0 1 0 0 1 0 0 0 1 1 1 1 1 1 0 0 36445.0 32949.0 1 0.09505253412226088
1 0 1 1 0 0 1 1 1 0 1 0 1 1 0 1 1 1 1 1 0 0 1 0 1 1 1 1 1 1 1 1 1 1 0 1 1 0 0 0 0 1 1 1 1 1 1 1 1 1 0 1 0 1 0 0 0 1 1 0 1 0 1 1 0 0 0 1 0 1 0 0 1 1 1 1 1 0 1 1 1 1 0 0 0 1 0 0 1 0 0 0 1 1 1 1 1 1 0 0 36498.0 32654.0 1 0.1335633504338033
1 0 1 1 0 0 1 1 1 0 1 0 1 1 0 1 1 1 1 0 1 0 0 0 1 1 1 1 1 1 1 1 1 1 1 1 1 0 0 0 0 1 1 1 1 1 1 1 1 1 0 1 0 1 0 0 0 0 1 0 1 0 1 1 0 0 0 1 0 1 0 0 1 1 1 1 1 1 1 1 1 1 0 0 0 0 1 0 0 0 0 0 1 1 1 1 1 1 0 0 36511.0 32443.0 1 0.116770397297493
1 0 1 1 0 0 1 1 1 0 1 0 1 1 0 1 1 1 1 0 1 0 0 0 1 1 1 1 1 1 1 1 1 1 0 1 1 0 0 0 0 1 1 1 1 1 1 1 1 1 0 1 0 1 0 0 0 1 1 0 1 0 1 1 0 0 0 1 0 1 0 0 1 1 1 1 1 1 1 1 1 1 0 0 0 1 0 0 1 0 0 0 1 1 1 1 1 1 0 0 36585.0 32241.0 1 0.13717818588109076
1 0 1 1 1 0 1 1 1 1 1 1 1 1 0 1 1 1 1 0 0 0 1 0 1 1 1 1 1 1 1 1 1 1 0 1 1 0 0 0 0 1 1 1 1 1 1 1 1 1 0 1 0 1 0 0 0 0 1 0 1 0 1 1 0 0 0 1 0 1 0 0 1 1 1 1 1 0 1 1 1 0 0 0 0 1 0 0 1 0 0 0 1 1 1 1 0 1 1 0 36750.0 32095.0 1 0.08487027769909261
1 0 1 1 1 0 1 1 1 0 1 1 0 1 0 1 1 1 0 1 0 0 1 0 1 1 1 1 1 1 1 1 1 1 0 1 1 0 0 0 0 1 1 1 1 1 1 1 1 1 0 1 0 1 0 0 0 1 1 0 1 0 1 1 0 0 0 1 0 1 0 0 1 1 1 1 1 0 1 1 1 1 0 0 0 1 0 0 1 0 0 0 1 1 1 1 0 1 1 0 36793.0 32086.0 1 0.10960170585087707
1 0 1 1 0 0 1 1 1 1 1 0 1 1 0 1 1 1 1 0 1 0 0 0 1 1 1 1 1 1 1 1 1 1 0 1 1 0 0 0 0 1 1 1 1 1 1 1 1 1 1 1 0 1 0 0 0 1 1 0 1 0 1 1 0 0 0 1 0 1 0 0 1 1 1 1 1 0 1 1 1 1 0 0 0 1 0 0 1 0 0 0 1 1 1 1 1 1 0 0 36940.0 31816.0 1 0.16547658389197983
1 0 1 1 1 0 1 1 1 0 1 1 0 1 0 1 1 1 1 0 1 0 0 0 1 1 1 1 1 1 1 1 1 1 0 1 1 0 0 0 0 1 1 1 1 1 1 1 1 1 0 1 0 1 0 0 0 0 1 0 1 0 1 1 0 0 0 1 0 1 0 0 1 1 1 1 1 1 1 1 1 1 0 0 0 1 0 0 1 0 0 0 1 1 1 1 0 1 1 0 37114.0 31699.0 1 0.14930850617400163
1 0 1 1 0 0 1 1 1 0 1 0 1 1 0 1 1 1 1 0 1 0 1 0 1 1 1 1 1 1 1 1 1 1 0 1 1 0 0 0 0 1 1 1 1 1 1 1 1 1 0 1 0 1 0 0 0 1 1 0 1 0 1 1 0 0 0 1 0 1 0 0 1 1 1 1 1 0 1 1 1 1 0 0 0 1 0 0 1 0 0 0 1 1 1 1 0 1 1 0 37167.0 31404.0 1 0.10043315078840287
1 0 1 1 0 0 1 1 1 0 1 0 1 1 0 1 1 1 1 0 1 0 0 0 1 1 1 1 1 1 1 1 1 1 0 1 1 0 0 0 0 1 1 1 1 1 1 1 1 1 0 1 0 1 0 0 0 1 1 0 1 0 1 1 0 0 0 1 0 1 0 0 1 1 1 1 1 1 1 1 1 1 0 0 0 1 0 0 1 0 0 0 1 1 1 1 0 1 1 0 37205.0 31360.0 1 0.11890598936203411
1 0 1 1 1 0 1 1 1 1 1 1 0 1 0 1 1 1 1 0 1 0 0 0 1 1 1 1 1 1 1 1 1 1 0 1 1 0 0 0 0 1 1 1 1 1 1 1 1 1 0 1 0 1 0 0 0 0 1 0 1 0 1 1 0 0 0 1 0 1 0 0 1 1 1 1 1 0 1 1 1 1 0 0 0 0 1 0 1 0 0 0 1 1 1 1 0 1 1 0 37307.0 31035.0 1 0.11375945509289587
1 0 1 1 1 0 1 1 1 1 1 1 0 1 0 1 1 1 1 0 1 0 0 0 1 1 1 1 1 1 1 1 1 1 0 1 1 0 0 0 0 1 1 1 1 1 1 1 1 1 0 1 0 1 0 0 0 1 1 0 1 0 1 1 0 0 0 1 0 1 0 0 1 1 1 1 1 0 1 1 1 1 0 0 0 1 0 0 1 0 0 0 1 1 1 1 0 1 1 0 37328.0 30996.0 1 0.11395157313861602
1 0 1 1 0 0 1 1 1 1 1 0 1 1 0 1 1 1 1 0 1 0 0 0 1 1 1 1 1 1 1 1 1 1 0 1 1 0 0 0 0 1 1 1 1 1 1 1 1 1 0 1 0 1 0 0 0 0 1 0 1 0 1 1 0 0 0 1 0 1 0 0 1 1 1 1 1 0 1 1 1 1 0 0 0 0 1 0 1 0 0 0 1 1 1 1 0 1 1 0 37367.0 30607.0 1 0.13780306129942285
1 0 1 1 1 0 1 1 1 0 1 1 0 1 0 1 1 1 1 1 1 0 0 0 1 1 1 1 1 1 1 1 1 1 0 1 1 0 0 0 0 1 1 0 1 1 1 1 1 1 0 1 0 1 0 0 0 0 1 0 1 0 1 1 0 0 0 1 0 1 0 0 1 1 1 1 1 0 1 1 1 1 0 0 0 1 0 0 1 0 0 0 1 1 1 1 0 1 1 0 37452.0 30530.0 1 0.09450109631867504
1 0 1 1 1 0 1 1 1 0 1 0 1 1 0 1 1 1 1 0 1 0 0 0 1 1 1 1 1 1 1 1 1 1 0 1 1 0 0 0 0 1 1 0 1 1 1 1 1 1 0 1 0 1 0 0 0 0 1 0 1 0 1 1 0 0 0 1 0 1 0 0 1 1 1 1 1 0 1 1 1 1 0 0 0 1 0 0 1 1 0 0 1 1 1 1 0 1 1 0 37667.0 30503.0 1 0.08162590879048054
1 0 1 1 1 0 1 1 1 1 1 0 1 1 0 1 1 1 1 0 1 0 0 0 1 1 1 1 1 1 1 1 1 1 0 1 1 0 0 0 0 1 1 0 1 1 1 1 1 1 0 1 0 1 0 0 0 0 1 0 1 0 1 1 0 0 0 1 0 1 0 0 1 1 1 1 1 0 1 1 1 1 0 0 0 1 0 0 1 0 0 0 1 1 1 1 0 1 1 0 37696.0 30425.0 1 0.13622218550341159
1 0 1 1 0 0 1 1 1 1 1 1 1 1 0 1 1 1 1 0 1 0 0 0 1 1 1 1 1 1 1 1 1 1 0 1 1 0 0 0 0 1 1 0 1 1 1 1 1 1 0 1 0 1 0 0 0 0 1 0 1 0 1 1 0 0 0 1 0 1 0 0 1 1 1 1 1 0 1 1 1 1 0 0 0 1 0 0 1 1 0 0 1 1 1 1 0 1 1 0 37872.0 30125.0 1 2000000000000000.0
1 0 1 1 1 0 1 1 1 0 1 1 0 1 0 1 1 1 0 1 0 0 1 0 1 1 0 1 1 1 1 1 1 1 0 1 1 0 0 0 0 1 1 1 1 1 1 1 1 1 1 1 0 1 0 0 0 0 1 0 1 0 1 1 0 1 0 1 0 1 0 0 1 1 1 1 1 1 1 1 1 0 0 1 0 0 0 0 0 0 0 0 0 1 1 1 1 1 0 0 33535.0 34223.0 2 2000000000000000.0
1 0 1 1 1 0 1 1 1 0 1 1 0 1 0 1 1 1 1 1 0 0 1 0 1 1 0 1 1 1 1 1 1 1 0 1 1 0 0 0 0 1 1 1 1 1 1 1 1 1 0 1 0 1 0 0 0 1 1 0 1 0 1 1 0 0 0 0 0 1 0 0 1 1 1 1 1 1 1 1 1 0 0 1 0 0 0 0 1 0 0 0 1 1 1 1 1 1 0 0 33744.0 34207.0 2 0.07368585274530083
1 0 0 1 1 0 1 1 1 1 1 1 0 1 0 1 1 1 0 1 0 0 1 0 1 1 0 1 1 1 1 1 1 1 0 1 1 0 0 0 0 1 1 1 1 1 1 1 1 1 1 1 0 1 0 0 0 0 1 0 1 0 1 1 0 0 0 0 0 1 0 0 1 1 1 1 1 1 1 1 1 0 0 1 0 0 1 0 0 0 0 0 1 1 1 1 1 1 0 0 33789.0 34165.0 2 0.03860779859005145
1 0 1 1 1 0 1 1 1 1 1 1 0 1 0 1 1 1 1 1 0 0 1 0 1 1 0 0 1 1 1 1 1 1 0 1 1 0 0 0 0 1 1 1 1 1 1 1 1 1 1 1 0 1 0 0 0 0 1 0 1 0 1 1 0 0 0 1 0 1 0 0 1 1 1 0 1 1 1 1 1 0 0 1 0 0 1 0 0 0 0 0 1 1 1 1 1 1 0 0 33823.0 34119.0 2 0.04156712852364927
1 0 1 1 1 0 1 1 1 0 1 1 0 1 0 1 1 1 1 1 0 0 1 0 1 1 0 1 1 1 1 1 1 1 0 1 1 0 0 0 0 1 1 1 1 1 1 1 0 1 0 1 0 1 0 0 1 0 1 0 1 0 1 1 0 0 0 1 0 1 0 0 1 1 1 1 1 1 1 1 1 0 0 1 0 0 1 0 0 0 0 0 1 1 1 1 1 1 0 0 33917.0 34116.0 2 0.1263785017112405
1 0 1 1 1 0 1 1 1 0 0 1 0 1 0 1 1 1 1 1 0 0 1 0 1 1 1 1 1 1 1 1 1 1 0 1 1 0 0 0 0 1 1 1 1 1 1 1 1 1 0 1 0 1 0 0 0 1 1 0 1 0 1 1 0 0 0 0 0 1 0 0 1 1 1 1 1 1 1 1 1 0 0 1 0 0 1 0 0 0 0 0 1 1 1 1 1 1 0 0 34199.0 33956.0 2 0.12692941486197618
1 0 1 1 1 0 1 1 1 0 1 1 0 1 0 1 1 1 1 1 0 0 1 0 1 1 0 1 1 1 1 1 1 1 0 1 1 0 0 0 0 1 1 1 1 1 1 1 1 1 0 1 0 1 0 0 0 1 1 0 1 0 1 1 0 1 0 1 0 1 0 0 1 0 1 1 1 1 1 1 1 0 0 1 0 0 1 0 0 0 0 0 1 1 1 1 1 1 0 0 34254.0 33909.0 2 0.1861306395467841
1 0 1 1 1 0 1 1 1 0 1 1 0 1 0 1 1 1 0 1 0 0 1 0 1 1 1 1 1 1 1 1 1 1 0 1 1 0 0 0 0 1 1 1 1 1 1 1 1 1 0 1 0 1 0 0 0 1 1 0 1 0 1 1 0 1 0 1 0 1 0 0 1 0 1 1 1 1 1 1 1 0 0 1 0 0 1 0 0 0 0 0 1 1 1 1 1 1 0 0 34873.0 33844.0 2 0.18768587224664857
1 0 1 1 1 0 1 1 1 0 1 1 0 1 0 1 1 1 1 1 0 0 1 0 1 1 0 1 1 1 1 1 1 1 0 1 1 1 0 0 0 1 1 1 1 1 1 1 1 1 0 1 0 1 0 0 0 1 1 0 1 0 1 1 0 0 0 0 0 1 0 0 1 1 1 1 1 1 1 1 1 1 0 0 0 1 0 0 1 0 0 0 1 1 1 1 1 1 0 0 34881.0 33740.0 2 0.10867127548582481
1 0 1 1 0 0 1 1 1 1 1 0 1 1 0 1 1 1 1 0 1 0 1 0 1 1 0 1 1 1 1 1 1 1 0 1 1 0 0 0 0 1 1 1 1 1 1 1 1 1 0 1 0 1 0 0 0 0 1 0 1 0 1 1 0 0 0 1 0 1 0 0 1 1 1 1 1 1 1 1 1 0 0 1 0 0 1 0 0 0 0 0 1 1 1 1 1 1 0 0 35173.0 33679.0 2 0.1379184258509869
1 0 1 1 1 0 1 1 1 0 1 1 0 1 0 1 1 1 0 1 1 0 0 0 1 1 1 1 1 1 0 1 1 1 0 1 1 0 0 0 0 1 1 1 1 1 1 1 1 1 0 1 0 1 0 0 0 0 1 0 1 0 1 1 0 0 0 1 0 1 0 0 1 1 1 1 1 1 1 1 1 0 0 1 0 0 1 0 0 0 0 0 1 1 1 1 1 1 0 0 35218.0 33484.0 2 0.07810290862642055
1 0 1 1 1 0 1 1 1 0 0 1 0 1 0 1 1 1 1 1 0 0 1 0 1 1 1 1 1 1 1 1 1 1 0 1 1 0 0 0 0 1 1 1 1 1 1 1 1 1 0 1 0 1 0 0 0 1 1 0 1 0 1 1 0 0 0 0 0 1 0 0 1 1 1 1 1 1 1 1 1 1 0 0 0 1 1 0 0 0 0 0 1 1 1 1 1 1 0 0 35315.0 33482.0 2 0.037145197304912475
1 0 1 1 1 0 1 1 1 0 0 1 0 1 0 1 1 1 1 1 0 0 1 0 1 1 1 1 1 1 1 1 1 1 0 1 1 0 0 0 0 1 1 1 1 1 1 1 1 1 0 1 0 1 0 0 0 1 1 0 1 0 1 1 0 0 0 0 0 1 0 0 1 1 1 1 1 1 1 1 1 1 0 0 0 1 0 0 1 0 0 0 1 1 1 1 1 1 0 0 35335.0 33443.0 2 0.03720370135631805
1 0 1 1 1 0 1 1 1 0 1 1 0 1 0 1 1 1 1 1 0 0 1 0 1 1 0 1 1 1 1 1 1 1 0 1 1 0 0 0 0 1 1 1 1 1 1 1 1 1 0 1 0 1 0 0 0 1 1 0 1 0 1 1 0 1 0 1 0 1 0 0 1 0 1 1 1 1 1 1 1 1 0 0 0 1 0 0 1 0 0 0 1 1 1 1 1 1 0 0 35390.0 33396.0 2 0.12601285138995577
1 0 1 1 0 0 1 1 1 0 1 0 1 1 0 1 1 1 1 1 0 0 1 0 1 1 1 1 1 1 1 1 1 1 0 1 1 0 0 0 0 1 1 1 1 1 1 1 1 1 0 1 0 0 0 0 0 0 1 0 1 0 1 1 0 0 0 0 0 1 1 0 1 1 1 1 1 1 1 1 1 1 0 0 0 1 0 0 1 0 0 0 1 1 1 1 1 1 0 0 35640.0 33206.0 2 0.15579628889300218
1 0 1 1 1 0 1 1 1 0 1 1 0 1 0 1 1 1 1 1 1 0 0 0 1 1 0 1 1 1 1 1 1 1 0 1 1 0 0 0 0 1 1 1 1 1 1 1 1 1 0 1 0 1 0 0 0 0 1 0 1 0 1 1 0 0 0 1 0 1 0 0 1 1 1 1 1 1 1 1 1 1 0 0 0 0 1 0 0 0 0 0 1 1 1 1 1 1 0 0 35738.0 33072.0 2 0.07365172538198095
1 0 1 1 0 0 1 1 1 1 1 0 1 1 0 1 1 1 1 0 1 0 1 0 1 1 0 1 1 1 1 1 1 1 0 1 1 0 0 0 0 1 1 1 1 1 1 1 1 1 0 1 0 1 0 0 0 0 1 0 1 0 1 1 0 0 0 1 0 1 0 0 1 1 1 1 1 1 1 1 1 1 0 0 0 0 1 0 0 0 0 0 1 1 1 1 1 1 0 0 35815.0 33064.0 2 0.11517497586707602
1 0 1 1 1 0 1 1 1 1 1 1 1 1 0 1 1 1 1 0 0 0 1 0 1 1 1 1 1 1 1 1 1 1 0 1 1 0 0 0 0 1 1 1 1 1 1 1 1 1 0 1 0 1 0 0 0 0 1 0 1 0 1 1 0 0 0 1 0 1 0 0 1 1 1 1 1 0 1 1 1 0 0 0 0 1 0 0 1 0 0 0 1 1 1 1 1 1 0 0 36130.0 32976.0 2 0.10727692892732564
1 0 1 1 1 0 1 1 1 0 1 1 0 1 0 1 1 1 0 1 0 0 1 0 1 1 1 1 1 1 1 1 1 1 0 1 1 0 0 0 0 1 1 1 1 1 1 1 1 1 0 1 0 1 0 0 0 1 1 0 1 0 1 1 0 0 0 1 0 1 0 0 1 1 1 1 1 0 1 1 1 1 0 0 0 1 0 0 1 0 0 0 1 1 1 1 1 1 0 0 36173.0 32967.0 2 0.0708776582778341
1 0 1 1 1 0 1 1 1 1 1 1 0 1 0 1 1 1 1 0 1 0 1 0 1 1 0 1 1 1 1 1 1 1 0 1 1 0 0 0 0 1 1 0 1 1 1 1 1 1 0 1 0 1 0 0 0 0 1 0 1 0 1 1 0 0 0 1 0 1 0 0 1 1 1 1 1 1 1 1 1 1 0 0 0 1 1 0 0 0 0 0 1 1 1 1 1 1 0 0 36192.0 32726.0 2 0.07352009126631849
1 0 1 1 1 0 1 1 1 0 1 1 0 1 0 1 0 1 1 1 0 0 1 0 1 1 0 1 1 1 1 1 1 1 0 1 1 0 0 0 0 1 1 1 1 1 1 1 1 1 0 1 0 1 0 0 0 1 1 1 1 0 1 1 0 0 0 0 0 1 0 0 1 1 1 1 1 1 1 1 1 1 0 0 0 1 0 0 1 0 0 0 1 1 1 1 0 1 1 0 36247.0 32718.0 2 0.032328363739188175
1 0 1 1 1 0 1 1 1 0 1 1 0 1 0 1 1 1 1 1 0 0 1 0 1 1 1 1 1 1 1 1 1 1 0 1 1 0 0 0 0 1 1 1 1 1 1 1 1 1 0 1 0 1 0 0 0 1 1 0 1 0 1 1 0 0 0 1 0 1 0 0 1 1 1 1 1 0 1 1 1 1 0 0 0 1 0 0 1 0 0 0 1 1 0 1 1 1 0 0 36271.0 32666.0 2 0.07643066782374497
1 0 1 1 1 0 1 1 1 0 1 1 0 1 0 1 1 1 1 0 1 0 0 0 1 1 1 1 1 1 1 1 1 1 0 1 1 0 0 0 0 1 1 1 1 1 1 1 1 1 0 1 0 1 0 0 0 0 1 0 1 0 1 1 0 0 0 1 0 1 0 0 1 1 1 1 1 1 1 1 1 1 0 0 0 1 1 0 0 0 0 0 1 1 1 1 1 1 0 0 36474.0 32619.0 2 0.07255964975574385
1 0 1 1 1 0 1 1 1 0 1 1 0 1 0 1 1 1 1 0 1 0 0 0 1 1 1 1 1 1 1 1 1 1 0 1 1 0 0 0 0 1 1 1 1 1 1 1 1 1 0 1 0 1 0 0 0 0 1 0 1 0 1 1 0 0 0 1 0 1 0 0 1 1 1 1 1 1 1 1 1 1 0 0 0 1 0 0 1 0 0 0 1 1 1 1 1 1 0 0 36494.0 32580.0 2 0.04520413038602819
1 0 1 1 0 0 1 1 1 1 1 0 1 1 0 1 1 1 1 0 1 0 0 0 1 1 1 1 1 1 1 1 1 1 0 1 1 0 0 0 0 1 1 1 1 1 1 1 1 1 0 1 0 1 0 1 0 0 1 0 1 0 1 1 0 0 0 0 0 1 0 0 1 1 1 1 1 1 1 1 1 1 0 0 0 1 0 0 1 0 0 0 1 1 1 1 1 1 0 0 36498.0 32443.0 2 0.09679495305049651
1 0 1 1 0 0 1 1 1 0 1 0 1 1 0 1 1 1 1 0 1 0 0 0 1 1 1 1 1 1 1 1 1 1 0 1 1 0 0 0 0 1 1 1 1 1 1 1 1 1 0 1 0 1 0 0 0 0 1 0 1 0 1 1 0 0 0 1 0 1 0 0 1 1 1 1 1 1 1 1 1 1 0 0 0 1 1 0 0 0 0 0 1 1 1 1 1 1 0 0 36534.0 32191.0 2 0.16308979396822848
1 0 1 1 1 0 1 1 1 0 1 1 0 1 0 1 1 1 0 1 0 0 1 0 1 1 1 1 1 1 1 1 1 1 0 1 1 0 0 0 0 1 1 1 1 1 1 1 1 1 0 1 0 1 0 0 0 0 1 0 1 0 1 1 0 0 0 1 0 1 0 0 1 1 1 1 1 0 1 1 1 1 0 0 0 1 0 0 1 0 0 0 1 1 1 1 0 1 1 0 36762.0 31997.0 2 0.1573125188919296
1 0 1 1 0 0 1 1 1 0 1 0 1 1 0 1 1 1 1 0 1 0 0 0 1 1 1 1 1 1 1 1 1 1 0 1 1 0 0 0 0 1 1 1 1 1 1 1 1 1 1 1 0 1 0 0 0 0 1 0 1 0 1 1 0 1 0 1 0 1 0 0 1 1 1 1 1 0 1 1 1 1 0 0 0 1 0 0 1 0 0 0 1 1 1 1 1 1 0 0 36771.0 31742.0 2 0.14783486256422906
1 0 1 1 0 0 1 1 1 0 1 0 1 1 0 1 1 1 1 1 0 0 1 0 1 1 1 1 1 1 1 1 1 1 0 1 1 0 0 0 0 1 1 1 1 1 1 1 1 1 0 1 0 1 0 0 0 0 1 0 1 0 1 1 0 0 0 1 0 1 0 0 1 1 1 1 1 0 1 1 1 1 0 0 0 1 0 0 1 0 0 0 1 1 1 1 0 1 1 0 37087.0 31684.0 2 0.21947307351033546
1 0 1 1 1 0 1 1 1 0 1 1 0 1 0 1 1 1 0 1 0 0 0 0 1 1 1 1 1 1 1 1 1 1 0 1 1 0 0 0 0 1 1 1 1 1 1 1 1 1 0 1 0 1 0 0 0 0 1 0 1 1 1 1 0 0 0 1 0 1 0 0 1 1 1 1 1 0 1 1 1 1 0 0 0 1 0 0 1 0 1 0 1 1 1 1 0 1 1 0 37118.0 31133.0 2 0.2000009750675188
1 0 1 1 1 0 1 1 1 0 1 1 0 1 0 1 1 1 1 0 1 0 0 0 1 1 1 1 1 1 1 1 1 1 0 1 1 0 0 0 0 1 1 1 1 1 1 1 1 1 0 1 0 1 0 0 0 0 1 0 1 0 1 1 0 0 0 1 0 1 0 0 1 1 1 1 1 0 1 1 1 1 0 0 0 1 0 0 1 1 0 0 1 1 1 1 0 1 1 0 37268.0 30985.0 2 0.09344559610752826
1 0 1 1 1 0 1 1 1 1 1 1 0 1 0 1 1 1 1 0 1 0 0 0 1 1 1 1 1 1 1 1 1 1 0 1 1 0 0 0 0 1 1 1 1 1 1 1 1 1 0 1 0 1 0 0 0 0 1 0 1 0 1 1 0 0 0 1 0 1 0 0 1 1 1 1 1 0 1 1 1 1 0 0 0 1 0 0 1 0 0 0 1 1 1 1 0 1 1 0 37297.0 30907.0 2 0.11031913960041478
1 0 1 1 0 0 1 1 1 0 1 0 1 1 0 1 1 1 1 0 1 0 0 0 1 1 1 1 1 1 1 1 1 1 0 1 1 0 0 0 0 1 1 1 1 1 1 1 1 1 0 1 0 1 0 0 0 0 1 0 1 0 1 1 0 0 0 1 0 1 0 0 1 1 1 1 1 0 1 1 1 1 0 0 0 1 0 0 1 1 0 0 1 1 1 1 0 1 1 0 37328.0 30557.0 2 0.11836832200629621
1 0 1 1 0 0 1 1 1 0 1 0 1 1 0 1 1 1 1 0 1 0 0 0 1 1 1 1 1 1 1 1 1 1 0 1 1 0 0 0 0 1 1 1 1 1 1 1 1 1 0 1 0 1 0 0 0 0 1 0 1 1 1 1 0 0 0 1 0 1 0 0 1 1 1 1 1 0 1 1 1 1 0 0 0 1 0 0 1 0 0 0 1 1 1 1 0 1 1 0 37340.0 30425.0 2 0.16140780249031866
1 0 1 1 1 0 1 1 1 1 1 1 0 1 0 1 1 1 1 0 1 0 0 0 1 1 1 1 1 1 1 1 1 1 0 1 1 0 0 0 0 1 1 0 1 1 1 1 1 1 0 1 0 1 0 0 0 0 1 0 1 0 1 1 0 0 0 1 0 1 0 0 1 1 1 1 1 0 1 1 1 1 0 0 0 1 0 0 1 1 0 0 1 1 1 1 0 1 1 0 37661.0 30192.0 2 0.23925719356064848
1 0 1 1 0 0 1 1 1 1 1 0 1 1 0 1 1 1 1 0 1 0 0 0 1 1 1 1 1 1 1 1 1 1 0 1 1 0 0 0 0 1 1 0 1 1 1 1 1 1 0 1 0 1 0 0 0 0 1 0 1 0 1 1 0 0 0 1 0 1 0 0 1 1 1 1 1 0 1 1 1 1 0 0 0 1 0 0 1 1 0 0 1 1 1 1 0 1 1 0 37721.0 29764.0 2 2000000000000000.0
1 0 1 1 1 0 1 1 1 0 1 1 0 1 0 1 1 1 1 1 0 0 1 0 1 1 0 1 1 1 1 1 1 1 0 1 1 0 0 0 0 1 1 1 1 1 1 1 1 1 0 1 0 1 0 0 0 1 1 0 1 0 1 1 0 0 0 0 0 1 0 0 1 1 1 0 1 1 1 0 1 0 0 1 0 0 0 0 1 0 0 1 1 1 1 1 1 1 0 0 32385.0 34146.0 3 2000000000000000.0
1 0 1 1 0 0 1 1 1 1 1 1 1 1 0 1 1 1 1 0 1 0 0 0 1 1 1 1 1 1 1 1 1 1 0 1 1 0 0 0 0 1 1 0 1 1 1 1 1 1 0 1 0 1 0 0 0 0 1 0 1 0 1 1 0 0 0 1 0 1 0 0 1 1 1 1 1 0 1 1 1 1 0 0 0 1 0 0 1 0 1 0 1 1 1 1 0 1 1 0 37623.0 29959.0 3 2000000000000000.0
1 0 1 1 0 0 1 1 1 1 1 0 1 1 0 1 1 1 1 0 0 0 1 0 1 1 0 1 1 1 1 1 1 1 0 1 1 0 0 0 0 1 1 1 1 1 1 1 1 1 1 1 0 1 0 0 0 0 1 0 1 0 1 1 0 0 0 0 0 1 0 0 1 1 1 1 1 1 1 1 1 0 0 1 0 0 1 0 1 0 0 0 1 1 1 1 1 1 0 0 34237.0 33796.0 3 0.30610259961171205
1 0 1 1 1 0 1 1 1 0 1 1 0 1 0 1 1 1 0 1 0 0 1 0 1 1 1 1 1 1 1 1 1 1 0 1 1 0 0 0 0 1 1 1 1 1 1 1 1 0 0 1 0 1 0 0 0 1 1 0 1 0 1 1 0 0 0 1 0 1 0 0 1 1 1 1 1 1 1 1 1 1 0 0 0 1 0 0 1 0 0 0 1 1 1 1 1 1 0 0 35707.0 33014.0 3 0.26388625569077995
1 0 1 1 1 0 1 1 1 0 1 1 0 1 0 1 1 1 1 1 0 0 1 0 1 1 0 0 1 1 1 1 1 1 0 1 1 0 0 0 0 1 1 1 1 1 1 1 1 1 1 1 0 1 0 0 0 0 1 0 1 0 1 1 0 1 0 1 0 1 0 0 1 1 1 0 1 1 1 1 1 0 0 1 0 0 1 0 0 0 0 0 1 1 1 1 1 1 0 0 33685.0 34134.0 3 0.25191183861244604
1 0 1 1 1 0 1 1 1 0 1 1 0 1 0 1 1 1 1 0 1 0 0 0 1 1 1 1 1 1 1 1 1 1 0 1 1 0 0 0 0 1 1 1 1 1 1 1 1 1 0 1 0 1 0 0 0 0 1 0 1 0 1 1 0 1 0 1 0 1 0 0 1 1 1 1 1 0 1 1 1 1 0 0 0 1 0 0 1 0 0 0 1 1 1 1 0 1 1 0 37159.0 30922.0 3 0.24960128137118676
1 0 1 1 1 0 1 1 1 0 1 1 0 1 0 1 1 1 1 1 0 0 1 0 1 1 0 1 1 1 1 1 1 1 0 1 1 0 0 0 0 1 1 1 1 1 1 1 1 1 0 1 0 1 0 0 0 1 1 0 1 0 1 1 0 0 0 0 0 1 0 0 1 1 1 1 1 1 1 1 1 1 0 0 0 1 1 0 0 0 0 0 1 1 1 1 1 1 0 0 34840.0 33772.0 3 0.2376986787865772
1 0 1 1 0 0 1 1 1 1 1 1 0 1 0 1 1 1 1 0 1 0 0 0 1 1 1 1 1 1 1 1 1 1 0 1 1 0 0 0 0 1 1 1 1 1 1 1 1 1 0 1 0 1 0 0 0 0 1 0 1 0 1 1 0 0 0 1 0 1 0 0 1 1 1 1 1 0 1 1 1 1 0 0 0 1 0 0 1 1 0 0 1 1 1 1 0 1 1 0 37322.0 30246.0 3 0.20620134340067195
1 0 1 1 1 0 1 1 1 1 1 1 0 1 0 1 1 1 1 0 1 0 1 0 1 1 1 1 1 1 1 1 1 1 0 1 1 0 0 0 0 1 1 1 1 1 1 1 1 1 0 1 0 1 0 0 0 1 1 0 1 0 1 1 0 0 0 1 0 1 0 0 1 1 1 1 1 0 1 1 1 1 0 0 0 1 0 0 1 0 0 0 1 1 1 1 0 0 1 0 37077.0 31431.0 3 0.19825729249965313
1 0 1 1 1 0 1 1 1 0 1 1 0 1 0 1 1 1 1 1 0 0 1 0 1 1 0 0 1 1 1 1 1 1 0 1 1 0 0 0 0 1 1 1 1 1 1 1 1 1 0 1 0 1 0 0 0 1 1 0 1 0 1 1 0 0 0 1 0 1 0 0 1 1 1 1 1 1 1 1 1 1 0 0 0 1 0 0 1 0 0 0 1 1 1 1 1 1 0 0 35339.0 33396.0 3 0.1980190963630087
1 0 1 1 0 0 1 1 1 1 1 0 1 1 0 1 1 1 1 0 1 0 0 0 1 1 1 1 1 1 0 1 1 1 0 1 1 0 0 0 0 1 1 1 1 1 1 1 1 1 0 1 0 1 0 0 0 0 1 0 1 0 1 1 0 0 0 1 0 1 0 0 1 1 1 1 1 0 1 1 1 1 0 0 0 1 0 0 1 1 0 0 1 1 1 1 0 1 1 0 37261.0 30533.0 3 0.1925708612988046
1 0 1 1 0 0 1 1 1 1 1 0 1 1 0 1 1 1 1 0 1 0 0 0 1 1 1 1 1 1 1 1 1 1 0 1 1 0 0 0 0 1 1 1 1 1 1 1 1 1 0 1 0 1 0 0 0 0 1 0 1 0 1 1 0 0 0 1 0 1 0 0 1 1 1 1 1 1 1 1 1 1 0 0 0 0 1 0 0 0 0 0 1 1 1 1 1 1 0 0 36490.0 32164.0 3 0.1894574864124654
1 0 1 0 1 0 1 1 1 0 1 1 0 1 0 1 1 1 1 1 0 0 1 0 1 1 0 1 1 1 1 1 1 1 0 1 1 0 0 0 0 1 1 1 1 1 1 1 1 1 1 1 0 1 0 0 0 0 1 0 1 0 1 1 0 0 0 0 0 1 0 0 1 1 1 1 1 1 1 1 1 0 0 1 0 0 1 0 0 0 0 1 1 1 1 1 1 1 0 0 33687.0 34132.0 3 0.18610979109231768
1 0 1 1 0 0 1 1 1 0 1 0 1 1 0 1 1 1 1 1 0 0 1 0 1 1 1 1 1 1 1 1 1 1 0 1 1 0 0 0 0 1 1 1 1 1 1 1 1 1 0 1 0 1 0 0 0 0 1 0 1 0 1 1 0 0 0 1 0 1 0 0 1 1 1 1 1 0 1 1 1 1 0 0 0 1 0 0 1 0 0 0 1 1 1 1 1 1 0 0 36467.0 32565.0 3 0.1779841293160584
1 0 1 1 1 0 1 1 1 0 1 1 0 1 0 1 1 1 0 1 0 0 1 0 1 1 1 1 1 1 1 1 1 1 0 1 1 0 0 0 0 1 1 1 1 1 1 1 1 1 0 1 0 1 0 0 0 0 1 0 1 0 1 1 0 0 0 1 0 1 0 0 1 1 1 1 1 0 1 1 1 1 0 0 0 1 1 0 0 0 0 0 1 1 1 1 1 1 0 0 36122.0 32917.0 3 0.17450972131142828
1 0 1 1 1 0 1 1 1 1 1 1 0 1 0 1 1 1 1 0 1 0 1 0 1 1 0 1 1 1 1 1 1 1 0 1 1 0 0 0 0 1 1 0 1 1 1 1 1 1 0 1 0 1 0 0 0 0 1 0 1 0 1 1 0 0 0 1 0 1 0 0 1 1 1 1 1 1 1 1 1 1 0 0 0 1 0 0 1 0 0 0 1 1 1 1 1 1 0 0 36212.0 32687.0 3 0.1499345735764761
1 0 1 1 1 0 1 1 1 0 1 1 0 1 0 1 1 1 1 0 1 0 0 0 1 1 1 1 1 1 1 1 1 1 0 1 1 0 0 0 0 1 1 1 1 1 1 1 1 1 1 1 0 1 0 0 0 0 1 0 1 0 1 1 0 0 0 0 0 1 0 0 1 1 1 1 1 1 1 1 1 0 0 1 0 0 1 0 1 0 0 0 1 1 1 1 1 1 0 0 35093.0 33485.0 3 0.14853863660798894
1 0 1 1 1 0 1 1 1 0 1 1 0 1 0 1 1 1 1 1 0 0 0 0 1 1 1 1 1 1 1 1 1 1 0 1 1 0 0 0 0 1 1 1 1 1 1 1 1 1 0 1 0 0 0 0 0 1 1 0 1 0 1 1 0 0 0 1 0 1 0 0 1 1 1 1 1 1 1 1 1 1 0 0 0 1 0 0 1 0 0 0 1 1 1 1 0 1 1 0 36716.0 31840.0 3 0.13250430681777786
