0 0 1 1 1 0 1 0 1 0 1 1 1 1 0 1 0 1 1 1 0 1 0 1 1 1 0 1 0 1 1 1 1 1 0 1 0 1 0 1 0 1 1 0 1 1 1 1 0 1 0 0 0 1 0 0 0 1 1 0 1 0 1 1 1 0 1 1 0 1 0 0 1 0 1 1 1 1 1 1 1 0 1 0 0 0 1 1 0 0 1 0 1 1 1 1 0 1 0 1 32615.0 28397.0 34710.0 0 1000000000000000.1
1 0 1 1 1 0 1 1 1 1 1 1 1 1 0 1 0 1 1 1 0 1 0 1 1 1 0 1 0 1 1 1 1 1 0 1 0 1 1 0 0 1 1 0 0 1 1 1 0 1 0 0 0 0 0 0 0 1 1 0 0 1 1 1 1 0 1 0 0 1 1 0 0 0 1 1 1 1 1 1 1 0 1 0 0 0 1 0 1 0 1 0 1 1 1 1 0 1 0 1 32241.0 28600.0 34469.0 0 0.2607383441456288
0 0 1 1 1 1 1 1 1 0 1 1 1 1 0 0 1 1 1 0 1 1 0 0 0 1 1 1 0 1 1 1 0 1 0 1 0 1 0 1 0 1 1 0 1 1 1 1 0 1 0 0 0 1 0 0 0 1 1 1 1 1 1 1 0 0 1 0 0 1 1 0 0 0 1 1 1 1 1 1 1 0 1 0 0 0 1 0 1 0 1 0 1 1 1 1 0 1 0 1 33454.0 26888.0 34012.0 0 0.551329614526862
0 0 1 1 1 0 1 1 1 0 1 1 1 1 0 1 0 1 1 1 0 1 0 1 1 1 0 0 0 1 1 1 0 1 0 1 0 1 1 0 0 1 1 0 0 1 1 1 0 1 0 0 0 1 0 0 0 1 1 0 1 1 1 1 1 0 1 1 0 1 1 0 0 0 1 1 1 1 1 1 1 0 1 0 0 0 1 0 1 0 1 0 1 1 1 1 0 1 0 1 33099.0 28249.0 33657.0 0 0.30222846008577975
1 0 1 1 1 0 1 1 1 0 1 1 0 1 0 1 0 1 1 1 0 1 0 0 1 1 0 1 1 1 0 1 0 1 0 1 0 1 0 0 0 1 1 0 1 1 1 1 0 1 0 0 0 1 0 0 0 1 1 0 1 1 1 1 1 0 1 1 0 1 1 0 0 0 1 1 1 1 1 1 1 0 1 1 0 0 1 1 0 0 1 0 1 1 0 1 0 1 0 1 32584.0 28777.0 33638.0 0 0.09631657394596002
0 0 1 1 1 0 1 1 1 0 1 1 1 1 0 1 0 1 1 1 0 1 0 1 1 1 0 1 0 1 1 1 0 1 0 1 0 0 1 0 0 1 1 0 0 1 1 1 0 1 0 0 0 1 0 0 0 1 1 0 1 1 1 1 1 0 1 1 0 1 1 0 0 0 1 1 1 1 1 1 1 0 1 0 0 0 1 0 1 0 0 0 1 1 1 1 0 1 0 1 33388.0 28758.0 33492.0 0 0.13215156028666775
0 0 1 1 1 0 1 1 1 0 1 1 1 1 0 0 1 1 1 0 1 1 0 0 1 1 1 1 0 1 1 1 0 1 0 1 1 1 1 0 0 1 1 0 0 0 1 1 0 1 0 0 0 1 0 0 0 1 1 0 1 0 1 1 1 0 1 1 0 1 0 0 1 0 1 1 1 1 1 1 1 0 1 0 0 0 1 1 0 0 1 0 1 1 1 1 0 1 0 1 33996.0 27603.0 33404.0 0 0.47074461891285907
0 0 1 1 1 0 1 1 1 0 1 1 1 1 0 1 0 1 1 1 0 1 0 1 1 1 0 1 0 1 1 1 0 1 0 1 0 0 1 0 0 1 1 0 0 1 1 1 0 1 0 1 0 1 0 0 0 1 1 0 0 1 1 1 1 1 0 0 0 1 1 0 0 0 1 1 1 1 1 1 1 0 1 0 0 0 1 1 0 0 1 0 1 1 1 1 0 1 0 1 32180.0 29309.0 33031.0 0 0.2005424265864154
1 0 1 1 1 0 1 1 1 0 1 1 1 1 0 1 0 1 1 0 1 1 0 0 1 1 1 0 1 1 1 1 1 1 0 1 1 1 1 0 0 1 1 0 0 1 1 1 0 1 0 0 0 1 0 0 0 1 1 0 1 0 1 1 0 0 0 0 0 1 1 0 1 0 1 1 1 1 1 1 1 0 1 0 0 0 1 1 0 0 1 0 1 1 1 1 0 1 0 1 33796.0 28795.0 32994.0 0 0.08351702752417103
0 0 1 1 0 0 1 1 1 0 1 1 1 1 0 0 1 1 1 0 1 1 0 0 1 1 1 1 0 1 1 1 0 1 0 1 1 1 1 0 0 1 1 0 0 0 1 1 1 1 0 0 0 1 0 0 0 1 1 0 1 1 1 1 1 0 1 1 0 1 0 0 0 0 1 1 1 1 1 1 1 0 1 0 0 1 0 0 1 0 0 0 1 1 1 1 1 1 0 1 34816.0 27838.0 32890.0 0 0.18670230125115425
0 0 1 1 1 1 1 1 1 0 1 1 0 1 0 1 0 1 1 1 0 1 0 1 1 1 0 1 0 1 1 1 1 1 0 1 0 1 0 1 0 1 1 0 1 1 1 1 0 1 1 0 0 1 0 0 0 1 1 0 0 1 1 1 1 1 0 0 0 1 1 1 1 0 1 0 1 1 1 1 1 1 0 0 0 1 0 0 1 0 0 0 1 1 1 1 0 1 0 1 32360.0 29159.0 32797.0 0 0.1483531843151338
0 0 0 1 1 0 1 1 1 0 1 1 1 1 0 1 1 1 1 0 1 1 0 0 0 1 1 1 0 1 1 1 1 1 0 1 0 1 0 1 0 1 1 0 1 1 1 1 0 1 1 0 0 1 0 0 0 1 1 0 0 1 1 1 1 1 0 0 0 1 1 1 1 0 1 0 1 1 1 1 1 1 0 0 0 1 0 0 1 0 0 0 1 1 1 1 0 1 0 1 32773.0 28906.0 32713.0 0 0.1835831334339837
0 0 1 1 1 0 1 1 1 0 1 1 1 1 0 1 0 1 1 1 0 1 0 0 1 1 0 1 1 1 1 1 0 1 0 1 0 0 1 0 0 1 1 0 0 1 1 1 0 1 0 1 0 1 0 0 0 1 1 0 0 1 1 1 1 1 0 0 0 1 1 0 0 0 1 1 1 1 1 1 1 0 1 0 0 0 1 1 0 0 1 0 1 1 1 1 0 1 0 1 32296.0 29796.0 32554.0 0 0.1566690081631823
1 0 1 1 0 0 1 1 1 0 1 1 1 1 0 0 1 1 1 0 1 1 0 0 1 1 1 1 0 1 1 1 0 1 0 1 1 1 1 0 0 1 1 0 0 0 1 1 1 1 0 0 0 1 0 0 0 1 1 0 1 0 1 1 1 0 1 1 0 1 0 0 0 0 1 1 1 1 1 1 1 0 1 0 0 1 0 0 1 0 0 0 1 1 1 1 1 1 0 1 34719.0 27934.0 32167.0 0 0.3485586109363856
0 0 1 1 1 0 1 1 1 0 1 1 1 1 0 0 1 1 1 0 1 1 0 0 1 1 1 1 0 1 1 1 0 1 0 1 1 1 1 0 0 1 1 0 0 0 1 1 0 1 0 0 0 1 0 0 0 1 1 0 1 0 1 1 1 0 1 1 0 1 0 0 0 0 1 1 1 1 1 1 1 0 1 0 0 1 0 0 1 0 0 0 1 1 1 1 1 1 0 1 33837.0 27953.0 31991.0 0 0.23745436216047325
0 0 1 1 1 0 1 1 1 0 1 1 1 1 0 1 0 1 1 1 0 1 0 0 1 1 0 1 1 1 1 1 0 1 0 1 0 0 1 0 0 1 1 0 0 1 1 1 0 1 0 1 0 1 0 0 0 1 1 0 0 1 1 1 1 1 0 0 0 1 1 0 0 0 1 1 1 1 1 1 1 0 1 0 0 0 1 0 0 0 1 0 1 1 1 1 0 1 1 0 32327.0 29759.0 31485.0 0 0.15092651321807732
0 0 1 1 1 1 1 1 1 0 1 1 1 1 0 1 0 1 1 1 0 1 0 1 1 1 0 1 0 1 1 1 1 1 0 1 0 1 0 1 0 1 1 0 1 1 1 1 0 1 0 1 1 1 0 0 0 1 1 0 1 0 1 0 0 0 0 0 0 1 0 1 1 0 1 1 1 1 1 0 1 1 0 0 0 1 0 0 1 0 1 0 1 1 1 1 0 1 0 1 32688.0 29607.0 31431.0 0 0.16968364001841663
0 0 1 1 1 0 1 1 1 0 1 1 1 1 0 1 0 1 1 1 0 1 0 1 1 1 0 1 1 1 1 1 0 1 0 1 0 0 1 0 0 1 1 0 0 1 1 1 0 1 0 0 0 1 0 0 0 1 1 0 1 1 1 0 0 0 0 0 0 1 1 1 1 0 1 1 1 1 1 1 1 1 0 0 0 0 1 1 0 0 1 0 1 1 1 1 0 1 0 1 33334.0 29168.0 31421.0 0 0.1591885812173287
0 0 1 1 1 0 1 0 1 0 1 1 1 1 0 1 0 1 0 1 0 1 1 1 1 1 0 1 1 1 1 1 0 1 0 1 1 1 1 0 0 1 1 0 0 1 1 1 0 1 0 0 0 1 0 0 0 1 1 0 1 0 1 1 0 0 0 0 0 1 1 0 1 0 1 1 1 1 1 1 1 0 1 0 0 0 1 1 0 0 1 0 1 1 1 1 0 1 0 1 32459.0 29695.0 31349.0 0 0.1353065440961867
0 0 1 1 1 0 1 1 1 0 1 1 1 1 0 1 0 1 1 0 1 1 0 0 1 1 1 0 1 1 1 1 1 1 0 1 1 1 1 0 0 1 1 0 0 1 1 1 0 1 0 0 0 1 0 0 0 1 1 0 1 0 1 1 0 0 0 0 0 1 1 0 1 0 1 1 1 1 1 0 1 1 0 0 0 1 0 0 1 0 0 1 1 1 1 1 1 1 0 1 33766.0 29877.0 31343.0 0 0.1543799687746075
0 0 1 0 1 0 1 1 1 0 1 1 1 1 0 1 0 1 1 0 1 1 0 0 1 1 1 0 1 1 1 1 1 1 0 1 1 1 0 0 0 1 1 0 0 1 1 1 0 1 0 0 0 1 0 0 0 1 1 0 1 0 1 1 0 0 1 1 1 0 0 1 1 0 1 1 1 1 1 0 1 1 0 1 0 1 0 0 1 0 1 0 1 1 1 1 0 1 0 1 33833.0 28144.0 31252.0 0 0.1759759842379669
0 0 1 1 1 0 1 1 1 0 1 1 1 1 0 1 0 1 1 0 1 1 0 0 1 1 1 0 1 1 1 1 1 1 0 1 1 1 1 0 0 1 1 0 0 1 1 1 0 1 0 0 0 1 0 0 0 1 1 0 1 0 1 1 0 0 0 0 0 1 1 1 1 0 1 1 1 1 1 0 1 1 0 0 0 1 0 0 1 0 0 0 1 1 1 1 1 1 0 1 34221.0 29861.0 30879.0 0 0.4122006814924373
0 0 1 1 1 0 1 0 1 0 1 1 1 1 0 1 0 1 0 1 0 1 1 1 1 1 0 1 1 1 1 1 0 1 0 1 0 1 0 0 0 1 1 0 1 1 1 1 0 1 1 0 0 1 0 0 0 1 1 0 0 1 1 1 1 1 0 0 0 1 1 1 1 0 1 0 1 1 1 1 1 1 0 0 0 1 0 0 1 0 0 0 1 1 1 1 0 1 0 1 32152.0 30418.0 30546.0 0 2000000000000000.0
1 0 1 1 1 0 1 1 1 0 1 1 1 1 0 1 0 1 1 1 0 1 0 1 1 1 0 1 1 1 1 1 0 1 0 1 0 0 1 0 0 1 1 0 0 1 1 1 0 1 0 0 0 0 0 0 0 1 1 1 1 0 1 1 0 0 1 1 1 0 0 1 0 0 1 1 1 0 1 1 1 0 1 0 0 1 0 0 1 0 0 0 1 1 0 1 0 1 1 1 34897.0 26579.0 30465.0 0 2000000000000000.0
0 0 1 1 1 0 1 1 1 0 1 1 1 1 0 1 0 1 1 1 0 1 0 1 1 1 0 1 1 1 1 1 0 1 0 1 0 0 1 0 0 1 1 0 0 1 1 1 0 1 0 0 0 0 0 0 0 1 1 0 1 1 1 0 0 0 0 0 0 1 1 1 1 0 0 1 1 1 1 1 1 1 0 0 0 1 0 0 1 0 0 1 1 1 1 1 1 1 0 1 32811.0 29908.0 30253.0 0 0.20020702447568306
0 0 1 1 1 0 1 1 1 0 1 1 1 1 0 1 0 1 1 1 0 1 0 1 1 1 0 1 1 1 1 1 0 1 0 1 0 0 1 0 0 1 1 0 0 1 1 1 0 1 0 0 0 1 0 0 0 1 1 0 1 0 1 0 0 0 0 0 0 1 1 1 1 0 1 1 1 1 1 0 1 1 0 0 0 1 0 0 1 0 0 1 1 1 1 1 1 1 0 1 32862.0 30176.0 29801.0 0 0.2245697612926969
1 0 1 1 1 0 1 0 1 0 1 1 1 1 0 1 0 1 0 1 0 1 1 1 1 1 0 1 1 1 1 1 0 1 0 1 0 1 0 0 0 1 1 0 0 1 1 1 0 1 1 1 1 1 0 0 0 1 1 0 1 0 1 0 0 0 0 0 0 1 1 1 1 0 1 1 1 1 1 0 1 1 0 0 0 1 0 0 1 0 1 0 1 1 1 1 0 1 0 1 32185.0 30275.0 29442.0 0 0.19723486947983615
1 0 1 1 1 0 1 1 1 0 1 1 1 1 0 1 0 1 1 1 0 1 0 1 1 1 0 1 1 1 1 1 0 1 0 1 0 0 1 0 0 1 1 0 0 1 1 1 0 1 0 0 0 1 0 0 0 1 1 0 1 0 1 0 0 0 0 0 0 1 1 1 1 0 1 1 1 1 1 0 1 1 0 0 0 1 0 0 1 0 0 0 1 1 1 1 1 1 0 1 32871.0 30060.0 29182.0 0 1000000000000000.1
1 0 1 1 1 0 1 1 1 1 1 1 1 1 0 1 0 1 1 1 0 1 0 1 1 1 0 1 0 1 1 1 1 1 0 1 0 1 1 0 0 1 1 0 0 1 1 1 0 1 0 0 0 0 0 0 0 1 1 0 0 1 1 1 1 0 1 0 0 1 1 0 0 0 1 1 1 0 1 1 1 0 1 0 0 0 1 1 0 0 1 0 1 1 1 1 0 1 0 1 31767.0 27484.0 34247.0 1 1000000000000000.1
0 0 1 1 1 0 1 1 1 0 1 1 1 1 0 1 1 1 1 1 0 1 0 1 1 1 0 1 0 1 1 1 1 1 0 1 0 1 1 0 0 1 1 0 0 1 1 1 0 1 0 0 0 0 0 0 0 1 1 0 0 1 1 1 1 0 1 0 0 1 1 0 0 0 1 1 1 1 1 1 1 0 1 0 0 0 1 0 1 0 1 0 1 1 1 1 0 1 0 1 31603.0 28470.0 34205.0 1 0.14853618168809085
1 0 1 1 1 0 1 1 1 1 1 1 1 1 0 1 0 1 1 1 0 1 0 1 1 1 0 1 0 1 1 1 1 1 0 1 0 1 1 0 0 1 0 0 0 1 1 1 0 1 0 0 0 0 0 0 0 1 1 0 0 1 1 1 1 0 1 0 0 1 1 0 0 0 1 1 1 1 1 1 1 0 1 0 0 0 1 0 1 0 1 0 1 1 1 1 0 1 0 1 31784.0 28186.0 33820.0 1 0.09346506113045794
0 0 1 1 1 1 1 1 1 0 1 1 1 1 0 0 1 1 1 0 1 1 0 0 0 1 1 1 0 1 1 1 0 1 0 1 0 1 0 1 0 1 1 0 1 1 1 1 0 1 0 0 0 1 0 0 0 1 1 1 1 1 1 1 0 0 1 0 0 1 1 0 0 0 1 1 1 1 1 1 0 0 1 0 0 0 1 0 1 0 1 0 1 1 1 1 0 1 0 1 32495.0 26124.0 33815.0 1 0.07225013776518224
0 0 1 1 1 1 1 1 1 0 1 1 0 1 0 1 0 1 1 1 0 1 0 1 0 1 0 1 0 1 1 1 1 1 0 1 0 1 1 0 0 1 1 0 0 1 1 1 0 1 0 1 0 1 0 0 0 1 1 0 0 1 1 1 1 1 0 0 0 1 1 0 0 0 1 1 1 1 1 1 1 0 1 0 0 0 1 1 0 0 1 0 1 1 1 1 0 1 0 1 31341.0 28531.0 33763.0 1 0.11123166672529472
0 0 0 1 1 1 1 1 1 0 1 1 1 1 0 0 1 1 1 0 1 1 0 0 0 1 1 1 0 1 1 1 0 1 0 1 0 1 0 1 0 1 1 0 1 1 1 1 0 1 0 0 0 1 0 0 0 1 1 1 1 1 1 1 0 0 1 0 0 1 1 0 0 0 1 1 1 1 1 1 1 0 1 0 0 0 1 0 1 0 1 0 1 1 1 1 0 1 0 1 33213.0 26530.0 33730.0 1 0.12073244850727878
1 0 1 1 1 0 1 1 1 0 0 1 0 1 0 1 0 1 1 1 0 1 0 0 1 1 0 1 1 0 0 1 0 1 0 1 0 1 0 0 0 1 1 0 1 1 1 1 0 1 0 0 0 1 0 0 0 1 1 0 1 1 1 1 1 0 1 1 0 1 1 0 0 0 1 1 1 1 1 1 1 0 1 1 0 0 1 1 1 1 1 0 1 1 1 1 0 0 0 1 32014.0 27806.0 33727.0 1 0.0793524347421206
1 0 1 1 1 0 1 1 0 0 1 0 1 1 0 0 1 0 1 0 1 1 0 0 1 1 1 0 1 1 1 1 0 1 0 1 1 1 1 0 0 1 1 0 0 1 1 1 0 1 0 0 0 1 0 0 0 1 1 0 0 1 1 1 1 0 1 1 0 1 1 0 0 0 1 1 1 1 1 1 1 0 1 0 0 0 1 0 1 0 1 0 1 1 1 1 0 1 0 1 32609.0 26846.0 33703.0 1 0.09444237468596277
0 0 1 1 1 0 1 1 1 0 1 1 1 1 0 1 0 1 1 1 0 1 0 1 1 1 0 0 0 1 1 1 0 1 0 1 0 1 1 0 0 1 1 0 0 1 1 1 0 1 0 0 0 1 0 0 0 1 1 0 1 1 1 1 1 0 1 1 0 1 1 0 0 0 1 1 1 1 1 1 1 0 1 0 0 0 1 0 1 0 1 0 0 1 1 1 0 1 0 1 32285.0 27998.0 33586.0 1 0.14611077485573876
0 0 1 1 1 1 1 1 1 0 1 1 1 1 0 0 1 1 1 0 1 1 0 0 0 1 1 1 0 1 1 1 1 1 0 1 0 1 0 1 0 1 1 0 1 1 1 1 0 1 1 0 0 1 0 0 0 1 1 0 0 1 1 1 1 1 0 0 0 1 1 1 1 0 1 0 1 1 1 1 1 0 0 0 0 0 1 0 1 0 1 0 1 1 1 1 0 1 0 1 32146.0 28463.0 33523.0 1 0.09152446381713426
0 0 1 1 1 0 1 1 1 0 1 1 1 1 0 1 0 1 1 0 1 1 0 0 1 1 1 0 1 1 1 1 0 1 0 1 0 1 0 1 0 1 1 0 1 1 1 1 0 1 0 0 0 1 0 0 0 1 1 0 0 1 1 1 1 0 1 0 0 1 1 0 0 0 1 1 1 0 1 1 1 0 1 0 0 0 1 1 0 0 1 0 1 1 0 1 0 1 1 1 33013.0 26706.0 33517.0 1 0.11537107258817896
0 0 1 1 1 0 1 1 1 0 1 1 1 1 0 1 0 1 1 1 0 1 0 1 1 1 0 1 0 1 1 1 0 1 0 1 0 1 0 0 0 1 1 0 0 1 1 1 0 1 0 0 0 1 0 0 0 1 1 0 1 1 1 1 1 0 1 1 0 1 1 0 0 0 1 1 1 1 1 1 1 0 1 0 0 0 1 1 0 0 1 0 1 1 0 1 0 1 0 1 32763.0 27585.0 33490.0 1 0.11867932149861907
0 0 1 1 1 1 1 1 1 0 1 1 1 1 0 0 1 1 1 0 1 1 0 0 0 1 1 1 0 1 1 1 0 1 0 1 0 1 0 1 0 1 1 0 1 1 1 1 0 1 0 0 0 1 0 0 0 1 1 1 1 0 1 1 0 0 1 0 0 1 1 0 0 0 1 1 1 1 1 1 1 0 1 0 0 0 1 1 0 0 1 0 1 1 0 1 0 1 1 1 33551.0 26212.0 33206.0 1 0.11682964264575608
0 0 1 1 1 0 1 1 1 0 1 1 1 1 0 1 0 1 1 1 0 1 0 1 1 1 0 0 0 1 1 1 0 1 0 1 0 1 1 0 0 1 1 0 0 1 1 1 0 1 0 0 0 1 0 0 0 1 1 0 1 1 1 1 1 0 1 1 0 1 1 0 0 0 1 1 1 1 1 1 1 0 1 0 0 0 1 1 0 0 1 0 1 1 0 1 0 1 0 1 32705.0 27623.0 33195.0 1 0.04355742183324516
1 0 1 1 1 0 1 1 0 0 1 0 1 1 0 1 0 1 1 0 1 1 0 0 0 1 1 1 0 1 1 1 0 1 0 1 0 1 0 1 0 1 1 0 1 1 1 1 0 1 0 0 0 1 0 0 0 1 1 1 1 0 1 1 0 0 1 0 0 1 1 0 0 0 1 1 1 1 1 1 1 0 1 0 0 0 1 1 0 0 1 0 1 1 1 1 0 1 1 1 33617.0 26562.0 33161.0 1 0.06477231768175612
0 0 1 1 1 0 1 1 1 0 1 1 1 1 0 1 0 1 1 1 0 1 0 0 0 1 1 1 0 1 1 1 0 1 0 1 0 1 0 1 0 1 1 0 1 1 1 1 0 1 0 0 0 1 0 0 0 1 1 1 0 1 1 1 1 0 1 0 0 1 1 0 0 0 1 1 1 1 1 1 1 0 1 0 0 0 1 1 0 0 1 0 1 1 0 1 0 1 0 1 32608.0 27686.0 33133.0 1 0.06876205065154453
0 0 1 1 1 0 1 1 1 0 1 1 0 1 0 1 0 1 1 1 0 1 0 0 1 1 0 1 1 1 1 1 0 1 0 1 0 1 0 1 0 1 1 0 1 1 1 1 0 1 0 0 0 1 0 0 0 1 1 1 1 0 1 1 0 0 1 0 0 1 1 0 0 0 1 1 1 1 1 1 1 0 1 0 0 0 1 1 0 0 1 0 1 1 1 1 0 1 1 1 33484.0 27536.0 33118.0 1 0.030589227522297424
0 0 1 1 1 0 1 1 1 0 1 1 1 1 0 1 0 1 1 1 0 1 0 1 1 1 0 1 0 1 1 1 0 1 0 1 0 1 0 0 0 1 1 0 0 1 1 1 0 1 0 0 0 1 0 0 0 1 1 0 0 1 1 1 1 1 0 0 0 1 1 0 1 0 1 0 1 0 1 1 1 0 1 1 1 1 0 1 1 1 1 0 1 1 1 1 0 0 0 1 31011.0 28549.0 33049.0 1 0.3202253635987323
1 0 1 1 1 0 1 1 1 1 1 1 1 1 0 1 0 1 1 1 0 1 0 1 1 1 0 1 0 1 1 1 1 1 0 1 0 1 1 0 0 1 0 0 0 1 1 1 0 1 0 0 0 1 0 0 0 1 1 0 1 0 1 1 0 0 0 0 0 1 1 0 1 0 1 1 1 1 1 1 1 0 1 0 0 0 1 1 0 0 1 0 1 1 1 1 0 1 0 1 32391.0 28218.0 33002.0 1 0.07747704232548308
0 0 1 1 1 0 1 1 1 0 1 1 1 1 0 0 1 1 1 0 1 1 0 0 1 1 1 1 0 1 1 1 0 1 0 1 1 1 1 0 0 1 1 0 0 0 1 1 0 1 0 0 0 1 0 0 0 1 1 0 1 0 1 1 1 0 1 1 0 1 0 0 0 0 1 1 1 1 1 1 1 0 1 0 0 0 1 1 0 0 1 0 1 1 1 1 0 1 0 1 33488.0 27006.0 32910.0 1 0.054449867000673315
1 0 1 1 1 0 1 0 1 0 1 0 1 1 0 1 0 1 1 1 0 1 0 0 0 1 1 1 0 1 1 1 1 1 0 1 0 1 0 1 0 1 1 0 1 1 1 1 0 1 1 0 0 1 0 0 0 1 1 0 1 0 1 1 1 0 1 1 0 1 0 0 0 0 1 1 1 1 1 1 1 0 1 0 0 1 0 0 1 0 0 0 1 1 1 1 1 1 0 1 32757.0 28613.0 32839.0 1 0.03614351654232433
0 0 1 1 1 0 1 0 1 0 1 1 1 1 0 1 0 1 1 1 0 1 0 1 1 1 0 1 0 1 1 1 0 1 0 1 0 0 1 0 0 1 1 0 0 1 1 1 0 1 0 1 0 1 0 0 0 1 1 1 1 1 1 1 0 0 1 0 0 1 1 0 0 0 1 1 1 1 1 1 1 0 1 0 0 0 1 0 1 0 1 0 1 1 1 1 0 1 0 1 32966.0 28357.0 32835.0 1 0.10932431273372238
0 0 1 1 1 0 1 1 1 0 1 1 1 1 0 1 0 1 1 0 1 1 0 0 1 1 1 0 1 1 1 1 1 1 0 1 1 1 1 0 0 1 1 0 0 1 1 1 0 1 0 0 0 1 0 0 0 1 1 0 1 0 1 1 0 0 0 0 0 1 1 0 1 0 1 1 1 1 1 1 1 0 1 0 0 0 1 1 0 0 1 0 1 1 1 1 0 1 0 1 33480.0 28639.0 32801.0 1 0.06069601191047345
0 0 1 1 1 0 1 1 1 0 1 1 0 1 0 1 0 1 1 0 1 1 0 0 0 1 1 1 0 1 1 1 0 1 1 1 0 1 0 1 0 1 1 0 1 1 1 1 0 1 0 0 0 1 0 0 0 1 1 1 1 0 1 1 0 0 1 0 0 1 1 0 0 0 1 1 1 1 1 1 1 0 1 0 0 0 1 1 0 0 1 0 1 1 0 1 0 1 1 1 33665.0 26361.0 32761.0 1 0.059464199494141015
0 0 1 1 1 0 1 1 1 0 1 0 1 1 0 1 0 1 1 1 0 1 0 1 1 1 0 1 1 1 1 1 1 1 0 1 0 0 1 0 0 1 1 0 0 1 1 1 0 1 0 0 0 0 0 0 0 1 1 1 1 0 1 1 0 0 1 1 0 1 1 0 0 0 1 1 1 1 1 1 1 0 1 0 0 0 1 1 0 0 1 0 1 1 0 1 0 1 0 1 33636.0 27549.0 32737.0 1 0.04456441278795474
1 0 1 1 1 0 1 1 1 0 1 1 0 1 0 1 0 1 1 1 0 1 0 0 1 1 0 1 1 1 1 1 0 1 0 1 0 0 1 0 0 1 1 0 0 1 1 1 0 1 0 1 0 1 0 0 0 1 1 0 0 1 1 1 1 1 0 0 0 1 1 0 0 0 1 1 1 1 1 1 1 0 1 0 0 0 1 1 0 0 1 0 1 1 1 1 0 1 0 1 32025.0 29166.0 32599.0 1 0.0806016120562382
1 0 1 1 1 0 1 1 0 0 1 1 1 1 0 0 1 1 1 0 1 1 0 0 1 1 1 1 0 1 1 1 0 1 0 1 1 1 1 0 0 1 1 0 0 0 1 1 0 1 0 0 0 1 0 0 0 1 1 0 1 0 1 1 1 0 1 1 0 1 0 0 0 0 1 1 1 1 1 1 1 0 1 0 0 0 1 1 0 0 1 0 1 1 0 1 0 1 1 1 34025.0 26353.0 32586.0 1 0.06542509931090178
0 0 0 1 1 0 1 1 1 0 1 1 1 1 0 1 0 1 1 1 0 1 0 1 1 1 0 1 1 1 1 1 1 1 0 1 0 0 1 0 0 1 1 0 0 1 1 1 0 1 0 0 0 0 0 0 0 1 1 1 1 0 1 1 0 0 1 1 0 1 1 0 0 0 1 1 1 1 1 1 1 0 1 0 0 0 1 1 0 0 1 0 1 1 0 1 0 1 0 1 33546.0 27552.0 32569.0 1 0.031017210715212178
0 0 1 1 0 0 1 1 1 0 1 1 1 1 0 1 0 1 1 0 1 1 0 0 1 1 1 0 1 1 1 1 0 1 0 1 1 1 1 0 0 1 1 0 0 1 1 1 0 1 0 0 0 1 0 0 0 1 1 0 1 1 1 1 1 0 1 1 0 1 0 0 0 0 1 1 1 1 1 1 1 0 1 0 0 0 1 1 0 0 1 0 1 1 0 1 0 1 0 1 33922.0 27332.0 32532.0 1 0.10703399735387199
1 0 1 1 1 0 1 1 1 0 1 1 0 1 0 1 0 1 1 1 0 1 0 0 1 1 0 1 1 1 1 1 0 1 0 1 0 0 1 0 0 1 1 0 0 1 1 1 0 1 0 1 0 1 0 0 0 1 1 0 0 1 1 1 1 1 0 0 0 1 1 0 0 0 1 1 1 1 1 1 1 0 1 0 0 0 1 1 0 0 1 0 1 1 1 1 0 1 1 0 32333.0 29149.0 32484.0 1 0.0537534074538388
1 0 1 1 1 0 1 1 1 0 1 1 1 1 0 1 0 1 1 1 0 1 0 0 0 1 1 1 0 1 1 1 0 1 0 1 0 1 0 1 0 1 1 0 1 1 1 1 0 1 0 0 0 1 0 0 0 1 1 1 1 0 1 1 0 0 1 0 0 1 1 0 0 0 1 1 1 1 1 1 1 0 1 0 0 0 1 1 0 0 1 0 1 1 0 1 0 1 1 1 34068.0 27279.0 32459.0 1 0.11725802198911736
0 0 1 1 1 0 1 1 1 0 1 1 1 1 0 0 1 1 1 0 1 1 0 0 1 1 1 1 0 1 1 1 0 1 0 1 1 1 1 0 0 1 1 0 0 0 1 1 0 1 0 0 0 0 0 0 0 1 1 0 1 0 1 1 1 0 1 1 0 1 0 0 1 0 1 1 1 0 1 1 1 0 1 0 0 0 1 1 0 0 1 0 1 1 0 1 0 1 1 1 34106.0 25974.0 32232.0 1 0.20257960412967468
0 0 1 1 1 0 1 1 1 0 1 1 1 1 0 1 0 1 1 0 1 1 0 0 1 1 1 0 1 1 1 1 1 1 0 1 1 1 1 0 0 1 1 0 0 1 1 1 1 1 0 0 0 1 0 0 0 1 1 0 1 0 1 0 0 0 0 0 0 1 1 0 0 0 1 1 1 1 1 1 1 0 1 0 0 0 1 1 0 0 1 0 1 1 0 1 0 1 1 1 33791.0 28169.0 32133.0 1 0.10397282818186962
0 0 1 1 1 0 1 1 1 0 1 1 1 1 0 1 0 1 1 0 1 1 0 0 1 1 0 1 0 1 1 1 1 1 0 1 0 1 0 1 0 1 1 0 1 1 1 1 0 1 1 0 1 1 0 0 0 1 1 0 0 1 1 1 1 1 0 0 0 1 1 1 1 0 0 0 1 1 1 0 0 1 0 1 0 1 0 0 1 0 0 0 1 1 1 1 0 1 0 1 30035.0 29267.0 32024.0 1 1000000000000000.0
0 0 1 1 1 0 1 1 1 0 1 1 1 1 0 1 0 1 1 0 1 1 0 0 1 1 1 0 1 1 1 1 1 1 0 1 1 1 1 0 0 1 1 0 0 1 1 1 0 1 0 0 0 1 0 0 0 1 1 0 1 0 1 1 0 0 1 1 1 0 0 1 0 0 1 1 1 0 1 1 1 0 1 0 0 1 0 0 1 0 1 0 1 1 1 1 0 1 0 1 34307.0 26978.0 31861.0 1 0.07116453579153081
0 0 1 1 1 0 1 1 1 0 1 1 1 1 0 1 0 1 1 1 0 1 0 1 1 1 0 1 1 1 1 1 0 1 0 1 0 0 1 0 0 1 1 0 0 1 1 1 0 1 0 0 0 1 0 0 0 1 1 0 1 0 1 1 0 0 0 0 0 1 1 0 1 0 1 1 1 1 1 1 1 0 1 0 0 0 1 1 0 0 1 0 1 1 1 1 0 1 0 1 32674.0 28827.0 31838.0 1 0.09374305123519738
0 0 1 1 1 1 1 1 1 0 1 1 1 1 0 0 1 1 1 0 1 1 0 0 0 1 1 1 0 1 1 1 0 1 0 1 0 1 0 1 0 1 1 0 1 1 1 1 0 1 0 0 0 1 0 0 0 1 1 1 1 0 1 1 0 0 1 1 1 0 0 1 0 0 1 1 1 0 1 1 1 0 1 0 0 1 0 0 1 0 0 0 1 1 0 1 0 1 1 1 34440.0 25023.0 31691.0 1 1000000000000000.0
1 0 1 1 1 0 1 1 0 0 1 0 1 1 0 1 0 1 1 0 1 1 0 0 0 1 1 1 0 1 1 1 0 1 0 1 1 1 0 1 0 1 1 0 1 1 1 1 0 1 0 0 0 1 0 0 0 1 1 0 1 1 1 1 0 0 1 1 1 0 0 1 0 0 1 1 1 0 1 1 1 0 1 0 0 1 0 0 1 0 0 0 1 1 0 1 0 1 1 1 34668.0 25662.0 31549.0 1 1000000000000000.1
0 0 1 1 1 0 1 1 1 0 1 1 1 1 0 1 0 1 1 1 0 1 0 1 1 1 0 1 0 1 1 1 0 1 0 1 0 1 0 0 0 1 1 0 0 1 1 1 0 1 0 0 0 1 0 0 0 1 1 0 0 1 1 1 1 1 0 0 0 1 1 0 1 0 1 1 1 1 1 0 1 1 0 0 0 1 0 0 0 0 1 1 1 1 1 1 1 1 0 1 31626.0 29415.0 31469.0 1 0.09620101790470426
1 0 1 1 1 0 1 0 1 0 1 1 1 1 0 1 0 1 0 1 0 1 0 1 1 1 0 1 1 1 1 1 0 1 0 1 0 1 0 1 0 1 1 0 1 1 1 1 0 1 1 0 0 1 0 0 0 1 1 0 0 1 1 1 1 1 0 0 0 1 0 1 1 0 1 0 1 1 1 1 1 0 0 0 0 0 1 0 1 0 1 0 1 1 1 1 0 1 0 1 31809.0 29301.0 31411.0 1 0.06981087931188046
0 0 1 1 1 0 1 1 1 0 1 1 1 1 0 1 0 1 1 1 0 1 0 1 1 1 0 1 0 1 1 1 1 1 0 1 0 1 0 1 0 1 1 0 1 1 1 1 0 1 1 0 0 1 0 0 0 1 1 0 0 1 1 1 1 1 0 0 0 1 1 1 1 0 0 0 1 1 1 0 1 1 0 0 0 1 0 0 1 0 0 0 1 1 1 1 0 1 0 1 31379.0 29476.0 31349.0 1 0.12136861148874842
0 0 1 1 1 0 1 1 1 0 1 1 1 1 0 1 0 1 1 1 0 1 0 1 1 1 0 1 0 1 1 1 0 1 0 1 0 1 0 0 0 1 1 0 0 1 1 1 0 1 0 0 0 1 0 0 0 1 1 0 0 1 1 1 1 1 0 0 0 1 1 1 1 0 1 0 1 1 1 1 1 1 0 0 1 1 0 0 1 0 0 0 1 1 1 1 0 1 0 1 31965.0 29270.0 31337.0 1 0.05215609633386327
0 0 1 1 1 0 1 1 1 0 1 1 1 1 0 1 0 1 1 1 0 1 0 1 1 1 0 0 0 1 1 1 0 1 0 1 0 1 1 0 0 1 1 0 0 1 1 1 0 1 0 0 0 1 0 0 0 1 1 0 1 1 1 1 0 0 0 0 0 1 1 0 1 0 1 1 1 1 1 0 1 1 0 0 0 1 1 0 0 0 1 1 1 1 1 1 1 1 0 1 32413.0 29080.0 31248.0 1 0.08035173868395462
1 0 1 1 1 0 1 1 1 0 1 1 1 1 0 1 0 1 1 1 0 1 0 1 1 1 0 1 0 1 1 1 1 1 0 1 0 1 1 0 0 1 1 0 0 1 1 1 0 1 0 0 0 0 0 0 0 1 1 1 1 0 1 1 0 0 1 1 1 0 0 1 0 0 1 1 1 0 1 1 1 0 1 0 0 1 0 0 1 0 0 0 1 1 0 1 0 1 1 1 34325.0 26114.0 31209.0 1 0.0905484717485666
0 0 1 1 1 0 1 1 1 0 1 1 1 1 0 1 0 1 1 0 1 1 0 0 1 1 1 0 1 1 1 1 1 1 0 1 1 1 1 0 0 1 1 0 0 1 1 1 0 1 0 0 0 1 0 0 0 1 1 0 1 0 1 1 0 0 0 0 0 1 1 0 1 0 1 1 1 1 1 0 1 1 0 0 0 1 0 0 0 0 1 1 1 1 1 1 1 1 0 1 33414.0 29673.0 31079.0 1 0.18754454597495995
1 0 1 1 1 0 1 1 1 0 1 1 0 1 0 1 0 1 1 1 0 1 0 0 1 1 0 1 1 1 1 1 0 1 0 1 0 0 1 0 0 1 1 0 0 1 1 1 0 1 0 1 0 1 0 0 0 1 1 0 1 1 1 1 0 0 1 1 1 0 0 1 0 0 1 1 1 0 1 1 1 0 1 0 0 1 0 0 1 0 0 0 1 1 0 1 0 1 1 1 34306.0 27028.0 30948.0 1 0.25170176993219384
0 0 1 1 1 0 1 1 1 0 1 1 1 1 0 1 0 1 1 1 0 1 0 1 1 1 0 1 1 1 1 1 0 1 0 1 0 0 1 0 0 1 1 0 0 1 1 1 0 1 0 0 0 0 0 0 0 1 1 1 1 0 1 1 0 0 1 1 1 0 0 1 0 0 1 1 1 0 1 1 1 0 1 0 0 1 0 0 1 0 0 0 1 1 0 1 0 1 1 1 34581.0 26423.0 30272.0 1 0.21813766319661104
0 0 1 1 1 0 1 1 1 0 1 1 1 1 0 1 0 1 1 1 0 1 0 1 1 1 0 1 1 1 1 1 0 1 0 1 0 0 1 0 0 1 1 0 0 1 1 1 0 1 0 0 0 0 0 0 0 1 1 0 1 1 1 0 0 0 0 0 0 1 1 1 1 0 1 1 1 1 1 1 1 1 0 0 0 1 0 0 1 0 0 1 1 1 0 1 0 1 1 1 34063.0 28773.0 30240.0 1 0.10331578014658814
1 0 1 1 1 1 1 1 1 0 1 1 1 1 0 1 0 1 1 1 0 1 0 1 1 1 0 1 1 1 1 1 0 1 0 1 0 0 1 0 0 1 1 0 0 1 1 1 0 1 0 0 0 1 0 0 0 1 1 0 1 1 1 0 0 0 0 0 0 1 1 1 1 0 1 1 1 1 1 0 1 1 0 0 0 1 0 0 1 0 0 0 1 1 0 1 0 1 1 1 33791.0 28979.0 29974.0 1 0.18204492020182234
0 0 1 1 1 0 1 1 1 0 1 1 1 1 0 1 0 1 1 1 0 1 0 1 1 1 0 1 1 1 1 1 0 1 0 1 0 1 0 0 0 1 1 0 0 1 1 1 0 1 1 1 1 1 0 0 0 1 1 0 1 0 1 0 0 0 0 0 0 1 1 1 1 0 1 1 1 1 1 0 1 1 0 0 0 1 0 0 1 0 0 0 1 1 1 1 0 1 0 1 32744.0 29883.0 29697.0 1 0.1909049580864035
0 0 1 1 1 1 1 1 1 0 1 1 1 1 0 1 0 1 1 1 0 1 0 1 1 1 0 1 1 1 1 1 0 1 0 1 0 0 1 0 0 1 1 0 0 1 1 1 0 1 0 0 0 1 0 0 0 1 1 0 1 0 1 0 0 0 0 0 0 1 1 1 1 0 1 1 1 1 1 0 1 1 0 0 0 1 0 0 1 0 0 0 1 1 1 1 1 1 0 1 32609.0 30060.0 29433.0 1 0.12477965393547516
0 0 1 1 1 0 1 0 1 0 1 1 1 1 0 1 0 1 0 1 0 1 1 1 1 1 0 1 1 1 1 1 0 1 0 1 0 1 0 0 0 1 1 0 0 1 1 1 0 1 1 1 1 1 0 0 0 1 1 0 1 0 1 0 0 0 0 0 0 1 1 1 1 0 1 1 1 1 1 0 1 1 0 0 0 1 0 0 1 0 1 0 1 1 1 1 0 1 0 1 31869.0 30119.0 29249.0 1 1000000000000000.1
0 0 1 1 1 0 1 0 1 0 1 1 1 1 0 1 0 1 0 1 0 1 1 1 1 1 0 1 1 1 1 1 0 1 0 1 0 1 0 0 0 1 1 0 1 1 1 1 0 1 0 1 1 1 0 0 0 1 1 0 1 0 1 0 0 0 0 0 0 1 0 1 1 0 1 1 1 1 1 0 1 1 0 0 0 1 0 0 1 0 1 0 1 1 1 1 0 1 0 1 31893.0 30080.0 29032.0 1 1000000000000000.0
0 0 1 1 1 0 1 1 1 0 1 1 1 1 0 1 0 1 1 1 0 1 0 1 1 1 0 1 1 1 1 1 0 1 0 1 0 0 1 0 0 1 1 0 0 1 1 1 0 1 0 0 0 0 0 0 1 1 1 0 1 0 1 0 0 0 0 0 0 1 1 1 1 0 1 1 1 1 1 0 1 1 0 0 0 1 0 0 1 0 0 0 1 1 1 1 1 1 0 1 32400.0 30019.0 28709.0 2 2000000000000000.0
0 0 1 1 1 1 1 1 1 0 1 1 1 1 0 0 1 1 1 0 1 1 0 0 0 1 1 1 0 1 1 1 0 1 0 1 0 0 0 1 0 1 1 0 1 1 1 1 0 1 0 0 0 1 0 0 0 1 1 0 0 1 1 1 1 0 1 0 0 1 1 0 0 0 1 0 1 0 1 1 1 0 1 1 1 1 0 1 1 1 1 0 1 1 1 1 0 0 0 1 30997.0 27346.0 34024.0 2 1000000000000000.2
0 0 1 1 1 1 1 1 1 0 1 1 1 1 0 0 1 1 1 0 1 1 0 0 0 1 1 1 0 1 1 1 0 1 0 1 0 0 0 1 0 1 1 0 1 1 1 1 0 1 0 0 0 0 0 0 0 1 1 1 1 0 1 1 0 0 1 1 0 0 0 1 0 0 1 1 1 0 1 1 1 1 0 0 0 1 0 0 1 0 0 1 1 1 0 1 0 1 1 1 34379.0 25005.0 30770.0 2 1000000000000000.1
0 0 1 1 1 0 1 1 1 0 1 1 1 1 0 1 0 1 1 1 0 1 0 1 1 1 0 0 0 1 1 1 0 1 0 1 0 1 1 0 0 1 1 0 0 1 1 1 0 1 0 0 0 1 0 0 0 1 1 0 0 1 1 1 1 1 0 0 0 1 1 0 1 0 1 0 1 0 1 1 1 0 1 1 1 1 0 1 1 1 1 0 1 1 1 1 0 0 0 1 30953.0 28587.0 32754.0 2 1000000000000000.0
1 0 1 1 0 0 1 1 1 0 1 1 1 1 0 0 1 1 1 0 1 1 0 0 1 1 1 1 0 1 1 1 0 1 0 1 1 1 1 0 0 1 1 0 0 0 1 1 0 1 0 0 0 1 0 0 0 1 1 0 1 0 1 1 1 0 1 1 0 1 0 0 1 0 1 1 1 0 0 1 1 0 1 0 0 0 1 1 0 0 1 0 1 1 0 1 0 1 1 1 33925.0 24688.0 31971.0 2 1000000000000000.0
0 0 1 1 1 0 1 1 0 0 1 1 1 1 0 1 0 1 1 1 0 1 0 1 1 1 0 1 1 1 1 1 0 1 0 1 0 0 1 0 0 1 1 0 0 1 1 1 0 1 0 0 0 1 0 0 0 1 1 0 1 1 1 0 0 0 0 0 0 1 1 1 1 0 1 1 1 1 1 0 1 1 0 0 0 1 0 0 1 0 0 0 1 1 1 1 1 1 0 1 32452.0 29561.0 29555.0 2 0.23820527289554977
0 0 1 1 1 0 1 1 1 0 1 0 1 1 0 1 0 1 1 1 0 1 0 1 1 1 0 1 1 1 1 1 0 1 0 1 0 0 1 0 0 1 1 0 0 1 1 1 0 1 0 0 0 1 0 0 0 1 1 0 1 1 1 0 0 0 0 0 0 1 1 1 1 0 1 1 1 0 1 1 1 1 0 0 0 1 0 0 1 0 0 1 1 1 0 1 0 1 1 1 34045.0 27823.0 30133.0 2 0.2313094573777229
0 1 1 1 1 0 1 1 1 0 1 1 0 1 0 1 0 1 1 1 0 1 0 1 1 1 0 1 1 1 1 1 0 1 0 1 0 0 1 0 0 1 1 0 0 1 1 1 0 1 0 0 0 0 0 0 0 1 1 1 1 0 1 1 0 0 1 1 1 0 0 1 0 0 1 1 1 0 1 1 1 0 1 0 0 1 0 0 1 0 0 0 1 1 0 1 0 1 1 1 34279.0 25787.0 30391.0 2 0.21352448615769432
0 0 1 1 1 0 1 1 1 0 1 1 1 1 0 1 0 1 1 1 0 1 0 1 0 1 0 1 0 1 1 1 1 1 0 1 0 1 1 0 0 1 1 0 0 1 1 1 0 1 0 1 0 1 0 0 0 1 1 0 0 0 1 1 1 1 0 0 0 1 1 0 0 0 1 1 1 1 1 1 1 0 1 0 0 0 1 1 0 0 1 0 1 1 1 1 0 1 0 1 31461.0 29101.0 32551.0 2 0.20408675016526723
0 0 1 1 1 0 1 1 1 0 1 1 1 1 0 1 0 1 1 1 0 1 0 1 1 1 0 0 0 1 1 1 0 1 0 1 0 1 1 0 0 1 1 0 0 1 1 1 0 1 0 0 0 1 0 0 0 1 1 0 1 1 1 1 1 0 1 0 0 1 1 0 0 0 1 1 1 1 1 1 1 0 1 1 0 0 1 1 0 0 1 0 1 1 0 1 0 1 0 1 31794.0 28306.0 33029.0 2 0.20083078190208237
0 0 1 1 1 1 1 1 1 0 1 1 1 1 0 0 1 1 1 0 1 1 0 0 0 1 1 1 0 1 1 1 0 1 0 1 0 1 0 1 0 1 1 0 1 1 1 1 0 1 0 0 0 1 0 0 0 1 1 1 1 0 1 1 0 0 1 0 0 1 1 0 0 0 1 1 1 1 1 1 1 0 1 0 0 0 1 1 0 0 1 0 1 1 1 1 0 1 0 1 32814.0 26618.0 33373.0 2 0.19809454749144312
0 0 1 1 1 0 1 1 1 0 1 1 1 1 0 1 0 1 1 1 0 1 0 1 1 1 0 1 1 1 1 1 0 1 0 1 0 0 1 0 0 1 1 0 0 1 1 1 0 1 0 0 0 1 0 0 0 1 1 0 1 0 1 0 0 0 0 0 0 1 1 1 1 0 1 1 1 1 1 0 1 1 0 0 0 1 0 0 1 0 0 0 1 1 1 1 1 1 0 1 32555.0 29904.0 28989.0 2 0.19214053303341522
0 0 1 1 1 0 1 1 1 0 1 1 1 1 0 1 0 1 1 0 1 1 0 0 1 1 1 0 1 1 1 1 1 1 0 1 1 1 1 0 0 1 1 0 0 1 1 1 0 1 0 0 0 1 0 0 0 1 1 0 1 0 1 0 0 0 0 0 0 1 1 0 1 0 1 0 1 0 1 1 1 0 1 1 1 1 0 1 1 1 1 0 1 1 0 1 0 1 0 1 32232.0 28761.0 31387.0 2 0.1896343637681078
0 0 1 1 1 1 1 1 1 0 1 1 1 1 0 0 1 1 1 0 1 1 0 0 0 1 1 1 0 1 1 1 0 1 0 1 0 1 0 1 0 1 1 0 1 1 1 1 0 1 0 0 0 1 0 0 0 1 0 0 0 1 1 1 1 0 1 0 0 1 1 0 1 0 1 1 1 0 1 1 1 0 1 0 0 0 1 1 0 0 1 0 1 1 0 1 0 1 1 1 31780.0 25547.0 33723.0 2 0.1840875765705664
0 0 1 1 1 0 1 1 1 0 1 1 1 1 0 1 0 1 1 0 1 1 0 0 1 1 1 0 1 1 1 1 0 1 0 1 0 0 1 0 0 1 1 0 0 1 1 1 0 1 0 0 1 1 0 0 0 1 1 0 1 0 1 0 0 0 0 0 0 1 1 1 1 0 1 1 1 1 1 0 1 1 0 0 0 1 0 0 1 0 0 1 1 1 1 1 1 1 0 1 32869.0 29351.0 30079.0 2 0.18366453534568777
0 0 1 1 1 1 1 1 1 0 1 1 0 1 0 1 0 1 1 1 0 1 0 1 0 1 0 1 0 1 1 1 1 1 0 1 0 1 1 0 0 1 1 0 1 1 1 1 0 1 0 0 0 1 0 0 0 1 1 1 1 0 1 1 0 0 1 1 1 0 0 1 0 0 1 1 1 0 1 1 1 0 1 0 0 1 0 0 1 0 0 0 1 1 0 1 0 1 1 1 33914.0 25972.0 31638.0 2 0.18253230170980864
0 0 1 1 0 0 1 1 1 1 1 0 1 1 0 1 0 1 1 1 0 1 0 1 0 1 0 1 0 1 1 1 1 1 0 1 0 1 1 0 0 1 1 0 0 1 1 1 0 1 0 1 0 1 0 0 0 1 1 0 0 1 1 1 1 1 0 0 0 1 1 0 0 0 1 1 1 1 1 1 1 0 1 0 0 0 1 1 0 0 1 0 1 1 1 1 0 1 0 1 31777.0 28061.0 33292.0 2 0.1604177543337159
0 0 1 1 1 0 1 1 1 0 1 1 1 1 0 1 0 1 1 1 0 1 0 0 0 1 1 1 0 1 1 1 0 1 0 1 0 1 0 1 0 1 1 0 1 1 1 1 0 1 0 0 0 1 0 0 0 1 1 1 1 0 1 1 0 0 1 0 0 1 1 0 0 0 1 1 1 1 1 1 1 0 1 0 0 0 1 1 0 0 1 0 1 1 0 1 0 1 1 1 33752.0 27123.0 32266.0 2 0.15364749054405183
0 0 1 1 1 0 1 1 1 0 1 1 1 1 0 1 0 1 1 1 0 1 0 1 1 1 0 1 1 1 1 1 0 1 0 1 0 0 1 0 0 1 1 0 0 1 1 1 0 1 0 0 0 0 0 0 0 1 1 0 0 1 1 1 1 0 0 0 0 1 1 1 1 0 1 1 1 1 1 0 1 1 0 0 0 1 0 0 1 0 0 0 1 1 0 1 0 1 1 1 33248.0 29008.0 30281.0 2 0.15259997564297334
