1 0 1 1 1 0 1 0 1 0 1 1 1 1 0 1 1 1 1 0 1 1 0 0 1 1 0 1 0 1 1 1 1 1 0 1 0 0 1 0 0 1 1 0 1 1 1 1 1 1 0 0 0 1 0 0 0 1 1 0 1 1 1 1 1 0 1 1 0 1 0 0 1 0 1 1 1 1 1 1 1 0 1 0 0 0 1 1 0 0 1 0 1 1 1 1 0 0 0 1 33524.0 28979.0 36282.0 0 1000000000000000.2
1 0 1 1 1 0 1 1 1 0 1 1 1 1 0 1 1 1 1 0 1 1 0 0 1 1 0 1 0 1 1 1 1 1 0 1 0 0 1 0 0 1 1 0 1 1 1 1 1 1 0 0 0 1 0 0 0 1 0 0 1 1 1 1 1 0 1 1 0 1 0 0 1 0 1 1 1 1 1 1 1 0 1 0 0 0 1 1 0 0 1 0 1 1 1 1 0 0 0 1 33578.0 28681.0 36235.0 0 0.1365813615565114
1 0 1 1 1 0 1 1 1 0 1 1 1 1 0 0 1 1 1 0 1 1 0 0 1 1 0 1 0 1 1 1 1 1 0 1 0 0 1 0 0 1 1 0 1 1 1 1 1 1 0 0 0 1 0 0 0 1 1 0 1 1 1 1 1 0 1 1 0 1 1 0 1 0 1 1 1 0 1 1 1 0 1 0 0 0 1 1 0 0 1 0 1 1 1 1 0 0 0 1 34083.0 28117.0 35836.0 0 0.17876109413941432
1 0 1 1 1 0 1 1 1 0 1 1 1 1 0 1 1 1 1 1 0 1 0 1 1 1 0 1 0 1 1 1 1 1 0 1 0 1 0 1 0 1 1 0 1 1 1 1 0 1 0 0 0 1 0 0 0 1 1 0 1 0 1 1 1 0 1 1 0 1 0 0 1 0 1 1 1 1 1 1 1 0 1 0 0 0 1 1 0 0 1 0 1 1 1 1 0 0 0 1 33550.0 28803.0 35724.0 0 0.06598562510770077
1 0 1 1 1 0 1 1 1 0 1 1 1 1 0 1 1 1 1 0 1 1 0 0 1 1 0 1 0 1 1 1 1 1 0 1 0 0 1 0 0 1 1 0 1 1 1 1 0 1 0 1 1 1 0 0 0 1 1 0 1 0 1 1 1 0 1 1 0 1 0 0 1 0 1 1 1 1 1 1 1 0 1 0 0 0 1 1 0 0 1 0 1 1 1 1 0 0 0 1 33824.0 29942.0 35717.0 0 0.09607114439198164
1 0 1 1 1 0 1 1 1 0 1 1 1 1 0 1 1 1 1 0 1 1 0 0 1 1 0 1 0 1 1 1 1 1 0 1 0 0 1 0 0 1 1 0 1 1 1 1 1 1 0 0 0 1 0 0 0 1 1 0 1 1 1 1 1 0 1 1 0 1 1 0 1 0 1 1 1 0 1 1 1 0 1 0 0 1 0 0 1 0 0 0 1 1 1 1 0 1 0 1 35020.0 29526.0 35646.0 0 0.14336282275338533
1 0 1 1 1 0 1 1 1 0 1 1 1 1 0 1 1 1 1 0 1 1 0 0 1 1 0 1 0 1 1 1 1 1 0 1 0 0 1 0 0 1 1 0 1 1 1 1 1 1 0 1 0 1 0 0 0 1 1 0 0 1 1 1 1 0 0 0 0 1 0 0 1 0 0 1 1 1 1 1 1 0 1 1 0 0 1 1 0 0 1 0 1 1 1 1 0 0 0 1 32301.0 30936.0 35561.0 0 1000000000000000.0
1 0 1 1 1 0 1 1 1 0 1 1 1 1 0 1 1 1 1 0 1 1 0 0 1 1 1 0 0 1 1 1 1 1 0 1 1 1 1 0 0 1 1 0 1 1 1 1 0 1 0 1 1 1 0 0 0 1 1 0 1 0 1 1 0 0 1 1 0 1 0 0 1 0 1 1 1 1 1 1 1 0 1 0 0 0 1 1 0 0 1 0 1 1 1 1 0 0 0 1 34908.0 29553.0 35514.0 0 0.045196904044103446
1 0 1 1 1 0 1 1 1 0 1 1 1 1 0 1 1 1 1 0 1 0 0 0 1 1 1 1 0 1 1 1 1 1 0 1 0 0 1 0 0 1 1 0 1 1 1 1 1 1 0 0 0 1 0 0 0 1 1 0 1 1 1 1 1 0 1 1 0 1 1 0 1 0 1 1 1 1 1 1 1 0 1 0 0 1 0 0 1 0 0 0 1 1 1 1 0 0 0 1 35332.0 29701.0 35486.0 0 0.07460205007392741
1 0 1 1 1 0 1 1 1 0 1 1 1 1 0 1 1 1 1 0 1 0 0 0 1 1 1 1 0 1 1 1 1 1 0 1 0 0 1 0 0 1 1 0 1 1 1 1 1 1 0 1 0 1 0 0 0 1 1 0 0 1 1 1 1 0 0 0 0 1 0 0 1 0 1 1 1 1 1 1 1 0 1 0 0 1 1 0 1 0 0 0 1 1 1 1 1 1 0 1 34888.0 31725.0 35348.0 0 0.04387904438863979
1 0 1 1 1 0 1 1 1 0 1 0 1 1 0 0 1 1 1 0 1 1 0 0 1 1 1 1 0 1 1 1 1 1 0 1 1 1 0 1 0 1 1 0 1 1 1 1 1 1 0 0 0 1 0 0 0 1 1 1 1 0 1 1 0 0 1 1 0 1 0 0 1 0 1 1 1 1 1 1 1 0 1 0 0 0 0 1 0 0 1 0 1 1 1 1 0 0 0 1 35359.0 27708.0 35315.0 0 0.14995525213940433
1 0 1 1 1 0 1 1 1 0 1 1 1 1 0 1 1 1 1 0 1 1 0 0 0 1 1 1 0 1 1 1 1 1 0 1 1 0 1 0 0 1 1 0 1 1 1 1 0 1 0 1 1 1 0 0 0 1 1 0 1 0 1 1 0 0 1 1 0 1 0 0 1 0 1 1 1 1 1 1 1 0 1 0 0 0 1 1 0 0 1 0 1 1 1 1 0 0 0 1 34964.0 29830.0 35219.0 0 0.12086355087148375
1 0 1 1 1 0 1 1 1 0 1 1 1 1 0 1 1 1 1 0 1 1 0 0 1 1 0 1 0 1 1 1 1 1 0 1 0 0 1 0 0 1 1 1 1 1 1 1 0 1 0 1 1 1 0 0 0 1 1 0 0 1 1 1 1 0 0 0 0 1 0 0 1 0 1 1 1 1 1 1 1 0 1 0 0 1 0 0 1 0 0 1 1 1 1 1 1 1 0 0 32756.0 32270.0 34807.0 0 0.34435971954971806
1 0 1 1 1 0 1 1 1 0 1 1 1 1 0 1 1 1 1 0 1 1 0 0 1 1 0 1 0 1 1 1 1 1 0 1 0 0 1 0 0 1 1 0 0 0 1 1 1 1 0 0 0 1 0 0 0 1 1 1 1 1 1 1 0 0 0 1 0 1 0 1 0 0 1 1 1 1 1 1 1 0 1 0 0 0 1 0 1 0 1 0 1 1 1 1 0 1 0 1 35353.0 27951.0 34796.0 0 0.08942942091784471
1 0 1 1 1 0 1 1 1 1 1 0 1 1 0 1 0 1 1 0 1 0 0 0 1 1 1 1 0 1 1 1 1 1 0 1 1 1 1 0 0 1 1 1 1 1 1 1 0 1 0 1 1 1 0 0 0 1 1 0 1 0 1 1 0 0 0 1 0 1 0 0 1 0 1 1 1 1 1 1 1 0 1 0 0 0 1 1 0 0 1 0 1 1 1 1 0 0 0 1 34925.0 30250.0 34675.0 0 0.04584672395078354
1 0 1 1 1 0 1 1 1 0 1 1 1 1 0 1 0 1 0 0 1 1 0 0 1 1 1 1 0 1 1 1 1 1 0 1 1 1 0 1 0 1 1 0 1 1 1 1 1 1 0 0 0 1 0 0 0 1 1 1 1 0 1 1 0 0 1 1 0 1 0 0 1 0 1 1 1 1 1 1 1 0 1 0 0 0 0 1 0 0 1 0 1 1 1 1 0 0 0 1 35549.0 28652.0 34604.0 0 0.10519752875217013
1 0 1 1 1 0 1 1 1 0 1 1 1 1 0 1 1 1 1 1 0 0 0 1 1 1 0 1 0 1 1 1 1 1 0 1 0 0 1 0 0 1 1 0 1 1 1 1 1 1 0 1 0 1 0 0 0 1 1 0 0 1 1 1 1 0 0 0 0 1 0 0 1 0 1 1 1 1 1 1 1 0 1 0 0 1 0 0 1 0 0 0 1 1 1 1 1 1 0 1 34006.0 31863.0 34417.0 0 0.11454511059007648
1 0 1 1 1 0 1 1 1 0 1 1 1 1 0 1 1 1 1 0 1 1 0 0 1 1 0 1 0 1 1 1 1 1 0 1 0 0 1 0 0 1 1 0 0 0 1 1 1 1 0 0 0 1 0 0 0 1 1 1 1 1 1 1 0 0 0 1 0 1 0 0 0 0 1 1 1 1 1 1 1 0 1 0 0 1 0 0 1 0 0 0 1 1 1 1 1 1 1 1 35617.0 28442.0 34378.0 0 0.07958507463272493
1 0 1 1 1 1 1 1 1 0 1 1 0 1 0 1 1 1 1 0 1 1 0 0 1 1 1 1 0 1 1 1 0 1 0 1 1 1 1 0 0 1 1 0 0 1 1 1 1 1 0 0 0 1 0 0 0 1 1 1 1 0 1 1 0 0 0 1 0 1 0 0 1 0 1 1 1 1 1 1 1 0 1 0 0 0 0 0 1 0 1 0 1 1 1 1 0 1 0 1 35378.0 28742.0 34369.0 0 0.033969720095320344
1 0 1 1 1 0 0 1 1 0 1 1 1 1 0 1 1 1 1 0 1 0 0 0 1 1 1 1 0 1 1 1 1 1 0 1 0 0 1 0 0 1 1 0 1 1 1 1 1 1 0 1 0 1 0 0 0 1 1 0 0 1 1 1 1 0 0 1 0 1 1 0 1 0 1 1 1 1 1 1 1 0 1 0 0 1 0 0 1 0 0 0 1 1 0 1 0 1 1 1 35474.0 30007.0 34332.0 0 0.07042221371645578
1 0 1 1 1 0 1 1 1 0 1 1 1 1 0 1 1 1 1 0 1 0 0 0 1 1 1 0 0 1 1 1 1 1 0 1 1 1 0 1 0 1 1 0 1 1 1 1 1 1 0 0 0 1 0 0 0 1 1 1 1 0 1 1 0 0 0 1 0 1 0 1 0 0 1 1 1 1 1 1 1 0 1 0 0 0 1 0 0 0 1 0 1 1 1 1 0 1 0 1 35728.0 28423.0 34286.0 0 0.10252233306651624
1 0 1 1 1 0 1 1 1 0 1 1 1 1 0 1 1 1 1 0 1 1 0 0 1 1 1 0 0 1 1 1 1 1 0 1 1 1 1 0 0 1 1 1 1 1 1 1 0 1 0 1 1 1 0 0 0 1 1 0 1 0 1 1 0 0 0 1 0 1 0 0 1 0 1 1 1 1 1 1 1 0 1 0 0 1 0 0 1 0 0 0 1 1 1 1 0 1 0 1 35176.0 30932.0 34140.0 0 0.09993362382772915
1 0 1 1 0 0 1 1 1 0 1 0 1 1 0 0 1 1 1 0 1 1 0 0 0 1 1 1 0 1 1 1 1 1 0 1 1 1 0 1 0 1 1 0 1 1 1 1 1 1 0 0 0 1 0 0 0 1 1 1 1 0 1 1 0 0 0 1 0 1 0 1 0 0 1 1 1 1 1 1 1 0 1 0 0 0 1 0 1 0 1 0 1 1 1 1 0 1 0 1 35729.0 27151.0 33849.0 0 0.23489823996750506
1 0 1 1 1 0 1 1 1 0 1 1 1 1 0 1 0 1 1 0 1 0 0 0 1 1 1 1 0 1 1 1 1 1 0 1 1 0 1 0 0 1 1 0 1 1 1 1 0 1 0 1 1 1 0 0 0 1 1 0 1 0 1 1 0 0 0 1 0 1 1 0 1 0 1 1 1 1 1 1 1 0 1 0 0 0 1 0 1 1 1 0 1 1 1 1 0 0 0 1 35463.0 30242.0 33776.0 0 0.05500594595185144
1 0 1 1 1 0 1 1 1 0 1 1 1 1 0 1 1 1 1 0 1 1 0 0 0 1 1 1 0 1 1 1 1 1 0 1 1 0 1 0 0 1 1 0 1 1 1 1 0 1 0 1 1 1 0 0 0 1 1 0 1 0 1 1 0 0 0 1 0 1 0 0 1 0 1 1 1 1 1 1 1 0 1 0 0 1 0 0 1 0 0 0 1 1 1 1 0 1 0 1 35195.0 30302.0 33637.0 0 0.1202062761618287
1 0 1 1 1 0 1 1 1 0 1 1 1 1 0 1 0 1 1 0 1 0 0 0 1 1 1 1 0 1 1 1 0 1 0 1 1 1 0 0 0 1 1 0 1 1 1 1 1 1 0 0 0 1 0 0 0 1 1 1 1 1 1 1 1 0 1 1 0 1 1 0 1 0 1 1 1 1 1 1 1 1 0 0 0 1 0 0 1 0 0 0 1 1 1 1 0 1 0 0 36658.0 30200.0 33534.0 0 0.2681652848814303
1 0 1 1 1 0 1 1 1 0 1 1 1 1 0 1 1 1 1 0 1 1 0 0 0 1 1 1 0 1 1 1 1 1 0 1 1 0 1 0 0 1 1 0 1 1 1 1 0 1 0 1 1 1 0 0 0 1 1 0 1 0 1 1 0 0 1 1 0 1 0 0 1 1 1 1 1 1 1 1 1 1 0 0 0 1 0 0 1 0 0 0 1 1 1 1 0 0 0 1 36077.0 30727.0 33173.0 0 0.3318773437398852
1 0 1 1 1 0 1 1 1 0 1 1 1 1 0 1 0 1 0 0 1 0 0 0 1 1 1 1 0 1 1 1 0 1 0 1 1 1 1 0 0 1 1 1 1 1 1 1 0 1 0 1 1 1 0 0 0 0 1 0 1 0 1 1 1 0 0 1 0 1 0 0 1 0 1 1 1 1 1 1 1 0 1 0 0 0 1 1 1 0 1 0 1 1 1 1 0 0 0 1 34946.0 30975.0 33090.0 0 0.05270320321376827
1 0 1 1 0 0 1 1 1 0 1 0 0 1 0 0 1 1 0 0 0 1 0 0 1 1 1 1 0 1 1 1 0 1 0 1 1 0 1 0 0 1 1 0 1 0 1 1 1 1 0 0 0 1 0 0 0 1 1 1 1 1 1 1 1 0 1 1 0 1 0 1 1 0 1 1 1 0 1 1 1 1 1 0 0 1 0 0 1 0 0 1 1 1 0 1 0 1 1 1 37210.0 26236.0 33051.0 0 2000000000000000.0
1 0 1 1 1 0 1 1 1 0 1 1 1 1 0 1 1 1 1 0 1 0 0 0 1 1 1 1 0 1 1 1 0 1 0 1 1 1 1 0 0 1 1 1 1 1 1 1 0 1 0 1 1 1 0 0 0 1 1 0 1 0 1 1 0 0 0 1 0 1 0 0 1 0 1 1 1 1 1 1 1 0 1 0 0 1 0 0 1 0 0 0 1 1 1 1 0 1 0 1 35221.0 31105.0 32999.0 0 0.09456981637398895
1 0 1 1 1 0 1 1 1 0 1 1 1 1 0 1 0 1 1 0 1 0 0 0 1 1 1 1 0 1 1 1 0 1 0 1 1 1 1 0 0 1 1 1 1 1 1 1 0 1 0 1 0 1 0 0 0 1 1 0 0 1 1 1 1 0 0 0 0 1 0 0 1 0 1 1 1 1 1 1 1 0 1 0 0 1 0 0 1 0 0 1 1 1 1 1 1 1 0 0 33856.0 32345.0 32836.0 0 0.12194512709184782
1 0 1 1 1 0 1 1 1 0 1 1 1 1 0 1 0 1 1 1 0 1 0 0 0 1 1 1 0 1 1 1 1 1 0 1 1 0 1 0 0 1 1 0 1 1 1 1 0 1 0 1 1 1 0 0 0 1 1 0 1 0 1 1 0 0 0 1 0 1 1 0 1 0 1 1 1 1 1 1 1 0 1 0 0 1 0 0 1 0 0 0 1 1 1 1 0 1 0 1 35285.0 30788.0 32784.0 0 0.0714327875890367
1 0 1 1 1 0 1 1 1 0 1 1 1 1 0 1 0 1 1 0 1 0 0 0 1 1 1 1 0 1 1 1 0 1 0 1 1 1 1 0 0 1 1 1 1 1 1 1 0 1 0 1 0 1 0 0 0 1 1 0 0 1 1 1 1 0 0 0 0 1 0 0 1 0 1 1 1 1 1 1 1 0 1 0 0 1 0 0 1 0 0 0 1 1 1 1 1 1 0 1 34145.0 32100.0 32711.0 0 0.12534108197183896
1 0 1 1 1 0 1 1 1 0 1 1 1 1 0 1 1 1 1 0 1 1 0 0 0 1 1 1 0 1 1 1 1 1 0 1 1 0 1 0 0 1 1 1 1 1 1 1 0 1 0 1 1 1 0 0 0 1 1 0 1 0 1 1 0 0 0 1 0 1 0 0 1 0 1 1 1 1 1 1 1 1 0 0 0 1 0 0 1 0 0 0 1 1 1 1 0 1 0 0 34981.0 31352.0 32404.0 0 0.17422321760890147
1 0 1 1 1 0 1 1 1 0 1 1 1 1 0 1 0 1 0 0 1 0 0 0 1 1 1 1 0 1 1 1 0 1 0 1 1 1 0 0 0 1 1 1 1 1 1 1 0 1 0 1 0 1 0 0 0 1 1 0 0 1 1 1 1 0 0 1 0 1 0 0 1 0 1 1 1 1 1 1 1 1 0 0 0 1 0 0 1 0 0 1 1 1 1 1 1 1 0 0 34473.0 32025.0 32030.0 0 0.20570201791670573
1 0 1 1 1 0 1 1 1 1 1 0 1 1 0 1 0 1 1 0 1 0 0 0 1 1 1 1 0 1 1 1 0 1 0 1 1 1 1 0 0 1 1 0 1 0 1 1 1 1 0 0 0 0 0 0 0 1 1 0 1 0 1 1 0 0 1 1 0 1 0 1 0 0 1 1 1 0 1 1 1 1 1 0 0 1 0 0 1 0 0 0 1 1 0 1 0 1 1 1 36872.0 27011.0 31718.0 0 0.306140892441937
1 0 1 1 1 0 1 1 1 0 1 1 1 1 0 1 0 1 0 0 1 0 0 0 1 1 1 1 0 1 1 1 0 1 0 1 1 1 1 0 0 1 1 1 1 1 1 1 0 1 0 1 1 1 0 0 0 1 1 0 1 0 1 1 0 0 0 0 0 1 0 0 1 0 1 1 1 1 1 1 1 0 1 0 0 1 1 0 1 0 0 0 1 1 1 1 1 1 0 1 34675.0 31805.0 31695.0 0 0.09465667324534349
1 0 1 1 1 0 1 1 1 0 1 1 1 1 0 1 1 1 1 0 1 1 0 0 1 1 1 0 0 1 1 1 1 1 0 1 1 1 1 0 0 1 1 1 1 1 1 1 0 1 0 1 1 1 0 1 0 0 1 0 1 0 1 0 0 0 0 1 0 1 0 0 1 0 1 1 1 1 1 1 1 1 0 0 0 1 0 0 1 0 0 0 1 1 1 1 1 1 0 0 34773.0 32114.0 31587.0 0 0.07612260864001281
1 0 1 1 1 0 1 1 1 0 1 1 1 1 0 1 1 1 1 0 1 1 0 0 1 1 0 1 0 1 1 1 1 1 0 1 1 1 1 0 0 1 1 1 1 1 1 1 0 1 0 1 1 1 0 1 0 0 1 0 1 0 1 0 0 0 0 1 0 1 0 0 1 0 1 1 1 1 1 1 1 1 0 0 0 1 0 0 1 0 0 0 1 1 1 1 1 1 0 0 34351.0 32606.0 31504.0 0 1000000000000000.1
1 0 1 1 1 0 1 1 1 1 1 0 1 1 0 1 0 1 1 0 1 0 0 0 1 1 1 1 0 1 0 1 0 1 0 1 1 1 1 0 0 1 1 1 1 1 1 1 0 1 0 1 1 1 0 1 0 0 1 0 0 0 1 1 0 0 1 1 0 1 0 0 1 1 1 1 1 1 1 1 1 1 0 0 0 1 0 0 1 0 0 0 1 1 1 1 0 0 0 1 35398.0 31256.0 31311.0 0 0.1448392175390807
1 0 1 1 1 0 1 1 1 0 1 1 1 1 0 1 1 1 1 0 1 1 0 0 1 1 1 1 0 1 1 1 0 1 0 1 1 1 1 0 0 1 1 1 1 1 1 1 0 1 0 1 1 1 0 1 0 0 1 0 1 0 1 0 0 0 0 1 0 1 0 0 1 0 1 1 1 1 1 1 1 1 0 0 0 1 0 0 1 0 0 0 1 1 1 1 0 1 0 0 34893.0 31662.0 30827.0 0 0.137484204920199
1 0 1 1 1 0 1 1 1 0 1 1 1 1 0 1 1 1 1 1 0 1 0 0 1 1 1 1 0 1 1 1 0 1 0 1 1 1 1 0 0 1 1 1 1 1 1 1 0 1 0 1 1 0 0 1 0 0 1 0 1 1 1 0 0 0 0 1 0 1 0 0 1 0 1 1 1 1 1 1 1 1 0 0 0 1 0 0 1 0 0 0 1 1 1 1 0 1 0 0 34877.0 31774.0 30810.0 0 0.03827518725551107
1 0 1 1 1 0 1 1 1 0 1 1 1 1 0 1 0 1 0 0 1 0 0 0 1 1 1 1 0 1 1 1 0 1 0 1 1 1 1 0 0 1 1 1 1 1 1 1 0 1 0 1 1 1 0 0 0 1 1 0 1 0 1 1 0 0 0 1 0 1 1 0 1 0 1 1 1 1 1 1 1 1 0 0 0 1 0 0 1 0 0 0 1 1 1 1 1 1 0 0 35128.0 32141.0 30777.0 0 0.05396032966086778
1 0 1 1 1 0 1 1 1 0 1 1 1 1 0 1 1 1 1 0 1 1 0 0 1 1 1 1 0 1 1 1 0 1 0 1 1 1 1 0 0 1 1 1 1 1 1 1 0 1 0 1 1 1 0 1 0 0 1 0 1 0 1 0 0 0 0 1 0 1 0 0 1 0 1 1 1 1 1 1 1 1 0 0 0 1 0 0 1 0 0 0 1 1 0 1 0 1 0 1 35322.0 31273.0 30775.0 0 0.2021437744433608
1 0 1 1 1 0 1 1 1 0 1 1 1 1 0 1 0 1 1 0 1 0 0 0 1 1 1 1 0 1 1 1 0 1 0 1 1 1 1 0 0 1 1 1 1 1 1 1 0 1 0 1 1 1 0 1 0 0 1 0 1 0 1 0 0 0 0 1 0 1 0 0 1 0 1 1 1 1 1 1 1 1 0 0 0 1 0 0 1 0 0 0 1 1 0 1 1 1 0 1 35139.0 31758.0 29589.0 0 1000000000000000.0
1 0 1 1 0 0 1 1 1 0 1 0 0 1 0 0 1 1 0 0 0 1 0 0 1 1 1 1 0 1 1 1 0 1 0 1 1 0 1 0 0 1 1 0 1 0 1 1 1 1 0 0 0 1 0 0 0 1 1 1 1 1 1 1 1 0 0 1 0 1 0 1 1 0 1 1 1 0 1 1 1 1 1 0 0 1 0 0 1 0 0 1 1 1 0 1 0 1 1 1 36916.0 26137.0 32395.0 1 2000000000000000.0
1 0 1 1 1 0 1 1 1 0 1 1 1 1 0 1 1 0 1 1 0 1 0 1 1 1 0 1 0 1 1 1 1 1 1 1 0 1 0 1 0 1 1 0 1 1 1 1 0 1 0 0 0 1 0 0 0 1 1 0 1 0 1 1 1 0 1 1 0 1 0 0 1 0 1 1 1 1 1 1 1 0 1 0 0 0 1 1 0 0 1 0 1 1 1 1 0 0 0 1 33129.0 28322.0 35670.0 1 1000000000000000.1
1 0 1 1 1 0 1 1 1 0 1 1 1 1 0 1 1 1 1 1 0 0 0 1 1 1 0 1 0 1 1 1 1 1 0 1 0 0 1 0 0 1 1 0 1 1 1 1 1 1 0 1 0 1 0 0 0 1 1 0 0 1 1 1 1 0 0 0 0 1 0 0 1 0 0 1 1 1 1 1 1 0 1 1 0 0 1 1 0 0 1 0 1 1 1 1 0 0 0 1 32428.0 31127.0 35064.0 1 1000000000000000.0
1 0 1 1 1 0 1 1 1 0 1 1 1 1 0 1 0 1 1 0 1 0 0 0 1 1 1 1 0 1 1 1 0 1 0 1 1 1 1 0 0 1 1 1 1 1 1 1 0 1 0 1 0 1 0 0 0 1 1 0 0 1 1 1 1 0 0 0 0 1 0 0 1 0 1 1 1 1 1 0 1 0 1 0 0 1 0 0 1 0 0 1 1 1 1 1 1 1 0 0 33141.0 32194.0 32239.0 1 1000000000000000.0
1 0 1 1 1 0 1 1 1 0 1 1 1 1 0 1 1 1 1 0 1 0 0 0 1 1 1 0 0 1 1 1 0 1 0 1 1 1 1 0 0 1 1 1 1 1 1 1 0 1 0 1 1 1 0 1 0 0 1 0 1 0 1 0 0 0 0 1 0 1 0 0 1 0 1 1 1 1 1 1 1 1 0 0 0 1 0 0 1 0 0 0 1 1 0 1 1 1 0 1 34785.0 31356.0 29960.0 1 1000000000000000.0
1 0 1 0 1 0 1 1 1 0 1 1 1 1 0 1 0 1 1 0 1 0 0 0 1 1 1 1 0 1 1 1 0 1 0 1 1 1 1 0 0 1 1 1 1 0 1 1 1 1 0 0 0 1 0 0 0 1 1 0 1 0 1 1 0 0 1 1 0 1 0 1 0 0 1 1 1 0 1 1 1 1 1 0 0 1 0 0 1 0 0 0 1 1 0 1 0 1 1 1 36525.0 27818.0 30881.0 1 0.21480424171635884
1 0 0 1 0 0 0 1 1 0 1 1 1 1 0 0 1 1 1 0 1 1 0 0 1 1 1 1 1 1 1 1 0 1 0 1 1 1 1 0 0 1 1 0 1 0 1 1 1 1 0 0 0 1 0 0 0 1 1 0 1 0 1 1 0 0 1 1 0 1 0 1 0 0 1 1 1 0 1 1 1 1 1 0 0 1 0 0 1 0 0 0 1 1 1 1 0 1 1 1 36658.0 26309.0 31097.0 1 0.2073960543558508
1 0 1 1 0 0 1 1 1 0 1 0 0 1 0 0 1 1 0 0 0 1 0 0 1 1 1 1 0 1 1 1 0 1 0 1 1 0 1 0 0 1 1 0 1 0 1 1 1 1 0 0 0 1 0 0 0 1 1 1 1 1 1 1 1 0 1 1 0 1 0 1 1 0 1 1 1 0 1 1 1 1 1 0 0 1 0 0 1 0 0 0 1 1 1 1 1 1 0 1 36450.0 27261.0 32807.0 1 0.18426360363358904
1 0 1 1 1 0 1 1 1 0 1 1 1 1 0 1 1 1 1 0 1 1 0 0 1 1 0 1 0 1 1 1 1 1 0 1 0 0 1 0 0 1 1 0 1 1 1 1 0 1 0 0 0 1 0 0 0 1 1 0 1 0 1 1 1 0 1 1 0 1 0 0 1 0 1 1 1 1 1 1 1 1 1 0 1 0 1 1 0 1 1 0 1 1 1 1 0 0 0 0 33669.0 29893.0 35276.0 1 0.15329624714321916
1 0 1 1 1 0 1 1 1 1 1 0 1 1 0 1 0 1 1 0 1 0 0 0 1 1 1 1 0 1 1 1 0 1 0 1 1 1 1 0 0 1 1 1 1 1 1 1 0 1 0 1 1 1 0 1 0 0 1 0 0 0 1 0 0 0 0 1 0 1 0 0 1 0 1 1 1 1 1 1 1 1 0 0 0 1 0 0 1 0 0 0 1 1 0 1 1 1 0 1 34615.0 31469.0 30216.0 1 0.15264287664779305
0 0 1 1 1 0 1 1 1 0 1 1 1 1 0 1 1 1 1 1 0 1 0 0 1 1 1 1 0 1 1 1 0 1 0 1 1 1 1 0 0 1 1 1 1 1 1 1 0 1 0 1 1 0 0 1 0 0 1 0 1 1 1 0 0 0 0 1 0 1 0 0 1 0 1 1 1 1 1 1 1 1 0 0 0 1 0 0 1 0 0 0 1 1 1 1 0 1 0 0 34561.0 31618.0 30617.0 1 0.14936418444084704
1 0 1 1 1 1 1 1 1 0 1 1 0 1 0 1 1 1 1 0 1 1 0 0 1 1 1 1 0 1 1 1 0 1 0 1 1 0 1 0 0 1 1 0 1 1 1 1 0 1 0 1 1 1 0 0 0 1 1 0 1 1 1 1 0 0 1 1 0 1 1 0 1 0 1 1 1 1 1 1 1 0 1 0 0 0 0 0 1 0 0 0 1 1 1 1 0 1 0 0 34873.0 30075.0 34878.0 1 0.14776960132784867
1 0 1 1 1 0 1 1 1 0 1 1 1 1 0 1 0 1 0 0 1 0 0 0 1 1 1 1 0 1 1 1 0 1 0 1 1 1 1 0 0 1 1 1 1 1 1 1 0 1 0 1 1 1 0 0 0 1 1 0 1 0 1 1 0 0 0 1 0 1 1 0 1 0 1 1 1 1 1 1 1 0 1 0 0 1 0 0 1 0 0 0 1 1 0 1 0 1 1 1 35832.0 30701.0 31650.0 1 0.14321914332887903
1 0 1 1 1 0 1 1 1 0 1 1 1 1 0 1 0 1 1 0 1 0 0 0 1 1 1 1 0 1 1 1 0 1 0 1 1 1 0 0 0 1 1 0 1 1 1 1 1 1 0 0 0 1 0 0 0 1 1 1 1 1 1 1 1 0 1 1 0 1 1 0 1 0 1 1 1 1 0 1 1 1 0 0 0 1 0 0 1 0 0 0 1 1 1 1 0 1 0 0 36157.0 29294.0 33511.0 1 0.14203425488304344
1 0 1 1 1 0 1 1 1 0 1 1 1 1 0 1 1 1 1 0 1 1 0 0 1 1 0 1 0 1 1 1 1 1 0 1 0 0 1 0 0 1 1 1 1 1 1 1 0 1 0 1 1 1 0 0 0 1 1 0 0 1 1 1 1 0 0 0 0 1 0 0 1 0 1 1 1 1 1 1 1 0 1 0 0 1 0 0 1 0 0 0 1 1 1 1 1 1 0 0 32449.0 31998.0 33995.0 1 0.13833728816404828
1 0 1 1 1 1 1 1 1 0 1 1 1 1 0 1 1 1 1 1 0 1 0 1 1 1 0 1 0 1 1 1 1 1 0 1 0 1 0 1 0 1 1 0 1 1 1 1 0 1 0 0 0 1 0 0 0 1 1 0 1 0 1 1 1 0 1 1 0 1 0 0 1 0 0 1 1 1 1 1 1 0 1 0 0 0 1 1 0 0 1 0 1 1 1 1 0 0 0 1 32805.0 28797.0 35613.0 1 0.13040745987964755
1 0 1 1 1 0 1 1 1 0 1 1 1 1 0 1 1 1 1 0 1 0 0 0 1 1 1 0 0 1 1 1 0 1 0 1 1 1 1 0 0 1 1 1 1 1 1 1 0 1 0 0 0 1 0 0 0 1 1 0 1 0 1 1 0 0 0 1 0 1 0 1 1 0 1 1 1 0 1 1 1 1 1 0 0 1 1 0 1 0 0 1 1 1 1 1 0 1 0 1 36053.0 29651.0 33287.0 1 0.12677799473080398
1 0 1 1 1 1 1 1 1 0 1 1 0 1 0 1 1 1 1 0 1 1 0 0 1 1 0 1 0 1 1 1 1 1 0 1 0 0 1 0 0 1 1 0 1 1 1 1 1 1 0 1 0 1 0 0 0 1 1 0 0 1 1 1 1 0 0 0 0 1 0 0 1 0 1 1 1 1 1 1 1 0 1 0 0 1 0 0 1 0 0 0 1 1 1 1 1 1 0 1 33346.0 31042.0 35210.0 1 0.1263664625636115
1 0 1 1 1 0 0 1 1 0 1 1 1 1 0 0 1 1 1 0 1 0 0 0 1 1 1 1 1 1 1 1 0 1 0 1 1 1 1 0 0 1 1 0 1 0 1 1 1 1 0 0 0 1 0 0 0 1 1 0 1 0 1 1 0 0 1 1 0 1 0 1 0 0 1 1 1 0 1 1 1 1 1 0 0 1 0 0 1 0 0 0 1 1 0 1 0 1 1 1 36749.0 26838.0 30795.0 1 0.12551427383830063
1 0 1 1 1 0 1 1 1 0 1 0 1 1 0 0 1 1 1 0 1 0 0 0 1 1 1 1 0 1 1 1 0 1 0 1 1 1 1 0 0 1 1 1 1 1 1 1 0 1 0 1 1 1 0 0 0 1 1 0 1 0 1 1 0 0 0 1 0 1 1 0 1 0 1 1 1 1 1 1 1 1 0 0 0 1 0 0 1 0 0 0 1 1 1 1 1 1 0 0 34938.0 31197.0 31488.0 1 0.1251573476524474
1 0 1 1 1 0 1 1 1 0 1 1 1 1 0 1 0 1 1 0 0 1 0 1 1 1 0 1 0 1 1 1 0 1 0 1 0 1 1 0 0 1 1 1 0 1 1 1 1 1 0 1 0 1 0 0 0 1 1 0 0 1 1 1 1 0 0 0 0 1 0 0 1 0 1 1 1 1 1 1 1 0 1 0 0 1 0 0 1 0 0 1 1 1 1 1 1 1 0 0 32903.0 31816.0 33723.0 1 0.12118924523354775
1 0 1 1 0 0 1 1 1 0 1 0 1 1 0 0 1 1 1 0 1 1 0 0 0 1 1 1 0 1 1 1 1 1 0 1 1 1 0 1 0 1 1 0 1 1 1 1 1 1 0 0 0 1 0 0 0 1 1 1 1 0 1 1 0 0 0 1 0 1 0 1 0 0 1 1 1 1 1 1 1 0 1 0 0 1 1 1 0 0 1 0 1 1 1 1 0 0 0 1 35516.0 26567.0 33801.0 1 0.11540018167716962
1 0 1 1 1 0 1 1 1 0 1 1 1 1 0 1 1 1 1 0 1 1 0 0 1 1 0 1 0 1 1 1 1 1 0 1 1 0 1 0 0 1 1 0 1 1 1 1 0 1 0 1 1 1 0 0 0 1 1 0 1 0 1 1 0 0 0 1 0 1 1 0 1 0 1 1 1 1 1 1 1 0 1 0 0 0 1 0 1 0 1 0 1 1 1 1 0 0 0 1 34645.0 30406.0 34691.0 1 0.11343959519929823
1 0 1 1 1 0 1 1 1 0 1 1 1 1 0 1 0 1 1 0 0 0 0 0 1 1 1 1 0 1 1 1 0 1 0 1 1 1 0 0 0 1 1 0 1 1 1 1 1 1 0 1 0 1 0 0 0 1 0 1 1 1 1 1 1 0 1 1 0 1 1 0 1 0 1 1 1 1 1 1 1 1 0 0 0 1 0 0 1 0 0 0 1 1 1 1 0 1 0 0 35683.0 29954.0 32997.0 1 0.11308966740845694
1 0 1 1 1 0 1 1 1 0 1 1 1 1 0 1 0 1 1 0 1 0 0 0 1 1 1 1 0 1 1 1 0 1 0 1 1 1 0 0 0 1 1 1 1 1 1 1 0 1 0 1 0 1 0 0 0 1 1 0 0 1 1 1 1 0 0 1 0 1 0 0 1 0 1 1 1 1 1 1 1 1 0 0 0 1 0 0 1 0 0 0 1 1 1 1 1 1 0 0 34431.0 31868.0 31974.0 1 0.1086108336809202
1 0 1 1 1 1 1 1 1 0 1 1 1 1 0 1 1 1 1 0 1 1 0 0 1 1 1 0 0 1 1 1 1 1 0 1 1 1 1 0 0 1 1 0 1 1 1 1 0 1 0 0 1 1 0 0 0 1 1 0 1 0 1 1 0 0 1 1 0 1 0 0 1 0 1 1 1 1 1 1 1 0 1 0 0 0 1 1 0 0 1 0 1 1 1 1 0 0 0 1 34349.0 28757.0 35577.0 1 0.10825628106145424
1 0 1 1 1 0 1 1 1 0 1 1 1 1 0 1 0 1 1 0 1 0 0 0 1 1 1 1 0 1 1 1 0 1 0 1 1 1 1 0 0 1 1 1 1 1 1 1 0 1 0 1 0 1 0 0 0 1 1 0 0 1 1 1 1 0 0 0 0 1 0 0 1 0 1 1 1 1 1 1 1 0 1 0 0 1 0 0 1 0 0 0 1 1 1 1 1 1 0 0 33549.0 32073.0 32024.0 1 0.10432621917612638
1 0 1 1 1 0 1 1 1 0 1 1 1 1 0 1 1 1 1 1 0 1 0 1 1 1 0 1 0 1 1 1 1 1 0 1 0 1 0 1 0 1 1 0 1 1 1 1 0 1 0 0 0 1 0 0 0 1 1 0 1 0 1 1 0 0 1 1 0 1 0 0 1 0 1 1 1 1 1 1 1 0 1 0 0 0 1 0 1 0 1 0 1 1 1 1 0 1 0 1 34087.0 28973.0 35183.0 1 0.10021256028401913
0 0 1 1 1 0 1 1 1 0 1 1 1 1 0 0 1 1 1 0 1 1 0 0 1 1 0 1 0 1 1 1 1 1 0 1 0 0 1 0 0 1 1 0 1 1 1 1 1 1 0 0 0 1 0 0 0 1 1 0 1 1 1 1 1 0 1 1 0 1 1 0 1 0 1 1 1 0 1 1 1 0 1 0 0 0 1 1 0 0 1 0 1 1 1 1 0 0 0 1 33767.0 27961.0 35643.0 1 0.09704749315540721
1 0 1 1 1 0 1 1 1 0 1 1 1 1 0 1 1 1 1 0 1 1 0 0 0 1 1 1 0 1 1 1 1 1 1 1 0 1 0 1 0 1 1 0 1 1 1 1 0 1 0 0 0 1 0 0 0 1 1 0 1 0 1 1 1 0 1 1 0 1 0 0 1 0 1 1 1 1 1 1 1 0 1 0 0 0 1 1 0 0 1 0 1 1 1 1 0 0 0 1 34014.0 28531.0 35629.0 1 0.09518568513754322
1 0 1 1 1 0 0 1 1 0 1 1 1 1 0 1 0 1 1 0 1 0 0 0 1 1 1 1 0 1 1 1 0 1 0 1 0 1 0 0 0 1 1 1 1 1 1 1 1 1 0 0 0 1 0 0 0 1 1 1 1 1 1 1 1 0 1 1 0 1 0 0 1 0 1 1 1 1 1 1 1 1 0 0 0 1 0 0 1 0 0 0 1 1 1 1 1 1 0 0 35370.0 30476.0 32607.0 1 0.0951501863578936
1 0 1 1 1 0 1 1 1 0 1 1 1 1 0 1 1 1 1 0 1 0 0 0 1 1 1 0 0 1 1 1 0 1 0 1 1 0 1 0 0 1 1 0 1 1 1 1 1 1 0 1 0 1 0 0 0 1 1 0 1 1 1 1 1 0 0 0 0 1 0 0 1 0 1 1 1 0 1 1 1 1 1 0 0 1 0 0 1 0 0 0 1 1 0 1 0 1 1 1 36356.0 29574.0 32899.0 1 0.08997723336071912
1 0 1 1 1 0 1 1 1 0 1 1 1 1 0 1 0 1 1 0 1 0 0 0 1 1 1 1 0 1 1 1 0 1 0 1 1 1 1 0 0 1 1 1 1 1 1 1 0 1 0 1 1 1 0 0 0 1 1 0 1 0 1 1 0 0 0 1 0 1 0 0 1 0 1 1 1 1 1 1 1 0 1 0 0 1 0 0 1 0 0 0 1 1 1 1 0 1 0 1 35113.0 30965.0 32194.0 1 0.08819217088798352
1 0 1 1 1 0 1 1 1 0 1 1 1 1 0 1 0 1 1 1 0 1 0 0 0 1 1 1 0 1 1 1 0 1 0 1 0 1 0 0 0 1 1 0 1 1 1 1 1 1 0 0 0 1 0 0 0 1 1 1 1 1 1 1 1 0 1 1 0 1 1 0 1 0 1 1 1 1 1 1 1 1 0 0 0 1 0 0 1 0 0 0 1 1 1 1 0 1 0 0 35792.0 29926.0 33160.0 1 0.08799302211992231
1 0 1 1 1 1 1 1 1 0 1 1 0 1 0 1 1 1 1 0 1 1 0 0 1 1 1 1 0 1 1 1 0 1 0 1 1 1 1 0 0 1 1 0 0 1 1 1 1 1 0 0 0 1 0 0 0 1 1 1 1 0 1 1 0 0 1 1 0 1 1 0 1 0 1 1 1 1 1 1 1 0 1 0 0 0 0 0 1 0 0 0 1 1 1 1 0 1 0 0 35171.0 29045.0 34304.0 1 0.0871576038293918
1 0 1 1 1 0 1 1 1 0 1 1 1 1 0 1 1 1 1 0 1 1 0 0 1 1 0 1 0 1 1 1 1 1 0 1 0 0 1 0 0 1 1 1 1 1 1 1 0 1 0 1 1 1 0 0 0 1 1 0 1 0 1 1 0 0 0 1 0 1 0 0 1 0 1 1 1 1 1 1 1 0 1 0 0 1 0 0 1 0 0 0 1 1 1 1 1 1 0 1 34226.0 31657.0 34086.0 1 0.08496686591156771
1 0 0 1 0 0 0 1 1 0 1 1 1 1 0 0 1 1 1 0 1 1 0 0 1 1 1 1 1 1 1 1 1 1 0 1 1 1 0 1 0 1 1 0 1 1 1 1 1 1 0 0 0 1 0 0 0 1 1 1 1 0 1 1 0 0 1 1 0 1 0 0 1 0 1 1 1 1 1 1 1 0 1 0 0 0 1 1 0 0 1 0 1 1 1 1 0 0 0 1 35457.0 27088.0 34173.0 1 0.08318116698566012
1 0 1 1 1 0 1 1 1 0 1 1 1 1 0 1 1 1 1 0 1 1 0 0 1 1 0 1 0 1 1 1 1 1 0 1 0 0 1 0 0 1 1 0 1 1 1 1 1 1 0 1 0 1 0 0 0 1 1 0 0 1 1 1 1 0 0 0 0 1 0 0 1 0 1 1 1 1 1 1 1 0 1 0 0 1 0 0 1 0 0 0 1 1 1 1 1 1 0 1 33879.0 31672.0 34914.0 1 0.07930082343828045
1 0 1 1 0 0 1 1 1 0 1 0 1 1 0 0 1 1 1 0 1 1 0 0 0 1 1 1 0 1 1 1 1 1 0 1 1 0 0 1 0 1 1 0 1 1 1 1 1 1 0 0 0 1 0 0 0 1 1 1 1 0 1 1 0 0 0 1 0 1 0 1 0 0 1 1 1 1 1 1 1 0 1 0 0 0 1 0 1 0 1 0 1 1 1 1 0 1 0 1 35708.0 27144.0 33663.0 1 0.07911868418564776
1 0 1 1 0 0 1 1 1 0 1 1 1 1 0 1 1 1 1 0 1 0 0 0 1 1 1 1 0 1 1 1 0 1 0 1 1 1 0 0 0 1 1 0 1 1 1 1 1 1 0 0 0 1 0 0 0 1 1 1 1 1 1 1 1 0 1 1 0 1 1 0 1 0 1 1 1 1 1 1 1 1 0 0 0 1 0 0 1 0 0 0 1 1 1 1 0 1 0 0 36390.0 29487.0 33402.0 1 0.07462164689236479
1 0 1 1 1 0 1 1 1 0 1 1 1 1 0 1 1 1 1 0 1 1 0 0 0 1 1 1 0 1 1 1 1 1 0 1 1 0 1 0 0 1 1 0 1 1 1 1 0 1 0 1 1 1 0 0 0 1 1 0 1 0 1 1 0 0 0 1 0 1 0 0 1 0 1 1 1 1 1 1 1 0 1 0 0 1 0 0 1 0 0 0 1 1 0 1 0 1 1 1 35932.0 29896.0 33470.0 1 0.07377998293397726
1 0 1 1 1 0 1 1 1 0 1 1 1 1 0 0 1 1 1 0 1 1 0 0 0 1 1 1 0 1 1 1 1 1 0 1 1 1 0 1 0 1 1 0 1 1 1 1 1 1 0 0 0 1 0 0 0 1 1 1 1 0 1 1 0 0 0 1 0 1 0 1 0 0 1 1 1 0 1 1 1 0 1 0 0 0 1 1 0 0 1 0 1 1 1 1 0 0 0 1 35322.0 26734.0 34284.0 1 0.07321872775762249
1 0 1 1 0 0 1 1 1 0 1 0 1 1 0 0 1 1 1 0 1 1 0 0 0 1 1 1 0 1 1 1 1 1 0 1 1 1 0 1 0 1 1 0 1 1 1 1 1 1 0 0 0 1 0 0 0 1 1 1 1 0 1 1 1 0 0 1 0 1 0 1 0 0 1 1 1 1 1 1 1 0 1 0 0 0 1 1 0 0 1 0 1 1 1 1 0 0 0 1 35192.0 26981.0 34390.0 1 0.07228065735941852
1 0 1 1 1 0 1 1 1 0 1 1 1 1 0 1 1 1 1 0 1 1 0 0 0 1 1 1 0 1 1 1 1 1 0 1 1 0 1 0 0 1 1 0 1 1 1 1 0 1 0 0 1 1 0 0 0 1 1 0 1 0 1 1 0 0 1 1 0 1 0 0 1 0 1 1 1 1 0 1 1 1 1 0 0 0 1 1 0 0 1 0 1 1 1 1 0 0 0 1 34522.0 28245.0 35038.0 1 0.06752154260434255
1 0 1 1 1 0 1 1 1 0 1 1 1 1 0 1 1 1 1 0 1 1 0 0 1 1 0 1 0 1 1 1 1 1 1 1 0 1 0 1 0 1 1 0 1 1 1 1 0 1 0 0 0 1 0 0 0 1 1 0 1 0 1 1 1 0 1 1 0 1 0 0 1 0 1 1 1 1 1 1 1 0 1 0 0 0 1 1 0 0 1 0 1 1 1 1 0 0 0 1 33515.0 28739.0 35655.0 1 0.06680029527685245
1 0 1 1 1 0 1 1 1 0 1 1 0 1 0 1 1 1 1 0 1 1 0 0 1 1 1 1 0 1 1 1 0 1 0 1 1 1 1 0 0 1 1 0 0 1 1 1 1 1 0 0 0 1 0 0 0 1 1 1 1 0 1 1 0 0 0 1 0 1 0 0 1 0 1 1 1 1 1 1 1 0 1 0 0 0 0 0 1 0 1 0 1 1 1 1 0 1 0 1 35324.0 28586.0 33925.0 1 0.06514284972464648
1 0 1 1 1 0 0 1 1 0 1 1 1 1 0 1 0 1 1 0 1 0 0 0 1 1 1 1 0 1 1 1 0 1 0 1 1 1 0 0 0 1 1 0 1 1 1 1 1 1 0 0 0 1 0 0 0 1 1 1 1 1 1 1 1 0 1 1 0 1 1 0 1 0 1 1 1 1 1 1 1 1 0 0 0 1 0 0 1 0 0 0 1 1 1 1 0 1 0 0 36087.0 29586.0 32563.0 1 0.06310742137889011
1 0 1 1 1 0 1 1 1 0 1 1 1 1 0 1 1 1 1 0 1 1 0 0 1 1 0 1 0 1 1 1 1 1 0 1 0 0 1 0 0 1 1 0 0 0 1 1 1 1 0 0 0 1 0 0 0 1 1 1 1 0 1 1 0 0 0 1 0 1 0 0 1 0 1 1 1 1 1 1 1 0 1 0 0 0 0 0 1 1 1 0 1 1 1 1 0 1 1 1 35507.0 28165.0 34054.0 1 0.06110132129008123
1 0 1 1 0 0 1 1 1 0 1 0 1 1 0 0 1 1 1 0 1 1 0 0 0 1 1 1 0 1 1 1 1 1 0 1 1 1 0 1 0 1 1 0 1 1 1 1 1 1 0 0 0 1 0 0 0 1 1 1 1 1 1 1 0 0 0 1 0 1 0 1 0 0 1 1 1 1 1 1 0 0 1 0 0 0 1 0 1 0 1 0 1 1 1 1 0 1 0 1 35183.0 26447.0 34568.0 1 0.05980504294770442
1 0 1 1 1 1 1 1 1 0 1 1 0 1 0 1 1 1 1 0 1 1 0 0 1 1 1 1 0 1 1 1 0 1 0 1 1 1 1 0 0 1 1 0 0 1 1 1 1 1 0 0 0 1 0 0 0 1 1 1 1 0 1 1 0 0 1 0 0 1 0 0 1 0 1 1 1 1 1 1 1 0 1 0 0 0 1 0 1 0 0 0 1 1 1 1 0 1 0 1 35063.0 28879.0 34468.0 1 0.05917816405695869
1 0 1 1 1 0 1 1 1 0 1 1 1 1 0 1 1 1 1 0 1 1 0 0 1 1 1 0 0 1 1 1 1 1 0 1 1 1 1 0 0 1 1 0 1 1 1 1 0 1 0 1 1 1 0 0 0 1 1 0 1 0 1 1 0 0 1 1 0 1 0 0 1 0 1 1 1 1 1 1 1 0 1 0 0 0 0 0 1 0 0 0 1 1 1 1 1 1 0 0 34647.0 30847.0 34233.0 1 0.05842030998399636
0 0 1 1 1 0 1 1 1 0 1 1 1 1 0 1 1 1 1 1 0 1 0 0 1 1 0 1 0 1 1 1 1 1 0 1 0 0 1 0 0 1 1 0 0 0 1 1 1 1 0 0 0 1 0 0 0 1 1 1 1 1 1 1 0 0 0 1 0 1 0 0 0 0 1 1 1 1 1 1 1 0 1 0 0 1 0 0 1 0 0 0 1 1 1 1 1 1 1 1 35252.0 28655.0 33758.0 1 0.05763685244167581
1 0 1 1 1 0 1 1 1 0 1 1 1 1 0 1 1 1 1 0 1 1 0 0 0 1 1 1 0 1 1 1 1 1 0 1 1 0 1 0 0 1 1 0 1 1 1 1 0 1 0 1 1 1 0 0 0 1 1 0 1 0 1 1 0 0 1 1 0 1 0 0 1 0 1 1 1 1 1 1 1 1 0 0 0 1 0 0 1 0 0 0 1 1 1 1 0 1 0 0 35238.0 30544.0 32852.0 1 0.05717279470065881
1 0 1 1 1 0 1 1 1 0 1 1 1 1 0 1 0 1 1 1 0 1 0 0 1 1 1 1 0 1 1 1 0 1 0 1 1 1 1 0 0 1 1 1 1 1 1 1 0 1 0 1 1 0 0 1 0 0 1 0 1 1 1 0 0 0 0 1 0 1 0 0 1 0 1 1 1 1 1 1 1 1 0 0 0 1 0 0 1 0 0 0 1 1 1 1 0 1 0 0 34769.0 31634.0 30005.0 1 0.056428451216203115
1 0 1 1 0 0 1 1 1 0 1 0 1 1 0 0 1 1 1 0 1 1 0 0 0 1 1 1 0 1 1 1 1 1 0 1 1 1 0 1 0 1 1 0 1 1 1 1 1 1 0 0 0 1 0 0 0 1 1 1 1 0 1 1 0 0 1 1 0 1 0 0 1 0 1 1 1 1 1 1 1 0 1 0 0 0 1 1 0 0 1 0 1 1 1 1 0 0 0 1 35082.0 26866.0 34534.0 1 0.052263002198679784
