1 0 1 1 1 0 1 1 1 0 1 1 1 1 0 1 1 1 1 1 0 1 0 1 1 1 0 1 0 1 1 1 1 1 0 1 0 1 0 1 0 1 1 0 1 1 1 1 0 1 0 0 0 1 0 0 0 1 1 0 1 0 1 1 1 0 1 1 0 1 0 0 1 0 1 1 1 1 1 1 1 0 1 0 0 0 1 1 0 0 1 0 1 1 1 1 0 0 0 1 33550.0 28803.0 35724.0 0 1000000000000000.1
1 0 1 1 1 0 1 1 1 0 1 1 1 1 0 1 1 1 1 0 1 1 0 0 1 1 0 1 0 1 1 1 1 1 0 1 0 0 1 0 0 1 1 0 1 1 1 1 1 1 0 0 0 1 0 0 0 1 1 0 1 1 1 1 1 0 1 1 0 1 1 0 1 0 1 1 1 0 1 1 1 0 1 0 0 1 0 0 1 0 0 0 1 1 1 1 0 1 0 1 35020.0 29526.0 35646.0 0 0.11664681085041562
1 0 1 1 1 0 1 1 1 0 1 1 1 1 0 1 1 1 1 0 1 1 0 0 0 1 1 1 0 1 1 1 1 1 0 1 1 0 1 0 0 1 1 0 1 1 1 1 0 1 0 1 1 1 0 0 0 1 1 0 1 0 1 1 0 0 1 1 0 1 0 0 1 0 1 1 1 1 1 1 1 0 1 0 0 0 1 1 0 0 1 0 1 1 1 1 0 0 0 1 34964.0 29830.0 35219.0 0 0.22542985990287984
1 0 1 1 1 0 1 1 1 0 1 1 1 1 0 1 1 1 1 0 1 1 0 1 1 1 0 1 0 1 1 1 0 1 0 1 0 0 1 0 0 1 1 1 0 1 1 1 1 1 0 1 0 1 0 0 0 1 1 0 0 1 1 1 0 0 1 0 0 1 0 1 0 0 1 1 1 1 1 1 1 0 1 0 0 0 1 0 1 0 1 0 1 1 1 1 0 0 0 1 33766.0 29930.0 34778.0 0 0.15273300828978767
1 0 1 1 1 0 1 1 1 0 1 1 1 1 0 1 1 1 1 1 0 0 0 1 1 1 0 1 0 1 1 1 1 1 0 1 0 0 1 0 0 1 1 1 1 1 1 1 0 1 0 0 0 1 0 0 0 1 1 0 1 0 1 1 1 0 1 1 0 1 0 0 1 0 1 1 1 1 1 1 1 0 1 0 1 0 1 1 0 1 1 0 1 1 1 1 0 0 0 0 33161.0 30718.0 34764.0 0 0.06435542071786773
1 0 1 1 1 0 1 1 1 0 1 1 1 1 0 1 1 1 0 0 1 1 0 0 0 1 1 1 0 1 1 1 0 1 0 1 0 1 0 0 0 1 1 0 1 1 1 1 1 1 0 0 0 1 0 0 0 1 1 0 1 1 1 1 1 0 1 1 0 1 1 0 1 0 1 1 1 1 1 1 1 0 1 0 0 1 0 0 1 0 0 0 1 1 1 1 0 1 0 1 35060.0 29433.0 34617.0 0 0.13696779686778884
1 0 1 1 1 1 1 1 1 0 1 1 0 1 0 1 1 1 1 0 1 1 0 0 1 1 1 1 0 1 1 1 0 1 0 1 1 1 1 0 0 1 1 0 0 1 1 1 1 1 0 0 0 1 0 0 0 1 1 1 1 0 1 1 0 0 1 0 0 1 0 0 1 0 1 1 1 1 1 1 1 0 1 0 0 0 1 0 1 0 0 0 1 1 1 1 0 1 0 1 35063.0 28879.0 34468.0 0 0.07599524604475405
1 0 1 1 1 0 1 1 1 0 1 1 1 1 0 1 0 1 1 0 0 1 0 1 1 1 0 1 0 1 1 1 0 1 0 1 0 0 1 0 0 1 1 1 0 1 1 1 1 1 0 1 0 1 0 0 0 1 1 0 0 1 1 1 1 0 0 0 0 1 0 0 1 0 1 1 1 1 1 1 1 0 1 0 0 1 1 1 0 0 1 0 1 1 1 1 0 1 0 1 33296.0 30758.0 34400.0 0 0.10195952358383796
1 0 1 1 1 0 1 1 1 0 1 1 1 1 0 1 1 1 1 0 1 1 0 0 1 1 0 1 0 1 1 1 1 1 0 1 0 0 1 0 0 1 1 0 0 0 1 1 1 1 0 0 0 1 0 0 0 1 1 1 1 1 1 1 0 0 0 1 0 1 0 0 0 0 1 1 1 1 1 1 1 0 1 0 0 1 0 0 1 0 0 0 1 1 1 1 1 1 1 1 35617.0 28442.0 34378.0 0 0.18773569202234514
1 0 1 1 1 1 1 1 1 0 1 1 0 1 0 1 1 1 1 0 1 1 0 0 1 1 1 1 0 1 1 1 0 1 0 1 1 1 1 0 0 1 1 0 0 1 1 1 1 1 0 0 0 1 0 0 0 1 1 1 1 0 1 1 0 0 1 1 0 1 1 0 1 0 1 1 1 1 1 1 1 0 1 0 0 0 0 0 1 0 0 0 1 1 1 1 0 1 0 0 35171.0 29045.0 34304.0 0 0.1016646811751771
1 0 1 1 1 0 1 1 1 0 1 1 1 1 0 1 1 1 0 0 1 1 0 0 0 1 1 1 0 1 1 1 0 1 0 1 0 1 0 0 0 1 1 0 1 1 1 1 1 1 0 0 0 1 0 0 0 1 1 0 1 1 1 1 1 0 0 1 0 1 1 0 1 0 1 1 1 1 1 1 1 0 1 0 0 0 0 0 1 0 0 0 1 1 1 1 1 1 0 1 34576.0 30084.0 34293.0 0 0.12629253980842847
1 0 1 1 1 0 1 1 1 0 1 1 1 1 0 1 1 1 1 0 1 0 0 0 1 1 1 0 0 1 1 1 0 1 0 1 1 1 1 0 0 1 1 1 1 1 1 1 0 1 0 0 0 1 0 0 0 1 1 0 1 0 1 1 0 0 1 1 0 1 0 0 1 0 1 1 1 1 1 1 1 0 1 0 1 0 1 0 1 0 1 0 1 1 1 1 0 1 0 1 34583.0 30329.0 34132.0 0 0.07762519853184408
1 0 1 1 1 0 1 1 1 0 1 1 1 1 0 1 0 1 1 0 0 1 0 1 1 1 0 1 0 1 1 1 0 1 0 1 0 0 1 0 0 1 1 1 0 1 1 1 1 1 0 1 0 1 0 0 0 1 1 0 0 1 1 1 1 0 0 0 0 1 0 0 1 0 1 1 1 1 1 1 1 0 1 0 0 0 1 0 1 0 1 0 1 1 1 1 0 1 0 1 33049.0 30827.0 34054.0 0 0.11119730593524718
1 0 1 1 1 0 1 1 1 0 1 1 1 1 0 1 1 1 1 0 1 1 0 0 0 1 1 1 0 1 1 1 1 1 0 1 1 0 1 0 0 1 1 0 1 1 1 1 0 1 0 1 1 1 0 0 0 1 1 0 1 0 1 1 0 0 0 1 0 1 0 0 1 0 1 1 1 1 1 1 1 0 1 0 0 0 0 0 1 0 1 0 1 1 1 1 0 1 0 1 34873.0 30187.0 33981.0 0 0.09370250865512517
1 0 1 1 1 0 1 1 1 0 1 1 1 1 0 1 1 1 1 0 1 1 0 0 0 1 1 1 0 1 1 1 1 1 0 1 1 0 1 0 0 1 1 0 1 1 1 1 0 1 0 1 1 1 0 0 0 1 1 0 1 0 1 1 0 0 1 1 0 1 1 0 1 0 1 1 1 1 1 1 1 0 1 0 0 0 0 0 1 0 0 0 1 1 1 1 0 1 0 0 34666.0 30490.0 33916.0 0 0.0745026837669546
1 0 1 1 0 0 1 1 1 0 1 0 1 1 0 0 1 1 1 0 1 1 0 0 0 1 1 1 0 1 1 1 1 1 0 1 1 1 0 1 0 1 1 0 1 1 1 1 1 1 0 0 0 1 0 0 0 1 1 1 1 0 1 1 0 0 0 1 0 1 0 1 0 0 1 1 1 1 1 1 1 0 1 0 0 0 1 0 1 0 1 0 1 1 1 1 0 1 0 1 35729.0 27151.0 33849.0 0 0.20321047654401547
1 0 1 1 1 0 1 1 1 0 1 1 1 1 0 1 1 1 1 1 0 0 0 1 1 1 0 1 0 1 1 1 1 1 0 1 0 0 1 0 0 1 1 0 1 1 1 1 0 1 0 1 1 1 0 0 0 1 1 0 1 0 1 0 0 0 0 1 0 1 0 0 0 0 1 1 1 1 1 1 1 0 1 0 0 1 0 1 1 0 0 1 1 1 1 1 1 1 0 1 33532.0 30491.0 33726.0 0 0.10406559776563234
1 0 1 1 1 0 1 1 1 0 1 1 1 1 0 1 0 1 1 0 0 1 0 1 1 1 0 1 0 1 1 1 0 1 0 1 0 1 1 0 0 1 1 1 0 1 1 1 1 1 0 1 0 1 0 0 0 1 1 0 0 1 1 1 1 0 0 0 0 1 0 0 1 0 1 1 1 1 1 1 1 0 1 0 0 1 0 0 1 0 0 1 1 1 1 1 1 1 0 0 32903.0 31816.0 33723.0 0 1000000000000000.1
1 0 1 1 1 0 1 1 1 0 1 1 1 1 0 1 1 1 1 0 1 1 0 0 0 1 1 1 0 1 1 1 1 1 0 1 1 0 1 0 0 1 1 0 1 1 1 1 0 1 0 1 1 1 0 0 0 1 1 0 1 0 1 1 0 0 0 1 0 1 0 0 1 0 1 1 1 1 1 1 1 0 1 0 0 1 0 0 1 0 0 0 1 1 1 1 0 1 0 1 35195.0 30302.0 33637.0 0 0.07008783122998802
1 0 1 1 1 0 1 1 1 0 1 1 1 1 0 1 0 1 1 0 0 1 0 1 1 1 0 1 0 1 1 1 0 1 0 1 0 1 1 0 0 1 1 1 0 1 1 1 1 1 0 1 0 1 0 0 0 1 1 0 0 1 1 1 1 0 0 0 0 1 0 0 1 0 1 1 1 1 1 1 1 0 1 0 0 1 0 0 1 0 0 0 1 1 1 1 1 1 0 1 33192.0 31571.0 33598.0 0 0.11853506599374303
1 0 1 1 1 0 1 1 1 0 1 1 1 1 0 1 1 1 1 1 0 1 0 1 1 1 0 1 0 1 1 1 1 1 0 1 0 0 1 0 0 1 1 0 1 1 1 1 0 1 0 1 1 1 0 0 0 1 1 0 1 0 1 0 0 0 0 1 0 1 0 0 0 0 1 1 1 1 1 1 1 0 1 0 0 1 0 0 1 0 0 1 1 1 1 1 1 1 0 1 33614.0 30737.0 33554.0 0 0.07756252927607488
1 0 1 1 1 0 1 1 1 0 1 1 1 1 0 1 1 1 1 0 1 1 0 0 0 1 1 1 0 1 1 1 1 1 0 1 1 0 1 0 0 1 1 0 1 1 1 1 0 1 0 1 1 1 0 0 0 1 1 0 1 0 1 1 0 0 0 1 0 1 0 0 1 0 1 1 1 1 1 1 1 0 1 0 0 1 0 0 1 0 0 0 1 1 0 1 0 1 1 1 35932.0 29896.0 33470.0 0 0.11172319670389136
1 0 1 1 1 0 1 1 1 0 1 1 1 1 0 1 1 1 1 0 1 0 0 0 1 1 1 0 0 1 1 1 0 1 0 1 1 1 1 0 0 1 1 1 0 1 1 1 1 1 0 1 0 1 0 0 0 1 1 0 0 1 1 1 1 0 0 0 0 1 0 0 1 0 1 1 1 1 1 1 1 0 0 0 0 0 1 0 1 0 1 0 1 1 1 1 0 1 0 1 33841.0 30951.0 33304.0 0 0.07054370204324764
1 0 1 1 1 0 1 1 1 0 1 1 1 1 0 1 1 1 1 0 1 1 0 0 1 1 1 1 0 1 1 1 0 1 0 1 0 1 1 0 0 1 1 0 0 0 1 1 1 1 0 0 0 1 0 0 0 1 1 0 1 0 1 1 1 0 1 1 0 1 0 0 1 0 1 1 1 0 1 1 1 1 1 0 0 1 0 0 1 0 0 0 1 1 0 1 0 1 1 1 36102.0 27641.0 33304.0 0 0.13579228564483228
1 0 1 1 1 0 1 1 1 0 1 1 1 1 0 1 1 1 1 0 1 1 0 0 1 1 1 1 0 1 1 1 0 1 0 1 0 1 1 0 0 1 1 0 1 1 1 1 1 1 0 1 1 1 0 0 0 1 1 0 1 0 1 0 0 0 0 1 0 1 0 0 0 0 1 1 1 1 1 1 1 0 1 0 0 1 0 0 1 0 0 0 1 1 1 1 1 1 0 1 34610.0 30640.0 33287.0 0 0.07337144836762668
1 0 1 1 1 0 1 1 1 0 1 1 1 1 0 1 1 1 1 0 1 1 0 0 1 1 1 1 0 1 1 1 0 1 0 1 0 0 1 0 0 1 1 0 0 0 1 1 1 1 0 0 0 1 0 0 0 1 1 1 1 0 1 1 0 0 0 1 0 1 0 0 0 0 1 1 1 1 1 1 1 0 1 0 0 1 0 0 1 0 0 0 1 1 1 1 1 1 1 1 36030.0 28329.0 33186.0 0 0.10124153385954215
1 0 1 1 1 0 1 1 1 0 1 1 1 1 0 1 0 1 1 1 0 1 0 0 0 1 1 1 0 1 1 1 0 1 0 1 0 1 0 0 0 1 1 0 1 1 1 1 1 1 0 0 0 1 0 0 0 1 1 1 1 1 1 1 1 0 1 1 0 1 1 0 1 0 1 1 1 1 1 1 1 1 0 0 0 1 0 0 1 0 0 0 1 1 1 1 0 1 0 0 35792.0 29926.0 33160.0 0 0.0709540426098551
1 0 1 1 1 0 1 1 1 0 1 1 1 1 0 1 0 1 1 0 1 0 0 0 1 1 1 1 0 1 1 1 0 1 0 1 1 1 1 0 0 1 1 1 1 1 1 1 0 1 0 0 0 1 0 0 0 1 1 0 1 0 1 1 0 0 1 1 0 1 0 0 1 0 1 1 1 1 1 1 1 0 1 0 1 0 1 0 1 0 1 0 1 1 1 1 0 1 0 0 34341.0 30704.0 33074.0 0 0.14064517908995744
1 0 1 1 0 0 1 1 1 0 1 0 0 1 0 0 1 1 0 0 0 1 0 0 1 1 1 1 0 1 1 1 0 1 0 1 1 0 1 0 0 1 1 0 1 0 1 1 1 1 0 0 0 1 0 0 0 1 1 1 1 1 1 1 1 0 1 1 0 1 0 1 1 0 1 1 1 0 1 1 1 1 1 0 0 1 0 0 1 0 0 1 1 1 0 1 0 1 1 1 37210.0 26236.0 33051.0 0 2000000000000000.0
1 0 1 1 0 0 1 1 1 0 1 0 1 1 0 0 1 1 0 0 1 1 0 0 1 1 1 1 0 1 1 1 0 1 0 1 1 0 1 0 0 1 1 0 1 0 1 1 1 1 0 0 0 1 0 0 0 1 1 0 1 1 1 1 1 0 1 1 0 1 0 0 0 0 1 1 1 1 1 1 1 0 1 0 0 1 0 0 1 0 0 0 1 1 1 1 1 1 1 1 36042.0 28106.0 32962.0 0 0.15486884824675387
1 0 1 1 1 0 1 1 1 0 1 0 1 1 0 1 0 1 1 0 1 0 0 0 1 1 1 1 0 1 1 1 1 1 0 1 1 1 1 0 0 1 1 1 1 1 1 1 0 1 0 1 1 1 0 0 0 1 1 0 1 0 1 1 0 0 0 1 0 1 0 0 1 0 1 1 1 1 1 1 1 0 1 0 0 1 0 0 1 0 0 0 1 1 1 1 0 1 0 1 35020.0 30707.0 32873.0 0 0.035831687701415774
1 0 1 1 1 0 1 1 1 0 1 1 1 1 0 1 0 1 1 0 1 0 0 0 1 1 1 1 0 1 1 1 0 1 0 1 1 1 1 0 0 1 1 1 1 1 1 1 0 1 0 1 0 1 0 0 0 1 1 0 0 1 1 1 1 0 0 0 0 1 0 0 1 0 1 1 1 1 1 1 1 0 1 0 0 1 0 0 1 0 0 1 1 1 1 1 1 1 0 0 33856.0 32345.0 32836.0 0 1000000000000000.0
1 0 1 1 1 0 1 1 1 0 1 1 1 1 0 1 0 1 1 1 0 1 0 0 0 1 1 1 0 1 1 1 1 1 0 1 1 0 1 0 0 1 1 0 1 1 1 1 0 1 0 1 1 1 0 0 0 1 1 0 1 0 1 1 0 0 0 1 0 1 1 0 1 0 1 1 1 1 1 1 1 0 1 0 0 1 0 0 1 0 0 0 1 1 1 1 0 1 0 1 35285.0 30788.0 32784.0 0 0.08528047026108992
1 0 1 1 1 0 0 1 1 0 1 1 1 1 0 1 0 1 1 0 1 0 0 0 1 1 1 1 0 1 1 1 0 1 0 1 1 1 0 0 0 1 1 0 1 1 1 1 1 1 0 0 0 1 0 0 0 1 1 1 1 1 1 1 1 0 1 1 0 1 1 0 1 0 1 1 1 1 1 1 1 1 0 0 0 1 0 0 1 0 0 0 1 1 1 1 0 1 0 0 36087.0 29586.0 32563.0 0 0.12286215974273622
1 0 1 1 1 0 1 1 1 0 1 1 1 1 0 1 1 1 1 0 1 0 0 0 1 1 1 0 0 1 1 1 0 1 0 1 1 1 1 0 0 1 1 1 1 1 1 1 0 1 0 0 0 1 0 0 0 1 1 0 1 0 1 1 0 0 0 1 0 1 0 1 1 0 1 1 1 0 1 1 1 1 1 0 0 1 0 0 1 0 0 1 1 1 0 1 0 1 1 1 36306.0 28976.0 32421.0 0 0.11342067203982015
1 0 1 1 1 0 1 1 1 0 1 1 1 1 0 1 1 1 1 0 1 0 0 0 1 1 1 1 0 1 1 1 0 1 0 1 1 1 1 0 0 1 1 1 1 1 1 1 0 1 0 1 1 1 0 1 0 0 1 0 1 1 1 0 0 0 0 1 0 1 0 0 1 0 1 1 1 1 1 1 1 0 1 0 0 0 0 0 1 0 0 0 1 1 1 1 0 1 0 1 34724.0 31172.0 32333.0 0 0.13547952748712827
1 0 1 1 1 0 1 1 1 0 1 1 1 1 0 1 0 1 1 0 1 0 0 0 1 1 1 1 0 1 1 1 0 1 0 1 1 1 1 0 0 1 1 1 1 1 1 1 0 1 0 1 1 1 0 0 0 1 1 0 1 0 1 1 0 0 0 1 0 1 0 0 1 0 1 1 1 1 1 1 1 0 1 0 0 1 0 0 1 0 0 0 1 1 1 1 0 1 0 1 35113.0 30965.0 32194.0 0 0.11168653730767379
1 0 1 1 1 0 1 1 1 0 1 1 1 1 0 1 0 1 1 0 0 1 0 1 1 1 0 1 0 1 1 1 0 1 0 1 1 1 1 0 0 1 1 0 1 0 1 1 1 1 0 0 0 1 0 0 0 1 1 0 1 0 1 1 0 0 1 1 0 1 0 1 0 0 1 1 1 0 1 1 1 1 1 0 0 1 0 0 1 0 0 0 1 1 0 1 0 1 1 1 36312.0 27604.0 31978.0 0 0.26666265595739974
1 0 1 1 1 0 1 1 1 0 1 1 1 1 0 1 0 1 0 1 0 1 1 1 1 1 0 1 1 1 1 1 0 1 0 1 0 0 0 0 0 1 1 0 1 1 1 1 0 1 0 1 1 1 0 0 0 1 1 0 1 0 1 0 0 0 0 1 0 1 0 1 0 0 1 1 1 1 1 1 1 0 1 0 0 1 0 0 1 0 0 0 1 1 1 1 1 1 0 1 34094.0 31308.0 31137.0 0 0.30189316860784854
1 0 1 1 0 0 1 1 1 0 1 1 1 1 1 0 1 1 1 0 1 1 0 0 1 1 1 1 1 1 1 1 1 1 0 1 1 1 1 0 0 1 1 0 0 1 1 1 0 1 0 0 0 1 0 0 0 1 1 0 1 0 1 1 0 0 0 1 0 1 0 1 0 0 1 1 1 0 1 1 1 1 1 0 0 1 0 0 1 0 0 0 1 1 0 1 0 1 1 1 36367.0 26800.0 31116.0 0 0.29814002654513994
1 0 1 1 1 0 1 1 1 0 1 1 1 1 0 1 1 1 1 1 0 1 0 0 1 1 1 1 0 1 1 1 0 1 0 1 1 1 1 0 0 1 1 1 1 1 1 1 0 1 0 1 1 0 0 1 0 0 1 0 1 1 1 0 0 0 0 1 0 1 0 0 1 0 1 1 1 1 1 1 1 1 0 0 0 1 0 0 1 0 0 0 1 1 1 1 0 1 0 0 34877.0 31774.0 30810.0 0 0.08620530662302132
1 0 1 1 1 0 1 1 1 0 1 1 1 1 0 1 1 1 1 0 1 1 0 0 1 1 1 1 0 1 1 1 0 1 0 1 1 1 1 0 0 1 1 1 1 1 1 1 0 1 0 1 1 1 0 1 0 0 1 0 1 0 1 0 0 0 0 1 0 1 0 0 1 0 1 1 1 1 1 1 1 1 0 0 0 1 0 0 1 0 0 0 1 1 0 1 0 1 0 1 35322.0 31273.0 30775.0 0 0.12705591453789397
1 0 1 1 0 0 0 1 1 0 1 1 1 1 0 0 1 1 1 0 1 1 0 0 1 1 1 1 1 1 1 1 0 1 0 1 1 1 1 0 0 1 1 0 1 0 1 1 1 1 0 0 0 1 0 0 0 1 1 0 1 0 1 1 0 0 1 1 0 1 0 1 0 0 1 1 1 0 1 1 1 1 1 0 0 1 0 0 1 0 0 0 1 1 0 1 0 1 1 1 36732.0 26251.0 30640.0 0 0.48136772067611355
1 0 1 1 1 0 1 1 1 0 1 1 1 1 0 1 0 1 1 0 1 0 0 0 1 1 1 1 0 1 1 1 0 1 0 1 1 1 1 0 0 1 1 1 1 1 1 1 0 1 0 1 1 1 0 1 0 0 1 0 1 0 1 0 0 0 0 1 0 1 0 0 1 0 1 1 1 1 1 1 1 1 0 0 0 1 0 0 1 0 0 0 1 1 0 1 1 1 0 1 35139.0 31758.0 29589.0 0 1000000000000000.0
1 0 1 1 1 0 1 1 1 0 1 1 1 1 0 1 0 1 0 1 0 1 1 1 1 1 0 1 1 1 1 1 0 1 0 1 0 0 0 0 0 1 1 0 1 1 1 1 0 1 0 1 1 1 0 0 0 1 1 0 1 0 1 0 0 0 0 1 0 1 1 0 1 0 1 1 1 1 1 1 1 0 1 0 0 1 0 0 1 0 0 0 1 1 1 1 1 1 0 0 33491.0 31879.0 30975.0 1 1000000000000000.1
1 0 1 1 0 0 0 1 1 0 1 1 1 1 0 0 1 1 1 0 1 1 0 0 1 1 1 1 1 1 1 1 1 1 0 1 1 1 0 0 0 1 1 0 1 0 1 1 1 1 0 0 0 1 0 0 0 1 1 0 1 0 1 1 0 0 0 1 0 1 0 0 0 1 1 1 1 1 1 1 1 1 1 0 0 1 0 0 1 0 0 0 1 1 0 1 0 1 1 1 36280.0 26996.0 30817.0 1 1000000000000000.1
1 0 1 1 1 0 1 1 1 0 1 1 1 1 0 1 1 0 1 1 0 1 0 1 1 1 0 1 0 1 1 1 1 1 1 1 0 1 0 1 0 1 1 0 1 1 1 1 0 1 0 0 0 1 0 0 0 1 1 0 1 0 1 1 1 0 1 1 0 1 0 0 1 0 1 1 1 1 1 1 1 0 1 0 0 0 1 1 0 0 1 0 1 1 1 1 0 0 0 1 33129.0 28322.0 35670.0 1 1000000000000000.0
1 0 1 1 1 0 1 1 1 0 1 1 1 1 0 1 1 1 1 1 0 1 0 1 1 1 0 1 0 1 1 1 0 1 0 1 0 0 1 0 0 1 1 1 0 1 1 0 1 1 0 1 0 1 0 0 0 1 1 0 0 1 1 1 1 0 0 0 0 1 0 0 1 0 1 1 1 1 1 1 1 0 1 0 0 0 1 1 0 0 1 0 1 1 1 1 0 0 0 1 32541.0 30162.0 34609.0 1 1000000000000000.0
1 0 1 1 0 0 1 1 1 0 1 1 1 1 0 0 1 1 1 0 1 1 0 0 1 1 1 1 0 1 1 1 1 1 0 1 1 1 1 0 0 1 1 0 0 0 1 1 1 1 0 0 0 1 0 0 0 1 1 0 1 0 1 1 0 0 1 1 0 1 0 1 0 0 1 1 1 0 1 1 1 1 1 0 0 1 0 0 1 0 0 0 1 1 0 1 0 1 1 1 36267.0 25808.0 31806.0 1 1000000000000000.0
1 0 1 1 1 0 0 1 1 0 1 1 1 1 0 1 0 1 1 0 1 0 0 0 1 1 1 1 0 1 1 1 0 1 0 1 1 1 1 0 0 1 1 1 1 1 1 1 0 1 0 1 1 1 0 1 0 0 1 0 1 0 1 0 0 0 0 1 0 1 0 0 1 0 1 1 1 1 1 1 1 1 0 0 0 1 0 0 1 0 0 0 1 1 0 1 1 1 0 1 34568.0 31144.0 28618.0 1 1000000000000000.0
1 0 1 1 0 0 1 1 1 0 1 1 1 1 0 0 1 1 1 0 1 1 0 0 1 1 1 1 1 1 1 1 1 1 0 1 1 1 1 0 0 1 1 1 1 1 1 1 0 1 0 1 1 1 0 1 0 0 1 0 1 0 1 0 0 0 0 1 0 1 0 0 1 0 1 1 1 1 1 1 1 1 0 0 0 1 0 0 1 0 0 0 1 1 0 1 0 1 0 1 35243.0 30260.0 30130.0 1 0.31519995005331447
1 0 1 1 0 0 1 1 1 0 1 1 1 1 0 0 1 1 1 0 1 1 0 0 1 1 1 1 1 1 1 1 1 1 0 1 1 1 1 0 0 1 1 0 0 1 1 1 0 1 0 0 0 1 0 0 0 1 1 0 1 0 1 1 0 0 1 1 0 1 0 1 0 0 1 1 1 0 1 1 1 1 1 0 0 1 0 0 1 0 0 0 1 1 0 1 0 1 1 1 36047.0 26509.0 31771.0 1 0.16589040831490412
0 0 1 1 1 0 1 1 1 0 1 1 1 1 0 1 0 1 1 0 1 1 0 0 1 1 1 0 1 1 1 1 1 1 0 1 1 1 1 0 0 1 1 0 0 1 1 1 0 1 0 0 0 1 0 0 0 1 1 0 1 0 1 1 0 0 1 1 0 1 0 1 0 0 1 1 1 0 1 1 1 1 1 0 0 1 0 0 1 0 0 0 1 1 0 1 0 1 1 1 35949.0 27362.0 32012.0 1 0.1479587027826861
1 0 1 1 1 0 1 1 1 0 1 1 1 1 0 1 1 1 1 0 1 1 0 0 1 1 0 1 0 1 1 1 1 1 1 1 0 1 0 1 0 1 1 0 1 1 1 1 0 1 0 0 0 1 0 0 0 1 1 0 1 0 1 1 1 0 1 1 0 1 0 0 1 0 1 1 1 1 1 1 1 0 1 0 0 0 1 1 0 0 1 0 1 1 1 1 0 0 0 1 33515.0 28739.0 35655.0 1 0.13330917720185803
1 0 1 1 1 0 1 1 1 0 1 1 1 1 0 1 0 1 1 0 0 1 0 1 1 1 0 1 0 1 1 1 0 1 0 1 0 0 1 0 0 1 1 1 0 1 1 1 1 1 0 1 0 1 0 0 0 1 1 0 0 1 1 1 1 0 0 0 0 1 0 0 1 0 1 1 1 1 1 1 1 0 1 0 0 1 0 0 1 0 0 0 1 1 1 1 1 1 0 1 33171.0 31564.0 33412.0 1 0.1301079494228413
1 0 1 1 1 0 1 1 1 0 1 1 1 1 0 1 1 1 1 1 0 1 0 1 1 1 0 1 0 1 1 1 1 1 0 1 0 1 0 1 0 1 1 0 1 1 1 1 0 1 0 0 0 1 0 0 0 1 1 0 1 0 1 1 0 0 1 1 0 1 0 0 1 0 1 1 1 1 1 1 1 0 1 0 0 0 1 0 1 0 1 0 1 1 1 1 0 1 0 1 34087.0 28973.0 35183.0 1 0.12197794357129857
1 0 1 1 1 0 1 1 1 0 1 1 1 1 0 1 0 1 1 0 1 0 0 0 1 1 1 1 0 1 1 1 0 1 0 1 1 1 1 0 0 1 1 1 1 1 1 1 0 1 0 0 0 1 0 0 0 1 1 0 1 0 1 1 0 0 0 1 0 1 0 1 0 0 1 1 1 0 1 1 1 1 1 0 0 1 0 0 1 0 0 0 1 1 0 1 0 1 1 1 35845.0 28509.0 30744.0 1 0.12106062641693813
0 0 1 1 1 0 1 1 1 0 1 1 1 1 0 1 1 1 1 1 0 1 0 0 1 1 1 1 0 1 1 1 0 1 0 1 1 1 1 0 0 1 1 1 1 1 1 1 0 1 0 1 1 0 0 1 0 0 1 0 1 1 1 0 0 0 0 1 0 1 0 0 1 0 1 1 1 1 1 1 1 1 0 0 0 1 0 0 1 0 0 0 1 1 1 1 0 1 0 0 34561.0 31618.0 30617.0 1 0.11872026543743197
1 0 1 1 1 0 1 1 1 0 1 1 1 1 0 1 1 1 1 1 0 1 0 1 1 1 0 1 0 1 1 1 1 1 0 1 0 1 0 1 0 1 1 0 1 1 1 1 0 1 0 0 0 1 0 0 0 1 1 0 1 0 1 1 0 0 1 1 0 1 0 1 0 0 1 1 1 0 1 1 1 1 1 0 0 1 0 0 1 0 0 0 1 1 0 1 0 1 1 1 35341.0 27439.0 33551.0 1 0.11598592621139611
1 0 1 1 1 0 1 1 1 1 1 1 1 1 0 1 0 1 1 1 0 1 0 1 1 1 0 1 0 1 1 1 1 1 0 1 0 1 1 0 0 1 1 0 1 1 1 1 0 1 0 0 0 1 0 0 0 1 1 0 0 1 1 1 1 0 0 0 0 1 0 0 1 0 1 1 1 1 1 1 1 0 1 0 0 1 0 0 1 0 0 1 1 1 1 1 1 1 0 0 32864.0 30725.0 34280.0 1 0.11433097172500964
1 0 1 1 1 0 1 1 1 0 1 1 1 1 0 1 1 1 1 0 1 0 0 0 1 1 1 0 0 1 1 1 0 1 0 1 1 1 1 0 0 1 1 1 1 1 1 1 0 1 0 1 1 1 0 0 0 1 1 0 1 0 1 0 0 0 0 1 0 1 1 0 1 0 1 1 1 1 1 1 1 0 1 0 0 1 0 0 1 0 0 0 1 1 1 1 1 1 0 0 33834.0 31539.0 31731.0 1 0.1132847044126779
1 0 1 1 1 0 1 1 1 0 1 1 1 1 0 1 0 1 1 0 1 0 0 0 1 1 1 1 0 1 1 1 0 1 0 1 0 1 0 0 0 1 1 0 1 1 1 1 1 1 0 0 0 1 0 0 0 1 1 0 1 1 1 1 1 0 0 1 0 1 0 0 1 0 1 1 1 1 1 1 1 0 1 0 0 1 0 0 1 0 0 0 1 1 0 1 0 1 1 1 35439.0 28638.0 33127.0 1 0.10993005182015315
1 0 1 1 1 0 1 1 1 1 1 1 1 1 0 1 0 1 1 1 0 0 0 1 1 1 0 1 0 1 1 1 1 1 0 1 1 1 1 0 0 1 1 0 1 1 1 1 0 1 0 0 0 1 0 0 0 1 1 0 1 0 1 1 1 0 1 1 0 1 0 0 1 0 1 1 1 1 1 1 1 0 1 0 0 0 1 1 0 0 1 0 1 1 1 1 0 0 0 1 34401.0 29689.0 34802.0 1 0.10976703941252416
1 0 1 1 1 0 1 1 1 0 1 1 1 1 0 1 1 1 1 0 1 1 0 0 1 1 1 0 0 1 1 1 1 1 0 1 1 1 1 0 0 1 1 1 1 1 1 1 0 1 0 1 1 1 0 1 0 0 1 0 1 0 1 0 0 0 0 1 0 1 0 0 1 0 1 1 1 1 1 1 1 1 0 0 0 1 0 0 1 0 0 0 1 1 0 1 0 1 0 1 34918.0 30834.0 31134.0 1 0.10599621789244128
1 0 1 1 1 0 1 1 1 0 1 1 1 1 0 1 0 1 1 1 0 0 0 1 1 1 0 1 0 1 1 1 0 1 0 1 1 1 1 0 0 1 1 0 1 0 1 1 1 1 0 0 0 1 0 0 0 1 1 0 1 0 1 1 0 0 1 1 0 1 0 1 0 0 1 1 1 0 1 1 1 0 1 0 0 1 0 0 1 0 0 0 1 1 1 1 0 1 1 1 36070.0 28125.0 31746.0 1 0.10585550645675153
1 0 1 1 1 0 1 1 1 0 1 1 1 1 0 1 0 1 1 0 1 0 0 0 1 1 1 1 0 1 1 1 0 1 0 1 1 1 1 0 0 1 1 1 1 1 1 1 0 1 0 0 0 1 0 1 0 1 1 0 1 0 1 1 0 0 0 1 0 1 0 1 0 0 1 1 1 0 1 1 1 1 1 0 0 1 0 0 1 0 0 0 0 1 1 1 0 1 1 1 35653.0 29056.0 31435.0 1 0.10531499858075785
1 0 1 1 1 0 1 1 1 0 1 1 1 1 0 1 0 1 0 1 0 1 1 1 1 1 0 1 1 1 1 1 0 1 0 1 0 0 0 0 0 1 1 0 1 1 1 1 0 1 0 1 1 1 0 0 0 1 1 0 1 0 1 0 0 0 0 1 0 1 0 0 1 0 1 1 1 1 1 1 1 0 1 0 0 1 0 0 1 0 0 0 1 1 1 1 1 1 0 1 33840.0 31649.0 31283.0 1 0.1031230355731005
1 0 1 1 1 0 1 1 1 0 1 1 1 1 0 1 1 1 1 0 1 1 0 0 1 1 0 1 0 1 1 1 1 1 0 1 0 0 1 0 0 1 1 0 1 1 1 1 0 1 0 0 0 1 0 0 0 1 1 0 1 0 1 1 1 0 1 1 0 1 0 0 1 0 1 1 1 1 1 1 1 0 1 0 1 0 1 1 0 1 1 0 1 1 1 1 0 0 0 0 32997.0 29620.0 35053.0 1 0.1029745779360863
1 0 1 1 1 0 1 1 1 0 1 1 1 1 0 0 1 1 1 0 1 1 0 0 0 1 1 1 0 1 1 1 1 1 0 1 1 1 0 1 0 1 1 0 1 1 1 1 1 1 0 0 0 1 0 0 0 1 1 1 1 0 1 1 0 0 0 1 0 1 0 1 0 0 1 1 1 0 1 1 1 0 1 0 0 0 1 1 0 0 1 0 1 1 1 1 0 0 0 1 35322.0 26734.0 34284.0 1 0.10177973989717089
1 0 1 1 1 0 1 1 1 0 1 1 1 1 0 1 1 1 1 1 0 1 0 1 1 1 0 1 1 1 1 1 0 1 0 1 0 0 0 0 0 1 1 0 1 1 1 1 0 1 0 1 1 1 0 0 0 1 1 0 1 0 1 0 0 0 0 1 0 1 1 0 1 0 1 1 1 1 1 1 1 0 1 0 0 1 0 0 1 0 0 0 1 1 1 1 1 1 0 0 33655.0 31184.0 32231.0 1 0.09979092170735859
1 0 1 1 1 1 1 1 1 0 1 1 1 1 0 1 1 1 1 0 1 1 0 0 1 1 1 1 0 1 1 1 0 1 0 1 1 1 1 0 0 1 1 1 1 1 1 1 0 1 0 1 1 1 0 0 0 1 1 0 1 1 1 0 0 0 0 1 0 1 0 0 1 0 1 0 1 1 1 1 1 1 0 0 0 1 0 0 1 0 0 0 1 1 0 1 0 1 0 1 34414.0 31014.0 31864.0 1 0.09476803860768902
0 0 1 1 1 0 1 1 1 0 1 1 1 1 0 1 1 1 1 1 0 1 0 1 1 1 0 1 1 1 1 1 0 1 0 1 0 0 0 0 0 1 1 1 1 1 1 1 0 1 0 1 1 0 0 1 0 0 1 0 1 1 1 0 0 0 0 1 0 1 0 0 1 0 1 1 1 1 1 1 1 1 1 0 0 1 0 0 1 0 0 0 1 1 1 1 0 1 0 0 33974.0 31096.0 31513.0 1 0.09223711381407668
1 0 1 1 1 0 1 1 1 0 1 1 1 1 0 1 0 1 1 0 1 1 0 0 1 1 1 1 0 1 1 1 0 1 0 1 0 1 1 0 0 1 1 0 1 1 1 1 1 1 0 1 1 1 0 0 0 1 1 0 1 0 1 0 0 0 0 1 0 1 0 0 0 0 1 1 1 1 1 1 1 0 1 0 0 1 0 0 1 0 0 0 1 1 1 1 1 1 0 1 34502.0 30500.0 32482.0 1 0.08969807126589979
1 0 1 1 1 0 1 1 1 0 1 0 1 1 0 1 1 1 1 1 0 1 1 1 1 1 0 1 0 1 1 1 0 1 0 1 0 1 0 0 0 1 1 0 1 0 1 1 1 1 0 0 0 1 0 0 0 1 1 0 1 0 1 1 0 0 1 1 0 1 0 1 0 0 1 1 1 0 1 1 1 1 1 0 0 1 0 0 1 0 0 0 1 1 0 1 0 1 1 1 35905.0 27746.0 32683.0 1 0.08847025467688133
1 0 1 1 1 1 1 1 1 0 1 1 0 1 0 1 1 1 1 0 1 1 0 0 1 1 1 1 0 1 1 1 0 1 0 1 1 1 1 0 0 1 1 0 0 1 1 1 1 1 0 0 0 1 0 0 0 1 1 1 1 0 1 1 0 0 1 0 0 1 0 1 0 0 1 1 1 1 1 1 1 0 1 0 0 0 1 0 1 0 1 0 1 1 1 1 0 0 0 1 35009.0 28049.0 34341.0 1 0.08311271746496693
1 0 1 1 1 0 1 1 1 0 1 1 1 1 0 1 1 1 1 0 1 0 0 0 1 1 1 0 0 1 1 1 0 1 0 1 1 1 1 0 0 1 1 1 1 1 1 1 0 1 0 0 0 1 0 0 0 1 1 0 1 0 1 1 0 0 1 1 0 1 0 0 1 0 0 1 1 1 1 1 1 0 1 0 0 1 0 0 1 0 0 0 1 1 1 1 1 1 1 1 34758.0 30325.0 32778.0 1 0.08267142996537047
1 0 1 1 1 0 1 1 1 0 1 1 1 1 0 1 1 1 1 1 0 0 0 1 1 1 0 1 0 1 1 1 1 1 0 1 0 0 1 0 0 1 1 0 1 1 1 1 0 1 0 0 0 1 0 0 0 1 1 0 1 0 1 1 1 0 1 1 0 1 0 0 1 0 1 1 1 1 1 1 1 0 1 0 1 0 1 1 0 1 1 0 1 1 1 1 0 0 0 0 33124.0 29811.0 34556.0 1 0.08253114092106467
1 0 1 1 1 0 1 1 1 0 1 1 1 1 0 1 1 1 1 1 0 1 0 1 1 1 0 1 0 1 1 1 0 1 0 1 0 1 0 0 0 1 1 0 1 1 1 1 1 1 0 0 0 1 0 0 0 1 1 1 1 0 1 1 0 0 1 0 0 1 0 1 0 0 1 1 1 1 1 1 1 0 1 0 0 0 1 0 1 0 1 0 1 1 1 1 0 1 0 1 34852.0 28955.0 34245.0 1 0.08207852077589496
1 0 1 1 1 0 1 1 1 0 1 1 1 1 0 1 1 1 1 0 1 1 0 0 1 1 1 1 0 1 1 1 0 1 0 1 1 0 1 0 0 1 1 0 0 1 1 1 0 1 0 1 1 1 0 0 0 1 1 0 1 0 1 1 0 0 0 1 0 1 0 0 1 0 1 1 1 1 1 1 1 0 1 0 0 1 0 0 1 0 0 0 1 1 1 1 0 1 0 1 35079.0 29872.0 33024.0 1 0.07951683360167172
1 0 1 1 0 0 1 1 1 0 1 1 1 1 0 0 1 1 1 0 1 1 0 0 1 1 1 1 0 1 1 1 1 1 0 1 1 1 1 0 0 1 1 0 0 0 1 1 1 1 0 0 0 1 0 0 0 1 1 0 1 1 1 1 1 0 1 1 0 1 1 0 1 0 1 1 1 1 1 1 1 0 1 0 0 0 0 0 1 0 0 0 1 1 1 1 0 1 0 1 35187.0 27919.0 34279.0 1 0.07907794643333536
1 0 1 1 1 0 1 1 1 0 1 1 1 1 0 1 1 1 1 0 1 1 0 0 1 1 1 1 0 1 1 1 0 1 0 1 0 1 1 0 0 1 1 0 1 1 1 1 1 1 0 1 1 1 0 0 0 1 1 0 1 0 1 0 0 0 0 1 0 1 0 0 0 0 1 1 1 1 1 1 1 0 1 0 0 1 0 0 1 0 0 0 1 1 1 1 1 1 0 0 34014.0 30613.0 32600.0 1 0.07597797198798477
1 0 1 1 0 0 1 1 1 0 1 0 1 1 0 0 1 1 1 0 1 1 0 0 0 1 1 1 0 1 1 1 1 1 0 1 1 1 1 1 0 1 1 0 1 1 1 1 1 1 0 0 0 1 0 0 0 1 1 1 1 0 1 1 0 0 0 1 0 1 0 1 0 0 1 1 1 1 1 1 1 0 1 0 0 0 1 0 1 0 1 0 1 1 1 1 0 1 0 0 35537.0 27704.0 33301.0 1 0.07459587491415655
1 0 1 1 0 0 0 1 1 0 1 1 1 1 0 0 1 1 1 0 1 1 0 0 1 1 1 1 1 1 1 1 0 1 0 1 1 1 1 0 0 1 1 0 1 1 1 1 1 1 0 0 0 1 0 0 0 1 1 1 1 0 1 1 0 0 1 0 0 1 0 1 0 0 1 1 1 1 1 1 1 0 1 0 0 0 1 0 1 0 1 0 1 1 1 1 0 1 0 1 35737.0 28049.0 32393.0 1 0.07354535662594985
1 0 1 1 1 0 1 1 1 0 1 1 1 1 0 1 0 1 1 0 1 0 0 0 1 1 1 1 0 1 1 1 0 1 0 1 0 1 0 0 0 1 1 0 1 1 1 1 1 1 0 0 0 1 0 0 0 1 1 0 1 1 1 1 1 0 1 1 0 1 1 0 1 0 1 1 1 1 1 1 1 0 1 0 0 0 0 0 1 0 0 0 1 1 1 1 0 1 0 1 34769.0 29259.0 34260.0 1 0.07311772663934095
1 0 1 1 1 0 1 1 1 0 1 1 1 1 0 1 0 1 1 0 0 1 0 1 1 1 0 1 0 1 1 1 0 1 0 1 1 1 1 0 0 1 1 0 1 1 1 1 0 1 0 0 0 1 0 0 0 1 1 0 1 0 1 1 0 0 1 1 0 1 0 0 1 0 1 1 1 1 1 1 1 0 1 0 1 0 1 0 1 0 1 0 1 1 1 1 0 1 0 1 34239.0 29853.0 34069.0 1 0.07277500867170808
1 0 1 1 0 0 1 1 1 0 1 0 1 1 0 0 1 1 1 0 1 1 0 0 0 1 1 1 0 1 1 1 1 1 0 1 1 1 0 1 0 1 1 0 1 1 1 1 1 1 0 0 0 1 0 0 0 1 1 1 1 0 1 1 0 0 0 1 0 1 0 1 0 0 1 1 1 1 1 1 1 0 1 0 0 1 1 1 0 0 1 0 1 1 1 1 0 0 0 1 35516.0 26567.0 33801.0 1 0.07247634623473954
1 0 1 1 1 0 1 1 1 0 1 1 1 1 0 1 1 1 1 1 0 1 0 1 1 1 0 1 0 1 1 1 1 1 0 1 0 0 1 0 0 1 1 0 1 1 1 1 0 1 0 1 1 1 0 0 0 1 1 0 1 0 1 0 0 0 0 1 0 1 0 0 0 0 1 1 1 1 1 1 1 0 1 0 0 1 0 0 1 0 0 0 1 1 1 1 1 1 1 1 34211.0 30475.0 33314.0 1 0.06598887994877253
1 0 1 1 1 0 1 1 1 0 1 1 1 1 0 1 1 1 1 0 1 0 0 0 1 1 1 0 0 1 1 1 0 1 0 1 1 1 1 0 0 1 1 1 1 1 1 1 0 1 0 0 0 1 0 0 0 1 1 0 1 0 1 1 0 0 0 1 0 1 0 1 1 0 1 1 1 0 1 1 1 1 1 0 0 1 0 0 1 0 0 1 1 1 1 1 0 1 0 1 35569.0 29382.0 32588.0 1 0.06587610584716336
1 0 1 1 1 0 1 1 1 0 1 1 1 1 0 1 0 1 0 0 0 1 0 1 1 1 0 1 0 1 1 1 0 1 0 1 0 0 1 0 0 1 1 1 0 1 1 1 1 1 0 1 0 1 0 0 0 1 1 0 0 1 1 1 1 0 0 0 0 1 0 0 1 0 1 1 1 1 1 1 1 0 1 0 0 0 1 0 1 0 0 0 1 1 1 1 0 1 1 1 33536.0 30696.0 33457.0 1 0.06558625407029094
1 0 1 1 0 0 1 1 1 0 1 1 1 1 0 1 1 1 0 0 1 1 1 0 0 1 1 1 0 1 1 1 0 1 0 1 0 1 0 0 0 1 1 0 1 1 1 1 1 1 0 0 0 1 0 0 0 1 1 0 1 1 1 1 1 0 1 1 0 1 1 0 1 0 1 1 1 1 1 1 1 0 1 0 0 1 0 0 1 0 0 0 1 1 1 1 0 1 0 1 34893.0 29530.0 33985.0 1 0.06551074066722383
1 0 1 1 1 0 1 1 1 0 1 1 1 1 0 1 1 1 1 1 0 0 0 1 1 1 0 1 0 1 1 1 1 1 0 1 0 0 1 0 0 1 1 1 1 1 1 1 0 1 0 0 0 1 0 0 0 1 1 0 1 1 1 1 1 0 0 1 0 1 0 0 1 0 1 1 1 1 1 1 1 0 1 0 0 1 0 0 1 0 0 0 1 1 0 1 0 1 1 1 34685.0 30090.0 33734.0 1 0.06435028188858583
1 0 1 1 1 0 1 1 1 1 1 1 1 1 0 1 0 1 1 1 0 1 0 1 1 1 0 1 0 1 1 1 1 1 0 1 0 1 1 0 0 1 1 0 1 1 1 1 0 1 0 0 0 1 0 0 0 1 1 0 1 0 1 1 1 0 1 1 0 1 0 0 1 0 1 1 1 1 1 1 1 0 1 0 0 0 1 1 0 1 1 0 1 1 1 1 0 0 0 0 33774.0 29469.0 34866.0 1 0.06368603950582061
1 0 1 1 1 0 1 1 1 0 1 1 1 1 0 1 0 1 1 0 1 0 0 0 1 1 1 1 0 1 1 1 0 1 0 1 1 1 1 0 0 1 1 1 1 1 1 1 0 1 0 1 1 1 0 0 0 1 1 0 1 0 1 1 0 0 0 1 0 1 0 0 1 0 1 1 1 1 1 1 1 0 1 0 0 0 0 0 1 0 0 0 1 1 1 1 0 1 0 1 34639.0 30824.0 32125.0 1 0.06318414146325317
1 0 1 1 1 0 1 1 1 0 1 1 1 1 0 1 1 1 1 1 0 1 0 1 1 1 0 1 0 1 1 1 1 1 0 1 0 0 1 0 0 1 1 0 1 1 1 1 0 1 0 1 1 1 0 0 0 1 1 0 1 1 1 0 0 0 0 1 0 1 0 0 0 0 1 1 1 1 1 1 1 0 1 0 0 1 0 0 1 0 0 1 1 1 1 1 0 1 0 1 33743.0 29906.0 34069.0 1 0.06174169136057983
1 0 1 1 1 0 1 1 1 0 1 1 1 1 0 1 0 1 1 0 1 1 0 1 1 1 0 1 0 1 1 1 0 1 0 1 0 1 1 0 0 1 1 1 0 1 1 1 1 1 0 1 0 1 0 0 0 1 1 0 0 1 1 1 0 0 1 0 0 1 0 1 0 0 1 1 1 1 1 1 1 0 1 0 0 0 1 0 1 0 1 0 1 1 1 1 0 0 0 1 33679.0 29797.0 34159.0 1 0.060364082636400314
1 0 1 1 1 0 1 1 1 0 1 1 1 1 0 1 1 1 1 0 1 0 0 0 1 1 1 0 0 1 1 1 0 1 0 1 1 1 1 0 0 1 1 1 1 1 1 1 0 1 0 0 0 1 0 0 0 1 1 0 1 0 1 1 0 0 0 1 0 1 0 1 1 0 1 1 1 0 1 1 1 1 1 0 0 1 0 0 1 0 0 1 1 1 1 1 1 1 0 0 35257.0 30246.0 32302.0 1 0.060243166416898614
1 0 1 1 1 0 1 1 1 0 1 1 1 1 0 1 1 1 1 0 1 0 0 0 1 1 1 0 0 1 1 1 0 1 0 1 1 1 1 0 0 1 1 1 1 1 1 1 0 1 0 0 0 1 0 0 0 1 1 0 1 0 1 1 0 0 0 1 0 1 0 0 0 1 1 1 1 1 1 1 1 1 1 0 0 1 0 0 1 0 0 0 1 1 0 1 0 1 1 1 35679.0 29428.0 31294.0 1 0.05835049232731546
1 0 1 1 0 0 1 1 1 0 1 1 1 1 0 1 1 1 0 0 1 1 0 0 0 1 1 1 0 1 1 1 0 1 0 1 0 1 0 0 0 1 1 0 1 1 1 1 1 1 0 0 0 1 0 1 0 1 1 0 1 1 1 1 1 0 1 1 0 1 1 0 1 0 1 1 1 1 1 1 1 0 1 0 0 1 0 0 1 0 0 0 1 1 1 1 0 1 0 1 35139.0 28962.0 33703.0 1 0.05779972878976957
1 0 1 1 1 0 1 1 1 1 1 1 1 1 0 1 0 1 1 1 0 1 0 0 1 1 0 1 0 1 1 1 1 1 0 1 0 1 1 0 0 1 1 0 1 1 1 1 0 1 0 0 0 1 0 0 0 1 1 0 1 0 1 1 0 0 1 1 0 1 0 0 1 0 1 1 1 1 1 1 1 0 1 0 0 1 0 0 1 0 0 0 1 1 1 1 1 1 0 1 34093.0 30123.0 33503.0 1 0.05505880997224101
1 0 1 1 1 0 1 1 1 0 1 1 1 1 0 1 1 1 1 1 0 1 0 1 1 0 0 1 0 1 1 1 1 1 0 1 0 1 0 1 0 1 1 0 1 1 1 1 0 1 0 0 0 1 0 0 0 1 1 0 1 1 1 1 1 0 1 1 0 1 0 0 1 0 1 1 1 1 1 1 1 0 1 0 0 1 0 0 1 0 0 0 1 1 1 1 0 1 0 1 33643.0 29318.0 34993.0 1 0.054590969100513184
