1 0 1 1 1 0 1 0 1 0 1 1 1 1 0 1 1 1 1 0 1 1 0 0 1 1 0 1 0 1 1 1 1 1 0 1 0 0 1 0 0 1 1 0 1 1 1 1 1 1 0 0 0 1 0 0 0 1 1 0 1 1 1 1 1 0 1 1 0 1 0 0 1 0 1 1 1 1 1 1 1 0 1 0 0 0 1 1 1 0 1 0 1 1 1 1 0 0 0 1 34028.0 29209.0 36959.0 0 1000000000000000.1
1 0 1 1 1 0 1 1 1 0 1 1 1 1 0 1 1 1 1 0 1 1 0 0 1 1 0 1 0 1 1 1 1 1 0 1 0 0 1 0 0 1 1 0 1 1 1 1 1 1 0 0 0 1 0 0 0 1 1 0 1 1 1 1 1 0 1 1 0 1 1 0 1 0 1 1 1 0 1 1 1 0 1 0 0 0 1 1 0 0 1 0 1 1 1 1 0 0 0 1 34495.0 28955.0 36572.0 0 0.288169870521462
1 0 1 1 1 0 1 0 1 0 1 1 1 1 0 1 1 1 1 0 1 1 0 0 1 1 0 1 0 1 1 1 1 1 0 1 0 0 1 0 0 1 1 0 1 1 1 1 1 1 0 0 0 1 0 0 0 1 1 0 1 1 1 1 1 0 1 1 0 1 0 0 1 0 1 1 1 1 1 1 0 0 1 0 0 0 1 1 1 0 0 0 1 1 1 1 1 1 0 0 33065.0 29798.0 36457.0 0 0.25050759875633455
1 0 1 1 1 0 1 1 1 0 1 1 1 1 0 1 1 1 1 0 1 0 0 0 1 1 1 1 0 1 1 1 1 1 0 1 0 0 1 0 0 1 1 0 1 1 1 1 1 1 0 1 0 1 0 0 0 1 0 0 1 1 1 1 1 0 1 1 0 1 0 0 1 0 1 1 1 1 1 1 1 0 1 0 0 0 1 1 0 0 1 0 1 1 1 1 0 0 0 1 34716.0 29417.0 36351.0 0 0.2231242900152737
1 0 1 1 1 0 1 1 1 0 1 1 1 1 0 1 1 1 1 0 1 0 0 0 1 1 1 1 0 1 1 1 1 1 1 1 0 0 1 0 0 1 1 0 1 1 1 1 1 1 0 1 1 1 0 0 0 1 1 0 1 0 1 1 0 0 0 1 0 1 0 0 1 0 1 1 1 1 1 1 1 0 1 0 0 0 1 1 1 0 1 0 1 1 1 1 0 0 0 1 35802.0 30373.0 35951.0 0 0.19685208374388422
1 0 1 1 1 0 1 1 1 0 1 1 1 1 0 1 1 1 1 0 1 1 0 0 1 1 0 1 0 1 1 1 1 1 0 1 0 0 1 0 0 1 1 1 1 1 1 1 0 1 0 1 1 1 0 0 0 1 1 0 0 1 1 1 0 0 0 1 0 1 0 0 1 0 1 1 1 1 1 1 1 0 1 1 0 0 1 1 0 0 1 0 1 1 1 1 0 1 0 0 32921.0 31589.0 35776.0 0 0.08938476544097942
1 0 1 1 1 0 1 1 1 1 1 1 1 1 0 1 1 1 1 0 0 0 0 0 1 1 1 1 0 1 1 1 1 1 0 1 0 0 1 0 0 1 1 0 1 1 1 1 1 1 0 1 0 1 0 0 0 1 1 0 0 1 1 1 1 0 0 0 0 1 0 0 1 0 1 1 1 1 1 1 1 0 1 0 0 1 1 0 1 0 0 0 1 1 1 1 1 1 0 1 34647.0 31564.0 35763.0 0 0.09083195204304743
1 0 1 1 1 0 1 1 1 0 1 1 1 1 0 1 1 1 1 0 1 1 0 0 1 1 0 1 0 1 1 1 1 1 0 1 0 0 1 0 0 1 1 1 1 1 1 1 0 1 0 1 1 1 0 0 0 1 1 0 0 1 1 1 0 0 0 1 0 1 0 0 1 0 1 1 1 1 1 1 1 0 1 0 0 0 1 1 0 0 1 0 1 1 1 1 1 1 0 0 33175.0 31592.0 35500.0 0 0.14292210807613587
1 0 1 1 0 0 1 1 1 0 1 1 1 1 0 1 1 1 1 0 1 0 0 0 1 1 1 1 0 1 1 1 0 1 0 1 1 1 0 0 0 1 1 0 1 1 1 1 1 1 0 0 0 1 0 0 0 1 1 1 1 1 1 1 1 0 1 1 0 1 0 0 1 0 1 1 1 1 1 1 1 0 1 0 0 0 1 1 0 0 1 0 1 1 1 1 0 0 0 1 35869.0 28516.0 35390.0 0 1000000000000000.0
1 0 1 1 1 0 1 1 1 0 1 1 1 1 0 1 1 1 1 0 1 0 0 0 1 1 1 1 0 1 1 1 1 1 0 1 0 0 1 0 0 1 1 0 1 1 1 1 1 1 0 1 0 1 0 0 0 1 1 0 0 1 1 1 1 0 0 0 0 1 0 0 1 0 1 1 1 1 1 1 1 0 1 0 0 1 1 0 1 0 0 0 1 1 1 1 1 1 0 1 34888.0 31725.0 35348.0 0 0.149747779293898
1 0 1 1 1 0 1 1 1 1 1 1 1 1 0 1 1 1 1 0 0 1 0 0 1 1 0 1 0 1 1 1 1 1 0 1 0 0 1 0 0 1 1 1 1 1 1 1 0 1 0 1 1 1 0 0 0 1 1 0 0 1 1 1 1 0 0 0 0 1 0 0 1 0 1 1 1 1 1 1 1 0 1 0 0 1 0 0 1 0 0 0 1 1 1 1 1 1 0 1 32804.0 31864.0 35097.0 0 0.09145518387651422
1 0 1 1 1 0 1 1 1 0 1 1 1 1 0 1 1 1 1 1 0 0 0 1 1 1 0 1 0 1 1 1 1 1 0 1 0 0 1 0 0 1 1 0 1 1 1 1 1 1 0 1 0 1 0 0 0 1 1 0 0 1 1 1 1 0 0 0 0 1 0 0 1 0 1 1 1 1 1 1 1 0 1 0 0 0 1 1 0 0 1 0 1 1 1 1 1 1 0 0 33345.0 31780.0 35050.0 0 0.19710506011771006
1 0 1 1 1 0 1 1 1 0 1 1 1 1 0 1 1 1 1 0 1 0 0 0 1 1 1 1 0 1 1 1 1 1 0 1 0 0 1 0 0 1 1 0 1 1 1 1 1 1 0 1 0 1 0 0 0 1 1 0 0 1 1 1 1 0 0 0 0 1 0 0 1 0 1 1 1 1 1 1 1 0 1 0 0 1 0 0 1 0 0 0 1 1 1 1 0 1 1 1 35024.0 30575.0 34820.0 0 0.11214773675602197
1 0 1 1 1 0 1 1 1 0 1 1 1 1 0 1 1 1 1 0 1 1 0 0 1 1 0 1 0 1 1 1 1 1 0 1 0 0 1 0 0 1 1 1 1 1 1 1 0 1 0 1 1 1 0 0 0 1 1 0 0 1 1 1 1 0 0 0 0 1 0 0 1 0 1 1 1 1 1 1 1 0 1 0 0 1 0 0 1 0 0 1 1 1 1 1 1 1 0 0 32756.0 32270.0 34807.0 0 1000000000000000.0
1 0 1 1 1 0 1 1 1 0 1 1 1 1 0 1 1 1 1 0 1 0 0 0 1 1 1 0 0 1 1 1 0 1 0 1 1 0 1 0 0 1 1 0 1 1 1 1 1 1 0 1 0 1 0 0 0 1 1 1 1 1 1 1 0 0 0 1 0 1 0 1 0 0 1 1 1 1 1 1 1 0 1 0 0 0 1 1 0 0 1 0 1 1 1 1 0 0 0 1 36589.0 29357.0 34767.0 0 0.1626941668241169
1 0 1 1 1 0 1 1 1 0 1 1 1 1 0 1 1 1 1 0 1 1 0 0 1 1 0 1 0 1 1 1 1 1 0 1 0 0 1 0 0 1 1 1 1 1 1 1 0 1 0 1 1 1 0 0 0 1 1 0 0 1 1 1 1 0 0 0 0 1 0 0 1 0 1 1 1 1 1 1 1 0 1 0 0 1 0 0 1 0 0 0 1 1 1 1 1 1 0 1 33045.0 32025.0 34682.0 0 0.07553596097315148
1 0 1 1 1 0 1 1 1 0 1 1 1 1 0 1 1 1 1 0 1 1 0 0 1 1 0 1 0 1 1 1 1 1 0 1 0 0 1 0 0 1 1 0 1 1 1 1 1 1 0 1 0 1 0 0 0 1 1 0 1 0 1 1 0 0 1 1 0 1 0 0 1 0 1 1 1 1 1 1 1 0 1 0 0 1 0 0 1 0 0 0 1 1 1 1 0 1 0 1 35070.0 30512.0 34573.0 0 0.11372706464683002
1 0 1 1 1 0 1 1 1 0 1 1 1 1 0 1 1 1 1 1 0 0 0 1 1 1 0 1 0 1 1 1 1 1 0 1 0 0 1 0 0 1 1 0 1 1 1 1 1 1 0 1 0 1 0 0 0 1 1 0 0 1 1 1 1 0 0 0 0 1 0 0 1 0 1 1 1 1 1 1 1 0 1 0 0 1 0 0 1 0 0 0 1 1 1 1 1 1 0 1 34006.0 31863.0 34417.0 0 0.07293106584233235
1 0 1 1 1 0 1 1 1 0 1 1 1 1 0 1 1 1 1 0 1 0 0 0 1 1 1 1 0 1 1 1 1 1 0 1 0 0 1 0 0 1 1 0 1 1 1 1 1 1 0 1 0 1 0 0 0 1 0 0 1 1 1 1 1 0 1 1 0 1 0 0 1 0 1 1 1 1 1 1 1 1 0 0 0 1 0 0 1 0 0 0 1 1 1 1 1 1 0 0 35274.0 31022.0 34385.0 0 0.1272924923535761
1 0 1 1 1 0 1 1 1 1 1 1 1 1 0 1 1 1 1 0 0 1 0 0 1 1 0 1 0 1 1 1 1 1 0 1 0 0 1 0 0 1 1 1 1 1 1 1 0 1 0 1 1 1 0 0 0 1 1 0 0 1 1 1 1 0 0 0 0 1 0 0 1 1 1 1 1 1 1 1 1 1 0 1 0 1 0 0 1 0 0 0 1 1 1 1 0 0 0 1 33138.0 32187.0 34253.0 0 0.06759407479913698
1 0 1 1 1 0 1 1 1 0 1 1 1 1 0 1 1 1 1 1 0 0 0 1 1 1 0 1 0 1 1 1 1 1 0 1 0 0 1 0 0 1 1 1 1 1 1 1 1 1 0 1 0 1 0 0 0 1 1 0 0 1 1 1 1 0 0 0 0 1 0 0 1 0 1 1 1 1 1 1 1 0 1 0 0 1 0 0 1 0 0 0 1 1 1 1 0 1 0 1 33759.0 31879.0 34224.0 0 0.16744472998254553
1 0 1 1 1 0 1 1 1 0 1 1 1 1 0 1 1 1 1 0 1 0 0 0 1 1 1 1 0 1 1 1 1 1 0 1 0 0 1 0 0 1 1 0 1 1 1 1 1 1 0 1 0 1 0 0 0 1 1 0 0 1 1 1 0 0 1 1 0 1 0 0 1 1 1 1 1 1 1 1 1 1 0 0 0 1 0 0 1 0 0 0 1 1 1 1 0 0 0 1 35793.0 30640.0 33969.0 0 0.11861675994250911
1 0 1 1 0 0 1 1 1 1 1 1 1 1 0 1 1 1 1 0 1 0 0 0 1 1 1 1 0 1 1 1 0 1 0 1 1 1 0 0 0 1 1 0 1 1 1 1 1 1 0 0 0 1 0 0 0 1 1 1 1 1 1 1 0 0 0 1 0 1 0 0 1 0 1 1 1 1 1 1 1 1 0 0 0 1 0 0 1 0 0 1 1 1 0 1 0 1 1 1 37769.0 28583.0 33917.0 0 1000000000000000.1
1 0 1 1 1 0 1 1 1 1 1 1 1 1 0 1 1 1 1 0 1 1 0 0 1 1 0 1 0 1 1 1 1 1 0 1 1 0 1 0 0 1 1 0 1 1 1 1 0 1 0 1 1 1 0 0 0 1 1 0 1 0 1 1 0 0 1 1 0 1 0 0 1 1 1 1 1 1 1 1 1 0 0 0 0 1 0 0 1 0 0 0 1 1 1 1 0 0 0 1 35336.0 30776.0 33852.0 0 0.10744062229017795
1 0 1 1 1 0 1 1 1 0 1 1 1 1 0 1 1 1 1 0 1 1 0 0 1 1 0 1 0 1 1 1 1 1 0 1 0 0 0 0 0 1 1 1 1 1 1 1 1 1 0 1 1 1 0 0 0 1 1 0 1 0 1 1 0 0 0 1 0 1 1 0 1 0 1 1 1 1 1 1 1 1 0 0 0 1 0 0 1 0 0 0 1 1 1 1 1 1 0 0 34760.0 32155.0 33805.0 0 0.0875139896935917
1 0 1 1 1 0 1 1 1 0 1 1 1 1 0 1 0 1 1 0 1 0 0 0 1 1 1 1 0 1 1 1 0 1 0 1 1 1 0 0 0 1 1 0 1 1 1 1 1 1 0 0 0 1 0 0 0 1 1 1 1 1 1 1 1 0 1 1 0 1 1 0 1 0 1 1 1 1 1 1 1 1 0 0 0 1 0 0 1 0 0 0 1 1 1 1 0 1 0 0 36658.0 30200.0 33534.0 0 0.2459051234046964
1 0 1 1 1 0 1 1 1 0 1 1 1 1 0 1 1 1 1 0 1 1 0 0 1 1 0 1 0 1 1 1 1 1 0 1 0 0 1 0 0 1 1 0 1 1 1 1 1 1 0 1 0 1 0 0 0 1 1 0 1 0 1 1 0 0 1 1 0 1 0 0 1 0 1 1 1 1 1 1 1 1 0 0 0 1 0 0 1 0 0 0 1 1 1 1 1 1 0 0 35103.0 31546.0 33533.0 0 0.10803085285534754
1 0 1 1 1 0 1 1 1 0 1 1 1 1 0 1 1 1 1 0 1 0 0 0 1 1 1 1 0 1 1 1 1 1 0 1 0 0 1 0 0 1 1 0 1 1 1 1 1 1 0 1 0 1 0 0 0 1 1 0 1 0 1 1 0 0 1 1 0 1 0 0 1 0 1 1 1 1 1 1 1 1 0 0 0 1 0 0 1 0 0 0 1 1 1 1 1 1 0 0 35628.0 31330.0 33268.0 0 0.20397272028195154
1 0 1 1 1 0 1 1 1 0 1 1 1 1 0 1 1 1 1 0 1 1 0 0 0 1 1 1 0 1 1 1 1 1 0 1 1 0 1 0 0 1 1 0 1 1 1 1 0 1 0 1 1 1 0 0 0 1 1 0 1 0 1 1 0 0 1 1 0 1 0 0 1 0 1 1 1 1 1 1 1 1 0 0 0 1 0 0 1 0 0 0 1 1 1 1 1 1 0 0 35522.0 31435.0 33253.0 0 0.09835382147767703
1 0 1 1 1 0 1 1 1 0 1 1 1 1 0 1 1 1 1 0 1 1 0 0 0 1 1 1 0 1 1 1 1 1 0 1 1 0 1 0 0 1 1 0 1 1 1 1 0 1 0 1 1 1 0 0 0 1 1 0 1 0 1 1 0 0 1 1 0 1 0 0 1 1 1 1 1 1 1 1 1 1 0 0 0 1 0 0 1 0 0 0 1 1 1 1 0 0 0 1 36077.0 30727.0 33173.0 0 0.07751774863928047
1 0 1 1 1 0 1 1 1 0 1 1 1 1 0 1 1 1 1 0 1 0 0 0 1 1 1 0 0 1 1 1 0 1 0 1 1 0 1 0 0 1 1 0 1 1 1 1 1 1 0 1 0 1 0 0 0 1 1 0 1 1 1 1 1 0 0 0 0 1 0 0 1 0 1 1 1 1 1 1 1 1 0 0 0 1 0 0 1 0 0 1 1 1 1 1 1 1 0 0 35534.0 31919.0 33114.0 0 0.0557986347318733
1 0 1 1 1 0 1 1 1 0 1 1 1 1 0 1 1 1 1 0 1 1 0 0 1 1 1 0 0 1 1 1 1 1 0 1 1 1 1 0 0 1 1 1 1 1 1 1 0 1 0 1 1 1 0 0 0 1 1 0 1 0 1 1 0 0 0 1 0 1 0 0 1 0 1 1 1 1 1 1 1 1 0 0 0 1 0 0 1 0 0 0 1 1 1 1 1 1 0 0 35209.0 31966.0 33100.0 0 0.06839940679634009
1 0 1 1 1 0 1 1 1 0 1 1 1 1 0 1 1 1 1 0 1 0 0 0 1 1 1 0 0 1 1 1 0 1 0 1 1 0 1 0 0 1 1 0 1 1 1 1 1 1 0 1 0 1 0 0 0 1 1 0 1 1 1 1 0 0 1 1 0 1 0 0 1 1 1 1 1 1 1 1 1 1 0 0 0 1 0 0 1 0 0 0 1 1 1 1 0 0 0 1 36867.0 30688.0 33063.0 0 0.0931237342942752
1 0 1 1 1 0 1 1 1 0 1 1 1 1 0 1 1 1 1 0 1 0 0 0 1 1 1 1 0 1 1 1 0 1 0 1 1 1 1 0 0 1 1 1 1 1 1 1 0 1 0 1 0 1 0 0 0 1 1 1 1 0 1 1 0 0 0 1 0 1 0 0 1 0 1 1 1 1 1 1 1 0 1 0 0 1 0 0 1 0 0 0 1 1 1 1 0 1 0 1 36025.0 30987.0 32979.0 0 0.13946187303194243
1 0 1 1 1 0 1 1 1 0 1 1 1 1 0 1 0 1 1 0 1 0 0 0 1 1 1 1 0 1 1 1 0 1 0 1 1 1 1 0 0 1 1 1 1 1 1 1 0 1 0 1 0 1 0 0 0 1 1 0 0 1 1 1 1 0 0 0 0 1 0 0 1 0 1 1 1 1 1 1 1 0 1 0 0 1 0 0 1 0 0 1 1 1 1 1 1 1 0 0 33856.0 32345.0 32836.0 0 0.2747782027600087
1 0 1 1 0 0 1 1 1 0 1 1 1 1 0 1 0 1 1 0 1 0 0 0 1 1 1 1 0 1 1 1 0 1 0 1 1 1 0 0 1 1 1 0 1 1 1 1 1 1 0 0 0 1 0 0 0 1 1 1 1 1 1 1 0 0 0 1 0 1 0 1 0 0 1 1 1 1 1 1 1 1 1 0 0 1 0 0 1 0 0 0 1 1 1 1 1 1 0 0 36907.0 29210.0 32197.0 0 0.33362486983954104
1 0 1 1 1 0 1 1 1 0 1 1 1 1 0 1 0 1 0 0 1 0 0 0 1 1 1 1 0 1 1 1 0 1 0 1 1 1 1 0 0 1 1 1 1 1 1 1 1 1 0 1 0 1 0 0 0 1 1 0 0 1 1 1 0 0 1 1 0 1 0 0 1 1 1 1 1 1 1 1 1 1 0 0 0 1 0 0 1 0 0 0 1 1 1 1 0 0 0 1 36211.0 31847.0 32195.0 0 0.1282940267804047
1 0 1 1 1 0 1 1 1 0 1 1 1 1 0 1 0 1 0 0 1 0 0 0 1 1 1 1 0 1 1 1 0 1 0 1 1 1 0 0 0 1 1 1 1 1 1 1 0 1 0 1 0 1 0 0 0 1 1 0 1 1 1 1 1 0 0 1 0 1 0 0 1 0 1 1 1 1 1 1 1 1 0 0 0 1 0 0 1 0 0 1 1 1 1 1 1 1 0 0 35276.0 32067.0 32165.0 0 0.08105765735278614
1 0 1 1 1 0 1 1 1 0 1 1 1 1 0 1 1 1 1 0 1 0 0 0 1 1 1 1 0 1 1 1 0 1 0 1 1 1 1 0 0 1 1 1 1 1 1 1 0 1 0 1 0 1 0 0 0 1 1 1 1 0 1 1 0 0 0 1 0 1 0 0 1 0 1 1 1 1 1 1 1 1 0 0 0 1 0 0 1 0 0 0 1 1 1 1 1 1 0 0 36058.0 32021.0 31939.0 0 0.07741074030435023
1 0 1 1 1 0 1 1 1 0 1 1 1 1 0 1 1 1 1 0 1 0 0 0 1 1 1 1 0 1 1 1 1 1 1 1 0 1 1 0 0 1 1 1 1 1 1 1 0 1 0 1 1 1 0 1 0 1 1 0 1 0 1 0 0 0 0 1 0 1 0 0 1 0 1 1 1 1 1 1 1 1 0 0 0 1 0 0 1 0 0 0 1 1 1 1 1 1 0 0 34567.0 32221.0 31878.0 0 0.11171953662266111
1 0 1 1 1 0 1 1 1 0 1 1 1 1 0 1 1 1 1 0 1 1 0 0 1 1 1 0 0 1 1 1 1 1 0 1 1 1 1 0 0 1 1 1 1 1 1 1 0 1 0 1 1 1 0 1 0 0 1 0 1 0 1 0 0 0 0 1 0 1 0 0 1 0 1 1 1 1 1 1 1 1 0 0 0 1 0 0 1 0 0 0 1 1 1 1 1 1 0 0 34773.0 32114.0 31587.0 0 0.11029423463362309
1 0 1 1 1 0 1 1 1 0 1 1 1 1 0 1 0 1 1 0 1 0 0 0 1 1 1 1 0 1 1 1 0 1 0 1 1 1 1 0 0 1 1 1 1 1 1 1 0 1 0 1 1 1 0 0 0 1 1 0 1 0 1 1 0 0 0 1 0 1 1 0 1 0 1 1 1 1 1 1 1 1 0 0 0 1 0 0 1 0 0 0 1 1 1 1 1 1 0 0 35393.0 32256.0 31533.0 0 0.06429936963444012
1 0 1 1 1 0 1 1 1 0 1 1 1 1 0 1 1 1 1 0 1 1 0 0 1 1 0 1 0 1 1 1 1 1 0 1 1 1 1 0 0 1 1 1 1 1 1 1 0 1 0 1 1 1 0 1 0 0 1 0 1 0 1 0 0 0 0 1 0 1 0 0 1 0 1 1 1 1 1 1 1 1 0 0 0 1 0 0 1 0 0 0 1 1 1 1 1 1 0 0 34351.0 32606.0 31504.0 0 2000000000000000.0
1 0 1 1 1 0 1 1 1 0 1 1 1 1 0 1 1 1 1 0 1 1 0 0 1 1 0 1 0 1 1 1 1 1 0 1 0 0 1 0 0 1 1 0 1 1 1 1 1 1 0 0 0 1 0 0 0 1 1 0 1 1 1 1 1 0 1 1 0 1 1 0 1 0 1 1 1 0 1 1 0 0 1 0 0 0 1 1 0 0 1 0 1 1 1 1 0 0 0 1 33536.0 28191.0 36375.0 1 1000000000000000.1
1 0 1 1 0 0 1 1 1 0 1 0 0 1 0 0 1 1 0 0 0 1 0 0 1 1 1 1 0 1 1 1 0 1 0 1 1 0 1 0 0 1 1 0 1 0 1 1 1 1 0 0 0 1 0 0 0 1 1 1 1 1 1 1 1 0 1 1 0 1 0 1 1 0 1 1 1 0 1 1 1 1 1 0 0 1 0 0 1 0 0 1 1 1 0 1 0 1 1 1 37210.0 26236.0 33051.0 1 1000000000000000.1
1 0 1 1 0 0 1 1 1 0 1 1 1 1 0 1 0 1 1 0 1 0 0 0 1 1 1 1 0 1 1 1 0 1 0 1 1 1 0 0 0 1 1 0 1 1 1 1 1 1 0 0 0 1 0 0 0 1 1 1 1 1 1 1 0 0 0 1 0 1 0 1 0 0 1 1 1 1 1 1 1 1 1 0 0 1 0 0 1 0 0 0 1 1 1 1 0 1 1 1 37672.0 28235.0 32994.0 1 1000000000000000.0
1 0 1 0 1 0 1 1 1 1 1 1 1 1 0 1 1 1 1 0 0 1 0 0 1 1 0 1 0 1 1 1 1 1 0 1 0 0 1 0 0 1 1 1 1 1 1 1 0 1 0 1 1 1 0 0 0 1 1 0 0 1 1 1 1 0 0 0 0 0 0 0 1 1 1 1 1 1 1 1 1 1 0 1 0 1 0 0 1 0 0 0 1 1 1 1 1 1 0 0 32104.0 32223.0 32777.0 1 1000000000000000.0
1 0 1 1 1 0 1 1 1 0 1 1 1 1 0 1 1 1 1 0 1 1 0 0 1 1 0 1 0 1 1 1 1 1 0 1 1 1 1 0 0 1 1 1 1 1 1 1 0 1 0 1 1 1 0 1 0 0 1 0 1 0 1 0 0 0 0 1 0 1 0 0 1 0 0 1 1 1 1 1 1 1 0 0 0 1 0 0 1 0 0 0 1 1 1 1 1 1 0 0 33552.0 32444.0 30949.0 1 1000000000000000.0
1 0 1 1 1 0 1 0 1 0 1 1 1 1 0 1 0 1 1 0 1 0 0 0 1 1 1 1 0 1 1 1 0 1 0 1 1 1 1 0 0 1 1 1 1 1 1 1 1 1 0 1 1 1 0 1 0 0 1 0 1 0 1 0 0 0 0 1 0 1 0 0 1 0 1 1 1 1 1 1 1 1 0 0 0 1 0 0 1 0 0 0 1 1 1 1 1 1 0 0 34681.0 32200.0 30151.0 1 1000000000000000.0
1 0 1 1 0 0 1 1 1 0 1 1 1 1 0 1 0 1 1 0 1 0 0 0 1 1 1 1 0 1 1 1 0 1 0 1 1 1 0 0 1 1 1 0 1 1 1 1 1 1 0 0 0 1 0 0 0 1 1 1 1 1 1 1 0 0 0 1 0 1 0 1 0 0 1 1 1 1 1 1 1 1 1 0 0 0 1 1 0 0 1 0 1 1 1 1 0 0 0 1 36694.0 27775.0 33409.0 1 0.2686131767567661
1 0 1 1 0 0 1 0 1 0 1 0 1 1 0 0 1 1 1 0 1 1 0 0 1 1 1 1 0 1 1 1 1 1 0 1 1 1 0 1 0 1 1 0 1 1 1 1 1 1 0 0 0 1 0 0 0 1 1 1 1 0 1 1 0 0 0 1 0 1 0 1 0 0 1 1 1 1 1 1 1 1 1 0 0 1 0 0 1 0 0 0 1 1 1 1 0 1 1 1 36557.0 26913.0 33734.0 1 0.21598610499330853
1 0 1 1 1 0 1 1 1 0 1 1 1 1 0 0 1 1 1 0 1 1 0 0 1 1 0 1 0 1 1 1 1 1 0 1 0 0 1 0 0 1 1 0 1 1 1 1 1 1 0 0 0 1 0 0 0 1 1 0 1 1 1 1 1 0 1 1 0 1 0 0 1 0 1 1 1 1 1 1 1 0 1 0 0 0 1 1 0 0 1 0 1 1 1 1 0 0 0 1 34083.0 28766.0 35956.0 1 0.18785947146480517
1 0 1 1 1 0 1 0 1 0 1 1 1 1 0 1 1 1 1 0 1 1 0 0 1 1 0 1 0 1 1 1 1 1 0 1 0 0 1 0 0 1 1 0 1 1 1 1 1 1 0 0 0 1 0 0 0 0 1 0 1 1 1 1 1 0 1 1 0 1 0 0 1 0 1 1 1 1 1 1 1 0 1 0 0 0 1 1 1 0 1 0 1 1 1 1 0 0 0 1 33997.0 29120.0 36350.0 1 0.15264730333763513
1 0 1 1 1 0 1 1 1 0 1 0 0 1 0 0 1 1 0 0 0 1 0 0 1 1 1 1 0 1 1 1 0 1 0 1 1 0 1 0 0 1 1 0 1 0 1 1 1 1 0 0 0 1 0 0 0 1 1 1 1 1 1 1 1 0 0 1 0 1 0 1 1 0 1 1 1 0 1 1 1 1 1 0 0 0 0 0 1 0 0 1 1 1 0 1 0 1 1 1 36818.0 26849.0 33263.0 1 0.14348619276214894
1 0 1 1 1 0 1 1 1 0 1 1 1 1 0 1 1 1 1 0 1 1 0 0 1 1 1 0 0 1 1 1 0 1 0 1 1 0 1 0 0 1 1 0 1 1 1 1 0 1 0 1 1 1 0 0 0 1 1 0 1 0 1 1 0 0 1 1 0 1 0 0 1 0 1 1 1 1 1 1 1 1 0 0 0 1 0 0 1 0 0 0 1 1 1 1 1 1 0 0 35387.0 31048.0 32569.0 1 0.14084253249769546
1 0 1 1 1 0 1 1 1 0 1 1 1 1 0 1 0 1 0 0 1 0 0 0 1 1 1 1 0 1 1 1 0 1 0 1 1 0 0 0 0 1 1 1 1 1 1 1 1 1 0 0 0 1 0 0 0 1 1 1 1 0 0 1 0 0 1 1 0 1 0 1 0 0 1 1 1 1 1 1 1 1 1 0 0 1 0 0 1 0 0 0 1 1 1 1 0 1 1 1 36838.0 29176.0 32050.0 1 0.13618771877477664
1 0 1 1 1 0 1 0 1 0 1 1 1 1 0 1 1 1 1 0 1 1 0 0 1 1 0 1 0 1 1 1 1 1 0 1 0 0 1 0 0 1 1 0 1 1 1 1 1 1 0 0 0 1 0 0 0 1 1 0 1 1 1 1 1 0 1 1 0 1 0 0 1 0 1 1 1 1 1 0 1 0 1 1 0 0 1 1 0 0 1 0 1 1 1 1 0 0 0 1 32839.0 29716.0 36362.0 1 0.12661898762508647
1 0 1 1 1 0 1 1 1 1 1 1 1 1 0 1 1 1 1 0 0 0 0 0 1 1 1 1 0 0 1 1 1 1 0 1 0 0 1 0 0 1 1 0 1 1 1 1 1 1 0 1 0 1 0 0 0 1 1 0 0 1 1 1 1 0 0 0 0 1 0 0 1 0 1 1 1 1 1 1 1 0 1 0 0 1 1 0 1 0 0 0 1 1 1 1 1 1 0 1 33874.0 30610.0 35236.0 1 0.12266022268229893
1 0 1 1 1 0 1 1 1 0 1 1 1 1 0 1 1 1 1 0 1 0 0 0 1 1 1 1 0 1 1 1 0 1 0 1 1 1 1 0 0 1 1 1 1 1 1 1 0 1 0 1 1 1 0 1 0 0 1 0 1 0 1 0 0 0 0 1 0 1 0 0 1 0 1 1 1 1 1 1 1 1 0 0 0 1 0 0 1 0 0 0 1 1 0 1 1 1 0 1 35247.0 31898.0 30394.0 1 0.120393359184967
1 0 1 1 1 0 1 1 1 0 1 1 1 1 0 1 0 1 1 0 1 1 0 0 1 1 0 1 0 1 1 1 1 1 0 1 0 0 1 0 1 1 1 1 1 1 1 1 0 1 0 1 1 1 0 0 0 1 1 0 1 0 1 1 0 0 0 1 0 1 1 0 1 0 1 1 1 1 1 1 1 1 0 0 0 1 0 0 1 0 0 0 1 1 1 1 1 1 0 0 34565.0 32038.0 32280.0 1 0.11872794070161863
1 0 1 1 1 0 1 1 1 0 1 1 1 1 0 1 0 1 1 1 0 1 0 0 0 1 1 1 0 1 1 1 0 1 0 1 0 1 0 0 0 1 1 0 1 1 1 1 1 1 0 0 0 1 0 0 0 1 1 1 1 1 1 1 1 0 1 1 0 1 1 0 1 0 1 1 1 1 1 1 1 1 0 0 0 1 0 0 1 0 0 0 1 1 1 1 0 1 0 0 35792.0 29926.0 33160.0 1 0.11803214418550473
1 0 1 1 1 0 1 1 1 0 1 1 1 1 0 1 1 1 1 0 1 1 0 0 1 1 0 1 0 0 1 1 1 1 0 1 0 0 1 0 0 1 1 0 1 1 1 1 1 1 0 1 0 1 0 0 0 1 1 0 0 1 1 1 1 0 0 0 0 1 0 0 1 0 1 1 1 1 1 1 1 0 1 0 0 1 1 0 1 0 0 0 1 1 1 1 1 1 0 1 33590.0 30987.0 35086.0 1 0.11523586419064671
1 0 1 1 1 0 1 1 1 0 1 1 1 1 0 1 0 1 1 0 0 1 0 1 1 1 0 1 0 1 1 1 0 1 0 1 0 1 1 0 0 1 1 1 0 1 1 1 1 1 0 1 0 1 0 0 0 1 1 0 0 1 1 1 1 0 0 0 0 1 0 0 1 0 1 1 1 1 1 1 1 0 1 0 0 1 0 0 1 0 0 1 1 1 1 1 1 1 0 0 32903.0 31816.0 33723.0 1 0.11498544217674443
1 0 1 1 1 0 1 1 1 0 1 1 1 1 0 1 1 1 1 0 1 0 0 0 1 1 1 1 0 1 1 1 1 1 0 1 0 0 1 0 0 1 1 1 1 1 1 1 0 1 0 1 1 1 0 0 0 1 1 0 0 1 1 1 0 0 0 1 0 1 0 0 1 0 1 1 1 1 1 1 1 0 1 1 0 0 1 1 0 0 1 0 1 1 1 1 0 1 0 0 33446.0 31373.0 35511.0 1 0.11445650164906224
1 0 1 1 1 0 1 1 1 0 1 1 1 1 0 1 1 1 1 0 1 1 0 0 1 1 1 0 0 1 1 1 1 1 0 1 1 1 1 0 0 1 1 1 1 1 1 1 0 1 0 1 1 1 0 0 0 1 1 0 1 0 1 1 0 0 0 1 0 1 0 0 1 0 1 1 1 1 1 1 1 0 1 0 0 1 0 0 1 0 0 0 1 1 1 1 0 1 0 1 35176.0 30932.0 34140.0 1 0.11213616769948129
0 0 1 1 1 0 1 1 1 0 1 1 1 1 0 1 1 1 1 0 1 1 0 0 1 1 0 1 0 1 1 1 1 1 0 1 0 0 1 0 0 1 1 1 1 1 1 1 0 1 0 1 1 1 0 0 0 1 1 0 0 1 1 1 1 0 0 0 0 1 0 0 1 0 1 1 1 1 1 1 1 0 1 0 0 1 0 0 1 0 0 1 1 1 1 1 1 1 0 0 32440.0 32114.0 34614.0 1 0.10939254900813797
1 0 1 1 1 0 1 1 1 0 1 1 1 1 0 1 0 1 0 0 1 0 0 0 1 1 1 1 0 1 1 1 0 1 0 1 1 1 1 0 0 1 1 1 1 1 1 1 0 1 0 1 1 1 0 0 0 1 1 0 1 0 1 1 0 0 0 1 0 1 1 0 1 0 1 1 1 1 1 1 1 1 0 0 0 1 0 0 1 0 0 0 1 1 0 1 1 1 0 1 35557.0 31752.0 30725.0 1 0.10877645364236313
1 0 1 1 1 0 1 1 1 0 1 1 1 1 0 1 1 1 1 0 1 0 0 0 1 1 1 1 0 1 1 1 1 1 0 1 0 0 1 0 0 1 1 0 1 1 1 1 1 1 0 1 0 1 0 0 0 1 1 0 0 1 1 1 1 0 0 0 0 1 0 0 1 0 1 1 1 1 1 1 1 0 1 0 0 1 1 0 1 0 0 0 1 1 1 1 1 1 0 0 34292.0 31698.0 34661.0 1 0.10441516576239832
1 0 1 1 1 0 1 1 1 0 1 1 1 1 0 1 1 1 1 0 1 1 0 0 1 1 0 1 0 1 1 1 1 1 0 1 0 0 1 0 0 1 1 1 1 1 1 1 0 1 0 1 1 1 0 0 0 1 1 0 0 1 1 1 1 0 0 0 0 1 0 0 1 0 1 1 1 1 1 1 1 0 1 0 0 1 0 0 1 0 0 0 1 1 1 1 1 1 0 0 32449.0 31998.0 33995.0 1 0.10222829851670862
1 0 1 1 1 0 1 1 1 0 1 1 1 1 0 1 0 1 1 0 1 0 0 0 1 1 1 1 0 1 1 1 0 1 0 1 1 1 1 0 0 1 1 1 1 1 1 1 0 1 0 1 1 1 0 0 0 1 1 0 1 0 1 1 0 0 0 1 0 1 0 0 1 0 1 1 1 1 1 1 1 1 0 0 0 1 0 0 1 0 0 0 1 1 1 1 1 1 0 0 35146.0 31999.0 31154.0 1 0.10201928587921431
1 0 1 1 1 0 1 1 1 0 1 1 1 1 0 1 1 1 1 0 1 1 0 0 1 1 0 1 0 1 1 1 1 1 0 1 0 0 1 0 0 1 1 0 1 1 1 1 1 1 0 1 0 1 0 0 0 1 1 0 0 1 1 1 1 0 0 0 0 1 0 0 1 0 0 1 1 1 1 1 1 0 1 1 0 0 1 1 0 0 1 0 1 1 1 1 0 1 0 0 32165.0 31424.0 35268.0 1 0.10156249286045058
1 0 1 1 1 0 1 1 1 0 1 1 1 1 0 1 1 1 1 1 0 0 0 1 1 1 0 1 0 1 1 1 1 1 0 1 0 0 1 0 0 1 1 0 1 1 1 1 1 1 0 1 0 1 0 0 0 1 1 0 0 1 1 1 1 0 0 0 0 1 0 0 1 0 1 1 1 1 1 1 1 0 1 1 0 0 1 1 0 0 1 0 1 1 1 1 0 0 0 1 33227.0 31289.0 35619.0 1 0.10053196579200749
1 0 1 1 1 0 1 1 1 0 1 1 1 1 0 1 0 1 0 0 1 0 0 0 1 1 1 1 0 1 1 1 0 1 0 1 1 1 0 0 0 1 1 0 1 1 1 1 1 1 0 0 0 1 0 0 0 1 1 1 1 1 1 1 1 0 1 1 0 1 1 0 1 0 1 1 1 1 1 1 1 1 0 0 0 1 0 0 1 0 0 0 1 1 1 1 0 1 0 0 36393.0 30085.0 32778.0 1 0.09806537106913477
1 0 1 1 0 0 1 1 1 0 1 1 1 1 0 1 1 1 1 0 1 0 0 0 1 1 1 1 0 1 1 1 0 1 0 1 1 1 0 0 0 1 1 0 1 1 1 1 1 1 0 0 0 1 0 0 0 1 1 1 1 1 1 1 0 0 0 1 0 1 0 0 1 0 1 1 1 1 1 1 1 1 0 0 0 0 0 0 1 0 0 0 1 1 1 1 0 1 1 1 36725.0 28472.0 32899.0 1 0.09777509610021373
1 0 1 1 1 0 1 1 1 0 1 1 1 1 0 1 0 1 1 0 1 0 0 0 1 1 1 1 0 1 1 1 0 1 0 1 1 1 1 0 0 1 1 1 1 1 1 1 0 1 0 1 1 1 0 0 0 1 1 0 1 0 1 1 0 0 0 1 0 1 0 0 1 1 1 1 1 1 1 1 1 1 0 0 0 0 0 0 1 0 0 0 1 1 1 1 0 0 1 1 36131.0 31160.0 31577.0 1 0.09565041907431095
1 0 1 1 1 0 1 1 1 0 1 1 1 1 0 1 0 1 1 0 1 0 0 0 1 1 1 1 0 1 1 1 0 1 0 1 1 1 0 0 0 1 1 0 1 1 1 1 1 1 0 0 0 1 0 0 0 1 1 1 1 1 1 1 1 0 1 1 0 1 1 0 1 0 1 1 1 1 0 1 1 1 0 0 0 1 0 0 0 0 1 0 1 1 1 1 0 0 0 1 35941.0 28602.0 33540.0 1 0.09075902454054674
1 0 1 1 1 0 1 1 1 0 1 1 1 1 0 1 0 1 0 0 1 0 0 0 1 1 1 1 0 1 1 1 0 1 0 1 1 1 1 0 0 1 1 1 1 1 1 1 0 1 0 1 1 1 0 0 0 1 1 0 1 0 1 1 0 0 0 1 0 1 1 0 1 0 1 1 1 1 1 1 1 1 0 0 0 1 0 0 1 0 0 0 1 1 0 1 0 1 1 1 36177.0 30871.0 30896.0 1 0.08914188843815028
1 0 1 1 1 0 1 1 1 0 1 1 1 1 0 1 1 1 1 0 1 1 0 0 1 1 0 1 0 0 1 1 1 1 0 1 0 0 1 0 0 1 1 0 1 1 1 1 1 1 0 0 0 1 0 0 0 1 1 0 1 1 1 1 1 0 1 1 0 1 0 0 1 0 1 1 1 1 1 0 1 0 1 1 0 0 1 1 0 0 0 0 1 1 1 1 0 0 0 1 32885.0 29361.0 35832.0 1 0.08840968498868647
1 0 1 1 1 0 1 1 1 0 1 1 1 1 0 1 0 1 1 0 1 0 0 0 1 1 1 1 0 1 1 1 0 1 0 1 1 1 0 0 1 1 1 0 1 1 1 1 1 1 0 1 1 1 0 1 0 0 1 0 1 0 1 0 0 0 0 1 0 1 0 0 1 0 1 1 1 1 1 1 1 1 0 0 0 1 0 0 1 0 0 0 1 1 1 1 1 1 0 0 35662.0 31459.0 30275.0 1 0.08507127058207695
1 0 1 1 1 0 1 1 1 0 1 1 1 1 0 1 1 1 1 0 1 0 0 0 1 1 1 0 0 1 1 1 0 1 0 1 1 0 1 0 0 1 1 0 1 1 1 1 1 1 0 1 0 1 0 0 0 1 1 0 1 1 1 1 1 0 0 0 0 1 0 0 1 0 1 1 1 0 1 1 1 1 1 0 0 1 0 0 1 0 0 0 1 1 0 1 0 1 1 1 36356.0 29574.0 32899.0 1 0.08421422024259241
1 0 1 1 1 0 1 1 1 0 1 1 1 1 0 1 1 1 1 0 1 1 0 0 1 1 0 1 0 1 1 1 1 1 0 1 0 0 1 0 0 1 1 0 1 1 1 1 1 1 0 1 0 1 0 0 0 1 1 0 0 1 1 1 1 0 0 0 0 1 0 0 1 0 0 1 1 1 1 1 1 0 1 0 0 0 1 1 0 0 1 0 1 1 1 1 1 1 0 0 32419.0 31427.0 34992.0 1 0.08282288423408007
1 0 1 1 1 0 1 1 1 0 1 0 1 1 0 1 1 1 1 0 1 1 0 0 0 1 1 1 0 1 1 1 1 1 0 1 1 0 1 0 0 1 1 0 1 1 1 1 0 1 0 1 1 1 0 0 0 1 1 0 1 0 1 1 0 0 1 1 0 1 0 0 1 1 1 1 1 1 1 1 1 1 0 0 0 1 0 0 1 0 0 0 1 1 1 1 0 0 0 1 35926.0 30366.0 33059.0 1 0.08035538516850416
1 0 1 1 1 0 1 1 1 0 1 1 1 1 0 1 1 1 1 0 1 1 0 0 0 1 1 1 0 1 1 1 1 1 0 1 1 0 1 0 0 1 1 0 1 1 1 1 0 1 0 1 1 1 0 0 0 1 1 0 1 0 1 1 0 0 1 1 0 1 0 0 1 1 1 1 1 1 1 1 1 1 0 0 0 1 0 0 0 0 1 0 1 1 1 1 0 0 0 1 35725.0 30523.0 32909.0 1 0.07791532100472308
0 0 1 1 1 0 1 1 1 0 1 1 1 1 0 1 1 1 1 0 1 0 0 0 1 1 1 1 0 1 1 1 1 1 1 1 0 0 1 0 0 1 1 0 1 1 1 1 1 1 0 1 1 1 0 0 0 1 1 0 1 0 1 1 0 0 0 1 0 1 0 0 1 0 1 1 1 1 1 1 1 0 1 0 0 0 1 1 1 0 1 0 1 1 1 1 0 0 0 1 35486.0 30217.0 35758.0 1 0.07700907918188497
1 0 1 1 1 0 1 1 1 0 1 1 1 1 0 1 0 1 1 0 1 0 0 0 1 1 1 1 0 1 1 1 0 1 0 1 1 1 1 0 0 1 1 1 1 1 1 1 0 1 0 1 0 1 0 0 0 1 1 0 0 1 1 1 1 0 0 0 0 1 0 0 1 0 1 1 1 1 1 1 1 1 0 0 0 1 0 0 1 0 0 0 1 1 1 1 1 1 0 0 33894.0 32243.0 31270.0 1 0.07200723584587414
1 0 1 1 1 0 1 1 1 0 1 1 1 1 0 1 1 1 1 0 1 1 0 0 1 1 1 1 0 1 1 1 1 1 0 1 0 0 1 0 0 1 1 0 1 1 1 1 1 1 0 1 0 1 0 0 0 1 1 0 0 1 1 1 1 0 0 0 0 1 0 0 1 0 0 1 1 1 1 1 1 0 1 0 0 1 0 0 1 0 0 0 1 1 1 1 1 1 0 1 33964.0 31560.0 34876.0 1 0.0717787655611665
1 0 1 1 1 0 1 1 1 0 1 1 1 1 0 1 1 1 1 0 1 0 0 0 1 1 1 1 0 1 1 1 1 1 1 1 0 0 1 0 0 1 1 0 1 1 1 1 0 1 0 1 1 1 0 0 0 1 1 0 1 0 1 1 0 0 0 1 0 1 0 0 1 0 1 1 1 1 1 1 1 0 1 0 0 1 0 0 1 0 0 1 1 1 1 1 1 1 0 0 34876.0 31172.0 33954.0 1 0.0712681213142787
1 0 1 1 1 0 1 1 1 0 1 1 1 1 0 1 1 1 1 0 1 0 0 0 1 1 1 1 0 0 1 1 1 1 0 1 0 0 1 0 0 1 1 0 1 1 1 1 1 1 0 1 0 1 0 0 0 1 1 0 0 1 1 1 1 0 0 0 0 1 0 0 1 0 1 1 1 1 1 1 1 0 1 0 0 1 1 0 1 0 0 0 1 1 1 1 1 1 0 1 34115.0 30771.0 34821.0 1 0.070798876924402
1 0 1 1 1 0 1 1 1 0 1 1 1 1 0 1 1 1 1 0 0 0 0 0 1 1 1 1 0 1 1 1 0 1 0 1 1 1 1 0 0 1 1 1 1 1 1 1 0 1 0 1 0 1 0 0 0 1 1 1 1 0 1 0 0 0 0 1 0 1 0 0 1 0 1 1 1 1 1 1 1 1 0 0 1 1 0 0 1 0 0 0 1 1 1 1 1 1 0 0 34579.0 32190.0 31280.0 1 0.06966416957655472
1 0 1 1 1 0 1 1 1 0 1 1 1 1 0 1 0 1 0 0 1 0 0 0 1 1 1 1 0 1 1 1 0 1 0 1 1 1 1 0 0 1 1 1 1 1 1 1 0 1 0 1 1 1 0 0 0 1 1 0 1 0 1 1 0 0 0 1 0 1 1 0 1 0 1 1 1 1 1 1 1 1 0 0 0 1 0 0 0 0 0 1 1 1 1 1 1 1 0 0 34931.0 32183.0 30912.0 1 0.06924907151610514
1 0 1 1 0 0 1 1 1 0 1 1 1 1 0 1 1 1 1 0 1 0 0 0 1 1 1 1 0 1 1 1 0 1 0 1 1 1 0 0 0 1 1 0 1 1 1 1 1 1 0 0 0 1 0 0 0 1 1 1 1 1 1 1 1 0 0 1 0 1 0 0 1 0 1 1 1 1 1 1 1 1 0 0 0 1 0 0 1 0 0 0 1 1 0 1 1 1 0 1 36562.0 29633.0 32716.0 1 0.06624988081715
1 0 1 1 1 0 1 1 1 0 1 1 1 1 0 1 0 1 0 0 1 0 0 0 1 1 1 1 0 1 1 1 0 1 0 1 1 0 0 0 0 1 1 1 1 1 1 1 1 1 0 1 0 1 0 0 0 1 1 0 1 0 1 1 0 0 1 1 0 1 0 0 1 0 1 1 1 1 1 1 1 0 1 0 0 1 0 0 1 0 0 0 1 1 1 1 0 1 0 1 35588.0 30916.0 32209.0 1 0.06009405811431766
1 0 1 1 1 0 1 1 1 0 1 1 1 1 0 1 1 1 1 0 1 0 0 0 1 1 1 0 0 1 1 1 0 1 0 1 1 1 1 0 0 1 1 1 1 1 1 1 0 1 0 0 0 1 0 0 0 1 1 0 1 0 1 1 0 0 0 1 0 1 0 1 1 0 1 1 1 0 1 1 1 1 1 0 0 1 1 0 1 0 0 1 1 1 1 1 0 1 0 1 36053.0 29651.0 33287.0 1 0.05927714155205974
1 0 1 1 1 0 1 1 1 0 1 1 1 1 0 1 0 1 1 0 1 0 0 0 1 1 1 1 0 1 1 1 0 1 0 1 1 1 0 0 0 1 1 0 1 1 1 1 1 1 0 0 0 1 0 0 0 1 1 1 1 1 1 1 1 0 1 1 0 1 1 0 1 0 1 1 1 1 0 1 1 1 0 0 0 1 0 0 1 0 0 0 1 1 1 1 0 1 0 0 36157.0 29294.0 33511.0 1 0.05910930982544833
1 0 1 1 1 0 1 1 1 0 1 1 1 1 0 1 1 1 1 0 1 1 0 0 1 1 0 1 0 1 1 1 1 1 0 1 1 1 1 0 0 1 1 1 1 1 1 1 0 1 0 1 1 1 0 1 0 0 1 0 1 0 1 0 0 0 0 1 0 1 0 0 1 0 1 1 1 1 1 1 1 1 0 0 0 1 0 0 1 0 0 0 1 1 1 1 0 1 0 1 34663.0 31742.0 31790.0 1 0.0548660624667383
1 0 1 1 1 0 1 1 1 0 1 1 1 1 0 1 0 1 0 0 1 0 0 0 1 1 1 1 0 1 1 1 0 1 0 1 1 0 0 0 0 1 1 1 1 1 1 1 1 1 0 0 0 1 0 0 0 1 1 1 1 0 0 1 0 0 1 1 0 1 0 1 0 0 1 1 1 1 1 1 1 1 1 0 0 1 1 0 1 0 0 0 1 1 1 1 1 1 0 0 36106.0 30299.0 31891.0 1 0.05484737589067193
1 0 1 1 1 0 1 1 1 1 1 1 1 1 0 1 1 1 1 0 0 0 0 0 1 1 1 1 0 1 1 1 1 1 0 1 0 0 1 0 0 1 1 1 1 1 1 1 0 1 0 1 1 1 0 0 0 1 1 0 0 1 1 1 0 0 0 1 0 1 0 0 1 0 1 1 1 1 1 1 1 0 1 0 0 0 1 1 0 0 1 0 1 1 1 1 1 1 0 0 33459.0 31215.0 35650.0 1 0.05428278046199293
1 0 1 1 1 0 1 1 1 0 1 1 1 1 0 1 1 1 1 0 1 1 0 0 1 1 0 1 0 1 1 1 1 1 0 1 0 0 1 0 0 1 1 1 1 1 1 1 0 1 0 1 1 1 0 0 0 1 1 0 1 0 1 1 0 0 0 1 0 1 1 0 1 0 1 1 1 1 1 1 1 1 0 0 0 1 0 0 1 0 0 0 1 1 1 1 1 1 0 0 34222.0 32057.0 33024.0 1 0.053189158831059784
1 0 1 1 1 0 1 1 1 0 1 1 1 1 0 1 0 1 0 0 1 1 0 0 1 1 1 1 0 1 1 1 0 1 0 1 1 0 0 0 0 1 1 1 1 1 1 1 1 1 0 0 0 1 0 0 0 1 1 1 1 0 0 1 0 0 1 1 0 1 0 1 0 0 1 1 1 1 1 1 1 1 1 0 0 1 0 0 1 0 0 0 1 1 1 1 1 1 0 0 35981.0 30296.0 31974.0 1 0.052224862966377225
1 0 1 1 1 1 1 1 1 0 1 1 1 1 0 1 0 1 1 0 1 0 0 0 1 1 1 1 0 1 1 1 0 1 0 1 1 1 1 0 0 1 1 1 1 1 1 1 0 1 0 1 0 1 0 0 0 1 1 0 1 0 1 1 0 0 1 1 0 1 0 0 1 1 1 1 1 1 1 1 1 1 0 0 0 1 0 0 1 0 0 0 1 1 1 1 0 0 0 1 35978.0 31422.0 31694.0 1 0.049621479270103616
