1 0 1 1 1 0 1 0 0 0 1 0 1 1 0 1 0 1 1 1 0 1 0 1 1 1 0 1 0 1 1 1 0 1 0 1 0 1 1 0 0 1 1 0 0 1 1 1 0 1 0 0 0 1 0 0 0 1 1 0 0 1 1 1 1 1 1 0 0 1 1 0 0 0 0 1 1 0 1 1 0 1 1 0 0 0 0 1 1 0 1 1 1 0 1 1 1 1 0 1 28845.0 26033.0 32675.0 0 1000000000000000.2
1 0 1 1 1 0 1 0 0 0 1 0 1 1 0 1 0 1 1 1 0 1 0 1 1 1 0 1 0 1 1 1 0 1 0 1 0 1 1 0 0 1 1 0 0 1 1 1 0 1 0 0 0 1 0 0 0 1 1 0 0 1 1 1 1 1 0 0 0 1 1 0 1 0 1 0 1 0 1 1 1 0 1 1 1 1 0 1 1 1 1 0 0 0 1 1 1 0 1 0 28878.0 27757.0 32423.0 0 0.7431994922144567
0 0 1 1 1 1 1 1 1 0 1 1 1 1 0 0 1 0 1 0 1 1 0 0 0 1 0 0 1 0 1 1 1 1 0 1 1 1 0 1 0 1 0 0 1 1 1 0 0 1 1 1 0 0 0 0 0 1 1 1 0 0 1 1 0 0 1 1 1 0 0 1 0 0 1 1 1 0 1 1 1 0 1 0 0 0 1 1 0 0 1 0 1 1 0 1 0 1 0 1 30574.0 23688.0 31030.0 0 1000000000000000.6
1 0 0 0 1 1 1 1 1 1 1 1 1 1 0 1 0 1 0 1 0 1 0 1 0 0 0 0 1 0 1 1 1 1 0 1 1 1 0 0 0 1 0 0 1 1 1 0 1 1 1 0 0 1 0 0 0 0 1 1 1 1 0 1 1 1 0 0 0 1 1 0 0 0 1 1 1 0 1 1 1 0 1 0 0 0 1 1 0 0 1 0 1 1 1 1 0 1 0 1 31135.0 25341.0 30640.0 0 0.5417781899851564
0 0 1 1 1 0 1 1 0 0 1 1 1 1 0 0 1 0 1 0 1 1 0 0 0 1 0 0 1 1 1 1 1 1 0 1 0 1 1 0 1 1 1 0 0 1 1 1 0 1 0 0 0 1 0 0 0 1 1 0 0 1 1 1 1 1 0 0 0 1 1 0 0 0 1 1 1 1 1 0 1 1 0 0 0 1 0 0 1 0 0 1 1 1 0 1 0 1 1 1 30462.0 25872.0 30086.0 0 0.6968023573224194
1 0 0 0 1 1 1 1 1 1 1 1 1 1 0 1 0 1 0 1 0 1 0 1 1 1 0 0 1 0 1 1 1 1 0 0 0 1 1 0 0 1 1 0 0 1 1 1 1 1 0 0 0 1 0 0 0 1 1 0 0 0 1 0 0 0 0 1 0 1 1 1 0 0 1 1 1 1 1 0 1 1 0 0 1 1 0 0 1 0 1 0 1 1 0 1 0 1 0 1 31099.0 26404.0 29100.0 0 0.35794404777106614
0 0 1 0 1 1 1 1 1 1 1 1 1 1 0 1 0 1 0 1 0 0 0 1 1 1 0 1 0 0 1 1 0 1 0 0 0 1 1 0 0 1 1 0 0 1 1 1 1 1 0 0 0 1 0 0 0 0 1 1 1 0 0 1 1 0 1 1 1 0 0 1 0 0 0 1 1 0 1 1 1 1 1 0 0 0 1 1 0 0 1 0 1 1 0 1 0 1 0 1 31622.0 23941.0 28964.0 0 1000000000000000.2
1 0 1 1 1 1 1 0 0 0 1 0 0 1 0 1 0 1 1 1 0 1 0 0 0 1 1 1 0 0 1 1 0 1 0 1 0 1 1 0 0 1 0 0 1 1 1 1 1 1 0 0 0 1 0 0 1 1 1 0 1 0 1 0 0 0 0 0 0 1 1 1 1 0 1 1 1 0 1 0 1 1 0 0 1 1 1 0 1 0 0 1 1 0 0 1 1 1 0 1 29850.0 26550.0 28853.0 0 0.349909089178186
0 0 1 1 1 1 1 1 1 0 1 1 1 1 0 1 0 1 0 1 0 1 0 1 0 0 0 0 1 0 1 1 1 1 0 1 1 1 0 0 0 1 0 0 1 1 1 0 0 1 1 0 0 1 0 0 0 1 1 0 0 0 1 0 0 0 0 0 0 1 1 1 1 1 1 1 1 1 1 1 1 0 1 0 0 0 1 1 0 0 1 0 1 1 0 1 0 1 0 1 29706.0 27317.0 28650.0 0 0.6240642965243453
0 0 1 0 1 1 1 1 1 0 0 0 1 1 0 0 1 1 0 0 0 1 0 1 0 1 0 0 1 0 0 1 1 1 0 1 1 1 0 1 0 1 1 0 1 1 1 1 0 1 1 1 0 0 0 0 0 0 1 1 1 0 1 0 0 0 1 1 1 0 0 1 0 0 1 1 1 0 1 1 1 1 0 0 1 1 1 1 0 0 1 0 1 1 0 1 0 1 0 1 31294.0 24603.0 28330.0 0 0.6099307669691265
0 0 1 0 1 1 1 1 1 1 1 1 1 1 0 1 0 1 0 1 0 1 0 0 0 1 0 0 1 0 1 1 1 1 0 1 1 1 0 1 0 1 0 0 1 1 1 0 0 1 0 1 0 0 0 0 0 0 1 1 0 0 0 1 0 0 0 0 0 1 1 0 1 0 1 1 1 1 1 1 1 1 0 0 1 1 0 0 1 0 0 1 1 0 0 1 1 1 0 1 29786.0 26731.0 28040.0 0 0.20408607542314242
0 0 1 0 1 1 1 1 1 1 1 1 1 1 0 1 0 1 0 1 0 1 0 0 0 1 0 0 1 0 1 1 1 1 0 1 1 1 0 1 0 1 0 0 1 1 1 0 0 1 0 1 0 0 0 0 0 0 1 1 0 0 0 1 0 0 0 0 0 1 1 1 1 0 1 1 1 1 1 0 1 1 0 0 1 1 0 0 1 0 0 1 1 0 0 1 1 1 0 1 29833.0 26836.0 27791.0 0 0.20741746933794214
1 0 1 1 1 0 1 0 0 0 1 0 1 1 0 1 0 1 1 1 0 1 0 1 1 1 0 1 0 1 1 1 0 1 0 1 0 1 1 0 0 1 1 0 0 1 1 1 0 1 0 0 0 1 0 0 0 1 1 0 1 0 1 0 0 0 0 0 0 1 1 1 1 0 1 1 1 1 1 0 1 1 0 0 0 1 0 0 1 0 0 0 1 1 0 1 0 1 1 1 31056.0 26806.0 27691.0 0 0.2937603334772696
1 0 1 0 1 0 1 1 0 0 1 1 1 1 0 1 0 1 1 0 0 1 0 0 0 1 0 0 0 0 1 1 0 1 0 1 0 1 1 0 1 1 0 0 1 1 1 1 0 1 1 1 1 0 0 1 0 1 1 0 0 0 1 0 0 1 0 0 0 1 1 1 1 0 1 1 1 1 1 0 1 1 0 0 1 1 0 0 1 0 0 1 1 0 1 1 1 1 0 1 28686.0 27925.0 27307.0 0 3000000000000000.0
1 0 1 1 1 0 1 0 0 0 1 0 1 1 0 1 0 1 1 1 0 1 0 1 0 1 0 1 0 1 1 1 0 1 0 1 0 1 1 0 0 1 1 0 0 1 1 1 0 1 0 0 0 1 0 0 0 1 1 0 0 1 1 1 1 1 1 0 0 1 1 0 0 0 0 1 1 0 1 1 0 1 1 0 1 0 0 1 0 0 1 1 1 1 1 1 0 1 0 1 28717.0 26005.0 32082.0 1 1000000000000000.1
1 0 0 1 0 0 1 0 0 0 1 0 0 1 0 1 0 1 1 1 0 1 1 1 0 1 0 1 0 1 1 1 0 1 0 1 0 1 1 1 0 1 1 0 0 1 1 1 0 1 0 0 0 1 1 0 0 1 1 0 1 1 1 1 1 0 1 1 1 0 0 1 0 0 1 1 1 0 0 1 1 0 1 0 0 0 1 1 0 1 0 0 1 1 0 1 0 1 1 0 30858.0 23512.0 30537.0 1 1000000000000000.4
0 0 1 1 1 1 1 1 1 0 1 1 1 1 0 0 1 0 1 0 1 1 0 0 0 1 0 0 1 0 1 1 1 1 0 1 1 1 0 1 0 1 0 0 1 1 1 0 0 1 1 1 0 0 0 0 0 0 1 1 1 1 0 1 1 1 0 0 0 1 1 0 0 0 1 1 1 0 1 1 1 0 1 0 0 0 1 1 0 0 1 0 1 1 0 1 0 1 0 1 29994.0 23889.0 30385.0 1 0.14296294067746945
1 1 1 1 1 1 1 1 1 0 0 1 1 1 0 0 1 0 1 0 1 1 0 0 0 1 0 0 1 0 1 1 1 1 0 1 1 1 0 1 0 1 0 0 1 1 1 0 0 1 1 1 0 0 0 0 0 0 1 1 1 1 0 1 1 1 0 0 0 1 1 0 0 0 1 1 1 0 1 1 1 0 1 0 0 0 1 1 0 0 1 0 1 1 0 1 0 1 0 1 30186.0 23855.0 30284.0 1 0.10852901500961552
1 1 1 1 1 1 1 0 0 1 0 1 0 1 0 1 0 1 0 1 0 1 0 1 1 1 0 0 1 0 1 1 1 1 0 1 0 1 0 1 0 1 0 0 1 1 1 0 0 1 1 1 0 0 0 0 0 0 1 1 1 1 0 1 1 1 0 0 0 1 1 0 0 0 1 1 1 0 1 1 1 0 1 0 0 0 1 1 0 0 1 0 1 1 0 1 1 0 1 0 29665.0 24035.0 30231.0 1 0.14375603619660515
0 0 1 1 1 0 1 1 0 0 1 1 1 1 0 0 1 0 1 0 1 1 0 0 0 1 0 0 1 1 1 1 1 1 0 1 1 1 0 1 0 1 0 0 1 1 1 0 0 1 0 0 0 1 0 0 0 1 1 0 0 0 1 1 0 0 1 0 0 1 1 1 1 0 1 1 1 1 0 0 1 1 0 0 1 1 0 0 1 0 0 1 1 0 0 1 1 1 0 1 28787.0 25332.0 30213.0 1 0.12604921869366906
1 0 0 1 0 0 1 0 0 0 1 0 1 1 0 1 0 1 0 1 0 1 0 1 0 1 0 1 0 1 1 1 0 1 0 1 0 1 1 0 1 1 1 0 0 1 1 1 0 1 0 0 0 1 0 0 0 1 1 0 0 1 1 1 1 1 0 0 0 1 1 0 1 0 1 0 1 0 1 1 1 0 1 1 1 1 0 1 1 1 1 0 0 0 1 1 1 0 1 0 28062.0 26294.0 29966.0 1 0.5180262935651467
0 0 1 0 1 0 1 1 0 1 1 1 1 1 0 0 1 1 1 0 1 1 0 0 0 1 0 0 1 0 1 1 1 1 0 1 1 1 0 1 0 1 0 0 1 1 1 0 0 1 1 1 0 0 0 0 0 0 1 1 1 1 0 1 1 1 0 0 0 1 1 0 0 0 1 1 1 0 1 1 1 0 1 0 0 0 1 1 0 0 1 0 1 1 0 1 0 1 0 1 30241.0 23654.0 29948.0 1 0.16272602606033598
1 0 1 1 1 1 1 1 0 0 1 1 1 1 0 0 1 0 1 0 1 1 0 0 0 1 0 0 1 0 1 1 1 1 0 1 1 1 0 1 0 1 0 0 1 1 1 0 0 1 1 1 0 0 0 0 0 0 1 1 0 0 0 1 0 0 0 0 0 1 1 1 1 0 1 1 1 1 1 1 1 0 1 0 0 0 1 1 0 0 1 0 1 1 0 1 0 1 0 1 29653.0 24615.0 29758.0 1 0.14838769669597104
0 0 1 1 1 1 1 1 1 0 1 1 1 1 0 0 1 0 1 0 1 1 0 0 0 1 0 0 1 0 1 1 1 1 0 1 1 1 0 1 0 1 0 0 1 1 1 0 0 1 1 1 0 0 0 0 0 0 1 1 1 1 0 1 1 1 0 0 0 1 1 0 0 0 1 1 1 1 1 1 1 0 1 0 0 0 1 0 0 0 1 0 1 1 0 1 1 1 0 0 29652.0 25639.0 29644.0 1 0.08000590879026798
1 0 1 1 1 1 1 1 0 0 1 0 1 1 0 1 1 0 0 0 1 1 0 0 1 1 0 0 1 1 1 0 0 0 1 0 0 1 1 0 0 1 1 1 0 1 1 1 0 1 0 0 0 1 0 0 0 1 1 0 0 0 1 0 1 0 0 0 0 1 1 1 1 0 1 0 1 0 1 1 1 0 1 1 1 1 0 1 1 1 1 0 0 0 1 1 1 0 1 0 26124.0 26307.0 29501.0 1 1000000000000000.0
1 0 1 1 1 1 1 0 0 0 0 0 1 1 0 0 1 1 0 0 0 1 0 1 0 1 0 0 1 0 1 1 1 1 0 1 1 1 0 1 0 1 1 0 1 1 1 1 0 1 1 1 0 0 0 0 0 0 1 1 1 0 1 0 0 0 1 1 1 0 0 1 0 0 1 1 1 0 1 1 1 0 1 0 1 1 1 1 0 0 0 0 1 1 0 1 0 1 0 1 30608.0 24337.0 29353.0 1 0.2454393091738429
1 0 1 1 1 1 1 0 0 0 1 0 0 1 0 1 0 1 1 1 0 1 0 0 0 1 1 0 0 0 1 1 0 1 0 1 0 1 1 0 1 1 0 0 1 1 1 1 1 1 0 0 0 1 0 0 1 1 1 0 0 0 1 0 0 0 0 0 0 1 1 1 1 0 1 1 1 1 1 1 1 0 1 0 0 0 1 1 0 0 1 0 1 1 0 1 0 1 0 1 29454.0 25659.0 29173.0 1 0.10327768381649409
0 0 1 1 1 0 1 1 0 0 1 1 1 1 0 0 1 0 1 0 1 1 0 0 0 1 0 0 1 1 1 1 1 1 0 1 1 1 0 1 0 1 0 0 1 1 1 0 0 1 1 1 0 0 0 0 0 0 0 1 1 1 0 1 1 1 0 0 0 1 1 0 0 0 1 1 1 1 1 0 1 1 0 1 1 1 0 0 1 0 0 1 1 0 0 1 1 1 0 0 28306.0 26193.0 29122.0 1 0.111054219823285
0 0 1 1 1 1 1 1 1 0 1 1 1 1 0 0 1 0 1 0 1 1 0 0 0 1 0 0 1 0 1 1 1 1 0 1 1 1 0 1 0 1 0 0 1 1 1 0 0 1 1 1 0 0 0 0 0 0 1 1 0 0 0 1 0 0 0 0 0 1 1 1 1 0 1 1 1 1 1 0 1 1 0 0 1 1 0 0 1 0 0 1 1 0 1 1 1 0 1 0 29213.0 25811.0 29117.0 1 0.07572136572536296
1 0 0 0 1 1 1 1 1 1 1 1 1 1 0 1 0 1 0 1 0 1 0 1 1 1 0 0 1 0 1 1 0 1 0 0 0 1 1 0 0 1 1 0 0 1 1 1 1 1 0 0 0 1 0 0 0 0 1 1 0 0 0 1 1 0 1 1 1 0 0 1 0 0 0 1 1 0 1 1 1 0 1 0 0 0 1 1 0 0 1 0 1 1 0 1 0 1 0 1 30770.0 23723.0 29100.0 1 0.14276825206138813
0 0 1 1 1 1 1 1 1 0 1 1 1 1 0 0 1 0 1 0 1 1 0 0 0 1 0 0 1 0 1 1 1 1 0 1 1 1 0 1 0 1 0 0 1 1 1 0 0 1 1 1 0 0 0 0 0 0 1 1 0 0 0 1 0 0 0 0 0 1 1 1 1 0 1 1 1 1 1 0 1 1 0 0 1 1 0 0 1 0 0 1 1 0 0 1 1 1 0 1 29198.0 25927.0 28887.0 1 0.17904591816131105
1 0 0 1 0 0 1 0 0 0 1 0 1 1 0 1 0 1 0 1 0 1 0 1 0 1 0 0 0 1 1 1 0 1 0 1 0 1 0 0 1 1 1 0 0 1 1 1 0 1 0 0 0 1 0 0 1 0 1 0 0 1 1 1 1 1 0 0 0 1 1 1 1 0 1 1 1 1 1 1 1 0 1 0 0 0 1 1 0 0 1 0 1 1 0 1 0 1 0 1 29881.0 25326.0 28845.0 1 0.06536267298031544
1 0 0 1 0 0 1 0 0 0 1 0 1 1 0 1 0 1 0 1 0 1 0 1 0 1 0 1 0 1 1 1 0 1 0 1 0 1 1 0 1 1 1 0 0 1 1 1 0 1 0 0 0 0 0 0 0 1 1 0 0 1 1 1 1 1 0 0 0 1 1 0 0 0 1 1 1 1 1 0 1 1 0 1 1 1 1 0 1 0 0 1 1 0 0 1 1 1 0 1 28762.0 27157.0 28801.0 1 0.24022526919961887
1 0 0 0 1 1 1 1 1 1 1 1 1 1 0 1 0 1 0 1 0 1 0 1 0 0 0 0 1 0 1 1 1 1 0 1 1 1 0 0 0 1 0 0 1 1 1 0 0 1 1 0 0 1 0 0 0 0 1 1 0 0 0 1 0 0 0 0 0 1 1 1 1 0 1 1 1 1 1 1 1 0 1 0 0 0 1 1 0 0 1 0 1 1 0 1 0 1 0 1 29885.0 25220.0 28511.0 1 0.232708959549552
1 0 1 0 1 0 1 1 0 0 1 1 1 1 0 0 1 0 1 1 1 1 0 0 0 1 0 0 1 0 1 1 1 1 0 1 1 1 0 1 0 1 0 0 1 1 1 0 0 1 1 1 0 0 0 0 0 0 1 1 0 0 0 1 0 0 0 0 0 1 1 1 1 0 1 1 1 1 1 0 1 1 0 0 1 0 0 0 0 0 1 1 1 1 1 1 1 1 0 1 29415.0 26337.0 28236.0 1 0.11009728913499986
1 0 1 0 1 0 1 1 0 0 1 1 1 1 0 0 1 0 1 1 1 1 0 0 0 1 0 0 1 0 1 1 1 1 0 1 1 1 0 1 0 1 0 0 1 1 1 0 0 1 1 1 0 0 0 0 0 0 1 1 0 0 0 1 0 0 0 0 0 1 1 1 1 0 1 1 1 1 1 0 1 1 0 0 1 1 1 0 1 0 0 1 1 0 0 1 1 1 0 1 29565.0 25773.0 28230.0 1 0.07493744807923049
1 0 1 1 1 1 1 0 0 0 1 0 0 1 0 1 0 1 1 1 0 1 0 0 0 1 1 0 0 0 1 1 0 1 0 1 0 1 1 0 1 1 0 0 1 1 1 1 1 1 0 0 0 1 0 0 1 1 1 0 0 0 1 0 0 0 0 0 0 1 1 1 1 0 1 1 1 1 1 0 1 1 0 0 1 1 0 0 1 0 0 1 1 0 0 1 1 1 0 1 28799.0 26724.0 28145.0 1 0.1635346694369841
1 0 0 1 0 0 1 0 0 0 1 0 1 1 0 1 0 1 1 1 0 1 0 1 0 1 0 1 0 1 1 1 0 1 0 1 0 1 1 0 0 1 1 0 0 1 1 1 0 1 0 0 0 1 0 0 0 0 1 1 0 0 0 1 0 0 0 0 0 1 1 1 1 0 1 1 1 1 1 0 1 1 0 1 1 1 1 0 1 0 0 1 1 0 0 1 1 1 0 1 29373.0 26758.0 28132.0 1 0.17565789316631392
1 0 0 0 1 1 1 1 1 1 1 1 1 1 0 1 0 1 0 1 0 1 0 1 1 1 0 0 1 0 1 1 0 1 0 0 0 1 1 0 0 1 1 0 0 1 1 1 1 1 0 0 0 1 0 0 0 1 1 0 0 0 1 0 0 0 0 0 0 1 1 1 0 0 1 1 1 1 1 0 1 1 0 0 1 1 0 0 1 0 0 1 1 0 0 1 1 1 0 1 29546.0 26471.0 27965.0 1 0.14648913169381772
1 0 0 1 0 0 1 0 0 0 1 0 1 1 0 1 0 1 0 1 0 1 0 1 0 1 0 1 0 1 1 1 0 1 0 1 0 1 0 1 0 1 1 0 1 1 1 1 0 1 1 1 0 0 0 0 0 0 1 1 1 0 1 0 0 0 1 1 1 0 0 1 0 0 1 1 1 0 1 1 1 0 1 0 1 1 1 1 0 0 0 0 1 1 0 1 0 1 0 1 31007.0 24819.0 27963.0 1 0.09865833195707016
1 0 0 1 0 0 1 0 0 0 1 0 1 1 0 1 0 1 1 1 0 1 1 1 0 1 0 1 0 0 1 1 0 1 0 1 0 1 1 0 1 1 0 0 1 1 1 1 0 1 1 1 0 0 0 0 0 0 1 1 1 1 0 1 1 1 0 0 0 1 1 0 0 0 1 1 1 0 1 1 1 0 1 0 0 0 1 1 0 0 1 0 1 1 0 1 0 1 0 1 29933.0 24853.0 27883.0 1 0.14249099414803265
1 0 0 0 1 1 1 1 1 1 1 1 1 1 0 1 0 1 0 1 0 1 0 1 1 1 0 0 1 0 1 1 0 1 0 0 0 1 1 0 0 1 1 1 0 1 1 1 0 1 1 0 0 1 0 0 0 1 1 0 0 1 1 0 0 0 0 0 0 1 1 0 1 0 1 1 1 1 1 0 1 1 0 0 1 1 0 0 1 0 0 1 1 0 0 1 1 1 0 0 28376.0 27441.0 27829.0 1 0.2550989316470154
1 0 0 1 0 0 1 0 0 0 1 0 1 1 0 1 0 1 0 1 0 1 0 1 0 1 0 1 0 1 1 1 0 1 0 1 0 1 1 0 1 1 1 0 0 1 1 1 0 1 0 0 0 1 0 0 0 1 1 0 0 1 1 1 1 1 0 0 0 1 1 0 0 0 1 1 1 1 1 0 1 1 0 0 0 1 0 0 1 0 0 1 1 1 0 1 0 1 1 1 30189.0 25609.0 27672.0 1 0.15694595770828296
1 0 0 1 0 0 1 0 0 0 1 0 1 1 0 1 0 1 1 1 0 1 0 1 0 1 0 1 0 0 1 1 0 1 0 1 0 1 1 0 0 1 1 0 1 1 1 1 0 1 1 1 0 0 0 0 0 0 1 1 1 0 1 0 0 0 1 1 1 0 0 1 0 0 1 1 1 0 1 1 1 1 0 0 1 1 1 1 0 0 1 0 1 1 0 1 0 1 0 1 31093.0 24703.0 27454.0 1 1000000000000000.1
0 0 1 0 1 0 1 1 0 0 1 1 1 1 0 1 0 1 1 0 0 1 0 0 0 1 0 0 0 0 1 1 0 1 0 1 0 1 1 0 1 1 0 0 1 1 1 1 0 1 1 1 1 0 0 1 0 1 1 0 0 0 1 0 0 1 0 0 0 1 1 1 1 0 1 1 1 1 1 0 1 1 0 0 1 1 0 0 1 0 0 1 1 0 1 1 1 1 0 1 28370.0 27769.0 27114.0 1 1000000000000000.1
1 0 1 0 1 0 1 1 1 1 1 1 1 1 0 1 0 1 0 1 0 1 0 1 0 0 0 0 1 0 1 1 1 1 0 1 1 1 0 1 0 1 0 0 1 1 1 0 0 1 0 0 0 1 0 0 0 1 1 0 0 0 1 0 0 1 0 0 1 1 1 1 1 0 1 1 1 1 1 0 1 1 0 0 0 1 0 0 1 0 0 0 1 1 0 1 0 1 1 1 30548.0 26132.0 27083.0 1 0.14083715466857102
0 0 1 0 1 1 1 1 1 1 1 1 1 1 0 1 0 1 0 1 0 1 0 0 0 1 0 0 1 0 1 1 0 1 0 1 1 1 0 1 0 1 0 0 1 1 1 0 0 1 0 1 0 0 0 0 0 0 1 1 0 0 0 1 0 0 0 0 0 1 1 1 1 0 1 1 1 1 1 0 1 1 0 0 1 1 0 0 1 0 0 1 1 0 0 1 1 1 0 1 29775.0 26733.0 26998.0 1 1000000000000000.0
1 0 1 1 1 0 1 0 0 0 1 0 1 1 0 1 0 1 1 1 0 1 0 1 1 1 0 1 0 1 1 1 0 1 0 1 0 1 1 0 0 1 1 0 0 1 1 1 0 1 0 0 0 1 0 0 0 1 1 0 0 1 1 1 1 1 1 0 0 1 1 0 0 0 0 1 1 0 1 1 0 1 1 0 0 0 0 1 1 0 1 1 1 0 1 0 1 1 0 1 27882.0 25227.0 31946.0 2 1000000000000000.2
1 0 0 1 0 0 1 0 0 0 1 0 1 1 0 1 0 1 1 1 0 1 1 1 0 1 0 1 0 1 1 1 0 1 0 1 0 1 1 0 0 1 1 0 0 1 1 1 0 1 0 0 0 1 1 0 0 1 1 0 0 1 1 1 1 1 1 0 0 1 1 0 0 0 0 1 1 0 1 1 0 1 1 0 1 0 0 1 0 0 1 1 1 1 1 1 0 1 0 1 28456.0 25783.0 31260.0 2 0.3672790744009635
1 0 1 1 1 1 1 1 0 0 1 1 1 1 0 0 1 0 1 0 1 1 0 0 0 1 0 0 1 0 1 1 1 1 0 1 1 1 0 1 0 1 0 0 1 1 1 0 0 1 1 1 0 0 0 0 0 0 1 1 1 1 0 1 1 1 0 0 0 1 1 0 0 0 1 1 1 0 1 1 1 0 1 0 0 0 1 1 0 0 1 0 1 1 0 1 0 1 0 1 29794.0 23642.0 30228.0 2 0.30778512881332476
1 0 1 1 1 1 1 0 0 0 1 1 0 1 0 1 0 1 1 1 0 0 0 1 0 1 0 0 1 0 1 1 1 1 0 1 0 1 0 1 0 1 0 0 1 1 1 0 0 1 1 1 1 0 0 0 0 0 1 1 1 1 1 1 1 1 0 0 0 1 1 0 0 0 1 1 0 0 1 1 1 0 1 0 0 0 1 1 0 0 1 0 1 1 0 1 0 1 0 1 28888.0 23729.0 29878.0 2 0.16577346683910982
0 0 1 1 1 0 1 1 0 0 1 1 1 1 0 0 1 0 1 0 1 1 0 0 0 1 0 0 1 1 1 1 1 1 0 1 1 1 0 1 0 1 0 0 1 1 1 0 0 1 0 0 0 1 0 0 0 1 1 0 0 0 1 1 0 0 1 0 0 1 1 1 1 0 1 1 1 1 0 0 1 1 0 0 1 1 0 0 1 0 0 1 1 0 0 1 0 1 0 1 28503.0 24441.0 29812.0 2 0.3158537891094247
1 0 1 1 1 1 1 0 0 0 0 0 1 1 0 0 1 1 0 0 0 1 0 1 0 1 0 0 1 0 1 1 1 1 0 1 1 1 0 1 0 1 1 0 1 1 1 1 0 1 1 1 0 0 0 0 0 0 1 1 1 0 1 0 0 0 1 1 1 0 0 1 0 0 1 1 1 0 1 1 1 0 1 0 0 0 1 1 1 0 0 1 1 0 0 1 0 1 0 1 29900.0 23347.0 29745.0 2 1000000000000000.1
1 0 1 1 1 1 1 1 0 0 1 1 1 1 0 0 1 0 1 0 1 1 0 0 0 1 0 0 1 0 1 1 1 1 0 1 1 1 0 1 0 1 0 0 1 1 1 0 0 1 1 1 0 0 0 0 0 0 1 1 1 1 0 1 1 1 0 0 1 1 1 0 0 0 1 1 1 0 1 1 1 0 1 0 0 0 1 0 0 0 1 0 1 1 0 1 0 1 0 1 29829.0 23758.0 29561.0 2 0.09698104681141372
0 0 1 0 1 1 1 1 1 1 1 1 1 1 0 1 0 1 0 1 0 1 0 1 0 0 0 0 1 0 1 1 1 1 0 1 1 1 0 1 0 1 0 0 1 1 1 0 0 1 0 0 0 1 0 0 0 1 1 0 0 0 1 0 0 0 0 0 0 1 1 1 1 0 1 0 1 0 1 1 1 0 1 1 1 1 0 1 1 1 1 0 0 0 1 1 1 0 1 0 27354.0 26227.0 29557.0 2 0.27251106106328177
1 0 0 0 1 1 1 1 1 1 1 1 1 1 0 1 0 1 0 1 0 1 0 1 0 0 0 0 1 0 1 1 1 1 0 1 1 1 0 1 0 1 0 0 1 1 1 0 0 1 0 0 0 1 0 0 0 1 1 0 0 0 1 0 0 0 0 0 0 1 1 1 1 0 1 0 1 0 1 1 1 0 1 1 1 1 0 1 1 1 1 0 0 0 1 1 1 0 1 0 27429.0 26025.0 29468.0 2 0.11029465203285511
0 0 1 0 1 0 1 1 0 0 1 1 1 1 0 0 1 1 1 0 1 1 0 0 0 1 0 0 1 0 1 1 1 1 0 1 1 1 0 1 0 1 0 0 1 1 1 0 0 1 1 1 0 0 0 0 0 0 1 1 1 1 0 1 1 1 0 0 0 1 1 0 1 0 1 1 1 1 1 0 1 1 1 0 1 1 0 0 1 0 0 1 0 0 0 1 1 0 1 0 29272.0 25428.0 29434.0 2 0.1375062408177215
0 0 1 1 1 1 1 1 1 0 1 1 1 1 0 0 1 0 1 0 1 1 0 0 0 1 0 0 1 0 1 1 1 1 0 1 1 1 0 1 0 1 0 0 1 1 1 0 0 1 1 1 0 0 0 0 0 0 1 1 1 1 0 1 1 1 0 0 0 1 1 0 0 0 1 1 1 0 1 1 1 0 1 0 0 0 1 0 0 0 1 0 1 1 0 1 0 1 0 1 29717.0 23869.0 29431.0 2 0.28350077528790213
0 0 1 0 1 1 1 1 1 0 0 0 1 1 0 0 1 1 0 0 0 1 0 1 0 1 0 0 1 0 0 1 1 1 0 1 1 1 0 1 0 1 1 0 1 1 1 1 0 1 1 1 0 0 0 0 0 0 1 1 1 0 1 0 0 0 1 1 1 0 0 1 0 0 1 1 1 0 1 1 1 0 1 0 0 1 1 1 1 0 0 1 1 0 0 1 0 1 0 1 30563.0 23558.0 29132.0 2 1000000000000000.1
1 0 1 1 1 1 1 0 0 1 0 1 0 1 0 1 0 1 0 1 0 1 0 1 1 1 0 0 1 0 1 1 1 1 0 0 1 1 1 0 0 1 1 0 1 1 1 1 0 1 1 1 1 0 1 0 0 0 0 0 0 0 1 0 0 0 0 0 0 1 1 1 1 0 1 1 1 1 1 1 1 0 1 0 0 0 1 1 0 0 1 0 1 1 0 1 0 1 0 1 28977.0 25685.0 29093.0 2 0.12634028152257867
1 0 1 1 1 1 1 1 0 0 1 1 1 1 0 0 1 0 1 0 1 1 0 0 0 1 0 0 1 0 1 1 1 1 0 1 1 1 0 1 0 1 0 0 1 1 1 0 0 1 1 1 0 0 0 0 0 0 1 1 0 0 0 1 0 0 0 0 0 1 1 1 1 0 1 1 1 1 1 0 1 1 0 0 1 1 0 0 1 0 0 1 1 0 0 1 1 1 0 1 28998.0 25680.0 28730.0 2 0.09112821716526864
0 0 1 0 1 1 1 1 1 1 1 1 1 1 0 1 0 1 0 1 0 1 0 1 1 1 0 0 1 0 1 1 0 1 0 0 0 1 1 0 0 1 1 1 0 1 1 1 1 1 0 0 0 1 0 0 0 1 1 0 0 0 1 0 0 0 0 0 0 1 1 0 1 0 1 0 0 0 1 0 1 0 1 1 1 1 0 1 1 1 1 0 0 0 1 1 1 0 1 0 26692.0 26676.0 28675.0 2 1000000000000000.0
1 0 0 0 1 1 1 1 1 1 1 1 1 1 0 1 0 1 0 1 0 1 0 1 0 0 0 0 1 0 1 1 1 1 0 1 1 1 0 0 0 1 0 0 1 1 1 0 0 1 1 0 0 1 0 0 0 1 1 0 0 0 1 0 0 0 0 0 0 1 1 1 1 0 1 1 1 1 1 1 1 0 1 0 0 0 1 1 0 0 1 0 1 1 0 1 0 1 0 1 29023.0 25894.0 28620.0 2 0.07253571525577646
1 0 1 1 1 0 1 0 0 0 1 1 1 1 0 0 1 0 1 1 1 1 0 0 0 1 0 0 1 0 1 1 1 1 0 1 1 1 0 1 0 1 0 0 1 1 1 0 0 1 1 1 0 0 0 0 0 0 1 1 0 0 0 1 0 0 0 0 0 1 1 1 1 0 1 1 1 1 1 0 1 1 0 0 1 1 1 0 1 0 0 1 1 0 0 1 1 1 0 1 29079.0 25812.0 28609.0 2 0.09911994448519848
1 0 0 0 1 1 1 1 1 1 1 1 1 1 0 1 0 1 0 1 0 1 0 1 1 1 0 0 1 0 1 1 0 1 0 0 0 1 1 0 0 1 1 1 0 1 1 1 1 1 0 0 0 1 0 0 0 1 1 0 0 0 1 0 0 0 0 0 0 1 1 0 1 0 1 0 0 0 1 0 1 0 1 1 1 1 0 1 1 1 1 0 0 0 1 1 1 0 1 0 26767.0 26474.0 28586.0 2 0.29599094712477203
1 0 1 1 1 1 1 0 0 0 1 0 0 1 0 1 0 1 1 1 0 1 0 0 0 1 1 0 0 0 1 1 0 1 0 1 0 1 1 0 0 1 0 0 1 1 1 1 1 1 0 0 0 1 0 0 1 1 1 0 0 0 1 0 0 0 0 0 0 1 1 1 1 0 1 1 1 0 1 0 1 1 0 0 1 1 1 0 1 0 0 1 1 0 0 1 1 1 0 1 28585.0 25966.0 28284.0 2 0.1826212127467639
1 0 1 1 1 1 1 0 0 0 1 0 0 1 0 1 0 1 1 1 0 1 0 1 0 1 0 0 1 0 1 1 1 1 0 1 0 1 1 0 0 1 1 1 0 0 1 1 0 1 0 0 0 1 0 0 0 1 1 0 0 0 1 0 0 0 0 0 0 1 1 1 1 0 1 1 1 1 1 0 1 1 0 0 1 1 0 0 1 0 0 1 1 0 0 1 1 1 0 1 27521.0 26141.0 28005.0 2 0.1983519896644619
1 0 0 0 1 1 1 1 1 1 1 1 0 1 0 1 0 1 0 1 0 1 0 1 1 1 1 1 0 0 0 1 0 1 1 0 0 1 1 0 0 1 1 1 0 1 1 1 0 1 0 0 0 1 0 0 0 1 1 0 0 0 1 0 0 0 0 0 0 1 1 1 1 0 1 1 1 1 1 0 1 1 0 0 1 0 0 0 1 0 0 1 1 0 0 1 1 1 0 1 28737.0 26642.0 28002.0 2 0.15951009483728817
1 0 0 0 1 1 1 1 1 1 1 1 1 1 0 1 0 1 0 1 0 1 0 1 1 1 0 1 0 0 0 0 0 1 1 0 0 1 1 0 0 1 1 1 0 1 1 1 0 1 0 0 0 1 0 0 0 1 1 0 0 0 1 1 0 0 0 0 0 1 0 1 1 0 1 1 1 1 1 0 1 1 0 0 1 1 0 0 1 0 0 1 1 0 0 1 1 1 0 1 28560.0 26677.0 27823.0 2 0.14049206382839394
0 0 1 0 1 1 1 1 1 0 0 0 1 1 0 0 1 1 0 0 0 1 0 1 0 1 0 0 1 0 0 1 1 1 0 1 1 1 0 1 1 1 0 1 1 1 1 1 0 1 0 0 0 1 0 0 0 1 1 0 1 0 1 0 0 0 0 0 0 1 1 1 1 0 1 1 1 1 1 0 1 1 0 0 1 1 1 1 0 0 1 0 1 1 0 1 0 1 0 1 29513.0 26146.0 27807.0 2 0.09063275578924285
1 0 0 1 0 0 1 0 0 0 1 0 1 1 0 1 0 1 0 1 0 1 0 1 0 1 0 1 0 1 1 1 0 1 0 1 0 1 1 0 1 1 1 0 0 1 1 1 0 1 0 0 0 1 0 0 0 1 1 0 0 1 1 1 1 1 0 0 0 1 1 0 0 0 1 1 1 1 1 0 1 1 0 1 0 1 0 0 1 0 0 1 1 1 0 1 0 1 0 1 29315.0 26487.0 27777.0 2 0.14070801638688585
0 0 1 0 1 1 1 1 1 1 1 1 1 1 0 1 0 1 1 0 0 1 0 0 0 1 0 0 0 0 1 1 0 1 0 1 0 1 1 0 1 1 0 0 1 1 1 1 0 1 0 1 1 0 1 0 0 0 1 1 0 0 0 1 1 1 0 0 0 1 1 0 0 0 1 1 1 1 1 0 1 1 0 1 1 1 0 0 1 0 0 1 1 0 0 1 1 1 0 0 27899.0 27205.0 27610.0 2 1000000000000000.0
1 0 0 0 1 1 1 1 1 1 1 1 1 1 0 1 0 1 1 0 0 1 0 0 0 1 0 0 0 0 1 1 0 1 0 1 0 1 1 0 1 1 0 0 1 1 1 1 0 1 0 1 1 0 1 0 0 0 1 1 0 0 0 1 1 1 0 0 0 1 1 0 0 0 1 1 1 1 1 0 1 1 0 1 1 1 0 0 1 0 0 1 1 0 0 1 1 1 0 0 27974.0 27003.0 27521.0 2 0.25779985340749684
1 0 0 0 1 1 1 1 1 1 1 1 1 1 0 1 0 1 0 1 0 1 0 1 1 1 0 0 1 0 1 1 0 1 0 0 0 1 1 0 0 1 1 1 0 1 1 1 0 1 0 0 0 1 0 0 0 1 1 0 0 0 1 0 0 0 0 0 0 1 1 0 1 0 1 1 1 1 1 0 1 1 0 0 1 1 0 0 1 0 0 1 1 0 0 1 1 1 0 1 28387.0 27041.0 27399.0 2 0.21160150800192024
1 0 0 1 0 0 1 0 0 0 1 0 1 1 0 1 0 1 0 1 0 1 0 1 0 1 0 0 0 1 1 1 0 1 0 1 0 1 0 0 1 1 1 0 0 1 1 1 0 1 0 0 0 1 0 0 1 1 1 0 0 1 1 1 1 1 0 0 0 1 1 0 0 0 1 1 1 1 1 0 1 1 0 0 0 1 0 0 1 0 0 1 1 1 0 1 0 1 1 1 29548.0 24919.0 27325.0 2 0.21882642305670222
0 0 0 0 1 1 1 1 1 1 1 1 1 1 0 1 0 1 0 1 0 1 0 1 0 0 0 0 1 0 1 1 1 1 0 1 1 1 0 1 0 1 0 0 1 1 1 0 0 1 0 0 0 1 0 0 0 1 1 0 0 0 1 0 0 0 0 0 1 1 1 1 1 0 1 1 1 1 1 0 1 1 0 0 0 1 0 0 1 0 0 0 1 1 0 1 0 1 1 1 29753.0 25645.0 26950.0 2 0.13697622017595112
1 0 0 0 1 1 1 1 1 1 1 1 1 1 0 1 0 1 0 1 0 1 0 1 0 0 0 0 1 0 1 1 1 1 0 1 1 1 0 1 0 1 0 0 1 1 1 0 0 1 0 0 0 1 0 0 0 1 1 0 0 0 1 0 0 0 0 0 0 1 1 1 1 0 1 1 1 1 1 0 1 1 0 0 0 1 0 0 1 0 0 0 1 1 0 1 0 1 1 1 29757.0 25665.0 26856.0 2 0.09992586183675953
1 0 0 1 0 0 1 0 0 0 1 0 1 1 0 1 0 1 1 1 0 1 0 1 0 1 0 1 0 1 1 1 0 1 0 1 0 1 1 0 0 1 1 0 0 1 1 1 0 1 0 0 0 1 0 0 0 0 1 1 0 0 0 1 0 0 0 0 0 1 1 1 1 0 1 1 1 1 1 0 1 1 0 0 0 1 0 0 1 0 0 1 1 1 0 1 0 1 1 1 30420.0 24893.0 26497.0 2 0.3256465315829249
1 0 0 1 0 0 1 0 0 0 1 0 1 1 0 1 0 1 0 1 0 1 0 1 0 1 0 1 0 1 1 1 0 1 0 1 0 1 1 0 1 1 1 0 0 1 1 1 0 1 0 0 0 1 0 0 0 1 1 0 0 1 1 0 0 0 0 0 1 1 1 1 1 0 1 1 1 1 1 0 1 1 0 0 0 1 0 0 1 0 0 0 1 1 0 1 0 1 1 1 30162.0 25497.0 26302.0 2 1000000000000000.2
1 0 0 1 1 0 1 0 0 0 1 0 1 1 0 1 0 1 1 1 0 1 0 1 1 1 0 1 0 1 1 1 0 1 0 1 0 1 1 0 0 1 1 0 0 1 1 1 0 1 0 0 0 1 0 0 0 1 1 0 0 1 1 1 1 1 1 0 0 1 1 0 0 0 0 1 1 0 1 1 0 1 0 0 0 0 0 1 1 0 1 1 1 0 1 0 1 1 0 1 27314.0 24766.0 30687.0 3 1000000000000000.8
0 0 0 0 1 1 1 1 1 1 1 1 1 1 0 1 0 1 1 0 0 1 0 0 0 1 0 0 0 0 1 1 0 1 0 1 0 1 1 0 1 1 0 0 1 1 1 1 0 1 0 1 1 0 1 0 0 0 1 1 0 0 0 1 1 1 0 0 0 1 1 0 0 0 1 1 1 1 1 0 1 1 0 1 1 1 0 0 1 0 0 1 1 0 0 1 1 1 0 0 27658.0 26847.0 27328.0 3 1000000000000000.2
1 0 1 1 1 1 1 0 0 1 1 1 1 1 0 1 0 1 0 1 0 1 1 1 0 0 0 0 1 0 1 1 1 1 0 1 1 1 0 1 0 1 0 0 1 1 1 0 0 1 0 0 0 1 0 0 0 1 1 0 0 0 1 0 0 0 0 0 0 1 1 1 1 0 1 0 1 0 1 1 1 0 1 1 1 1 0 1 1 1 1 0 0 0 1 0 1 0 1 0 25914.0 26163.0 29355.0 3 1000000000000000.1
1 0 1 1 0 1 1 0 0 0 0 0 1 1 0 0 1 1 0 0 0 1 0 1 0 1 0 0 1 0 1 1 1 1 0 1 1 1 0 1 0 1 1 0 1 1 1 1 0 1 1 1 0 0 0 0 0 0 1 1 1 0 1 0 0 0 1 1 1 0 0 1 0 0 1 1 1 0 1 1 1 0 1 0 1 1 1 1 0 0 0 0 1 1 0 1 0 1 0 1 30232.0 23484.0 28416.0 3 1000000000000000.1
1 0 0 1 0 0 1 0 0 0 1 0 1 1 0 1 0 1 1 1 0 1 0 1 0 1 0 1 0 0 1 1 0 1 0 1 0 1 1 0 1 1 0 1 1 1 1 1 0 1 0 0 0 1 0 0 0 1 1 0 1 0 1 0 0 0 0 0 0 1 1 1 1 0 1 1 1 1 1 0 1 1 0 0 1 1 1 1 0 0 1 0 1 1 0 1 0 1 0 1 29312.0 26246.0 26931.0 3 1000000000000000.1
1 0 0 0 1 1 1 1 1 1 1 1 1 1 0 1 0 1 0 1 0 1 0 1 1 1 0 1 0 0 0 0 0 1 1 0 0 1 1 0 0 1 1 0 0 1 1 1 0 1 0 0 0 1 0 0 0 1 1 1 0 0 1 0 0 0 1 1 1 0 0 1 0 0 1 1 1 0 1 1 1 0 1 0 0 0 1 1 0 0 1 0 1 1 0 1 0 1 1 1 30192.0 22834.0 28746.0 3 1000000000000000.0
1 0 1 1 1 1 1 0 0 1 0 1 0 1 0 1 0 1 0 1 0 1 0 1 1 1 0 0 1 0 1 1 1 1 0 1 0 1 0 1 0 1 0 0 1 1 1 0 0 1 1 1 0 0 0 0 0 0 1 1 1 0 1 0 0 0 0 1 1 0 0 1 0 0 1 1 1 0 1 1 1 0 1 0 1 1 1 1 0 0 0 0 1 1 0 1 0 1 0 1 29820.0 23738.0 29045.0 3 0.42372835884593574
1 0 0 1 0 0 1 0 0 0 1 0 1 1 0 1 0 1 0 1 0 1 0 1 0 1 0 1 0 1 1 1 0 1 0 1 0 1 1 0 1 1 1 0 0 1 1 1 0 1 0 0 0 1 0 0 0 1 1 0 0 1 1 1 1 1 0 0 0 1 1 0 0 0 1 0 1 0 1 1 1 0 1 1 1 1 0 1 1 1 1 0 0 0 1 1 1 0 1 1 28150.0 25724.0 30159.0 3 0.3033728154873406
1 0 1 1 0 0 1 0 0 0 1 0 1 1 0 1 0 1 0 1 0 1 0 1 0 1 0 1 0 1 1 1 0 1 0 1 0 1 1 0 1 1 1 0 0 1 1 1 0 1 0 0 0 1 0 0 0 1 1 0 0 1 1 1 1 1 0 0 0 1 1 0 1 0 1 0 0 0 1 1 1 0 0 0 1 0 0 0 0 0 1 1 1 1 1 1 1 1 0 1 27783.0 26421.0 27753.0 3 0.24812306248244978
1 0 0 1 0 0 1 0 0 0 1 0 1 1 0 1 0 1 1 1 0 1 0 1 0 1 0 1 0 1 1 1 0 1 0 1 0 1 1 0 0 1 1 0 0 1 1 1 0 1 0 0 0 1 0 0 0 0 1 0 0 1 1 1 1 1 1 0 0 1 1 0 0 0 0 1 1 0 1 1 0 1 1 0 1 1 1 0 1 0 0 1 1 0 0 1 1 1 0 1 28226.0 25012.0 29695.0 3 0.2403958866458216
0 0 1 0 1 0 1 1 1 0 0 1 0 1 0 0 1 0 1 1 1 1 0 0 0 1 0 0 1 1 1 1 0 1 0 1 0 1 1 0 1 1 1 0 0 1 1 1 0 1 0 0 0 1 0 0 0 1 1 0 0 1 1 1 1 1 0 0 0 1 1 0 0 0 1 0 1 0 1 1 1 0 1 1 1 1 0 1 1 1 1 0 0 0 1 1 1 0 1 1 28022.0 25141.0 30666.0 3 0.21642975643460324
0 0 1 1 1 1 1 1 0 0 1 1 1 0 0 0 1 0 1 0 1 1 0 0 0 1 0 0 1 0 1 1 1 1 0 1 1 1 0 1 0 1 0 0 1 1 1 0 0 1 1 1 0 0 0 0 0 0 1 1 0 0 0 1 0 0 0 0 0 1 1 1 1 0 1 1 1 1 1 0 1 1 0 0 1 1 0 0 1 0 0 1 1 1 0 1 1 1 0 1 29043.0 25620.0 28172.0 3 0.20318922620159474
0 0 1 0 1 1 1 1 1 1 1 1 1 1 0 1 0 1 0 1 0 1 0 1 1 1 0 0 0 0 1 1 0 1 0 0 0 1 1 0 0 1 1 0 0 1 1 1 1 1 0 0 0 1 0 0 0 0 1 1 0 0 0 1 1 0 1 1 1 0 0 1 0 0 0 1 1 0 1 1 1 0 1 0 0 0 1 1 0 0 1 0 1 1 0 1 0 1 0 1 30044.0 23350.0 28954.0 3 0.18611377345943428
0 0 1 0 1 1 1 1 1 1 1 1 1 1 0 1 0 1 0 1 0 1 0 1 1 1 0 1 0 0 0 0 0 1 1 0 0 1 1 0 0 1 1 0 0 1 1 1 0 1 0 0 0 1 0 0 0 1 1 1 0 0 1 0 0 0 1 1 1 0 0 1 0 0 1 1 1 0 1 1 1 0 1 0 0 0 1 1 0 0 1 0 1 1 0 1 0 1 1 1 30117.0 23036.0 28835.0 3 0.18199385673233137
0 1 1 1 1 1 1 1 1 0 0 1 1 1 0 0 1 0 1 0 1 1 0 0 0 1 0 0 1 0 1 1 1 1 0 1 1 1 0 1 0 1 0 0 1 1 1 0 0 1 1 1 0 0 0 0 0 1 1 1 0 0 1 0 0 0 1 1 1 0 0 1 0 0 1 1 1 0 1 1 1 0 1 0 0 0 1 1 0 0 1 0 1 1 0 1 0 1 0 1 29590.0 23353.0 29809.0 3 0.17651452651953342
0 0 1 1 1 0 1 1 0 0 1 1 1 1 0 0 1 0 1 0 1 1 0 0 0 1 0 0 1 1 1 1 1 1 0 1 1 1 0 1 0 1 0 0 1 1 1 0 0 1 1 1 0 0 0 0 0 0 0 1 1 1 0 1 1 1 0 0 0 1 1 0 0 0 1 1 1 1 1 0 1 1 0 1 1 1 0 0 1 0 0 1 1 0 0 1 0 1 0 1 28618.0 25329.0 29408.0 3 0.17616671485960203
1 0 1 1 1 1 1 1 0 0 1 0 1 1 0 1 1 0 0 0 1 1 1 0 1 1 0 0 1 1 1 0 0 0 1 0 0 1 1 0 0 1 1 1 0 1 1 1 0 1 0 0 0 1 0 0 0 1 1 0 0 0 1 0 1 0 0 0 0 1 1 1 0 0 1 1 1 1 1 0 1 1 0 0 0 1 0 0 1 0 0 1 1 1 0 1 0 1 1 1 28460.0 26572.0 27512.0 3 0.16739301175409824
0 0 1 1 1 1 1 1 1 0 1 1 1 1 0 0 1 0 1 0 1 1 0 0 0 1 0 0 1 0 1 1 1 1 0 1 1 1 0 1 0 1 0 0 1 1 1 0 0 1 1 1 0 0 0 0 0 0 1 1 1 1 0 1 1 1 0 0 0 1 1 0 0 0 1 1 1 0 0 1 1 0 1 0 0 0 1 1 0 0 0 0 1 1 0 1 0 1 0 1 29341.0 22957.0 29949.0 3 0.1576434863867316
1 0 1 0 1 1 1 1 1 1 1 1 0 0 0 1 0 1 0 1 0 1 0 0 0 1 0 0 1 0 1 1 1 1 0 1 1 1 0 1 0 1 0 0 1 1 1 0 0 1 1 1 0 0 0 0 0 0 1 0 0 0 0 1 0 0 0 0 0 1 1 1 1 0 1 1 1 1 1 1 1 1 0 0 1 1 0 0 1 0 0 1 1 0 0 1 1 1 0 1 28942.0 26052.0 27510.0 3 0.1551560495103712
0 0 0 0 1 1 1 1 1 1 1 1 1 1 0 1 0 1 0 1 0 1 0 1 0 0 0 0 1 0 1 1 1 1 0 1 1 1 0 1 0 1 0 0 1 1 1 0 0 1 0 0 0 1 0 0 0 1 1 0 0 0 1 1 1 1 0 0 0 1 1 0 0 0 1 1 1 1 1 0 1 1 0 0 0 1 0 0 1 0 0 0 1 1 0 1 0 1 1 1 29473.0 25485.0 27508.0 3 0.14798533215415124
1 0 0 0 1 1 1 1 1 1 1 1 1 1 0 1 0 1 0 1 0 1 0 1 1 1 0 1 0 0 0 0 0 1 1 0 0 1 1 0 0 1 1 1 0 1 1 1 0 1 0 0 0 1 0 0 0 1 1 0 0 0 1 0 0 0 0 0 0 1 1 1 1 0 1 1 1 1 1 0 1 1 0 0 1 1 1 1 0 0 1 0 1 1 0 1 0 1 0 1 28758.0 26473.0 27750.0 3 0.13226852349756618
