1 0 0 1 1 1 0 0 1 1 0 1 1 0 0 0 1 0 1 1 6268.0 5698.0 5451.0 4828.0 4781.0 0 2000000000000000.0
1 0 0 0 1 1 1 1 1 0 0 1 0 1 1 1 0 1 0 1 6198.0 3735.0 7953.0 3835.0 7566.0 0 1000000000000000.1
1 0 0 0 1 1 1 1 1 0 1 0 0 1 1 0 0 1 0 1 5834.0 3755.0 7565.0 2597.0 7045.0 0 1000000000000000.0
1 0 0 1 1 1 1 1 1 0 1 0 0 1 0 1 0 1 0 1 6432.0 3866.0 8610.0 2966.0 6779.0 0 1000000000000000.0
1 0 0 1 1 1 0 1 0 0 0 1 0 1 1 1 0 1 1 1 7050.0 3105.0 6850.0 4038.0 6716.0 0 1000000000000000.0
1 0 0 1 1 1 0 0 1 1 0 1 1 1 1 1 0 1 0 1 7666.0 4899.0 7593.0 5337.0 6171.0 0 1000000000000000.0
1 0 1 0 1 1 1 0 1 1 0 0 1 1 0 0 1 0 0 1 4326.0 5963.0 6074.0 3869.0 5591.0 0 1000000000000000.0
1 0 1 1 1 1 0 0 1 1 0 0 1 1 0 0 1 1 0 1 5948.0 5990.0 6357.0 3902.0 5409.0 0 1000000000000000.0
1 0 0 1 1 0 0 0 1 1 0 1 1 1 1 1 0 0 1 1 6825.0 4373.0 6007.0 5748.0 5164.0 0 1000000000000000.0
1 0 0 0 1 1 1 1 1 1 0 0 1 0 0 1 1 0 0 1 4861.0 5400.0 7584.0 3980.0 5689.0 0 0.2234844415613984
0 0 0 1 1 1 1 1 1 0 0 1 0 1 1 1 0 1 0 1 7039.0 3475.0 7673.0 3586.0 7190.0 0 0.18965893332249367
1 0 0 1 1 1 0 1 1 1 0 0 1 1 1 1 0 1 0 1 7298.0 4859.0 8380.0 4397.0 6122.0 0 0.1791743935746585
1 0 0 0 1 1 0 1 1 0 0 1 0 1 1 1 1 1 0 1 6295.0 4135.0 7247.0 4198.0 7204.0 0 0.17595261406185292
1 0 0 1 1 1 0 1 0 0 0 1 1 1 1 1 0 1 0 1 7175.0 3354.0 7457.0 4435.0 6424.0 0 0.16015843470564167
1 0 0 0 1 1 1 0 1 1 0 0 1 1 0 0 1 0 1 1 4915.0 5967.0 5924.0 4410.0 5684.0 0 0.1577218313184023
1 0 0 1 1 1 1 1 1 0 0 0 0 1 1 1 0 1 0 1 6353.0 3812.0 8162.0 2938.0 6950.0 0 0.1559974649169805
1 0 0 1 1 1 1 1 1 1 0 0 1 0 0 1 0 1 0 1 6386.0 5027.0 8573.0 3650.0 5869.0 0 0.14292242855019033
1 0 0 1 1 1 0 0 1 1 0 0 1 0 0 0 1 1 1 1 6227.0 5867.0 5962.0 3922.0 4951.0 0 0.1413634835223834
0 0 0 1 1 1 0 0 1 1 0 1 1 0 1 0 1 1 0 1 7094.0 5096.0 5755.0 4335.0 5446.0 0 0.13963360218903767
0 0 0 1 1 1 0 1 1 0 0 1 0 1 1 1 0 1 1 1 7460.0 3614.0 6953.0 4047.0 6637.0 0 0.1392165397887594
1 0 0 0 1 1 0 0 1 1 0 1 1 1 1 1 1 0 0 1 6141.0 5272.0 6604.0 5667.0 5991.0 0 0.13571165138203878
0 0 1 1 1 1 0 0 1 1 0 1 1 1 0 1 0 0 1 1 6536.0 5181.0 6178.0 5210.0 5076.0 0 0.1349342177556004
0 0 0 1 1 1 1 0 1 1 1 1 0 1 1 1 0 0 0 1 7020.0 3983.0 7153.0 4451.0 6353.0 0 0.13455242362560074
1 1 0 0 1 1 0 0 1 1 0 0 1 0 1 0 1 1 0 1 5505.0 5578.0 6242.0 3755.0 5498.0 0 0.13010390543480294
1 0 0 0 1 1 1 0 1 1 0 0 1 1 1 0 1 0 0 1 5096.0 5533.0 6206.0 4175.0 5939.0 0 0.12840286675541604
1 0 0 0 1 1 1 1 1 1 0 0 0 1 1 1 0 1 0 1 5756.0 4322.0 8134.0 3468.0 6951.0 0 0.1270490996701367
0 0 0 0 1 1 1 0 1 1 0 1 1 1 1 0 1 0 0 1 5782.0 5196.0 5717.0 4823.0 6179.0 0 0.12478634772454111
1 0 0 1 1 1 0 0 1 1 0 1 1 1 1 1 0 0 1 0 6650.0 4833.0 6000.0 5632.0 4849.0 0 0.1236563754284123
0 0 0 1 1 1 0 1 1 0 0 1 0 1 1 1 1 1 0 1 7136.0 3875.0 6967.0 3949.0 6828.0 0 0.11769353708914554
1 0 0 1 1 1 1 1 1 0 0 0 0 1 0 1 1 1 0 1 5848.0 4507.0 7894.0 3075.0 6886.0 0 0.11612565564844146
1 0 0 1 1 1 0 1 1 0 1 0 0 1 1 1 0 1 0 1 7034.0 3571.0 8172.0 3192.0 6481.0 0 0.11322278069883793
1 1 0 0 1 1 0 0 1 1 0 0 1 1 1 1 1 0 0 1 5393.0 5494.0 6811.0 4838.0 5667.0 0 0.11139329754055802
1 0 0 1 1 1 1 1 1 0 0 1 0 1 0 1 0 1 0 1 6418.0 3816.0 8013.0 3580.0 6880.0 0 0.11084449861454668
1 0 0 1 0 1 0 0 1 1 0 1 1 1 0 1 0 1 1 1 7206.0 4972.0 6644.0 5307.0 5364.0 0 0.10439265372116657
1 0 0 1 1 1 0 0 1 1 0 0 1 1 1 0 1 1 0 1 6718.0 5560.0 6489.0 4208.0 5757.0 0 0.104000796317678
1 0 0 1 1 1 1 1 1 0 0 1 0 0 1 1 0 1 0 1 6884.0 3757.0 8067.0 3385.0 7031.0 0 0.10361356101705482
1 0 0 0 1 1 0 1 1 1 0 1 1 0 1 1 0 1 0 1 6833.0 4655.0 7926.0 4773.0 6187.0 0 0.10185609751952104
1 0 0 1 1 1 1 1 1 1 0 0 0 0 1 1 0 1 0 1 6442.0 4344.0 8248.0 3018.0 6416.0 0 0.09777237015912983
1 0 0 0 1 1 1 0 1 1 1 0 1 1 0 0 1 0 0 1 5175.0 5587.0 6654.0 4203.0 5768.0 0 0.09532128275879069
1 0 0 1 1 1 1 1 1 0 0 1 0 1 1 1 0 0 0 1 6394.0 3643.0 7651.0 3844.0 6780.0 0 0.09428462626887348
1 0 0 0 1 1 1 0 1 1 1 1 0 1 1 1 0 0 0 1 6179.0 4243.0 7433.0 4700.0 6729.0 0 0.09379236909596611
1 0 0 1 1 1 0 0 1 1 0 0 1 1 0 1 1 0 1 1 6115.0 5783.0 6531.0 5005.0 5120.0 0 0.09319756853829442
1 1 0 1 1 1 0 0 1 1 0 1 1 1 0 1 0 1 0 1 6983.0 5125.0 7651.0 5150.0 5777.0 0 0.09197381477087721
1 0 0 0 1 1 1 0 1 1 0 0 1 1 0 0 1 1 0 1 5120.0 5706.0 6568.0 3911.0 6039.0 0 0.0912680135884917
1 0 0 0 1 1 0 1 1 0 0 1 0 1 1 1 0 1 1 1 6619.0 3874.0 7233.0 4296.0 7013.0 0 0.09006622520089766
1 1 0 1 1 1 0 0 1 1 0 0 1 1 0 1 1 0 0 1 5613.0 5575.0 6871.0 4583.0 4981.0 0 0.08914852365705092
1 0 0 0 1 1 1 0 1 1 0 1 0 1 1 1 0 0 1 1 5919.0 4623.0 6703.0 4907.0 6645.0 0 0.0869304418867375
1 0 0 1 1 1 0 1 1 1 0 1 0 1 1 1 0 1 0 1 7419.0 4180.0 7906.0 4407.0 6599.0 0 0.08690498210250078
1 0 0 1 1 1 1 1 1 1 0 0 0 1 0 1 0 1 0 1 5976.0 4403.0 8194.0 3213.0 6265.0 0 0.086868381401553
0 0 0 1 1 1 0 0 1 1 0 1 1 1 1 1 0 0 1 1 7306.0 4751.0 6310.0 5516.0 5424.0 0 0.08640333323136364
1 0 0 1 1 1 1 0 1 1 0 1 0 1 0 1 0 1 0 1 6344.0 4443.0 7407.0 4153.0 6314.0 0 0.08562356363086535
1 1 0 1 1 1 0 1 1 1 0 0 1 0 0 1 0 0 1 1 6100.0 5219.0 7549.0 4188.0 4822.0 0 0.08340867296520212
1 1 0 1 1 1 0 0 1 1 0 1 1 1 1 1 0 0 0 1 6959.0 4952.0 7289.0 5414.0 5677.0 0 0.08311921407093417
1 0 0 1 1 1 0 0 1 1 0 1 1 0 1 1 0 0 1 1 7151.0 5033.0 6704.0 5315.0 5265.0 0 0.08301039940889254
1 0 0 1 1 1 0 0 1 1 0 1 1 1 0 1 1 1 0 0 6350.0 5267.0 6376.0 5270.0 5140.0 0 0.08258637126786349
1 0 0 0 1 1 0 0 1 1 0 1 1 1 0 1 0 1 1 1 6489.0 5184.0 6952.0 5501.0 5900.0 0 0.08232466332591858
1 0 0 0 1 1 0 1 1 1 1 0 0 1 1 1 0 1 0 1 6437.0 4081.0 8144.0 3722.0 6482.0 0 0.08220549542801191
1 0 0 1 1 1 0 1 1 0 0 0 0 1 1 1 1 1 0 1 6450.0 4212.0 7456.0 3301.0 6588.0 0 0.08164233486484007
0 0 0 0 1 1 1 0 1 1 0 1 1 1 0 0 1 1 0 1 5806.0 5369.0 6079.0 4559.0 6279.0 0 0.0810191053589769
1 0 0 1 1 1 0 0 1 1 0 1 1 1 1 0 1 0 0 1 6759.0 5391.0 5978.0 5114.0 5587.0 0 0.08013577430485319
1 0 0 0 1 1 1 0 1 1 0 1 0 1 0 1 1 1 0 1 5619.0 5057.0 7079.0 4545.0 6936.0 0 0.08003598335805327
1 1 0 0 1 1 0 0 1 1 0 0 1 1 0 1 0 1 1 1 5741.0 5406.0 7159.0 4672.0 5576.0 0 0.07989855652527812
1 0 0 0 1 1 0 0 1 1 0 1 1 0 1 0 1 1 0 1 6253.0 5356.0 6035.0 4584.0 5822.0 0 0.07977113654463362
1 0 0 1 1 1 0 1 1 1 0 1 1 0 0 1 1 0 0 1 6524.0 5258.0 7356.0 4919.0 5337.0 0 0.07932241377971505
1 0 0 1 1 1 0 0 1 1 0 1 1 0 0 1 1 1 0 1 6851.0 5467.0 7080.0 4953.0 5556.0 0 0.07926623996620745
1 0 0 1 1 1 0 1 0 0 0 1 0 1 1 1 1 1 0 1 6726.0 3366.0 6864.0 3940.0 6907.0 0 0.07886834141619214
1 0 0 0 1 1 0 0 1 1 0 1 1 1 0 1 1 1 0 1 6165.0 5445.0 6966.0 5403.0 6091.0 0 0.07852704956456413
1 0 0 1 1 1 1 1 1 0 0 1 0 1 0 1 1 0 0 1 5889.0 4338.0 7383.0 3981.0 6716.0 0 0.07779402285282855
1 1 0 0 1 1 0 0 1 1 0 0 1 1 0 1 1 1 0 1 5417.0 5667.0 7173.0 4574.0 5767.0 0 0.07650734267318064
1 1 0 0 1 1 0 0 1 1 0 1 1 1 0 1 0 0 1 1 5782.0 5237.0 6648.0 5578.0 5406.0 0 0.07617366310540913
1 0 0 1 1 1 0 0 1 0 1 1 0 1 0 1 1 1 0 1 6897.0 4306.0 7117.0 4269.0 6466.0 0 0.07614994436969869
1 1 0 1 1 1 0 0 1 1 0 0 1 1 0 0 1 1 0 1 6035.0 5786.0 6547.0 4021.0 5363.0 0 0.07488861699234362
1 0 0 0 1 1 1 0 1 1 0 1 0 1 0 1 0 1 1 1 5943.0 4796.0 7065.0 4643.0 6745.0 0 0.07327782528280355
1 1 0 1 1 1 0 0 1 1 0 0 1 0 0 1 1 1 0 1 6103.0 5689.0 7287.0 4124.0 5232.0 0 0.07243350166407644
1 0 0 1 1 1 0 1 1 1 0 1 1 1 0 1 0 1 0 1 7363.0 4863.0 8231.0 5039.0 6052.0 0 0.0719945083511204
1 0 0 1 1 1 0 0 1 1 1 0 1 1 1 0 0 1 0 1 7302.0 4919.0 7205.0 4099.0 5650.0 0 0.07143956845572813
1 0 0 0 1 1 0 0 1 0 0 1 1 1 1 1 0 1 1 1 6866.0 4593.0 6920.0 5226.0 6585.0 0 0.0713825632203333
1 0 0 0 1 1 0 1 1 1 0 0 0 1 1 1 1 1 0 1 5853.0 4722.0 7428.0 3831.0 6589.0 0 0.07074293803913342
1 1 0 1 1 1 0 0 1 1 0 0 1 1 1 1 0 1 0 1 6918.0 5121.0 7800.0 4508.0 5847.0 0 0.07053024745337656
0 0 0 1 1 1 1 1 1 1 0 0 0 1 0 1 1 1 0 1 6092.0 4757.0 7586.0 3356.0 6511.0 0 0.0694076887133441
0 0 0 1 1 1 1 0 1 1 0 1 0 1 0 1 1 1 0 1 6460.0 4797.0 6799.0 4296.0 6560.0 0 0.06801874196521444
1 0 0 1 1 1 0 0 1 0 0 0 1 1 1 1 1 1 0 1 6697.0 4931.0 7143.0 4231.0 6160.0 0 0.06793481214296522
1 1 0 1 1 1 0 0 1 1 0 0 1 1 1 0 1 0 0 1 6011.0 5613.0 6185.0 4285.0 5263.0 0 0.06659193923809315
1 1 0 1 1 1 0 1 1 1 0 0 1 0 0 1 0 1 0 1 6305.0 4958.0 8193.0 3689.0 5177.0 0 0.06642655713977012
1 1 0 0 1 1 0 1 1 0 0 0 1 1 1 1 0 1 0 1 5996.0 4345.0 8047.0 3864.0 6397.0 0 0.06578501662591996
1 0 0 1 1 1 1 1 1 0 0 1 1 1 0 1 0 0 0 1 6338.0 4326.0 7976.0 4476.0 6233.0 0 0.06499105331780874
0 0 0 1 1 1 0 0 1 1 0 1 1 1 0 1 0 1 1 1 7330.0 4924.0 6672.0 5252.0 5524.0 0 0.06481251275735102
1 0 0 1 1 1 0 0 1 1 1 0 1 0 0 0 1 1 0 1 6487.0 5487.0 6692.0 3715.0 5035.0 0 0.06428312946325684
1 0 0 1 1 1 0 1 1 0 0 0 1 1 0 1 1 1 0 1 6394.0 4895.0 7781.0 3933.0 6041.0 0 0.06270799145581837
1 0 1 1 1 1 0 0 1 0 0 0 1 1 0 1 1 1 0 1 5927.0 5361.0 7011.0 3925.0 5812.0 0 0.0623631145476265
1 0 0 1 1 1 0 0 1 1 0 0 1 1 0 1 1 1 0 1 6320.0 5522.0 7175.0 4506.0 5475.0 0 0.06235518540972064
1 0 0 0 1 1 1 0 1 1 1 0 0 1 1 1 0 1 0 1 6138.0 4412.0 7944.0 3794.0 6899.0 0 0.06185597987977953
1 0 0 1 1 1 0 1 1 1 0 0 1 0 0 1 1 1 0 1 6483.0 5427.0 7867.0 4013.0 5507.0 0 0.06167100228681293
1 0 0 1 1 1 1 0 1 0 0 1 0 1 0 1 1 1 0 1 6216.0 4547.0 7107.0 4015.0 6935.0 0 0.061076640985696866
1 0 0 0 1 1 1 0 1 1 0 1 1 1 0 1 0 1 0 1 6068.0 5045.0 7672.0 5040.0 6453.0 0 0.060559320834732894
1 0 0 0 1 1 1 1 1 1 0 1 0 1 0 1 0 0 1 1 5616.0 4587.0 7341.0 4609.0 6526.0 0 0.06054693729837599
1 0 0 1 1 1 1 0 1 1 0 1 0 0 1 1 1 0 0 1 6281.0 4906.0 6831.0 4359.0 6301.0 0 0.05960553855516268
1 0 0 0 1 1 0 0 1 1 1 1 0 1 1 1 0 1 0 1 6805.0 4121.0 7357.0 4662.0 6531.0 0 0.05839481307481083
1 0 0 0 1 1 0 0 1 1 1 0 1 1 1 1 0 1 0 1 6684.0 4800.0 7831.0 4652.0 6054.0 0 0.05755237071883017
1 0 0 1 1 1 0 0 1 1 0 1 1 1 0 0 1 1 0 1 6783.0 5564.0 6340.0 4850.0 5687.0 0 0.05754303019357777
