1 0 0 0 1 1 1 1 1 0 0 1 0 1 1 1 0 1 0 1 6198.0 3735.0 7953.0 3835.0 7566.0 0 1000000000000000.0
1 0 0 1 1 1 1 1 1 0 0 0 0 1 1 1 0 1 0 1 6353.0 3812.0 8162.0 2938.0 6950.0 0 0.3254590211334867
1 0 0 0 1 1 1 0 1 1 0 1 0 1 0 1 1 1 0 1 5619.0 5057.0 7079.0 4545.0 6936.0 0 0.13089210909065677
1 0 0 0 1 1 1 1 1 1 0 1 0 1 0 1 0 1 0 1 5821.0 4326.0 7985.0 4110.0 6881.0 0 0.15141752757790447
1 0 0 1 1 1 1 1 1 0 0 1 0 1 0 1 0 1 0 1 6418.0 3816.0 8013.0 3580.0 6880.0 0 0.3153063893549152
1 0 0 0 1 1 1 1 1 0 0 0 0 1 0 1 1 1 0 1 4852.0 4358.0 7535.0 3004.0 6870.0 0 0.23384193528387373
1 0 0 0 1 1 1 1 1 0 1 0 0 1 0 1 0 1 0 1 5436.0 3717.0 8251.0 2895.0 6763.0 0 1000000000000000.2
1 0 0 0 1 1 1 0 1 1 0 1 0 1 0 1 0 1 1 1 5943.0 4796.0 7065.0 4643.0 6745.0 0 0.08089963336812922
0 0 0 0 1 1 1 0 0 1 0 1 0 1 1 1 0 1 1 1 5999.0 3537.0 5983.0 4320.0 6742.0 0 1000000000000000.1
1 0 0 0 1 1 1 0 1 1 0 1 0 1 1 1 0 0 1 1 5919.0 4623.0 6703.0 4907.0 6645.0 0 0.13193387417228392
1 0 0 1 1 1 0 1 1 1 0 1 0 1 1 1 0 1 0 1 7419.0 4180.0 7906.0 4407.0 6599.0 0 0.3676773537846109
1 0 0 0 1 1 1 1 1 1 0 1 0 1 0 1 0 0 1 1 5616.0 4587.0 7341.0 4609.0 6526.0 0 0.14608214286336912
1 0 0 0 1 1 1 0 1 1 0 0 1 1 1 1 0 1 0 1 6003.0 5041.0 7821.0 4398.0 6523.0 0 0.05274693441792758
1 0 0 1 1 1 1 0 1 0 0 0 1 1 1 1 0 1 0 1 6600.0 4531.0 7849.0 3868.0 6522.0 0 0.08933593476757755
1 0 0 0 1 1 0 1 1 1 0 1 0 1 0 1 1 1 0 1 5918.0 4726.0 7279.0 4473.0 6519.0 0 0.12333118224763502
0 0 0 1 1 1 1 1 1 1 0 0 0 1 0 1 1 1 0 1 6092.0 4757.0 7586.0 3356.0 6511.0 0 0.20345430434272338
1 0 0 0 1 1 1 0 1 1 0 1 1 1 0 1 0 1 0 1 6068.0 5045.0 7672.0 5040.0 6453.0 0 0.10748346812497336
1 0 0 0 1 1 0 0 1 1 0 1 0 1 1 1 0 1 1 1 6545.0 4501.0 6627.0 4869.0 6447.0 0 0.0986753870224969
1 0 0 1 1 1 0 1 1 0 1 1 0 1 0 1 0 1 0 1 7099.0 3575.0 8023.0 3834.0 6411.0 0 0.19222322131137132
1 1 0 0 1 1 0 1 1 0 0 0 1 1 1 1 0 1 0 1 5996.0 4345.0 8047.0 3864.0 6397.0 0 0.07807834786012294
1 0 1 1 1 1 0 0 1 1 0 1 0 1 1 1 0 1 0 1 6952.0 4646.0 7136.0 4399.0 6370.0 0 0.10315664692418561
1 0 0 0 1 1 0 1 1 1 0 1 0 1 0 1 0 1 1 1 6242.0 4465.0 7265.0 4571.0 6328.0 0 0.10741505936079775
1 1 0 1 1 1 0 0 1 1 0 1 0 1 1 1 0 1 0 1 7039.0 4442.0 7326.0 4518.0 6324.0 0 0.06701302557558132
1 0 0 1 1 1 1 0 1 1 0 1 0 1 0 1 0 1 0 1 6344.0 4443.0 7407.0 4153.0 6314.0 0 0.10633702989853949
0 0 0 1 1 1 1 0 1 1 0 1 0 1 1 1 0 0 1 1 6760.0 4363.0 6423.0 4658.0 6269.0 0 0.13839729560679662
1 0 0 1 1 1 1 1 1 1 0 0 0 1 0 1 0 1 0 1 5976.0 4403.0 8194.0 3213.0 6265.0 0 0.1815084635082697
0 0 0 1 1 1 0 0 1 1 0 1 0 1 1 1 1 1 0 1 7062.0 4502.0 6361.0 4522.0 6262.0 0 0.058891797770364726
1 0 0 0 1 1 0 1 1 1 0 1 0 1 1 1 0 0 1 1 6218.0 4292.0 6903.0 4835.0 6228.0 0 0.14775688976374868
0 0 0 0 1 1 1 0 1 1 0 1 1 1 1 0 1 0 0 1 5782.0 5196.0 5717.0 4823.0 6179.0 0 0.21329270201321654
1 0 0 0 1 1 0 0 1 1 1 1 0 1 1 1 0 0 1 1 6600.0 4382.0 6713.0 5161.0 6176.0 0 0.07385617733969477
1 0 0 1 1 1 0 0 1 1 0 1 1 1 1 1 0 1 0 1 7666.0 4899.0 7593.0 5337.0 6171.0 0 1000000000000000.1
1 0 0 1 1 1 0 1 1 1 0 0 1 1 1 1 0 1 0 1 7298.0 4859.0 8380.0 4397.0 6122.0 0 1000000000000000.1
1 0 0 0 1 1 0 0 1 1 0 1 1 1 0 1 1 1 0 1 6165.0 5445.0 6966.0 5403.0 6091.0 0 0.11210513579718967
1 0 0 1 1 1 0 1 1 1 0 1 1 1 0 1 0 1 0 1 7363.0 4863.0 8231.0 5039.0 6052.0 0 0.09802800715437102
1 0 0 1 1 1 0 1 1 0 0 0 1 1 0 1 1 1 0 1 6394.0 4895.0 7781.0 3933.0 6041.0 0 0.11868640189051843
1 0 0 0 1 1 1 0 1 1 0 0 1 1 1 0 1 0 0 1 5096.0 5533.0 6206.0 4175.0 5939.0 0 0.2991127554615352
1 1 0 1 1 1 0 0 1 1 0 0 1 1 1 1 0 1 0 1 6918.0 5121.0 7800.0 4508.0 5847.0 0 0.12418283341209006
1 1 0 1 1 1 0 0 1 1 0 1 1 1 0 1 0 1 0 1 6983.0 5125.0 7651.0 5150.0 5777.0 0 0.13585549631076302
1 0 0 1 1 1 0 0 1 1 0 0 1 1 1 0 1 1 0 1 6718.0 5560.0 6489.0 4208.0 5757.0 0 0.12060857600664568
1 0 0 0 1 1 1 1 1 1 0 0 1 0 0 1 1 0 0 1 4861.0 5400.0 7584.0 3980.0 5689.0 0 0.1779056120717249
1 0 0 1 1 1 0 0 1 1 0 1 1 1 0 0 1 1 0 1 6783.0 5564.0 6340.0 4850.0 5687.0 0 0.0664137648145659
1 0 0 1 1 1 0 1 1 0 0 0 1 1 0 1 1 0 1 1 6189.0 5156.0 7137.0 4432.0 5686.0 0 0.08156255295563042
1 0 0 0 1 0 0 0 0 1 0 1 1 1 1 1 0 1 1 1 6064.0 3547.0 5567.0 5410.0 5637.0 0 0.48792503780405905
1 0 0 1 0 1 0 0 1 1 0 0 1 1 1 1 1 1 0 1 6817.0 5229.0 6807.0 4567.0 5625.0 0 0.18243581159339706
1 0 0 1 1 1 0 1 1 1 0 0 1 1 1 0 1 0 0 1 6391.0 5351.0 6765.0 4174.0 5538.0 0 0.15172339238200377
1 0 0 1 1 1 0 1 1 1 0 0 1 0 0 1 1 1 0 1 6483.0 5427.0 7867.0 4013.0 5507.0 0 0.11578345760065803
1 1 0 0 1 1 0 0 1 1 0 0 1 0 1 0 1 1 0 1 5505.0 5578.0 6242.0 3755.0 5498.0 0 0.16518967138405868
1 0 0 1 1 1 0 0 1 1 0 0 1 1 0 1 1 1 0 1 6320.0 5522.0 7175.0 4506.0 5475.0 0 0.08811062643764053
1 0 0 1 1 0 0 0 1 1 0 1 1 1 0 1 1 1 0 1 6525.0 4807.0 6383.0 5386.0 5455.0 0 0.09026815680863808
0 0 0 1 1 1 0 0 1 1 0 1 1 0 1 0 1 1 0 1 7094.0 5096.0 5755.0 4335.0 5446.0 0 0.11923808339335888
0 0 1 1 1 1 0 0 1 1 0 0 1 1 0 1 1 1 0 1 6171.0 5611.0 6703.0 4206.0 5437.0 0 0.0489624706992173
1 0 1 1 1 1 0 0 1 1 0 0 1 1 0 0 1 1 0 1 5948.0 5990.0 6357.0 3902.0 5409.0 0 1000000000000000.0
1 1 0 1 1 1 0 0 1 1 0 0 1 1 1 0 1 0 0 1 6011.0 5613.0 6185.0 4285.0 5263.0 0 0.2143425732641437
1 1 0 1 1 1 0 1 1 1 0 0 1 0 0 1 0 1 0 1 6305.0 4958.0 8193.0 3689.0 5177.0 0 0.18819763822417263
1 0 0 1 1 1 0 0 1 1 0 0 1 1 0 1 1 0 1 1 6115.0 5783.0 6531.0 5005.0 5120.0 0 0.27918397900584135
1 0 0 1 1 1 0 0 1 1 0 1 1 1 0 1 0 0 1 1 6685.0 5092.0 6650.0 5510.0 5114.0 0 0.1578265075141887
0 0 1 1 1 1 0 0 1 1 0 1 1 1 0 1 0 0 1 1 6536.0 5181.0 6178.0 5210.0 5076.0 0 0.15981112257652588
1 0 0 1 1 1 0 0 1 1 1 0 1 0 0 0 1 1 0 1 6487.0 5487.0 6692.0 3715.0 5035.0 0 0.2683443255022564
1 0 0 0 1 0 0 0 0 1 0 1 1 1 1 1 1 0 1 0 4724.0 3742.0 3988.0 5607.0 4506.0 0 4000000000000000.0
1 0 1 0 1 1 1 0 1 1 0 0 1 0 0 0 1 0 0 1 4016.0 5836.0 5829.0 3348.0 5040.0 1 2000000000000000.0
0 0 0 1 0 0 0 0 1 1 0 1 1 1 1 1 1 0 1 0 5851.0 4039.0 3783.0 5422.0 3891.0 1 2000000000000000.0
1 0 0 0 1 1 1 1 1 0 0 0 0 0 1 1 0 1 1 1 5642.0 4038.0 7575.0 2907.0 6830.0 1 1000000000000000.1
0 0 0 1 1 1 1 1 1 0 1 0 0 1 0 1 0 1 0 1 6277.0 3457.0 7971.0 2646.0 6387.0 1 1000000000000000.1
0 0 0 1 1 1 0 0 1 1 0 1 1 1 1 1 0 1 0 1 7511.0 4490.0 6954.0 5017.0 5779.0 1 1000000000000000.1
1 0 0 0 1 1 0 0 1 1 0 1 1 1 1 1 1 0 0 0 5330.0 4945.0 5655.0 5463.0 5024.0 1 1000000000000000.1
1 0 0 0 1 1 0 1 1 0 1 0 1 1 0 1 0 1 0 1 5982.0 4105.0 8138.0 3753.0 5918.0 1 1000000000000000.0
0 0 0 1 1 0 0 0 0 1 0 1 1 1 1 1 0 1 1 1 6905.0 3287.0 5287.0 5161.0 5261.0 1 1000000000000000.0
1 0 0 1 1 1 0 0 0 1 0 1 1 1 1 1 0 0 1 0 6085.0 3915.0 5258.0 5303.0 4536.0 1 0.6064884317703025
1 1 0 0 1 1 1 0 1 0 0 0 1 0 0 0 1 1 0 1 4504.0 5214.0 6349.0 2928.0 5779.0 1 0.4321042800962077
1 0 0 1 1 1 0 0 1 1 0 0 1 1 0 1 1 0 1 0 5304.0 5456.0 5582.0 4801.0 4153.0 1 0.26828618265655324
1 0 0 1 1 1 0 1 1 0 1 0 1 0 0 0 1 1 0 1 6561.0 4860.0 7298.0 3142.0 5601.0 1 0.24939558453267768
1 0 1 0 1 1 1 0 1 0 0 0 0 1 1 1 0 1 0 1 4890.0 4129.0 7033.0 2859.0 6705.0 1 0.236791815682176
0 1 0 1 1 1 0 1 1 0 1 1 0 1 0 1 0 1 0 1 7037.0 3460.0 7741.0 3653.0 6327.0 1 0.21312024979443647
1 0 0 0 1 1 1 0 0 1 0 1 0 1 1 1 0 0 1 1 5354.0 3705.0 5961.0 4578.0 6332.0 1 0.20666401999883288
1 0 0 0 1 1 0 0 1 1 0 0 1 1 0 1 1 1 1 0 5108.0 5548.0 5884.0 4792.0 4939.0 1 0.20506432834783322
1 0 0 0 1 1 0 1 1 0 0 0 1 1 0 1 1 0 1 1 5193.0 5007.0 6778.0 4361.0 5670.0 1 0.20224104396095682
1 0 0 0 1 1 1 0 1 0 0 0 1 0 0 1 1 1 0 1 4789.0 4950.0 6977.0 3413.0 5891.0 1 0.1942364772441427
1 0 0 1 1 1 0 1 1 1 0 0 1 0 0 1 0 1 0 1 6212.0 4664.0 7836.0 3550.0 4869.0 1 0.1927518599362011
0 0 0 1 0 1 0 0 1 1 0 1 1 0 1 1 1 1 0 1 7193.0 4765.0 6073.0 4694.0 5314.0 1 0.19265543209497404
1 0 0 1 1 1 0 0 1 1 0 0 1 1 1 1 0 0 1 1 6620.0 5088.0 6799.0 4868.0 5184.0 1 0.18753828193301889
1 0 0 0 1 1 1 0 0 1 0 1 0 1 1 1 0 1 0 1 5559.0 3444.0 6605.0 4079.0 6687.0 1 0.18362021668535344
0 0 0 1 1 1 0 1 1 1 0 1 0 1 1 1 0 1 0 1 7264.0 3771.0 7267.0 4087.0 6207.0 1 0.18207772371148492
1 0 0 0 1 1 1 1 1 1 0 0 0 1 0 1 0 1 0 1 4980.0 4254.0 7835.0 3142.0 6249.0 1 0.17448645121800552
1 0 1 0 1 1 1 0 1 0 0 0 0 0 1 1 0 1 1 1 5175.0 4504.0 6805.0 2899.0 6601.0 1 0.17447517170044316
0 0 0 1 1 1 1 1 1 1 0 1 0 1 0 1 0 1 0 1 6662.0 4066.0 7705.0 3861.0 6505.0 1 0.1736009089154991
1 1 0 1 1 1 0 0 1 1 0 0 1 0 0 0 1 1 0 1 5725.0 5659.0 6302.0 3500.0 4812.0 1 0.1718624740973592
0 0 0 1 0 1 0 0 1 1 0 1 1 1 1 1 0 0 1 1 7027.0 4390.0 5643.0 5251.0 4872.0 1 0.17178696068958513
1 0 0 0 1 0 0 0 0 1 0 1 1 1 1 1 1 1 0 1 5740.0 3808.0 5581.0 5312.0 5828.0 1 0.1705476246071334
1 0 1 0 1 1 1 0 1 0 0 0 1 0 1 1 0 1 0 1 5300.0 4753.0 7412.0 3296.0 6309.0 1 0.15931444925145213
1 0 0 0 1 1 1 0 1 1 0 0 1 1 1 0 0 0 1 1 5420.0 5272.0 6192.0 4273.0 5748.0 1 0.15869355889197403
0 0 1 1 1 1 0 0 1 1 0 1 1 1 0 1 0 1 0 1 6741.0 4920.0 6822.0 4711.0 5431.0 1 0.15402681476917324
1 1 0 1 1 1 0 1 1 0 1 0 0 1 1 0 0 1 0 1 6749.0 3835.0 7544.0 2707.0 6369.0 1 0.1498645362498518
0 0 0 1 0 0 0 0 1 1 0 1 1 1 1 1 1 1 0 1 6867.0 4105.0 5376.0 5127.0 5213.0 1 0.14928396219391543
1 0 0 1 1 1 0 0 1 1 0 0 1 0 0 1 1 0 1 1 5805.0 5656.0 6286.0 4484.0 4569.0 1 0.1482389816538498
1 0 0 1 1 1 0 1 1 0 0 0 1 1 1 1 0 1 0 1 6899.0 4200.0 8049.0 3796.0 6105.0 1 0.1452009761579494
1 0 0 1 1 1 0 0 0 1 0 1 0 1 1 1 0 1 1 1 6976.0 3732.0 6244.0 4611.0 6150.0 1 0.14424088799799914
0 0 0 1 1 1 0 1 1 1 0 0 1 1 1 1 0 1 0 1 7143.0 4450.0 7741.0 4077.0 5730.0 1 0.14092831395006697
1 1 0 0 1 1 0 0 1 1 0 0 1 1 1 0 1 0 0 1 5015.0 5464.0 5826.0 4214.0 5247.0 1 0.13618403943449534
1 0 0 0 1 1 0 1 1 1 0 0 1 0 0 1 1 1 0 1 5487.0 5278.0 7508.0 3942.0 5491.0 1 0.13251846867704947
1 0 0 1 1 1 0 0 1 1 0 0 1 1 0 1 1 0 0 1 5520.0 5281.0 6514.0 4444.0 4673.0 1 0.12868108987739393
