1 0 0 0 1 1 1 0 1 0 0 0 0 1 1 1 0 1 1 1 5479.0 4133.0 6883.0 3400.0 6798.0 0 1000000000000000.2
1 0 0 0 1 1 0 1 1 0 1 0 0 1 1 0 1 1 0 1 5931.0 4155.0 6859.0 2960.0 6683.0 0 0.1651657045362354
1 0 0 0 1 1 1 0 1 1 0 1 0 1 1 1 0 0 1 1 5919.0 4623.0 6703.0 4907.0 6645.0 0 0.13481293467359634
1 0 1 0 1 1 1 0 1 0 0 0 0 0 1 1 0 1 1 1 5175.0 4504.0 6805.0 2899.0 6601.0 0 0.5251281212247036
1 0 0 0 1 1 0 1 1 1 0 1 0 1 1 1 0 1 0 1 6423.0 4031.0 7547.0 4336.0 6583.0 0 0.1959069495520922
1 1 0 0 1 1 1 0 1 0 0 0 0 0 1 1 0 1 1 1 5262.0 4300.0 6995.0 3018.0 6555.0 0 0.2861768290237406
1 0 0 1 1 1 1 0 1 0 0 0 1 1 1 1 0 1 0 1 6600.0 4531.0 7849.0 3868.0 6522.0 0 0.19499274316964477
1 0 0 0 1 1 0 1 1 1 0 1 0 1 0 1 1 1 0 1 5918.0 4726.0 7279.0 4473.0 6519.0 0 0.17303550925401495
0 0 0 1 1 1 1 1 1 1 0 1 0 1 0 1 0 1 0 1 6662.0 4066.0 7705.0 3861.0 6505.0 0 0.18327580203658395
1 0 0 1 1 1 0 1 1 0 1 1 0 1 0 1 0 1 0 1 7099.0 3575.0 8023.0 3834.0 6411.0 0 0.24397153490648038
1 1 0 0 1 1 0 1 1 0 0 0 1 1 1 1 0 1 0 1 5996.0 4345.0 8047.0 3864.0 6397.0 0 0.17943208395173335
1 0 1 1 1 1 0 0 1 1 0 1 0 1 1 1 0 1 0 1 6952.0 4646.0 7136.0 4399.0 6370.0 0 0.10015679850598569
1 1 0 1 1 1 0 1 1 0 1 0 0 1 1 0 0 1 0 1 6749.0 3835.0 7544.0 2707.0 6369.0 0 1000000000000000.1
1 0 0 0 1 1 0 1 1 1 0 1 0 1 0 1 0 1 1 1 6242.0 4465.0 7265.0 4571.0 6328.0 0 0.2087291420178575
1 0 0 0 1 1 0 1 1 1 0 1 0 1 1 1 0 0 1 1 6218.0 4292.0 6903.0 4835.0 6228.0 0 0.1815047695035335
1 1 0 1 1 1 0 0 1 0 1 1 0 1 0 1 0 1 0 1 6719.0 3837.0 7443.0 3945.0 6136.0 0 0.24277634743700843
1 0 0 1 1 1 0 1 1 1 0 0 1 1 1 1 0 1 0 1 7298.0 4859.0 8380.0 4397.0 6122.0 0 1000000000000000.1
1 0 0 1 1 1 0 1 1 0 0 0 1 1 0 1 1 1 0 1 6394.0 4895.0 7781.0 3933.0 6041.0 0 0.2121404206119667
1 1 0 1 1 1 0 0 1 1 0 0 1 1 1 1 0 1 0 1 6918.0 5121.0 7800.0 4508.0 5847.0 0 0.20538084275417412
0 0 0 1 1 1 0 0 1 1 0 1 1 1 1 1 0 1 0 1 7511.0 4490.0 6954.0 5017.0 5779.0 0 1000000000000000.0
1 0 0 1 1 1 0 0 1 1 0 0 1 1 1 0 1 1 0 1 6718.0 5560.0 6489.0 4208.0 5757.0 0 0.2379062733248588
1 0 0 1 1 1 0 1 1 0 0 0 1 1 0 1 1 0 1 1 6189.0 5156.0 7137.0 4432.0 5686.0 0 0.13899439089606225
1 0 0 0 1 0 0 0 0 1 0 1 1 1 1 1 0 1 1 1 6064.0 3547.0 5567.0 5410.0 5637.0 0 0.1790428498301797
1 0 0 1 0 1 0 0 1 1 0 0 1 1 1 1 1 1 0 1 6817.0 5229.0 6807.0 4567.0 5625.0 0 0.13643346800024853
1 0 0 0 0 0 0 0 1 1 0 1 1 1 1 1 1 1 0 1 6026.0 4365.0 5656.0 5376.0 5589.0 0 0.16999577918750744
1 0 0 0 1 0 0 1 1 1 0 1 1 0 1 1 0 1 0 1 6197.0 3868.0 6984.0 4685.0 5535.0 0 0.13500438755210775
1 1 0 0 1 1 0 0 1 1 0 0 1 0 1 0 1 1 0 1 5505.0 5578.0 6242.0 3755.0 5498.0 0 0.28872663521103675
1 0 0 0 1 1 0 1 1 1 0 1 1 1 0 0 1 0 0 1 5460.0 5206.0 6257.0 4745.0 5452.0 0 0.0931360049295991
0 0 0 1 1 1 0 0 1 1 0 1 1 0 1 0 1 1 0 1 7094.0 5096.0 5755.0 4335.0 5446.0 0 0.09782299912423106
0 0 1 1 1 1 0 0 1 1 0 0 1 1 0 1 1 1 0 1 6171.0 5611.0 6703.0 4206.0 5437.0 0 0.1797498657094415
1 1 0 1 1 1 0 0 1 0 0 1 1 1 0 1 0 0 1 1 6379.0 4727.0 6676.0 5048.0 5405.0 0 0.17319815935780242
0 0 0 1 0 1 0 0 1 1 0 1 1 0 1 1 1 1 0 1 7193.0 4765.0 6073.0 4694.0 5314.0 0 0.19375872241464775
0 0 0 1 1 1 0 1 1 0 1 1 1 0 0 1 0 0 1 1 7149.0 4051.0 7119.0 4450.0 5268.0 0 0.12215855381713807
1 1 0 1 1 1 0 0 1 1 0 0 1 1 1 0 1 0 0 1 6011.0 5613.0 6185.0 4285.0 5263.0 0 0.1460895456281864
0 0 0 1 1 0 0 0 0 1 0 1 1 1 1 1 0 1 1 1 6905.0 3287.0 5287.0 5161.0 5261.0 0 1000000000000000.0
1 1 0 0 0 1 0 0 1 1 0 1 1 1 0 0 0 1 1 1 5925.0 5087.0 5657.0 4751.0 5236.0 0 0.09472967719392783
1 1 0 1 0 1 0 0 1 1 0 1 1 1 0 1 0 1 0 1 6704.0 4764.0 6984.0 4885.0 5225.0 0 0.057344039394018484
0 0 0 1 0 0 0 0 1 1 0 1 1 1 1 1 1 1 0 1 6867.0 4105.0 5376.0 5127.0 5213.0 0 0.15081965296431793
1 0 0 0 1 1 0 1 1 1 0 1 1 1 1 0 1 0 0 0 5425.0 4947.0 5607.0 4867.0 5187.0 0 0.16309213812890025
1 0 0 1 1 0 1 0 0 1 0 1 1 1 0 1 0 0 1 1 5658.0 3750.0 5703.0 5193.0 5149.0 0 0.21763689950927434
1 0 0 1 1 1 0 0 1 1 0 0 1 1 0 1 1 0 1 1 6115.0 5783.0 6531.0 5005.0 5120.0 0 0.2402282905704619
1 0 0 0 1 1 0 0 1 1 0 1 1 1 0 1 0 0 1 1 5689.0 4943.0 6291.0 5439.0 5098.0 0 1000000000000000.1
0 0 1 1 1 1 0 0 1 1 0 1 1 1 0 1 0 0 1 1 6536.0 5181.0 6178.0 5210.0 5076.0 0 0.11643284735073646
1 0 1 0 1 1 1 0 1 1 0 0 1 0 0 0 1 0 0 1 4016.0 5836.0 5829.0 3348.0 5040.0 0 2000000000000000.2
0 0 0 1 0 0 0 0 1 1 0 1 1 1 1 1 0 1 1 1 7191.0 3844.0 5362.0 5225.0 5022.0 0 0.08737036408170272
1 1 0 1 1 1 0 0 1 1 0 1 1 1 0 1 0 0 0 1 6183.0 4884.0 6990.0 5088.0 4975.0 0 0.1160576737006951
1 1 0 1 0 1 0 0 1 1 0 1 1 1 0 1 0 0 1 1 6499.0 5025.0 6340.0 5384.0 4870.0 0 0.21033750827715025
1 0 0 1 1 0 0 0 0 1 0 1 1 1 1 1 0 0 1 1 6260.0 3455.0 5265.0 5419.0 4851.0 0 1000000000000000.1
1 1 0 1 1 1 0 0 1 1 0 0 1 1 0 1 0 0 1 1 5937.0 5314.0 6857.0 4681.0 4790.0 0 0.26594927561753146
1 0 0 1 0 1 0 0 1 1 0 1 1 0 1 1 0 0 1 1 6872.0 4672.0 6037.0 5050.0 4713.0 0 0.21100002654146727
1 0 0 1 1 0 0 0 1 1 0 1 1 0 1 1 0 0 1 1 6515.0 4246.0 5762.0 5227.0 4613.0 0 0.2508086327333716
1 0 0 1 1 0 0 0 1 1 0 1 1 1 0 1 0 0 1 1 6049.0 4305.0 5708.0 5422.0 4462.0 0 1000000000000000.0
1 1 0 0 1 1 1 0 1 0 1 1 0 1 1 0 0 0 0 1 5495.0 3848.0 6474.0 3614.0 6600.0 1 1000000000000000.1
1 0 0 0 1 1 1 1 1 0 0 0 0 0 1 1 0 1 0 1 5047.0 3536.0 7558.0 2346.0 6383.0 1 1000000000000000.1
0 1 0 1 1 1 0 1 1 0 1 1 0 1 0 1 0 1 0 1 7037.0 3460.0 7741.0 3653.0 6327.0 1 1000000000000000.1
1 0 0 0 1 1 1 0 1 0 0 0 1 0 0 0 1 1 0 1 4411.0 4920.0 5992.0 2789.0 5471.0 1 1000000000000000.1
1 0 0 0 0 1 0 0 0 1 1 1 1 1 1 1 0 0 1 0 5665.0 3527.0 4979.0 5321.0 4499.0 1 1000000000000000.1
0 0 0 1 1 0 0 0 0 1 1 1 1 1 0 1 0 0 1 1 6184.0 3100.0 5074.0 5127.0 4288.0 1 1000000000000000.1
1 1 0 1 0 1 0 0 1 1 0 1 1 0 1 1 0 0 1 0 6154.0 4639.0 5445.0 4985.0 4054.0 1 1000000000000000.1
1 0 0 1 1 1 0 1 1 0 0 0 1 1 1 1 0 1 0 1 6899.0 4200.0 8049.0 3796.0 6105.0 1 1000000000000000.0
1 1 0 1 1 1 0 0 1 1 0 0 1 0 0 0 1 1 0 1 5725.0 5659.0 6302.0 3500.0 4812.0 1 1000000000000000.0
1 1 0 0 1 1 0 0 1 1 0 0 1 0 1 0 1 0 1 0 4489.0 5512.0 4649.0 4050.0 4176.0 1 1000000000000000.0
1 0 0 0 1 0 1 0 0 1 0 1 1 1 0 1 0 0 1 1 4662.0 3601.0 5344.0 5122.0 5133.0 1 0.3539793983437801
0 0 0 1 1 1 1 1 1 0 0 1 0 1 0 1 0 1 0 1 6263.0 3407.0 7374.0 3260.0 6488.0 1 0.299659973656467
0 0 0 1 1 1 1 1 1 0 1 0 0 1 0 1 0 1 0 1 6277.0 3457.0 7971.0 2646.0 6387.0 1 0.28541209019113994
1 1 0 0 1 1 0 0 1 1 0 0 1 1 1 0 1 0 0 1 5015.0 5464.0 5826.0 4214.0 5247.0 1 0.2677603089807713
1 1 1 1 1 1 0 0 1 1 0 1 1 1 0 1 0 0 0 0 5378.0 5055.0 6208.0 4904.0 4362.0 1 0.22454710743790587
0 0 0 1 1 1 1 1 1 0 0 0 1 1 1 0 0 1 0 1 6540.0 4124.0 7162.0 2952.0 6293.0 1 0.21702807546063269
1 0 0 0 1 1 0 1 1 1 0 1 0 1 0 1 0 1 0 1 5647.0 3963.0 7248.0 4010.0 5881.0 1 0.21553897233874275
1 0 0 1 1 1 0 0 1 1 0 0 1 1 0 1 0 0 1 1 5844.0 5020.0 6500.0 4542.0 4482.0 1 0.21382965977778995
1 0 0 1 1 1 0 1 1 0 1 0 1 0 0 0 1 1 0 1 6561.0 4860.0 7298.0 3142.0 5601.0 1 0.1976996868930172
1 0 0 1 1 1 0 0 0 1 0 1 1 1 1 1 0 0 1 0 6085.0 3915.0 5258.0 5303.0 4536.0 1 0.19578381750235638
0 0 0 1 1 1 0 0 1 1 0 1 1 1 0 0 1 1 0 1 6628.0 5155.0 5701.0 4530.0 5295.0 1 0.1938455599949993
1 0 0 0 1 1 0 1 1 1 0 1 1 0 1 1 0 0 1 0 5817.0 4589.0 6333.0 5068.0 4865.0 1 0.18620738433435366
1 0 0 1 1 1 0 0 1 1 0 0 1 1 0 1 1 0 1 0 5304.0 5456.0 5582.0 4801.0 4153.0 1 0.18331139978108144
1 0 0 1 1 1 0 0 1 0 1 0 1 0 1 0 1 1 0 1 6864.0 4896.0 6660.0 3440.0 5720.0 1 0.17969961454736744
0 0 0 1 0 1 0 0 1 1 0 1 1 0 1 1 0 0 1 1 6717.0 4263.0 5398.0 4730.0 4321.0 1 0.17885496256760405
1 0 0 1 1 1 0 0 1 1 1 0 1 1 0 0 1 0 0 1 5997.0 5373.0 6276.0 4174.0 4784.0 1 0.1755737768557993
1 1 0 1 1 1 0 0 1 1 0 0 1 1 0 0 1 0 0 1 5235.0 5545.0 5886.0 3959.0 4561.0 1 0.1751462664926403
0 0 0 1 1 1 0 0 1 1 0 0 1 1 0 1 1 0 1 1 5960.0 5374.0 5892.0 4685.0 4728.0 1 0.1726479930653369
1 1 0 1 1 0 1 0 0 1 0 1 1 1 0 1 0 0 0 1 5156.0 3542.0 6043.0 4771.0 5010.0 1 0.16587176485878402
1 1 0 0 0 1 1 0 1 0 0 0 1 1 1 0 1 0 0 1 4511.0 4807.0 5565.0 3448.0 5678.0 1 0.1582445679708505
1 0 0 1 1 0 0 0 0 1 0 1 1 1 1 0 1 1 0 1 6358.0 3927.0 4955.0 4759.0 5424.0 1 0.15532306965846152
1 1 0 1 1 1 0 0 1 0 0 0 0 1 1 1 0 1 1 1 6394.0 4213.0 6862.0 3510.0 6122.0 1 0.15138170732964312
1 0 0 1 1 1 0 0 1 1 0 1 0 1 1 1 0 1 0 1 6946.0 4148.0 6969.0 4379.0 6016.0 1 0.15091490474194572
1 0 0 1 1 1 0 0 1 1 0 0 1 1 1 1 0 1 0 1 6825.0 4827.0 7443.0 4369.0 5539.0 1 0.1502984505795697
1 0 0 1 1 0 1 1 1 1 0 1 0 1 0 1 0 1 0 1 6181.0 3688.0 7402.0 4093.0 6245.0 1 0.14757432390195913
0 0 1 0 1 1 1 0 1 0 0 0 1 1 1 1 0 1 0 1 5455.0 4471.0 7018.0 3497.0 6468.0 1 0.1458030265928234
0 1 0 0 0 1 0 0 1 1 0 0 1 1 1 1 0 1 1 1 6083.0 4704.0 6152.0 4413.0 5334.0 1 0.14482768164448762
1 1 0 1 1 1 0 1 1 0 0 1 0 1 0 1 0 1 0 1 6337.0 3747.0 7633.0 3619.0 6188.0 1 0.14316609175630166
1 0 0 1 1 1 1 0 1 1 0 0 0 1 1 1 0 0 1 1 6074.0 4700.0 6912.0 4010.0 6029.0 1 0.14172021622839132
1 0 0 0 1 1 0 0 1 1 0 0 1 0 1 0 1 1 0 1 5412.0 5284.0 5885.0 3616.0 5190.0 1 0.14131529185620562
0 0 0 1 1 1 1 1 1 1 0 0 0 1 1 1 0 0 1 1 6392.0 4323.0 7210.0 3718.0 6220.0 1 0.13954435565284448
1 0 0 1 1 1 0 1 1 0 1 0 1 0 0 1 0 0 1 1 6463.0 4388.0 7608.0 3802.0 5028.0 1 0.12572615096593998
1 0 0 0 1 1 1 0 1 0 0 0 1 1 1 1 0 1 0 1 5604.0 4382.0 7490.0 3797.0 6506.0 1 0.12426517337189615
1 0 0 0 0 1 1 1 1 1 0 0 1 1 0 1 0 0 1 1 5216.0 4905.0 7148.0 4334.0 5497.0 1 0.12415419687718537
0 0 1 1 1 1 0 0 1 1 0 0 1 1 0 0 1 1 0 1 5793.0 5581.0 5718.0 3582.0 5017.0 1 0.12380705542606506
0 0 0 1 1 1 0 1 1 0 0 0 1 1 0 1 1 1 0 1 6239.0 4486.0 7142.0 3613.0 5649.0 1 0.12176585117413642
1 0 0 1 1 1 0 0 0 1 0 1 1 1 0 1 0 0 1 1 6120.0 4174.0 5908.0 5181.0 4801.0 1 0.12150923752237223
1 0 0 1 0 1 1 1 1 1 0 0 1 1 0 1 0 0 0 1 5617.0 4552.0 7490.0 3844.0 5066.0 1 0.12115538708224803
