1 0 1 0 1 1 1 0 1 0 0 0 0 1 1 0 1 1 0 1 4783.0 4862.0 6079.0 2698.0 6923.0 0 2000000000000000.0
1 0 0 1 1 0 0 0 1 1 0 1 1 1 0 1 1 0 1 0 5509.0 4741.0 4790.0 5681.0 4133.0 0 2000000000000000.0
1 0 0 0 1 1 1 1 1 0 0 1 0 1 1 1 0 1 0 1 6198.0 3735.0 7953.0 3835.0 7566.0 0 1000000000000000.0
1 0 0 1 1 1 0 1 0 0 1 1 0 1 1 1 0 1 0 1 7310.0 2725.0 7580.0 3831.0 6800.0 0 1000000000000000.0
1 0 0 1 1 1 1 1 1 0 1 0 0 1 0 1 0 1 0 1 6432.0 3866.0 8610.0 2966.0 6779.0 0 1000000000000000.0
0 0 0 1 1 1 0 1 1 0 1 1 0 1 1 1 0 1 0 1 7720.0 3234.0 7683.0 3840.0 6721.0 0 1000000000000000.0
1 0 0 1 1 0 0 0 1 1 0 1 1 1 1 1 0 0 1 1 6825.0 4373.0 6007.0 5748.0 5164.0 0 1000000000000000.0
1 0 1 0 1 1 0 0 1 1 0 0 1 0 0 1 1 0 1 1 4815.0 6005.0 6094.0 4433.0 4907.0 0 1000000000000000.0
1 0 0 0 1 1 0 0 1 1 0 1 1 1 0 1 1 0 1 0 5149.0 5379.0 5373.0 5698.0 4769.0 0 0.43629914556814164
1 0 0 1 1 1 1 1 0 0 0 1 0 1 1 1 0 1 0 1 6629.0 2966.0 7570.0 3577.0 7269.0 0 0.1709751403013362
1 0 0 1 1 1 0 1 0 0 0 1 1 1 1 1 0 1 0 1 7175.0 3354.0 7457.0 4435.0 6424.0 0 0.15110609667109826
1 1 0 0 1 1 0 0 1 1 0 0 1 1 0 0 1 0 1 1 4834.0 5898.0 5544.0 4449.0 4992.0 0 0.14896602334227277
1 0 0 1 1 1 0 1 0 0 0 1 0 1 1 1 0 1 1 1 7050.0 3105.0 6850.0 4038.0 6716.0 0 0.1461860993748066
1 0 0 0 1 1 1 0 0 0 0 1 0 1 1 1 1 1 0 1 5431.0 3548.0 6305.0 3941.0 7308.0 0 0.13618969560637928
1 1 0 0 1 1 1 0 1 0 0 0 0 1 1 0 1 1 0 1 4870.0 4658.0 6269.0 2817.0 6877.0 0 0.1360741756220114
1 0 0 0 1 1 1 1 1 0 1 1 0 0 0 1 0 1 0 1 5967.0 3662.0 8156.0 3342.0 6844.0 0 0.13268053850912245
1 0 0 1 1 1 0 0 1 1 0 0 1 1 0 1 1 0 1 1 6115.0 5783.0 6531.0 5005.0 5120.0 0 0.12771385862022233
1 1 0 1 1 1 1 0 1 1 0 0 0 1 0 0 1 1 0 1 5489.0 5398.0 6660.0 3163.0 6208.0 0 0.12335015818511386
1 0 0 1 1 1 1 1 1 0 0 1 0 0 1 1 0 1 0 1 6884.0 3757.0 8067.0 3385.0 7031.0 0 0.12300614846160819
1 0 0 0 1 1 0 1 1 0 1 1 0 1 1 1 0 1 0 1 6879.0 3494.0 7963.0 4089.0 7097.0 0 0.1193807467930593
0 0 0 1 1 1 0 0 1 1 0 1 1 0 0 1 1 0 1 1 6491.0 5319.0 5797.0 5132.0 4809.0 0 0.11746436455452598
1 0 0 1 1 1 1 1 1 1 0 0 0 1 0 0 1 1 0 1 5869.0 5136.0 7240.0 3052.0 6483.0 0 0.11598392327216606
1 0 0 1 1 1 1 1 1 0 0 0 0 1 1 1 0 1 0 1 6353.0 3812.0 8162.0 2938.0 6950.0 0 0.11548461478994115
1 0 0 1 1 1 0 0 1 1 0 1 1 0 0 0 1 0 1 1 6268.0 5698.0 5451.0 4828.0 4781.0 0 0.11462955890808812
1 0 0 0 1 1 1 0 1 0 0 1 0 1 1 0 1 1 0 1 5618.0 4436.0 6062.0 3646.0 7201.0 0 0.11457121865121736
1 0 0 1 1 1 0 0 1 1 0 1 0 1 0 0 1 1 1 1 6658.0 5315.0 5733.0 4453.0 5979.0 0 0.11453264024513458
1 0 0 1 1 1 0 0 1 1 0 1 1 1 1 1 0 1 0 1 7666.0 4899.0 7593.0 5337.0 6171.0 0 0.11292254853093166
1 0 0 0 1 1 1 1 1 1 0 0 0 1 1 1 0 1 0 1 5756.0 4322.0 8134.0 3468.0 6951.0 0 0.11279153736702653
1 0 0 1 1 1 0 0 1 1 0 0 1 0 0 0 1 1 1 1 6227.0 5867.0 5962.0 3922.0 4951.0 0 0.11197561609452504
1 1 0 0 1 1 0 0 1 1 0 0 1 0 0 1 1 0 1 1 4902.0 5801.0 6284.0 4552.0 4861.0 0 0.11040331800707008
1 0 0 1 1 1 0 1 1 0 1 0 1 1 0 1 0 1 0 1 6978.0 4254.0 8497.0 3824.0 5934.0 0 0.1095432031883309
0 0 1 1 1 1 0 0 1 1 0 1 1 1 0 1 1 0 0 1 6212.0 5442.0 6192.0 5112.0 5267.0 0 0.10902064110337681
1 1 0 0 1 1 0 0 1 1 0 0 1 1 0 1 1 1 0 1 5417.0 5667.0 7173.0 4574.0 5767.0 0 0.10895367135623302
1 0 0 1 1 1 1 0 1 1 0 1 0 1 0 0 1 1 0 1 6237.0 5176.0 6453.0 3992.0 6532.0 0 0.10553502857853699
1 0 0 1 1 1 1 0 1 0 0 1 1 1 0 1 1 0 0 1 6136.0 5057.0 7070.0 4911.0 6288.0 0 0.10481600795271453
1 0 0 1 1 1 0 1 1 1 0 1 1 1 1 1 0 0 0 1 7339.0 4690.0 7869.0 5303.0 5952.0 0 0.10365623701695657
1 1 0 1 1 1 1 0 1 1 0 0 1 0 0 1 0 1 0 1 6006.0 5289.0 7993.0 3761.0 5594.0 0 0.10340302004837738
1 0 0 0 1 1 1 1 1 0 0 0 0 1 1 0 1 1 0 1 5250.0 4396.0 6849.0 2706.0 7152.0 0 0.10304482043205554
1 0 0 0 1 1 0 0 1 1 0 0 1 0 1 1 1 0 1 1 5585.0 5575.0 6226.0 4739.0 5255.0 0 0.10232757889585586
1 0 0 1 1 1 0 0 1 1 0 1 1 1 1 1 1 0 0 0 6326.0 5094.0 6014.0 5534.0 5040.0 0 0.10169928643012377
1 0 0 1 1 1 0 0 1 1 0 1 1 0 1 1 1 0 0 1 6827.0 5294.0 6718.0 5217.0 5456.0 0 0.10076472184177587
1 0 0 1 1 1 1 0 1 1 0 0 1 1 0 1 0 1 0 1 6223.0 5122.0 7881.0 4143.0 5837.0 0 0.09945952349282322
1 0 0 0 1 1 0 0 1 1 0 1 1 0 0 1 1 0 1 1 5650.0 5579.0 6077.0 5381.0 5185.0 0 0.09835095573647043
1 1 0 0 1 1 0 0 1 1 0 1 1 1 0 1 0 0 1 1 5782.0 5237.0 6648.0 5578.0 5406.0 0 0.09785002043942032
1 1 0 1 1 1 1 1 1 0 0 0 0 1 0 1 0 1 0 1 5670.0 4038.0 8220.0 2751.0 6556.0 0 0.09773856974057782
1 0 0 1 1 1 1 0 1 0 1 1 0 1 0 1 0 1 0 1 6800.0 3906.0 7823.0 3906.0 6828.0 0 0.09591654403701008
1 0 0 1 1 1 0 1 1 0 1 1 0 1 1 0 0 1 0 1 7497.0 3613.0 7337.0 3536.0 6693.0 0 0.09568243198650335
1 0 0 1 0 1 0 1 1 1 0 1 1 1 0 1 1 0 0 1 6555.0 5024.0 6934.0 5175.0 5336.0 0 0.09567129411507128
1 0 0 1 1 1 0 0 1 1 0 1 1 1 0 0 1 1 0 1 6783.0 5564.0 6340.0 4850.0 5687.0 0 0.09350690411960791
1 0 0 0 1 1 0 1 1 1 1 1 0 1 0 1 0 1 0 1 6502.0 4085.0 7995.0 4364.0 6412.0 0 0.09292716872369938
1 0 1 0 1 1 1 0 1 1 0 0 0 1 1 1 0 1 0 1 5289.0 4788.0 7364.0 3460.0 6722.0 0 0.09291466722972413
1 0 0 1 1 1 0 1 1 1 0 0 0 1 1 0 1 1 0 1 6471.0 4841.0 6802.0 3278.0 6185.0 0 0.08887089592505043
1 0 0 0 1 1 1 1 1 1 0 0 1 1 0 1 0 1 0 1 5700.0 5005.0 8459.0 4100.0 6404.0 0 0.0882965885739925
1 0 0 0 1 1 0 1 1 1 0 0 1 1 0 1 1 1 0 1 5797.0 5405.0 7753.0 4463.0 6042.0 0 0.08817695573485453
1 0 0 0 1 1 1 0 1 1 0 0 1 0 0 1 1 0 1 1 4983.0 5870.0 6664.0 4513.0 5553.0 0 0.08676023220438914
1 0 0 1 1 1 0 1 1 1 0 0 1 1 1 1 0 1 0 1 7298.0 4859.0 8380.0 4397.0 6122.0 0 0.08667701854731591
1 0 0 1 1 1 0 1 1 0 1 1 0 0 1 1 0 1 0 1 7565.0 3516.0 8077.0 3639.0 6562.0 0 0.08625629922124957
1 0 0 1 1 1 0 0 1 1 0 0 1 0 1 1 0 1 1 1 7110.0 5202.0 7215.0 4409.0 5435.0 0 0.08621524723146134
0 0 0 1 1 1 0 0 1 1 0 0 1 1 1 1 0 1 1 1 7265.0 4920.0 6821.0 4610.0 5594.0 0 0.08580785650872406
1 0 0 1 1 1 0 0 1 1 0 1 1 1 1 1 0 0 1 0 6650.0 4833.0 6000.0 5632.0 4849.0 0 0.08551074367589337
1 0 0 0 1 1 0 0 1 1 0 1 1 1 0 1 1 1 0 1 6165.0 5445.0 6966.0 5403.0 6091.0 0 0.08428747841320372
1 1 0 0 1 1 1 1 1 1 0 0 0 1 0 1 0 1 0 1 5073.0 4548.0 8192.0 3281.0 6557.0 0 0.08425712445754789
1 0 0 1 1 1 0 1 1 1 0 1 1 1 0 1 0 1 0 1 7363.0 4863.0 8231.0 5039.0 6052.0 0 0.08238584212274293
1 0 0 1 1 1 1 0 1 1 0 0 1 0 0 0 1 0 1 1 5601.0 5989.0 6038.0 3960.0 5149.0 0 0.08125774546401715
1 1 0 0 1 1 1 0 1 1 0 0 1 1 0 1 0 1 0 1 5320.0 5267.0 7879.0 4211.0 6129.0 0 0.08097344732145871
1 0 0 0 1 1 0 0 1 1 0 1 0 1 1 1 0 1 1 1 6545.0 4501.0 6627.0 4869.0 6447.0 0 0.0809634210210122
1 0 0 1 1 1 0 0 1 1 0 1 1 0 0 1 1 1 0 1 6851.0 5467.0 7080.0 4953.0 5556.0 0 0.0805984483237357
1 0 0 1 0 1 0 1 1 0 1 1 0 1 1 1 0 1 0 1 7596.0 3282.0 7655.0 3895.0 6561.0 0 0.07989958304205323
0 0 0 1 1 1 0 0 1 1 0 1 1 1 0 1 1 1 0 1 7006.0 5185.0 6686.0 5154.0 5715.0 0 0.07813550067801395
1 0 0 0 1 1 0 0 1 1 0 0 1 0 0 1 1 1 1 1 5609.0 5748.0 6588.0 4475.0 5355.0 0 0.07789312545554022
1 0 0 0 1 1 0 1 1 0 0 1 0 1 1 1 0 1 1 1 6619.0 3874.0 7233.0 4296.0 7013.0 0 0.07682172984184861
1 1 0 1 1 1 0 0 1 1 0 1 1 1 1 1 0 0 0 1 6959.0 4952.0 7289.0 5414.0 5677.0 0 0.07629472017090168
1 0 0 1 1 1 0 1 1 0 0 0 0 1 1 1 1 1 0 1 6450.0 4212.0 7456.0 3301.0 6588.0 0 0.07580385711727936
1 0 0 1 1 1 0 1 1 0 0 0 0 1 0 1 1 1 1 1 6269.0 4646.0 7174.0 3536.0 6333.0 0 0.07481026404963188
1 0 0 1 1 1 1 0 1 1 0 0 1 1 0 1 0 0 1 1 6018.0 5383.0 7237.0 4642.0 5482.0 0 0.07322115128578417
1 0 0 0 1 1 0 1 1 0 0 1 1 1 1 1 0 1 0 1 6744.0 4123.0 7840.0 4693.0 6721.0 0 0.07312058409129754
1 0 0 0 1 1 1 0 1 0 0 1 1 1 1 1 0 1 0 1 6445.0 4454.0 7640.0 4765.0 7138.0 0 0.07196760713406233
1 1 0 1 1 1 1 0 1 0 1 0 0 1 0 1 0 1 0 1 6052.0 4128.0 8030.0 3077.0 6504.0 0 0.07156293437983326
0 0 0 1 1 1 0 1 1 0 0 1 0 1 1 1 0 1 1 1 7460.0 3614.0 6953.0 4047.0 6637.0 0 0.07153701009161412
1 1 0 0 1 1 1 0 1 0 0 1 0 0 0 1 1 1 0 1 5003.0 4565.0 6860.0 3562.0 6676.0 0 0.07135046173986018
1 0 0 0 1 1 1 1 1 0 0 0 1 1 1 0 1 0 0 1 5170.0 4906.0 6812.0 3602.0 6505.0 0 0.07133618950583219
1 0 0 1 1 1 0 1 1 1 0 1 0 1 1 1 0 1 0 1 7419.0 4180.0 7906.0 4407.0 6599.0 0 0.07060930642887348
1 0 0 1 1 1 1 0 1 0 0 1 0 1 1 1 0 1 0 1 6721.0 3852.0 7375.0 3878.0 6999.0 0 0.07058625090074214
1 1 0 0 1 1 1 0 1 1 0 1 0 1 0 1 0 1 0 1 5441.0 4588.0 7405.0 4221.0 6606.0 0 0.07055564270156717
1 0 0 0 1 1 1 0 1 1 0 1 1 1 0 1 0 1 0 1 6068.0 5045.0 7672.0 5040.0 6453.0 0 0.06889280317135733
1 1 0 0 1 1 1 0 1 0 0 1 0 1 1 1 0 1 0 1 5818.0 3997.0 7373.0 3946.0 7291.0 0 0.06804007612769794
1 1 0 0 1 1 0 0 1 1 0 1 1 1 0 1 1 0 0 1 5458.0 5498.0 6662.0 5480.0 5597.0 0 0.06748883395776571
1 0 1 1 1 1 1 0 1 0 0 0 0 1 0 1 1 1 0 1 5381.0 4973.0 7124.0 3067.0 6657.0 0 0.06745637341050748
1 0 0 1 1 1 1 0 1 1 0 1 1 1 0 0 0 1 0 1 6686.0 5164.0 7046.0 4487.0 6049.0 0 0.06650610745154495
1 0 0 1 1 1 0 0 1 1 0 0 1 1 0 1 1 1 0 1 6320.0 5522.0 7175.0 4506.0 5475.0 0 0.0663606352402174
1 0 0 1 1 1 1 0 1 0 1 0 1 1 0 1 0 1 0 1 6679.0 4585.0 8297.0 3896.0 6351.0 0 0.06614849572160511
1 0 1 0 1 1 1 0 1 1 0 1 0 1 0 1 0 1 0 1 5354.0 4792.0 7215.0 4102.0 6652.0 0 0.06488437804985026
1 0 0 1 1 1 1 0 1 0 0 0 1 1 1 1 0 1 0 1 6600.0 4531.0 7849.0 3868.0 6522.0 0 0.06403569210875348
1 0 0 1 1 1 0 1 1 0 0 1 1 0 1 1 0 1 0 1 7430.0 4145.0 7954.0 4243.0 6186.0 0 0.06372112604725878
1 1 0 0 1 1 0 0 1 1 0 1 1 1 1 0 0 1 0 1 6385.0 5014.0 6606.0 4781.0 6043.0 0 0.06346092672738984
1 0 0 0 1 1 1 1 1 0 0 1 1 0 0 1 0 1 0 1 5832.0 4291.0 8033.0 3946.0 6468.0 0 0.06111110543629795
0 0 0 0 1 1 0 1 1 1 0 1 1 1 1 1 0 1 0 1 6988.0 4373.0 7532.0 4974.0 6346.0 0 0.060944072411652006
1 0 1 1 1 1 0 0 1 1 0 1 0 1 1 1 0 1 0 1 6952.0 4646.0 7136.0 4399.0 6370.0 0 0.06073910380906253
1 0 0 0 1 1 0 0 1 1 0 1 1 1 0 1 0 1 1 1 6489.0 5184.0 6952.0 5501.0 5900.0 0 0.06048748259724994
0 0 0 1 1 1 0 0 1 1 0 1 1 1 1 1 1 0 0 1 6982.0 5012.0 6324.0 5418.0 5615.0 0 0.060253618555371785
