1 0 0 0 1 1 1 1 1 0 0 0 0 1 1 0 1 1 0 1 5250.0 4396.0 6849.0 2706.0 7152.0 0 1000000000000000.1
1 0 1 0 1 1 0 0 1 1 0 0 1 1 0 0 1 0 1 1 4747.0 6102.0 5354.0 4330.0 5038.0 0 1000000000000000.1
0 0 1 1 1 1 0 0 1 1 0 0 1 1 0 0 1 0 1 1 5588.0 5842.0 5074.0 4081.0 4662.0 0 1000000000000000.1
1 0 0 0 1 1 1 1 1 0 0 1 0 1 1 1 0 1 0 1 6198.0 3735.0 7953.0 3835.0 7566.0 0 1000000000000000.0
1 0 0 1 1 1 0 1 0 0 1 1 0 1 1 1 0 1 0 1 7310.0 2725.0 7580.0 3831.0 6800.0 0 1000000000000000.0
1 0 0 1 1 1 1 1 1 0 1 0 0 1 0 1 0 1 0 1 6432.0 3866.0 8610.0 2966.0 6779.0 0 1000000000000000.0
0 0 0 1 1 1 0 1 1 0 1 1 0 1 1 1 0 1 0 1 7720.0 3234.0 7683.0 3840.0 6721.0 0 1000000000000000.0
1 0 1 0 1 1 1 0 1 1 0 0 0 1 0 0 1 1 0 1 4406.0 5453.0 6111.0 2973.0 6238.0 0 1000000000000000.0
1 0 0 0 1 1 0 0 1 1 0 1 1 1 1 1 0 0 1 1 6465.0 5011.0 6590.0 5765.0 5800.0 0 1000000000000000.0
0 0 0 1 1 1 0 0 1 1 0 1 1 1 0 0 1 0 1 1 6423.0 5416.0 5057.0 5029.0 4940.0 0 1000000000000000.0
1 0 0 1 1 1 1 1 0 0 0 1 0 1 1 1 0 1 0 1 6629.0 2966.0 7570.0 3577.0 7269.0 0 0.2025281269126388
1 1 0 0 1 1 0 0 1 1 0 0 1 1 0 0 1 0 1 1 4834.0 5898.0 5544.0 4449.0 4992.0 0 0.17670314083896402
1 0 0 0 1 1 0 0 1 1 0 1 1 1 0 1 1 0 1 0 5149.0 5379.0 5373.0 5698.0 4769.0 0 0.17239550392475694
1 0 0 0 1 1 0 0 1 1 0 1 1 1 0 0 1 0 1 1 5582.0 5676.0 5337.0 5278.0 5316.0 0 0.15313748749478115
1 0 0 0 1 1 1 0 0 0 0 1 0 1 1 1 1 1 0 1 5431.0 3548.0 6305.0 3941.0 7308.0 0 0.1497664855584252
1 0 0 1 1 1 0 1 0 0 0 1 0 1 1 1 0 1 1 1 7050.0 3105.0 6850.0 4038.0 6716.0 0 0.14711473244234163
1 0 0 1 1 1 0 1 0 0 0 1 1 1 1 1 0 1 0 1 7175.0 3354.0 7457.0 4435.0 6424.0 0 0.1462363087217012
1 1 0 1 1 1 1 1 1 0 0 0 0 1 0 1 0 1 0 1 5670.0 4038.0 8220.0 2751.0 6556.0 0 0.13657337271112324
1 0 0 1 1 1 0 0 1 1 0 0 1 1 0 1 1 0 1 1 6115.0 5783.0 6531.0 5005.0 5120.0 0 0.134300299483092
1 0 0 1 1 1 1 1 1 0 0 0 0 1 1 1 0 1 0 1 6353.0 3812.0 8162.0 2938.0 6950.0 0 0.13321784739717166
1 0 0 0 1 1 1 1 1 0 1 1 0 0 0 1 0 1 0 1 5967.0 3662.0 8156.0 3342.0 6844.0 0 0.12203502822204745
1 0 0 0 1 1 1 0 1 0 0 1 0 1 1 0 1 1 0 1 5618.0 4436.0 6062.0 3646.0 7201.0 0 0.12069497372871016
1 0 0 1 1 1 1 0 1 1 0 1 0 1 0 0 1 1 0 1 6237.0 5176.0 6453.0 3992.0 6532.0 0 0.11665282711811717
1 0 0 0 1 1 0 0 1 1 0 1 1 0 0 1 1 0 1 1 5650.0 5579.0 6077.0 5381.0 5185.0 0 0.11001765217597533
1 0 0 0 1 1 1 1 1 1 0 0 0 1 1 1 0 1 0 1 5756.0 4322.0 8134.0 3468.0 6951.0 0 0.10973548886991381
1 0 0 0 1 1 0 0 1 1 0 0 1 1 0 0 1 1 1 1 5541.0 5845.0 5848.0 4372.0 5486.0 0 0.10896303004497691
1 0 0 1 0 1 0 1 1 1 0 1 1 1 0 1 1 0 0 1 6555.0 5024.0 6934.0 5175.0 5336.0 0 0.10780960633552934
1 1 0 0 1 1 0 0 1 1 0 0 1 1 0 1 1 1 0 1 5417.0 5667.0 7173.0 4574.0 5767.0 0 0.10750665757610954
1 1 0 0 1 1 0 0 1 1 0 0 1 0 0 1 1 0 1 1 4902.0 5801.0 6284.0 4552.0 4861.0 0 0.10587677453691172
1 1 0 1 1 1 1 0 1 0 1 0 0 1 0 1 0 1 0 1 6052.0 4128.0 8030.0 3077.0 6504.0 0 0.10487464485957947
1 1 0 0 1 1 0 0 1 1 0 1 1 1 0 1 0 0 1 1 5782.0 5237.0 6648.0 5578.0 5406.0 0 0.10369223705396347
1 0 1 0 1 1 0 0 1 1 0 0 1 0 0 1 1 0 1 1 4815.0 6005.0 6094.0 4433.0 4907.0 0 0.10139071347599683
1 0 0 1 1 1 0 1 1 0 1 1 0 1 1 0 0 1 0 1 7497.0 3613.0 7337.0 3536.0 6693.0 0 0.10054689725503818
1 0 0 1 1 1 1 1 1 0 0 1 0 0 1 1 0 1 0 1 6884.0 3757.0 8067.0 3385.0 7031.0 0 0.09958241903229181
1 0 0 1 1 1 0 0 1 1 0 1 1 0 1 1 1 0 0 1 6827.0 5294.0 6718.0 5217.0 5456.0 0 0.09939422528220425
1 0 1 0 1 1 1 0 1 1 0 0 0 1 1 1 0 1 0 1 5289.0 4788.0 7364.0 3460.0 6722.0 0 0.0990887521568759
1 0 0 1 1 1 0 0 1 1 0 1 1 1 1 1 0 1 0 1 7666.0 4899.0 7593.0 5337.0 6171.0 0 0.09902361831947643
1 0 0 0 1 1 0 0 1 1 0 0 1 0 1 1 1 0 1 1 5585.0 5575.0 6226.0 4739.0 5255.0 0 0.09899609505813918
0 0 1 1 1 1 0 0 1 1 0 1 1 1 0 1 1 0 0 1 6212.0 5442.0 6192.0 5112.0 5267.0 0 0.09768679592612584
1 0 0 1 1 1 0 1 1 0 1 0 1 1 0 1 0 1 0 1 6978.0 4254.0 8497.0 3824.0 5934.0 0 0.09621466838297926
1 1 0 0 1 1 1 1 1 1 0 0 0 1 0 1 0 1 0 1 5073.0 4548.0 8192.0 3281.0 6557.0 0 0.0961630568177905
1 0 0 0 1 1 0 1 1 0 1 1 0 1 1 1 0 1 0 1 6879.0 3494.0 7963.0 4089.0 7097.0 0 0.09587425363466891
1 0 0 1 1 1 0 1 1 0 1 1 0 0 1 1 0 1 0 1 7565.0 3516.0 8077.0 3639.0 6562.0 0 0.09528483592785973
1 0 0 0 1 1 1 1 1 1 0 0 1 1 0 1 0 1 0 1 5700.0 5005.0 8459.0 4100.0 6404.0 0 0.09506412431359487
1 0 0 1 1 1 0 0 1 1 0 1 0 1 0 0 1 1 1 1 6658.0 5315.0 5733.0 4453.0 5979.0 0 0.09354661991216522
1 0 0 1 1 1 0 1 1 1 0 1 0 1 1 1 0 1 0 1 7419.0 4180.0 7906.0 4407.0 6599.0 0 0.0935366894605533
0 0 0 1 1 1 0 0 1 1 0 0 1 1 1 1 0 1 1 1 7265.0 4920.0 6821.0 4610.0 5594.0 0 0.0933865703474171
1 0 0 1 1 1 0 1 1 1 0 0 0 1 1 0 1 1 0 1 6471.0 4841.0 6802.0 3278.0 6185.0 0 0.091977433410668
1 1 0 0 1 1 1 0 1 1 0 1 0 1 0 1 0 1 0 1 5441.0 4588.0 7405.0 4221.0 6606.0 0 0.09135410807848048
1 0 0 1 1 1 1 0 1 0 0 1 0 1 1 1 0 1 0 1 6721.0 3852.0 7375.0 3878.0 6999.0 0 0.09118235516197887
1 0 0 1 1 1 0 0 1 1 0 1 1 1 0 0 1 1 0 1 6783.0 5564.0 6340.0 4850.0 5687.0 0 0.09016484957300153
1 0 0 1 1 1 1 0 1 1 0 0 1 0 0 0 1 0 1 1 5601.0 5989.0 6038.0 3960.0 5149.0 0 0.08895190481806617
0 0 0 1 1 1 0 0 1 1 0 1 1 0 1 0 1 1 0 1 7094.0 5096.0 5755.0 4335.0 5446.0 0 0.08843835015550466
0 0 0 1 1 1 0 0 1 1 0 1 0 1 1 1 1 1 0 1 7062.0 4502.0 6361.0 4522.0 6262.0 0 0.08837344793970224
0 0 0 1 1 1 0 0 1 1 0 1 1 1 0 1 1 1 0 1 7006.0 5185.0 6686.0 5154.0 5715.0 0 0.08788717557849415
1 0 0 1 1 1 1 1 1 1 0 0 0 1 0 0 1 1 0 1 5869.0 5136.0 7240.0 3052.0 6483.0 0 0.0878485184121415
1 0 0 1 1 1 1 0 1 0 0 1 1 1 0 1 1 0 0 1 6136.0 5057.0 7070.0 4911.0 6288.0 0 0.08778234891492027
1 0 0 1 1 1 0 1 1 1 0 0 1 1 1 1 0 1 0 1 7298.0 4859.0 8380.0 4397.0 6122.0 0 0.08760049968106996
1 1 0 1 1 1 0 0 1 1 0 0 1 1 1 1 0 1 0 1 6918.0 5121.0 7800.0 4508.0 5847.0 0 0.08637862642765484
1 0 0 1 1 1 0 0 1 1 0 1 1 0 0 0 1 0 1 1 6268.0 5698.0 5451.0 4828.0 4781.0 0 0.0862449179618889
1 1 0 0 1 1 0 0 1 0 0 1 1 1 1 1 0 1 0 1 6364.0 4385.0 7260.0 4804.0 6446.0 0 0.08622332174014209
0 0 0 1 1 1 0 0 1 1 0 1 1 0 0 1 1 0 1 1 6491.0 5319.0 5797.0 5132.0 4809.0 0 0.08619550267305791
1 0 0 1 1 1 0 0 1 1 0 0 1 0 0 0 1 1 1 1 6227.0 5867.0 5962.0 3922.0 4951.0 0 0.08511408125033418
1 0 0 0 1 1 0 0 1 1 0 0 1 0 0 1 1 1 1 1 5609.0 5748.0 6588.0 4475.0 5355.0 0 0.08506727190051433
1 1 0 1 1 1 0 0 1 1 0 1 1 1 1 1 0 0 0 1 6959.0 4952.0 7289.0 5414.0 5677.0 0 0.08438455170379816
1 0 0 0 1 1 0 1 1 0 0 1 0 1 1 1 0 1 1 1 6619.0 3874.0 7233.0 4296.0 7013.0 0 0.08392216249526539
1 1 0 1 1 1 1 0 1 1 0 0 1 0 0 1 0 1 0 1 6006.0 5289.0 7993.0 3761.0 5594.0 0 0.08373605863076666
1 0 0 1 1 1 0 1 1 1 0 1 1 1 1 1 0 0 0 1 7339.0 4690.0 7869.0 5303.0 5952.0 0 0.0834134392641767
1 0 0 1 1 1 0 0 1 1 0 1 1 1 1 1 1 0 0 0 6326.0 5094.0 6014.0 5534.0 5040.0 0 0.08302574299686052
1 0 0 1 1 1 0 0 1 1 0 1 1 1 1 1 0 0 1 0 6650.0 4833.0 6000.0 5632.0 4849.0 0 0.08282415938806773
1 0 0 1 1 1 1 0 1 0 1 1 0 1 0 1 0 1 0 1 6800.0 3906.0 7823.0 3906.0 6828.0 0 0.08218429842509778
1 0 0 1 1 1 1 0 1 0 1 0 1 1 0 1 0 1 0 1 6679.0 4585.0 8297.0 3896.0 6351.0 0 0.08098122312449586
1 0 1 0 1 1 0 0 1 1 0 1 1 1 0 1 0 1 0 1 5900.0 5180.0 7102.0 4960.0 5807.0 0 0.08088540206903305
1 0 0 0 1 1 0 0 1 1 0 1 1 1 0 1 1 1 0 1 6165.0 5445.0 6966.0 5403.0 6091.0 0 0.08043402440490513
1 0 0 1 1 1 1 1 1 0 0 0 0 1 0 1 0 1 1 1 6172.0 4246.0 7880.0 3173.0 6695.0 0 0.08009782426700171
1 0 0 1 0 1 0 1 1 0 1 1 0 1 1 1 0 1 0 1 7596.0 3282.0 7655.0 3895.0 6561.0 0 0.08009070506438602
1 1 0 0 1 1 1 1 1 1 0 0 1 1 0 1 0 0 0 1 4993.0 5058.0 8155.0 4177.0 5910.0 0 0.07786649360485134
1 0 0 0 1 1 0 1 1 1 0 0 1 1 0 1 1 1 0 1 5797.0 5405.0 7753.0 4463.0 6042.0 0 0.07732050093890741
1 0 0 1 1 1 0 0 1 1 0 0 1 1 0 1 1 1 0 1 6320.0 5522.0 7175.0 4506.0 5475.0 0 0.07720402913182847
0 0 0 1 1 1 0 0 1 1 0 1 1 1 1 1 1 0 0 1 6982.0 5012.0 6324.0 5418.0 5615.0 0 0.0770590881796895
1 0 0 1 1 1 0 1 1 0 0 0 0 1 0 1 1 1 1 1 6269.0 4646.0 7174.0 3536.0 6333.0 0 0.07597521100428702
1 0 0 0 1 1 0 1 1 1 1 1 0 1 0 1 0 1 0 1 6502.0 4085.0 7995.0 4364.0 6412.0 0 0.07535912645733335
1 0 0 1 1 1 0 0 1 1 0 1 1 0 0 1 1 1 0 1 6851.0 5467.0 7080.0 4953.0 5556.0 0 0.07526658157793935
1 0 0 0 1 1 1 1 1 1 0 1 0 1 0 1 0 1 0 1 5821.0 4326.0 7985.0 4110.0 6881.0 0 0.07513231102800884
1 0 0 0 1 1 0 0 1 1 0 1 1 1 1 1 1 0 0 1 6141.0 5272.0 6604.0 5667.0 5991.0 0 0.07456341778332017
1 0 0 1 0 1 0 0 1 1 0 1 1 1 1 1 0 0 1 1 7182.0 4799.0 6282.0 5571.0 5264.0 0 0.0741387170860778
1 0 0 0 1 1 1 0 1 1 0 1 0 1 0 0 1 0 1 1 5036.0 5288.0 5450.0 4420.0 6161.0 0 0.07408966444424547
1 0 0 0 1 1 1 0 1 0 0 1 1 1 1 1 0 1 0 1 6445.0 4454.0 7640.0 4765.0 7138.0 0 0.07360639273191187
1 0 0 0 1 1 1 0 1 1 0 1 1 1 0 1 0 1 0 1 6068.0 5045.0 7672.0 5040.0 6453.0 0 0.07326796538088207
1 0 0 0 1 1 0 0 1 1 0 1 1 1 0 1 0 1 1 1 6489.0 5184.0 6952.0 5501.0 5900.0 0 0.0724783047423576
0 0 0 1 1 1 0 1 1 0 0 1 0 1 1 1 0 1 1 1 7460.0 3614.0 6953.0 4047.0 6637.0 0 0.07188386564878382
1 0 0 1 1 1 0 1 1 1 0 1 1 1 0 1 0 1 0 1 7363.0 4863.0 8231.0 5039.0 6052.0 0 0.07101899639670915
1 0 0 1 1 1 0 1 1 1 1 0 1 1 0 0 0 1 0 1 6999.0 4883.0 7843.0 3801.0 5531.0 0 0.07096229977191727
1 0 1 0 1 1 1 0 1 1 0 1 0 1 0 1 0 1 0 1 5354.0 4792.0 7215.0 4102.0 6652.0 0 0.06943394933787193
1 1 0 0 1 1 1 0 1 0 0 1 0 1 1 1 0 1 0 1 5818.0 3997.0 7373.0 3946.0 7291.0 0 0.06906685892627329
0 0 0 1 1 1 0 1 1 1 0 0 0 1 1 1 1 1 0 1 6694.0 4462.0 7148.0 3582.0 6213.0 0 0.06789968040916564
1 0 0 1 1 1 1 0 1 1 0 0 1 1 0 1 0 0 1 1 6018.0 5383.0 7237.0 4642.0 5482.0 0 0.06743549131486674
1 0 0 0 1 1 0 1 1 1 0 0 0 1 1 1 1 1 0 1 5853.0 4722.0 7428.0 3831.0 6589.0 0 0.06502148889402212
1 1 0 0 1 1 1 1 1 0 0 1 0 1 1 1 0 0 0 1 5491.0 3788.0 7649.0 3912.0 7072.0 0 0.06415717740448801
1 0 0 1 1 1 1 1 1 0 0 0 0 1 0 1 1 1 0 1 5848.0 4507.0 7894.0 3075.0 6886.0 0 0.06252825806836286
