1 0 0 0 1 1 1 1 0 0 0 1 0 1 1 1 0 1 0 1 5633.0 2817.0 7211.0 3506.0 7253.0 0 2000000000000000.0
1 0 0 0 1 1 1 0 1 1 0 1 0 1 1 1 0 1 0 1 6124.0 4362.0 7347.0 4408.0 7000.0 0 0.20221965919844578
1 1 0 0 1 1 0 1 1 0 0 1 0 1 1 1 0 1 0 1 6117.0 3666.0 7573.0 3874.0 6874.0 0 0.2585624669860466
1 0 0 1 1 1 1 1 0 0 0 1 0 1 1 0 0 1 0 1 6251.0 2936.0 6585.0 2953.0 6849.0 0 0.5227132277562886
0 0 0 1 1 1 0 1 1 0 1 1 0 1 1 1 0 1 0 1 7720.0 3234.0 7683.0 3840.0 6721.0 0 1000000000000000.2
0 0 0 0 0 1 1 1 1 1 0 1 0 1 1 1 0 1 0 1 6163.0 3624.0 6978.0 3851.0 6639.0 0 0.1020293187233881
0 0 0 0 1 1 0 1 1 0 0 1 0 1 1 1 0 1 1 1 6464.0 3465.0 6594.0 3976.0 6621.0 0 0.13627392059324267
1 0 0 0 1 1 1 0 1 0 0 1 1 0 1 1 0 1 0 1 6135.0 4327.0 7395.0 4244.0 6587.0 0 0.1412787750208562
0 1 0 1 1 1 0 1 1 0 0 1 0 1 1 1 0 1 0 1 6958.0 3406.0 7293.0 3625.0 6498.0 0 0.3141778987087376
1 0 0 0 1 1 1 0 0 1 1 1 0 1 0 1 1 0 0 1 5109.0 4020.0 6423.0 4508.0 6352.0 0 0.24267854730092814
0 1 0 1 1 1 1 1 1 0 0 0 0 0 1 1 0 1 0 1 5981.0 3570.0 7635.0 2236.0 6315.0 0 1000000000000000.2
1 0 0 1 1 1 1 0 1 1 0 1 0 1 0 1 0 1 0 1 6344.0 4443.0 7407.0 4153.0 6314.0 0 0.19092953897282444
0 1 0 1 1 1 0 1 1 0 1 1 0 1 1 1 0 0 0 1 7013.0 3287.0 7379.0 3917.0 6227.0 0 0.16572807161137043
0 0 0 0 1 1 1 0 1 1 0 1 1 0 1 1 0 1 0 1 6379.0 4577.0 7087.0 4525.0 6212.0 0 0.14668555979973785
0 0 0 1 1 1 0 1 1 1 0 1 0 1 1 1 0 1 0 1 7264.0 3771.0 7267.0 4087.0 6207.0 0 0.20646383085160908
1 0 0 0 1 1 1 0 1 1 0 1 0 1 0 1 1 0 0 1 4819.0 4816.0 6418.0 4483.0 6134.0 0 0.23906417106521996
1 0 0 1 1 1 0 0 1 1 0 1 0 1 0 0 1 1 1 1 6658.0 5315.0 5733.0 4453.0 5979.0 0 0.3395562074336551
1 0 0 1 1 1 0 1 1 0 0 1 1 0 1 0 0 1 0 1 7052.0 4115.0 6969.0 3619.0 5766.0 0 0.20628665740957164
0 0 0 0 1 1 0 0 1 1 1 1 1 0 1 1 0 1 0 1 7060.0 4336.0 7097.0 4779.0 5743.0 0 0.09307426775248882
1 1 0 0 1 1 0 0 1 1 0 1 0 0 0 0 1 1 1 1 5445.0 5333.0 5486.0 4000.0 5720.0 0 1000000000000000.4
0 0 0 1 1 1 1 1 1 0 0 0 1 0 0 0 1 1 0 1 5725.0 4692.0 6649.0 2568.0 5678.0 0 0.3523402384382666
0 1 1 0 1 1 0 0 1 1 0 1 0 0 0 1 1 1 0 1 5079.0 4950.0 5982.0 3763.0 5655.0 0 0.09411285827863378
0 0 0 1 1 1 0 1 1 0 1 1 1 0 0 1 0 1 0 1 7354.0 3790.0 7763.0 3951.0 5623.0 0 0.2890214211790295
1 0 0 0 1 0 0 0 1 1 1 1 1 1 1 0 0 1 0 1 6511.0 4055.0 6054.0 4908.0 5614.0 0 0.130701775110944
1 0 0 0 1 1 0 0 1 1 0 1 1 0 1 1 0 1 0 1 6360.0 4623.0 6989.0 4745.0 5604.0 0 0.11737683009558048
1 1 0 0 1 1 0 1 1 0 0 0 1 1 0 1 1 0 0 1 4691.0 4799.0 7118.0 3939.0 5531.0 0 1000000000000000.0
1 0 0 0 1 0 0 0 1 1 1 1 1 0 1 1 0 1 0 1 6579.0 3958.0 6794.0 5011.0 5483.0 0 0.23954988077419623
1 1 0 1 1 1 0 0 0 1 0 1 1 1 0 1 0 1 0 1 6418.0 4207.0 6909.0 4821.0 5464.0 0 0.17631644448118042
0 1 1 1 1 1 0 0 1 1 0 1 0 1 0 1 1 0 0 1 5585.0 4985.0 5925.0 4293.0 5420.0 0 0.2080396490604996
0 1 0 1 1 1 1 0 1 0 0 0 1 0 0 0 1 1 0 1 5345.0 4954.0 6069.0 2679.0 5403.0 0 0.2979560195349826
0 1 0 1 1 1 0 1 1 0 0 1 1 0 0 1 0 1 0 1 6592.0 3962.0 7373.0 3736.0 5400.0 0 0.1094095615181771
0 0 0 1 1 1 0 1 1 1 0 0 1 0 1 0 1 1 0 1 6726.0 5056.0 6542.0 3395.0 5397.0 0 0.335390817116362
1 1 0 1 1 1 0 1 1 1 1 1 0 0 0 1 0 0 0 1 6481.0 4160.0 7805.0 3991.0 5383.0 0 1000000000000000.0
0 0 0 1 1 1 0 0 1 1 0 1 1 1 1 0 0 1 0 1 7133.0 4460.0 5969.0 4393.0 5359.0 0 0.17344724245476992
0 0 0 1 0 1 0 0 1 1 1 1 1 1 1 0 0 1 0 1 7709.0 4221.0 6049.0 4482.0 5338.0 0 0.2284792855985432
1 0 0 0 1 1 0 0 1 1 0 1 1 0 1 1 0 0 1 1 6155.0 4884.0 6345.0 5244.0 5249.0 0 1000000000000000.1
0 0 0 1 0 1 0 0 1 1 0 0 1 1 1 1 1 1 0 1 6662.0 4820.0 6168.0 4247.0 5233.0 0 0.14149088473962512
0 0 0 1 1 1 0 0 1 1 0 1 1 0 1 1 0 1 0 1 7201.0 4363.0 6709.0 4496.0 5228.0 0 0.12404820844657821
1 1 0 1 1 1 0 0 1 1 0 1 1 0 0 1 0 1 0 1 6673.0 4998.0 7406.0 4629.0 5226.0 0 0.11760209680382655
0 0 1 1 1 1 0 0 1 1 0 0 1 1 1 1 0 0 1 1 6471.0 5177.0 6327.0 4568.0 5146.0 0 0.25647450752289014
0 0 0 1 1 1 0 0 1 1 0 1 1 1 0 1 0 1 0 1 6735.0 4422.0 6655.0 4691.0 5077.0 0 0.21330297236509418
1 1 0 1 1 1 0 0 1 1 0 1 1 1 0 1 0 0 0 1 6183.0 4884.0 6990.0 5088.0 4975.0 0 0.14452170021548602
0 0 0 1 1 1 0 0 1 1 0 1 1 1 0 1 1 0 0 1 6206.0 4944.0 6025.0 5092.0 4913.0 0 0.17497222510700539
0 0 0 1 1 1 0 0 1 1 0 1 1 1 0 1 0 0 1 1 6530.0 4683.0 6011.0 5190.0 4722.0 0 0.2091766029556841
1 0 0 0 1 1 0 0 1 1 0 1 1 0 0 1 1 1 0 0 5044.0 4991.0 5772.0 4678.0 4573.0 0 0.2464475810513092
0 0 0 0 1 1 0 0 1 1 0 1 1 0 1 1 1 0 1 0 5460.0 4911.0 4788.0 5183.0 4528.0 0 2000000000000000.0
0 0 0 0 1 1 1 1 0 0 0 1 0 1 1 1 0 1 0 1 5478.0 2408.0 6572.0 3186.0 6861.0 1 2000000000000000.0
0 0 0 1 1 1 0 1 1 0 1 1 0 0 1 1 0 1 0 1 7410.0 3107.0 7438.0 3319.0 6170.0 1 2000000000000000.0
0 1 1 1 1 1 1 0 1 0 0 0 0 0 0 0 1 1 0 1 4631.0 4701.0 5612.0 1741.0 5602.0 1 1000000000000000.2
1 0 0 0 0 1 0 0 1 1 0 1 1 1 1 1 1 0 0 0 5051.0 4584.0 4988.0 5198.0 4472.0 1 1000000000000000.1
0 0 0 1 0 1 0 0 1 1 0 1 1 0 1 1 1 0 1 0 6177.0 4699.0 4480.0 4989.0 3992.0 1 1000000000000000.1
0 0 0 1 1 1 0 0 1 1 0 1 1 1 0 1 0 0 1 0 5719.0 4356.0 5062.0 4986.0 3755.0 1 1000000000000000.1
0 1 0 0 1 1 1 0 1 0 0 0 0 1 0 1 1 0 1 1 4112.0 4472.0 5672.0 3294.0 5848.0 1 1000000000000000.0
1 0 0 1 1 1 0 0 1 1 0 1 0 0 0 0 1 1 1 1 6348.0 5188.0 5488.0 3932.0 5428.0 1 1000000000000000.0
1 1 1 1 1 1 0 1 1 0 0 0 0 0 0 0 0 1 1 1 5409.0 4518.0 6437.0 2087.0 5386.0 1 0.31354379968619434
1 0 0 0 1 1 1 0 0 1 0 0 1 0 0 0 1 1 0 1 4245.0 4661.0 5581.0 3061.0 5175.0 1 0.2852243662812107
1 0 0 1 0 1 0 1 1 0 1 1 0 0 1 1 0 1 0 1 7286.0 3155.0 7410.0 3374.0 6010.0 1 0.2395044952689071
0 0 0 1 0 1 0 0 0 1 0 1 1 0 1 1 1 0 1 1 6423.0 4108.0 4687.0 4864.0 4646.0 1 0.23508576880791227
0 0 0 1 0 1 0 0 1 1 1 1 0 1 0 0 0 1 1 1 6808.0 3904.0 5143.0 3759.0 4928.0 1 0.2283908716251242
0 1 0 0 1 1 0 1 1 0 0 1 0 1 1 1 0 1 0 1 5962.0 3257.0 6934.0 3554.0 6482.0 1 0.21774785263023388
0 0 0 1 0 1 0 0 1 1 1 1 1 0 0 1 0 1 0 1 7001.0 4056.0 6490.0 4259.0 4505.0 1 0.21616287651842697
1 0 1 1 0 1 0 1 1 0 0 0 1 0 0 0 1 1 0 1 5433.0 4875.0 6051.0 2543.0 4872.0 1 0.21505214195281447
0 1 0 0 1 1 1 1 0 0 0 1 0 1 1 0 0 1 0 1 5193.0 2672.0 5944.0 2701.0 6749.0 1 0.21484124862612652
1 0 0 0 1 1 1 0 0 0 0 1 0 1 1 1 0 1 0 1 5160.0 2785.0 6274.0 3478.0 6670.0 1 0.20761732648223813
0 1 0 0 1 1 1 1 1 0 0 0 0 1 0 1 0 1 1 1 5114.0 3982.0 7239.0 2921.0 6595.0 1 0.20163311499609843
1 0 0 1 1 1 0 1 0 0 0 1 0 1 1 1 0 1 0 1 6455.0 2603.0 6833.0 3477.0 6269.0 1 0.18255908476086163
0 0 1 0 1 1 0 0 1 1 0 1 0 1 0 0 1 1 0 1 4918.0 4753.0 4885.0 3521.0 5478.0 1 0.18236847829011163
0 1 0 1 1 1 0 0 1 1 0 1 1 1 0 1 1 0 0 0 5488.0 4911.0 5433.0 5027.0 4254.0 1 0.1823242757345666
0 0 0 1 1 1 0 1 1 0 1 1 0 1 1 1 0 0 0 1 6920.0 2993.0 7022.0 3778.0 5919.0 1 0.1796860477718774
1 0 0 0 1 1 1 0 1 1 0 1 0 1 0 1 0 1 0 1 5348.0 4294.0 7048.0 4082.0 6298.0 1 0.17454212806477012
1 0 0 0 1 1 0 0 1 1 0 1 1 0 1 1 0 0 1 0 5344.0 4557.0 5396.0 5040.0 4282.0 1 0.17088650815223452
0 1 0 1 0 1 0 1 1 1 0 1 0 1 1 1 0 1 0 1 7078.0 3704.0 6957.0 3961.0 5963.0 1 0.16632613723757386
0 0 0 0 1 1 0 0 1 1 1 1 1 0 1 1 0 0 1 0 6044.0 4270.0 5504.0 5074.0 4421.0 1 0.16058689857516759
1 0 0 1 1 1 1 0 1 0 0 0 0 0 0 1 1 0 1 1 4860.0 4609.0 6068.0 3025.0 5397.0 1 0.15924395013292525
0 0 0 1 0 1 0 0 1 1 0 1 0 0 0 1 1 1 1 1 6292.0 4448.0 5167.0 3971.0 4904.0 1 0.15631138703608688
0 0 0 1 1 1 0 0 1 1 0 1 1 1 0 1 1 1 0 0 6195.0 4858.0 5737.0 4950.0 4748.0 1 0.15548540167917757
0 1 1 0 1 1 0 0 1 0 0 0 1 0 1 0 1 1 0 1 4957.0 5008.0 5439.0 2854.0 5443.0 1 0.15199024342578835
1 0 0 1 1 1 0 0 0 0 0 1 0 1 1 1 0 1 1 1 6577.0 3073.0 5913.0 4010.0 6133.0 1 0.15196137660127781
0 1 0 1 1 1 0 1 1 0 0 0 1 0 0 0 1 1 0 1 5644.0 4623.0 6269.0 2607.0 4986.0 1 0.14823365607182637
0 1 0 1 0 1 0 1 1 0 0 1 1 1 1 0 0 1 0 1 7021.0 3766.0 6265.0 3694.0 5681.0 1 0.14370945323917994
1 1 0 1 1 1 0 1 1 0 0 0 0 0 0 1 1 0 1 1 5252.0 4572.0 6625.0 3092.0 5288.0 1 0.13994758016081127
0 0 0 1 0 1 1 0 0 1 0 1 1 0 1 1 0 1 0 1 6531.0 3447.0 6037.0 4002.0 5363.0 1 0.13747421946155972
1 0 0 0 1 1 0 1 1 1 0 1 0 1 0 1 1 0 0 1 5118.0 4485.0 6618.0 4411.0 5717.0 1 0.13680970874611265
0 1 0 1 1 1 0 1 1 0 0 1 0 1 0 1 0 1 0 1 6182.0 3338.0 6994.0 3299.0 5796.0 1 0.1353173984948115
1 0 0 1 1 1 0 0 1 0 0 0 0 1 1 1 1 0 1 1 5772.0 4441.0 5875.0 3772.0 5650.0 1 0.1290703425500493
0 0 0 0 1 1 0 1 1 1 1 1 0 1 0 1 1 0 0 1 5818.0 4198.0 6726.0 4445.0 5856.0 1 0.12835882252368183
1 0 0 0 1 1 0 1 1 0 0 1 0 1 0 1 1 1 0 1 5519.0 4067.0 6948.0 3872.0 6502.0 1 0.12528303223818474
0 1 0 0 1 1 0 0 1 1 1 1 0 0 1 1 0 0 1 1 6228.0 4140.0 6186.0 4459.0 5541.0 1 0.12065354288820454
0 1 0 0 1 1 0 1 1 0 0 1 0 1 1 1 0 0 1 1 5757.0 3518.0 6290.0 4053.0 6127.0 1 0.11738883748822901
0 1 0 1 1 1 1 0 1 0 0 1 0 1 0 1 0 1 0 1 5883.0 3669.0 6794.0 3371.0 6213.0 1 0.11556390481573253
0 1 0 1 1 1 0 1 1 0 0 1 1 1 0 0 0 1 0 1 6524.0 4059.0 6633.0 3633.0 5531.0 1 0.11260470041777973
0 1 0 1 0 1 0 0 1 1 0 1 1 1 0 1 0 1 0 1 6549.0 4355.0 6345.0 4565.0 4833.0 1 0.11220514594876482
1 0 0 1 0 1 0 1 1 1 0 1 1 1 0 1 1 0 0 0 5744.0 4697.0 5985.0 4971.0 4369.0 1 0.11119067968929905
1 1 0 0 1 1 1 1 0 0 0 1 0 1 0 1 0 1 0 1 4950.0 3043.0 7269.0 3319.0 6859.0 1 0.1105064299872022
0 0 0 1 1 1 0 1 1 0 1 1 1 0 0 1 0 0 0 1 6554.0 3549.0 7102.0 3889.0 4821.0 1 0.10904899351446863
0 1 1 1 1 1 0 1 1 0 0 0 1 0 0 1 0 1 0 1 5757.0 4388.0 7390.0 2788.0 5122.0 1 0.10883790940222907
0 0 0 0 1 1 0 0 1 1 0 1 1 0 1 1 1 0 0 1 5676.0 4736.0 5720.0 4826.0 5048.0 1 0.1084843305564637
0 1 0 1 1 1 0 0 1 1 0 1 1 1 0 1 0 0 0 1 6028.0 4475.0 6351.0 4768.0 4583.0 1 0.10836213416775274
0 1 0 1 1 1 1 0 1 0 0 0 1 0 1 1 0 1 0 1 6228.0 4289.0 7322.0 3166.0 5887.0 1 0.10701970423561333
0 0 0 1 0 1 0 1 1 1 0 0 1 1 0 1 1 0 1 1 6154.0 5045.0 6162.0 4448.0 4759.0 1 0.10275999595392017
