1 0 1 1 1 0 1 1 1 1 1 0 0 1 0 1 1 0 1 0 0 1 0 0 1 1 0 0 0 1 1 1 1 1 0 1 1 1 0 0 0 1 1 1 1 1 1 1 1 1 0 1 0 1 0 0 0 1 1 0 0 1 1 1 0 0 1 1 0 1 1 0 0 0 1 1 1 1 1 1 1 0 1 1 1 1 1 1 1 0 0 1 0 1 1 1 0 0 0 0 31831.0 29696.0 37848.0 0 1000000000000000.1
1 0 1 1 1 0 1 1 1 1 1 0 0 1 0 1 1 1 1 0 0 0 0 1 1 1 1 1 0 1 1 1 1 1 0 1 0 0 0 0 0 1 1 1 1 1 1 1 1 1 0 1 1 1 0 0 0 1 1 0 0 1 1 1 0 0 1 1 0 1 1 0 0 0 1 1 1 1 1 1 1 0 0 1 1 1 0 1 1 0 0 1 0 1 1 1 0 0 0 0 32673.0 30078.0 37431.0 0 0.24535267064479876
1 0 1 1 1 0 1 1 1 1 1 0 0 1 0 1 1 0 1 0 0 1 1 0 1 1 1 1 1 1 1 1 1 1 0 1 0 0 0 0 0 1 1 0 1 1 1 1 1 1 0 1 0 1 0 0 0 1 1 1 1 0 1 1 0 0 1 0 0 1 0 0 1 0 1 1 1 1 1 1 1 0 1 1 0 0 1 1 1 0 1 1 1 1 1 1 0 0 0 0 34213.0 29918.0 37396.0 0 0.12613249847830704
1 0 1 1 1 0 1 1 1 1 1 0 0 1 0 1 1 1 1 0 0 0 0 1 1 1 1 1 0 1 1 1 1 1 0 1 0 0 0 0 0 1 1 1 1 1 1 1 1 1 0 1 1 1 0 0 0 1 1 0 0 0 1 1 0 0 0 0 0 1 0 0 1 0 1 1 1 1 1 1 1 0 1 1 1 1 1 1 1 0 0 1 1 1 1 1 1 0 0 0 33195.0 31568.0 37279.0 0 0.19517175840968776
1 0 1 1 1 0 1 1 1 0 1 0 0 1 0 1 1 1 1 0 0 0 0 1 1 1 1 1 0 1 1 1 1 1 0 1 0 0 0 0 0 1 1 1 1 1 1 1 1 1 0 1 1 1 0 0 0 1 1 0 0 1 1 1 0 0 1 1 0 1 1 0 0 0 1 1 1 1 1 1 1 0 0 1 1 1 0 1 1 0 1 1 1 1 1 1 0 0 0 0 33209.0 30241.0 37039.0 0 0.15275878970137685
1 0 1 1 1 0 1 1 1 1 1 1 0 1 0 1 1 1 1 0 0 0 0 1 1 1 1 1 0 1 1 1 1 1 0 1 0 0 0 0 0 1 1 1 1 1 1 1 1 1 0 1 0 1 0 0 0 1 1 0 1 0 1 1 0 0 0 0 0 1 0 0 1 0 1 1 1 1 1 1 1 0 1 1 1 1 1 1 1 0 0 1 0 1 1 1 0 1 0 0 33440.0 31220.0 36970.0 0 0.1531387471241674
1 0 1 1 1 0 1 1 1 1 1 1 0 1 0 1 1 1 1 0 0 0 0 1 1 1 1 1 0 1 1 1 1 1 0 1 0 0 0 0 0 1 1 0 1 1 1 1 1 1 0 1 0 1 0 0 0 1 1 0 1 0 1 1 0 0 1 0 0 1 0 0 1 0 1 1 1 1 1 1 1 0 1 1 0 0 1 1 1 0 0 0 1 1 1 1 1 1 0 1 34558.0 30579.0 36967.0 0 0.13254230194265104
1 0 1 1 1 0 1 1 1 1 1 1 0 1 0 1 1 1 1 0 0 0 0 1 1 1 1 1 0 1 1 1 1 1 0 1 0 0 0 0 0 1 1 0 1 1 1 1 1 1 0 1 0 1 0 0 0 1 1 1 1 0 1 1 0 0 1 0 0 1 0 0 1 0 1 1 1 1 1 1 1 0 1 0 0 0 1 1 1 0 0 0 1 1 1 1 1 1 0 1 35403.0 29697.0 36750.0 0 0.1386029304716656
1 0 1 1 1 0 1 1 1 1 1 0 0 1 0 1 1 1 1 0 0 1 0 1 1 1 1 1 1 1 1 1 1 1 0 1 1 0 0 0 0 1 1 0 1 1 1 1 1 1 0 1 0 1 0 0 0 1 1 0 1 0 1 1 0 0 1 1 0 1 0 0 1 0 1 1 1 0 1 1 1 0 0 1 0 0 1 1 1 0 0 0 1 1 1 1 0 0 0 1 35831.0 29500.0 36628.0 0 1000000000000000.0
1 0 1 1 1 0 1 1 1 0 1 0 0 1 0 1 1 1 1 0 0 0 0 0 1 1 0 1 0 1 1 1 1 1 0 1 1 1 0 0 0 1 1 0 1 1 1 1 1 1 0 1 0 1 0 1 0 1 1 0 0 1 1 1 0 0 1 1 0 1 1 0 1 0 1 1 1 1 1 1 1 0 1 1 0 0 1 1 1 0 1 0 1 1 1 1 1 0 0 0 33719.0 30970.0 36478.0 0 0.16283981213131404
1 0 1 1 1 0 1 1 1 1 1 0 0 1 0 1 1 1 1 0 0 0 0 1 1 1 1 1 0 1 1 1 1 1 0 1 0 0 0 0 0 1 1 1 1 1 1 1 1 1 0 1 1 1 0 0 0 1 1 0 1 0 1 1 1 0 0 0 0 1 0 0 1 0 1 1 1 1 1 1 1 0 1 1 1 1 0 0 1 0 0 1 0 1 1 1 1 0 0 0 32573.0 31625.0 36348.0 0 0.19662920679080997
1 0 1 1 1 0 1 1 1 1 1 0 0 1 0 1 1 1 1 0 0 1 0 1 1 1 1 1 1 1 1 1 1 1 0 1 1 0 0 0 0 1 1 0 1 1 1 1 1 1 0 1 0 1 0 0 0 1 1 0 1 0 1 1 0 0 1 1 0 1 0 0 1 0 1 1 1 0 1 1 1 0 0 1 0 0 1 1 1 0 0 0 1 1 1 1 1 0 0 0 35519.0 30364.0 36342.0 0 0.07741796875962753
1 0 1 1 1 0 1 1 1 1 1 1 0 1 0 1 1 1 1 0 0 0 0 1 1 1 1 1 0 1 1 1 1 1 0 1 0 0 0 0 0 1 1 1 1 1 1 1 1 1 0 1 0 1 0 0 0 1 1 1 0 0 1 1 0 0 1 1 0 1 0 0 1 1 1 1 1 1 1 1 1 0 0 1 0 0 1 1 1 0 0 0 1 1 1 1 1 0 0 0 34928.0 31681.0 36313.0 0 0.06795442835459811
1 0 1 1 1 0 1 1 1 1 1 0 0 1 0 1 1 1 1 0 0 0 0 1 1 1 1 1 0 1 1 1 1 1 0 1 0 0 0 0 0 1 1 1 1 1 1 1 1 1 0 1 1 1 0 0 0 1 1 0 1 0 1 1 1 0 1 0 0 1 0 0 1 1 1 1 1 1 1 1 1 0 0 1 0 0 1 1 1 0 0 0 1 1 1 1 1 0 0 0 33985.0 31830.0 36169.0 0 0.11814642457809882
1 0 1 1 1 0 1 1 1 1 1 0 0 1 0 1 1 1 1 0 0 0 0 1 1 1 1 1 0 1 1 1 1 1 0 1 0 0 0 0 0 1 1 0 1 1 1 1 1 1 0 1 0 1 0 0 0 1 1 1 1 0 1 1 0 0 1 1 0 1 0 0 1 1 1 1 1 1 1 1 1 0 0 1 0 0 1 1 1 0 0 0 1 1 1 1 1 0 0 0 35543.0 30455.0 36126.0 0 0.11519713119018916
1 0 1 1 1 0 1 1 1 0 1 0 0 1 0 1 1 1 1 0 0 0 0 1 1 1 1 1 0 1 1 1 1 1 0 1 1 0 0 0 0 1 1 0 1 1 1 1 1 1 0 1 0 1 0 0 0 1 1 1 1 0 1 1 0 0 1 0 0 1 0 0 1 0 1 1 1 1 1 1 1 0 1 0 0 0 1 1 1 0 0 0 1 1 1 1 1 1 0 1 35613.0 29873.0 35946.0 0 0.12441374787945064
1 0 1 1 1 0 1 1 1 1 1 0 0 1 0 1 1 1 1 0 0 0 0 1 1 1 1 1 0 1 1 1 1 1 0 1 1 0 1 0 0 1 1 0 1 1 1 1 1 1 0 1 0 1 0 0 0 1 1 0 0 0 1 1 0 0 1 1 0 1 0 0 1 1 1 1 1 1 1 1 1 0 0 1 0 0 1 1 1 0 0 0 1 1 1 1 1 0 0 0 35060.0 31638.0 35856.0 0 0.06044475508989636
1 0 1 1 1 0 1 1 1 1 1 0 0 1 0 1 1 1 1 0 0 0 0 1 1 1 1 1 0 1 1 1 1 1 0 1 1 0 0 0 0 1 1 0 1 1 1 1 1 1 0 1 0 1 0 0 0 1 1 0 1 0 1 1 0 0 1 1 0 1 0 0 1 1 1 1 1 1 1 1 1 0 0 1 0 0 1 1 1 0 0 0 1 1 1 1 1 0 0 0 35459.0 31100.0 35852.0 0 0.11089286788384878
1 0 1 1 1 0 1 1 1 0 1 0 0 1 0 1 1 1 1 0 0 0 0 0 1 1 1 1 1 1 1 1 1 1 0 1 1 0 0 0 0 1 1 1 1 1 1 1 1 1 0 1 0 1 0 0 0 1 1 0 1 0 1 1 0 0 0 0 0 1 0 0 1 0 1 1 1 1 1 1 1 0 1 1 1 1 1 1 1 0 0 1 0 1 1 1 0 1 0 0 33766.0 31883.0 35689.0 0 0.16159127337533358
1 0 1 1 1 0 1 1 1 1 1 0 0 1 0 1 1 1 1 0 0 1 0 0 1 1 0 1 1 1 1 1 1 1 0 1 1 0 0 0 0 1 1 0 1 1 1 1 1 1 0 1 0 1 0 0 0 1 1 0 1 0 1 1 0 0 1 1 0 1 0 0 1 1 1 1 1 1 1 1 1 0 0 1 0 0 1 1 1 0 0 0 1 1 1 1 1 0 0 0 35050.0 31803.0 35640.0 0 0.07991730872261602
1 0 1 1 1 0 1 1 1 1 1 0 0 1 0 1 1 0 1 0 0 1 1 0 1 1 1 1 1 1 1 1 1 1 0 1 0 0 1 0 0 1 1 1 1 1 1 1 1 1 0 1 0 1 0 0 0 1 1 0 0 1 1 0 0 0 0 0 0 1 0 0 1 0 1 1 1 1 1 1 1 0 1 1 1 1 0 0 1 0 0 1 0 1 1 1 1 0 0 0 31318.0 32228.0 35543.0 0 1000000000000000.0
1 0 1 1 1 0 1 1 1 0 1 0 0 1 0 1 1 1 1 0 0 1 0 0 1 1 1 1 1 1 1 1 1 1 0 1 1 0 0 0 0 1 1 0 1 1 1 1 1 1 0 1 0 1 0 0 0 1 1 0 1 0 1 1 0 0 1 1 0 1 0 0 1 0 1 1 1 1 1 1 1 0 0 1 0 0 1 1 1 1 0 0 1 1 1 1 1 0 0 0 35202.0 31260.0 35408.0 0 0.11699631817993487
1 0 1 1 1 0 1 1 1 1 1 1 0 1 0 1 1 1 1 0 1 0 1 0 1 1 1 1 1 1 1 1 1 1 0 1 1 0 0 0 0 1 1 0 1 1 1 1 1 1 0 1 0 1 0 0 0 1 1 0 1 0 1 1 0 0 1 0 0 1 0 0 1 0 1 1 1 1 1 1 1 0 0 1 0 0 1 1 1 0 0 0 1 1 1 1 1 0 0 0 34962.0 32297.0 35384.0 0 0.14360695956785208
1 0 1 1 1 0 1 1 1 0 1 0 0 1 0 1 1 1 1 0 0 0 0 0 1 1 1 1 1 1 1 1 1 1 0 1 1 0 0 0 0 1 1 1 1 1 1 1 1 1 0 1 0 1 0 0 0 1 1 0 0 0 1 1 0 0 0 0 0 1 0 0 1 0 1 1 1 1 1 1 1 0 1 1 1 1 1 1 1 0 0 0 1 1 1 1 1 1 0 0 33754.0 32711.0 35214.0 0 0.08868958371510717
1 0 1 1 1 0 1 1 1 1 1 0 0 1 0 1 1 1 1 0 0 1 0 0 1 1 0 1 1 1 1 1 1 1 0 1 1 0 1 0 0 1 1 1 1 1 1 1 1 1 0 1 0 1 0 0 0 1 1 0 0 1 1 0 0 0 0 0 0 1 0 0 1 0 1 1 1 1 1 1 1 0 1 1 1 1 0 0 1 0 0 1 0 1 1 1 1 0 0 0 31888.0 32753.0 35177.0 0 0.216975885926102
1 0 1 1 1 0 1 1 1 0 1 1 0 1 0 1 0 1 1 0 0 1 1 0 1 1 1 1 0 1 1 1 1 1 0 1 0 0 0 0 0 1 1 1 1 1 1 1 1 1 0 1 0 1 0 0 0 1 1 1 0 0 1 1 0 0 1 1 0 1 0 0 1 1 1 1 1 1 1 1 1 0 0 1 0 0 1 1 1 0 0 0 1 1 1 1 1 0 0 0 34423.0 32555.0 35007.0 0 0.14229064861920038
1 0 1 1 1 0 1 1 1 1 1 0 0 1 0 1 1 1 1 0 0 0 0 0 1 1 1 1 1 1 1 1 1 1 0 1 1 0 0 0 0 1 1 0 0 1 1 1 1 1 0 1 0 1 0 0 0 1 1 0 1 0 1 1 0 0 1 0 0 1 0 0 1 0 1 1 1 1 1 1 1 1 0 1 0 1 1 1 1 0 0 0 1 1 0 1 1 0 1 1 35967.0 30161.0 34953.0 0 0.0541247402995828
1 0 1 1 1 1 1 1 1 0 1 0 0 1 0 1 1 1 1 0 0 0 0 0 1 1 1 1 1 1 1 1 1 1 0 1 1 0 0 0 0 1 1 0 1 1 1 1 1 1 0 1 0 1 0 0 0 1 1 0 1 0 1 1 0 0 1 1 0 1 0 0 1 1 1 1 1 1 1 1 1 0 0 1 0 0 1 1 1 0 0 0 1 1 1 1 1 0 0 0 35199.0 31629.0 34943.0 0 0.04181362851585288
1 0 1 1 1 0 1 1 1 0 1 0 0 1 0 1 1 1 1 0 0 1 0 0 1 1 1 1 1 1 1 1 1 1 0 1 1 0 0 0 0 1 1 0 1 1 1 1 1 1 0 1 0 1 0 0 0 1 1 1 1 0 1 1 0 0 1 0 0 1 0 0 1 1 1 1 1 1 1 1 1 0 0 1 0 0 1 1 1 0 0 0 1 1 1 1 1 0 0 0 35438.0 31540.0 34898.0 0 0.12099936355212754
1 0 1 1 1 0 1 1 1 0 1 0 0 1 0 1 1 1 1 0 0 0 0 0 1 1 1 1 1 1 1 1 1 1 0 1 1 0 0 0 0 1 1 0 1 1 1 1 1 1 0 1 0 1 0 0 0 1 1 1 1 0 1 1 1 0 1 0 0 1 0 0 1 1 1 1 1 1 1 1 1 0 0 1 0 0 1 1 1 0 0 0 1 1 1 1 1 0 0 0 35229.0 31829.0 34774.0 0 0.05090403595731611
1 0 1 1 1 0 1 1 1 1 1 0 0 1 0 1 1 1 0 0 0 0 0 1 1 1 0 1 1 1 1 1 1 1 0 1 1 0 0 0 0 1 1 0 1 1 1 1 1 1 0 1 0 1 0 0 0 1 1 0 1 0 1 1 0 0 1 0 0 1 0 0 1 0 1 1 1 1 1 1 1 1 0 1 0 1 1 1 1 0 0 0 1 1 0 1 1 0 1 1 35796.0 30669.0 34755.0 0 0.050357087333832755
1 0 1 1 1 0 1 1 1 0 1 0 0 1 0 1 1 1 1 0 0 0 0 1 1 1 0 1 1 1 1 1 1 1 0 1 1 0 0 0 0 1 1 0 1 1 1 1 1 1 0 1 0 1 0 0 0 1 1 0 1 0 1 1 0 0 1 0 0 1 0 0 1 0 1 1 1 1 1 1 1 1 0 1 0 1 1 1 1 0 0 0 1 1 0 1 1 0 1 1 35631.0 30670.0 34635.0 0 0.08503104634923309
1 0 1 1 1 0 1 1 1 0 1 0 0 1 0 1 1 1 1 0 1 0 0 0 1 1 1 1 1 1 1 1 1 1 0 1 1 0 0 0 0 1 1 0 1 1 1 1 1 1 0 1 0 1 0 0 0 1 1 0 1 0 1 1 0 0 1 0 0 1 0 0 1 0 1 1 1 1 1 1 1 1 0 1 0 1 1 1 1 0 0 0 1 1 0 1 0 0 1 1 36367.0 30016.0 34500.0 0 1000000000000000.0
1 0 1 1 1 0 1 1 1 0 1 0 0 1 0 1 1 1 1 0 0 0 0 0 1 1 1 1 1 1 1 1 1 1 0 1 1 0 0 0 0 1 1 0 1 1 1 1 1 1 0 1 0 1 0 0 0 1 1 0 1 0 1 1 0 0 1 0 0 1 0 0 1 0 1 1 1 1 1 1 1 1 0 1 0 1 1 1 1 0 0 0 1 1 0 1 1 0 1 1 35980.0 30632.0 34440.0 0 0.04227106177123215
1 0 1 1 1 0 1 1 1 0 1 0 0 1 0 1 1 1 1 0 0 0 1 0 1 1 1 1 1 1 1 1 1 1 0 1 1 0 0 0 0 1 1 0 1 1 1 1 1 1 0 1 0 1 0 0 0 1 1 1 1 0 1 1 0 0 1 0 0 1 0 0 1 1 1 1 1 1 1 1 1 0 0 1 0 0 1 1 1 0 0 0 1 1 1 1 1 0 0 0 35288.0 32224.0 34421.0 0 0.21801940966639483
1 0 1 1 1 0 1 1 1 0 1 0 0 1 0 1 1 1 0 0 1 1 1 0 1 1 0 1 1 1 1 1 1 1 0 1 1 0 0 0 0 1 1 0 1 1 1 1 1 1 0 1 0 1 0 0 0 1 1 0 1 0 1 1 0 0 1 0 0 1 0 0 1 1 1 1 1 1 1 1 1 0 0 1 0 0 1 1 1 0 0 0 1 1 1 1 1 0 0 0 34294.0 32594.0 33931.0 0 0.1794422865674773
1 0 1 1 1 0 1 1 1 0 1 0 0 1 0 1 0 1 1 0 1 1 1 0 1 1 0 1 1 1 1 1 1 1 0 1 1 0 0 0 0 1 1 0 1 1 1 1 1 1 0 1 0 1 0 0 0 1 1 0 1 0 1 1 0 0 1 0 0 1 0 0 1 1 1 1 1 1 1 1 1 0 0 1 0 0 1 1 1 0 0 0 1 1 1 1 1 0 0 0 34451.0 32569.0 33882.0 0 0.048898544449481836
1 0 1 1 1 0 1 1 1 0 1 0 0 1 0 1 0 1 0 0 0 0 0 1 1 1 1 1 1 1 1 1 1 1 1 1 1 0 0 0 0 1 1 0 1 1 1 1 1 1 0 1 0 1 0 0 0 1 1 0 1 0 1 1 0 0 1 1 0 1 0 0 1 1 1 1 1 1 1 1 1 0 0 1 0 0 1 1 1 0 0 0 1 1 1 1 1 0 0 0 35758.0 31699.0 33866.0 0 0.09343131921981479
1 0 1 1 1 0 1 1 1 0 1 0 0 1 0 1 1 1 0 0 0 0 0 0 1 1 1 1 1 1 1 1 1 1 0 1 1 1 0 0 0 1 1 0 1 1 1 1 1 1 0 1 0 1 0 0 0 1 1 0 1 0 1 1 0 0 1 0 0 1 0 1 0 0 1 1 1 1 1 1 1 1 0 1 0 1 1 1 1 0 0 0 1 1 0 1 1 0 1 1 35990.0 30183.0 33724.0 0 0.1464336542635056
1 0 1 1 1 0 1 1 1 0 1 0 0 1 0 1 0 1 1 0 0 1 1 0 1 0 1 1 1 1 0 1 1 1 0 1 1 0 1 0 0 1 1 0 1 1 1 1 1 1 0 1 0 1 0 0 0 1 1 0 0 0 1 1 0 0 1 1 0 1 0 0 1 1 1 1 1 1 1 1 1 0 0 1 0 0 1 1 1 0 0 0 1 1 1 1 1 0 0 0 33864.0 32833.0 33604.0 0 0.10487676339814579
1 0 1 1 1 0 1 1 1 0 1 0 0 1 0 1 1 1 1 0 0 0 0 0 1 1 1 1 1 1 1 1 1 1 0 1 1 0 0 0 0 1 1 0 1 1 1 1 1 1 0 1 0 1 0 0 0 0 1 0 1 0 1 1 0 0 0 0 0 1 1 0 1 0 1 1 1 1 1 1 1 1 0 1 0 1 1 1 1 0 0 0 1 1 0 1 1 0 1 1 35902.0 30701.0 33554.0 0 0.15504994885502754
1 0 1 1 1 0 1 1 1 0 1 0 0 1 0 1 0 1 1 1 1 0 1 0 1 1 0 1 1 1 1 1 1 1 0 1 0 0 1 0 0 1 1 1 1 1 1 1 1 1 0 1 0 1 0 0 0 1 1 0 0 1 1 0 0 0 0 0 0 1 0 0 1 0 1 1 1 1 1 1 1 0 1 1 1 1 0 0 1 0 0 1 0 1 1 1 1 0 0 0 31702.0 33451.0 33328.0 0 1000000000000000.2
1 0 1 1 1 0 1 1 1 0 1 0 0 1 0 1 0 1 1 1 1 0 1 0 1 1 0 1 1 1 1 1 1 1 0 1 1 0 0 0 0 1 1 0 1 1 1 1 1 1 0 1 0 1 0 0 0 1 1 0 1 0 1 1 0 0 1 0 0 1 0 0 1 1 1 1 1 1 1 1 1 0 0 1 0 0 1 1 1 0 0 0 1 1 1 1 1 0 0 0 34714.0 32947.0 33134.0 0 0.15896996347726333
1 0 1 1 1 0 1 1 1 0 1 1 0 1 1 1 0 1 0 0 0 0 1 0 1 1 0 1 1 1 1 1 1 1 0 1 1 0 0 0 0 1 1 0 1 1 1 1 1 1 0 1 0 1 0 0 0 1 1 0 1 0 1 1 0 0 1 1 0 1 0 0 1 1 1 1 1 1 1 1 1 0 0 1 0 0 1 1 1 0 0 0 1 1 1 1 1 0 0 0 34862.0 32869.0 32841.0 0 0.1298502994706032
1 0 1 1 1 0 1 1 1 0 1 1 0 1 1 1 0 1 0 0 0 0 1 0 1 1 0 1 1 1 1 1 1 1 0 1 1 0 0 0 0 1 1 0 1 1 1 1 1 1 0 1 0 1 0 0 0 1 1 0 1 0 1 1 0 0 1 0 0 1 0 0 1 0 1 1 1 1 1 1 1 0 0 1 1 1 1 0 1 0 0 0 0 1 1 1 1 1 0 1 33709.0 32994.0 32824.0 0 0.16856148859499642
1 0 1 1 1 0 1 1 1 0 1 0 0 1 0 1 0 1 1 1 1 0 1 0 1 1 0 1 1 1 1 1 1 1 0 1 1 0 0 0 0 1 1 0 1 1 1 1 1 1 0 1 0 1 0 0 0 1 1 0 1 0 1 1 0 0 1 0 0 1 1 0 1 1 1 1 1 1 1 1 1 0 0 1 0 0 1 0 1 0 0 0 1 1 1 1 1 0 0 0 34684.0 33184.0 32559.0 0 1000000000000000.1
1 0 1 1 1 0 1 1 1 1 1 0 0 1 0 1 1 1 1 0 0 0 0 1 1 1 1 1 0 1 1 1 1 1 0 1 0 0 0 0 0 1 1 1 1 1 1 1 1 1 0 1 1 1 0 0 0 1 1 0 0 0 1 1 0 0 0 0 0 1 0 0 1 0 1 1 1 1 1 1 1 0 1 1 1 1 1 1 1 0 0 1 0 1 1 1 1 0 0 0 32381.0 31317.0 37208.0 1 1000000000000000.1
1 0 1 1 1 0 1 1 1 0 1 1 0 1 1 1 0 1 0 0 0 0 1 0 1 1 0 1 1 1 1 1 1 1 0 1 1 0 1 0 0 1 1 1 1 1 1 0 1 1 0 1 0 1 0 0 0 1 1 0 0 1 1 0 0 0 1 0 0 1 0 0 1 0 1 1 1 1 1 1 1 0 1 1 1 1 0 0 1 0 0 0 1 1 1 1 1 0 0 0 31950.0 33173.0 32126.0 1 1000000000000000.1
1 0 1 1 1 0 1 1 1 0 1 0 1 1 0 1 1 0 1 0 0 1 0 0 1 1 0 1 1 1 0 1 1 1 0 1 1 0 1 0 0 1 1 1 1 1 1 1 1 1 0 1 0 1 0 0 0 1 1 0 0 1 1 0 0 0 1 0 0 1 0 0 1 0 1 1 1 1 1 1 1 0 1 1 1 1 0 0 1 0 0 1 0 1 1 1 1 0 0 0 30970.0 32512.0 34375.0 1 1000000000000000.0
1 0 1 1 1 0 1 1 1 0 1 0 0 1 0 0 1 1 1 0 0 0 0 1 1 1 1 1 1 1 1 1 1 1 0 1 1 0 0 0 0 1 1 0 1 1 1 1 1 1 0 1 0 1 0 0 0 1 1 1 1 0 1 1 0 0 1 0 0 1 0 0 1 1 1 1 1 1 0 1 1 1 0 0 0 0 1 1 1 0 0 0 1 1 1 1 1 0 0 1 35939.0 29030.0 34302.0 1 1000000000000000.0
1 0 1 1 0 0 1 1 1 0 1 0 0 1 0 1 0 1 0 0 0 0 0 0 1 1 1 1 1 1 1 1 1 1 0 1 1 1 0 0 0 1 1 0 1 1 1 1 1 1 0 1 0 1 0 0 0 1 1 0 1 1 1 1 0 0 1 0 0 1 0 1 0 0 1 1 1 1 1 1 1 1 0 1 0 1 1 1 1 0 1 0 1 1 0 1 1 0 1 1 36071.0 29276.0 33311.0 1 1000000000000000.0
1 0 1 1 1 0 1 1 1 0 1 1 0 1 1 1 0 1 0 0 0 0 1 0 1 1 0 1 1 1 1 1 1 1 0 1 1 0 0 0 0 1 1 0 1 1 1 1 1 1 0 1 0 1 1 0 0 1 1 0 1 0 1 1 0 0 1 0 0 1 0 0 1 1 1 1 1 1 1 1 1 0 0 1 0 0 1 1 1 0 0 0 1 1 1 1 1 0 0 0 34068.0 32703.0 32090.0 1 1000000000000000.0
1 0 1 0 1 0 1 1 1 1 1 0 1 1 0 1 1 0 1 0 0 1 0 0 1 1 0 1 1 1 1 1 1 1 0 1 1 0 0 0 0 1 1 0 1 1 1 1 1 1 0 1 0 0 0 0 0 1 1 0 0 1 1 1 0 0 1 1 0 1 1 0 0 0 1 1 1 1 1 1 1 0 1 1 0 1 1 1 1 0 0 1 0 1 1 1 0 0 0 1 33152.0 29142.0 36934.0 1 0.17293432368463882
1 0 1 1 1 0 1 1 1 1 1 0 1 1 0 1 1 0 1 0 0 1 0 0 1 1 0 1 1 1 1 1 1 1 0 1 0 0 1 0 0 1 1 1 1 1 1 1 1 1 0 1 0 1 0 0 0 1 1 0 0 1 1 0 0 0 1 0 0 1 0 0 1 0 1 1 1 1 1 1 1 0 1 1 1 1 0 0 1 0 0 1 0 1 1 1 1 0 0 0 31106.0 32113.0 35525.0 1 0.14895249607838335
1 0 1 1 1 0 1 1 1 1 1 0 0 1 0 1 1 0 1 0 0 1 0 0 1 1 1 1 1 1 1 1 1 1 0 1 0 0 0 0 0 1 1 0 1 1 1 1 1 1 0 1 0 1 0 0 0 1 1 0 1 0 1 1 0 0 1 0 0 1 0 0 1 0 1 1 1 1 1 1 1 0 1 1 0 0 1 1 1 0 0 0 1 1 1 1 1 1 0 1 34010.0 30097.0 36888.0 1 0.14501737175083798
1 0 1 1 1 0 1 1 1 1 1 0 0 1 0 1 1 1 1 0 0 0 0 1 1 1 1 1 0 1 1 1 1 1 0 1 0 0 0 0 0 1 1 0 1 1 1 1 1 1 0 1 0 1 0 0 0 1 1 1 1 0 1 1 0 0 1 0 0 1 0 0 1 0 1 1 1 1 1 1 1 0 1 0 0 0 1 1 1 0 0 0 1 1 1 1 1 1 0 1 35252.0 29336.0 36636.0 1 0.14063728697330144
1 0 1 1 1 0 1 1 1 1 1 0 0 1 0 1 1 1 1 0 0 0 0 1 1 1 1 1 0 1 1 1 1 1 0 1 1 0 0 0 0 1 1 0 1 1 1 1 0 1 0 1 0 1 0 0 0 1 1 0 1 0 1 1 0 0 1 0 0 1 0 0 1 0 1 1 1 1 1 1 1 1 0 1 0 1 1 1 1 0 1 0 1 1 0 1 1 0 1 1 35504.0 29607.0 35286.0 1 0.13280335294553788
1 0 1 1 1 0 1 1 1 1 1 0 0 1 0 1 1 1 1 0 0 0 0 1 1 1 1 1 0 1 1 1 1 1 0 1 0 0 0 0 0 1 1 1 1 1 1 1 1 1 0 1 1 1 0 0 0 1 1 0 0 0 1 1 0 0 0 0 0 1 0 0 1 0 1 1 1 1 1 1 1 0 1 1 1 1 1 1 1 0 0 1 0 1 1 1 0 1 0 0 32557.0 30941.0 37201.0 1 0.13272264098720138
1 0 1 1 1 0 1 1 1 0 1 0 0 1 0 1 1 1 1 0 0 0 1 0 1 1 1 1 0 1 1 1 1 1 0 1 1 0 0 0 0 1 1 0 1 1 1 1 1 1 0 1 0 1 0 0 0 1 1 0 1 0 1 1 0 0 1 0 0 1 0 0 1 1 1 1 1 1 1 1 1 0 0 1 1 1 0 1 1 0 0 1 1 1 1 1 1 0 0 0 34111.0 32376.0 34637.0 1 0.13026516331809446
1 0 1 1 1 0 1 1 1 0 1 0 0 1 0 1 0 1 0 0 0 0 0 1 1 1 1 1 1 1 1 1 1 1 0 1 1 0 0 0 0 1 1 0 1 1 1 1 1 1 0 1 0 1 0 0 0 1 1 0 1 0 1 1 0 0 1 0 0 1 0 0 0 0 1 1 1 1 1 1 1 1 0 1 0 1 1 1 1 0 1 0 1 1 0 1 1 0 1 1 35786.0 29894.0 33510.0 1 0.12448372298477592
1 0 1 1 1 0 1 1 1 1 1 0 0 1 0 1 1 1 1 0 0 0 0 1 1 1 1 1 0 1 1 1 1 1 0 1 0 0 0 0 0 1 1 1 1 1 1 0 1 1 0 1 0 1 0 0 0 1 1 0 1 0 1 1 0 0 0 0 0 1 0 0 1 0 1 1 1 1 1 1 1 0 1 1 0 0 1 1 1 0 0 0 1 1 1 1 1 1 0 1 33599.0 30302.0 36238.0 1 0.12360564199435849
1 0 1 1 1 0 1 1 1 0 1 0 0 1 0 1 1 1 1 0 0 1 0 0 1 1 0 1 1 1 1 1 1 1 0 1 1 0 1 0 0 1 1 1 1 1 1 1 1 1 0 1 0 1 0 0 0 1 1 0 0 1 1 0 0 0 0 0 0 1 0 0 1 0 1 1 1 1 1 1 1 0 1 1 1 1 0 0 1 0 0 1 0 1 1 1 1 0 0 0 31458.0 32639.0 34301.0 1 0.12310069791512052
1 0 1 1 1 0 1 1 1 1 1 0 0 1 0 1 1 1 1 0 0 0 0 1 1 1 1 1 0 1 1 1 1 1 0 1 0 0 0 0 0 1 1 0 1 1 1 1 1 1 0 1 0 1 0 0 0 1 1 0 1 0 1 1 0 0 1 0 0 1 0 0 1 0 1 1 1 1 1 1 1 0 1 1 0 0 1 1 1 0 0 0 1 1 1 1 1 1 0 1 34407.0 30218.0 36853.0 1 0.12245094487879182
0 0 1 1 1 0 1 1 1 0 1 1 0 1 1 1 0 1 0 0 0 0 1 0 1 1 0 1 1 1 1 1 1 1 0 1 1 0 0 0 0 1 1 0 1 1 1 1 1 1 0 1 0 1 0 0 0 1 1 0 1 0 1 1 0 0 1 0 0 1 0 0 1 0 1 1 1 1 1 1 1 0 0 1 1 1 1 0 1 0 0 0 0 1 1 1 1 1 0 1 33393.0 32838.0 32631.0 1 0.12140857271722805
1 0 1 1 1 0 1 1 1 0 1 1 0 1 0 1 0 1 1 0 0 1 1 0 1 0 1 1 1 1 0 1 1 1 0 1 1 0 1 0 0 1 1 1 1 1 1 0 1 1 0 1 0 1 0 0 0 1 1 0 0 1 1 0 0 0 1 0 0 1 0 0 1 0 1 1 1 1 1 1 1 0 1 1 0 0 1 1 1 0 0 0 1 1 1 1 1 0 0 0 31737.0 32519.0 33854.0 1 0.11839794043211858
1 0 1 1 1 0 1 1 1 0 1 1 0 1 1 1 0 1 1 0 0 0 0 0 1 0 1 1 1 1 0 1 1 1 0 1 1 0 1 0 0 1 1 1 1 1 1 1 1 1 0 1 0 1 0 0 0 1 1 0 0 1 1 0 0 0 1 0 0 1 0 0 1 0 1 1 1 1 1 1 1 0 1 1 1 1 0 0 1 0 0 1 0 1 1 1 1 0 0 0 31592.0 32879.0 32821.0 1 0.11713447805724364
1 0 1 1 1 0 1 1 1 0 1 1 0 1 1 1 0 1 0 0 0 0 1 0 1 1 0 1 1 1 1 1 1 1 0 1 1 0 0 0 0 1 1 0 1 1 1 1 1 1 0 1 0 1 0 0 0 1 1 0 1 0 1 1 0 0 1 0 0 1 0 0 1 0 1 1 1 1 1 1 1 0 0 1 1 1 1 0 1 0 0 1 1 1 0 1 1 1 0 0 34067.0 33074.0 32281.0 1 0.11667318974755844
1 0 1 1 1 0 1 1 1 0 1 0 0 1 0 1 0 1 1 0 0 0 1 0 1 1 1 1 1 1 1 1 1 1 0 1 1 0 0 0 0 1 1 0 1 1 1 1 1 1 0 1 0 1 0 0 0 1 1 0 1 0 1 1 0 0 1 0 0 1 1 0 1 1 1 1 1 1 1 1 1 0 0 1 0 0 1 0 1 0 0 0 1 1 1 1 1 0 0 0 34275.0 32315.0 32581.0 1 0.11596720290997345
1 0 1 1 1 0 1 1 1 1 1 0 0 1 0 1 1 1 1 0 0 0 0 1 1 1 0 0 0 1 1 1 1 1 0 1 1 1 0 0 0 1 1 1 1 1 1 1 1 1 0 1 0 1 0 0 0 1 1 0 0 1 1 1 0 0 1 1 0 1 0 0 1 1 1 1 1 1 1 1 1 0 0 1 0 0 1 1 1 0 0 0 1 1 1 1 1 0 0 0 33781.0 31440.0 36076.0 1 0.11223745233039015
1 0 1 1 1 0 1 1 1 0 1 0 0 1 0 1 1 1 1 0 0 0 0 0 1 1 1 1 1 1 1 1 1 1 0 1 1 0 0 0 0 1 1 1 1 1 1 1 1 1 0 1 0 1 0 0 0 1 1 0 1 0 1 1 0 0 0 0 0 1 0 0 1 0 1 1 1 1 1 1 1 0 1 1 0 0 1 1 1 0 0 0 1 1 1 1 1 1 0 1 34627.0 32050.0 35238.0 1 0.11219289113249357
1 0 1 1 1 0 1 1 1 1 1 0 0 1 0 1 1 1 1 0 0 1 0 1 1 1 1 1 1 1 1 1 1 1 0 1 1 0 0 0 0 1 1 0 1 1 1 1 1 1 0 1 0 1 0 0 0 1 1 0 1 0 1 1 0 0 1 1 0 1 0 0 0 0 1 1 1 0 1 1 1 0 0 1 0 0 1 1 1 0 0 0 1 1 1 1 1 0 0 0 35011.0 29767.0 35848.0 1 0.1079014858552777
1 0 1 1 1 0 1 1 1 0 1 0 0 1 0 1 0 1 0 0 0 0 0 1 1 1 1 1 1 1 1 1 1 1 0 1 1 0 0 0 0 1 1 0 1 1 1 1 1 1 0 1 0 1 0 0 0 1 1 0 1 0 1 1 0 0 1 0 0 1 0 1 0 0 1 1 1 1 1 1 1 0 0 1 0 1 1 1 1 0 0 0 1 1 1 1 1 1 0 1 35447.0 30772.0 33783.0 1 0.10606206299275328
1 0 1 1 1 0 1 1 1 0 1 0 0 1 0 1 1 1 1 0 0 0 0 0 1 1 1 1 1 1 0 1 1 1 0 1 1 0 1 0 0 1 1 0 1 1 1 1 1 1 0 1 0 1 0 0 0 1 1 0 1 0 1 1 0 0 1 1 0 1 0 0 1 1 1 1 1 1 1 1 1 0 0 1 0 0 1 1 1 0 0 0 1 1 1 1 1 0 0 0 35052.0 31915.0 34178.0 1 0.10434998714007226
1 0 1 1 1 0 1 1 1 0 1 1 0 1 0 1 0 1 1 0 0 1 1 0 1 0 1 1 1 1 0 1 1 1 0 1 1 0 1 0 0 1 1 1 1 1 1 0 1 1 0 1 0 1 0 0 0 1 1 0 0 1 1 0 0 0 1 0 0 1 0 0 1 0 1 1 1 1 1 1 1 0 1 1 1 1 0 0 1 0 0 0 1 1 1 1 1 0 0 0 31502.0 32960.0 32999.0 1 0.09854185971960155
1 0 1 1 1 0 1 1 1 1 1 0 0 1 0 1 1 0 1 0 0 1 0 0 1 1 1 1 1 1 1 1 1 1 0 1 1 0 0 0 0 1 1 0 1 1 1 1 1 1 0 1 0 1 0 0 0 1 1 0 1 0 1 1 0 0 1 0 0 1 0 0 1 0 1 1 1 1 1 1 1 1 0 1 0 1 1 1 1 0 0 0 1 1 0 1 0 0 1 1 35613.0 29247.0 35427.0 1 0.09691188536542236
1 0 1 1 1 0 1 1 1 0 1 0 0 1 0 1 0 1 1 0 0 1 1 0 1 0 1 1 1 1 1 1 1 1 0 1 1 0 0 0 0 1 1 0 1 1 1 1 1 1 0 1 0 1 0 0 0 1 1 0 1 0 1 1 0 0 1 0 0 1 1 0 1 1 1 1 1 1 1 1 1 0 0 1 0 0 1 1 1 0 0 0 1 1 1 1 1 0 0 0 34066.0 32485.0 33596.0 1 0.0951926056381563
1 0 1 1 1 0 1 1 1 0 1 1 0 1 1 1 0 1 0 0 0 0 1 0 1 1 0 1 1 1 1 1 1 1 0 1 1 0 0 0 0 1 1 0 1 1 1 1 1 1 0 1 0 1 0 0 0 1 1 0 1 0 1 1 0 0 1 0 0 1 0 0 1 0 1 1 1 1 1 1 1 0 0 1 1 0 1 1 1 0 0 0 1 1 1 1 1 0 0 0 33270.0 32582.0 32699.0 1 0.09431815384995154
1 0 1 1 1 0 1 1 1 0 1 0 0 1 0 1 1 1 1 0 0 0 0 0 1 1 1 1 1 1 1 1 1 1 0 1 1 0 0 0 0 1 1 0 1 1 1 1 1 1 0 1 0 1 0 0 0 1 1 0 1 0 1 1 0 0 1 0 0 1 0 0 1 0 1 1 1 1 1 1 1 0 1 1 0 0 1 1 1 0 0 0 1 1 1 1 1 1 0 1 34884.0 31242.0 35686.0 1 0.09045532813096058
1 0 1 1 1 0 1 1 1 0 1 1 0 1 1 1 0 1 0 0 0 0 1 0 1 1 0 1 1 1 1 1 1 1 0 1 1 0 0 0 0 1 1 0 1 1 1 1 1 1 0 1 0 1 0 0 0 1 1 1 1 0 1 1 0 0 1 0 0 1 0 0 1 1 1 1 1 1 1 1 1 0 0 1 0 0 1 1 1 0 0 0 1 1 1 1 1 0 0 0 34796.0 32670.0 32458.0 1 0.0899718787386468
1 0 1 1 1 0 1 1 1 1 1 0 0 1 0 1 1 1 1 0 1 0 0 0 1 1 1 1 1 1 1 0 1 1 0 1 1 0 0 0 0 1 1 0 1 1 1 1 1 1 0 1 0 1 0 0 0 1 1 0 1 0 1 1 0 0 1 0 0 1 0 0 1 0 1 1 1 1 1 1 1 1 0 1 0 1 1 1 1 0 0 0 1 1 0 1 0 0 1 1 35830.0 29400.0 34949.0 1 0.08954922798312884
1 0 1 1 1 0 1 1 1 0 1 0 0 1 0 1 0 1 1 0 0 0 1 1 1 1 1 1 0 1 1 1 1 1 0 1 0 0 0 0 0 1 1 0 1 1 1 1 1 1 0 1 0 1 0 0 0 1 1 1 1 0 1 1 0 0 1 1 0 1 0 0 1 1 1 1 1 1 1 1 1 0 0 1 0 0 1 1 1 0 0 0 1 1 1 1 1 0 0 0 35214.0 31151.0 34750.0 1 0.08807187510906173
1 0 1 1 1 0 1 1 1 1 1 0 0 1 0 1 0 1 1 0 1 1 1 0 1 1 0 1 1 1 1 1 1 1 0 1 1 0 0 0 0 1 1 0 1 1 1 1 1 1 0 0 0 1 0 0 0 1 1 0 1 0 1 1 0 0 1 0 0 1 0 0 1 1 1 1 1 1 1 1 1 0 0 1 0 1 1 1 1 0 0 0 1 1 1 1 1 0 0 0 34742.0 31872.0 34446.0 1 0.08742615117893625
1 0 1 1 1 0 1 1 1 1 1 0 0 1 0 0 1 1 1 0 0 0 0 1 1 1 1 1 1 1 1 1 1 1 0 1 1 0 0 0 0 1 1 0 1 1 1 1 1 1 0 1 0 1 0 0 0 1 1 0 1 0 1 1 0 0 1 1 0 1 0 0 1 0 1 1 1 1 1 1 1 0 0 1 0 0 1 1 1 1 0 0 1 1 1 1 1 0 0 0 35396.0 30358.0 35478.0 1 0.08654755362506224
1 0 1 1 1 0 1 1 1 1 1 0 0 1 0 1 1 1 1 0 0 0 0 0 1 1 1 1 1 1 1 1 1 1 1 1 1 0 0 0 0 1 1 0 1 1 1 1 1 1 0 1 0 1 0 0 0 1 1 0 1 0 1 1 0 0 1 0 0 1 0 0 1 1 1 1 1 1 1 1 1 0 0 1 0 0 1 1 1 0 0 0 1 1 1 1 1 0 0 0 35085.0 31775.0 34748.0 1 0.08434673698848505
1 0 1 1 1 0 1 1 1 1 1 0 0 1 0 1 1 1 1 0 0 0 0 1 1 1 1 1 0 1 1 1 1 1 0 1 0 0 0 0 0 1 1 0 1 1 1 1 1 1 1 1 0 1 0 0 0 1 1 1 1 0 1 1 0 0 1 0 0 1 0 0 1 0 1 1 1 1 1 1 1 0 1 0 0 0 0 1 1 0 0 0 1 1 1 1 1 1 0 1 34940.0 29434.0 36138.0 1 0.08242633933711979
1 0 1 1 1 0 1 1 1 0 1 1 0 1 0 1 0 1 1 0 0 1 1 0 1 0 1 1 1 1 0 1 1 1 0 1 1 0 0 0 0 1 1 0 1 1 1 1 1 1 0 1 0 1 0 0 0 1 1 0 1 0 1 1 0 0 0 0 0 1 0 0 1 0 1 1 1 1 1 1 1 0 0 1 1 1 1 0 1 0 0 0 0 1 1 1 1 1 0 1 32967.0 32682.0 33041.0 1 0.08238490406373473
0 0 1 1 1 0 1 1 1 0 1 0 0 1 0 1 1 1 1 0 0 0 0 0 1 1 1 1 1 1 1 1 1 1 0 1 0 0 0 0 0 1 1 1 1 1 1 1 1 1 0 1 0 1 0 0 0 1 1 1 0 1 1 1 0 0 1 1 0 1 0 0 1 1 1 1 1 1 1 1 1 0 0 1 0 0 1 1 1 0 0 0 1 1 1 1 1 0 0 0 34560.0 31597.0 35569.0 1 0.08208513572201415
1 0 1 1 1 0 1 1 1 0 1 1 0 1 0 1 0 1 0 0 0 0 1 0 1 1 0 1 1 1 1 1 1 1 0 1 1 0 0 0 0 1 1 0 1 1 1 1 1 1 0 1 0 1 0 0 0 1 1 0 1 0 1 1 0 0 1 0 0 1 0 0 1 0 1 1 1 1 1 1 1 0 0 1 1 1 1 0 1 0 0 1 1 1 0 1 1 0 1 1 34493.0 32206.0 33145.0 1 0.08206792237647739
1 0 1 1 1 0 1 1 1 0 1 0 0 1 0 1 0 1 1 0 1 0 0 0 1 1 1 1 1 1 1 1 1 1 0 1 1 0 0 0 0 1 1 0 1 1 1 1 1 1 0 1 0 1 0 0 0 1 1 1 1 0 1 1 0 0 1 0 0 1 0 0 1 1 1 1 1 1 1 1 1 0 0 1 0 0 1 1 1 0 0 0 1 1 1 1 1 0 0 0 35642.0 31409.0 33772.0 1 0.08177354785701152
1 0 1 1 1 0 1 1 1 1 1 0 0 1 0 1 1 0 1 0 0 1 1 0 1 1 1 1 1 1 1 1 1 1 0 1 0 0 0 0 0 1 1 0 1 1 1 1 1 1 0 1 0 1 0 0 0 1 1 1 1 0 1 1 0 0 1 0 0 1 0 0 1 0 1 1 1 1 1 1 1 0 1 1 1 1 0 0 1 0 0 1 0 1 1 1 1 0 0 0 33296.0 30973.0 36458.0 1 0.08164962199834579
1 0 1 1 1 0 1 1 1 0 1 0 0 1 0 1 1 1 1 0 0 0 0 0 1 1 1 1 1 1 1 1 1 1 0 1 1 0 0 0 0 1 1 0 1 1 1 1 1 1 0 1 0 1 0 0 0 1 1 0 1 0 1 1 0 0 1 0 0 1 0 0 1 0 1 1 1 1 1 1 1 1 0 1 0 1 1 1 1 0 0 0 1 1 0 1 0 0 1 1 35696.0 29741.0 34039.0 1 0.08100808607648748
1 0 1 1 1 0 1 1 1 0 1 0 1 1 0 1 1 1 1 0 1 0 0 0 1 1 1 1 1 1 0 1 1 1 0 1 1 0 0 0 0 1 1 0 1 1 1 1 1 1 0 1 0 1 0 0 0 1 1 0 1 0 1 1 0 0 1 0 0 1 0 0 1 0 1 1 1 1 1 1 1 1 0 1 0 1 1 1 1 0 0 0 1 1 0 1 0 0 1 0 35861.0 30637.0 33501.0 1 0.08092912620132157
1 0 1 1 1 0 1 1 1 1 1 0 0 1 0 1 1 1 1 0 0 0 0 0 1 1 1 1 1 1 1 1 1 1 0 1 1 0 0 0 0 1 1 0 0 1 1 1 1 1 0 1 0 1 0 0 0 1 1 0 1 0 1 1 0 0 1 1 0 1 0 0 1 1 1 1 1 1 1 1 1 0 0 1 0 0 1 1 1 0 0 0 1 1 1 1 1 0 0 0 35132.0 31002.0 35012.0 1 0.07856387175104064
1 0 1 1 1 0 1 1 1 0 1 1 0 1 0 0 1 1 1 0 0 0 0 1 1 1 1 1 1 1 1 1 1 1 0 1 1 0 0 0 0 1 1 0 1 1 1 1 1 1 0 1 0 1 0 0 0 1 1 1 1 0 1 1 0 0 1 0 0 1 0 0 1 0 1 1 1 1 1 1 1 0 1 1 0 0 1 1 1 0 1 1 1 1 1 1 0 0 0 0 35152.0 29724.0 35979.0 1 0.07749415861575433
1 0 1 1 1 0 1 1 1 0 1 0 0 1 0 1 0 1 0 0 0 0 0 1 1 1 1 1 1 1 1 1 1 1 1 1 1 0 0 0 0 1 1 0 1 1 1 1 1 1 0 1 0 1 0 0 0 1 1 0 1 0 1 1 0 0 1 1 0 1 0 0 1 1 1 1 1 1 1 1 1 0 0 1 0 0 1 0 1 0 0 0 1 1 1 1 1 0 0 0 35481.0 31679.0 32912.0 1 0.0770903475319257
1 0 1 1 1 0 1 1 1 0 1 0 0 1 0 1 1 1 1 0 0 1 0 0 1 1 0 1 1 1 1 1 1 1 0 1 1 0 1 0 0 1 1 1 1 1 1 1 1 1 0 1 0 1 0 0 0 1 1 0 0 1 1 0 0 0 1 0 0 1 0 0 1 0 1 1 1 1 1 1 1 0 1 1 0 0 1 1 1 0 0 0 1 1 1 1 1 0 0 0 32494.0 32276.0 35071.0 1 0.07542051436039483
1 0 1 1 1 0 1 1 1 1 1 0 0 1 0 1 1 1 1 0 0 0 0 1 1 1 1 1 0 1 1 1 1 1 0 1 0 0 0 0 0 1 1 1 1 1 1 1 1 1 0 1 1 1 0 0 0 1 1 0 0 1 1 1 0 0 1 1 0 1 1 0 0 0 1 1 1 1 1 1 1 0 0 1 1 1 0 0 1 0 0 1 0 1 1 1 0 1 0 0 32856.0 30573.0 36871.0 1 0.07510829940222286
1 0 1 1 1 0 1 1 1 1 1 0 0 1 0 1 1 1 1 0 0 0 0 1 1 1 1 1 0 1 1 1 1 1 0 1 0 0 0 0 0 1 1 1 1 1 1 1 1 1 0 1 1 1 0 0 0 1 1 0 0 0 1 1 0 0 0 0 0 1 0 0 1 0 1 1 1 1 1 1 1 0 1 1 1 1 1 1 1 0 0 0 1 1 1 1 1 0 0 0 32888.0 31296.0 36467.0 1 0.0746424737992832
1 0 1 1 1 0 1 1 1 1 1 0 0 1 0 1 1 1 1 0 0 0 0 1 1 1 1 1 0 1 1 1 1 1 0 1 0 0 0 0 0 1 1 1 1 1 1 1 1 1 0 1 1 1 0 0 0 1 1 0 0 1 1 1 0 0 1 1 0 1 1 0 0 0 1 1 1 1 1 1 1 0 0 1 1 1 0 0 1 0 0 1 0 1 1 1 1 0 0 0 32680.0 30949.0 36878.0 1 0.06966143924990285
1 0 1 1 1 0 1 1 1 0 1 0 0 1 0 1 1 1 1 0 0 0 0 0 1 1 1 1 1 1 1 1 1 1 0 1 0 0 0 0 0 1 1 0 1 1 1 1 1 1 0 1 0 1 0 0 0 1 1 0 1 0 1 1 0 0 1 0 0 1 0 0 1 1 1 1 1 1 1 1 1 0 1 1 0 0 1 1 1 0 0 1 1 1 1 1 1 1 0 0 34507.0 31507.0 35653.0 1 0.06568380328094979
