1 0 1 1 1 0 1 1 1 1 1 0 0 1 0 1 1 0 1 0 0 1 0 0 1 1 0 0 0 1 1 1 1 1 0 1 1 1 0 0 0 1 1 1 1 1 1 1 1 1 0 1 0 1 0 0 0 1 1 0 0 1 1 1 0 0 1 1 0 1 1 0 0 0 1 1 1 1 1 1 1 0 1 1 1 1 1 1 1 0 0 1 0 1 1 1 0 0 0 0 31831.0 29696.0 37848.0 0 1000000000000000.2
1 0 1 1 1 0 1 1 1 1 1 0 0 1 0 1 1 1 1 0 0 0 0 1 1 1 1 1 0 1 1 1 1 1 0 1 0 0 0 0 0 1 1 1 1 1 1 1 1 1 0 1 1 1 0 0 0 1 1 0 0 1 1 1 0 0 1 1 0 1 1 0 0 0 1 1 1 1 1 1 1 0 0 1 1 1 0 1 1 0 0 1 0 1 1 1 0 0 0 0 32673.0 30078.0 37431.0 0 0.2730463353179301
1 0 1 1 1 0 1 1 1 1 1 0 0 1 0 0 1 1 1 0 0 0 0 1 1 1 1 1 0 1 1 1 1 1 0 1 0 0 0 0 0 1 1 1 1 1 1 1 1 1 0 1 1 1 0 0 0 1 1 0 0 1 1 0 0 0 1 0 0 1 0 0 1 0 1 1 1 1 1 1 1 0 1 1 1 1 1 1 1 0 0 1 0 1 1 1 0 1 0 0 31992.0 30117.0 37110.0 0 0.2798675895272108
1 0 1 0 1 0 1 1 1 1 1 0 1 1 0 1 1 0 1 0 0 1 0 0 1 1 0 1 1 1 1 1 1 1 0 1 1 0 0 0 0 1 1 0 1 1 1 1 1 1 0 1 0 0 0 0 0 1 1 0 0 1 1 1 0 0 1 1 0 1 1 0 0 0 1 1 1 1 1 1 1 0 1 1 0 1 1 1 1 0 0 1 0 1 1 1 0 0 0 1 33152.0 29142.0 36934.0 0 0.2148380770397481
1 0 1 1 1 0 1 1 1 1 1 0 0 1 0 1 1 0 1 0 0 1 0 0 1 1 1 1 1 1 1 1 1 1 0 1 0 0 0 0 0 1 1 0 1 1 1 1 1 1 0 1 0 1 0 0 0 1 1 0 1 0 1 1 0 0 1 0 0 1 0 0 1 0 1 1 1 1 1 1 1 0 1 1 0 0 1 1 1 0 0 0 1 1 1 1 1 1 0 1 34010.0 30097.0 36888.0 0 0.0432372765939474
1 0 1 1 1 0 1 1 1 1 1 0 0 1 0 1 1 1 1 0 0 0 0 1 1 1 1 1 0 1 1 1 1 1 0 1 0 0 0 0 0 1 1 1 1 1 1 1 1 1 0 1 1 1 0 0 0 1 1 0 0 1 1 1 0 0 1 1 0 1 1 0 0 0 1 1 1 1 1 1 1 0 0 1 1 1 0 0 1 0 0 1 0 1 1 1 1 0 0 0 32680.0 30949.0 36878.0 0 0.21006262153547434
1 0 1 1 1 0 1 1 1 0 1 0 0 1 0 0 1 1 1 0 0 0 0 1 1 1 1 1 1 1 1 1 1 1 0 1 1 0 0 0 0 1 1 0 1 1 1 1 1 1 0 1 0 1 0 0 0 1 1 0 0 1 1 1 0 0 1 1 0 1 1 0 0 0 1 1 1 1 1 1 1 0 1 1 0 1 0 1 1 0 1 1 1 1 1 1 0 0 0 0 34406.0 29112.0 36284.0 0 0.14790238135847217
1 0 1 1 1 0 1 1 1 1 1 0 0 1 0 1 1 0 1 0 0 1 0 0 1 1 0 0 0 1 1 1 1 1 0 1 1 1 0 0 0 1 1 1 1 1 1 1 1 1 0 1 0 1 0 0 0 1 1 0 1 0 1 1 0 0 1 0 0 1 0 0 1 0 1 1 1 1 1 1 1 0 1 1 0 0 1 1 1 0 0 0 1 1 1 1 1 1 0 1 32862.0 30495.0 36282.0 0 0.21394761909844773
1 0 1 1 1 0 1 1 1 0 1 0 0 1 0 1 1 1 1 0 0 0 0 0 1 1 0 1 0 1 1 1 1 1 0 1 1 1 0 0 0 1 1 0 1 1 1 1 1 1 0 1 0 1 0 1 0 1 1 0 0 1 1 1 0 0 1 1 0 1 1 0 1 0 1 1 1 1 1 1 1 0 1 1 1 1 0 0 1 0 0 1 0 1 1 1 1 0 0 0 32825.0 31406.0 35951.0 0 0.17628943808186306
1 1 1 1 1 0 1 1 1 0 1 0 0 1 0 1 1 1 1 0 0 0 0 0 1 1 1 1 1 1 1 1 1 1 0 1 0 0 0 0 0 1 1 0 1 1 1 1 1 1 0 1 0 1 0 0 0 1 1 0 1 0 1 1 0 0 1 0 0 1 0 0 1 0 1 1 1 1 1 1 1 0 1 1 0 0 1 1 1 0 0 0 1 1 1 1 1 1 0 1 34378.0 30741.0 35767.0 0 0.22623957117948038
1 0 1 0 1 0 1 1 1 1 1 0 0 1 0 1 1 0 1 0 0 1 0 1 1 1 1 1 1 1 1 1 1 1 0 1 1 0 0 0 0 1 1 0 1 1 1 1 1 1 0 1 0 1 0 0 0 1 1 1 1 0 1 1 0 0 1 0 0 1 0 0 1 1 1 1 1 1 1 1 1 0 0 1 0 0 1 1 1 0 0 0 1 1 1 1 1 0 0 0 35046.0 30204.0 35427.0 0 0.1640871593231222
1 0 1 1 1 0 1 1 1 0 1 1 0 1 0 0 1 1 1 0 0 0 0 0 1 1 1 1 1 1 1 1 1 1 0 1 1 0 0 0 0 1 1 1 1 1 1 1 1 1 0 1 0 1 0 0 0 1 1 0 1 0 1 1 0 0 0 0 0 1 0 0 1 0 1 1 1 1 1 1 1 0 1 1 1 1 1 1 1 0 0 1 0 1 1 1 0 1 0 0 33505.0 31406.0 35067.0 0 0.19783079297653672
1 0 1 1 1 0 1 1 1 1 1 0 0 1 0 0 1 1 1 0 0 0 0 1 1 1 1 1 0 1 1 1 1 1 0 1 1 0 0 0 0 1 1 0 1 1 1 1 1 1 0 1 0 1 0 0 0 1 1 0 1 0 1 1 0 0 1 0 0 1 0 0 0 0 1 1 1 1 1 1 1 1 0 1 0 1 1 1 1 0 1 0 1 1 0 1 1 0 1 1 35526.0 28850.0 34976.0 0 1000000000000000.0
1 0 1 1 1 0 1 1 1 0 1 0 0 1 0 1 0 1 1 0 0 0 0 0 1 1 1 1 1 1 1 1 1 1 0 1 1 0 0 0 0 1 1 0 1 1 1 1 1 1 1 1 0 1 0 0 0 1 1 0 1 0 1 1 0 0 0 0 0 1 0 0 1 0 1 1 1 1 1 1 1 0 1 1 1 1 1 1 1 0 0 1 0 1 1 1 0 1 0 0 33793.0 31203.0 34877.0 0 0.17927281617658747
1 0 1 1 1 0 1 1 1 0 1 0 0 1 0 1 0 1 0 0 0 0 0 1 1 1 1 1 1 1 1 1 1 1 0 1 1 0 0 0 0 1 1 0 1 1 1 1 1 1 0 1 0 1 0 0 0 1 1 0 1 0 1 1 0 0 1 0 0 1 0 0 1 0 1 1 1 1 1 1 1 0 1 1 0 0 1 1 1 0 0 0 1 1 1 1 1 1 0 1 35046.0 31075.0 34837.0 0 0.11504797133138785
1 0 1 1 1 0 1 1 1 0 0 0 0 1 0 1 1 1 1 0 0 0 0 1 1 1 1 1 1 1 1 1 1 1 0 1 1 0 0 0 0 1 1 0 1 1 1 1 1 1 0 1 0 1 0 0 0 1 1 0 1 0 1 1 0 0 1 0 0 1 0 0 1 1 1 1 1 1 1 1 1 0 1 1 0 0 1 1 1 0 0 0 1 1 1 1 1 0 0 0 34657.0 31119.0 34784.0 0 0.11862695935853564
1 0 1 1 1 0 1 1 1 0 1 0 0 1 0 1 1 1 0 0 0 0 0 0 1 1 1 1 1 1 1 1 1 1 0 1 1 1 0 0 0 1 1 1 1 1 1 1 1 1 0 1 0 0 0 0 0 1 1 0 0 1 1 0 0 0 1 0 0 1 0 0 1 0 1 1 1 1 1 1 1 0 1 1 0 0 1 1 1 0 0 0 1 1 1 1 1 1 0 1 33047.0 31597.0 34672.0 0 0.15723847944515967
1 0 1 1 1 0 1 0 1 0 1 0 0 1 0 1 1 1 1 0 1 0 0 0 1 1 0 1 1 1 1 1 0 1 0 1 0 0 0 0 0 1 1 1 1 1 1 1 1 1 0 1 0 1 0 0 0 1 1 0 0 1 1 0 1 0 1 0 0 1 0 1 1 0 0 1 1 1 1 1 1 0 1 1 1 1 0 1 1 0 0 1 1 1 1 1 1 0 0 0 31044.0 31708.0 34584.0 0 0.2385064211408096
1 0 1 1 1 0 1 1 1 0 1 0 0 1 0 1 1 1 1 0 0 0 0 1 1 1 1 1 1 1 1 1 1 1 0 1 1 0 0 0 0 1 1 0 1 1 1 1 1 1 0 1 0 1 0 0 0 1 1 0 1 0 1 1 0 0 1 0 0 1 0 0 1 1 1 1 1 1 0 1 1 1 0 0 0 0 1 1 1 0 0 0 1 1 1 1 1 0 0 1 35476.0 29862.0 34578.0 0 0.06816821938318196
1 0 1 1 1 0 1 1 1 0 1 0 0 1 0 0 1 1 1 0 0 0 0 1 1 1 1 1 1 1 1 1 1 1 0 1 1 0 0 0 0 1 1 0 1 1 1 1 1 1 0 1 0 1 0 0 0 1 1 0 1 0 1 1 0 0 1 0 0 1 0 0 1 1 1 1 1 1 0 1 1 1 0 1 0 0 1 1 1 0 0 0 1 1 1 1 1 0 0 1 35094.0 29912.0 34519.0 0 0.09080780552595408
1 0 1 1 1 0 1 1 1 0 1 0 0 1 0 1 1 1 1 0 0 0 0 0 1 1 1 1 1 1 1 1 1 1 0 1 0 0 1 1 0 1 1 1 1 1 1 1 1 1 1 1 0 1 0 0 0 1 1 0 0 0 1 1 0 0 0 0 0 1 1 0 1 0 0 1 1 1 1 1 1 0 0 1 1 1 0 1 1 0 0 1 0 1 1 1 0 1 0 0 31692.0 31913.0 34392.0 0 0.12465520983560557
1 0 1 1 1 0 1 1 1 0 1 0 0 1 0 1 1 1 1 0 0 0 0 0 1 1 1 1 1 1 1 1 1 1 0 1 1 0 0 0 0 1 1 0 1 1 1 1 1 1 0 1 0 1 0 0 0 1 1 0 1 0 1 1 0 0 1 0 0 1 0 0 0 0 1 1 1 1 1 1 1 1 0 1 0 1 1 1 1 0 1 0 1 1 0 1 1 0 1 1 35624.0 30061.0 34359.0 0 0.10501050142776672
1 0 1 1 1 0 1 1 1 0 1 0 0 1 0 1 1 1 1 0 0 0 0 0 1 1 1 1 1 1 0 1 1 1 0 1 1 0 1 0 0 1 1 0 1 1 1 1 1 1 0 1 0 1 0 0 0 1 1 0 1 0 1 1 0 0 1 1 0 1 0 0 1 0 1 1 1 1 1 1 1 0 0 1 0 0 1 1 1 1 0 0 1 1 1 1 1 0 0 0 34750.0 31436.0 34305.0 0 0.1318060729998548
1 0 1 1 1 0 1 1 1 0 1 0 0 1 0 0 1 1 1 0 0 0 0 1 1 1 1 1 1 1 1 1 1 1 0 1 1 0 0 0 0 1 1 0 1 1 1 1 1 1 0 1 0 1 0 0 0 1 1 1 1 0 1 1 0 0 1 0 0 1 0 0 1 1 1 1 1 1 0 1 1 1 0 0 0 0 1 1 1 0 0 0 1 1 1 1 1 0 0 1 35939.0 29030.0 34302.0 0 1000000000000000.0
1 0 1 1 1 0 1 1 1 0 1 0 0 1 0 1 1 1 1 0 0 0 0 0 1 1 1 1 1 1 1 1 1 1 0 1 1 1 0 0 0 1 1 1 1 1 1 1 1 1 0 1 0 0 0 0 0 1 1 0 0 1 1 0 0 0 1 0 0 1 0 0 1 0 1 1 1 1 1 1 1 0 0 1 1 1 1 0 1 0 0 0 1 1 1 1 1 1 0 1 33234.0 32319.0 34295.0 0 0.21016568125159518
1 0 1 1 1 0 1 1 1 0 1 0 0 1 0 1 1 1 1 0 0 0 0 0 1 1 1 1 1 1 0 1 1 1 0 1 1 0 1 0 0 1 1 0 1 1 1 1 1 1 0 1 0 1 0 0 0 1 1 0 1 0 1 1 0 0 1 1 0 1 0 0 1 1 1 1 1 1 1 1 1 0 0 1 0 0 1 1 1 0 0 0 1 1 1 1 1 0 0 0 35052.0 31915.0 34178.0 0 0.1057532242151269
1 1 1 1 1 0 1 1 1 0 1 0 0 1 0 1 0 1 1 0 1 1 1 0 1 1 0 1 1 1 1 1 1 1 0 1 0 0 0 0 0 1 1 0 1 1 1 1 1 1 0 1 0 1 0 0 0 1 1 0 1 0 1 1 0 0 1 0 0 1 0 0 1 1 1 1 1 1 1 1 1 0 0 1 0 0 1 1 1 0 0 0 1 1 1 1 1 0 0 0 33945.0 32068.0 33963.0 0 0.19140518349800922
1 0 1 1 1 0 1 1 1 0 1 0 0 1 0 1 0 1 1 0 1 1 1 0 1 1 0 1 1 1 1 1 1 1 0 1 1 0 0 0 0 1 1 0 1 1 1 1 1 1 0 1 0 1 0 0 0 1 1 0 1 0 1 1 0 0 1 0 0 1 0 0 1 1 1 1 1 1 1 1 1 0 0 1 0 0 1 1 1 0 0 0 1 1 1 1 1 0 0 0 34451.0 32569.0 33882.0 0 0.1404623798081239
1 0 1 1 1 0 1 1 1 0 1 0 0 1 0 0 1 1 0 0 0 0 0 1 1 1 1 1 1 1 1 1 1 1 0 1 1 0 0 0 0 1 1 0 1 1 1 1 1 1 0 1 0 1 0 0 0 1 1 0 1 0 1 1 0 0 1 0 0 1 0 1 0 0 1 1 1 1 1 1 1 0 0 1 0 1 1 1 1 0 0 0 1 1 1 1 1 1 0 1 35143.0 30074.0 33852.0 0 0.09109159886132201
1 0 1 1 1 0 1 1 1 0 1 0 0 1 0 1 0 1 0 0 0 0 0 1 1 1 1 1 1 1 1 1 1 1 0 1 1 0 0 0 0 1 1 0 1 1 1 1 1 1 0 1 0 1 0 0 0 1 1 0 1 0 1 1 0 0 1 0 0 1 0 1 0 0 1 1 1 1 1 1 1 0 0 1 0 1 1 1 1 0 0 0 1 1 1 1 1 1 0 1 35447.0 30772.0 33783.0 0 0.15519699002532825
1 0 1 1 1 0 1 1 1 0 1 0 0 1 0 1 0 1 1 0 0 1 1 0 1 0 1 1 1 1 0 1 1 1 0 1 1 0 1 0 0 1 1 1 1 1 1 0 1 1 0 1 0 1 0 0 0 1 1 0 0 1 1 0 0 0 1 0 0 1 0 0 1 0 1 1 1 1 1 1 1 0 1 1 1 1 0 0 1 0 0 1 0 1 1 1 1 0 0 0 30844.0 32620.0 33626.0 0 1000000000000000.1
1 0 1 1 1 0 1 1 1 0 1 0 0 1 0 1 0 1 0 0 0 0 0 1 1 1 1 1 1 1 1 1 1 1 0 1 1 0 0 0 0 1 1 0 1 1 1 1 1 1 0 1 0 1 0 0 0 1 1 0 1 0 1 1 0 0 1 0 0 1 0 0 0 0 1 1 1 1 1 1 1 1 0 1 0 1 1 1 1 0 1 0 1 1 0 1 1 0 1 1 35786.0 29894.0 33510.0 0 0.19706822423704018
1 0 1 1 1 0 1 1 1 0 1 0 0 1 1 1 0 1 0 0 0 0 0 1 1 1 1 1 1 1 1 1 1 1 0 1 1 0 0 0 0 1 1 0 1 1 1 1 1 1 0 1 0 1 0 0 0 1 1 0 1 0 1 1 0 0 1 0 0 1 0 0 0 0 1 1 1 1 1 1 1 1 0 1 0 1 1 1 1 0 1 0 1 1 0 1 1 0 0 1 35496.0 30274.0 32939.0 0 0.2024706321527928
1 0 1 1 1 0 1 1 1 0 1 1 0 1 1 1 0 1 1 0 0 0 0 0 1 0 1 1 1 1 0 1 1 1 0 1 1 0 1 0 0 1 1 1 1 1 1 1 1 1 0 1 0 1 0 0 0 1 1 0 0 1 1 0 0 0 1 0 0 1 0 0 1 0 1 1 1 1 1 1 1 0 1 1 1 1 0 0 1 0 0 1 0 1 1 1 1 0 0 0 31592.0 32879.0 32821.0 0 0.35286108903306773
1 0 1 1 1 0 1 1 1 0 1 1 0 1 1 1 0 1 0 0 0 0 1 0 1 1 0 1 1 1 1 1 1 1 0 1 1 0 0 0 0 1 1 0 1 1 1 1 1 1 0 1 0 1 0 0 0 1 1 0 1 0 1 1 0 0 1 0 0 1 0 0 1 0 1 1 1 1 1 1 1 0 0 1 1 1 1 0 1 0 0 1 1 1 0 1 1 1 0 0 34067.0 33074.0 32281.0 0 2000000000000000.0
1 0 1 1 1 0 1 1 1 1 1 0 0 1 0 1 1 0 1 0 0 1 0 0 1 1 0 0 0 1 1 1 1 1 0 1 1 1 0 0 0 1 1 1 1 1 1 1 1 1 0 1 0 1 0 0 0 1 1 0 1 0 1 1 0 0 1 0 0 1 0 0 1 0 1 1 1 1 1 1 1 0 1 1 1 1 1 1 1 0 0 1 0 1 1 1 0 1 0 0 32001.0 30328.0 36733.0 1 1000000000000000.1
1 0 1 1 1 0 1 1 1 0 1 0 0 1 0 1 1 1 1 0 0 0 0 1 1 1 1 1 0 1 1 1 1 1 0 1 0 0 0 0 0 1 1 1 1 1 1 1 1 1 0 1 1 1 0 0 0 1 1 0 0 1 1 1 0 0 1 1 0 1 1 0 0 0 1 1 1 1 1 1 1 0 0 1 1 1 0 1 1 0 0 1 0 1 1 1 0 0 0 0 32243.0 29964.0 36555.0 1 0.0825213616949505
1 0 1 1 1 0 1 1 1 0 1 0 0 1 0 0 1 1 1 0 0 0 0 1 1 1 1 1 1 1 1 1 1 1 0 1 1 0 0 0 0 1 1 0 1 1 1 1 1 1 0 1 0 1 0 0 0 1 1 0 0 1 1 1 0 0 1 1 0 1 1 0 0 0 1 1 1 1 1 1 1 0 1 1 1 1 0 1 1 0 0 1 0 1 1 1 0 0 0 0 33492.0 29424.0 36529.0 1 0.060009068373544
1 0 1 1 1 0 1 1 1 0 1 0 0 1 0 1 1 1 1 0 1 0 0 0 1 1 0 1 0 1 1 1 1 1 0 1 1 1 0 0 0 1 1 0 1 1 1 1 1 1 0 1 0 1 0 0 0 1 1 0 0 1 1 1 0 0 1 1 0 1 1 0 0 0 1 1 1 1 1 1 1 0 1 1 1 1 0 1 1 0 0 1 0 1 1 1 0 0 0 0 32526.0 29831.0 36448.0 1 0.1630644953016018
1 0 1 1 1 0 1 1 1 0 1 0 0 1 0 0 1 1 1 0 0 0 0 1 1 1 1 1 1 1 1 1 1 1 0 1 1 0 0 0 0 1 1 0 1 1 1 1 1 1 0 1 0 1 0 0 0 1 1 0 0 1 1 1 0 0 1 1 0 1 1 0 0 0 1 1 1 1 1 1 1 0 1 1 0 1 0 1 1 0 1 1 0 1 1 1 0 0 0 0 33592.0 28861.0 36213.0 1 0.16514944745179796
1 1 1 1 1 0 1 1 1 1 1 0 0 1 0 1 1 0 1 0 0 1 0 0 1 1 0 0 1 1 1 1 1 1 0 1 0 0 0 0 0 1 1 0 1 1 1 1 1 1 0 1 0 1 0 0 0 1 1 0 1 0 1 1 0 0 1 0 0 1 0 0 1 0 1 1 1 1 1 1 1 0 1 1 0 0 1 1 1 0 0 0 1 1 1 1 1 1 0 1 32949.0 29655.0 36204.0 1 0.09658403972621005
1 0 1 0 1 0 1 1 1 1 1 0 0 1 0 1 1 0 1 0 0 1 0 0 1 1 1 1 1 1 1 1 1 1 0 1 0 0 0 0 0 1 1 0 1 1 1 1 1 1 0 1 0 1 0 0 0 1 1 0 1 0 1 1 0 0 1 0 0 1 0 0 1 0 1 1 1 1 1 1 1 0 1 1 0 0 1 1 1 0 0 0 1 1 1 1 1 1 0 1 33525.0 29433.0 36099.0 1 0.06946017988603852
1 0 1 1 1 0 1 1 1 0 1 0 0 1 0 1 1 0 1 0 0 1 0 0 1 1 1 1 1 1 1 1 1 1 0 1 0 0 0 0 0 1 1 0 1 1 1 1 1 1 0 1 0 1 0 0 0 1 1 0 1 0 1 1 0 0 1 0 0 1 0 0 1 0 1 1 1 1 1 1 1 0 1 1 0 0 1 1 1 0 0 0 1 1 1 1 1 1 0 1 33580.0 29983.0 36012.0 1 0.0857882635712646
1 0 1 1 1 0 1 1 1 0 1 0 0 1 0 1 0 1 1 0 0 0 0 1 1 1 1 1 1 1 1 1 1 1 0 1 1 0 0 0 0 1 1 0 1 1 1 1 1 1 0 1 0 1 0 0 0 1 1 0 0 1 1 1 0 0 1 0 0 1 0 1 0 0 1 1 1 0 1 1 1 0 1 1 1 1 1 1 1 0 0 1 0 1 1 1 0 0 0 0 33607.0 29279.0 35786.0 1 0.07891475707660021
1 0 1 1 1 0 1 1 1 0 1 0 0 1 0 1 0 1 1 0 0 0 0 0 1 1 1 1 1 1 1 1 1 1 0 1 1 0 0 0 0 1 1 0 1 1 1 1 1 1 0 1 0 1 0 0 0 1 1 0 0 1 1 1 0 0 1 0 0 1 0 1 0 0 1 1 1 0 1 1 1 0 1 1 1 1 1 1 1 0 0 1 0 1 1 1 0 0 0 1 33668.0 29218.0 35761.0 1 0.04728049634637429
1 0 1 1 1 0 1 1 1 0 1 0 0 1 0 0 1 1 1 0 0 1 0 0 1 1 0 1 1 1 1 1 1 1 0 1 0 1 0 0 0 1 1 1 1 1 1 1 1 1 0 1 0 1 0 0 0 1 1 0 0 1 1 1 0 0 1 1 0 1 1 0 0 0 1 1 1 1 1 1 1 0 1 1 1 1 0 0 1 0 0 1 0 1 1 1 1 0 0 0 31706.0 30686.0 35737.0 1 0.19810577643849775
1 0 1 1 1 0 1 1 1 1 1 0 0 1 0 1 1 0 1 0 0 1 0 0 1 1 0 0 0 1 1 1 1 1 0 1 1 1 0 0 0 1 1 1 1 1 1 1 1 1 0 1 0 1 0 0 0 1 1 0 0 1 1 1 0 0 1 0 0 1 0 1 0 0 1 1 1 1 1 1 1 1 0 1 0 1 1 1 1 0 0 0 1 1 0 1 1 0 1 1 33822.0 29562.0 35671.0 1 0.07421409552250405
1 0 1 1 1 0 1 1 1 0 1 0 0 1 0 1 0 1 0 0 0 0 0 1 1 1 1 1 1 1 1 1 1 1 0 1 0 0 0 0 0 1 1 1 1 1 1 1 1 1 0 1 1 1 0 0 0 1 1 0 0 1 1 0 0 0 1 0 0 1 0 0 1 0 1 1 1 1 1 1 1 0 1 1 1 1 1 1 1 0 0 1 0 1 1 1 0 1 0 0 32252.0 31161.0 35644.0 1 0.03491528823490306
1 0 1 0 1 0 1 1 1 1 1 0 1 1 0 1 1 0 1 0 0 1 0 0 1 1 0 0 0 1 1 1 1 1 0 1 1 1 0 0 0 1 1 1 1 1 1 1 1 1 0 1 0 1 0 0 0 1 1 0 1 0 1 1 0 0 1 0 0 1 0 0 1 0 1 1 1 1 1 1 1 0 1 1 0 0 1 1 1 0 0 0 1 1 1 1 1 1 0 1 32964.0 30617.0 35641.0 1 0.023336047390328844
1 0 1 1 1 0 1 1 1 0 1 0 0 1 0 0 1 1 1 0 0 0 0 1 1 1 1 1 0 1 1 1 1 1 0 1 0 0 0 0 0 1 1 1 1 1 1 1 1 1 0 1 1 1 0 0 0 1 1 0 0 1 1 0 0 0 1 0 0 1 0 0 1 0 1 1 1 1 1 1 1 0 1 1 1 1 1 0 1 0 0 0 1 1 1 1 1 1 0 1 32672.0 30880.0 35627.0 1 0.07064703840411998
1 0 1 1 1 0 1 1 1 0 1 0 0 1 0 0 1 1 1 0 0 1 0 0 1 1 1 1 1 1 1 1 1 1 0 1 0 0 0 0 0 1 1 0 1 1 1 1 1 1 0 1 0 1 0 0 0 1 1 0 1 0 1 1 0 0 1 0 0 1 0 0 1 0 1 1 1 1 1 1 1 0 1 1 0 0 1 1 1 0 0 0 1 1 1 1 1 1 0 1 34040.0 30019.0 35546.0 1 0.10137256894891791
1 0 1 1 1 0 1 1 1 0 1 0 0 1 0 0 1 1 1 0 0 0 0 1 1 1 1 1 1 1 1 1 1 1 0 1 1 0 0 0 0 1 1 0 1 1 1 1 1 1 0 1 0 1 0 0 0 1 1 0 0 1 1 0 0 0 1 0 0 1 0 0 1 0 1 1 1 1 1 1 1 0 1 1 0 0 1 1 1 0 0 0 1 1 1 1 1 1 0 1 33757.0 30365.0 35516.0 1 0.06725253260856907
1 0 1 1 1 0 1 1 1 0 1 0 0 1 0 1 1 1 1 0 0 0 0 0 1 1 1 1 1 1 1 1 1 1 0 1 0 0 0 0 0 1 1 0 1 1 1 1 1 1 0 1 0 1 0 0 0 1 1 0 1 0 1 1 0 0 1 0 0 1 0 0 1 0 1 1 1 1 1 1 1 0 1 1 0 0 1 1 1 0 0 0 1 1 1 1 1 1 0 1 34093.0 30591.0 35500.0 1 0.0684446827442452
1 0 1 1 1 0 1 1 1 0 1 0 0 1 0 0 1 1 1 0 0 0 0 1 1 1 1 1 1 1 1 1 1 1 0 1 0 0 0 0 0 1 1 0 1 1 1 1 1 1 0 1 0 1 0 0 0 1 1 0 1 0 1 1 0 0 1 0 0 1 0 0 1 0 1 1 1 1 1 1 1 0 1 1 0 0 1 1 1 0 0 0 1 1 1 1 1 1 0 1 34216.0 29841.0 35476.0 1 0.05500759083758666
1 0 1 1 1 0 1 1 1 0 1 0 0 1 0 1 0 1 1 0 0 1 0 0 1 1 0 1 0 1 1 1 1 1 0 1 1 1 0 0 0 1 1 0 1 1 1 1 1 1 0 1 0 1 0 1 0 1 1 0 0 1 1 1 0 0 1 1 0 1 1 0 0 0 1 1 1 1 1 1 1 0 1 1 1 1 0 0 1 0 0 1 0 1 1 1 1 0 0 0 32568.0 30935.0 35434.0 1 0.05195262070561848
1 0 1 1 1 0 1 1 1 0 1 0 0 1 0 0 1 1 1 0 0 0 0 1 1 1 1 1 1 1 1 1 1 1 0 1 1 0 0 0 1 1 1 0 1 1 1 1 1 1 0 1 0 1 0 0 0 1 1 0 0 1 1 1 0 0 1 1 0 1 1 0 0 0 1 1 1 1 1 1 1 0 1 1 0 1 0 0 1 0 1 1 1 1 1 1 0 0 0 0 34580.0 29213.0 35391.0 1 0.14500294596358626
1 0 1 1 1 0 1 1 1 0 1 0 0 1 0 1 1 1 1 0 0 0 0 0 1 1 1 1 1 1 1 1 1 1 0 1 1 0 0 0 0 1 1 1 1 1 1 1 1 1 0 1 1 1 0 0 0 1 1 0 0 1 1 0 0 0 1 1 0 1 1 0 0 0 1 1 1 1 1 1 1 0 0 1 1 1 0 1 1 0 0 1 0 1 1 1 0 0 0 0 32290.0 30957.0 35337.0 1 0.0897680143687954
1 0 1 1 1 0 1 1 1 0 1 0 0 1 0 0 1 1 1 0 0 0 0 1 1 1 1 1 1 1 1 1 1 1 0 1 1 0 0 0 0 1 1 0 1 1 1 1 1 1 0 1 0 1 0 0 0 1 1 0 0 1 1 1 0 0 1 1 0 1 1 0 0 0 1 1 1 1 0 1 1 1 0 0 0 0 1 1 1 0 0 0 1 1 1 1 1 0 0 1 34651.0 28236.0 35323.0 1 1000000000000000.0
1 0 1 1 1 1 1 1 1 0 1 0 0 1 0 0 1 1 1 0 0 1 0 0 1 1 0 1 1 1 0 1 1 1 0 1 1 0 0 0 0 1 1 0 1 1 1 1 1 1 0 1 0 1 0 0 0 1 1 0 1 0 1 1 0 0 1 0 0 1 0 0 1 0 1 1 1 1 1 1 1 0 1 1 0 0 1 1 1 0 0 0 1 1 1 1 1 1 0 1 33504.0 30638.0 35199.0 1 0.041134587870887716
1 0 1 0 1 0 1 1 1 1 1 0 0 1 0 1 1 0 1 0 0 1 0 1 1 1 1 1 1 1 1 1 1 1 0 1 1 0 0 0 0 1 1 0 1 1 1 1 1 1 0 1 0 1 0 0 0 1 1 0 1 0 1 1 0 0 1 0 0 1 0 0 1 1 1 1 1 1 0 1 1 1 0 0 0 0 1 1 1 0 0 0 1 1 1 1 1 0 0 1 34908.0 28704.0 35177.0 1 0.11822841102458023
1 0 1 1 1 0 1 1 1 0 1 0 0 1 0 0 1 1 1 0 0 0 0 1 1 1 1 1 1 1 1 1 1 1 0 1 0 0 0 0 0 1 1 1 1 1 1 1 1 1 0 1 0 1 0 0 0 1 1 0 0 1 1 0 0 0 1 1 0 1 0 1 0 0 1 1 1 1 1 1 1 0 1 1 1 1 0 0 1 0 0 1 1 1 1 1 1 0 0 0 33214.0 30656.0 35111.0 1 0.07801826268824748
1 0 1 1 1 0 1 1 1 1 1 0 0 1 0 1 1 0 1 0 0 1 0 0 1 1 0 0 0 1 1 1 1 1 0 1 1 1 0 0 0 1 1 1 1 1 1 1 1 1 0 1 0 1 0 0 0 1 1 0 1 0 1 1 0 0 1 1 0 1 0 0 1 1 1 1 1 1 1 1 1 0 0 1 0 0 1 1 1 0 0 0 1 1 1 1 1 0 0 0 33123.0 30726.0 35095.0 1 0.05055683455578161
1 0 1 1 1 0 1 1 1 0 1 0 0 1 0 1 0 1 0 0 0 0 0 1 1 1 1 1 1 1 1 1 1 1 0 1 1 0 0 0 0 1 1 0 1 1 1 1 1 1 0 1 0 1 0 0 0 1 1 0 0 1 1 1 0 0 1 1 0 1 1 0 0 0 1 1 1 1 1 1 1 0 1 1 1 0 0 0 1 0 0 1 0 1 1 1 1 0 0 0 33064.0 30737.0 35082.0 1 0.05467094807593622
1 0 1 1 1 0 1 1 1 0 1 0 0 1 0 1 0 1 1 0 0 0 0 1 1 1 1 1 1 1 1 1 1 1 0 1 1 0 0 0 0 1 1 0 1 1 1 1 1 1 0 1 0 1 0 0 0 1 1 0 0 1 1 1 0 0 1 0 0 1 0 1 0 0 1 1 1 1 1 1 1 0 1 1 1 1 0 0 1 0 0 1 0 1 1 1 1 0 0 0 33377.0 30787.0 35033.0 1 0.06643532639523726
1 0 1 1 1 0 1 1 1 0 1 0 0 1 0 0 1 1 1 0 0 0 0 0 1 1 1 1 1 1 1 1 1 1 0 1 1 0 0 0 0 1 1 1 1 1 1 1 1 1 0 1 0 1 0 0 0 1 1 0 1 0 1 1 0 0 0 0 0 1 0 0 1 0 1 1 1 1 1 1 1 0 1 1 1 1 1 1 1 0 0 1 0 1 1 1 0 1 0 0 33354.0 31045.0 34953.0 1 0.0851925697917556
1 0 1 1 1 0 1 1 1 0 1 0 0 1 0 0 1 1 1 0 0 0 0 1 1 1 1 1 1 1 1 1 1 1 0 1 1 0 0 0 0 1 1 0 1 1 1 1 1 1 0 1 0 1 0 0 0 1 1 0 1 0 1 1 0 0 1 0 0 1 1 0 1 0 1 1 1 1 0 1 1 1 0 1 0 0 1 1 1 0 0 0 1 1 1 1 1 0 0 1 34638.0 29498.0 34870.0 1 0.073610039721359
1 0 1 1 1 0 1 1 1 0 1 0 0 1 0 1 0 1 0 0 0 0 0 1 1 1 1 1 1 1 1 1 1 1 0 1 0 0 1 0 0 1 1 0 1 1 1 1 1 1 0 1 0 1 0 0 0 1 1 0 1 0 1 1 0 0 1 0 0 1 0 0 1 0 1 1 1 1 1 1 1 0 1 1 0 0 1 1 1 0 0 0 1 1 1 1 1 1 0 1 34659.0 31004.0 34790.0 1 0.10855302555938745
1 0 1 1 1 0 1 1 1 0 1 0 0 1 0 1 0 1 1 0 1 0 0 0 1 1 1 1 1 1 1 1 1 1 0 1 1 1 0 0 0 1 1 1 1 1 1 1 1 1 0 1 0 0 0 0 0 1 1 0 0 1 1 0 0 0 1 0 0 1 0 0 1 0 1 1 1 1 1 1 1 1 1 1 1 1 0 1 1 0 0 1 0 1 1 1 0 0 0 0 32742.0 31169.0 34665.0 1 0.12418229798810354
1 0 1 1 1 0 1 1 1 0 1 0 0 1 0 1 1 1 1 0 0 0 0 0 1 1 0 1 1 1 1 1 0 1 0 1 0 0 0 0 0 1 1 1 1 1 1 1 1 1 0 1 0 1 0 0 0 1 1 0 0 1 1 0 0 0 1 0 0 1 0 0 1 0 1 1 1 1 1 1 1 1 1 1 0 0 1 1 1 0 0 0 1 1 1 1 1 1 0 1 32610.0 31491.0 34475.0 1 0.1341881237648129
1 0 1 1 1 0 1 1 1 0 1 0 0 1 0 1 1 1 1 0 1 0 0 0 0 1 0 1 1 1 1 1 0 1 0 1 0 0 0 0 0 1 1 1 1 1 1 1 1 1 0 1 0 1 0 0 0 1 1 0 0 1 1 0 0 0 1 0 0 1 0 0 1 0 1 1 1 1 1 1 1 1 1 1 0 0 1 1 1 0 0 0 1 1 1 1 1 1 0 1 32896.0 31508.0 34393.0 1 0.12967053152715263
0 0 1 1 1 0 1 1 1 0 1 0 0 1 0 1 1 1 0 0 0 0 0 1 1 1 1 1 1 1 1 1 1 1 0 1 1 0 0 0 0 1 1 0 1 1 1 1 1 1 0 1 0 1 0 0 0 1 1 0 1 0 1 1 0 0 1 0 0 1 0 0 1 1 1 1 1 1 0 1 1 1 0 1 0 0 1 1 1 0 0 0 1 1 1 1 1 0 0 1 34925.0 30479.0 34306.0 1 0.08197744281356632
1 0 1 1 1 0 1 1 1 0 1 1 0 1 0 0 1 1 1 0 0 0 0 0 1 1 1 1 1 1 1 1 1 1 0 1 1 0 0 0 0 1 1 1 1 1 1 1 1 1 0 1 0 1 0 0 0 1 1 0 1 0 1 1 0 0 1 0 0 1 0 1 0 0 1 1 1 1 1 1 1 0 0 1 0 0 1 1 1 0 0 0 1 1 1 1 1 1 0 1 34587.0 31228.0 34149.0 1 0.12631690700956444
1 0 1 1 1 0 1 0 1 0 1 0 0 1 0 1 1 1 1 0 1 0 0 0 1 1 1 1 1 1 1 1 1 1 0 1 0 1 1 1 0 1 1 1 1 1 1 1 1 1 0 1 0 0 0 0 0 1 1 0 1 0 1 1 0 0 1 0 0 1 0 0 1 1 1 1 1 1 1 1 1 0 0 1 0 0 1 1 1 0 0 0 1 1 1 1 1 0 0 0 33502.0 31497.0 34084.0 1 0.02273620889532127
1 0 1 1 1 0 1 1 1 0 1 0 0 1 0 1 1 1 0 0 0 0 0 0 1 1 1 1 1 1 1 1 1 1 0 1 1 1 0 0 0 1 1 0 1 1 1 1 1 1 0 1 0 1 0 0 0 1 1 0 1 0 1 1 0 0 1 0 0 1 0 1 0 0 1 1 1 1 1 1 1 0 0 1 0 1 1 1 1 0 0 0 1 1 1 1 1 1 0 1 35041.0 30831.0 34062.0 1 0.0755399862610321
1 0 1 1 0 0 1 1 1 0 1 0 0 1 0 1 0 1 1 1 1 0 1 0 1 1 0 1 1 1 1 1 1 1 0 1 1 0 0 0 0 1 1 0 1 1 1 1 1 1 0 1 0 1 0 0 0 1 1 0 1 0 1 1 0 0 0 0 0 1 0 0 1 0 1 1 1 1 1 1 1 0 1 1 1 1 1 1 1 0 0 1 0 1 1 1 0 1 0 0 33863.0 31802.0 34022.0 1 0.045776061432849444
1 0 1 1 1 0 1 1 1 0 1 0 0 1 0 1 0 1 0 0 0 0 0 1 1 1 1 1 1 1 1 1 1 1 0 1 0 0 0 0 0 1 1 1 1 1 1 1 1 1 0 1 0 1 0 0 0 1 1 0 0 1 1 0 1 0 1 0 0 1 0 1 1 0 0 1 1 1 1 1 1 0 0 1 1 1 0 1 1 0 0 1 1 1 1 1 1 0 0 0 32121.0 31941.0 34017.0 1 0.11886872255019792
1 0 1 1 1 0 1 1 1 0 1 0 0 1 0 0 1 1 1 0 0 0 0 1 1 1 1 1 1 1 1 1 1 1 0 1 1 0 0 0 0 1 1 0 1 1 1 1 1 1 0 1 0 1 0 0 0 1 1 0 1 0 1 1 0 0 1 0 0 1 0 0 0 0 1 1 1 1 1 1 1 1 0 1 0 1 1 1 1 0 0 0 1 1 0 1 1 0 1 1 35595.0 29285.0 33922.0 1 0.06399902385508197
1 0 1 1 1 0 1 1 1 0 1 0 0 1 0 1 1 1 1 0 1 0 0 0 1 1 0 1 1 1 0 1 1 1 0 1 1 0 0 0 0 1 1 0 1 1 1 1 1 1 0 1 1 1 0 0 0 1 1 0 1 0 1 1 0 0 1 0 0 1 0 0 1 0 1 1 1 1 1 1 1 0 0 1 1 1 1 0 1 0 0 1 1 1 0 1 1 1 0 0 33711.0 31889.0 33903.0 1 0.06055182940424428
1 0 1 1 1 0 1 1 1 0 1 0 0 1 0 1 0 1 1 0 0 0 0 0 1 1 1 1 1 1 0 1 1 1 0 1 1 1 0 0 0 1 1 1 1 1 1 1 1 1 0 1 0 1 0 0 0 1 1 0 0 1 1 0 0 0 0 0 0 1 0 0 1 0 1 1 1 1 1 1 1 0 0 1 1 1 1 1 1 0 0 0 1 1 1 1 1 1 0 1 32992.0 32279.0 33834.0 1 0.07404404130264523
1 0 1 1 1 0 1 1 1 0 1 0 0 1 0 1 0 1 0 0 0 1 0 1 1 1 1 1 1 1 1 1 1 1 0 1 1 0 0 0 0 1 1 0 1 1 1 1 1 1 0 1 0 1 0 0 0 1 1 0 1 0 1 1 0 0 1 0 0 1 0 0 1 1 1 1 1 1 0 1 1 1 0 0 0 0 1 1 1 0 0 0 1 1 1 1 1 0 0 1 35462.0 29873.0 33799.0 1 0.04748815544171971
1 0 1 1 1 0 1 1 1 0 1 1 0 1 0 1 0 1 0 0 0 1 0 1 1 1 1 1 1 1 1 1 1 1 0 1 1 0 0 0 0 1 1 0 1 1 1 1 1 1 0 1 0 1 0 0 0 1 1 0 1 0 1 1 0 0 1 0 0 1 0 0 1 1 1 1 1 1 1 1 1 0 0 1 0 0 1 1 1 0 0 0 1 1 1 1 1 0 0 0 34876.0 31728.0 33703.0 1 0.14122647145160644
1 0 1 1 1 0 1 1 1 0 1 0 0 1 0 1 0 1 0 0 0 0 0 1 1 1 1 1 1 1 1 1 1 1 0 1 1 0 0 0 0 1 1 0 1 1 1 1 1 1 0 1 0 1 0 0 0 1 1 0 1 0 1 1 0 0 1 0 0 1 0 0 1 1 1 1 1 1 0 1 1 1 0 1 0 0 1 1 1 0 0 0 1 1 1 1 1 0 0 1 35133.0 30495.0 33694.0 1 0.09107801930595172
1 0 1 1 1 0 1 1 1 0 1 0 0 1 0 0 1 1 1 0 0 0 0 1 1 1 1 1 1 1 1 1 1 1 0 1 1 0 0 0 0 1 1 0 1 1 1 1 1 1 0 1 0 1 0 0 0 1 1 0 1 0 1 1 0 0 0 0 0 1 0 1 1 0 1 1 1 1 1 1 1 0 0 1 1 1 1 0 1 0 0 1 1 1 0 1 1 1 0 0 34941.0 31085.0 33607.0 1 0.09044566050475311
1 0 1 1 1 0 1 1 1 0 1 0 0 1 0 1 0 1 1 0 0 1 0 0 1 0 1 1 1 1 0 1 1 1 0 1 1 0 1 0 0 1 1 1 1 1 1 1 1 1 0 1 0 1 0 0 0 1 1 0 0 1 1 0 0 0 1 0 0 1 0 0 1 0 1 1 1 1 1 1 1 0 1 1 1 1 0 0 1 0 0 1 0 1 1 1 1 0 0 0 31186.0 32394.0 33488.0 1 1000000000000000.1
1 0 1 1 1 0 1 1 1 0 1 0 0 1 1 1 0 1 0 0 0 0 1 0 1 1 0 1 1 1 1 1 1 1 0 1 1 0 0 0 0 1 1 0 1 1 1 1 1 1 0 1 0 1 0 0 0 1 1 0 1 0 1 1 0 0 1 0 0 1 0 0 1 0 1 1 1 1 1 1 1 0 1 1 0 0 1 1 1 0 0 0 1 1 1 1 1 1 0 0 33854.0 32250.0 33227.0 1 0.14328101127376758
1 0 1 1 0 0 1 1 1 0 1 0 0 1 0 1 0 1 1 1 1 0 1 0 1 1 0 1 1 1 1 1 1 1 0 1 1 0 0 0 0 1 1 0 1 1 1 1 1 1 0 1 0 1 0 0 0 1 1 0 1 0 1 1 0 0 1 0 0 1 0 0 1 1 1 1 1 1 1 1 1 0 1 1 1 0 0 0 1 0 0 1 0 1 1 1 1 0 0 0 33449.0 32518.0 32991.0 1 0.16505419968492147
1 0 1 1 1 0 1 1 1 0 1 0 0 1 1 1 0 1 0 0 0 0 1 0 1 1 0 1 1 1 1 1 1 1 0 1 1 0 0 0 0 1 1 0 1 1 1 1 1 1 0 1 0 1 0 0 0 1 1 0 1 0 1 1 0 0 1 0 0 1 0 1 0 0 1 1 1 1 1 1 1 0 0 1 0 0 1 1 1 0 0 0 1 1 1 1 1 1 0 1 34377.0 31833.0 32791.0 1 0.12186585316613285
1 0 1 1 1 0 1 1 1 0 1 0 0 1 0 0 1 1 1 0 0 0 0 1 1 1 1 1 1 1 1 1 1 1 0 1 1 0 0 0 0 1 1 0 1 1 1 1 1 1 0 1 0 1 0 0 0 0 1 0 1 0 1 0 0 0 1 0 0 1 0 1 0 0 1 1 1 1 1 1 1 1 0 1 0 1 1 1 1 0 0 0 1 1 0 1 1 0 1 1 35466.0 29307.0 32734.0 1 0.08595924639637065
1 0 0 1 1 0 1 1 1 0 1 0 0 1 1 1 0 1 0 0 0 0 0 1 1 1 1 1 1 1 1 1 1 1 0 1 1 0 0 0 0 1 1 0 1 1 1 1 1 1 0 1 0 1 0 0 0 1 1 0 1 0 1 1 0 0 1 0 0 1 0 0 0 0 1 1 1 1 1 1 1 1 0 1 0 1 1 1 1 0 1 0 1 1 0 1 1 0 0 1 35255.0 29916.0 32657.0 1 0.13357999741360468
1 0 1 1 1 0 1 1 1 0 1 0 0 1 0 0 1 1 1 0 0 0 0 1 1 1 1 1 1 1 1 1 1 1 0 1 1 0 0 0 0 1 1 0 1 1 1 1 1 0 0 1 0 1 0 0 0 0 1 1 1 0 1 0 0 0 1 0 0 1 0 1 0 0 1 1 1 1 1 1 1 1 0 1 0 1 1 1 1 0 0 0 1 1 0 1 1 0 1 1 35628.0 28454.0 32495.0 1 1000000000000000.2
1 0 1 1 0 0 1 1 1 0 1 0 0 1 0 1 0 1 1 1 1 0 1 0 1 1 0 1 1 1 1 1 1 1 0 1 1 0 0 0 0 1 1 0 1 1 1 1 1 1 0 1 0 1 0 0 0 1 1 0 1 0 1 1 0 0 1 0 0 1 0 0 1 1 1 1 1 1 1 1 1 0 0 1 0 0 1 1 1 0 0 0 1 1 1 1 1 0 0 0 34338.0 32094.0 32197.0 1 0.16639635185138063
1 0 1 1 1 0 1 1 1 0 1 0 0 1 1 1 0 1 0 0 0 0 1 0 1 1 0 1 1 1 1 1 1 1 0 1 1 0 0 0 0 1 1 0 1 1 1 1 1 1 0 1 0 1 0 0 0 1 1 0 1 0 1 1 0 0 1 0 0 1 0 0 1 0 1 1 1 1 1 1 1 0 0 1 1 1 1 0 1 0 0 1 1 1 0 1 1 1 0 0 33916.0 32713.0 32167.0 1 0.035068062058236635
1 0 1 1 1 0 1 1 1 0 1 0 0 1 1 1 0 1 0 0 0 0 0 1 1 1 1 1 1 1 1 1 0 1 0 1 1 0 0 0 0 1 1 0 1 1 1 1 1 1 0 1 0 1 0 0 0 1 1 0 1 0 1 1 0 0 1 0 0 1 0 0 0 0 1 1 1 1 1 1 1 1 0 1 0 1 1 1 1 0 1 0 1 1 0 1 1 0 0 1 35438.0 30171.0 32146.0 1 0.14706571439958757
1 0 1 1 1 0 1 1 1 0 1 1 0 1 1 1 0 1 0 0 0 0 1 0 1 1 0 1 1 1 1 1 1 1 0 1 1 0 0 0 0 1 1 0 1 1 1 1 1 1 0 1 0 1 0 0 0 1 1 0 1 0 1 1 0 0 1 0 0 1 0 0 1 1 1 1 1 1 1 1 1 0 0 1 0 0 1 1 1 0 0 0 1 1 1 1 1 0 0 0 33921.0 32664.0 31998.0 1 0.1315228027838071
1 0 1 1 0 0 1 1 1 0 1 0 0 1 0 1 0 1 1 1 1 0 1 0 1 1 0 1 1 1 1 1 1 1 0 1 1 0 0 0 0 1 1 0 1 1 1 1 1 1 0 1 0 1 0 0 0 1 1 0 1 0 1 1 0 0 0 0 0 1 0 0 1 0 1 1 1 1 1 1 1 0 0 1 1 1 1 0 1 0 0 1 1 1 0 1 1 1 0 0 34190.0 32405.0 31824.0 1 0.17128884496693628
1 0 1 1 1 0 1 1 1 0 1 1 0 1 1 1 0 1 0 0 0 0 1 0 1 1 0 1 1 1 1 1 1 1 0 1 0 0 1 1 0 1 1 1 1 1 1 1 1 1 0 1 0 0 0 0 0 1 1 0 0 0 1 1 0 0 1 0 0 1 0 0 1 1 1 1 0 1 1 1 1 0 0 1 0 0 1 1 1 0 0 0 1 1 1 1 1 0 0 0 31922.0 32720.0 31377.0 1 2000000000000000.0
1 0 1 1 1 0 1 1 1 0 1 0 0 1 1 1 0 1 0 0 0 0 1 0 1 1 0 1 1 1 1 1 1 1 0 1 0 0 1 1 0 1 1 1 1 1 1 1 0 1 0 1 0 1 0 0 0 1 1 0 0 1 1 0 0 0 0 0 0 1 0 0 1 0 1 1 1 1 1 1 1 0 0 1 1 1 1 0 1 0 0 1 1 1 0 1 1 1 0 0 31387.0 32698.0 31142.0 2 3000000000000000.0
1 0 1 0 1 0 1 1 1 1 1 0 0 1 0 1 1 0 1 0 0 1 0 0 1 1 0 1 0 1 1 1 1 1 0 1 1 1 0 0 0 1 1 0 1 1 1 1 1 1 0 1 0 1 0 0 0 1 1 0 0 1 1 1 0 0 1 0 1 1 0 1 0 0 1 1 1 0 1 1 1 0 1 1 1 1 1 1 1 0 0 1 0 1 1 1 0 1 0 0 31870.0 28206.0 36593.0 2 2000000000000000.0
1 0 1 1 1 0 1 1 1 1 1 0 0 1 0 0 1 1 1 0 0 0 0 1 1 1 1 1 0 1 1 1 1 1 0 1 1 0 0 0 0 1 1 0 1 1 1 1 1 1 0 1 0 1 0 0 0 1 1 0 1 0 1 1 0 0 1 0 0 1 0 0 0 0 1 1 1 1 1 1 1 1 0 1 0 1 1 1 1 0 1 0 1 1 0 1 1 0 0 1 34622.0 28840.0 34404.0 2 1000000000000000.2
1 0 1 1 1 0 1 1 1 0 1 0 0 1 1 1 0 1 0 0 0 0 1 0 1 1 0 1 1 1 1 1 1 1 0 1 1 0 0 0 0 1 1 0 1 1 1 1 1 1 0 1 0 1 0 0 0 1 1 0 1 0 1 1 0 0 1 0 0 1 0 0 1 1 1 1 1 1 1 1 1 0 0 1 0 0 1 1 1 0 0 0 1 1 1 1 1 0 0 0 33770.0 32303.0 31884.0 2 0.3662346301416706
