1 1 1 0 1 0 1 1 1 0 1 0 0 1 1 0 1 0 1 0 0 0 0 1 0 1 0 1 1 0 1 0 1 1 0 1 0 0 0 1 0 1 0 0 1 0 1 1 1 1 0 1 1 1 0 0 0 1 0 0 0 0 1 0 0 0 1 1 0 1 1 1 0 0 0 1 1 1 0 0 1 1 1 1 0 0 0 1 1 0 0 1 1 1 1 0 0 0 0 0 25638.0 21639.0 28895.0 0 2000000000000000.0
1 1 1 0 1 0 1 1 0 0 1 0 0 1 1 0 0 1 1 0 1 0 1 0 0 1 1 1 0 1 0 1 1 1 0 0 1 0 1 1 0 1 1 0 1 1 0 0 1 1 1 0 1 1 0 0 0 1 1 0 0 1 1 0 1 0 1 0 0 1 1 0 0 0 0 1 0 1 0 0 0 0 1 1 0 0 0 1 1 0 0 1 1 1 1 0 0 0 1 0 25833.0 23145.0 28759.0 0 0.22231065611369785
1 1 1 0 1 1 1 1 1 0 1 0 0 1 0 0 1 1 0 1 0 1 0 0 1 0 1 0 0 1 0 1 0 1 0 0 1 0 1 1 0 1 1 0 1 1 0 0 1 1 1 0 1 1 0 1 0 1 1 0 0 1 1 0 0 0 1 0 0 1 1 0 0 0 0 1 0 1 0 0 0 0 1 1 0 0 0 1 1 1 0 1 1 1 1 0 0 0 1 1 26055.0 22567.0 28453.0 0 0.3716859485987902
0 1 1 1 0 0 1 0 0 1 1 0 0 1 0 1 0 1 0 0 0 0 1 1 0 1 0 0 1 0 0 1 1 0 0 1 0 0 0 0 1 1 1 1 1 1 0 0 1 1 1 0 1 1 0 1 0 0 1 0 0 0 1 0 0 0 1 0 0 1 0 1 0 0 1 1 1 1 1 0 0 0 1 1 0 1 1 1 1 0 0 1 1 0 1 1 1 1 0 1 25510.0 24764.0 28438.0 0 0.2602889581460889
1 1 1 0 0 1 1 1 1 0 1 0 0 1 0 0 1 1 0 1 0 1 0 0 1 0 1 0 0 1 0 1 0 1 0 0 1 0 1 1 0 1 1 0 1 1 0 0 1 0 1 0 1 1 0 1 0 1 1 0 0 1 1 0 0 1 1 0 0 1 0 1 0 0 1 1 1 0 0 0 1 1 0 1 0 0 1 1 1 0 0 1 1 0 1 1 1 1 0 1 28295.0 23164.0 28261.0 0 0.30286198991687674
1 0 1 0 1 0 1 1 0 0 1 0 0 1 1 0 1 1 1 0 1 1 1 0 1 0 0 1 1 1 0 1 1 1 0 1 0 0 1 1 0 1 0 0 0 0 1 1 1 1 0 1 1 1 0 0 1 1 0 0 0 0 1 0 0 0 1 1 0 1 0 0 0 1 0 0 0 1 0 0 1 1 1 1 0 0 0 1 1 0 0 1 1 1 1 0 0 0 0 1 25948.0 25007.0 28156.0 0 0.1505164932298807
0 1 1 1 0 0 1 0 0 1 1 0 0 1 0 1 0 1 1 0 0 0 1 1 0 1 0 0 1 0 0 1 1 0 0 1 0 0 0 0 1 1 1 1 1 1 0 0 1 1 1 0 1 1 0 0 0 0 1 1 0 0 1 0 0 0 1 0 0 1 0 1 0 0 1 1 1 1 1 1 1 0 0 0 1 1 1 1 1 0 0 0 1 1 0 0 1 1 1 1 28024.0 24294.0 28091.0 0 0.43456881465993114
0 1 1 1 0 0 1 0 0 1 1 0 0 1 0 1 0 1 1 0 0 0 1 1 0 1 0 1 1 0 0 1 1 0 0 1 0 0 0 0 1 1 1 1 1 1 0 0 1 1 1 0 1 1 0 0 0 0 1 0 0 0 1 0 0 1 1 0 0 1 0 1 0 0 1 1 1 1 1 0 1 0 0 0 1 0 1 1 1 0 0 0 1 1 0 0 1 1 1 1 26714.0 24667.0 27501.0 0 0.40623135341862915
1 1 1 0 1 0 1 1 0 0 1 0 0 1 1 0 0 1 1 0 1 1 1 0 1 0 0 1 1 1 0 1 1 0 0 1 0 0 1 0 1 1 0 0 0 0 1 1 1 1 0 1 0 0 0 0 0 1 1 0 0 1 1 0 1 0 1 1 0 1 0 0 1 1 0 0 0 1 0 0 1 0 1 0 0 0 0 1 1 0 0 1 1 1 1 0 0 0 1 1 27046.0 24701.0 27386.0 0 0.14797733030200996
1 0 1 0 1 0 1 1 0 0 1 0 0 1 1 0 0 1 1 0 1 1 1 0 1 0 0 1 1 1 0 1 1 1 0 1 0 0 0 1 0 1 0 0 1 0 0 1 1 1 0 1 0 1 0 0 0 1 0 1 1 0 0 1 0 1 1 1 0 1 0 0 0 1 0 0 0 1 0 0 1 1 1 0 0 0 0 1 1 0 0 1 1 1 1 0 0 1 1 1 28457.0 22795.0 26951.0 0 0.4803034424913448
1 1 1 0 1 0 1 1 0 0 1 0 0 1 1 0 0 1 1 0 1 1 1 0 1 0 0 1 1 1 0 1 1 0 0 1 0 0 1 0 0 1 1 0 1 1 0 0 1 1 1 0 0 1 0 1 0 1 1 0 0 1 1 0 1 0 1 0 0 1 1 0 0 1 0 0 0 1 0 0 1 1 1 1 0 0 0 1 1 0 0 1 1 1 1 0 0 0 0 0 24961.0 25608.0 26908.0 0 1000000000000000.1
1 1 1 0 1 0 1 1 1 0 1 0 0 1 1 0 1 1 0 1 0 1 0 0 1 0 1 0 0 1 0 1 0 1 0 0 1 0 1 1 0 1 1 0 1 1 0 0 1 1 0 1 1 1 0 0 1 1 0 1 0 0 1 0 0 0 1 1 0 1 0 0 1 1 0 0 0 1 0 0 1 1 1 1 0 0 0 1 1 0 0 1 1 1 1 0 0 0 0 0 27055.0 24301.0 26615.0 0 0.36212636738803394
1 1 1 0 1 0 1 1 0 0 1 0 0 1 0 1 0 1 1 0 0 0 1 1 0 1 0 0 1 0 0 1 1 0 0 1 0 0 0 0 1 1 1 1 1 1 0 0 1 1 1 0 1 1 0 0 0 0 1 0 0 0 1 0 0 1 1 0 0 1 0 1 0 0 1 1 1 1 1 0 1 0 0 1 1 1 0 0 1 0 0 1 1 1 1 0 0 1 0 1 26029.0 25508.0 26613.0 0 0.09381281595188755
1 1 1 1 1 0 1 1 0 0 1 0 0 1 1 0 0 1 1 0 1 1 1 0 1 0 0 1 1 0 0 1 1 0 0 1 0 0 0 0 1 1 1 1 1 1 0 0 1 1 1 0 1 1 0 1 0 1 1 0 0 1 1 0 1 0 1 1 0 1 0 0 1 1 0 0 0 1 0 0 1 1 0 0 0 0 0 0 1 0 0 1 1 1 1 0 0 1 0 0 25856.0 25939.0 26524.0 0 1000000000000000.0
1 1 1 0 1 0 1 1 0 0 1 0 0 1 1 0 0 1 1 0 1 1 1 0 1 0 0 1 1 1 0 1 1 0 0 1 0 0 1 0 1 1 0 0 1 0 0 1 1 1 0 0 1 1 0 0 0 0 1 0 1 0 1 0 0 0 1 0 0 1 0 0 0 0 1 1 1 0 0 1 1 1 0 1 0 0 1 1 1 0 0 1 1 1 0 1 0 1 1 0 29446.0 24164.0 26503.0 0 1000000000000000.5
1 1 1 0 1 0 1 1 0 1 1 0 0 1 1 0 0 1 1 0 1 1 1 0 1 0 0 1 1 1 0 1 1 0 0 1 0 0 1 0 1 1 0 0 1 0 0 1 1 0 0 1 0 0 0 0 0 0 1 0 0 0 1 0 0 0 1 0 1 1 0 0 0 1 0 1 1 1 1 0 0 1 1 1 1 1 0 0 1 0 0 1 1 1 1 0 0 1 0 0 26204.0 25574.0 24988.0 0 0.5049398853892144
1 1 1 0 1 0 1 1 0 0 1 0 0 1 1 0 0 1 1 0 1 1 1 0 1 1 0 1 1 1 0 1 1 0 0 1 0 0 1 0 1 1 0 0 1 0 0 1 0 0 0 1 0 0 0 0 0 0 1 0 0 0 1 0 0 1 1 0 0 1 0 1 0 0 1 1 1 1 1 0 1 0 0 1 1 0 1 0 0 0 0 1 1 1 0 1 0 1 1 1 28277.0 25351.0 24802.0 0 0.1962697732426468
1 1 1 0 1 0 1 1 0 0 1 0 0 1 1 0 0 1 1 0 1 1 1 0 1 0 0 1 1 1 0 1 1 0 0 1 0 0 1 0 1 1 0 0 1 0 0 1 1 0 0 1 0 0 0 0 0 0 1 0 0 0 1 0 0 0 1 0 0 1 0 1 0 0 1 1 1 1 1 0 1 0 0 0 1 1 1 1 1 0 0 0 1 1 0 0 1 1 1 1 28321.0 25100.0 24782.0 0 0.1509185719482487
1 1 1 0 1 0 1 1 0 0 1 0 0 1 1 0 0 1 1 0 1 1 1 0 1 0 0 1 1 1 0 1 1 0 0 1 0 0 1 0 1 1 0 0 1 0 0 1 1 0 0 1 0 0 0 0 0 0 1 0 0 0 1 0 0 0 1 0 1 1 0 0 0 1 0 1 1 1 1 0 0 1 1 1 1 0 1 0 0 0 0 1 1 1 0 1 0 1 1 0 26980.0 25758.0 24627.0 0 0.3331448376940831
1 0 1 0 1 0 1 1 0 0 1 0 0 1 1 0 0 1 1 0 1 1 1 0 1 0 0 1 1 1 0 1 1 1 0 1 0 0 1 0 1 1 0 0 1 0 0 0 0 0 0 1 0 0 0 0 0 0 1 0 0 0 1 0 0 1 1 0 0 1 0 1 0 0 1 1 1 1 1 0 1 0 0 1 1 1 0 0 1 0 1 0 1 1 0 1 1 1 0 1 27052.0 25593.0 23866.0 0 1000000000000000.0
1 1 1 0 1 0 1 1 0 0 1 0 0 1 1 0 1 0 1 0 0 0 0 0 0 1 1 1 0 1 0 1 1 1 0 0 1 0 1 1 0 1 1 0 1 1 0 0 1 1 1 0 1 1 0 1 0 1 1 0 0 1 1 0 1 0 1 0 0 1 1 0 0 0 0 1 0 1 0 0 0 0 1 1 0 0 0 1 1 0 0 1 1 1 1 0 0 0 1 0 24644.0 21568.0 28551.0 1 2000000000000000.0
0 0 0 1 1 1 0 0 1 1 0 1 1 1 1 1 1 0 0 1 0 0 0 1 0 1 0 1 1 0 1 0 1 1 0 1 0 0 0 1 0 1 0 0 0 0 1 1 1 1 0 1 1 1 0 0 1 1 0 0 0 0 1 0 0 0 1 1 0 1 1 1 0 0 0 1 1 1 0 0 1 1 1 1 0 0 0 1 1 0 0 1 1 1 1 0 0 0 0 0 25103.0 22691.0 28459.0 1 0.3195370758534467
1 1 0 0 1 0 1 1 0 0 1 0 0 0 1 1 1 0 0 1 0 0 0 1 0 1 0 1 1 0 1 0 1 1 0 1 0 0 0 1 0 1 0 0 0 0 1 1 1 1 0 0 1 1 1 0 1 1 0 0 0 0 1 0 0 0 1 1 0 1 1 1 0 0 1 1 1 1 0 0 1 1 1 1 0 0 0 1 1 0 0 1 1 1 1 0 0 0 0 0 25133.0 20675.0 27742.0 1 1000000000000000.1
1 1 1 0 1 0 1 1 0 0 1 0 0 1 1 0 1 0 1 0 0 0 0 0 0 1 1 1 0 1 1 1 1 1 0 0 1 0 1 1 0 1 1 0 1 1 0 0 1 1 1 0 1 1 0 1 1 1 0 0 0 0 1 0 0 0 1 1 0 1 0 0 0 1 0 0 0 1 0 0 1 1 1 1 0 0 0 1 1 0 0 1 1 1 0 1 0 1 1 0 27219.0 22979.0 27645.0 1 0.1548576868452507
1 1 1 0 1 0 1 1 0 0 1 0 0 1 1 0 1 0 1 0 0 0 0 0 0 1 1 1 0 1 0 1 0 1 0 1 0 0 0 1 0 1 0 0 0 0 1 1 1 1 0 1 0 1 0 0 0 1 0 1 1 0 0 1 0 1 1 1 0 1 0 0 0 1 0 0 0 1 0 0 1 1 1 0 1 0 0 1 1 0 1 1 1 1 1 0 1 0 1 1 27407.0 21100.0 27602.0 1 0.2885782124283848
1 1 1 0 1 0 1 1 0 0 1 0 0 1 1 1 0 1 1 0 1 0 0 0 1 1 0 1 0 1 0 1 0 1 0 0 1 0 1 0 0 1 1 0 1 1 0 0 1 1 1 0 1 1 0 1 0 1 1 0 0 1 1 0 1 0 1 0 0 1 1 0 0 0 0 1 0 1 0 0 0 0 1 1 0 0 0 1 1 0 0 0 0 0 0 0 1 1 1 1 24686.0 23199.0 27471.0 1 0.3713179173271176
0 1 1 1 0 0 1 0 0 1 1 0 0 1 0 1 0 1 1 0 0 0 1 1 0 0 0 0 1 1 0 1 1 0 0 1 1 0 1 1 0 1 1 0 1 1 0 0 1 1 1 0 1 1 0 1 1 1 0 0 0 0 1 0 0 0 1 1 0 1 0 0 0 1 0 0 0 1 0 0 1 1 1 1 0 0 0 1 1 0 0 1 1 1 0 1 0 1 1 0 25437.0 24532.0 27077.0 1 0.11675812243409536
0 1 1 1 0 0 1 0 0 1 1 0 0 1 0 1 0 1 1 0 0 0 1 1 0 1 0 0 1 0 0 1 1 0 0 1 0 0 0 0 1 1 1 1 1 1 0 0 1 1 1 0 1 1 0 1 0 0 1 0 0 0 1 0 0 0 1 0 0 1 0 1 0 0 1 1 1 1 1 0 1 0 0 0 1 1 1 1 1 0 0 0 1 1 0 0 1 1 1 1 26889.0 24519.0 27057.0 1 0.30247036002137606
0 1 1 1 0 0 1 0 0 1 1 0 0 1 0 1 0 1 1 0 0 0 1 1 0 1 0 0 1 0 0 1 1 0 0 1 0 0 0 0 1 1 1 1 1 1 0 0 1 1 1 0 1 1 0 0 0 0 1 0 0 0 1 0 0 1 1 0 0 1 0 1 0 0 1 1 1 1 1 0 1 0 0 1 1 1 0 0 1 0 0 1 1 1 1 0 0 1 0 1 25281.0 24652.0 26738.0 1 0.20447246190487686
0 1 1 0 0 1 1 1 0 0 1 0 0 1 0 0 1 1 0 1 0 1 0 0 1 0 1 0 0 1 0 1 0 1 0 0 1 0 1 1 0 1 1 0 1 1 0 0 1 1 1 0 1 1 0 1 0 1 1 0 0 1 1 0 1 0 1 1 0 1 0 0 0 1 1 0 0 1 0 0 1 1 1 0 0 0 0 1 1 0 0 1 1 1 0 0 0 0 1 1 27275.0 21850.0 26670.0 1 0.3609308135407182
1 1 1 0 1 0 1 1 0 0 1 0 0 1 1 0 0 1 1 0 0 1 1 0 1 0 0 1 1 1 0 1 1 0 0 1 0 0 1 0 1 0 0 0 1 0 1 1 1 1 0 1 1 1 0 0 1 1 0 1 1 0 1 0 1 0 0 1 0 0 0 1 0 0 0 1 1 0 0 1 0 0 1 1 0 0 0 0 0 0 0 1 1 1 0 1 0 1 1 1 27328.0 22920.0 26262.0 1 0.1874749952907938
1 1 1 0 1 0 1 1 1 0 1 0 0 1 1 0 0 1 1 0 0 0 1 1 0 1 0 0 1 0 0 1 1 0 0 0 0 0 0 0 1 1 1 1 1 1 0 0 1 1 1 0 1 1 0 1 0 1 1 0 0 1 1 0 1 0 1 1 0 1 0 0 1 1 0 0 0 1 0 0 1 1 0 0 0 0 0 0 1 0 0 1 1 1 1 1 0 0 1 1 26959.0 23914.0 26163.0 1 0.32158149274935954
1 1 1 0 1 1 1 1 1 0 1 0 0 1 0 0 1 1 0 1 0 1 0 0 1 0 1 0 0 1 0 1 0 1 0 0 1 0 1 1 0 1 1 0 1 1 0 0 1 0 0 1 0 0 0 0 0 0 1 0 1 0 1 0 0 0 1 0 0 1 0 0 0 0 1 1 1 0 0 1 1 1 0 1 0 0 1 1 1 0 1 0 1 1 0 1 0 1 1 0 28921.0 22630.0 25771.0 1 1000000000000000.2
1 1 1 0 1 0 1 1 1 0 1 0 0 1 1 1 1 0 0 1 0 0 0 1 0 0 0 1 1 0 1 0 1 1 0 1 0 0 0 1 0 1 0 0 1 0 0 1 1 0 0 1 0 0 0 0 0 0 1 1 0 0 1 0 0 0 1 0 0 1 0 1 0 0 1 1 1 1 1 0 1 0 0 0 1 1 1 1 1 0 0 0 1 1 0 0 1 1 1 1 27574.0 22782.0 25346.0 1 0.21988560301204182
1 1 1 0 1 0 1 1 1 0 1 0 0 1 1 0 0 1 1 0 0 0 1 1 0 1 0 0 1 0 0 1 1 0 0 1 0 0 0 0 1 1 1 1 1 1 0 0 1 1 1 0 1 1 0 1 0 1 1 0 0 1 1 0 1 0 1 1 0 1 0 0 1 1 0 0 0 1 0 0 1 1 0 0 0 0 0 0 1 0 0 1 1 1 1 0 0 1 0 0 25390.0 24541.0 25298.0 1 0.1440833745874105
0 0 0 1 1 1 0 0 1 1 0 1 1 1 1 1 1 1 1 0 1 0 1 0 0 1 1 1 0 1 1 1 0 0 0 1 0 0 0 0 1 1 0 1 0 0 0 0 0 1 0 1 1 0 0 0 1 1 0 0 0 0 1 0 0 0 0 1 0 1 0 1 0 0 1 1 1 1 1 0 1 0 0 1 1 1 0 0 1 0 0 1 1 1 1 0 0 1 0 0 25470.0 24807.0 24983.0 1 0.351050834670674
1 1 1 0 1 0 1 1 0 0 1 0 0 1 1 0 1 0 1 0 0 0 0 0 0 1 1 1 0 1 0 1 1 1 0 0 1 0 1 1 0 1 1 0 1 1 0 1 0 0 0 1 0 0 0 0 0 0 1 0 0 0 1 0 0 1 1 0 0 1 0 1 0 0 1 1 1 1 1 0 1 0 0 1 1 0 1 0 0 0 0 1 1 1 0 1 0 1 1 0 27004.0 23657.0 24814.0 1 0.263422138469393
1 1 1 1 1 0 1 1 0 0 1 0 0 0 1 0 0 1 1 0 1 1 1 0 1 0 0 1 1 1 0 1 1 0 0 1 0 0 1 0 1 1 0 0 1 0 0 1 1 0 0 1 0 0 0 0 0 0 1 0 0 0 1 0 0 0 1 0 1 1 0 0 0 0 0 1 1 1 1 0 0 1 1 1 1 0 1 0 0 0 0 1 1 1 0 1 0 1 1 0 26130.0 25085.0 24724.0 1 0.45974020230643103
0 1 1 0 1 0 1 1 0 0 1 0 0 1 1 0 0 1 1 0 1 1 1 0 1 0 0 1 1 1 0 1 1 0 0 1 0 0 1 0 1 1 0 0 1 0 0 1 1 0 0 1 0 0 0 0 0 0 1 0 0 0 1 0 0 0 1 0 0 1 0 1 0 0 1 1 1 1 1 0 1 0 0 1 1 1 0 0 1 0 0 1 1 1 1 0 0 1 0 1 26560.0 25330.0 24191.0 1 1000000000000000.2
1 1 1 0 1 0 1 1 1 0 1 0 0 1 1 0 0 1 1 0 0 0 1 1 0 1 0 0 1 1 0 1 1 0 0 1 0 0 1 0 1 1 0 0 1 0 0 1 1 0 0 1 0 0 0 0 0 0 1 0 0 0 1 0 0 0 1 0 1 1 0 0 0 1 0 1 1 1 1 0 0 1 1 1 1 0 1 0 0 0 0 1 1 1 0 1 0 1 1 0 26999.0 25024.0 24190.0 1 0.08737467574604933
1 1 1 0 1 0 1 1 0 0 1 0 0 1 1 0 0 1 1 0 1 1 1 0 1 1 0 1 1 1 0 1 1 0 0 1 0 0 1 0 1 1 0 0 1 0 0 1 0 0 0 1 0 0 0 0 0 0 1 0 0 0 1 0 0 1 1 0 0 1 0 1 0 0 1 1 1 1 1 0 1 0 0 1 1 0 1 0 0 0 0 1 1 1 0 1 0 1 1 0 27681.0 25324.0 24115.0 1 1000000000000000.4
1 1 1 0 1 0 1 1 0 0 1 0 0 1 1 0 1 0 1 0 0 1 0 0 1 0 1 0 0 1 0 1 1 1 0 0 1 0 1 0 0 1 0 0 0 0 1 1 1 1 0 1 1 1 0 1 1 1 0 0 0 1 1 0 0 0 0 1 1 1 0 0 0 0 0 0 1 0 0 0 0 0 1 1 0 1 1 1 1 0 0 1 1 0 1 1 1 1 0 1 25052.0 21833.0 28449.0 2 1000000000000000.1
1 1 1 0 1 1 1 1 1 0 1 0 0 1 0 0 1 0 0 1 0 1 0 0 1 0 1 0 0 1 0 1 0 1 0 0 1 0 1 1 0 1 1 0 1 1 0 0 1 1 0 1 1 1 0 0 0 1 1 0 0 1 1 0 1 0 1 0 0 1 1 0 0 0 0 1 1 1 0 0 0 0 1 1 0 0 0 1 1 0 0 0 0 0 0 0 1 1 0 1 23250.0 22428.0 27822.0 2 1000000000000000.2
0 0 0 1 0 1 0 1 1 1 0 1 1 0 1 1 1 0 0 1 0 0 0 1 0 1 0 1 1 0 1 0 1 1 0 1 0 0 0 1 0 1 0 0 0 0 1 1 1 1 0 1 1 1 0 0 1 1 0 0 0 0 1 0 0 0 1 1 0 1 1 1 0 0 0 1 1 1 0 0 1 1 1 1 0 0 0 1 1 0 0 1 1 1 1 0 0 0 0 0 25066.0 21797.0 27268.0 2 0.30258879423405693
1 1 1 1 1 0 1 0 0 0 0 0 0 1 1 0 0 1 1 0 1 0 0 1 0 1 0 1 1 0 1 0 1 1 0 1 0 0 1 1 0 1 1 0 1 1 0 0 1 1 1 0 1 1 0 1 0 1 1 1 0 1 1 0 1 0 0 1 0 1 0 0 0 1 0 0 0 1 0 0 1 1 1 1 0 0 0 1 1 0 0 0 1 1 1 0 0 0 0 0 25333.0 22746.0 27249.0 2 0.1796241547979729
0 0 0 1 0 1 0 0 1 1 0 1 1 0 1 1 1 1 0 1 0 0 0 1 0 1 0 1 1 0 1 0 1 1 0 1 0 0 0 1 0 1 0 0 1 0 1 1 1 1 0 1 1 1 0 0 1 1 0 0 0 1 1 0 0 0 0 0 1 1 0 0 0 0 0 1 1 1 1 0 0 1 1 1 1 0 1 0 0 0 0 1 1 1 0 1 0 1 1 0 25348.0 23675.0 27047.0 2 0.16340727800843538
1 1 1 0 1 0 1 1 0 0 1 0 0 1 1 0 1 0 1 0 0 0 0 0 0 0 1 1 0 1 0 1 0 1 0 0 1 0 1 1 0 1 1 0 1 1 0 0 1 1 1 0 1 1 0 1 0 1 1 1 0 1 1 0 0 1 1 1 0 1 0 0 0 1 0 0 0 1 0 0 1 1 1 1 0 0 0 1 1 0 0 1 1 1 1 0 0 0 1 0 26835.0 22403.0 26996.0 2 0.04897606506556247
1 1 1 0 1 0 1 1 0 0 1 0 0 1 1 0 0 1 1 0 1 1 1 0 1 0 0 1 1 1 0 1 1 0 0 1 0 0 1 0 1 1 0 0 1 0 0 1 1 1 0 0 1 1 0 0 1 1 0 0 0 0 1 0 0 0 1 1 0 1 1 1 0 0 0 1 1 1 0 0 1 1 1 1 0 0 0 1 1 0 0 1 0 1 1 0 0 0 0 0 25534.0 23699.0 26914.0 2 0.09310131243258568
1 1 1 0 1 0 1 1 0 0 1 0 0 1 0 0 1 1 0 1 1 1 0 0 1 0 1 0 0 1 0 1 0 1 0 0 1 0 1 1 0 1 1 0 1 1 0 0 1 1 0 1 1 1 0 0 1 1 0 1 0 0 1 0 0 0 1 1 0 1 0 0 1 0 0 0 0 1 0 0 1 1 1 1 0 0 0 1 1 0 0 1 1 1 1 0 0 0 0 0 25893.0 23112.0 26697.0 2 0.31856071177389017
1 1 1 0 1 0 1 1 0 0 1 0 0 1 1 0 1 0 1 0 0 0 0 0 0 1 1 1 0 0 1 1 1 1 0 0 0 0 0 0 1 1 1 1 1 1 0 0 1 1 1 0 1 1 0 0 0 0 1 0 0 0 1 0 0 1 1 0 0 1 0 1 0 0 1 1 1 1 1 0 1 0 0 1 1 1 0 0 1 0 0 1 1 1 1 0 0 1 0 1 26218.0 22983.0 26585.0 2 0.22983556240235414
1 1 1 0 1 0 1 1 0 0 1 0 0 1 1 0 1 0 1 0 0 0 0 0 0 0 1 1 0 1 0 1 0 1 0 0 1 0 1 1 0 1 1 0 1 1 0 0 1 1 1 0 1 1 0 1 0 1 1 0 0 1 0 0 0 0 1 0 1 1 0 0 0 1 0 1 1 1 1 0 0 1 1 1 1 0 1 0 0 0 0 1 1 1 0 1 0 1 1 0 26474.0 23774.0 26532.0 2 0.1760364618199876
1 1 1 0 1 0 1 1 0 0 1 0 0 1 1 0 0 1 1 0 1 1 1 0 1 0 0 1 1 1 0 1 1 0 0 1 0 0 1 0 1 1 0 0 1 0 0 1 1 0 0 1 0 0 0 1 0 1 1 0 0 1 1 0 1 0 1 1 0 1 0 0 1 1 0 0 0 1 0 0 1 0 1 0 0 0 0 1 1 0 0 1 1 1 1 0 0 0 1 1 26783.0 24065.0 26129.0 2 0.19742012968148132
1 1 1 0 1 0 1 1 0 0 1 0 0 1 1 0 1 0 1 0 0 0 0 0 0 0 1 1 0 1 0 1 0 1 0 1 0 0 0 1 0 1 0 0 0 0 1 1 1 1 0 1 0 1 0 0 0 1 0 1 1 0 0 1 0 1 1 1 0 1 0 0 0 1 0 0 1 1 0 0 1 1 1 0 0 0 0 1 1 0 0 1 1 1 1 0 0 0 1 1 26847.0 19952.0 26015.0 2 0.25338966125751394
1 1 1 1 1 0 1 0 0 0 1 0 0 1 1 0 0 1 1 0 1 0 0 0 0 1 1 1 0 1 1 1 1 0 0 0 1 0 0 1 0 0 0 0 0 0 1 1 1 1 0 1 0 1 0 0 0 1 0 1 1 0 1 1 0 1 1 1 0 1 0 0 0 1 0 0 0 1 0 0 1 1 1 0 0 0 0 1 1 0 0 1 1 1 1 0 0 0 0 1 27169.0 19891.0 25947.0 2 0.24296620951334524
0 1 1 0 0 1 1 1 0 0 1 0 0 1 0 0 1 1 0 1 0 0 0 0 0 0 1 1 0 1 0 1 0 1 0 0 1 0 1 1 0 1 1 0 1 1 0 0 1 1 1 0 1 1 0 1 0 1 1 1 0 1 1 0 0 1 1 1 0 1 0 0 0 1 0 0 0 1 0 0 1 1 1 1 0 0 0 1 1 0 0 1 1 1 1 0 0 0 1 0 26812.0 22563.0 25857.0 2 0.10984593680359851
1 1 1 0 1 0 1 1 0 0 1 0 0 1 1 0 0 1 1 0 1 1 1 0 1 0 0 1 1 1 0 1 1 0 0 1 0 0 1 0 1 1 0 0 0 0 1 1 1 1 0 1 1 1 0 0 1 1 0 0 0 0 1 0 0 0 1 1 0 1 0 0 0 1 0 0 0 1 0 0 1 1 1 1 0 0 0 1 1 0 0 1 1 1 1 0 0 0 0 0 24936.0 24563.0 25714.0 2 0.5196870177335255
1 1 1 0 1 0 1 1 0 0 1 0 0 1 1 0 1 0 1 0 0 0 0 0 0 0 1 1 0 1 0 1 0 1 0 0 1 0 1 1 0 1 1 0 1 1 0 0 1 1 1 0 1 1 0 0 1 1 0 0 0 0 1 0 0 0 1 0 0 1 0 1 0 0 1 1 1 1 1 0 1 0 0 0 0 1 1 1 1 0 0 0 1 1 0 0 1 1 1 1 27045.0 22330.0 25675.0 2 0.2923800251785874
0 1 1 1 0 0 1 0 0 1 1 0 0 1 0 0 0 1 1 0 1 1 1 0 1 0 0 1 1 1 0 1 1 0 0 1 0 0 1 0 1 1 0 0 1 0 0 1 1 0 0 1 0 0 0 0 0 0 1 0 0 0 1 0 0 0 1 0 0 1 0 1 0 0 1 1 1 1 1 0 1 0 0 0 1 1 1 1 1 0 0 0 1 1 0 0 1 1 1 1 26959.0 23854.0 24906.0 2 0.2593986171015659
1 1 1 0 1 0 1 1 0 0 1 0 0 1 1 0 0 1 1 0 1 1 1 0 0 0 0 1 1 1 0 1 1 0 0 1 0 0 1 0 1 1 0 0 1 0 1 1 1 0 0 1 0 0 0 0 0 1 1 0 0 1 1 0 1 0 1 1 0 1 0 0 1 1 0 1 0 1 0 0 0 1 0 0 0 0 0 0 1 0 0 1 1 1 1 0 0 1 0 0 25411.0 24215.0 24594.0 2 0.1742672090855428
1 1 1 1 1 0 1 0 0 0 1 0 0 1 1 0 0 1 1 0 1 0 0 0 0 1 1 1 0 1 1 1 0 0 0 0 1 0 0 0 0 0 0 0 0 0 1 1 1 1 0 1 0 1 0 0 0 1 0 1 1 0 1 1 0 1 1 1 0 1 0 0 0 1 0 0 0 1 0 0 1 1 1 0 0 0 0 1 1 0 0 1 1 1 0 0 0 0 1 1 27541.0 19329.0 24451.0 2 2000000000000000.0
1 1 1 0 1 0 1 1 0 0 1 0 0 1 1 0 0 1 1 0 1 1 0 0 1 0 1 0 0 1 0 0 1 0 0 1 0 0 1 0 1 1 0 0 1 0 0 1 1 0 0 1 0 0 0 0 0 0 1 0 1 0 1 0 0 0 1 0 0 1 0 0 0 0 1 1 1 0 0 1 1 1 0 1 0 0 1 1 1 0 0 1 1 1 0 1 0 1 1 0 27490.0 21069.0 24315.0 2 0.46100057601125
1 0 1 0 1 0 1 1 0 0 1 0 0 1 1 0 0 1 1 0 1 1 1 0 1 1 0 1 1 1 0 1 1 1 0 1 0 0 1 0 1 1 0 0 1 0 0 0 0 0 0 1 0 0 0 0 0 0 1 0 0 0 1 0 0 1 1 0 0 1 0 1 0 0 1 1 1 1 1 0 1 0 0 1 1 1 0 0 1 0 0 1 1 1 1 0 0 0 0 1 26512.0 24159.0 24201.0 2 0.20924136035861932
1 1 1 0 1 0 1 1 0 0 1 0 0 1 1 0 0 1 1 0 1 1 1 0 1 0 0 1 1 1 1 1 1 0 0 1 0 0 1 0 1 1 0 0 1 0 0 1 1 0 0 1 0 0 0 0 0 0 1 0 0 0 1 0 0 0 1 0 1 1 0 0 0 1 0 0 0 1 1 0 1 1 1 1 0 0 0 1 1 0 0 1 1 1 1 0 0 0 0 1 25393.0 24508.0 23684.0 2 0.2486373020546849
1 0 1 0 1 0 1 1 0 0 1 0 0 1 1 0 0 1 1 0 1 1 1 0 1 0 0 1 1 1 0 1 1 1 0 1 0 0 1 0 1 1 0 0 1 0 0 0 0 0 0 1 0 0 0 0 0 0 1 0 0 0 1 0 0 1 1 0 0 1 0 1 0 0 1 1 1 1 1 0 1 0 0 1 1 1 0 0 1 0 0 1 1 1 1 0 0 1 0 0 25531.0 24531.0 23187.0 2 0.17930300238605218
1 1 1 0 1 0 1 1 0 0 1 0 0 1 1 0 0 1 1 0 1 1 1 0 1 0 0 1 1 1 0 1 1 0 0 1 0 0 1 0 1 1 0 0 1 0 0 1 0 0 0 1 0 0 0 0 0 0 1 0 0 0 1 0 0 1 1 0 0 1 0 1 0 0 1 1 1 1 1 0 1 0 0 1 1 1 0 0 1 0 0 1 1 1 1 0 0 1 0 0 25630.0 24910.0 22879.0 2 1000000000000000.2
1 0 1 0 1 0 1 1 0 0 1 0 0 1 1 0 0 1 1 0 1 1 0 0 1 1 0 1 1 1 0 1 1 0 0 1 0 0 1 0 1 1 0 0 1 0 0 1 0 0 0 1 0 0 0 0 0 0 1 0 0 0 1 0 0 1 1 0 0 1 0 1 0 0 1 1 1 1 1 0 1 0 0 1 1 0 1 0 0 0 0 0 1 1 0 1 0 1 1 0 26880.0 23952.0 22731.0 2 1000000000000000.1
1 1 1 0 1 0 1 1 0 0 1 0 0 1 1 0 1 0 1 0 0 0 0 0 0 1 1 1 0 1 0 1 1 1 0 0 1 0 1 1 0 1 1 0 1 1 0 0 1 1 1 0 1 1 0 1 0 1 1 0 0 1 1 0 1 0 1 0 0 1 1 0 0 0 0 1 0 1 0 0 0 0 1 1 0 0 0 1 1 0 0 0 0 0 0 0 1 1 1 1 23703.0 21300.0 28112.0 3 1000000000000000.2
0 1 1 0 0 1 1 1 0 0 1 0 0 1 0 0 1 0 1 0 0 0 0 1 0 1 0 1 1 0 1 0 1 1 0 1 0 0 0 1 0 1 0 0 1 1 1 1 1 1 0 1 0 1 0 0 0 1 0 0 0 0 1 0 0 0 1 1 0 1 1 1 0 0 0 1 1 1 0 0 1 1 1 1 0 0 0 1 1 0 0 1 1 1 1 0 0 0 0 0 23870.0 20673.0 28028.0 3 1000000000000000.1
0 1 1 0 0 1 1 1 0 0 1 0 0 1 0 0 1 1 0 1 0 1 0 0 1 0 1 0 0 1 0 1 1 1 0 0 1 0 1 1 0 1 0 0 0 0 1 1 1 1 0 1 1 1 0 0 1 1 0 0 0 1 1 0 0 0 0 1 1 1 0 0 0 0 0 0 1 0 0 0 0 0 1 1 0 1 1 1 1 0 0 1 1 0 1 1 1 1 0 1 24881.0 21664.0 27823.0 3 0.23766808286291588
0 1 1 0 0 1 1 1 0 0 1 0 0 1 0 0 1 1 0 1 0 1 0 0 1 0 1 0 0 1 0 1 0 1 0 0 1 0 1 1 0 1 1 0 1 1 0 0 1 1 1 0 1 1 0 1 0 1 1 0 0 1 1 0 1 0 1 0 0 1 1 0 0 0 0 1 0 1 0 0 0 0 1 1 0 0 0 1 1 1 0 1 1 1 1 0 0 0 1 1 24997.0 21710.0 27631.0 3 0.1524751432284483
0 1 1 1 0 0 1 0 0 1 1 0 0 1 0 1 0 1 1 0 1 0 0 0 0 1 0 1 0 1 0 1 0 1 0 0 1 0 1 1 0 1 1 0 1 1 0 0 1 1 1 0 1 1 0 1 0 1 1 0 0 1 1 0 1 0 1 0 0 1 1 0 0 0 0 1 0 1 0 0 0 0 1 1 0 0 0 1 1 0 0 0 0 0 0 0 1 1 1 1 23246.0 21748.0 27588.0 3 1000000000000000.0
0 0 0 1 0 1 0 0 1 1 0 1 1 0 1 1 1 1 0 1 0 0 0 1 0 1 0 1 1 0 1 0 1 1 0 1 0 0 0 1 0 1 0 0 1 0 1 1 1 1 0 1 1 1 0 0 1 1 0 0 0 1 1 0 0 0 0 0 1 1 0 0 0 0 0 0 1 0 0 0 0 0 1 1 0 1 1 1 1 0 0 1 1 0 1 1 1 1 0 1 23330.0 21772.0 27372.0 3 0.29302306223171704
0 0 0 1 0 1 0 0 1 1 0 1 1 0 1 1 1 0 0 1 0 0 0 1 0 1 0 1 1 0 1 0 1 1 0 1 0 0 0 1 0 1 0 0 1 0 1 1 1 1 0 1 1 1 0 0 1 1 0 0 0 0 1 0 0 0 1 1 0 1 1 1 0 0 0 1 1 1 0 0 1 1 1 1 0 0 0 1 1 0 0 1 1 1 1 0 0 0 0 0 24538.0 21757.0 27221.0 3 0.24908119189409916
1 1 1 0 1 0 1 1 1 0 1 0 0 1 1 0 0 1 1 0 1 0 0 0 0 1 0 1 0 1 0 1 0 1 0 0 1 0 1 1 0 1 1 0 1 1 0 0 1 1 1 0 1 1 0 1 0 1 1 0 0 1 1 0 1 0 1 0 0 1 1 0 0 0 0 1 0 1 0 0 0 0 1 1 0 0 0 1 1 0 0 0 0 0 0 0 1 1 1 1 24712.0 22559.0 27078.0 3 0.14060279935210138
0 1 1 0 1 0 1 1 0 0 1 0 1 1 0 0 1 1 0 1 0 1 0 0 1 0 1 0 0 1 0 1 0 1 0 0 1 0 1 1 0 1 1 0 1 1 0 0 1 1 1 0 1 1 0 1 0 1 1 0 0 1 1 0 1 0 1 0 0 1 1 0 0 0 0 1 0 1 0 0 0 0 1 1 0 0 0 1 1 0 0 0 0 0 0 0 1 1 1 1 23968.0 22706.0 26991.0 3 0.31395743858361325
1 1 1 0 1 0 1 1 0 0 1 0 0 1 1 0 1 0 1 0 0 0 0 0 0 0 1 1 0 1 0 1 0 1 0 1 0 0 0 1 0 1 0 0 0 0 1 1 1 1 0 1 0 1 0 0 0 1 0 1 1 0 0 1 0 1 1 1 0 1 0 0 0 1 0 0 0 1 0 0 1 1 1 0 1 0 0 1 1 0 1 1 1 1 1 0 1 0 1 1 26562.0 20984.0 26881.0 3 0.3313167737161539
1 1 0 1 1 0 1 1 0 0 1 0 0 1 1 0 0 1 1 0 1 1 1 0 1 0 0 1 1 0 0 1 1 0 1 1 0 0 0 1 0 1 1 0 0 0 1 1 0 1 0 1 1 1 0 0 1 1 0 1 0 0 1 0 0 0 1 1 0 1 0 0 0 1 0 0 0 1 0 0 1 1 1 1 0 0 0 1 1 0 0 1 1 1 1 0 0 0 0 0 24700.0 23402.0 26435.0 3 0.2110998319158106
0 1 1 0 0 1 1 1 0 0 1 0 0 1 0 0 1 1 0 1 0 1 0 0 1 0 1 0 0 1 0 1 0 1 0 0 1 0 1 1 0 1 1 0 1 1 0 0 1 1 1 0 1 1 0 1 0 1 1 0 0 1 1 0 1 0 1 1 0 1 0 0 0 1 0 0 0 1 0 0 1 1 1 0 0 0 0 1 1 0 0 1 1 1 1 0 0 0 0 1 25739.0 22094.0 26282.0 3 0.23426730899902132
0 1 1 0 0 1 1 1 0 0 1 0 0 1 0 0 1 1 0 1 0 1 0 0 1 0 1 0 0 1 0 1 0 1 0 0 1 0 1 1 0 1 1 0 1 1 0 0 1 1 1 0 1 1 0 1 0 1 1 0 0 1 1 0 1 0 1 1 0 1 0 0 0 1 0 0 0 1 0 0 1 1 1 1 0 0 0 1 1 0 0 1 1 1 1 0 0 0 0 0 25173.0 22955.0 26272.0 3 0.23677622156089095
0 1 1 0 0 1 1 1 0 0 1 0 0 1 0 0 1 1 0 1 0 1 0 0 1 0 1 0 0 1 0 1 1 1 0 0 1 0 1 1 0 1 1 0 1 1 0 0 1 1 1 0 1 1 1 1 0 1 1 0 0 0 1 0 0 0 1 1 0 1 0 0 0 1 0 0 0 1 0 0 1 1 1 1 0 0 0 1 1 0 0 1 1 1 1 0 0 0 0 1 25411.0 22509.0 26270.0 3 0.1160142245936248
1 1 1 0 1 0 1 1 0 0 1 0 0 1 0 0 1 1 0 1 0 1 0 0 1 0 1 0 0 1 0 1 0 1 0 0 1 0 1 1 0 1 1 0 1 1 0 0 1 1 0 1 1 1 0 0 1 1 0 1 0 0 1 0 0 0 1 1 0 1 0 0 1 1 0 0 0 1 0 0 1 1 1 1 0 0 0 1 1 0 0 1 1 1 1 0 0 0 0 0 25925.0 23508.0 26264.0 3 0.21762956187057658
1 1 1 0 1 1 1 1 1 0 1 0 0 1 0 0 1 1 0 1 0 1 0 0 1 0 1 0 0 1 0 1 0 1 0 0 1 0 1 1 0 1 1 0 1 1 0 0 1 1 1 0 1 1 0 1 0 1 1 0 0 1 1 0 0 0 1 0 0 1 0 0 0 1 0 0 0 1 0 0 1 1 1 1 0 0 0 1 1 0 0 1 1 1 1 0 0 0 0 0 25290.0 23607.0 26251.0 3 0.1303808060321311
1 1 1 0 1 0 1 1 0 0 1 0 0 1 1 0 0 1 1 0 1 1 1 0 1 0 0 1 1 1 0 1 1 0 0 1 0 0 1 0 1 1 0 0 1 0 0 1 1 0 0 1 0 0 0 0 0 1 1 0 0 1 1 0 1 0 1 1 0 1 0 0 1 1 0 0 0 1 0 0 1 0 1 0 0 0 0 1 1 0 0 1 1 1 1 0 0 0 1 1 26328.0 23683.0 26106.0 3 0.2481339325941977
0 0 0 1 0 1 0 0 1 1 0 1 1 0 1 1 1 0 0 1 0 0 0 0 0 1 1 1 0 1 0 1 0 1 0 1 0 0 0 1 0 1 0 0 0 0 1 1 1 1 0 1 0 1 0 0 0 1 0 1 1 0 0 1 0 1 1 1 0 1 0 0 0 1 0 0 0 1 0 0 1 1 1 0 1 0 0 1 1 0 1 1 1 1 1 0 1 0 1 1 26598.0 21189.0 26052.0 3 0.16976004431423847
0 1 1 1 0 0 1 0 0 1 1 0 0 1 0 1 0 1 1 0 0 0 1 1 0 1 0 0 1 0 0 1 1 0 0 1 0 0 0 0 1 1 1 1 1 1 0 0 1 1 1 0 1 1 0 1 0 1 1 0 0 1 1 0 1 0 1 1 0 1 0 0 1 1 0 0 0 1 0 0 1 1 0 0 0 0 0 0 1 0 0 1 1 1 1 0 0 1 0 0 23924.0 23730.0 25808.0 3 0.19266970937832142
0 1 1 0 0 1 1 1 0 0 1 0 0 1 0 0 1 1 0 1 0 0 0 0 1 0 1 0 0 1 0 1 0 1 0 0 1 0 1 1 0 1 1 0 1 1 0 1 1 1 0 1 1 1 0 0 1 1 0 1 0 0 1 0 0 0 1 1 0 1 0 0 1 1 0 0 0 1 0 0 1 1 1 0 0 0 0 1 1 0 0 1 1 1 1 0 0 0 1 1 26949.0 22262.0 25545.0 3 1000000000000000.2
1 1 1 0 1 0 1 1 0 0 1 0 0 1 1 0 0 1 1 0 0 1 1 0 1 0 0 1 1 1 0 1 1 0 0 1 0 0 1 0 1 0 0 0 0 0 1 1 1 1 0 1 1 1 0 0 1 1 0 1 1 0 1 0 1 0 0 1 0 0 0 1 0 0 0 1 1 0 0 1 0 0 1 1 0 1 0 0 0 0 0 1 1 1 0 1 0 1 1 0 26763.0 22449.0 25281.0 3 0.23914370371167823
1 1 1 0 1 0 1 1 0 0 1 0 0 1 1 0 0 1 1 0 1 1 1 0 1 0 0 1 1 1 0 1 1 0 0 1 0 0 1 0 1 1 0 0 1 0 0 1 0 0 0 1 0 0 0 0 0 0 1 0 0 0 1 0 0 1 1 0 0 1 0 1 0 0 1 1 1 0 0 0 1 1 0 1 0 0 1 1 1 0 0 1 1 0 1 1 1 1 0 1 26639.0 23892.0 24953.0 3 0.18413676161661566
1 1 1 0 1 0 1 1 0 0 1 0 0 1 1 0 0 1 1 0 1 1 1 0 1 0 0 1 1 1 0 1 1 0 0 1 0 0 1 0 1 1 0 0 0 0 1 1 1 1 0 1 1 1 0 0 1 1 0 0 0 0 1 0 0 0 1 1 0 1 0 0 0 1 0 0 0 1 0 0 1 1 1 1 0 0 0 1 1 0 0 0 1 1 1 0 0 0 0 0 24629.0 24291.0 24902.0 3 0.16650636096483148
1 1 1 0 1 0 1 1 1 0 1 0 0 1 1 0 0 1 1 0 1 0 0 0 0 1 0 1 0 1 0 1 0 1 0 0 1 0 1 1 0 1 0 0 0 0 1 1 0 1 0 1 1 1 0 0 1 1 0 0 0 0 1 0 0 0 1 1 0 1 0 0 0 1 0 0 0 1 0 0 1 1 1 1 0 0 0 1 1 0 0 1 1 1 0 1 0 1 1 0 26803.0 23290.0 24837.0 3 0.24794817148548215
1 1 1 0 1 0 1 1 0 0 1 0 0 1 1 0 0 1 1 0 1 1 1 0 0 0 0 1 1 1 1 1 1 0 1 1 0 0 0 1 0 0 0 1 0 1 1 1 0 1 0 1 0 1 0 0 0 0 0 1 0 0 1 1 1 0 1 0 0 0 0 0 0 0 1 1 1 0 0 0 1 1 0 1 0 0 0 0 0 0 1 0 1 1 0 1 1 1 0 1 25671.0 23944.0 24540.0 3 0.4659533096247074
1 0 1 0 1 0 1 1 0 0 1 0 0 1 1 0 0 1 1 0 1 1 1 0 1 0 0 1 1 1 0 1 1 1 0 1 0 0 1 0 1 1 0 0 1 1 0 0 0 0 0 1 0 0 0 1 0 1 1 0 0 1 1 0 1 0 1 1 0 1 0 0 1 1 0 0 0 1 0 0 1 1 0 0 0 0 0 0 1 0 0 1 1 1 1 0 0 1 0 0 24841.0 24440.0 23594.0 3 1000000000000000.2
1 1 1 0 1 0 1 1 0 0 1 0 0 1 1 0 0 1 1 0 1 1 1 0 1 0 0 1 1 1 0 1 1 0 0 1 0 0 1 0 1 1 0 0 1 0 0 1 1 0 0 1 0 0 0 0 0 1 1 0 0 1 1 0 1 0 1 1 0 1 0 0 1 1 0 0 0 1 0 0 1 1 0 0 0 0 0 0 1 0 0 1 1 1 1 0 0 1 0 0 25356.0 24311.0 23533.0 3 1000000000000000.1
1 1 1 0 1 0 1 1 0 0 1 0 0 1 1 0 1 0 1 0 0 0 0 0 0 1 1 1 0 1 0 1 0 1 0 1 0 0 0 1 0 1 0 0 0 0 1 1 1 1 0 1 0 1 0 0 0 1 0 1 1 0 0 1 0 1 1 1 0 1 0 0 0 1 0 0 0 1 0 0 1 1 1 0 0 0 0 0 1 0 0 1 1 1 1 0 0 0 1 1 26642.0 19574.0 25105.0 4 2000000000000000.0
1 1 1 0 1 0 1 1 0 0 1 0 0 1 1 0 0 1 1 0 1 1 1 0 1 0 0 1 1 1 0 1 1 0 0 1 0 0 1 0 1 1 0 0 1 0 0 0 0 0 0 1 0 0 0 0 0 0 1 0 0 0 1 0 0 1 1 0 0 1 0 1 0 0 1 1 1 1 1 0 1 0 0 1 1 1 0 0 1 0 0 1 1 1 1 0 0 1 0 0 25079.0 24186.0 22712.0 4 2000000000000000.0
1 1 1 0 1 0 1 1 0 0 1 0 0 1 1 0 1 0 1 0 0 0 0 0 0 1 1 1 0 1 0 1 1 1 0 0 1 0 1 1 0 1 1 0 1 1 0 0 1 1 1 0 1 1 0 1 0 1 1 0 0 1 1 0 1 0 1 0 0 1 1 0 0 0 0 1 0 1 0 0 0 0 1 1 0 0 0 1 1 0 0 0 0 0 0 0 1 0 1 1 23243.0 20785.0 27718.0 4 1000000000000000.4
0 0 0 1 0 1 0 1 1 1 0 1 1 0 1 1 1 0 0 1 0 0 0 1 0 1 0 1 1 0 1 0 1 1 0 1 0 0 0 1 0 1 0 0 0 0 1 1 1 1 0 1 1 1 0 0 1 1 0 0 0 1 1 0 0 0 0 0 1 1 0 0 0 0 0 0 1 0 0 0 0 0 1 1 0 1 1 1 1 0 0 1 1 0 1 1 1 1 0 1 22986.0 20938.0 27149.0 4 1000000000000000.1
1 1 1 0 1 0 1 1 1 0 1 0 0 1 1 0 0 1 1 0 1 1 0 0 0 1 0 1 0 1 0 1 0 1 0 0 1 0 1 1 0 1 0 0 0 0 1 1 0 1 0 1 1 1 0 0 1 1 0 0 0 0 1 0 0 0 1 1 0 1 0 0 0 1 0 0 0 1 0 0 1 1 1 0 0 0 0 1 1 0 0 1 1 1 1 0 0 0 1 1 26472.0 21790.0 25245.0 4 0.3720370960913382
1 1 1 0 1 0 1 1 0 0 1 0 0 1 1 0 1 0 1 0 0 0 0 0 0 0 1 1 0 1 0 1 0 1 0 0 1 0 1 1 0 1 1 0 1 1 0 0 1 1 1 0 1 1 0 1 0 1 1 0 0 1 1 0 1 0 1 0 0 1 1 0 0 1 0 0 0 1 0 0 1 1 1 1 0 0 0 1 1 0 0 1 1 1 1 0 0 0 0 0 24220.0 22865.0 26056.0 4 0.34731159324370636
0 0 0 1 0 1 0 0 1 1 0 1 1 0 1 1 1 0 0 1 0 0 0 1 0 1 0 1 1 0 1 0 1 1 0 1 0 0 0 1 0 1 0 0 1 0 1 1 1 1 0 1 0 1 0 0 0 1 0 1 1 0 0 1 0 1 1 1 0 1 0 0 0 1 0 0 0 1 0 0 1 1 1 0 0 0 0 1 1 0 0 1 1 1 1 0 0 1 1 1 26130.0 19953.0 25995.0 4 0.32847388233934244
