1 0 1 1 1 0 1 1 1 0 1 0 0 1 0 0 1 1 1 0 0 1 0 0 1 1 0 1 1 1 1 1 1 1 0 1 1 1 0 0 0 1 1 0 1 1 1 1 1 1 0 1 0 1 0 0 0 1 1 0 0 1 1 1 0 0 1 0 0 1 0 1 0 0 1 1 1 0 1 1 1 0 1 1 1 1 1 1 1 0 0 1 0 1 1 1 0 1 0 0 32724.0 29231.0 35988.0 0 1000000000000000.1
1 0 1 1 1 0 1 1 1 0 1 0 0 1 0 0 1 1 1 0 0 1 0 1 0 1 0 1 1 1 1 1 1 1 0 1 0 0 0 0 0 1 1 1 1 1 1 1 1 1 0 1 1 1 0 0 0 1 1 0 0 1 1 0 0 0 1 1 0 1 1 0 0 0 1 1 1 1 1 1 1 0 1 1 1 1 0 1 1 0 0 1 0 1 1 1 0 0 0 0 31039.0 29617.0 35826.0 0 0.18534938268566048
1 0 1 1 1 0 1 1 1 0 1 0 0 1 0 0 1 1 1 0 0 0 0 1 1 1 1 1 1 1 1 1 1 1 0 1 0 0 0 0 0 1 1 1 1 1 1 1 1 1 0 1 0 1 0 0 0 1 1 0 0 1 1 0 0 0 1 1 0 1 1 0 0 0 1 1 1 1 1 1 1 0 1 1 1 1 0 1 1 0 0 1 0 1 1 1 0 0 0 0 31878.0 29535.0 35624.0 0 0.18035094435426519
1 0 1 0 1 1 1 1 1 0 1 0 0 1 0 0 1 1 1 0 0 1 0 0 1 1 0 1 1 1 1 1 1 1 0 1 1 1 0 0 0 1 1 0 1 1 1 1 1 1 0 1 0 1 0 0 0 1 1 0 0 1 1 1 0 0 1 0 0 1 0 1 0 0 1 1 1 1 1 1 1 0 1 1 1 1 0 1 1 0 0 1 0 1 1 1 0 1 0 0 32056.0 29360.0 35443.0 0 0.13803170915670812
1 0 1 1 1 0 1 1 1 0 1 0 0 1 0 0 1 1 1 0 0 1 0 0 1 1 0 1 1 1 1 1 1 1 0 1 1 1 0 0 0 1 1 0 1 1 1 1 1 1 0 1 0 1 0 0 0 1 1 0 0 1 1 1 0 0 1 0 0 1 0 1 0 0 1 1 1 0 1 1 1 0 1 1 1 1 0 1 1 0 0 1 1 1 1 1 0 1 0 0 33054.0 29213.0 35360.0 0 0.36226590566004857
1 0 1 1 1 0 1 1 1 0 1 1 0 1 0 0 1 1 1 0 0 0 0 1 0 1 1 1 1 1 1 1 1 1 0 1 0 0 0 0 0 1 1 1 1 1 1 1 1 1 0 1 0 1 0 0 0 1 1 0 0 1 1 0 0 0 1 1 0 1 1 0 0 0 1 1 1 1 1 1 1 0 1 1 1 1 0 1 1 0 0 1 0 1 1 1 0 0 0 0 31644.0 29638.0 35195.0 0 0.08516383804320002
1 0 1 1 1 0 1 1 1 0 1 0 0 1 0 1 0 1 1 0 0 0 0 0 0 1 1 1 1 1 1 1 1 1 0 1 0 0 0 1 0 1 1 1 1 1 1 1 1 1 0 1 1 1 0 0 0 1 1 0 0 1 1 0 0 0 1 1 0 1 0 0 0 0 1 1 1 1 1 1 1 1 1 1 1 1 0 1 1 0 0 1 0 1 1 1 0 0 0 0 32065.0 30080.0 35160.0 0 0.1185957952508975
1 0 1 1 1 0 1 1 1 0 1 0 0 1 0 0 1 1 1 0 0 0 0 1 0 1 1 1 1 1 1 1 1 1 0 1 0 0 0 1 0 1 1 1 1 1 1 1 1 1 0 1 0 1 0 0 0 0 1 0 0 0 1 1 0 0 1 1 0 1 1 0 0 0 1 1 1 1 1 1 1 0 1 1 1 1 0 1 1 0 0 1 0 1 1 1 0 0 0 0 32216.0 29326.0 35019.0 0 0.13273725682425738
1 0 1 1 1 1 1 1 1 0 1 0 0 1 0 0 1 1 1 0 0 0 0 1 0 1 1 1 1 1 1 1 1 1 0 1 0 0 0 1 0 1 1 1 1 1 1 1 1 1 0 1 0 1 0 0 0 0 1 0 1 0 1 1 0 0 1 0 0 1 0 0 1 0 1 1 1 1 1 1 1 0 1 1 1 1 0 1 1 0 0 1 0 1 1 1 0 0 0 0 32393.0 29659.0 34870.0 0 0.1372293492469519
1 0 1 1 1 0 1 1 1 0 1 1 0 1 0 0 1 1 1 0 0 0 0 1 0 1 1 1 1 1 1 1 1 1 0 1 0 0 0 0 0 1 1 1 1 1 1 1 1 1 0 1 0 1 0 0 0 1 1 0 0 1 1 0 0 0 1 0 0 1 0 0 1 0 1 1 1 1 1 1 1 0 1 1 1 1 0 1 1 0 0 1 0 1 1 1 0 1 0 0 31424.0 30288.0 34861.0 0 0.10984339097789557
1 0 1 1 1 0 1 1 1 0 1 0 0 1 0 1 1 1 1 1 1 0 0 0 1 1 0 1 1 1 1 1 1 1 0 1 0 1 1 0 0 1 1 0 1 1 1 1 1 1 0 1 0 1 0 0 0 0 1 0 0 0 1 1 0 0 1 1 0 1 1 0 0 0 1 1 1 1 1 1 1 0 1 1 0 1 0 1 1 0 1 1 0 1 1 1 0 0 0 0 33068.0 30267.0 34829.0 0 0.07292831512782275
1 0 1 1 1 0 1 1 1 0 1 0 0 1 0 0 1 1 1 0 0 0 0 1 1 1 1 1 1 1 1 1 1 1 0 1 0 0 0 1 0 1 1 0 1 1 1 1 1 0 0 1 0 1 0 0 0 1 1 0 0 1 1 0 0 0 1 1 0 1 0 0 0 0 1 1 1 1 1 1 1 0 1 1 0 0 1 1 1 0 0 0 1 1 0 1 1 1 1 0 33134.0 28083.0 34662.0 0 1000000000000000.0
1 0 1 1 1 0 1 1 1 0 1 0 0 1 0 1 0 1 0 0 0 0 0 0 1 1 1 1 1 1 1 1 1 1 0 1 0 0 0 1 0 1 1 1 1 1 1 1 1 1 0 1 0 1 0 0 0 1 1 0 0 1 1 0 0 0 1 1 0 1 0 0 0 0 1 1 1 1 1 1 1 1 1 1 1 1 0 1 1 1 0 1 0 1 1 1 0 0 0 0 32515.0 30291.0 34622.0 0 0.0898019191023729
1 0 1 1 1 0 1 1 1 0 1 0 0 1 0 0 1 1 1 0 0 0 0 1 1 1 1 1 1 1 1 1 1 1 0 1 1 0 0 0 0 1 1 0 1 1 1 1 1 1 0 1 0 1 0 0 0 1 1 0 1 0 1 1 0 0 1 0 0 1 0 0 1 1 1 1 1 1 0 1 1 1 0 1 0 0 1 1 1 0 0 0 1 1 1 1 1 0 0 1 35094.0 29912.0 34519.0 0 1000000000000000.1
1 0 1 1 1 0 1 1 1 0 1 1 0 1 0 0 1 1 1 0 0 0 0 1 0 1 1 1 1 1 1 1 1 1 0 1 0 0 0 1 0 1 1 1 1 1 1 1 1 1 0 1 0 1 0 0 0 1 1 0 0 1 1 0 0 0 1 0 0 1 1 0 1 0 0 1 1 1 1 1 1 0 0 1 1 1 0 1 1 0 0 1 0 1 1 1 0 1 0 0 30852.0 30333.0 34244.0 0 0.14787147961468916
1 0 1 0 1 1 1 1 1 0 1 0 0 1 0 1 1 1 1 1 1 0 0 0 1 1 0 1 1 1 1 1 0 1 0 1 0 0 0 0 0 1 1 1 1 1 1 1 1 1 0 1 0 1 0 0 0 1 1 0 0 1 1 0 0 0 1 0 0 1 0 0 1 0 1 1 1 1 1 1 1 0 1 1 1 1 0 1 1 0 0 1 0 1 1 1 0 1 0 0 31455.0 31193.0 34154.0 0 0.11873725039125507
1 0 1 1 1 0 1 1 1 0 1 0 0 1 0 0 1 1 1 0 0 0 0 0 1 1 1 1 1 1 1 1 1 1 0 1 0 0 1 1 0 1 1 1 1 1 1 1 1 1 1 1 0 1 0 0 0 1 1 0 0 0 1 1 0 0 1 0 0 1 0 0 1 0 1 1 1 1 0 1 1 0 0 1 0 0 1 1 1 0 0 0 1 1 0 1 1 1 1 0 33111.0 30176.0 33859.0 0 0.11994344596479785
1 0 1 1 1 0 1 1 1 0 1 0 0 1 0 1 0 1 1 0 0 0 0 0 1 1 1 1 1 1 1 1 1 1 0 1 0 0 1 1 0 1 1 1 1 1 1 1 1 1 1 1 0 1 0 0 0 1 1 0 0 0 1 1 0 0 1 0 0 1 0 0 1 0 1 1 1 1 0 1 1 0 0 1 0 0 1 1 1 0 0 0 1 1 0 1 1 1 1 0 33415.0 30874.0 33790.0 0 0.15094730712242643
1 0 1 1 1 0 1 1 1 0 1 0 0 1 1 1 0 1 1 0 1 0 0 0 1 0 0 1 1 1 1 1 1 1 0 1 0 0 0 0 0 1 1 1 1 1 1 1 1 1 0 1 0 1 0 0 0 1 1 0 0 1 1 1 0 0 1 0 0 1 0 1 0 0 1 1 1 1 1 1 1 0 1 1 1 1 0 0 1 0 0 1 0 1 1 1 0 1 0 0 31820.0 31078.0 33560.0 0 0.1273246401062184
1 0 1 0 1 1 1 1 1 0 1 0 0 1 1 1 0 1 1 0 1 0 0 0 1 0 0 1 1 1 1 1 1 1 0 1 1 0 0 0 0 1 1 0 1 1 1 1 1 1 0 1 0 1 0 0 0 1 1 0 0 1 1 1 0 0 1 0 0 1 0 1 0 0 1 1 1 1 1 1 1 0 0 1 0 0 1 1 1 0 0 0 1 1 1 1 1 1 0 1 33438.0 30667.0 33418.0 0 0.24456285081624018
1 0 1 1 1 0 1 1 1 0 1 0 0 1 0 1 0 1 1 0 0 0 0 0 0 1 1 1 1 1 1 1 1 1 0 1 0 0 0 1 0 1 1 1 1 1 1 1 1 1 0 1 1 1 0 0 0 1 1 0 0 1 1 0 0 0 1 1 0 1 0 0 0 0 1 1 1 1 1 1 1 0 0 1 1 1 1 0 0 0 0 1 1 1 0 1 1 1 0 0 32160.0 30964.0 33155.0 0 0.1335603267337409
1 0 1 1 1 1 1 1 1 0 1 0 0 1 0 1 0 1 1 1 1 0 0 0 1 1 0 1 1 1 1 1 1 1 0 1 0 1 1 0 0 1 1 0 1 1 1 1 1 1 1 1 0 1 0 0 0 1 1 0 0 1 1 0 0 0 1 0 0 1 1 0 1 0 0 1 1 1 1 1 1 0 0 1 1 0 0 0 1 0 0 1 0 1 1 1 0 1 0 0 30820.0 31698.0 33073.0 0 1000000000000000.1
1 0 1 1 1 0 1 1 1 0 1 0 0 1 0 1 0 1 1 0 0 0 0 0 1 1 1 1 1 1 1 1 1 1 0 1 0 0 1 1 0 1 1 1 1 1 1 1 1 1 0 1 0 1 0 0 0 1 1 0 1 0 1 1 0 0 1 0 0 1 0 0 1 1 1 1 1 1 0 1 1 1 0 1 0 0 0 1 1 0 0 0 1 1 0 1 1 0 0 1 34169.0 30726.0 32997.0 0 0.25760143580994316
1 0 1 1 1 0 1 1 1 0 1 0 0 1 0 0 1 1 1 0 0 0 0 1 1 1 1 1 1 1 1 1 1 1 0 1 0 0 1 0 0 1 1 1 1 1 1 1 1 1 0 1 0 1 0 0 0 0 1 0 1 0 1 0 0 0 1 0 0 1 1 0 0 0 1 1 1 1 1 1 1 0 0 1 1 1 1 0 0 0 0 0 1 1 1 1 1 1 0 1 32923.0 31131.0 32362.0 0 0.24794693984265903
1 0 1 1 1 0 1 1 1 0 1 0 0 1 0 0 1 1 1 0 0 0 1 1 0 1 1 1 1 1 1 1 0 1 0 1 1 0 0 0 0 1 1 0 1 1 1 1 1 1 0 1 0 1 0 0 0 1 1 0 0 0 1 1 0 0 1 0 0 1 0 1 0 0 1 1 1 1 1 1 1 0 0 1 1 1 1 0 0 0 0 1 1 1 0 1 1 1 0 0 33186.0 30904.0 31926.0 0 0.1601547290168466
1 0 1 1 1 0 1 1 1 0 1 0 0 1 1 1 0 1 1 0 1 0 0 0 1 0 0 1 1 1 0 1 1 1 0 1 0 0 1 0 0 1 1 1 1 1 1 1 1 1 0 1 0 1 0 0 0 0 1 0 1 0 1 0 0 0 1 0 0 1 1 0 0 0 1 1 1 1 1 1 1 0 1 1 1 1 0 1 1 0 0 1 0 1 1 1 0 1 0 0 30988.0 31289.0 31907.0 0 0.04816011026300823
1 0 1 1 1 0 1 1 1 0 1 0 0 1 1 1 0 1 1 0 1 0 0 0 1 0 0 1 1 1 0 1 1 1 0 1 0 0 1 0 0 1 1 1 1 1 1 1 1 1 0 1 0 1 0 0 0 0 1 0 1 0 1 0 0 0 1 0 0 1 0 1 0 0 1 1 1 1 1 1 1 0 1 1 1 1 0 1 1 0 0 1 0 1 1 1 0 1 0 0 31503.0 31288.0 31876.0 0 0.09631310005735402
1 0 1 1 1 0 1 1 1 0 1 0 0 1 0 1 0 1 1 1 1 0 0 0 1 1 0 1 1 1 1 1 1 1 0 1 0 1 1 0 0 1 0 0 1 1 1 1 1 1 1 1 0 1 0 0 0 1 1 0 0 1 1 0 0 0 1 0 0 1 1 0 1 0 0 1 1 1 1 0 1 0 0 1 1 0 0 0 1 0 0 0 1 1 1 1 1 1 0 1 30981.0 31874.0 31730.0 0 0.1646300510020507
1 0 1 1 1 0 1 1 1 0 1 0 0 1 1 1 0 1 1 0 1 0 0 0 1 0 0 1 1 1 0 1 1 1 0 1 0 0 1 0 0 1 1 0 1 1 1 1 1 1 0 1 1 1 0 0 0 1 1 0 0 0 1 0 0 0 1 0 0 1 0 1 0 1 0 1 1 1 1 1 1 0 0 1 0 0 1 1 1 0 0 0 1 1 1 1 1 1 0 1 31687.0 31394.0 31366.0 0 0.16372229905939348
1 0 1 1 1 0 1 1 1 0 1 0 0 1 0 1 0 1 1 0 0 0 0 0 1 1 1 1 1 1 1 1 1 1 0 1 0 0 1 1 0 1 1 1 1 1 1 1 1 1 0 1 0 1 0 0 0 0 1 0 1 0 1 0 0 0 0 0 0 1 1 0 0 0 1 1 1 1 1 1 1 0 0 1 1 1 1 0 0 0 1 1 1 1 0 1 1 1 0 0 32401.0 31550.0 31260.0 0 0.1362713973120236
1 0 1 1 1 0 1 1 1 0 1 0 0 1 0 1 0 1 1 1 1 0 0 0 1 1 0 1 1 1 1 1 1 1 0 1 0 1 1 0 0 1 1 0 1 1 1 1 1 1 1 1 0 1 0 0 0 0 1 0 1 0 1 0 0 0 1 0 0 1 1 0 0 0 1 1 1 1 1 1 1 0 0 1 1 1 1 0 0 0 0 1 1 1 0 1 1 1 0 0 32801.0 31906.0 31124.0 0 0.13046801529537114
1 0 1 1 1 0 1 1 1 0 1 0 0 1 1 1 0 1 1 0 1 0 0 0 1 0 0 1 1 1 0 1 1 1 0 1 0 0 1 0 0 1 1 1 1 1 1 1 1 1 0 1 0 1 0 0 0 0 1 0 1 0 1 0 0 0 1 0 0 1 0 1 0 0 1 1 1 1 1 1 1 1 0 1 0 1 1 1 1 0 0 0 1 1 0 1 1 0 1 1 33944.0 31114.0 30878.0 0 0.2660524769501486
1 0 1 0 1 0 1 1 1 0 1 0 0 1 1 1 0 1 1 0 1 0 0 0 1 0 1 1 1 1 0 1 1 1 0 1 0 0 1 0 0 1 1 1 1 1 1 1 1 1 0 1 0 1 0 0 0 0 1 0 1 0 1 0 0 0 1 0 0 1 0 1 0 0 1 1 1 1 1 1 1 1 0 1 0 1 1 1 1 0 0 0 1 1 0 1 1 0 1 1 34343.0 30500.0 30606.0 0 0.4717894341844581
1 0 1 1 1 0 1 1 1 0 1 0 0 1 1 1 0 1 1 0 1 0 0 0 1 0 0 1 1 1 0 1 1 1 0 1 0 0 1 0 1 1 1 1 1 1 1 1 1 1 0 1 0 1 0 0 0 0 1 0 1 0 1 0 0 0 1 0 0 1 1 0 0 0 1 1 1 1 1 1 1 0 0 1 1 1 1 0 0 0 0 1 1 1 0 1 1 1 0 0 31746.0 32052.0 29792.0 0 1000000000000000.1
1 0 1 0 1 0 1 1 1 0 1 0 0 1 1 1 0 1 1 0 1 0 0 0 1 0 1 1 1 1 0 1 1 1 0 1 1 0 1 0 0 1 1 1 1 1 1 1 1 1 0 1 0 1 0 0 0 0 1 0 1 0 1 0 0 0 1 0 0 1 1 0 0 0 1 1 1 1 1 1 1 0 0 1 1 1 1 0 0 0 0 1 1 1 0 1 1 1 0 0 32485.0 31968.0 29645.0 0 1000000000000000.1
1 0 1 1 1 0 1 1 1 0 1 0 0 1 0 0 1 1 1 0 0 1 0 0 1 1 0 1 1 1 1 1 1 1 0 1 1 1 0 0 0 1 1 0 1 1 1 1 1 1 0 1 0 1 0 0 0 1 1 0 0 1 1 1 0 0 1 0 0 1 0 1 0 0 1 1 1 0 1 1 1 0 1 1 1 1 1 1 1 0 0 1 0 1 1 1 0 0 0 0 32264.0 28716.0 35594.0 1 1000000000000000.1
1 0 1 1 1 1 1 1 1 0 1 0 0 1 0 0 1 1 1 0 0 0 0 1 0 1 1 1 1 1 1 1 1 1 0 1 0 0 0 0 0 1 1 1 1 1 1 1 1 1 0 1 0 1 0 0 0 1 1 0 0 1 1 0 0 0 1 1 0 1 1 0 0 0 1 1 1 1 1 1 1 0 1 1 1 1 0 1 1 0 0 1 0 1 1 1 0 0 0 0 31547.0 29433.0 35525.0 1 0.08772548185920606
1 0 1 1 1 0 1 1 1 0 1 0 0 1 0 0 1 1 1 0 0 0 0 1 1 1 1 1 1 1 1 1 1 1 0 1 0 0 0 1 0 1 1 0 1 1 1 1 1 0 0 1 0 1 0 0 0 1 1 0 0 1 1 0 0 0 1 1 0 1 1 0 0 0 1 1 1 1 1 1 1 0 1 1 0 1 0 1 1 0 1 1 0 1 1 1 0 0 1 0 32439.0 27269.0 35509.0 1 1000000000000000.0
1 0 1 0 1 1 1 1 1 0 1 0 0 1 0 0 1 1 1 0 0 1 0 0 1 1 0 1 1 1 1 1 1 1 0 1 1 0 0 0 0 1 1 0 1 1 1 1 1 1 0 1 0 1 0 0 0 1 1 0 0 1 1 1 0 0 1 0 0 1 0 1 0 0 1 1 1 1 1 1 1 0 1 1 1 1 0 1 1 0 0 1 0 1 1 1 0 1 0 0 32035.0 29353.0 35257.0 1 0.1329465542039109
1 0 1 1 1 0 1 1 1 0 1 1 0 1 0 0 1 1 1 0 0 0 0 1 0 1 1 1 1 1 1 1 1 1 0 1 0 0 0 0 0 1 1 1 1 1 1 1 1 1 0 1 0 1 0 0 0 1 1 0 0 1 1 0 0 0 1 1 0 1 0 0 0 0 1 1 1 1 1 1 1 0 1 1 1 1 0 1 1 1 0 1 0 1 1 1 0 0 0 0 31798.0 29573.0 34971.0 1 0.14999658933636792
1 0 1 1 1 0 1 1 1 0 1 1 0 1 0 0 1 1 1 0 0 0 0 1 0 0 1 1 1 1 1 1 1 1 0 1 0 0 0 0 0 1 1 1 1 1 1 1 1 1 0 1 0 1 0 0 0 1 1 0 0 1 1 0 0 0 1 1 0 1 1 0 0 0 1 1 1 1 1 1 1 0 1 1 1 1 0 1 1 0 0 1 0 1 1 1 0 1 0 0 31259.0 30037.0 34868.0 1 0.054332396636853214
1 0 1 1 1 0 1 1 1 0 1 0 0 1 0 1 0 1 1 0 0 0 0 0 1 1 1 1 1 1 1 1 1 1 0 1 0 0 0 1 0 1 1 1 1 1 1 1 1 1 0 1 0 1 0 0 0 0 1 0 0 1 1 0 0 0 1 1 0 1 1 0 0 0 1 1 1 1 1 1 1 0 1 1 1 1 0 1 1 0 0 1 0 1 1 1 0 0 0 0 31923.0 30109.0 34770.0 1 0.07300421755846354
1 0 1 1 1 0 1 1 1 0 1 0 0 1 0 0 1 1 1 0 0 0 0 1 1 1 1 1 1 1 1 1 1 1 0 1 0 0 0 1 0 1 1 1 1 1 1 1 1 1 0 1 0 1 0 0 0 1 1 0 0 1 1 0 0 0 1 0 0 1 1 0 1 0 0 1 1 1 1 1 1 0 0 1 1 1 0 1 1 0 0 1 0 1 1 1 0 1 0 0 31086.0 30230.0 34673.0 1 0.06907796405273153
1 0 1 0 1 1 1 1 1 0 1 0 0 1 0 0 1 1 1 0 0 1 0 0 1 1 0 1 1 1 1 1 1 1 0 1 1 0 0 0 0 1 1 0 1 1 1 1 1 1 0 1 0 1 0 1 0 1 1 0 0 1 1 1 0 0 1 0 0 1 0 0 1 0 1 1 1 1 0 1 1 1 1 1 0 0 1 1 1 0 0 0 0 1 0 1 1 0 0 1 32311.0 28697.0 34670.0 1 0.024045774150904076
1 0 1 1 1 0 1 1 1 0 1 0 0 1 0 0 1 1 1 0 0 0 0 1 1 1 1 1 1 1 1 1 1 1 0 1 0 0 0 1 0 1 1 1 1 1 1 1 1 0 0 1 0 1 0 0 0 1 1 0 0 1 1 0 0 0 1 1 0 1 0 0 0 0 1 1 1 1 1 1 0 1 0 1 0 0 1 1 1 0 1 0 1 1 0 1 1 0 1 1 32845.0 27934.0 34625.0 1 0.22284080536813472
1 0 1 1 1 0 1 1 1 0 1 0 0 1 0 1 0 1 1 0 0 0 0 0 1 1 1 1 1 1 1 1 1 1 0 1 0 0 0 1 0 1 1 1 1 1 1 1 1 1 0 1 0 1 0 0 0 0 1 0 0 1 1 0 0 0 1 1 0 1 0 0 0 0 1 1 1 1 1 1 1 0 1 1 1 1 0 1 1 1 0 1 0 1 1 1 0 0 0 0 32077.0 30044.0 34546.0 1 0.043622617739521904
1 0 1 0 1 1 1 1 1 0 1 0 0 1 0 0 1 1 1 0 0 1 0 0 1 1 0 1 1 1 1 1 1 1 0 1 1 0 0 0 0 1 1 0 1 1 1 1 1 1 0 1 0 1 0 0 0 1 1 0 0 1 1 1 0 0 1 0 0 1 0 1 0 0 1 1 1 1 1 1 1 0 0 1 0 0 1 1 1 0 0 0 1 1 1 1 1 1 0 1 33053.0 29686.0 34528.0 1 0.04187271460189799
1 0 1 0 1 1 1 1 1 0 1 0 0 1 0 1 1 1 1 1 1 0 0 0 1 1 0 1 1 1 1 1 1 1 0 1 0 1 1 0 0 1 1 0 1 1 1 1 1 1 0 1 0 1 0 0 0 0 1 0 0 0 1 1 0 0 1 1 0 1 1 0 0 0 1 1 1 1 1 1 1 0 1 1 0 1 0 1 1 0 1 1 0 1 1 1 0 0 0 0 32637.0 29759.0 34484.0 1 0.06758262592997533
1 0 1 1 1 0 1 1 1 0 1 0 0 1 0 0 1 1 1 0 0 0 0 1 1 0 0 1 1 1 1 1 1 0 0 1 0 0 1 0 0 1 1 1 1 1 1 1 1 1 0 1 0 1 0 0 0 1 1 0 0 1 1 0 1 0 1 1 0 1 0 0 0 0 1 1 1 1 1 1 1 0 1 1 1 1 0 1 1 0 0 1 0 1 1 1 0 1 0 0 30179.0 30267.0 34456.0 1 0.08745260132980759
1 0 1 0 1 1 1 1 1 0 1 0 0 1 1 1 0 1 1 0 1 0 0 0 1 1 0 1 1 1 1 1 1 1 0 1 1 0 0 0 0 1 1 0 1 1 1 1 1 1 0 1 0 1 0 0 0 1 1 0 0 1 1 0 0 0 1 1 0 1 1 0 0 0 1 1 1 1 1 1 1 0 1 1 1 1 0 1 1 0 0 1 0 1 1 1 0 0 0 0 32371.0 29996.0 34421.0 1 0.025642726336586263
1 0 1 1 1 0 1 1 1 0 1 1 0 1 0 0 1 1 1 0 0 0 0 1 0 1 1 1 1 1 1 1 1 1 0 1 0 0 1 0 0 1 1 1 1 1 1 1 1 1 0 1 0 1 0 0 0 1 1 0 0 0 1 0 0 0 1 1 0 1 1 0 0 0 1 1 1 1 1 1 1 0 1 1 1 1 0 1 1 0 0 1 0 1 1 1 0 0 0 0 31635.0 30158.0 34418.0 1 0.0938078329794041
1 0 1 1 1 0 1 1 1 0 1 0 0 1 0 0 1 1 1 0 0 0 0 1 1 1 1 1 1 1 1 1 1 1 0 1 0 0 0 1 0 1 1 1 1 1 1 1 1 1 0 1 0 1 0 0 0 0 1 0 1 1 1 0 0 0 1 0 0 1 1 0 1 0 0 1 1 1 1 1 1 0 0 1 1 1 0 1 1 0 0 1 0 1 1 1 0 1 0 0 31858.0 30183.0 34199.0 1 0.06671177161084527
1 0 1 1 1 0 1 1 1 0 1 1 0 1 0 0 1 1 1 0 0 0 0 1 0 1 1 1 1 1 1 1 1 1 0 1 0 0 0 1 0 1 1 1 1 1 1 1 1 1 0 1 0 1 0 0 0 0 1 0 1 0 1 1 0 0 1 0 0 1 0 0 1 0 1 1 1 1 0 1 1 1 0 1 0 0 1 1 1 0 0 0 1 1 1 1 0 0 1 1 34299.0 28683.0 34182.0 1 0.10087092751095945
1 0 1 1 1 0 1 1 1 0 1 0 0 1 0 0 1 1 1 0 0 0 0 1 0 1 1 1 1 1 1 1 1 1 0 1 1 0 0 0 0 1 1 0 1 1 1 1 1 1 0 1 0 1 0 0 0 1 1 0 0 1 1 1 0 0 1 0 0 1 0 1 0 0 1 1 1 1 1 0 1 0 0 1 0 0 1 1 1 0 0 0 1 1 1 1 1 1 0 1 33444.0 29657.0 34180.0 1 0.05725738137428528
1 0 1 1 1 1 1 1 1 0 1 0 0 1 0 0 1 1 1 0 0 0 0 1 0 1 1 1 1 1 1 1 1 1 0 1 0 0 0 1 0 1 1 1 1 1 1 1 1 1 0 1 0 1 0 0 0 1 1 0 0 1 1 1 0 0 1 0 0 1 0 1 0 0 1 1 1 1 1 1 1 0 0 1 0 0 0 0 1 0 0 0 1 1 1 1 1 1 0 1 33005.0 29984.0 34126.0 1 0.049484038865871424
1 0 1 1 1 0 1 1 1 0 1 0 0 1 1 1 0 1 1 0 1 0 0 0 1 0 0 1 1 1 1 1 1 1 0 1 0 0 0 0 0 1 1 1 1 1 1 1 1 1 0 1 0 1 0 0 0 1 1 0 0 1 1 0 0 0 1 1 0 1 1 0 0 0 1 1 1 1 1 1 1 0 1 1 1 1 0 1 1 0 0 1 0 1 1 1 0 0 0 0 31203.0 30644.0 34067.0 1 0.07210984870782883
1 0 1 1 1 0 1 1 1 0 1 0 0 1 0 0 1 1 1 0 0 0 0 1 1 1 1 1 1 1 1 1 1 1 0 1 1 0 0 0 0 1 1 0 1 1 1 1 1 1 0 1 0 1 0 0 0 1 1 0 0 1 1 1 0 0 1 0 0 1 0 1 0 0 1 1 1 1 1 0 1 0 0 1 0 0 1 1 1 0 0 0 1 1 1 1 1 1 0 0 33233.0 29888.0 34036.0 1 0.09679489704720817
1 0 1 1 1 0 1 1 1 0 1 0 0 1 0 0 1 1 1 0 0 0 0 1 1 1 1 1 1 1 1 1 1 1 0 1 1 0 0 0 0 1 1 0 1 1 1 1 1 1 0 1 0 1 0 0 0 1 1 0 1 0 1 1 0 0 1 0 0 1 0 1 0 0 1 1 1 1 0 0 1 0 0 1 0 0 1 1 1 0 0 0 1 1 1 1 1 1 0 1 33718.0 28991.0 33919.0 1 0.16709126654458537
1 0 1 1 1 0 1 1 1 0 1 0 0 1 0 1 0 1 1 0 0 0 0 0 1 1 1 1 1 1 1 1 1 1 0 1 0 0 0 1 0 1 1 1 1 1 1 1 1 1 0 1 0 1 0 0 0 1 1 0 0 1 1 0 0 0 1 0 0 1 1 0 1 0 0 1 1 1 1 1 1 0 0 1 1 1 0 1 1 0 0 1 0 1 1 1 0 1 0 0 30855.0 30840.0 33892.0 1 0.06526882483568656
1 0 1 1 1 0 1 1 1 0 1 0 0 1 0 0 1 1 1 0 0 0 0 1 1 1 1 1 1 1 1 1 1 1 0 1 0 0 0 1 0 1 1 1 1 1 1 1 1 1 0 1 0 1 0 0 0 0 1 0 1 0 1 1 0 0 1 0 0 1 0 0 1 0 1 1 1 0 0 1 1 1 0 1 0 0 1 1 1 0 0 0 1 1 0 1 1 0 1 1 34403.0 28149.0 33774.0 1 0.2134683968157433
1 0 1 1 1 0 1 1 1 0 1 0 0 1 0 1 0 1 1 0 0 0 0 1 1 1 1 1 1 1 1 1 1 1 0 1 0 0 1 0 0 1 1 0 1 1 1 1 1 1 0 1 0 1 0 0 0 0 1 0 0 1 1 0 0 0 1 0 0 1 1 1 1 0 0 1 1 1 1 1 1 0 0 1 1 1 0 1 1 0 0 1 0 1 1 1 0 1 0 0 32181.0 30715.0 33738.0 1 0.03492250233208961
1 0 1 0 1 0 1 1 1 0 1 0 0 1 0 0 1 1 1 0 0 0 0 1 1 1 1 1 1 1 1 1 1 1 0 1 1 0 0 0 0 1 1 0 1 1 1 1 1 1 0 1 0 1 0 0 0 1 1 0 1 0 1 1 0 0 1 0 0 1 0 0 1 1 1 1 1 1 0 1 1 1 0 1 0 0 1 1 1 0 0 0 1 1 1 1 1 0 0 1 34609.0 29248.0 33730.0 1 0.1459297091130537
1 0 1 0 1 0 1 1 1 0 1 0 0 1 1 1 0 1 1 0 1 0 0 0 1 0 1 1 1 1 0 1 1 1 0 1 0 0 1 0 0 1 1 0 1 1 1 1 1 1 0 1 0 1 0 0 0 1 1 0 0 1 1 1 0 0 1 0 0 1 0 1 0 0 1 1 1 1 1 1 1 0 1 1 1 1 0 1 1 0 0 1 0 1 1 1 0 1 0 0 32366.0 30019.0 33713.0 1 0.02964514602445583
1 0 1 1 1 0 1 1 1 0 1 1 0 1 0 0 1 1 1 0 0 0 0 1 0 1 1 1 1 1 1 1 1 1 0 1 0 0 0 0 0 1 1 1 1 1 1 1 1 1 0 1 0 1 0 0 0 1 1 0 0 1 1 0 0 0 1 1 0 1 0 0 0 0 1 1 1 1 1 1 1 0 0 1 1 1 1 0 0 0 0 0 1 1 1 1 1 1 0 1 32620.0 30709.0 33648.0 1 0.04195953628249604
1 0 1 1 1 0 1 1 1 0 1 0 0 1 0 1 0 1 1 0 0 0 0 0 1 1 1 1 1 1 1 1 1 1 0 1 0 0 0 1 0 1 1 1 1 1 1 1 1 1 0 1 0 1 0 0 0 0 1 0 0 1 1 0 0 0 1 1 0 0 1 0 0 0 1 1 1 1 1 1 1 0 0 1 0 0 1 1 1 0 0 0 1 1 1 1 1 1 0 1 32704.0 30278.0 33640.0 1 0.036853708636718885
1 0 1 1 1 0 1 1 1 0 1 0 0 1 0 0 1 1 1 0 0 0 0 0 1 1 1 1 1 1 1 1 1 1 0 1 0 0 1 1 0 1 1 1 1 1 1 1 1 1 1 1 0 1 0 0 0 1 1 0 0 1 1 1 0 0 1 0 0 1 1 0 1 0 0 1 1 1 1 0 1 0 0 1 1 0 0 0 1 0 0 1 0 1 1 1 0 1 0 0 30521.0 30922.0 33608.0 1 0.11714476947866148
1 0 1 0 1 1 1 1 1 0 1 0 0 1 0 1 1 1 1 1 1 0 0 0 1 1 0 1 1 1 1 1 1 1 0 1 0 1 1 0 0 1 1 0 1 1 1 1 1 1 1 1 0 1 0 0 0 1 1 0 0 1 1 1 0 0 1 0 0 1 1 0 1 0 0 1 1 1 1 0 1 0 0 1 1 0 0 0 1 0 0 1 0 1 1 1 0 1 0 0 30588.0 31168.0 33419.0 1 0.10456921180217885
1 0 1 1 1 1 1 1 1 0 1 0 0 1 1 1 0 1 1 0 1 0 0 0 1 0 0 1 1 1 0 1 1 1 0 1 0 0 1 0 0 1 1 1 1 1 1 1 1 1 0 1 0 1 0 0 0 1 1 0 0 0 1 0 0 0 1 1 0 1 1 0 0 0 1 1 1 1 1 1 1 0 1 1 1 1 0 1 1 0 0 1 0 1 1 1 0 0 0 0 30751.0 31182.0 33274.0 1 0.10611025140040936
1 0 1 1 0 0 1 1 1 0 1 0 0 1 0 1 0 1 1 0 0 0 0 0 1 1 1 1 1 1 1 1 1 1 0 1 0 0 1 1 0 1 1 1 1 1 1 1 1 1 0 1 0 1 0 0 0 1 1 0 1 0 1 1 0 0 1 0 0 1 0 0 1 1 1 1 1 1 0 1 1 1 0 1 0 0 0 1 1 0 0 0 1 1 1 1 0 0 1 1 34580.0 29408.0 32970.0 1 0.11281285356137974
1 0 1 1 1 0 1 1 1 0 1 0 0 1 0 1 0 1 1 1 1 0 0 0 1 1 0 1 1 1 1 1 1 1 0 1 0 1 1 0 0 1 1 0 1 1 1 1 1 1 1 1 0 1 0 0 0 0 1 0 1 0 1 0 0 0 1 0 0 1 1 0 0 0 1 1 1 1 1 1 1 0 1 1 1 1 0 1 1 0 0 1 0 1 1 1 0 0 0 0 32034.0 30749.0 32906.0 1 0.05794948898397069
1 0 0 0 1 0 1 1 1 0 1 0 0 1 1 1 0 1 1 0 0 0 0 0 1 0 0 1 1 1 0 1 1 1 0 1 1 0 1 0 0 1 1 1 1 1 1 1 1 1 0 1 0 1 0 0 0 1 1 0 0 1 1 1 0 0 1 0 0 1 0 1 0 0 1 1 1 1 1 1 1 0 1 1 1 1 0 1 1 0 0 1 0 1 1 1 0 1 0 0 31398.0 30894.0 32847.0 1 0.07231660007101427
1 0 1 0 1 1 1 1 1 0 1 0 0 1 1 1 0 1 1 0 1 0 0 0 1 0 0 1 1 1 1 1 1 1 0 1 1 0 0 0 0 1 1 0 1 1 1 1 1 1 0 1 0 1 0 0 0 1 1 0 0 1 1 1 0 0 1 0 0 1 0 1 0 0 1 1 1 1 1 0 1 0 0 1 0 0 1 1 1 0 0 0 1 1 1 1 1 1 0 1 32723.0 30516.0 32821.0 1 0.05296904992026841
1 0 1 0 1 1 1 1 1 0 1 0 0 1 1 1 0 1 1 0 1 0 0 0 1 0 0 1 1 1 1 1 1 1 0 1 1 0 0 0 0 1 1 0 1 1 1 1 1 1 0 1 0 1 0 0 0 1 1 0 0 1 1 1 0 0 1 0 0 1 0 1 0 0 1 1 1 1 1 1 1 0 0 1 0 0 1 1 1 0 0 1 1 1 0 1 1 1 0 0 32982.0 30496.0 32804.0 1 0.04442919423995879
1 0 1 0 1 1 1 1 1 0 1 0 0 1 0 1 0 1 1 1 0 0 0 0 1 1 0 1 1 1 1 1 1 1 0 1 0 1 1 0 0 1 1 0 1 1 1 1 1 1 1 1 0 1 0 0 0 0 1 0 1 0 1 1 0 0 1 0 0 1 0 0 1 0 1 1 1 1 0 1 1 1 0 1 0 0 1 1 1 1 0 0 1 1 1 1 1 0 0 1 33643.0 30343.0 32768.0 1 0.13375647427371323
1 0 1 1 1 1 1 1 1 0 1 0 0 1 0 1 0 1 1 1 1 0 0 0 1 1 0 1 1 1 1 1 1 1 0 1 0 1 1 0 0 1 1 0 1 1 1 1 1 1 1 1 0 1 0 0 0 1 1 0 0 1 1 0 0 0 1 0 0 1 1 0 1 0 0 1 1 1 1 0 1 0 0 1 1 0 0 0 1 0 0 1 0 1 1 1 0 1 0 0 30105.0 31547.0 32476.0 1 0.3516640402679031
1 0 1 1 1 0 1 1 1 0 1 0 0 1 0 1 0 1 1 0 0 0 0 0 1 1 1 1 1 1 1 1 1 1 0 1 0 0 1 1 0 1 1 1 1 1 1 1 1 1 0 1 0 1 0 0 0 0 1 0 1 0 1 0 0 0 0 0 0 1 1 0 0 0 1 1 1 1 1 1 1 0 0 1 0 0 1 1 1 0 0 0 0 1 1 1 1 1 0 1 32146.0 30964.0 32223.0 1 0.07283040010121461
1 0 1 1 1 0 1 1 1 0 1 0 0 1 1 1 0 1 1 1 0 0 0 0 1 1 0 1 1 1 1 1 1 1 0 1 0 1 1 0 0 1 1 0 1 1 1 1 1 1 1 1 0 1 0 0 0 1 1 0 0 1 1 0 0 0 1 0 0 1 1 0 1 0 0 1 1 1 1 1 1 0 0 1 1 0 0 0 1 0 0 1 0 1 1 1 0 1 0 0 30709.0 31657.0 32169.0 1 0.12405976062409808
1 0 1 0 1 0 1 1 1 0 1 0 0 1 0 0 1 1 1 0 0 0 0 1 1 1 1 1 1 1 1 1 1 1 0 1 1 0 0 0 0 1 1 0 1 1 1 1 1 1 0 1 0 1 0 0 0 0 1 0 1 0 1 0 0 0 1 0 0 1 0 1 0 0 1 1 1 1 1 1 1 1 0 1 0 1 1 1 1 0 0 0 1 1 0 1 1 0 1 1 34981.0 28643.0 31945.0 1 1000000000000000.1
1 0 1 0 1 1 1 1 1 0 1 0 0 1 1 1 0 1 1 0 1 0 0 0 1 0 0 1 1 1 1 1 1 1 0 1 1 0 0 0 0 1 1 0 1 1 1 1 1 1 0 1 0 1 0 0 0 1 1 0 1 0 1 1 0 0 1 0 0 1 0 0 1 1 1 1 1 1 0 1 1 1 0 1 0 0 1 1 1 0 0 0 1 1 0 1 1 0 0 1 33821.0 30097.0 31878.0 1 0.13091443169239414
1 0 1 0 1 0 1 1 1 0 1 0 0 1 1 1 0 1 1 0 1 0 0 0 1 0 0 1 1 1 0 1 1 1 0 1 0 0 1 0 0 1 1 1 1 1 1 1 1 1 0 1 0 1 0 0 0 1 1 0 1 0 1 1 0 0 1 0 0 1 0 0 1 1 1 1 1 1 0 1 1 1 0 1 0 0 1 1 1 0 0 0 0 1 1 1 1 0 0 1 32273.0 30804.0 31803.0 1 0.049195661369756324
1 0 1 1 1 0 1 1 1 0 1 0 0 1 0 0 1 1 1 0 0 0 0 1 1 1 1 1 1 1 1 1 1 1 0 1 0 0 1 0 0 1 1 1 1 1 1 1 1 1 0 1 0 1 0 0 0 0 1 0 1 0 1 0 0 0 1 0 0 1 1 0 0 0 1 1 1 1 1 1 1 0 0 1 1 1 1 0 0 0 0 1 1 1 0 1 1 1 0 0 32467.0 30960.0 31748.0 1 0.0882198217143534
1 0 1 1 1 0 1 1 1 0 1 0 0 1 0 0 1 1 1 0 0 0 0 1 1 1 1 1 1 1 1 1 1 1 0 1 0 0 1 0 0 1 1 1 1 1 1 1 1 1 0 1 0 1 0 0 0 0 1 0 1 0 1 0 0 0 1 0 0 1 1 0 0 0 1 1 1 1 1 1 1 0 0 1 1 1 1 0 0 0 0 0 1 1 0 1 1 1 1 0 33064.0 30698.0 31508.0 1 0.08378338235360797
1 0 1 0 1 0 1 1 1 0 1 0 0 1 1 1 0 1 1 0 1 0 0 0 1 0 1 1 1 1 0 1 1 1 0 1 0 0 1 0 0 1 1 0 1 1 1 1 1 1 0 1 0 1 0 0 0 1 1 0 0 1 1 1 0 0 1 0 0 1 1 0 1 0 0 1 1 1 1 1 1 0 0 1 1 1 1 0 0 0 0 1 1 1 0 1 1 1 0 0 31867.0 31097.0 31507.0 1 0.06350201650874368
1 0 1 1 1 0 1 1 1 0 1 0 0 1 0 1 0 1 1 0 0 0 0 1 1 1 1 1 1 1 1 1 1 1 0 1 0 0 1 0 0 1 1 1 0 1 1 1 1 1 0 1 0 1 0 0 0 0 1 0 1 0 1 0 0 0 1 0 0 1 1 0 0 0 1 1 1 1 1 1 1 0 0 1 1 1 1 0 0 0 0 1 1 1 0 1 1 1 0 0 32328.0 31073.0 31316.0 1 0.07250873724801263
1 0 1 0 1 1 1 1 1 0 1 0 0 1 1 1 1 1 1 0 1 0 0 0 1 0 0 1 1 1 0 1 1 1 0 1 0 0 1 0 0 1 1 0 1 1 1 1 1 1 0 1 0 1 0 0 0 1 1 0 0 1 1 0 0 0 1 0 0 1 0 1 1 0 1 1 1 1 1 0 1 0 0 1 1 1 1 0 0 0 0 1 1 1 0 1 1 1 0 0 30884.0 31208.0 31239.0 1 0.07084855991500096
1 0 1 0 1 1 1 1 1 0 1 0 0 1 1 1 0 1 1 0 1 0 0 0 1 0 0 1 1 1 1 1 1 1 0 1 1 0 0 0 0 1 1 0 1 1 1 1 1 1 0 1 0 1 0 0 0 1 1 0 1 0 1 0 0 0 1 0 0 1 0 1 0 1 0 1 1 1 1 1 1 0 0 1 0 0 1 1 1 0 0 0 1 1 1 1 1 1 0 1 32872.0 31013.0 31183.0 1 0.055314639944580045
1 0 1 0 1 1 1 1 1 0 1 0 0 1 0 1 0 1 1 1 1 0 0 0 1 1 0 1 1 1 1 1 1 1 0 1 0 1 1 0 0 1 1 0 1 1 1 1 1 1 1 1 0 1 0 0 0 1 1 0 0 1 1 0 0 0 1 0 0 1 1 0 1 0 0 1 1 1 1 0 1 0 0 1 1 0 0 0 1 0 0 0 1 1 0 1 1 1 1 0 31148.0 31347.0 31180.0 1 0.06186499678930172
1 0 1 0 1 1 1 1 1 0 1 0 0 1 1 1 0 1 1 0 1 0 0 0 1 0 0 1 1 1 1 1 1 1 0 1 0 0 0 1 0 1 1 1 1 1 1 1 1 1 0 1 0 1 0 0 0 0 1 0 1 0 1 1 0 0 1 0 0 1 1 0 0 0 1 1 1 1 1 1 1 0 0 1 1 1 1 0 0 0 0 1 1 1 0 1 1 1 0 0 32124.0 31179.0 31170.0 1 0.03141556558293257
1 0 1 1 1 0 1 1 1 0 1 0 0 1 1 1 1 1 1 0 1 0 0 0 1 0 0 1 1 1 0 1 1 1 0 1 0 0 1 0 0 1 1 0 1 1 1 1 1 1 0 1 0 0 0 0 0 1 1 0 0 1 1 0 0 0 1 0 0 1 0 1 1 0 1 1 1 1 1 0 1 0 0 1 1 1 1 0 0 0 0 1 1 1 0 1 1 1 0 0 30935.0 31399.0 31078.0 1 0.11556040929463762
1 0 1 1 1 0 1 1 1 0 1 0 0 1 0 1 0 1 1 1 1 0 0 0 1 1 0 1 1 1 1 1 1 1 0 1 0 1 1 0 0 1 1 0 1 1 1 1 1 1 0 1 0 1 0 0 0 0 1 0 1 0 1 0 0 0 1 0 0 1 1 0 0 0 1 1 1 1 1 1 1 0 0 1 1 1 1 0 0 0 0 1 1 1 0 1 1 1 0 0 32629.0 31539.0 30923.0 1 0.07505350535207417
1 0 1 1 1 0 1 1 1 0 1 0 0 1 1 1 0 1 1 0 1 0 0 0 1 0 0 1 1 1 0 1 1 1 0 1 0 0 1 0 0 1 1 1 1 1 1 1 1 1 1 1 0 1 0 0 0 1 1 0 0 1 1 0 0 0 1 0 0 1 1 0 1 0 0 1 1 1 1 0 1 0 0 1 1 0 0 0 1 0 0 1 0 1 1 1 0 1 0 0 28717.0 31783.0 30840.0 1 1000000000000000.0
1 0 1 0 1 1 1 1 1 0 1 0 0 1 1 1 0 1 1 0 1 0 0 0 1 0 0 1 1 1 1 1 1 1 0 1 1 0 0 0 0 1 1 0 1 1 1 1 1 1 0 1 0 1 0 0 0 0 1 0 1 0 1 0 0 0 1 0 0 1 0 1 0 0 1 1 1 1 1 1 1 1 0 1 0 1 1 1 1 0 0 0 1 1 0 1 1 0 1 1 34360.0 29908.0 30832.0 1 0.10695433908217569
1 0 1 1 1 0 1 1 1 0 1 0 0 1 0 1 0 1 1 1 1 0 0 0 1 1 0 1 1 1 1 1 0 1 0 1 0 1 1 0 0 1 1 0 1 1 1 1 1 1 1 1 0 1 0 0 0 0 1 0 1 0 1 0 0 0 1 0 0 1 1 0 1 0 1 1 1 1 1 1 1 0 0 1 1 1 1 0 0 0 0 1 1 1 0 1 1 0 0 0 32791.0 31885.0 30431.0 1 0.15662919300429534
1 0 1 1 1 0 1 1 1 0 1 0 0 0 1 1 0 1 1 0 1 0 0 0 1 0 0 1 1 1 0 1 1 1 0 1 0 0 1 0 0 1 1 1 1 1 1 1 1 1 0 1 0 1 0 0 0 0 1 0 1 0 1 0 0 0 1 0 0 1 0 1 0 0 1 1 1 1 1 1 1 1 0 1 0 1 1 1 1 0 0 0 1 1 0 1 1 0 1 1 33312.0 30448.0 30214.0 1 0.11496798155755059
1 0 1 0 1 0 1 1 1 0 1 0 0 1 1 1 0 1 1 0 1 0 0 0 1 0 0 1 1 1 0 1 1 1 0 1 0 0 1 0 0 1 1 1 1 1 1 1 1 1 0 1 0 1 0 0 0 0 1 0 1 0 1 0 0 0 1 0 0 1 0 1 0 0 1 1 1 1 1 1 1 1 0 1 0 1 1 1 1 0 0 0 1 1 0 1 1 0 1 1 33459.0 30450.0 30089.0 1 0.1244458816998745
1 0 1 1 1 0 1 1 1 0 1 0 0 1 1 1 0 1 1 0 1 0 0 0 1 0 0 1 1 1 0 1 1 1 0 1 0 0 1 0 0 1 1 1 1 1 1 1 1 1 0 1 0 1 0 0 0 0 1 0 1 0 1 0 0 0 1 0 0 1 1 0 0 0 1 1 1 1 1 1 1 0 0 1 1 1 1 0 0 0 0 1 1 1 0 1 1 1 0 0 31295.0 31931.0 29731.0 1 2000000000000000.0
1 0 1 1 1 0 1 1 1 0 1 0 0 1 0 1 0 1 1 1 1 0 0 0 1 1 0 1 1 1 1 1 0 1 0 1 0 1 1 0 0 1 1 0 1 1 1 1 1 1 1 1 0 1 0 0 0 0 1 0 1 0 1 0 0 0 1 0 0 1 1 0 0 0 1 1 1 1 1 1 1 0 0 1 1 1 1 0 0 0 0 1 1 1 0 1 1 1 0 0 32743.0 31803.0 30331.0 2 1000000000000000.4
1 0 1 0 1 1 1 1 1 0 1 0 0 1 0 0 1 1 1 0 0 1 0 1 0 1 0 1 1 1 1 1 1 1 0 1 0 0 0 0 0 1 1 1 1 1 1 1 1 1 0 1 1 1 0 0 0 1 1 0 0 1 1 0 0 0 1 1 0 1 1 0 0 0 1 1 1 1 1 1 1 0 1 1 1 1 0 1 1 0 0 1 0 1 1 1 0 0 0 0 30608.0 29109.0 35481.0 2 1000000000000000.2
1 0 1 0 1 1 1 1 1 0 1 0 0 1 0 0 1 1 1 0 0 0 0 1 0 1 1 1 1 1 1 1 1 1 0 1 0 0 0 1 0 1 1 1 1 1 1 1 1 1 0 1 0 1 0 0 0 0 1 0 1 0 1 1 0 0 1 0 0 1 0 0 1 0 1 1 1 1 0 1 1 1 0 1 0 0 1 1 1 0 0 0 1 1 1 1 0 0 1 1 33717.0 27814.0 33723.0 2 1000000000000000.1
1 0 1 0 1 1 1 1 1 0 1 0 0 1 0 1 0 1 1 1 1 1 0 0 1 1 0 1 1 1 1 1 1 1 0 1 0 1 1 0 0 1 1 0 1 1 1 1 1 1 1 1 0 1 0 0 0 1 1 0 0 1 1 0 0 0 1 0 0 1 1 0 1 0 0 1 1 1 1 0 1 0 0 1 1 0 0 0 1 0 0 1 0 1 1 1 0 1 0 0 29979.0 31149.0 32469.0 2 1000000000000000.1
