1 0 1 1 1 0 1 1 1 0 1 0 0 1 0 0 1 1 1 0 0 0 0 1 0 1 1 1 1 1 1 1 1 1 0 1 0 0 0 0 0 1 1 1 1 1 1 1 1 1 0 1 0 1 0 0 0 1 1 0 0 1 1 0 0 0 1 1 0 1 0 0 0 0 1 1 1 1 1 1 1 0 1 1 1 1 0 1 1 0 0 1 0 1 1 1 0 0 0 0 31246.0 29020.0 34702.0 0 1000000000000000.2
1 0 1 0 1 1 1 1 1 0 1 0 0 1 0 0 1 0 1 0 0 0 0 1 0 1 1 1 1 1 1 1 1 1 0 1 0 0 1 0 0 1 1 0 1 1 1 1 1 1 0 1 0 1 0 0 0 1 1 0 0 1 1 1 0 0 1 0 0 1 0 1 0 0 1 1 1 1 1 0 1 0 0 1 1 1 1 1 1 0 0 0 1 0 1 1 1 1 0 1 31287.0 28172.0 34017.0 0 0.47845593502970085
1 0 1 0 1 1 1 1 1 0 1 0 0 1 0 0 1 1 1 0 0 0 0 1 0 1 1 1 1 1 1 1 1 1 0 1 0 0 0 1 0 1 1 1 1 1 1 1 1 1 0 1 0 1 0 0 0 0 1 0 1 0 1 1 0 0 1 0 0 1 0 0 0 0 1 1 1 1 0 1 1 1 0 1 0 0 1 1 1 0 0 0 1 1 1 1 1 1 0 1 33049.0 28613.0 33452.0 0 0.364800867246823
1 1 1 1 1 0 1 1 1 0 1 0 1 1 0 0 1 0 1 0 0 1 0 0 1 0 0 1 1 1 0 1 1 1 0 1 0 1 0 1 0 1 1 0 1 1 1 1 1 1 0 1 0 1 0 0 0 1 1 0 0 1 1 0 0 0 1 0 0 1 0 1 0 0 1 1 1 1 1 1 1 1 0 1 0 0 1 1 1 0 0 0 1 1 0 1 1 0 1 1 31768.0 28618.0 33108.0 0 0.3563217128471169
1 1 1 0 1 0 1 1 1 0 1 0 0 1 0 0 1 1 1 0 1 0 1 0 1 0 0 1 1 1 0 1 1 0 0 1 0 0 1 0 0 1 1 1 1 1 1 1 1 1 0 1 0 1 0 0 0 1 1 0 0 1 1 0 0 0 1 1 0 1 0 0 0 0 1 1 1 1 1 1 1 0 1 1 1 1 0 1 1 0 0 1 0 1 1 1 0 1 0 0 29677.0 30197.0 32870.0 0 0.23410675336657366
1 0 1 0 1 1 1 1 1 0 1 0 0 1 1 1 0 1 1 0 1 0 0 0 0 1 1 1 1 1 1 1 1 1 0 1 0 0 0 1 0 1 1 0 1 1 1 0 1 1 0 1 0 1 0 0 0 0 1 0 1 0 1 1 0 0 1 0 0 1 0 0 0 0 1 1 1 1 0 1 1 1 0 1 0 0 1 1 1 0 0 0 1 1 1 1 1 1 0 1 33515.0 28257.0 32758.0 0 0.1977237511132493
1 0 1 1 1 0 1 1 1 0 1 0 0 1 0 0 1 1 1 0 0 0 0 1 0 1 1 1 1 1 1 1 1 1 0 1 0 0 0 1 0 1 1 1 1 1 1 1 1 1 0 1 0 1 0 0 0 0 1 0 1 0 1 1 0 0 1 0 0 1 0 0 0 0 1 1 1 1 0 1 1 1 0 0 1 1 1 1 0 0 0 0 1 1 0 1 1 0 1 1 33749.0 27812.0 32680.0 0 2000000000000000.0
1 0 1 0 1 0 1 1 0 0 1 0 0 1 0 0 1 1 1 1 1 0 1 0 1 0 0 1 1 1 0 1 1 0 0 1 0 0 1 0 0 1 1 0 1 1 1 1 1 1 1 1 0 1 1 0 0 1 1 0 0 1 1 0 0 0 1 1 0 1 0 0 0 0 1 1 1 1 1 1 1 0 1 1 1 1 0 1 1 0 0 1 0 1 1 1 0 1 0 0 29780.0 29787.0 32372.0 0 0.3899653004118331
1 1 1 0 1 0 1 1 1 0 1 0 0 1 0 0 1 1 1 0 1 1 1 0 1 0 0 1 1 1 0 1 1 0 0 1 0 0 1 0 0 1 1 0 1 1 1 1 1 1 0 1 0 1 0 0 0 1 1 0 0 1 1 0 1 0 1 0 0 1 0 1 0 0 1 1 1 1 1 1 1 0 0 1 0 0 1 1 1 0 0 0 1 1 0 1 1 0 1 1 31265.0 29574.0 32317.0 0 0.26762509921454825
1 0 1 0 1 1 1 1 1 0 1 0 0 1 1 1 0 1 1 0 1 0 0 0 0 1 1 1 0 1 0 1 0 1 0 1 0 0 0 1 0 1 0 1 1 1 1 1 1 1 1 1 0 1 0 0 0 1 1 0 0 0 1 1 0 0 1 0 0 1 0 0 1 0 1 1 1 1 1 1 1 0 0 1 0 0 1 1 1 0 0 0 1 1 1 1 1 0 1 1 32621.0 29797.0 32143.0 0 0.17640720148393624
1 0 1 0 1 1 1 1 1 0 1 0 0 1 1 1 0 1 1 0 1 0 0 0 0 1 1 1 0 1 0 1 0 1 0 1 0 0 0 1 0 1 1 0 1 1 1 1 1 1 0 1 0 1 0 0 0 1 1 0 0 1 1 0 0 0 1 0 0 1 0 1 0 0 1 1 1 1 1 1 1 1 0 1 0 0 1 1 1 0 1 0 1 1 0 1 1 0 1 1 33333.0 28394.0 32123.0 0 0.24269017945797064
1 0 1 0 1 1 1 1 1 0 1 0 0 1 1 1 0 1 1 0 1 0 0 0 1 0 0 1 1 1 0 1 1 1 0 1 0 0 0 1 0 1 1 1 1 1 1 1 1 1 0 1 0 1 0 0 0 0 1 0 1 0 1 1 0 0 1 0 0 1 0 0 0 0 1 1 1 1 0 1 1 1 0 1 0 0 1 1 1 0 0 0 1 1 1 1 1 1 0 1 32262.0 29842.0 31978.0 0 0.24441817031438423
1 0 1 0 1 0 1 1 1 0 1 0 1 1 0 0 1 1 1 0 0 0 0 1 0 1 1 1 1 1 1 1 1 1 0 1 0 0 0 1 0 1 1 1 1 1 1 1 1 1 0 1 0 1 0 0 0 1 1 0 0 1 1 0 0 0 1 0 0 1 1 1 0 0 0 1 1 1 1 1 1 0 0 1 1 0 1 0 0 0 1 0 1 1 0 1 1 1 0 0 31062.0 30111.0 31676.0 0 0.23712733471632397
1 0 1 0 1 0 1 1 1 0 1 0 1 1 1 0 1 1 1 0 1 1 1 0 1 0 0 1 1 1 0 1 1 0 0 1 0 0 1 0 0 1 1 0 1 1 1 1 1 1 0 1 0 1 0 0 0 1 1 0 0 1 1 0 0 0 1 0 0 1 0 1 0 0 1 1 1 1 1 1 1 0 0 1 0 0 1 1 1 0 0 0 1 1 0 1 1 0 1 1 32031.0 30045.0 31541.0 0 0.21954458350477096
1 0 1 0 1 1 1 1 1 0 1 0 0 1 1 1 0 1 1 0 1 1 0 0 1 0 0 1 1 1 0 1 1 1 0 1 0 0 1 0 0 1 1 0 1 1 1 1 1 1 0 1 0 1 0 0 0 1 1 0 0 1 1 0 0 0 1 0 0 1 1 1 0 0 0 1 1 1 1 1 1 0 0 1 1 0 1 0 0 0 1 0 1 1 0 1 1 1 0 1 30757.0 30623.0 31362.0 0 0.6529616026032388
1 0 1 0 1 1 1 1 1 0 1 0 0 1 1 1 0 1 1 0 1 0 0 0 1 0 0 1 1 1 1 1 1 1 0 1 0 0 0 1 0 1 1 1 1 1 1 1 1 1 0 1 0 1 0 0 0 0 1 0 1 0 1 1 0 0 1 0 0 1 1 0 0 0 1 1 1 1 1 1 1 0 0 1 1 1 1 0 0 0 0 1 1 1 0 1 1 1 0 0 32124.0 31179.0 31170.0 0 0.32766216094068545
1 0 1 0 1 1 1 1 1 0 1 0 1 1 1 1 0 1 1 0 0 0 0 0 0 1 1 1 0 1 0 1 0 1 0 1 1 0 0 0 0 1 0 1 1 1 1 1 1 1 1 1 0 1 0 0 0 1 1 0 0 0 1 1 0 0 1 0 0 1 0 0 0 0 1 1 1 1 0 1 1 1 0 1 0 0 1 1 1 0 0 0 1 1 1 1 1 1 0 1 32240.0 30181.0 31008.0 0 0.1728848095550098
1 0 1 0 1 1 1 1 1 0 1 0 0 1 1 1 0 1 1 0 1 0 0 0 0 1 1 1 0 1 0 1 0 1 0 1 0 0 0 1 0 1 0 1 1 1 1 1 1 1 1 1 0 1 0 0 0 1 1 0 0 0 1 0 0 0 1 0 0 1 0 1 1 0 1 1 1 0 1 1 1 1 0 1 0 0 1 1 1 0 0 0 1 1 0 1 1 0 1 1 32781.0 28859.0 30549.0 0 0.5283629121727011
1 0 1 0 1 0 1 1 1 0 1 0 1 1 1 0 1 1 0 0 1 1 1 0 1 0 0 1 1 1 0 1 1 0 0 1 0 1 1 0 0 1 1 0 1 1 1 1 1 1 1 1 0 1 0 0 0 1 1 0 0 1 1 0 0 0 1 0 0 1 1 0 1 0 0 1 1 1 1 0 1 0 0 1 1 0 0 0 1 0 0 0 1 1 0 1 1 1 1 0 29593.0 31377.0 29328.0 0 3000000000000000.0
1 0 1 0 1 1 1 1 1 0 1 0 0 1 0 0 1 0 1 0 0 0 0 1 0 1 1 1 1 1 1 0 1 1 0 1 0 0 0 1 0 1 1 1 1 1 1 1 1 0 0 1 0 1 0 0 0 1 1 0 0 1 1 0 0 0 1 0 0 1 0 1 0 0 1 1 1 1 1 1 1 0 1 1 1 1 0 1 1 0 0 1 0 1 1 1 0 1 0 0 28851.0 26668.0 33396.0 1 2000000000000000.0
1 0 1 0 1 1 1 1 1 0 1 0 0 1 0 0 1 0 1 0 0 0 0 1 0 1 1 1 1 1 1 0 1 1 0 1 0 0 0 1 0 1 1 1 1 1 1 1 1 0 0 1 0 1 0 0 0 1 1 0 0 1 1 1 0 0 1 0 0 1 0 1 0 0 1 1 1 1 1 1 1 1 0 1 0 0 1 1 1 0 1 0 1 1 0 1 1 1 1 0 31694.0 27012.0 33376.0 1 0.2257558239500584
1 0 1 0 1 1 1 1 1 0 1 0 0 1 0 0 1 0 1 0 0 0 0 1 0 1 1 1 1 1 0 0 1 1 0 1 0 0 0 1 0 1 1 1 1 1 1 1 1 0 0 1 0 1 0 0 0 1 1 0 0 1 1 1 0 0 0 0 0 1 0 1 1 0 1 1 1 1 1 1 1 1 0 1 1 0 1 1 1 0 0 1 1 1 1 1 0 0 0 0 30137.0 27207.0 33254.0 1 0.3001165182677922
1 0 1 0 1 0 1 1 1 0 1 0 0 1 0 0 1 1 1 0 0 0 0 1 0 1 1 1 1 1 1 1 1 1 0 1 0 0 0 1 0 1 1 1 1 1 1 1 1 1 0 1 0 1 0 0 0 0 1 0 1 0 1 1 0 0 1 0 0 1 0 0 1 0 1 1 1 1 0 1 1 1 0 1 0 0 1 1 1 0 0 0 1 0 1 1 1 1 0 1 32510.0 28292.0 33203.0 1 0.1734594571791777
1 0 1 0 1 1 1 1 1 0 1 0 0 1 1 1 1 0 1 0 0 1 0 0 1 0 0 1 1 1 0 1 1 1 0 1 0 1 0 1 0 1 1 0 1 1 1 1 1 1 0 1 0 1 0 0 0 1 1 0 0 1 1 0 0 0 1 0 0 1 0 1 0 0 1 1 1 1 1 1 1 1 0 1 0 0 1 1 1 0 0 0 1 1 0 1 1 0 1 1 31491.0 28402.0 33085.0 1 0.13067289823758713
1 0 1 0 1 0 1 1 1 0 1 0 0 1 0 0 1 1 1 0 0 0 0 1 0 1 1 1 1 1 1 1 1 1 0 1 0 0 0 1 0 1 1 1 1 1 1 1 1 1 0 1 0 1 0 0 0 0 1 0 1 0 1 1 0 0 1 0 0 1 0 0 0 0 1 1 1 1 0 1 1 1 0 1 0 0 1 1 1 0 0 0 1 1 1 1 1 1 0 1 32995.0 28457.0 33008.0 1 0.2403436476084439
1 0 1 0 1 0 1 1 1 0 1 0 0 1 0 0 1 1 1 0 0 0 0 1 0 1 1 1 1 1 1 1 1 1 0 1 0 0 0 1 0 1 1 1 1 1 1 1 1 1 0 1 0 1 0 0 0 0 1 0 1 0 1 1 0 0 1 0 0 1 0 0 1 0 1 1 1 1 0 1 1 0 0 1 0 0 1 1 1 0 0 0 1 1 0 1 1 0 1 1 33108.0 27860.0 32718.0 1 1000000000000000.4
1 1 1 1 1 0 1 1 1 0 1 0 1 1 0 0 1 0 1 0 0 1 0 0 1 0 0 1 1 1 0 1 1 1 0 1 0 1 0 1 0 1 1 0 1 1 1 1 1 1 0 1 0 1 0 0 0 1 1 0 0 1 1 0 0 0 1 0 0 1 0 1 0 0 1 1 1 1 1 1 1 1 0 1 0 0 1 1 1 0 0 0 1 1 0 1 1 0 0 1 30864.0 28608.0 32536.0 1 0.1457487384284632
1 1 1 0 1 1 1 0 1 0 1 0 0 1 0 0 1 1 1 0 1 0 1 0 1 0 0 1 1 1 1 0 1 1 0 1 0 0 0 1 0 1 0 1 1 1 1 1 1 1 1 1 0 1 0 0 0 1 1 0 0 0 1 1 0 0 1 0 0 1 1 0 0 0 0 1 1 1 1 1 1 0 1 1 1 1 0 1 1 0 0 1 1 1 1 1 0 0 0 0 27953.0 28768.0 32297.0 1 1000000000000000.2
1 0 1 0 1 1 1 1 1 0 1 0 0 1 1 1 0 1 1 0 1 0 0 0 0 1 1 1 0 1 0 1 0 1 0 1 0 0 0 1 0 1 0 1 1 1 1 1 1 1 1 1 0 1 0 0 0 1 1 0 0 1 1 0 0 0 1 0 0 1 0 0 0 0 1 1 1 1 1 1 1 0 1 1 1 1 0 1 1 0 0 1 0 1 1 1 0 1 0 0 30204.0 29287.0 32189.0 1 0.06040391918742091
1 0 1 0 1 1 1 1 1 0 1 0 0 1 1 1 0 1 1 0 1 1 0 0 1 0 0 1 1 1 0 1 1 1 0 1 0 0 1 0 0 1 1 0 1 1 1 1 1 1 0 1 0 1 0 0 0 1 1 0 0 1 1 0 0 0 1 0 0 1 0 1 0 0 1 1 1 1 1 1 1 1 0 1 0 0 1 1 1 0 0 0 1 0 0 1 1 0 1 1 32009.0 29169.0 32129.0 1 0.2027301194561498
1 0 1 0 1 0 1 1 0 0 1 1 0 1 0 0 1 1 1 1 1 0 1 0 1 0 0 1 1 1 0 1 1 0 0 1 0 0 1 0 0 1 1 0 1 1 1 1 1 1 1 1 0 1 1 0 0 1 1 0 0 1 1 0 0 0 1 1 0 1 0 0 0 0 1 1 1 1 1 1 1 0 1 1 1 1 0 1 1 0 0 1 0 1 1 1 0 0 0 0 29471.0 29633.0 32092.0 1 0.09648388759785156
1 0 1 0 1 1 1 1 1 0 1 0 0 1 1 1 0 1 1 0 1 0 0 0 0 1 1 1 0 1 0 1 1 1 0 1 0 0 0 1 0 1 1 1 1 1 1 1 1 1 0 1 0 1 0 0 0 0 1 0 1 0 1 1 0 0 1 0 0 1 0 0 0 0 1 1 1 1 0 1 1 1 0 1 0 0 1 1 1 0 0 0 1 1 1 1 1 0 0 1 32495.0 28660.0 32044.0 1 0.1469840471825075
1 1 1 1 1 0 1 1 1 0 1 0 1 1 0 0 1 0 1 0 0 1 0 0 1 0 0 1 1 1 0 1 1 1 0 1 0 1 0 1 0 1 1 0 1 1 1 1 1 1 0 1 0 1 0 0 0 1 1 0 0 1 1 0 0 0 1 0 0 1 1 1 0 0 0 1 1 1 1 1 1 0 0 1 1 0 1 0 0 0 1 0 1 1 0 1 1 1 0 1 29523.0 29310.0 32042.0 1 0.09568077197215477
1 1 1 1 1 0 1 1 1 0 1 0 1 1 0 0 1 0 1 0 0 1 0 0 1 0 1 1 1 1 0 1 1 1 0 1 0 0 1 0 0 1 1 0 1 1 1 1 1 1 0 1 0 1 0 0 0 0 1 0 0 0 1 0 0 0 1 0 0 1 1 1 1 0 1 1 1 1 1 0 1 1 1 1 0 0 0 1 1 0 0 1 1 1 1 1 0 0 0 0 30857.0 29336.0 31962.0 1 0.1927369496271752
1 0 1 0 1 1 1 1 1 0 1 0 0 1 1 1 0 1 1 0 1 0 0 0 1 0 0 1 1 1 0 1 1 1 0 1 0 0 1 0 0 1 1 0 1 1 1 1 1 1 0 1 0 1 0 0 0 1 1 0 0 1 1 0 0 0 1 0 0 1 0 1 0 0 0 1 1 1 1 1 1 0 1 1 1 1 0 1 1 0 0 1 1 1 1 1 0 0 0 0 30231.0 29554.0 31835.0 1 0.2322050246251178
1 0 1 0 1 0 1 1 1 0 1 0 0 1 0 0 1 1 1 0 0 0 0 1 0 1 1 1 1 1 1 1 1 1 0 1 0 0 0 1 0 1 1 1 1 1 1 1 1 1 0 1 0 1 0 0 0 1 1 0 0 1 1 0 0 0 1 0 0 1 1 0 1 0 0 1 1 1 1 0 1 0 0 1 1 1 0 0 1 0 1 0 1 1 0 1 1 1 1 0 30904.0 29627.0 31696.0 1 0.10753741800205743
1 0 1 0 1 0 1 1 0 0 1 1 0 1 1 0 0 1 1 0 1 0 1 0 1 0 0 1 1 1 0 1 1 0 0 1 0 0 1 0 0 1 1 0 1 1 1 1 1 1 1 1 0 1 1 0 0 1 1 0 0 1 1 0 0 0 1 1 0 1 0 0 0 0 1 1 1 1 1 1 1 0 1 1 1 1 0 1 1 0 0 1 0 1 1 1 0 1 0 0 29815.0 29754.0 31648.0 1 0.21349397812882512
1 0 1 0 1 1 1 1 1 0 1 0 0 1 1 1 0 1 1 0 1 0 0 0 1 1 0 1 1 1 0 1 1 1 0 1 0 0 1 0 0 1 1 0 1 1 1 1 1 1 0 1 0 1 0 0 0 1 1 0 0 0 1 0 0 0 1 0 0 1 1 1 0 0 1 1 1 1 1 0 1 1 1 1 0 0 0 1 1 0 0 1 1 1 1 1 0 0 0 0 31140.0 29421.0 31402.0 1 0.19965670649909392
1 0 1 0 1 0 1 1 0 0 1 1 0 1 1 0 0 1 1 0 1 1 1 0 1 0 0 1 1 1 0 1 1 0 0 1 0 0 1 0 0 1 1 0 1 1 1 1 1 1 0 1 0 1 0 0 0 1 1 0 0 1 1 0 1 0 1 0 0 1 0 1 0 0 1 1 1 1 1 1 1 0 0 1 0 0 1 1 1 0 0 0 1 1 0 1 1 0 1 1 31121.0 29632.0 31010.0 1 0.1684626801059828
1 0 1 0 1 1 1 1 1 0 1 0 1 1 0 0 1 1 1 0 1 1 1 0 1 0 0 1 0 1 0 1 1 0 0 1 0 0 1 0 0 1 1 0 1 1 1 1 1 1 1 1 0 1 0 0 0 1 1 0 0 1 1 0 0 0 1 0 0 1 1 0 0 0 0 1 1 1 1 0 1 1 1 1 1 0 0 0 1 0 0 0 1 1 0 1 1 1 1 0 29117.0 30455.0 30812.0 1 0.22899431946884335
1 1 1 0 1 0 1 1 1 0 1 0 0 1 0 0 1 1 0 1 1 1 1 0 1 0 0 0 1 1 0 1 1 0 0 1 0 0 1 0 0 1 1 0 1 1 1 1 1 1 0 1 0 1 0 0 0 1 1 0 0 1 1 0 0 0 1 0 0 1 0 1 0 0 1 1 1 1 1 1 1 1 0 1 0 0 1 1 1 0 0 0 1 1 0 1 1 0 1 1 31682.0 29279.0 30726.0 1 0.08507766232794907
1 0 1 0 1 0 1 1 1 0 1 0 1 1 1 0 1 1 1 0 1 1 1 0 1 0 0 1 1 1 0 1 1 0 0 1 0 0 1 0 0 1 1 0 1 1 1 1 1 1 0 1 0 1 0 0 0 1 1 0 1 1 1 0 0 0 1 0 0 1 0 0 0 0 0 1 1 1 1 1 1 1 0 1 0 0 1 1 1 0 1 0 1 1 0 1 1 0 1 0 31501.0 29941.0 30722.0 1 0.13971123050085338
1 1 1 0 1 0 1 1 1 0 1 0 0 1 0 0 1 1 1 0 1 1 1 0 1 0 0 1 1 1 0 1 1 0 0 1 0 0 1 0 0 1 1 0 1 1 1 1 1 1 0 1 0 1 0 0 0 1 1 0 0 1 1 0 0 0 1 0 0 1 0 1 1 0 1 1 1 1 1 0 1 0 0 1 1 1 1 0 0 0 0 1 1 1 0 1 1 1 0 0 29920.0 30695.0 30670.0 1 0.15140577128707616
1 0 1 0 1 1 1 1 1 0 1 0 0 1 1 1 0 1 1 0 1 0 0 0 1 1 0 1 1 1 0 1 1 1 0 1 0 0 1 0 0 1 1 0 1 1 1 1 1 1 0 1 0 1 0 0 0 1 1 0 0 1 1 0 0 0 1 0 0 1 0 1 0 0 1 1 0 1 1 0 1 0 0 1 1 1 1 0 0 0 0 1 1 1 0 1 1 1 1 0 31244.0 30123.0 30556.0 1 0.20783738026554988
1 0 1 0 1 1 1 1 1 0 1 0 0 1 1 1 0 1 1 0 1 0 0 0 0 1 1 1 0 1 0 1 0 1 0 1 0 0 0 1 0 1 0 1 1 1 1 1 1 1 1 1 0 1 0 0 0 1 1 0 0 0 1 0 0 0 1 0 0 1 0 1 0 0 1 1 1 1 1 1 1 1 0 1 0 0 1 1 1 0 0 0 1 1 0 1 1 0 1 1 32520.0 29168.0 30554.0 1 0.20012906682208695
1 0 1 0 1 1 1 1 1 0 1 0 1 1 1 1 0 1 1 0 1 0 0 0 0 1 1 1 0 1 0 1 0 1 0 1 1 0 0 0 0 1 0 1 1 1 1 1 1 1 1 1 0 1 0 0 0 1 1 0 0 0 1 1 0 0 1 0 0 1 1 0 0 0 0 1 1 1 1 1 1 0 0 1 1 1 0 1 1 0 0 1 1 1 1 1 0 0 0 0 31197.0 30484.0 30522.0 1 0.20641464545972893
1 0 1 0 1 0 1 1 1 0 1 0 0 1 1 0 1 1 1 0 1 1 1 0 1 0 0 1 1 1 0 1 1 0 0 1 0 1 1 0 0 1 1 0 1 1 1 1 1 1 1 1 0 1 0 0 0 1 1 0 0 1 1 0 0 0 1 0 0 1 1 0 1 0 0 1 1 1 1 0 1 0 0 1 1 0 0 0 1 0 0 0 1 1 0 1 1 1 1 0 29271.0 30706.0 29936.0 1 0.4834727444891924
1 0 1 0 1 0 1 1 1 0 1 1 0 1 1 0 0 1 1 1 1 1 1 0 1 0 0 1 1 1 0 1 1 0 0 1 0 0 1 0 0 1 1 0 1 1 1 1 1 1 1 1 0 1 0 0 0 1 1 0 0 1 1 0 0 0 1 0 0 1 1 0 0 0 0 1 1 1 1 0 1 0 0 1 1 0 0 0 1 0 0 0 0 1 0 1 1 1 1 0 28593.0 30716.0 28528.0 1 2000000000000000.0
1 0 1 0 1 1 1 1 1 0 1 0 0 1 0 0 1 0 1 0 0 0 0 1 0 1 1 1 1 1 1 0 1 1 0 1 0 0 0 1 0 1 1 1 1 1 1 1 1 0 0 1 0 1 0 0 0 1 1 0 0 1 1 0 0 0 1 0 0 1 0 1 0 0 1 1 1 1 1 1 1 0 1 1 1 1 0 1 0 0 0 1 1 1 1 1 0 1 1 0 30065.0 26699.0 33362.0 2 1000000000000000.1
1 1 1 0 1 0 1 1 1 0 1 0 1 1 0 0 1 0 1 0 0 0 0 1 0 1 1 1 1 1 1 1 1 1 0 1 0 0 0 1 0 1 1 0 1 1 1 0 1 0 0 1 0 0 0 0 0 0 1 0 1 0 1 1 0 0 1 1 0 1 1 0 0 0 1 1 1 1 1 1 1 0 1 1 1 1 0 1 1 0 0 1 0 1 1 1 0 1 0 0 31313.0 26474.0 33324.0 2 0.15639606861833982
1 0 1 0 1 1 1 1 1 0 1 0 0 1 0 0 1 0 1 0 0 0 0 1 0 1 1 1 1 1 1 0 1 1 0 1 0 0 0 1 0 1 1 1 0 1 1 1 1 0 0 1 0 1 0 0 0 1 1 0 0 1 1 1 0 0 1 0 0 1 0 1 0 0 1 1 1 1 1 1 1 1 0 1 0 0 1 1 1 0 1 0 1 1 0 1 1 0 1 1 31387.0 25939.0 33306.0 2 1000000000000000.0
1 0 1 0 1 1 1 1 1 0 1 0 0 1 0 0 1 0 1 0 0 0 0 1 0 1 1 1 1 1 1 1 1 0 0 0 0 0 0 1 0 1 1 0 1 1 1 1 1 1 0 1 0 1 0 0 0 1 1 0 0 1 1 0 1 0 1 0 0 1 0 1 0 0 1 1 1 1 1 1 1 1 0 1 0 0 1 1 1 0 0 0 1 1 1 1 1 0 1 1 31607.0 26556.0 33173.0 2 0.16632150926593134
1 1 1 0 1 1 1 1 1 0 1 0 0 1 0 0 1 0 1 0 0 0 0 1 0 1 1 1 1 1 1 1 1 1 0 1 0 0 0 0 0 1 1 0 1 1 1 1 1 1 0 1 0 1 0 0 0 1 1 0 0 1 1 0 0 0 1 0 0 1 0 1 0 0 1 1 1 1 0 1 1 1 0 1 0 0 1 1 1 0 1 0 1 1 0 1 1 1 1 0 31954.0 26740.0 33075.0 2 0.27845737572618967
1 1 1 0 1 1 1 1 1 0 1 0 0 1 0 0 1 0 1 0 0 0 0 1 0 1 1 1 1 1 1 1 1 1 0 1 0 0 0 0 0 1 1 0 1 1 1 1 1 1 0 1 0 1 0 0 0 1 1 0 0 1 1 0 0 0 1 0 0 1 0 1 0 0 1 1 1 1 1 0 1 1 0 1 0 0 1 1 1 0 0 0 1 1 1 1 1 1 1 0 31755.0 27885.0 32827.0 2 0.16990150424930112
1 0 1 0 1 1 1 1 1 0 1 0 0 1 0 0 1 1 1 0 0 0 0 1 0 1 1 1 1 1 1 1 1 1 0 1 0 0 0 1 0 1 1 1 1 1 1 1 1 1 0 1 0 1 0 0 0 0 1 0 1 0 1 1 0 0 1 0 0 1 0 0 0 0 1 1 1 1 0 1 1 1 0 1 0 0 1 1 1 0 0 1 1 1 1 1 0 0 0 0 32016.0 27452.0 32782.0 2 0.25184652410629976
1 1 1 0 1 1 1 0 1 0 1 0 0 1 0 0 1 1 1 0 1 0 1 0 1 0 0 1 1 1 1 0 1 1 0 1 0 0 0 1 0 1 0 1 1 1 1 1 1 1 1 1 0 1 0 0 0 1 1 0 0 0 1 1 0 0 1 0 0 1 1 0 0 0 0 1 1 1 1 1 1 0 1 1 1 1 0 1 1 0 0 1 1 0 1 1 0 0 0 1 27556.0 28033.0 32685.0 2 1000000000000000.1
1 1 1 0 1 0 1 1 1 1 1 0 1 1 0 0 1 0 0 0 0 0 0 1 0 1 1 1 1 1 1 1 1 1 0 1 0 0 0 1 0 1 1 0 1 1 1 1 1 1 0 1 0 1 0 0 0 1 1 0 0 1 1 0 0 0 1 0 0 1 0 1 0 0 1 1 1 1 1 1 1 1 0 1 0 0 1 1 1 0 0 0 1 1 0 1 1 0 1 0 32848.0 27787.0 32651.0 2 0.10659648246523437
1 0 0 0 1 1 1 1 1 0 1 0 0 1 0 0 1 1 1 0 0 0 0 1 0 1 1 1 1 1 1 1 1 1 0 1 0 0 0 1 0 1 1 1 1 1 1 1 1 1 0 1 0 1 0 0 0 1 1 0 0 0 1 0 0 0 1 0 0 1 0 1 0 0 1 1 1 1 1 1 1 1 0 1 0 0 1 1 1 0 0 0 1 1 0 1 1 0 1 1 32716.0 28398.0 32527.0 2 0.22835360182091186
1 1 1 0 1 0 1 1 1 0 1 0 1 1 0 0 1 0 0 0 0 0 0 1 0 1 1 1 1 1 1 1 1 1 0 1 0 0 0 1 0 1 1 0 1 1 1 1 1 1 0 1 0 1 0 0 0 1 1 0 0 1 1 0 0 0 1 0 0 1 0 1 0 0 1 1 1 1 1 1 1 1 0 1 0 0 1 1 1 0 0 0 1 1 0 1 1 0 1 1 33014.0 27700.0 32462.0 2 0.12641103107781237
1 1 1 0 1 0 1 1 1 0 1 0 0 1 0 0 1 1 1 0 1 1 1 0 1 0 0 1 1 1 0 1 1 0 0 0 0 0 1 0 0 1 1 0 1 1 1 1 1 1 0 1 0 1 0 0 0 1 1 0 0 1 1 0 1 0 1 0 0 1 0 1 0 0 1 1 1 1 1 1 1 0 1 1 0 0 1 1 1 0 0 1 1 1 1 1 0 0 0 0 29848.0 28482.0 32456.0 2 0.12428698530526734
1 0 1 0 1 0 1 1 1 0 1 0 0 1 0 0 1 1 1 0 0 0 0 1 0 1 1 1 1 1 1 1 1 1 0 1 0 0 0 1 0 1 0 1 1 1 1 1 1 1 0 1 0 1 0 0 0 1 1 0 0 1 1 0 0 0 1 0 0 1 1 0 1 0 0 1 1 1 1 0 1 0 0 1 1 1 0 1 1 0 0 1 0 1 1 1 0 1 0 0 29044.0 28743.0 32095.0 2 0.2950318574603045
1 0 1 0 1 0 1 1 1 0 1 0 0 1 0 0 1 1 1 0 0 0 0 1 0 1 1 1 1 1 1 1 1 1 0 1 0 0 0 1 0 1 1 1 1 1 1 1 1 1 0 1 0 1 0 0 0 0 1 0 1 0 1 1 0 0 1 0 0 1 1 0 0 0 0 1 1 1 1 1 1 0 0 1 1 1 0 1 1 0 0 1 1 1 1 1 0 0 0 0 31281.0 28485.0 32061.0 2 0.08830889718730718
1 0 1 0 1 1 1 1 1 0 1 0 0 1 1 1 0 1 1 0 1 0 0 0 0 1 1 1 0 1 0 1 0 1 0 1 0 0 0 1 0 1 0 1 1 1 1 1 1 1 0 1 0 1 1 0 0 1 1 0 0 1 1 0 0 0 1 1 0 1 0 0 0 0 1 1 1 1 1 1 1 0 1 1 1 1 0 0 1 0 0 1 0 1 1 1 0 1 0 0 30843.0 29144.0 31969.0 2 0.10700081674389936
1 0 1 0 1 0 1 1 0 0 1 1 0 1 1 0 0 1 1 0 0 0 0 1 0 1 1 1 1 1 1 1 1 1 0 1 0 0 0 1 0 1 1 0 1 1 1 1 1 1 0 1 0 1 0 0 0 0 1 0 1 0 1 1 0 0 1 0 0 1 0 0 0 0 1 1 1 1 0 1 1 1 0 1 0 0 1 1 1 0 0 0 1 1 1 1 1 1 0 1 33099.0 27758.0 31760.0 2 1000000000000000.1
1 1 1 0 1 1 1 1 1 0 1 0 0 1 0 0 0 1 1 0 1 0 1 0 1 0 0 1 1 1 0 1 1 0 0 1 0 0 1 0 0 1 1 0 1 1 1 1 1 1 1 1 0 1 1 0 0 1 1 0 0 1 1 0 0 0 1 1 0 1 0 0 0 0 1 1 1 1 1 1 1 0 1 1 1 1 0 0 1 0 0 1 0 1 1 1 0 1 0 0 29628.0 29692.0 31640.0 2 0.20788222205641352
1 0 1 0 1 1 1 1 1 0 1 0 0 1 1 1 0 1 1 0 1 0 0 0 1 0 0 1 1 1 0 1 1 1 0 1 0 0 0 1 0 1 1 1 1 1 1 1 1 1 0 1 0 1 0 0 0 0 1 0 1 0 1 1 0 0 1 0 0 1 0 0 0 0 1 1 1 1 0 1 1 1 0 1 0 0 1 1 1 0 0 0 1 1 1 1 0 1 0 1 31978.0 28951.0 31577.0 2 0.0860631593617586
1 0 1 0 1 1 1 1 1 0 1 0 0 1 1 1 0 1 1 1 1 0 0 0 0 1 1 1 0 1 0 1 0 1 0 1 0 0 0 1 0 1 0 1 1 1 1 1 1 1 0 1 0 1 0 0 0 1 1 0 0 0 1 1 0 0 1 0 0 1 1 0 0 0 0 1 1 1 1 1 1 0 1 1 1 1 0 1 1 0 0 1 1 1 1 1 0 0 0 0 30903.0 29480.0 31534.0 2 0.12859714414684517
1 0 1 0 1 1 1 1 1 0 1 0 0 1 1 1 0 1 1 0 1 0 0 0 0 1 1 1 0 1 0 1 1 1 0 1 0 0 0 1 0 1 1 0 1 1 1 1 1 1 0 1 0 1 0 0 0 1 1 0 0 1 1 0 0 0 1 0 0 1 1 1 0 0 0 1 1 1 1 1 1 0 0 1 1 0 1 0 0 0 1 0 1 1 0 1 1 1 0 1 30994.0 29163.0 31437.0 2 0.12083294070338693
1 0 1 1 1 1 1 1 1 0 1 0 0 1 1 1 0 1 1 0 1 0 0 0 0 1 0 1 0 1 0 1 0 1 0 1 0 0 0 1 0 1 1 0 1 1 1 1 1 0 0 1 0 1 0 0 0 1 1 0 0 1 1 0 0 0 1 0 0 1 0 1 0 0 1 1 1 1 1 1 1 1 0 1 0 0 1 1 1 0 1 0 1 1 0 1 1 1 1 0 32085.0 28637.0 31403.0 2 0.09523014777377381
1 0 1 0 1 0 1 1 1 0 1 0 0 1 0 0 1 1 1 0 0 0 0 1 0 1 1 1 1 1 1 1 1 1 0 1 0 0 0 1 0 1 1 1 1 1 1 1 1 1 0 1 0 1 0 0 0 0 1 0 1 0 1 1 0 0 1 0 0 1 0 0 1 0 1 1 1 1 0 1 1 1 0 1 0 0 1 0 0 0 0 1 1 1 0 1 1 1 0 0 32266.0 28633.0 31257.0 2 0.13026323973946874
1 0 1 0 1 0 1 1 1 0 1 0 0 1 0 0 1 1 1 0 0 0 0 1 0 1 1 1 1 1 1 1 1 1 0 1 0 0 0 1 0 1 1 1 1 0 1 1 1 1 0 1 0 1 0 0 0 0 1 0 1 0 1 1 0 0 1 0 0 1 0 0 1 0 1 1 1 1 0 1 1 1 0 1 0 0 1 0 0 0 0 1 1 1 0 1 1 1 1 0 33099.0 27839.0 31179.0 2 0.16482717162771496
1 1 1 0 1 0 1 1 1 0 1 0 0 1 0 0 1 1 1 0 1 0 1 0 1 0 0 1 1 1 0 1 1 0 0 1 0 0 1 0 0 1 1 1 1 1 1 1 1 1 0 1 0 1 0 0 0 1 1 0 0 1 1 0 0 0 1 0 0 1 0 0 0 0 1 1 1 1 1 1 1 1 0 1 0 0 1 1 1 0 1 0 1 1 0 1 1 0 1 0 30259.0 29676.0 30686.0 2 0.25896705598982467
1 0 1 0 1 1 1 1 1 0 1 0 0 1 1 1 0 1 1 0 1 0 0 0 1 1 0 1 1 1 0 1 0 1 0 1 0 0 0 1 0 1 0 1 1 1 1 1 1 1 0 1 0 1 0 0 0 1 1 0 0 0 1 0 0 0 1 0 0 1 0 1 0 0 1 1 1 1 0 1 1 1 0 1 0 0 1 1 1 0 0 0 1 1 0 1 1 0 1 1 31999.0 28678.0 30591.0 2 0.10443518179008016
1 0 1 0 1 1 1 1 1 0 1 0 0 1 1 1 0 1 1 0 1 0 0 0 0 1 1 1 0 1 0 1 0 1 0 1 0 0 0 1 0 1 0 1 1 1 1 1 1 1 0 1 0 1 0 0 0 1 1 0 0 0 1 0 0 0 1 0 0 1 0 1 0 0 1 1 1 1 1 1 1 1 0 1 0 0 1 1 1 0 0 0 1 1 0 1 1 0 1 1 32348.0 28801.0 30353.0 2 0.19123821508138383
1 1 1 0 1 0 1 1 1 0 1 0 0 1 0 0 1 1 1 0 1 1 1 0 1 0 0 1 1 1 0 1 1 0 0 1 0 0 1 0 0 1 1 1 0 1 1 1 1 1 0 1 0 1 0 0 0 1 1 0 0 0 1 0 0 1 1 1 0 1 0 0 0 0 1 1 1 1 1 1 1 0 0 1 1 1 1 0 0 0 0 1 1 1 0 1 1 1 0 0 29779.0 30589.0 30299.0 2 0.11215198033975864
1 1 1 0 1 0 1 1 1 0 1 0 0 1 0 0 1 1 1 1 0 1 0 0 1 0 1 1 1 1 0 1 1 1 0 1 0 0 1 1 0 1 0 1 1 1 1 1 1 1 0 1 0 1 0 0 0 1 1 0 0 0 0 0 0 0 1 1 0 1 0 0 0 0 1 1 1 1 1 1 1 0 0 1 1 1 1 0 0 0 0 0 1 1 0 1 1 0 1 1 31034.0 29162.0 30140.0 2 0.05397982279966107
1 1 1 0 1 0 1 1 0 0 1 1 0 1 1 0 0 1 1 0 1 0 1 0 1 0 0 1 1 1 0 1 1 0 0 1 0 0 1 0 0 1 1 0 1 1 1 1 1 1 1 1 0 1 0 0 0 1 1 0 0 0 1 1 0 0 1 0 0 0 0 0 1 0 1 1 1 1 1 1 1 0 0 1 0 0 1 1 1 0 0 0 1 1 1 1 1 0 1 1 30732.0 29491.0 30139.0 2 0.19503720657509352
1 0 1 0 1 0 1 1 0 0 1 1 0 1 1 0 0 1 1 0 1 0 1 0 1 0 0 1 1 1 0 1 1 0 0 1 0 0 1 0 0 1 1 0 1 1 1 1 1 1 1 1 0 1 0 0 0 1 1 0 0 0 1 0 0 0 1 0 0 1 0 1 0 0 1 1 1 1 1 1 1 1 0 1 0 0 1 1 1 0 0 1 1 1 0 1 1 0 1 1 31350.0 29663.0 29890.0 2 0.11760810766578733
1 1 1 0 1 1 1 1 1 0 1 0 0 1 1 1 0 1 1 0 1 0 0 0 0 1 0 1 0 1 0 1 0 1 0 1 0 0 1 0 0 1 1 0 1 1 1 1 1 1 0 1 0 1 0 0 0 1 1 0 0 1 1 0 0 0 1 0 0 1 0 1 1 0 1 1 1 1 1 0 1 0 0 1 1 1 1 0 0 0 0 1 1 1 0 1 1 1 0 0 30812.0 30398.0 29851.0 2 0.10300928799780122
1 0 1 0 1 1 1 1 1 0 1 0 0 1 1 1 0 1 1 0 1 0 0 0 0 1 1 1 0 1 0 1 0 1 0 1 0 0 0 1 0 1 0 1 1 1 1 1 1 1 0 1 0 1 0 0 0 1 1 0 0 0 1 0 0 1 1 1 0 1 0 0 0 0 1 1 1 1 1 1 1 0 0 1 1 1 1 0 0 0 0 1 1 1 0 1 1 1 0 0 31159.0 29836.0 29841.0 2 0.16586068597773362
1 0 1 0 1 1 1 1 1 0 1 0 0 1 1 1 0 1 1 0 1 0 0 0 0 1 1 1 0 1 0 1 0 1 0 1 0 0 1 0 0 1 1 1 1 1 1 1 1 1 0 1 0 1 0 0 0 1 1 0 0 1 1 0 0 0 1 0 0 1 0 1 0 0 1 1 0 1 1 0 1 0 0 1 1 1 1 0 0 0 0 1 1 1 0 1 1 1 1 0 31071.0 30144.0 29710.0 2 0.220572372823291
1 0 1 0 1 0 1 1 0 0 1 1 0 1 1 0 0 1 1 0 1 0 1 0 1 0 0 1 1 1 0 1 1 0 0 1 0 0 1 0 0 1 1 0 1 1 1 1 1 1 1 1 0 1 0 0 0 0 1 0 0 0 1 1 0 0 1 0 0 1 0 1 0 0 1 1 1 1 0 1 1 1 0 1 0 0 1 1 1 0 1 0 1 1 0 1 1 1 1 0 31387.0 29055.0 29493.0 2 0.16570004798699312
1 0 1 0 1 0 1 1 1 0 1 0 1 1 1 0 1 1 1 0 1 1 1 0 1 0 0 1 1 1 0 1 1 0 0 1 0 0 1 0 0 1 1 0 1 1 1 1 1 1 1 1 0 1 0 0 0 1 1 0 0 1 1 0 0 0 1 0 0 1 1 0 0 0 0 1 1 1 1 0 1 0 0 1 1 0 0 0 1 0 0 0 0 1 0 1 1 1 1 0 28515.0 30637.0 29333.0 2 1000000000000000.4
1 1 1 0 1 0 1 1 1 0 1 1 0 1 1 0 1 1 1 0 1 0 1 0 1 0 0 1 1 1 0 1 1 0 0 1 0 0 1 1 0 1 0 1 1 1 1 1 1 1 0 1 0 1 0 0 0 1 1 0 0 0 1 0 0 0 1 1 0 1 0 0 1 0 1 1 1 1 1 0 1 1 0 1 1 1 1 0 0 0 0 1 1 1 0 1 0 0 0 0 29907.0 30482.0 29105.0 2 0.1721672185340568
1 1 1 0 1 0 1 1 1 0 1 0 0 1 0 0 1 1 1 0 1 0 1 0 1 0 0 1 1 1 0 1 1 0 0 1 0 0 1 0 1 1 1 1 1 1 1 1 1 1 0 1 0 1 0 0 0 1 1 0 0 1 1 0 0 0 1 0 0 1 0 0 1 0 0 1 1 1 1 0 1 0 0 1 1 0 0 0 1 0 0 0 1 1 0 1 1 1 1 0 28631.0 30597.0 28923.0 2 1000000000000000.1
1 1 1 0 1 0 1 1 1 0 1 0 1 1 0 0 1 0 0 0 0 0 0 1 0 1 1 1 1 1 1 1 1 1 0 1 0 0 0 1 0 1 1 0 1 1 1 0 1 0 0 1 0 0 0 0 0 0 1 0 1 0 1 1 0 0 1 1 0 1 1 0 0 0 1 1 1 1 0 1 1 1 0 0 1 1 1 1 1 0 0 0 1 1 0 1 1 0 1 1 33010.0 24980.0 31599.0 3 2000000000000000.0
1 1 1 0 1 1 1 0 1 0 1 0 0 1 0 0 1 0 1 0 0 0 0 1 1 1 0 1 1 0 1 1 1 0 0 1 0 0 1 0 0 1 1 0 1 1 1 1 1 1 1 1 0 1 1 0 0 1 1 0 0 1 1 0 0 0 1 1 0 1 0 0 0 0 1 1 1 1 1 1 1 0 1 1 1 1 0 1 1 0 0 1 0 1 1 1 0 1 0 0 28394.0 26516.0 33319.0 3 1000000000000000.4
1 1 1 0 1 1 1 1 1 0 1 0 0 1 0 0 1 0 1 0 0 0 1 0 1 0 0 1 1 1 0 1 1 0 0 1 0 0 1 0 0 1 1 0 1 1 1 1 1 1 1 1 0 1 1 0 0 1 1 0 0 1 1 0 0 0 1 1 0 1 0 0 0 0 1 1 1 1 1 1 1 0 1 1 1 1 0 1 0 0 0 1 0 1 1 1 0 1 0 0 27966.0 28473.0 31991.0 3 1000000000000000.0
1 0 1 0 1 0 1 1 0 0 1 1 0 1 1 0 1 1 0 0 1 1 1 0 1 0 0 1 1 1 0 1 1 0 0 1 0 1 1 0 0 1 1 0 1 1 1 1 1 1 1 1 0 1 0 0 0 1 1 0 0 1 1 0 0 0 1 0 0 1 1 0 1 0 0 1 1 1 1 0 1 0 0 1 1 0 0 0 1 0 0 0 1 1 0 1 1 1 1 0 28641.0 30549.0 28944.0 3 1000000000000000.0
1 0 1 0 1 0 1 1 0 0 1 1 0 1 1 0 0 1 1 0 1 0 1 0 1 0 0 1 1 1 0 1 1 0 0 1 0 0 1 0 1 1 1 0 1 1 1 1 1 1 1 1 0 1 0 0 0 0 1 0 0 0 1 1 0 1 1 0 0 1 0 1 0 0 1 1 1 1 1 1 1 0 0 1 1 0 1 0 0 0 0 1 1 1 0 1 0 1 1 0 31101.0 29632.0 28552.0 3 1000000000000000.0
1 1 1 0 1 0 1 1 1 0 1 0 1 1 0 0 1 0 1 0 0 0 0 1 0 1 1 1 1 1 1 1 1 1 0 1 0 0 0 1 0 1 1 0 1 1 1 0 1 0 0 1 0 0 0 0 0 0 1 0 1 0 1 1 0 0 1 1 0 1 1 0 0 0 1 1 1 1 0 1 1 1 0 1 0 0 1 1 1 0 1 0 1 1 0 1 1 1 1 0 32795.0 25767.0 32354.0 3 0.236836251058356
1 0 1 0 1 0 1 1 1 0 1 0 0 1 0 0 1 0 1 0 0 0 0 1 0 1 1 1 1 1 1 1 1 1 0 1 0 0 0 1 0 1 1 0 1 1 0 0 1 1 1 1 0 1 0 0 0 1 1 0 0 1 1 0 0 0 1 0 0 1 0 0 1 0 1 1 1 1 0 1 1 0 1 1 1 1 0 1 1 0 0 1 0 1 1 1 0 1 0 0 28858.0 25528.0 33083.0 3 0.22999716584004185
1 1 1 0 1 0 1 1 1 0 1 0 0 1 0 0 1 1 1 0 1 0 1 0 1 0 0 1 1 1 0 1 1 0 0 1 0 0 1 0 0 1 1 1 1 1 1 1 1 1 0 1 0 1 0 0 0 1 1 0 0 1 1 0 0 0 1 0 0 1 0 1 0 0 0 1 1 1 1 1 1 0 0 1 0 0 1 1 1 0 0 0 1 1 0 1 1 0 1 1 29994.0 29498.0 30530.0 3 0.21321528323243888
1 1 1 0 1 0 1 1 1 0 1 0 1 1 0 0 0 0 1 0 0 0 0 1 0 1 1 1 1 1 1 1 1 0 0 1 0 0 1 0 0 1 1 0 1 1 1 1 1 1 0 1 0 1 0 0 0 1 1 0 0 1 1 0 1 0 1 0 0 1 0 1 0 0 1 1 1 1 1 1 1 0 0 1 0 0 1 1 1 0 0 0 1 1 0 1 1 0 1 1 32009.0 27989.0 31709.0 3 0.21318688140073866
1 1 1 0 1 0 1 1 0 0 1 1 0 1 1 0 0 1 1 0 1 0 1 0 1 0 0 1 1 1 0 1 1 0 0 1 0 0 1 0 0 1 1 0 1 1 1 1 1 1 1 1 0 1 0 0 0 1 1 0 0 0 1 0 0 0 1 0 0 1 0 1 0 0 1 1 1 1 1 1 1 1 0 1 0 0 1 1 1 0 0 0 1 1 0 1 1 0 1 1 31328.0 29541.0 29345.0 3 0.2012342657313519
1 0 1 0 1 0 0 1 0 0 1 1 0 1 1 0 0 1 1 0 1 0 0 1 0 1 1 1 1 1 1 1 1 1 0 1 0 0 0 0 0 1 1 0 1 1 1 1 1 1 0 1 0 1 0 0 0 1 1 0 0 1 1 0 0 0 1 0 0 1 0 1 0 0 1 1 1 1 1 0 1 1 0 1 0 0 1 1 1 0 0 0 1 1 1 1 1 1 1 0 32529.0 28322.0 30836.0 3 0.20045188596761757
1 0 1 0 1 1 1 1 1 0 1 0 0 1 0 0 1 0 1 0 0 0 0 1 0 1 1 1 1 1 1 1 1 1 0 1 0 0 1 0 0 1 1 0 1 1 1 1 1 1 0 1 0 1 0 0 0 0 1 0 1 0 1 1 0 0 1 0 0 1 0 0 0 0 1 1 1 1 0 1 1 1 0 1 0 0 1 1 1 0 0 0 1 1 1 1 1 1 0 1 32237.0 27359.0 32577.0 3 0.1981844240591567
1 1 1 0 1 1 1 1 1 0 1 0 0 1 0 0 1 0 1 0 0 0 0 0 0 1 1 1 1 1 1 1 1 1 0 1 0 0 0 0 0 1 1 0 1 1 1 1 1 1 0 1 0 1 0 0 0 1 1 0 0 1 1 0 0 0 1 0 0 1 0 1 0 0 1 1 1 1 0 1 1 1 0 1 0 0 1 1 1 0 0 0 1 1 1 1 1 1 0 1 31126.0 27059.0 32804.0 3 0.19780291805800806
1 0 1 0 1 1 1 1 1 0 1 0 0 1 1 1 0 1 1 0 1 0 0 0 1 0 0 1 1 1 0 1 1 1 0 1 0 0 1 0 0 1 1 0 1 1 1 1 1 1 0 1 0 1 0 0 0 1 1 0 0 1 1 0 0 0 1 0 0 1 0 1 0 0 1 1 1 1 1 0 1 0 0 1 1 0 1 0 0 0 0 1 1 1 0 1 0 1 1 0 30414.0 29449.0 30042.0 3 0.19665177820575147
1 0 1 0 1 0 1 1 1 0 1 0 1 1 0 0 1 0 0 0 0 0 0 1 0 1 1 1 1 1 1 1 1 1 0 1 0 0 0 1 0 1 1 0 1 1 1 1 1 1 0 1 0 1 0 0 0 1 1 0 0 1 1 0 0 0 1 0 0 1 0 1 0 0 1 1 1 1 1 1 1 1 0 1 0 0 1 1 1 0 0 0 1 1 0 1 1 0 1 1 32729.0 27550.0 32195.0 3 0.18921843669237176
