0 0 1 1 1 0 1 1 1 1 1 1 0 1 0 1 1 0 1 0 0 1 0 1 1 1 1 1 0 1 1 1 1 1 0 1 0 0 0 0 0 1 1 0 1 1 1 0 1 0 1 1 0 0 0 0 1 1 1 0 1 1 1 1 0 0 1 1 0 1 0 0 1 0 1 1 1 1 0 1 1 0 0 1 0 0 1 1 1 0 1 0 1 1 1 1 1 0 0 1 32700.0 27481.0 37119.0 0 2000000000000000.0
0 0 1 1 1 0 1 1 1 1 1 1 0 1 0 1 1 0 1 0 0 1 0 1 1 1 1 1 0 1 1 1 1 1 0 1 0 1 0 0 0 1 1 0 1 1 1 0 1 0 1 1 0 1 0 0 0 1 1 1 1 1 1 1 1 0 1 0 0 1 0 0 0 0 1 1 1 0 1 1 1 0 0 1 0 1 1 1 1 0 0 0 1 1 1 1 1 0 1 1 33932.0 27257.0 37118.0 0 0.27807219281937734
0 0 1 1 1 0 1 1 1 1 1 1 0 1 0 1 1 0 1 0 0 1 0 1 1 1 1 1 0 1 1 1 1 1 0 1 0 1 0 0 0 1 1 0 1 1 1 0 1 0 1 1 0 1 0 0 0 1 1 1 1 1 1 1 1 0 1 0 0 1 0 0 1 0 1 1 1 0 1 1 1 0 0 0 0 1 1 1 1 0 0 0 1 1 1 1 1 0 1 1 34410.0 26966.0 36935.0 0 1000000000000000.2
1 0 1 1 1 0 1 1 1 1 1 0 0 1 0 1 1 0 1 0 0 1 0 1 1 1 1 1 0 1 1 1 1 1 0 1 0 0 0 0 0 1 1 1 1 1 1 0 1 0 1 1 0 1 0 0 0 0 1 1 1 1 1 1 0 0 1 1 0 1 0 0 1 0 1 1 1 0 1 1 1 0 0 1 0 1 1 1 1 0 0 0 1 1 1 1 1 0 0 1 34477.0 28100.0 36717.0 0 0.16352578337431614
1 0 1 1 1 0 1 1 1 1 1 0 0 1 0 1 1 0 1 0 0 1 0 1 1 1 1 1 0 1 1 1 1 1 0 1 0 0 0 0 0 1 1 1 1 1 1 0 1 1 1 1 0 1 0 0 0 0 1 1 1 1 1 1 0 0 1 1 0 1 0 0 1 0 1 1 1 0 1 1 1 0 0 1 0 1 1 0 1 0 0 1 1 1 1 1 1 0 0 0 34624.0 29184.0 36587.0 0 0.14437932830413158
0 0 1 1 1 0 1 1 1 1 1 1 0 1 0 1 1 1 1 0 0 1 0 0 1 1 1 1 0 1 1 1 1 1 0 1 0 0 0 0 0 1 1 0 1 0 1 1 1 1 0 1 0 1 0 0 0 1 1 1 1 1 1 1 1 0 1 0 0 1 0 0 0 0 1 1 1 0 1 1 1 0 0 1 0 1 1 1 1 0 0 0 1 1 1 1 1 0 1 1 35269.0 28448.0 36505.0 0 0.14214470857950504
0 0 1 1 1 0 1 1 1 1 1 1 0 1 0 1 1 1 1 0 0 1 0 0 1 1 1 1 0 1 1 1 1 1 0 1 0 0 0 0 0 1 1 0 1 0 1 1 1 1 0 1 0 1 0 0 0 1 1 1 1 1 1 1 1 0 1 0 0 1 0 0 0 0 1 1 1 0 1 1 1 0 0 1 0 1 1 1 1 0 0 0 1 1 1 1 0 1 1 1 35445.0 28072.0 36498.0 0 0.10838572667932328
0 0 1 1 1 0 1 1 1 1 1 1 0 1 0 1 1 0 1 0 0 1 0 0 1 1 1 1 0 1 1 1 1 1 0 1 1 0 1 0 0 1 1 0 1 1 1 0 1 0 1 1 0 1 0 0 0 0 1 1 1 1 1 1 0 0 1 1 0 1 0 0 1 0 1 1 1 1 1 1 1 0 0 1 0 0 1 1 1 0 0 0 1 1 1 1 1 0 0 1 34708.0 29306.0 36473.0 0 0.061195250512372325
0 0 1 1 1 0 1 1 1 1 1 0 0 1 0 1 1 0 1 0 0 0 0 1 1 1 1 0 0 1 1 1 1 1 0 1 1 0 1 0 0 1 1 0 1 1 1 1 1 1 1 1 0 1 0 0 0 0 1 1 1 1 1 1 0 0 1 1 0 1 0 0 1 0 1 1 1 0 1 1 1 0 0 1 0 1 1 1 1 0 0 0 1 1 1 1 0 0 1 1 36382.0 28162.0 36462.0 0 0.290974336861076
1 0 1 1 1 0 1 1 1 1 1 0 0 1 0 1 1 0 1 0 0 1 0 1 1 1 1 1 0 1 1 1 0 1 0 1 0 0 0 0 0 1 1 1 1 1 1 0 1 1 1 1 0 1 0 0 0 0 1 1 1 1 1 1 0 0 1 0 0 1 0 0 1 0 1 1 1 0 1 1 1 1 0 1 0 1 1 0 1 0 0 1 1 1 1 1 0 0 1 1 35513.0 28295.0 36032.0 0 0.2583267112674428
1 0 1 1 1 0 1 1 1 1 1 0 0 1 0 1 1 0 1 0 1 1 0 0 1 1 1 1 0 1 1 1 0 1 0 1 1 0 0 0 0 1 1 0 1 1 1 1 1 0 1 1 0 1 0 0 0 0 1 1 1 1 1 1 0 0 1 1 0 1 0 0 1 0 1 1 1 0 1 1 1 0 0 1 0 1 1 1 1 0 0 0 1 1 1 1 1 0 0 1 35860.0 28652.0 35818.0 0 0.20448452892437052
0 0 1 1 1 0 1 1 1 1 1 1 0 1 0 1 1 0 1 0 0 1 0 0 1 1 1 1 0 1 1 1 1 1 0 1 1 0 1 0 0 1 1 0 1 0 1 1 1 0 0 1 0 1 0 0 0 0 1 1 1 1 1 1 0 0 1 1 0 1 0 0 1 0 1 1 1 1 1 1 1 0 0 1 0 0 1 1 1 0 0 0 1 1 1 1 1 0 0 1 35016.0 28859.0 35789.0 0 0.16363468461759345
0 0 1 1 1 0 1 1 1 1 1 1 0 1 0 1 1 0 1 0 0 1 1 0 1 1 1 1 0 1 1 1 0 1 1 1 0 0 0 0 0 1 1 0 1 1 1 0 1 0 1 1 0 0 0 0 0 1 1 0 1 1 1 1 0 0 1 1 0 1 0 0 1 0 1 1 1 1 1 1 1 1 0 1 0 0 1 1 1 0 0 0 1 1 1 1 1 0 0 1 33563.0 29354.0 35742.0 0 0.13910737649945668
1 0 1 1 1 0 1 1 1 1 1 0 0 1 0 1 1 0 0 0 0 1 0 0 1 1 1 1 0 1 1 1 1 1 0 1 1 0 1 0 0 1 1 1 1 1 1 0 1 0 1 1 0 1 0 0 0 0 1 1 1 1 1 1 0 0 1 1 0 1 0 0 1 0 1 1 1 0 1 1 1 0 0 1 0 1 1 1 1 0 0 0 1 1 1 1 1 0 0 1 34872.0 29128.0 35574.0 0 0.19040137479115243
1 0 1 1 1 0 1 1 1 1 1 0 0 1 0 1 1 0 0 0 1 1 1 0 1 1 1 1 0 1 1 1 0 1 1 1 0 0 0 0 0 1 1 0 1 1 1 0 1 0 1 1 0 0 0 0 0 1 1 0 1 1 1 1 0 0 1 1 0 1 0 0 1 0 1 1 1 1 1 1 1 1 0 1 0 0 1 1 1 0 0 0 1 1 1 1 1 0 0 1 34134.0 29309.0 35526.0 0 0.1428909530905224
0 0 1 1 1 0 1 1 1 1 1 0 0 1 0 1 1 0 1 0 1 1 0 0 1 1 1 1 0 1 1 1 0 1 0 1 1 0 0 0 0 1 1 0 1 1 1 1 1 0 1 1 0 1 0 0 0 0 1 1 1 1 1 1 0 0 1 1 0 1 0 0 1 0 1 1 1 0 1 1 1 0 0 0 0 1 1 1 1 0 0 0 1 1 1 1 1 0 1 1 36418.0 27618.0 35520.0 0 0.19601744082365052
0 0 1 1 1 0 1 1 1 1 1 0 0 1 0 1 1 0 0 0 1 1 1 0 1 1 1 1 0 1 1 1 0 1 0 1 1 0 0 0 0 1 1 0 1 1 1 0 1 0 1 1 0 1 0 0 0 0 1 1 1 1 1 1 0 0 1 1 0 1 0 0 1 0 1 1 1 1 1 1 1 0 0 1 0 0 1 1 1 0 0 0 1 1 1 1 1 0 0 1 34710.0 29372.0 35437.0 0 0.1153350035935329
0 0 1 1 1 0 1 1 1 1 1 0 0 1 0 1 1 1 1 0 0 1 0 1 1 1 1 1 0 1 1 1 1 1 0 1 1 0 1 0 0 1 1 0 1 0 1 1 1 0 0 1 0 1 0 0 0 0 1 1 1 1 1 1 0 0 1 1 0 1 0 0 1 0 1 1 1 0 1 1 1 0 0 0 0 1 1 1 1 0 0 0 1 1 1 1 1 0 1 0 36777.0 27790.0 35435.0 0 1000000000000000.1
0 0 1 1 1 0 1 1 1 1 1 0 0 1 0 1 1 0 0 0 1 1 1 0 1 1 1 1 0 1 1 1 0 1 0 1 1 0 0 0 0 1 1 0 1 1 1 0 1 0 1 1 0 0 0 0 1 1 1 0 1 1 1 1 0 0 1 1 0 1 0 0 1 0 1 1 1 1 1 1 1 0 0 1 0 0 1 1 1 0 0 0 1 1 1 1 1 0 0 1 33711.0 29570.0 35306.0 0 0.2884800972607423
0 0 1 1 1 0 1 1 1 0 1 1 0 1 0 1 1 0 0 0 1 1 1 0 1 1 1 1 0 1 1 1 1 1 0 1 1 0 1 0 0 1 1 0 1 1 1 0 1 0 0 1 0 1 0 0 0 0 1 1 1 1 1 1 0 0 1 1 0 1 0 0 1 0 1 1 1 0 1 1 1 0 0 1 0 1 1 1 1 0 0 0 1 1 1 1 1 0 0 1 34948.0 29170.0 34976.0 0 0.1751915971313025
1 0 1 1 1 0 1 1 1 1 1 0 0 1 0 1 1 0 0 0 1 1 1 0 1 1 1 1 0 1 1 1 0 1 0 1 1 0 0 0 0 1 1 0 1 1 1 0 1 0 1 1 0 0 0 0 1 1 1 0 1 1 1 1 0 0 1 1 0 1 0 0 1 0 1 1 1 1 1 1 1 0 0 1 0 0 1 1 1 0 0 0 1 1 1 1 1 0 0 0 33431.0 29699.0 34812.0 0 0.5781010970392138
1 0 1 1 1 0 1 1 1 1 1 1 0 1 0 1 1 0 1 0 0 1 0 0 1 1 1 1 0 1 1 1 1 1 0 1 1 0 1 0 0 1 1 0 1 1 1 1 1 1 1 1 0 1 0 0 0 0 1 1 1 1 1 1 0 0 0 0 0 1 0 0 1 1 1 1 1 0 1 1 1 0 0 1 0 1 1 0 1 0 0 1 1 1 1 1 1 0 0 0 35417.0 30872.0 34802.0 0 0.5870837751887078
1 0 1 1 0 0 1 1 1 0 1 1 0 1 0 1 1 0 0 0 1 1 1 0 1 1 1 1 0 1 1 1 1 1 0 1 1 0 1 0 0 1 1 0 1 0 1 1 1 0 1 1 0 1 0 0 0 0 1 1 1 1 1 1 0 0 1 1 0 1 0 0 1 0 1 1 1 0 1 1 1 0 0 1 0 1 1 1 1 0 0 0 1 1 1 1 1 0 0 1 35540.0 28760.0 33950.0 0 0.4118214100037818
0 0 1 1 0 0 1 1 1 0 1 1 0 1 0 1 1 1 0 0 1 1 0 0 1 1 1 1 0 1 1 1 1 1 0 1 1 0 1 0 0 1 1 0 1 0 1 1 1 0 1 1 0 1 0 0 0 0 1 1 1 1 1 1 0 0 1 1 0 1 0 0 1 0 1 1 1 0 1 1 1 0 0 1 0 1 1 1 1 0 0 0 1 1 1 1 1 0 0 1 35887.0 28528.0 33722.0 0 0.3700745337455569
0 0 1 1 1 0 1 1 1 1 1 1 0 1 0 1 1 1 1 1 0 1 0 0 1 1 1 1 0 1 1 1 0 1 0 1 1 0 0 0 0 1 1 0 1 1 1 1 1 0 1 1 0 1 0 0 0 0 1 1 1 1 1 1 0 0 0 0 0 1 0 0 1 1 1 1 1 0 1 1 1 0 0 1 1 1 1 0 1 0 0 0 1 1 1 1 1 0 0 0 35165.0 31009.0 33199.0 0 2000000000000000.0
0 0 1 1 1 0 1 1 1 1 1 0 0 1 0 1 1 0 1 0 0 1 0 1 1 1 0 1 0 1 1 1 1 1 0 1 0 0 0 1 0 1 1 0 1 1 1 0 1 0 1 1 0 0 0 0 1 1 1 0 1 1 1 1 0 0 1 1 0 1 0 0 1 0 1 1 1 1 0 1 1 0 0 1 0 0 1 1 1 0 1 0 1 1 1 1 1 0 0 1 31972.0 27123.0 37024.0 1 2000000000000000.0
1 0 1 1 1 0 1 1 1 1 1 0 0 1 0 1 1 0 1 0 0 1 0 0 1 1 1 1 0 1 1 1 1 1 0 1 0 1 0 1 0 1 1 0 1 0 1 1 1 0 1 1 0 1 0 0 0 1 1 1 1 1 1 1 0 0 1 1 0 1 0 0 1 0 0 1 1 0 1 1 0 0 1 0 1 0 1 1 1 0 0 0 1 1 1 1 0 0 1 1 33481.0 25030.0 37024.0 1 0.271198812633314
0 0 1 1 1 0 1 1 1 1 1 1 0 1 0 1 1 0 1 0 0 1 0 1 1 1 0 1 0 1 1 1 1 1 0 1 0 0 0 0 1 1 1 0 1 1 1 0 1 0 1 1 0 1 0 0 0 0 1 1 1 1 1 1 0 0 1 1 0 1 0 0 1 0 0 1 1 0 1 1 0 0 1 0 1 0 1 1 1 0 0 0 1 1 1 1 1 0 1 1 32863.0 26216.0 36754.0 1 0.2798941460383898
0 0 1 1 1 0 1 1 1 1 1 0 0 1 0 1 1 0 1 0 0 1 0 1 1 1 1 1 0 1 1 1 1 1 0 1 0 0 0 0 0 1 1 0 1 0 1 1 1 0 1 1 0 1 0 0 0 0 1 1 1 1 1 1 1 0 1 0 0 1 0 0 1 0 0 1 1 0 1 1 1 0 1 0 0 0 1 1 1 0 0 1 1 1 1 1 1 0 1 1 34048.0 26501.0 36708.0 1 0.10162602029644735
0 0 1 1 1 0 1 1 1 1 1 1 0 1 0 1 1 0 1 0 0 1 0 1 1 1 1 1 0 1 1 1 1 1 0 1 0 0 0 0 0 1 1 0 1 1 1 0 1 0 1 1 0 0 0 0 1 1 1 0 1 1 1 1 0 0 1 1 0 1 0 0 1 0 1 1 1 1 0 1 1 0 0 1 0 0 1 1 1 0 0 0 1 1 1 1 1 0 0 1 32548.0 27455.0 36706.0 1 0.27309892627179744
0 0 1 1 1 0 1 1 1 1 1 1 0 1 0 1 1 0 1 0 0 1 0 1 1 1 1 1 0 1 1 1 1 1 0 1 0 0 0 0 0 1 1 0 1 1 1 0 1 0 1 1 0 0 0 0 1 0 1 0 1 1 1 1 0 0 1 1 0 1 0 0 1 0 1 1 1 1 0 1 1 0 0 1 0 1 1 1 1 0 1 0 1 1 1 1 1 0 0 1 33143.0 27533.0 36579.0 1 0.20073494790130222
0 0 1 1 1 0 1 1 1 1 1 0 0 1 0 1 1 0 1 0 0 0 1 1 1 1 1 1 0 1 1 1 1 1 0 1 0 1 0 1 0 1 1 0 1 0 1 0 1 1 1 0 0 1 0 0 0 0 1 1 1 1 1 1 0 0 1 1 0 1 0 0 0 0 1 1 1 0 1 1 1 0 0 1 0 1 1 1 1 0 0 1 1 1 1 1 1 0 0 1 34130.0 26559.0 36547.0 1 0.07835024712858325
0 0 1 1 1 0 1 1 1 1 1 0 0 1 0 1 1 0 1 0 0 1 0 1 1 1 1 1 0 1 1 1 1 1 0 1 0 1 0 1 0 1 1 0 0 0 1 0 1 1 1 0 0 1 0 0 0 0 1 1 1 1 1 1 0 0 1 1 0 1 0 0 1 0 1 1 1 0 1 1 1 0 0 0 0 1 1 1 1 0 0 1 1 1 1 1 1 0 0 1 34315.0 24999.0 36478.0 1 0.0809385483244379
1 0 1 1 1 0 1 1 1 1 1 0 0 1 0 1 1 0 1 0 0 1 0 1 1 1 1 1 0 1 1 1 1 1 0 1 0 0 0 0 0 1 1 0 1 0 1 1 1 0 1 1 0 1 0 0 0 0 1 1 1 1 1 1 0 0 1 1 0 1 0 0 1 0 1 1 1 1 1 1 1 0 0 1 0 0 1 1 1 0 0 0 1 1 1 1 1 0 0 1 34693.0 27878.0 36456.0 1 0.0401430250102212
0 0 1 1 1 0 1 1 1 1 1 1 0 1 0 1 1 0 1 0 0 1 0 0 1 1 1 1 0 1 1 1 1 1 0 1 1 0 0 0 0 1 1 0 1 1 1 0 1 0 1 1 0 0 0 0 1 1 1 0 1 1 1 1 0 0 1 1 0 1 0 0 1 0 1 1 1 1 1 1 1 1 0 1 0 0 1 1 1 0 0 0 1 1 1 1 1 0 0 1 33977.0 29197.0 36426.0 1 0.1790388151485482
0 0 1 1 1 0 1 1 1 1 1 0 0 1 0 1 1 0 1 0 0 1 0 1 1 1 1 1 0 1 1 1 1 1 0 1 0 0 0 0 0 1 1 0 1 0 1 1 1 0 0 1 0 1 0 0 0 1 1 1 1 1 1 1 0 0 1 1 0 1 0 0 1 0 1 1 1 0 1 1 1 0 0 0 0 1 1 1 1 0 0 1 1 1 1 1 1 0 0 1 34740.0 26063.0 36376.0 1 0.21552114079295862
0 0 1 1 1 1 1 1 1 1 1 0 0 1 0 1 1 0 1 0 0 1 0 0 1 1 1 1 0 1 1 1 1 1 0 1 0 0 0 0 0 1 1 0 1 0 1 1 1 1 0 1 0 1 0 0 1 0 1 1 1 1 1 1 0 0 1 0 0 1 0 0 1 0 1 1 1 0 1 1 1 0 0 1 0 0 1 1 1 0 1 0 1 1 1 1 0 1 1 1 34706.0 27263.0 36355.0 1 0.06302695629987999
1 0 1 1 1 0 1 1 1 1 1 0 0 1 0 1 1 0 1 0 0 1 0 1 1 1 1 1 0 1 1 1 1 1 0 1 0 0 0 0 0 1 1 0 1 0 1 1 1 0 1 1 0 1 0 0 0 0 1 1 1 1 1 1 0 0 1 1 0 1 0 0 0 0 1 1 1 0 1 1 1 0 0 1 0 1 1 1 1 0 0 1 1 1 1 1 1 0 0 1 34719.0 26788.0 36344.0 1 0.10359810002208156
0 0 1 1 1 0 1 1 1 1 1 0 0 1 0 1 1 0 1 0 0 1 0 1 1 1 1 1 0 1 1 1 1 1 0 1 0 1 0 1 0 1 1 0 0 0 1 0 1 1 1 0 0 1 0 0 0 0 1 1 1 1 1 1 0 0 1 1 0 1 0 0 1 0 1 1 1 0 1 1 1 0 0 0 0 1 1 1 1 0 0 0 1 1 1 1 1 0 1 1 34912.0 24737.0 36238.0 1 1000000000000000.0
1 0 1 1 1 0 1 1 1 1 1 0 0 1 0 1 1 0 1 0 0 0 0 1 1 1 1 1 0 1 1 1 1 1 0 1 0 1 0 1 0 1 1 0 1 0 1 0 1 1 1 0 0 1 0 0 0 0 1 1 1 1 1 1 0 0 1 1 0 1 0 0 0 0 1 1 1 0 1 1 1 0 0 1 0 1 1 1 1 0 0 0 1 1 1 1 0 1 1 1 35010.0 25127.0 36188.0 1 0.0709197768823272
1 0 1 1 1 0 1 1 1 1 1 0 0 1 0 1 0 0 1 0 0 0 0 1 1 1 1 1 0 1 1 1 1 1 0 1 0 1 0 1 0 1 1 0 1 0 1 0 1 1 1 0 0 1 0 0 0 0 1 1 1 1 1 1 0 0 1 1 0 1 0 0 1 0 1 1 1 0 1 1 1 0 1 0 0 1 1 1 1 0 0 0 1 1 1 1 1 0 1 1 35531.0 25175.0 36184.0 1 0.20962725446726926
1 0 1 1 1 0 1 1 1 1 1 1 0 1 0 1 1 1 1 0 0 1 0 0 0 1 1 1 0 1 1 1 1 1 0 1 0 0 0 0 0 1 1 0 1 0 1 1 1 1 0 1 0 1 0 0 0 1 1 1 1 1 1 1 1 0 1 0 0 1 0 0 0 0 1 1 1 0 1 1 1 0 0 1 0 1 1 1 1 0 0 0 1 1 1 1 1 0 1 1 35200.0 28346.0 36155.0 1 0.03929839419778472
1 0 1 1 1 0 1 1 1 1 1 0 0 1 0 1 1 0 1 0 0 1 0 1 1 1 1 1 0 1 1 1 1 1 0 1 0 0 0 0 0 1 1 0 1 0 1 1 1 0 1 1 0 1 0 0 1 0 1 1 1 1 1 1 0 0 1 1 0 1 0 0 1 0 1 1 1 0 1 1 1 0 0 0 0 1 1 1 1 0 0 0 1 1 1 1 1 0 1 1 36019.0 26667.0 36147.0 1 0.11677327791367433
1 0 1 1 1 0 1 1 1 1 1 0 0 1 0 1 1 0 1 0 0 1 0 1 1 1 1 1 0 1 1 1 1 1 0 1 0 0 0 0 0 1 1 0 1 0 1 1 1 0 1 1 0 1 0 0 1 0 1 1 1 1 1 1 0 0 1 1 0 1 0 0 1 0 1 1 1 0 1 1 1 0 0 1 0 1 1 1 1 0 0 0 1 1 1 1 0 1 1 0 35629.0 27152.0 36130.0 1 0.07208202695869748
0 0 1 1 1 0 1 1 1 1 1 1 0 1 0 1 1 0 1 0 0 1 0 0 1 1 1 1 0 1 1 1 1 1 0 1 0 0 0 0 0 1 1 0 1 0 1 1 1 1 0 1 0 1 0 0 1 0 1 1 1 1 1 1 0 0 1 0 0 1 0 0 1 0 1 1 1 0 1 1 1 0 0 1 0 1 1 1 1 0 1 0 1 1 1 1 0 1 1 1 35277.0 27609.0 36094.0 1 0.09124925710530726
1 0 1 1 1 0 1 1 1 1 1 0 0 1 0 0 1 0 1 0 0 1 0 1 1 1 1 1 0 1 1 1 1 1 0 1 1 0 1 0 0 1 1 0 1 1 1 0 1 0 1 1 0 1 0 0 0 0 1 1 1 1 1 1 0 0 1 1 0 1 0 0 1 0 1 1 1 0 1 1 1 0 0 0 0 1 1 1 1 0 0 0 1 1 1 1 1 0 1 1 36097.0 26708.0 35993.0 1 0.1145706202510254
1 0 1 1 1 0 1 1 1 1 1 0 0 1 0 1 1 0 1 0 0 1 0 1 1 1 1 1 0 1 1 1 1 1 0 1 0 0 0 0 0 1 1 1 1 1 1 0 1 0 1 1 0 1 0 0 0 0 1 1 1 1 1 1 0 0 1 0 0 1 0 0 1 0 1 1 1 0 1 1 1 1 0 1 0 1 1 0 1 0 0 1 1 1 1 1 1 0 0 1 34238.0 28420.0 35955.0 1 0.07193251527295474
0 0 1 1 1 0 1 1 1 1 0 1 0 1 0 1 1 0 1 0 0 1 0 0 1 1 1 1 0 1 1 1 1 1 0 1 1 0 1 0 0 1 1 0 1 1 1 0 1 0 1 1 0 1 0 0 0 0 1 1 1 1 1 1 0 0 1 1 0 1 0 0 1 0 1 1 1 1 1 1 1 0 0 1 0 0 1 1 1 0 0 0 1 1 1 1 1 0 0 1 34299.0 28966.0 35912.0 1 0.11004958798492254
0 0 1 1 1 0 1 1 1 1 1 1 0 1 0 1 1 0 1 0 0 0 0 0 1 1 1 1 0 1 1 1 1 1 0 1 1 0 1 0 0 1 1 0 1 1 1 0 1 0 1 1 0 1 0 0 0 0 1 1 1 1 1 1 0 0 1 0 0 1 0 0 1 0 1 1 1 0 1 1 1 0 0 1 0 1 1 1 1 0 0 1 1 1 1 1 1 0 1 1 34846.0 28352.0 35802.0 1 0.0963202654826044
1 0 1 1 1 0 1 1 1 1 1 0 0 1 0 1 1 0 0 0 0 1 0 0 1 1 1 1 0 1 1 1 1 1 0 1 1 0 1 0 0 1 1 0 1 0 1 1 1 0 0 1 0 1 0 0 0 1 1 1 1 1 1 1 0 0 1 1 0 1 0 0 1 0 1 1 1 1 1 1 1 0 0 1 0 0 1 1 1 0 0 0 1 1 1 1 1 0 0 1 34947.0 28628.0 35721.0 1 0.06371627388820722
0 0 1 1 1 0 1 1 1 1 1 1 0 1 0 1 1 0 1 0 0 0 0 0 1 1 1 1 0 1 1 1 1 1 0 1 1 0 1 0 0 1 1 0 1 1 1 0 1 0 1 1 0 1 0 0 0 0 1 1 1 1 1 1 0 0 1 1 0 1 0 0 1 0 1 1 1 1 1 1 1 0 0 1 0 0 1 1 1 0 0 0 1 1 1 1 1 0 0 1 34349.0 29040.0 35691.0 1 0.10373961954345673
1 0 1 1 1 0 1 1 1 1 1 0 0 1 0 1 1 0 0 0 0 1 0 0 1 1 1 1 0 1 1 1 1 1 0 1 1 0 1 0 0 1 1 0 1 0 1 1 1 0 0 1 0 1 0 0 0 1 1 1 1 1 1 1 0 0 1 1 0 1 0 0 1 0 1 1 1 1 1 1 1 0 0 0 0 1 1 1 1 0 0 0 1 1 1 1 1 0 1 1 36295.0 27891.0 35685.0 1 0.15429500297623033
0 0 1 1 1 0 1 1 1 1 1 0 0 1 0 1 1 0 1 0 1 1 0 0 1 1 1 1 0 1 1 1 0 1 0 1 1 0 0 0 0 1 1 0 1 1 1 1 1 0 1 1 0 1 0 0 0 0 1 1 1 1 1 1 0 0 1 1 0 1 0 0 1 0 1 1 1 0 1 1 1 0 0 1 0 1 1 1 1 0 0 0 1 1 1 1 1 0 0 1 35544.0 28496.0 35625.0 1 0.1441374484491043
0 0 1 1 1 0 1 1 1 0 1 1 0 1 0 1 1 0 0 0 1 1 0 0 1 1 1 1 0 1 1 1 1 1 0 1 1 0 1 0 0 1 1 0 1 1 1 0 1 0 1 1 0 1 0 0 0 0 1 1 1 1 1 1 0 0 1 1 0 1 0 0 1 0 1 1 1 1 1 1 1 0 0 1 0 0 1 1 1 0 0 0 1 1 1 1 1 0 0 1 34684.0 29352.0 35302.0 1 0.30387521606611356
1 0 1 1 0 0 1 1 1 0 1 1 0 1 0 1 1 0 0 0 1 1 1 0 1 1 1 1 0 1 1 1 1 1 0 1 1 0 1 0 0 1 1 0 1 0 1 1 1 0 0 1 0 1 0 0 0 1 1 1 1 1 1 1 0 0 1 1 0 1 0 0 1 0 1 1 1 1 1 1 1 0 0 1 0 0 1 1 1 0 0 0 1 1 1 1 1 0 0 1 35172.0 29247.0 34788.0 1 0.1947179419407279
0 0 1 1 1 0 1 1 1 1 1 1 0 1 0 1 1 0 1 0 0 1 0 0 1 1 1 1 0 1 1 1 1 1 0 1 1 0 1 0 0 1 1 1 1 1 1 1 1 0 1 1 0 1 0 0 0 0 1 1 1 0 1 1 0 0 1 0 0 1 0 0 1 0 1 1 1 0 1 1 1 0 0 1 0 1 1 1 1 0 0 0 1 1 1 1 1 0 0 1 34169.0 29907.0 34659.0 1 0.14363714248049722
0 0 1 1 1 0 1 1 1 1 1 1 0 1 0 1 1 0 1 0 0 1 0 0 1 1 1 1 0 1 1 1 1 1 0 1 1 0 1 0 0 1 1 0 1 1 1 1 1 1 1 1 0 1 0 0 0 0 1 1 1 1 1 1 0 0 0 0 0 1 0 0 1 1 1 1 1 0 1 1 1 0 0 1 0 1 1 0 1 0 0 1 1 1 1 1 1 0 0 0 35101.0 30716.0 34609.0 1 0.17050722952339867
0 0 1 1 1 0 1 1 1 1 1 0 0 1 0 1 1 1 1 0 0 1 0 0 1 1 1 1 0 1 1 1 1 1 0 1 1 0 1 0 0 1 1 0 1 0 1 1 1 0 0 1 0 1 0 0 0 0 1 1 1 0 1 1 0 0 1 1 0 1 0 0 1 0 1 1 1 0 1 1 1 0 1 0 0 1 1 0 1 0 0 0 1 1 1 1 1 0 1 1 36475.0 27752.0 34517.0 1 1000000000000000.0
0 0 1 1 1 0 1 1 1 1 1 0 0 1 0 1 1 0 1 0 0 0 0 1 1 1 1 1 0 1 1 1 1 1 0 1 1 0 1 0 0 1 1 0 1 1 1 1 1 1 1 1 0 1 0 0 0 0 1 1 1 1 1 1 0 0 0 0 0 1 0 0 1 1 1 1 1 0 1 1 1 0 0 1 0 1 1 0 1 0 0 1 1 1 1 1 1 0 0 0 35126.0 30177.0 34425.0 1 0.2805733841327662
1 0 1 1 1 0 1 1 1 1 1 0 0 1 0 1 1 0 0 0 0 1 0 0 1 1 1 1 0 1 1 1 1 1 0 1 1 0 1 0 0 1 1 0 1 0 1 1 1 0 1 1 0 1 0 0 0 0 1 1 1 1 1 1 0 0 1 1 0 1 1 0 0 1 1 1 1 0 1 1 1 0 0 1 0 1 1 0 1 0 0 1 1 1 1 1 1 0 0 0 35191.0 28697.0 33967.0 1 0.22244681126523175
0 0 1 1 0 0 1 1 1 0 1 1 0 1 0 1 1 0 0 0 1 1 1 0 1 1 1 1 0 1 1 1 1 1 0 1 1 0 1 0 0 1 1 0 1 0 1 1 1 0 1 1 0 1 0 0 0 0 1 1 1 1 1 1 0 0 1 1 0 1 0 0 1 0 1 1 1 0 1 1 1 0 0 1 0 1 1 1 1 0 0 0 1 1 1 1 1 0 0 1 35224.0 28604.0 33757.0 1 0.11868244511652233
0 0 1 1 0 0 1 1 1 0 1 1 0 1 0 1 1 0 0 0 1 1 1 0 1 1 1 1 0 1 1 1 1 1 0 1 1 0 1 0 0 1 1 0 1 0 1 1 1 0 1 1 0 1 0 0 0 0 1 1 1 1 1 1 0 0 1 1 0 1 0 0 1 0 1 1 1 0 1 1 1 0 0 1 0 1 1 1 1 0 0 0 1 1 1 1 0 1 1 0 35708.0 28211.0 33635.0 1 0.3328111857284014
0 0 1 1 1 0 1 1 1 0 1 1 0 1 0 1 1 0 0 0 1 1 1 0 1 1 1 1 0 1 1 1 1 1 0 1 1 0 1 0 0 1 1 0 1 1 1 1 1 0 1 1 0 1 0 0 0 0 1 1 1 1 1 1 0 0 0 0 0 1 0 0 1 1 1 1 1 0 1 1 1 0 0 1 0 1 1 0 1 0 0 1 1 1 1 1 1 0 0 0 34573.0 30853.0 33044.0 1 1000000000000000.2
0 0 1 1 1 0 1 1 1 1 0 1 0 1 0 1 1 0 0 0 1 1 1 0 1 1 1 1 0 1 1 1 0 1 0 1 1 0 0 0 0 1 1 0 1 1 1 1 1 0 1 1 0 1 0 0 0 0 1 1 1 1 1 1 0 0 0 0 0 1 0 0 1 1 1 1 1 0 1 1 1 0 0 1 0 1 1 0 1 0 0 0 1 1 1 1 1 0 1 1 35325.0 29709.0 32874.0 1 1000000000000000.1
0 0 1 1 1 0 1 1 1 1 1 1 0 1 0 1 1 0 1 0 0 1 0 1 1 1 1 1 0 1 1 1 1 1 0 1 0 0 0 0 0 1 1 0 1 1 1 0 1 0 1 1 0 0 0 0 1 1 1 0 1 1 1 1 0 0 1 1 0 1 0 0 1 0 0 1 1 0 1 1 0 0 1 0 1 0 1 1 1 0 0 0 0 1 1 1 1 0 1 1 31483.0 26092.0 37008.0 2 2000000000000000.0
0 0 1 1 1 0 1 1 1 0 1 1 0 1 0 1 1 0 0 0 1 1 1 0 1 1 1 1 0 1 1 1 1 1 0 1 1 0 1 0 0 1 1 1 1 1 1 0 1 0 1 1 0 0 0 0 1 0 1 1 1 1 1 1 0 0 1 1 0 1 0 0 1 1 0 0 1 1 1 1 0 0 0 1 0 1 1 0 0 0 0 0 1 1 1 1 1 0 0 0 31866.0 30751.0 31705.0 2 2000000000000000.0
0 0 1 1 1 0 1 1 1 1 1 0 0 1 0 1 1 0 1 0 0 1 0 1 1 1 1 1 0 1 1 1 1 1 0 1 0 1 0 1 0 1 1 0 0 0 1 0 1 1 1 0 0 1 0 0 0 0 1 1 1 1 1 1 0 0 1 1 0 1 0 0 0 0 1 1 1 0 1 1 1 0 0 1 0 1 1 1 1 0 0 1 1 1 1 1 1 0 0 1 33837.0 25290.0 36661.0 2 1000000000000000.2
0 0 1 1 0 0 1 1 1 0 1 1 0 1 0 1 1 1 0 0 1 1 0 0 1 1 1 1 0 1 1 1 1 1 0 1 1 0 1 0 0 1 1 0 1 0 1 1 1 0 1 1 0 1 0 0 0 0 1 1 1 1 1 1 0 0 0 1 0 1 0 0 1 0 1 1 1 0 1 1 1 0 0 0 0 1 1 1 1 0 0 0 1 1 1 1 1 0 1 1 36467.0 27551.0 32961.0 2 1000000000000000.1
1 0 1 1 1 0 1 1 1 1 1 0 0 1 0 1 1 0 0 0 1 1 1 0 1 1 1 1 0 1 1 1 1 1 0 1 1 0 1 0 0 1 1 1 1 1 1 0 1 0 1 1 0 0 0 0 1 0 1 1 1 1 1 1 0 0 1 1 0 1 0 0 1 1 0 0 1 1 1 1 0 0 0 1 0 1 1 0 0 0 0 0 1 1 1 1 1 0 0 0 32461.0 30660.0 32660.0 2 0.3232232897933947
1 0 1 1 0 0 1 1 1 0 1 1 0 1 0 1 1 0 0 0 1 1 1 0 1 1 1 1 0 1 1 1 1 1 0 1 1 0 1 0 0 1 1 1 1 1 1 0 1 0 1 1 0 1 0 0 0 0 1 1 1 1 1 1 0 0 1 1 0 1 1 0 1 1 0 0 1 1 1 1 0 0 0 1 0 1 1 0 0 1 0 0 1 1 1 1 1 0 0 0 32609.0 30388.0 31775.0 2 0.31844004695097244
1 0 1 1 1 0 1 1 1 1 1 1 0 1 0 1 1 1 1 0 0 1 0 0 0 1 1 1 0 1 1 1 1 1 0 1 0 0 0 0 0 1 1 0 1 0 1 1 1 1 0 1 0 1 0 0 0 1 1 1 1 1 1 1 1 0 1 0 0 1 0 0 0 0 1 1 1 0 1 1 1 0 0 1 0 1 1 1 1 0 0 0 1 1 1 1 1 0 0 1 34296.0 28336.0 35583.0 2 0.24331427591106894
1 0 1 1 0 0 1 1 1 0 1 1 0 1 0 1 1 0 0 0 1 1 1 0 1 1 1 1 0 1 1 1 1 1 0 1 1 1 1 0 0 1 1 0 1 1 1 1 1 1 1 1 0 1 0 0 0 0 1 1 1 1 1 1 0 0 0 0 0 0 0 0 1 1 1 1 1 0 1 1 1 0 0 1 0 1 1 0 1 0 0 1 1 1 1 1 1 0 0 0 34550.0 30343.0 32390.0 2 0.2182444940147307
1 0 1 1 0 0 1 1 1 0 1 1 0 1 0 1 1 0 0 0 1 1 0 0 1 1 1 1 0 1 1 1 1 1 0 1 1 0 1 0 0 1 1 0 1 0 1 1 1 0 1 1 0 1 0 0 1 0 1 1 1 1 1 1 0 0 1 0 0 1 0 0 1 0 1 1 1 0 1 1 1 0 0 1 0 1 1 1 1 0 0 0 1 1 1 1 1 0 1 1 35519.0 28047.0 33600.0 2 0.21060433678300963
0 0 1 1 1 0 1 1 1 1 1 0 0 1 0 1 1 0 1 0 0 0 0 1 1 1 1 1 0 1 1 1 1 1 0 1 0 1 0 1 0 1 1 0 1 0 1 1 1 0 1 1 0 1 0 0 0 0 1 1 1 1 1 1 0 0 1 1 0 1 0 0 1 0 0 1 1 0 1 1 0 0 1 0 1 0 1 1 1 0 0 0 1 1 1 1 1 0 1 1 33594.0 25498.0 36553.0 2 0.1966714840236262
0 0 1 1 1 0 1 1 1 1 1 0 0 1 0 1 1 0 1 0 0 1 0 1 1 1 1 1 0 1 1 1 1 1 0 1 0 0 0 0 0 1 1 0 1 0 1 1 1 0 1 1 0 1 0 0 1 0 1 1 1 1 1 1 0 0 1 1 0 1 0 0 1 0 1 1 1 0 1 1 1 0 0 0 0 1 1 1 1 0 0 0 1 1 1 1 1 0 1 1 35703.0 26511.0 35954.0 2 0.1909101337073193
1 0 1 1 0 0 1 1 1 0 1 1 0 1 0 1 1 0 0 0 1 1 0 0 1 1 1 1 0 1 1 1 1 1 0 1 1 0 1 0 0 1 1 0 1 0 1 1 1 0 1 1 0 1 0 0 0 0 1 1 1 1 1 1 0 0 1 0 0 1 0 0 1 1 1 1 1 1 1 1 1 0 1 1 0 1 1 0 1 0 0 1 1 1 1 1 1 0 0 0 35101.0 29510.0 33477.0 2 0.18604146593769044
1 0 1 1 1 0 1 1 1 1 1 1 0 1 0 1 1 0 1 0 0 1 0 0 1 1 1 1 0 1 1 1 1 1 0 1 1 0 1 0 0 1 1 0 1 1 1 1 1 1 1 1 0 1 0 0 0 0 1 1 1 1 1 1 0 0 0 0 0 0 0 0 1 1 1 1 1 0 1 1 1 0 0 1 0 1 1 0 1 0 0 1 1 1 1 1 1 0 0 0 34720.0 30193.0 34007.0 2 0.1654498715633413
1 0 1 1 1 0 1 1 1 1 1 0 0 1 0 1 1 0 0 0 0 1 0 0 1 1 1 1 0 1 0 1 1 1 0 1 1 0 1 0 0 1 1 1 1 1 1 0 1 0 1 1 0 1 0 0 0 0 1 1 1 1 1 1 0 0 1 1 0 1 0 0 1 0 1 1 1 0 1 1 1 0 0 1 0 1 1 1 1 0 0 0 1 1 1 1 1 0 0 1 34375.0 28990.0 35114.0 2 0.15980792863143162
1 0 1 1 0 0 1 1 1 0 1 1 0 1 0 1 1 0 0 0 1 1 0 0 1 1 1 1 0 1 1 1 1 1 0 1 1 0 1 0 0 1 1 0 1 0 1 1 1 0 1 1 0 1 0 0 0 0 1 1 1 1 1 1 0 0 1 1 0 1 0 0 1 0 1 1 1 1 1 1 1 0 0 1 0 0 1 1 1 0 0 0 1 1 1 1 1 0 0 1 35104.0 28575.0 34075.0 2 0.1509995365514632
0 0 1 1 1 0 1 1 1 1 1 1 0 1 0 1 1 0 1 0 0 1 0 0 1 1 1 1 0 1 1 1 1 1 0 1 1 0 1 0 0 1 1 1 1 1 1 1 1 0 1 1 0 1 0 0 0 0 1 1 1 0 1 1 0 0 1 0 0 1 0 0 1 0 1 1 1 0 1 1 1 0 0 1 0 0 1 1 1 0 0 0 1 1 1 1 1 0 0 1 33695.0 29766.0 34590.0 2 0.14579060780868264
1 0 1 1 1 0 1 1 1 1 1 0 0 1 0 1 1 0 0 0 1 1 0 1 1 1 1 1 0 1 1 1 1 1 0 1 0 0 0 0 0 1 1 0 1 1 1 0 1 0 1 1 0 0 0 0 1 1 1 0 1 1 1 1 0 0 1 1 0 1 0 0 1 0 1 1 1 1 0 1 1 0 0 1 0 0 1 1 1 0 0 0 1 1 1 1 1 0 0 1 33119.0 27410.0 36490.0 2 0.13699520605136378
1 0 1 1 0 0 1 1 1 0 1 1 0 1 0 1 1 0 0 0 1 1 0 0 1 1 1 1 0 1 1 1 1 1 0 1 1 0 1 0 0 1 1 0 1 0 1 1 1 0 1 1 0 1 0 0 0 0 1 1 1 1 1 1 0 0 1 0 0 1 0 0 1 0 1 1 1 0 1 1 1 0 0 1 0 1 1 1 1 0 0 1 1 1 1 1 1 0 1 1 35601.0 27887.0 34186.0 2 0.13511976545595367
0 0 1 1 1 0 1 1 1 1 1 0 0 1 0 1 1 0 0 0 1 1 1 0 1 1 1 1 0 1 1 1 0 1 0 1 1 0 0 0 0 1 1 0 1 1 1 0 1 0 1 1 0 0 0 0 1 1 1 0 1 1 1 1 0 0 1 1 0 1 0 0 1 0 1 1 1 1 1 1 1 0 0 1 0 0 1 1 1 0 0 0 1 1 1 1 1 0 0 0 33115.0 29543.0 34619.0 2 0.13205712408677078
0 0 1 1 0 0 1 1 1 0 1 1 0 1 0 1 1 0 0 0 1 1 1 0 1 1 1 1 0 1 1 1 1 1 0 1 1 0 1 0 0 1 1 1 1 1 1 0 1 0 1 1 0 1 0 0 0 0 1 1 1 1 1 1 0 0 1 1 0 1 0 0 1 0 1 1 1 0 1 1 1 0 0 1 0 1 1 1 1 0 0 0 1 1 1 1 1 0 0 1 34781.0 29591.0 34448.0 2 0.13182064074043098
0 0 1 1 1 0 1 1 1 1 1 0 0 1 0 1 1 0 1 0 0 1 0 0 1 1 1 1 0 1 1 1 1 1 0 1 1 0 0 0 0 1 1 0 1 0 1 1 1 0 1 1 0 1 0 0 0 0 1 1 1 1 1 1 0 0 1 0 0 1 0 0 1 0 1 1 1 0 1 1 1 0 1 1 0 1 1 1 1 0 0 0 1 1 1 1 0 1 1 1 35326.0 27052.0 36006.0 2 0.12947503439342756
0 0 1 1 1 0 1 1 1 1 1 0 0 1 0 1 1 0 0 0 1 1 1 0 1 1 1 1 0 1 1 1 0 1 1 1 0 0 0 0 0 1 1 0 1 1 1 0 1 0 1 1 0 0 0 0 0 1 1 0 1 1 1 1 0 0 1 1 0 1 0 0 1 0 1 1 1 1 1 1 1 1 0 1 0 0 1 1 1 0 0 0 1 1 1 1 1 0 0 1 33818.0 29153.0 35333.0 2 0.12549112855160965
1 0 1 1 0 0 1 1 1 0 1 1 0 1 0 1 1 0 1 0 1 1 0 0 1 1 1 1 0 1 1 1 1 1 0 1 1 0 1 0 0 1 1 0 1 0 1 1 1 0 0 1 0 1 0 0 0 0 1 1 1 1 1 1 0 0 1 1 0 1 0 0 1 0 1 1 1 0 1 1 1 0 0 0 0 1 1 1 1 0 0 0 1 1 1 1 1 0 1 1 36298.0 26680.0 34095.0 2 0.12141757399247005
0 0 1 1 1 0 1 1 1 1 1 1 0 1 0 1 1 0 1 0 0 1 0 0 1 1 1 1 0 0 1 1 1 1 0 1 1 1 0 0 0 1 1 0 1 1 1 0 1 0 1 1 0 1 0 0 0 0 1 1 1 1 1 1 0 0 1 1 0 1 0 0 1 0 1 1 1 1 1 1 1 0 0 1 0 0 1 1 1 0 0 0 1 1 1 1 1 0 0 1 33552.0 27779.0 35993.0 2 0.12081513085109719
0 0 1 1 1 0 1 1 1 1 1 1 0 1 0 1 1 0 1 0 0 1 0 0 1 1 1 1 0 1 1 1 1 1 0 1 1 0 1 0 0 1 1 0 1 0 1 1 1 0 0 1 0 1 0 0 0 0 1 1 1 1 1 1 0 0 1 1 0 1 0 0 0 0 1 1 1 0 1 1 1 0 0 1 0 1 1 1 1 0 0 1 1 1 1 1 1 0 0 1 35042.0 27769.0 35677.0 2 0.11917634162080207
0 0 1 1 1 0 1 1 1 1 1 1 0 1 0 1 1 0 1 0 0 1 0 0 1 1 1 1 0 1 1 1 1 1 0 1 1 0 1 0 0 1 1 0 1 0 1 1 1 0 0 1 0 1 0 0 0 0 1 1 1 1 1 1 0 0 1 1 0 1 0 0 1 0 1 1 1 0 1 1 1 0 0 0 0 1 1 1 1 0 0 0 1 1 1 1 1 0 1 1 36117.0 27216.0 35254.0 2 0.11418842863111786
1 0 1 1 1 0 1 1 1 0 1 1 0 1 0 1 1 0 1 0 1 1 0 0 1 1 1 1 0 1 1 1 1 1 0 1 1 0 1 0 0 1 1 0 0 0 1 1 1 0 0 1 0 1 0 0 0 0 1 1 1 1 1 1 0 0 1 1 0 1 0 0 1 0 1 1 1 0 1 1 1 0 0 0 0 1 1 1 1 0 0 0 1 1 1 1 1 0 1 1 36231.0 26948.0 34669.0 2 0.11346090939949384
0 0 1 1 1 0 1 1 1 1 1 1 0 1 0 1 1 1 1 0 0 1 0 0 0 1 1 1 0 1 1 1 1 1 0 1 0 0 0 0 0 1 1 0 1 0 1 1 1 1 0 1 0 1 0 0 0 1 1 1 1 1 1 1 1 0 1 0 0 1 0 0 0 0 1 1 1 0 1 1 1 0 0 1 0 1 1 1 1 0 0 0 1 1 1 1 1 0 1 1 34884.0 28190.0 35962.0 2 0.112642614475578
1 0 1 1 1 0 1 1 1 1 1 1 0 1 0 1 1 0 1 0 0 1 0 0 1 1 1 1 0 1 1 1 1 1 0 1 1 0 1 0 0 1 1 0 1 1 1 1 1 0 1 1 0 1 0 0 0 0 1 1 1 1 1 1 0 0 0 0 0 1 0 0 1 1 1 1 1 0 1 1 1 0 0 1 0 1 1 0 1 0 0 1 1 1 1 1 1 0 0 0 34704.0 30013.0 34103.0 2 0.11240548024095119
0 0 1 1 1 0 1 1 1 1 1 1 0 1 0 1 1 0 1 0 0 0 0 0 1 1 1 1 0 1 1 1 1 1 0 1 1 0 1 0 0 1 1 0 1 1 1 0 1 0 1 1 0 1 0 0 0 0 1 1 1 0 1 1 0 0 1 1 0 1 0 0 1 0 1 1 1 1 1 1 1 1 0 1 0 0 1 1 1 0 0 0 1 1 1 1 1 0 0 1 34608.0 29253.0 34998.0 2 0.10928445945241042
0 0 1 1 1 0 1 1 1 1 1 1 0 1 0 1 1 0 1 0 0 1 0 1 1 1 0 1 0 1 1 1 1 1 0 1 0 0 0 0 0 1 1 0 1 1 1 0 1 0 1 1 0 0 0 0 1 1 1 0 1 1 1 1 0 0 1 1 0 1 0 0 1 0 1 1 1 1 0 1 1 0 0 1 0 0 1 1 1 0 1 0 1 1 1 1 1 0 0 1 31816.0 27431.0 36602.0 2 0.1043730247348416
0 0 1 1 1 0 1 1 1 1 1 0 0 1 0 1 1 0 1 0 0 1 0 1 1 1 1 1 0 1 1 1 1 1 0 1 0 0 0 0 0 1 1 0 1 0 1 1 1 0 1 1 0 1 0 0 0 0 1 1 1 1 1 1 0 0 1 1 0 1 0 0 1 0 1 1 1 1 1 1 1 0 0 1 0 0 1 1 1 0 0 0 1 1 1 1 1 0 0 1 34377.0 27722.0 36263.0 2 0.09471699659237408
1 0 1 1 1 0 1 1 1 1 1 0 0 1 0 1 1 0 0 0 0 1 0 0 1 1 1 1 0 1 1 1 1 1 0 1 1 0 1 0 0 1 1 0 1 0 1 1 1 0 1 1 0 1 0 0 0 0 1 1 1 1 1 1 0 0 1 1 0 1 0 0 1 0 1 1 1 0 1 1 1 0 0 1 0 1 1 1 1 0 0 0 1 1 1 1 0 0 1 1 35935.0 27260.0 35054.0 2 0.09187736173999973
0 0 1 1 1 1 1 1 1 1 1 0 0 1 0 1 1 0 1 0 0 1 0 0 1 1 1 1 0 1 1 1 1 1 0 1 0 0 0 0 0 1 1 0 1 0 1 1 1 1 0 1 0 1 0 0 1 0 1 1 1 1 1 1 0 0 1 0 0 1 0 0 1 0 1 1 1 0 1 1 1 0 0 1 0 0 1 1 1 0 1 0 1 1 1 1 1 0 1 1 34530.0 27639.0 36362.0 2 0.0859059728441207
1 0 1 1 1 0 1 1 1 1 1 0 0 1 0 1 1 0 0 0 0 1 0 0 1 1 1 1 0 1 1 1 1 1 0 1 1 0 1 0 0 1 1 0 1 0 1 1 1 0 0 1 0 1 0 0 0 1 1 1 1 1 1 1 0 0 1 1 0 1 0 0 1 0 1 1 1 0 1 1 1 0 0 1 0 1 1 1 1 0 0 0 1 1 1 1 1 0 0 1 35174.0 27863.0 35291.0 2 0.07367375968593688
0 0 1 1 1 0 1 1 1 1 1 0 0 1 0 1 1 0 0 0 1 1 1 0 1 1 1 1 0 1 1 1 0 1 0 1 1 0 0 0 0 1 1 0 1 1 1 0 1 0 1 1 0 1 0 0 0 0 1 1 1 1 1 1 0 0 1 1 0 1 0 0 1 0 1 1 1 0 1 1 1 0 0 0 0 1 1 1 1 0 0 0 1 1 1 1 1 0 1 1 35811.0 27729.0 34902.0 2 0.07353430354832238
