1 0 0 0 1 1 1 1 0 0 0 1 0 1 1 1 0 1 0 1 5633.0 2817.0 7211.0 3506.0 7253.0 0 1000000000000000.1
1 0 0 0 1 1 1 1 0 0 0 1 0 1 0 1 1 1 0 1 5128.0 3512.0 6943.0 3643.0 7189.0 0 0.2960445798661197
0 0 0 0 1 1 1 0 1 0 0 0 0 1 1 1 1 1 1 1 5595.0 4487.0 6275.0 3543.0 7044.0 0 0.12112650224906936
1 0 0 0 1 1 1 1 0 0 0 1 0 1 0 1 0 1 1 1 5452.0 3251.0 6929.0 3741.0 6998.0 0 0.20967822958763443
1 0 0 0 1 1 1 0 1 0 0 1 0 1 1 1 0 1 0 1 5725.0 3703.0 7016.0 3807.0 6983.0 0 0.11897105026811328
1 0 0 0 1 1 1 0 1 0 0 1 0 1 0 1 1 1 0 1 5220.0 4398.0 6748.0 3944.0 6919.0 0 0.10735176368302324
0 1 0 1 1 1 1 0 1 0 0 1 0 1 1 1 0 1 0 1 6659.0 3737.0 7093.0 3697.0 6915.0 0 0.0919565105623056
1 0 0 1 1 1 1 1 1 0 0 0 0 1 0 1 1 1 0 1 5848.0 4507.0 7894.0 3075.0 6886.0 0 0.16714836995644888
1 0 0 0 1 1 1 0 1 0 1 0 0 1 1 1 0 1 0 1 5739.0 3753.0 7613.0 3193.0 6882.0 0 0.1524837473763242
1 0 0 1 1 1 1 1 1 0 0 1 0 1 0 1 0 1 0 1 6418.0 3816.0 8013.0 3580.0 6880.0 0 0.05221657559381439
1 0 0 0 1 0 1 0 1 0 1 1 0 1 1 1 0 1 0 1 5944.0 3038.0 6821.0 4073.0 6862.0 0 0.2158711615881032
1 0 0 0 1 1 1 0 1 1 1 1 0 1 0 1 0 1 0 1 6203.0 4416.0 7795.0 4436.0 6829.0 0 0.08507987952760143
1 0 0 1 1 1 1 0 1 0 0 0 0 1 1 1 0 1 1 1 6475.0 4282.0 7242.0 3471.0 6814.0 0 0.12613600332253327
1 0 0 0 1 1 1 1 1 0 1 0 0 1 0 1 0 1 0 1 5436.0 3717.0 8251.0 2895.0 6763.0 0 0.26225092858901394
1 0 1 1 1 1 1 1 1 0 0 0 0 1 0 1 0 1 0 1 5583.0 4242.0 8030.0 2632.0 6602.0 0 1000000000000000.2
1 0 0 1 0 1 1 1 0 0 1 1 0 1 0 1 0 1 0 1 6429.0 2659.0 7351.0 3340.0 6546.0 0 1000000000000000.1
1 0 0 0 1 1 1 0 1 1 0 1 0 1 0 0 1 1 0 1 5241.0 5027.0 6094.0 3921.0 6516.0 0 0.13221956884351685
1 0 0 0 1 1 0 0 1 0 1 1 0 1 1 1 0 1 0 1 6406.0 3462.0 7026.0 4061.0 6514.0 0 0.11404148530029483
0 0 0 1 1 1 1 0 1 0 1 0 0 1 1 1 0 1 0 1 6580.0 3493.0 7333.0 2944.0 6506.0 0 0.1276209185905231
1 0 0 1 1 1 0 1 1 0 1 0 0 1 1 1 0 1 0 1 7034.0 3571.0 8172.0 3192.0 6481.0 0 0.19485888124936046
1 0 0 1 1 1 1 0 1 0 0 0 1 1 0 1 1 1 0 1 6095.0 5226.0 7581.0 4005.0 6458.0 0 0.14512771549297826
1 0 0 1 1 1 1 1 1 0 0 0 1 1 0 1 0 1 0 1 6297.0 4495.0 8487.0 3570.0 6403.0 0 0.1583686468963271
0 0 0 0 1 1 1 0 1 1 0 1 1 1 1 0 0 1 0 1 6311.0 4674.0 6347.0 4422.0 6343.0 0 0.123352000329311
1 0 0 1 1 1 1 0 1 1 0 1 0 1 0 0 0 1 1 1 6561.0 4915.0 6439.0 4090.0 6341.0 0 0.10797232922457835
1 0 0 1 1 1 1 0 1 1 0 1 0 1 0 1 0 1 0 1 6344.0 4443.0 7407.0 4153.0 6314.0 0 0.10810452795348872
1 0 0 1 0 1 1 0 1 1 1 1 0 1 0 1 0 1 0 1 6920.0 4204.0 7487.0 4242.0 6293.0 0 0.146699712123031
1 0 1 0 1 1 0 0 1 1 0 1 0 1 0 1 1 1 0 1 5451.0 5192.0 6509.0 4465.0 6290.0 0 0.06826115094968362
1 1 0 1 0 1 0 0 1 0 1 1 0 1 1 1 0 1 0 1 7216.0 3544.0 7075.0 4006.0 6286.0 0 0.09864220096410108
0 0 0 0 1 1 0 0 1 0 1 1 1 1 1 1 0 1 0 1 6971.0 3804.0 7011.0 4699.0 6277.0 0 0.1223832452672177
0 0 0 1 1 1 0 0 1 0 1 1 0 0 1 1 1 1 0 1 7208.0 3838.0 6532.0 3754.0 6225.0 0 0.15855764183669374
1 0 0 1 1 1 0 0 1 0 1 1 0 0 1 0 1 1 0 1 6985.0 4217.0 6186.0 3450.0 6197.0 0 0.10719490460742666
1 0 0 1 0 1 1 0 1 1 1 1 0 1 1 1 0 0 0 1 6896.0 4031.0 7125.0 4506.0 6193.0 0 0.12191470977871738
1 0 0 1 1 1 1 0 1 1 0 1 0 1 0 1 1 0 0 1 5815.0 4965.0 6777.0 4554.0 6150.0 0 0.1313272279917235
1 0 1 0 1 1 0 1 1 1 1 0 0 1 0 1 0 1 0 1 5667.0 4511.0 8012.0 3416.0 6134.0 0 0.14835400940781085
1 0 0 1 1 1 1 1 1 0 1 0 1 1 0 1 0 0 0 1 6352.0 4376.0 8573.0 3862.0 6132.0 0 1000000000000000.0
1 0 0 0 1 1 0 0 1 1 0 1 1 1 0 1 1 1 0 1 6165.0 5445.0 6966.0 5403.0 6091.0 0 0.17306974450520568
0 0 0 0 1 1 0 0 0 1 0 1 1 1 1 1 1 1 0 1 6221.0 4186.0 5884.0 5080.0 6088.0 0 0.1816216360581869
0 0 0 1 1 1 1 0 1 1 0 1 1 1 0 1 0 1 0 1 6909.0 4785.0 7392.0 4791.0 6077.0 0 0.1006332686018743
1 0 0 1 1 1 0 1 1 1 0 1 1 1 0 1 0 1 0 1 7363.0 4863.0 8231.0 5039.0 6052.0 0 0.21036273810149142
1 0 0 1 1 1 1 0 1 1 0 1 1 0 0 1 0 1 0 1 6754.0 5067.0 7786.0 4590.0 5918.0 0 0.2217756330592957
1 0 0 0 1 1 0 0 1 1 0 1 1 0 1 0 1 1 0 1 6253.0 5356.0 6035.0 4584.0 5822.0 0 0.07975426221245621
1 0 1 1 1 1 0 0 1 0 0 0 1 1 0 1 1 1 0 1 5927.0 5361.0 7011.0 3925.0 5812.0 0 0.0346322450077085
1 0 1 0 1 1 0 0 1 1 0 1 1 1 0 1 0 1 0 1 5900.0 5180.0 7102.0 4960.0 5807.0 0 0.05354452879470528
1 0 0 1 1 1 0 1 1 1 0 1 1 0 1 0 0 1 0 1 7451.0 4774.0 7300.0 4220.0 5783.0 0 0.09643767642204384
1 1 0 1 1 1 0 0 1 0 0 0 1 1 0 1 1 1 0 1 6014.0 5157.0 7201.0 4044.0 5766.0 0 0.1209979723559915
1 0 0 1 0 1 0 0 1 0 1 1 1 1 1 0 0 1 0 1 7465.0 3971.0 6357.0 4201.0 5713.0 0 1000000000000000.1
1 0 0 1 1 1 0 0 1 1 0 1 1 0 0 1 1 1 0 1 6851.0 5467.0 7080.0 4953.0 5556.0 0 0.14762120678132934
1 0 0 1 1 1 0 0 1 1 0 1 1 1 0 0 0 1 1 1 7107.0 5303.0 6326.0 4948.0 5496.0 0 0.19149471591911477
1 0 0 1 1 1 0 0 1 1 0 0 1 1 0 1 1 1 0 1 6320.0 5522.0 7175.0 4506.0 5475.0 0 0.10337433676504854
1 0 0 0 1 1 0 0 0 1 0 1 1 1 0 1 1 0 1 1 5395.0 4788.0 5580.0 5573.0 5423.0 0 0.285046254211938
1 0 0 0 1 1 0 0 1 1 0 1 1 0 0 1 0 1 1 1 6179.0 5057.0 6707.0 4980.0 5349.0 0 0.09894138313842804
1 0 0 1 1 1 0 0 1 1 0 1 1 1 0 1 1 0 0 1 6361.0 5353.0 6664.0 5412.0 5305.0 0 0.10155267925092118
0 0 0 0 1 1 0 0 1 1 1 1 1 1 0 1 0 0 1 1 6389.0 4656.0 6399.0 5473.0 5237.0 0 0.15866873675079768
1 0 1 0 1 1 0 1 1 1 0 0 1 1 0 0 1 0 0 1 4625.0 5632.0 6274.0 3797.0 5174.0 0 0.3986032430755617
0 0 0 1 1 1 0 0 0 1 1 1 1 1 0 1 1 0 0 1 6496.0 4148.0 6030.0 5117.0 5131.0 0 0.23529342437343362
1 0 0 1 1 1 0 0 1 1 0 0 1 1 0 1 1 0 1 1 6115.0 5783.0 6531.0 5005.0 5120.0 0 0.10727598025112077
1 0 0 1 1 1 0 0 1 1 0 1 1 1 0 1 0 0 1 1 6685.0 5092.0 6650.0 5510.0 5114.0 0 0.12687279369836882
1 0 0 0 1 0 0 0 1 1 0 1 1 1 0 1 1 0 1 1 5324.0 4919.0 5380.0 5814.0 5084.0 0 1000000000000000.1
1 1 0 1 1 1 0 0 1 1 0 0 1 1 0 1 1 0 0 1 5613.0 5575.0 6871.0 4583.0 4981.0 0 0.18596304052608387
1 0 0 0 1 1 0 0 1 1 0 1 1 1 0 1 1 0 1 0 5149.0 5379.0 5373.0 5698.0 4769.0 0 0.3380137942791154
1 0 1 0 1 1 0 0 1 1 0 0 1 1 0 1 1 0 1 0 4314.0 5805.0 5390.0 4750.0 4491.0 0 2000000000000000.2
1 0 0 1 0 1 0 0 1 1 0 1 1 1 0 1 1 0 1 0 5866.0 5167.0 5065.0 5504.0 4233.0 0 0.30429555954057086
1 0 0 1 1 0 0 0 1 1 0 1 1 1 0 1 1 0 1 0 5509.0 4741.0 4790.0 5681.0 4133.0 0 2000000000000000.0
1 0 0 0 1 0 0 0 1 1 0 1 1 1 0 1 1 0 1 0 4513.0 4592.0 4431.0 5610.0 4117.0 1 4000000000000000.0
1 0 0 0 1 1 1 1 1 0 0 0 0 1 0 1 1 1 0 1 4852.0 4358.0 7535.0 3004.0 6870.0 1 1000000000000000.2
0 0 0 0 1 1 1 1 0 0 1 1 0 1 0 1 0 1 0 1 5557.0 2462.0 7020.0 3214.0 6690.0 1 1000000000000000.1
1 0 0 1 1 1 1 1 1 0 0 0 0 1 1 0 0 1 0 1 5975.0 3782.0 7177.0 2314.0 6530.0 1 1000000000000000.1
0 1 0 1 1 1 0 0 1 0 1 1 1 0 1 0 0 1 0 1 7372.0 4090.0 6497.0 3764.0 5630.0 1 1000000000000000.1
1 0 0 0 1 1 1 1 1 0 0 0 1 1 0 1 0 1 0 1 5301.0 4346.0 8128.0 3499.0 6387.0 1 1000000000000000.0
0 0 1 0 1 1 0 0 1 1 0 0 1 1 0 1 1 0 1 1 4970.0 5723.0 5700.0 4634.0 5066.0 1 1000000000000000.0
0 0 0 0 1 1 0 0 1 1 0 1 1 1 0 1 1 0 1 0 4994.0 4970.0 4734.0 5378.0 4377.0 1 0.47867783295675026
1 0 0 1 0 1 1 0 1 0 1 0 0 1 1 1 0 1 0 1 6456.0 3541.0 7305.0 2999.0 6346.0 1 0.3232862585647714
1 0 0 1 0 1 0 0 1 0 1 1 0 1 1 1 0 1 0 1 7123.0 3250.0 6718.0 3867.0 5978.0 1 0.2779581664458418
0 0 0 1 1 1 1 0 1 1 0 1 1 1 0 1 0 0 1 0 5893.0 4719.0 5799.0 5086.0 4755.0 1 0.2722221580943516
1 0 0 1 1 1 0 0 1 1 0 0 1 1 0 1 1 0 1 0 5304.0 5456.0 5582.0 4801.0 4153.0 1 0.25555618282297066
0 0 0 0 1 1 0 0 1 0 1 1 0 0 1 0 1 1 1 1 6429.0 4161.0 5205.0 3620.0 6236.0 1 0.25052706191275154
1 0 0 0 1 0 1 0 1 0 0 1 0 1 0 1 1 1 0 1 4584.0 3611.0 5806.0 3856.0 6267.0 1 0.24073433432110852
1 1 0 1 1 0 0 0 1 1 0 1 1 1 0 1 1 0 0 1 5818.0 4860.0 6079.0 5463.0 4961.0 1 0.23509995042756165
1 0 1 0 1 1 0 0 1 0 1 0 0 1 1 1 0 1 0 1 5571.0 3888.0 7043.0 3113.0 6236.0 1 0.2272755725409931
1 0 0 0 1 1 0 1 1 0 1 0 0 1 1 1 0 1 0 1 6038.0 3422.0 7813.0 3121.0 6465.0 1 0.22430333769683394
1 0 0 1 1 1 0 0 1 0 1 1 1 1 1 1 0 0 0 1 7322.0 4121.0 7348.0 5028.0 5883.0 1 0.21475969263835476
1 0 0 0 1 1 1 0 0 0 1 1 0 1 1 0 0 1 0 1 5637.0 2877.0 6036.0 3208.0 6781.0 1 0.21086745077024657
0 0 0 1 1 1 0 0 0 1 0 1 1 1 0 1 1 0 1 1 6236.0 4528.0 5300.0 5324.0 5047.0 1 0.20526326803621492
1 0 0 1 1 1 0 1 1 0 0 1 1 1 0 1 0 1 0 1 6964.0 4204.0 7900.0 4438.0 6035.0 1 0.20496757396634194
0 0 0 0 1 1 1 0 0 1 1 1 0 1 0 1 0 1 0 1 5483.0 3089.0 6414.0 3787.0 6124.0 1 0.20444550865785954
1 0 0 0 1 1 1 1 0 0 0 1 0 1 0 1 0 1 0 1 4857.0 2749.0 6912.0 3180.0 6551.0 1 0.20416134430812252
1 0 0 1 0 1 0 1 1 1 0 1 1 1 0 1 0 1 0 1 7084.0 4502.0 7564.0 4774.0 5500.0 1 0.18283343387550832
1 0 0 0 1 1 1 0 1 1 1 0 1 1 1 0 0 0 0 1 5680.0 4892.0 6922.0 4066.0 5832.0 1 0.18106513684473735
1 0 1 0 1 1 0 0 1 1 0 1 1 1 0 1 0 0 0 1 5100.0 4939.0 6441.0 4898.0 5005.0 1 0.18018119051952192
0 0 0 0 1 1 1 0 1 1 0 1 0 0 1 0 1 1 0 1 5552.0 4559.0 5509.0 3406.0 6275.0 1 0.17778891413919046
1 0 0 1 1 1 1 0 1 0 1 1 1 0 1 0 0 0 0 1 6808.0 4327.0 6855.0 3983.0 5912.0 1 0.1771763634996613
1 0 0 0 1 1 0 0 0 1 0 1 1 1 0 1 0 1 1 1 5924.0 4266.0 6210.0 5172.0 5587.0 1 0.16433723628037492
1 0 0 1 0 1 0 0 1 1 0 0 1 1 0 1 1 0 1 1 5836.0 5422.0 5864.0 4740.0 4568.0 1 0.1638350971869133
1 0 1 0 1 1 1 0 1 1 0 1 1 0 1 0 0 0 0 1 5362.0 5213.0 6247.0 4179.0 5736.0 1 0.16352676983548659
1 0 0 1 1 0 1 0 1 0 0 0 0 1 1 1 0 1 1 1 5839.0 3495.0 6300.0 3383.0 6162.0 1 0.16279249839439314
0 0 0 1 1 1 1 0 1 0 0 1 0 1 1 1 0 1 0 1 6566.0 3443.0 6736.0 3558.0 6607.0 1 0.1564669997093635
1 0 0 1 1 1 0 0 1 0 0 1 1 1 0 0 0 1 1 1 6708.0 4644.0 5995.0 4347.0 5479.0 1 0.15309081317956225
1 0 0 0 1 1 1 0 1 1 0 1 1 1 0 1 0 0 0 1 5268.0 4804.0 7011.0 4978.0 5651.0 1 0.15304807752578287
1 1 0 1 1 1 0 0 1 0 0 0 1 1 0 1 1 0 1 1 5809.0 5418.0 6557.0 4543.0 5411.0 1 0.15204288228020457
1 0 1 0 1 1 0 0 1 1 0 0 1 1 0 1 1 0 0 1 4530.0 5630.0 6322.0 4393.0 5011.0 1 0.14944745718216496
