1 0 0 0 1 1 1 1 1 0 0 1 0 1 1 1 0 1 0 1 6198.0 3735.0 7953.0 3835.0 7566.0 0 1000000000000000.1
1 0 0 1 1 1 1 1 0 0 0 1 0 1 1 1 0 1 0 1 6629.0 2966.0 7570.0 3577.0 7269.0 0 1000000000000000.1
1 0 1 0 1 1 1 0 1 1 0 0 1 0 0 1 1 0 0 1 4394.0 5866.0 6814.0 3972.0 5460.0 0 1000000000000000.1
1 0 0 0 1 0 0 0 1 1 0 1 1 1 0 1 1 0 1 1 5324.0 4919.0 5380.0 5814.0 5084.0 0 1000000000000000.1
1 0 1 0 1 1 0 0 1 1 0 0 1 1 0 1 1 0 1 0 4314.0 5805.0 5390.0 4750.0 4491.0 0 1000000000000000.1
1 0 0 1 1 1 0 0 1 1 0 1 1 1 0 0 1 0 1 0 5767.0 5498.0 4747.0 5145.0 4365.0 0 1000000000000000.1
1 0 0 1 1 0 0 0 1 1 0 1 1 1 0 1 1 0 1 0 5509.0 4741.0 4790.0 5681.0 4133.0 0 1000000000000000.1
1 0 0 1 1 1 1 1 1 0 1 0 0 1 0 1 0 1 0 1 6432.0 3866.0 8610.0 2966.0 6779.0 0 1000000000000000.0
1 0 1 1 1 1 1 1 1 0 0 0 0 1 0 1 0 1 0 1 5583.0 4242.0 8030.0 2632.0 6602.0 0 1000000000000000.0
0 0 0 1 1 1 0 0 1 0 1 1 1 1 1 1 0 1 0 1 7967.0 3953.0 7370.0 4770.0 6293.0 0 1000000000000000.0
1 0 0 0 1 1 1 0 0 0 0 1 0 1 1 1 0 1 1 1 5755.0 3287.0 6291.0 4039.0 7117.0 0 0.293591403737964
1 0 0 1 0 1 0 0 1 1 0 1 1 1 0 1 1 0 1 0 5866.0 5167.0 5065.0 5504.0 4233.0 0 0.24193064683422733
1 0 0 1 1 1 0 1 1 0 1 0 0 1 1 1 0 1 0 1 7034.0 3571.0 8172.0 3192.0 6481.0 0 0.23440979130403114
1 0 0 1 0 1 0 0 1 1 0 1 1 0 0 1 1 0 1 1 6367.0 5367.0 5769.0 5187.0 4649.0 0 0.21035110232540016
1 0 1 0 1 1 1 0 1 1 0 0 1 0 0 1 0 1 0 1 4923.0 5344.0 7444.0 3571.0 5624.0 0 0.2067683242014175
1 0 0 1 1 1 1 1 1 0 0 0 0 1 1 1 0 1 0 1 6353.0 3812.0 8162.0 2938.0 6950.0 0 0.18601775172489712
1 0 0 1 1 1 0 0 1 1 0 1 1 1 1 1 0 0 1 0 6650.0 4833.0 6000.0 5632.0 4849.0 0 0.18303414207116703
1 0 0 1 1 1 0 1 1 1 0 1 0 1 1 1 0 1 0 1 7419.0 4180.0 7906.0 4407.0 6599.0 0 0.1797007483764013
0 0 0 0 1 1 1 1 1 0 0 0 0 1 1 1 1 1 0 1 5473.0 4017.0 7195.0 3010.0 7180.0 0 0.16276327844898728
1 0 0 1 1 1 0 0 1 1 0 1 1 1 1 1 0 1 0 1 7666.0 4899.0 7593.0 5337.0 6171.0 0 0.15918910635131558
1 0 0 0 1 1 0 0 1 1 0 1 1 1 0 0 1 0 1 1 5582.0 5676.0 5337.0 5278.0 5316.0 0 0.14842857713981805
1 0 0 1 1 1 0 0 1 0 1 1 1 1 1 0 0 1 0 1 7744.0 4332.0 7024.0 4466.0 6265.0 0 0.1267808258312624
1 0 0 0 1 1 0 0 0 1 0 1 1 1 0 1 1 0 1 1 5395.0 4788.0 5580.0 5573.0 5423.0 0 0.12524004747600465
1 0 0 0 1 1 0 0 1 1 0 1 1 1 0 1 1 0 1 0 5149.0 5379.0 5373.0 5698.0 4769.0 0 0.12457193832772048
1 0 0 0 1 1 1 0 1 0 0 0 1 1 1 0 0 1 1 1 5821.0 4854.0 6522.0 3734.0 6533.0 0 0.1142873494335922
1 0 0 0 1 1 1 0 1 1 0 0 1 1 1 0 1 0 0 1 5096.0 5533.0 6206.0 4175.0 5939.0 0 0.11189752159645029
1 1 0 1 1 1 0 0 1 1 0 0 1 1 0 1 1 0 0 1 5613.0 5575.0 6871.0 4583.0 4981.0 0 0.11063016693678905
1 0 0 1 1 1 0 1 1 1 0 0 1 1 1 1 0 1 0 1 7298.0 4859.0 8380.0 4397.0 6122.0 0 0.10504123102071708
1 0 0 1 1 1 1 0 1 1 0 1 0 1 1 0 1 0 0 1 6213.0 5003.0 6091.0 4256.0 6432.0 0 0.10386805466117623
1 0 0 1 1 1 1 0 1 0 0 0 0 1 1 1 0 1 1 1 6475.0 4282.0 7242.0 3471.0 6814.0 0 0.10228589938703381
0 0 0 0 1 1 0 0 1 1 0 1 1 1 1 0 1 1 0 1 6408.0 5074.0 5641.0 4785.0 5981.0 0 0.10086700337979185
1 0 1 0 1 1 0 0 1 1 0 0 1 0 0 1 1 1 0 1 5020.0 5744.0 6738.0 3934.0 5262.0 0 0.09602728628597759
1 0 0 1 1 1 1 1 1 0 0 1 0 0 1 1 0 1 0 1 6884.0 3757.0 8067.0 3385.0 7031.0 0 0.09545081160356715
1 0 0 1 1 1 0 1 1 1 0 1 1 1 0 1 0 1 0 1 7363.0 4863.0 8231.0 5039.0 6052.0 0 0.0948033879464337
1 0 0 1 1 1 1 0 1 0 1 0 0 1 1 1 0 1 0 1 6735.0 3902.0 7972.0 3264.0 6898.0 0 0.09410425832590054
1 0 1 0 1 1 0 0 1 1 0 1 1 1 0 0 1 0 0 1 4993.0 5672.0 5487.0 4737.0 5223.0 0 0.0910020712245786
1 1 0 1 1 1 1 0 1 0 0 0 1 1 0 1 0 1 0 1 5917.0 4757.0 7907.0 3681.0 6128.0 0 0.08955099540511102
1 0 0 1 1 1 1 1 1 0 0 1 0 1 1 0 0 1 0 1 6816.0 3854.0 7327.0 3282.0 7162.0 0 0.08768300102752608
1 0 0 1 1 1 0 0 1 1 0 1 1 0 0 0 1 0 1 1 6268.0 5698.0 5451.0 4828.0 4781.0 0 0.08661232493388832
1 0 0 0 1 1 1 0 1 1 0 1 1 1 0 1 0 1 0 1 6068.0 5045.0 7672.0 5040.0 6453.0 0 0.08625544303822733
1 0 0 1 1 1 0 0 1 1 0 1 1 1 0 0 0 1 1 1 7107.0 5303.0 6326.0 4948.0 5496.0 0 0.08310515163073498
1 0 0 1 1 1 0 0 1 1 0 1 1 1 0 1 0 0 1 1 6685.0 5092.0 6650.0 5510.0 5114.0 0 0.0825446455629855
1 0 0 1 1 1 0 1 1 0 1 0 1 1 0 1 0 1 0 1 6978.0 4254.0 8497.0 3824.0 5934.0 0 0.08170300443469392
1 0 0 0 1 1 1 0 1 1 0 1 0 1 0 1 0 1 1 1 5943.0 4796.0 7065.0 4643.0 6745.0 0 0.0814779112058727
1 0 0 1 1 1 1 0 1 1 0 1 0 1 0 0 0 1 1 1 6561.0 4915.0 6439.0 4090.0 6341.0 0 0.080814508085156
1 0 0 0 1 1 1 0 1 1 0 0 1 0 0 1 1 1 0 1 5188.0 5609.0 7308.0 4014.0 5908.0 0 0.08064602692840969
1 0 0 1 1 1 1 1 1 0 0 0 1 1 0 1 0 1 0 1 6297.0 4495.0 8487.0 3570.0 6403.0 0 0.0801594192201328
1 0 1 1 1 1 0 0 1 1 0 0 1 1 0 1 1 0 0 1 5526.0 5779.0 6681.0 4464.0 5027.0 0 0.08011104924717438
1 0 1 0 1 1 0 0 1 0 0 1 1 1 1 1 0 1 0 1 6277.0 4589.0 7070.0 4685.0 6492.0 0 0.07909301728404179
1 0 0 1 1 1 0 1 1 1 0 0 1 1 0 1 1 0 0 1 5993.0 5313.0 7451.0 4472.0 5256.0 0 0.0790696655414865
1 0 0 1 1 1 1 1 1 0 0 0 0 1 0 1 0 1 1 1 6172.0 4246.0 7880.0 3173.0 6695.0 0 0.0789501999125161
1 1 0 1 1 1 0 0 1 1 0 1 1 1 1 1 0 0 0 1 6959.0 4952.0 7289.0 5414.0 5677.0 0 0.07786565113255517
1 0 0 0 1 1 0 0 1 1 0 1 1 1 0 1 0 1 1 1 6489.0 5184.0 6952.0 5501.0 5900.0 0 0.07760222484514048
1 0 0 1 0 1 0 0 1 1 0 1 1 1 1 1 0 0 1 1 7182.0 4799.0 6282.0 5571.0 5264.0 0 0.07759993534206638
1 0 0 1 1 1 0 0 1 1 0 1 1 0 0 1 1 1 0 1 6851.0 5467.0 7080.0 4953.0 5556.0 0 0.0772976465240925
1 0 1 1 1 1 1 0 1 0 0 0 0 1 0 1 1 1 0 1 5381.0 4973.0 7124.0 3067.0 6657.0 0 0.0761664173636324
1 0 0 1 0 1 0 0 1 1 0 1 1 1 0 1 1 1 0 1 6882.0 5233.0 6658.0 5209.0 5555.0 0 0.07520327842495855
0 0 0 0 1 1 1 0 1 0 0 0 0 1 1 1 1 1 1 1 5595.0 4487.0 6275.0 3543.0 7044.0 0 0.07429628097715618
0 0 0 1 1 1 1 0 1 0 0 1 1 1 1 1 0 1 0 1 7286.0 4194.0 7360.0 4516.0 6762.0 0 0.07418846018946165
1 0 0 1 1 1 1 1 1 0 0 1 1 1 0 1 0 0 0 1 6338.0 4326.0 7976.0 4476.0 6233.0 0 0.07377353176268707
1 0 0 1 1 1 0 1 1 0 0 0 0 1 0 1 1 1 1 1 6269.0 4646.0 7174.0 3536.0 6333.0 0 0.0729523920484649
1 0 1 1 1 1 0 0 1 1 0 0 1 0 1 1 0 1 0 1 6521.0 5198.0 7365.0 3868.0 5342.0 0 0.07263277890380859
1 0 0 1 1 1 1 1 1 0 0 1 0 1 0 1 0 1 0 1 6418.0 3816.0 8013.0 3580.0 6880.0 0 0.0723938041001917
0 0 0 0 1 1 0 1 1 1 0 1 1 1 1 1 0 1 0 1 6988.0 4373.0 7532.0 4974.0 6346.0 0 0.07211109079546431
1 0 0 0 1 1 1 0 1 1 1 1 0 1 0 1 0 1 0 1 6203.0 4416.0 7795.0 4436.0 6829.0 0 0.0720251697850895
1 0 0 1 1 1 0 0 1 1 0 0 0 1 0 1 1 1 1 1 6195.0 5273.0 6568.0 4109.0 5767.0 0 0.07107879664568036
1 0 0 1 1 1 1 0 1 0 0 0 0 1 1 1 1 1 0 1 6151.0 4543.0 7256.0 3373.0 7005.0 0 0.07012440527105636
1 0 0 1 1 1 0 0 1 1 0 0 1 1 1 0 1 1 0 1 6718.0 5560.0 6489.0 4208.0 5757.0 0 0.07011227513806546
0 0 0 1 1 1 1 0 1 1 0 1 0 1 0 1 0 1 1 1 6784.0 4536.0 6785.0 4394.0 6369.0 0 0.07010365299308582
1 0 0 0 1 1 0 0 1 1 0 1 1 0 0 1 1 0 1 1 5650.0 5579.0 6077.0 5381.0 5185.0 0 0.07007245123774423
1 0 0 1 1 1 0 0 1 0 0 0 0 1 1 1 1 1 1 1 6572.0 4682.0 6536.0 3834.0 6452.0 0 0.0691568120002545
1 1 0 1 1 1 0 0 1 1 0 0 1 1 1 1 0 1 0 1 6918.0 5121.0 7800.0 4508.0 5847.0 0 0.0689782153268113
1 0 0 0 1 1 0 1 1 1 0 0 1 1 0 1 0 1 1 1 6121.0 5144.0 7739.0 4561.0 5851.0 0 0.06870477410910011
1 0 0 1 1 1 1 0 1 1 0 0 1 1 0 1 1 0 0 1 5694.0 5644.0 7251.0 4544.0 5673.0 0 0.0684727022128909
1 0 1 0 1 1 0 0 1 1 0 0 1 1 1 1 0 1 0 1 5835.0 5176.0 7251.0 4318.0 5877.0 0 0.06798200304697094
1 0 0 0 1 1 0 0 1 0 1 1 1 1 1 1 0 1 0 1 7126.0 4213.0 7650.0 5019.0 6669.0 0 0.06782872436369866
0 0 0 0 1 1 1 0 1 1 0 0 1 1 0 1 1 0 1 1 5138.0 5588.0 6270.0 4714.0 5712.0 0 0.06721327108494245
1 0 0 1 1 1 1 1 1 0 0 0 1 1 0 1 1 0 0 1 5768.0 5017.0 7857.0 3971.0 6239.0 0 0.0671598248009985
1 0 1 0 1 1 0 1 1 1 1 0 0 1 0 1 0 1 0 1 5667.0 4511.0 8012.0 3416.0 6134.0 0 0.06680610144657238
1 0 0 0 1 1 0 0 1 1 0 1 1 1 0 1 1 1 0 1 6165.0 5445.0 6966.0 5403.0 6091.0 0 0.06665803554683052
1 0 0 1 1 1 1 0 1 0 0 1 0 1 1 1 0 1 0 1 6721.0 3852.0 7375.0 3878.0 6999.0 0 0.06613347252149429
1 0 0 1 1 1 0 0 1 1 0 1 1 1 0 0 1 1 0 1 6783.0 5564.0 6340.0 4850.0 5687.0 0 0.0647839514812479
1 0 0 1 1 1 0 1 1 0 0 0 1 1 0 1 1 1 0 1 6394.0 4895.0 7781.0 3933.0 6041.0 0 0.06325454764918088
1 0 0 1 1 1 0 0 1 0 0 1 1 1 0 1 1 1 0 1 6762.0 4935.0 6994.0 4873.0 6090.0 0 0.06152641275878255
1 0 1 0 1 1 0 0 1 1 0 0 1 1 1 0 1 0 0 1 4928.0 5668.0 5636.0 4095.0 5293.0 0 0.05990072157698596
1 0 0 0 1 1 0 0 1 1 0 1 1 0 1 0 1 1 0 1 6253.0 5356.0 6035.0 4584.0 5822.0 0 0.0592962867615003
1 0 0 1 1 1 1 1 1 0 0 0 0 1 0 1 1 1 0 1 5848.0 4507.0 7894.0 3075.0 6886.0 0 0.05928954709367158
1 0 0 0 1 1 0 0 1 1 1 1 0 1 0 1 0 1 1 1 6624.0 4555.0 7075.0 4897.0 6276.0 0 0.059180934590010593
1 0 0 1 1 1 0 1 1 0 0 1 1 1 1 0 0 1 0 1 7362.0 4242.0 7214.0 4140.0 6317.0 0 0.05901888668625453
1 0 0 1 1 1 1 1 1 0 1 0 1 1 0 1 0 0 0 1 6352.0 4376.0 8573.0 3862.0 6132.0 0 0.05892494516390211
1 1 0 1 1 1 1 0 1 0 0 0 0 1 0 1 1 1 0 1 5468.0 4769.0 7314.0 3186.0 6611.0 0 0.05843475344136466
1 0 0 0 1 1 1 0 1 1 0 1 1 1 1 1 0 0 0 1 6044.0 4872.0 7310.0 5304.0 6353.0 0 0.05836022730101267
0 0 0 1 1 1 0 0 1 1 0 1 1 1 0 1 1 1 0 1 7006.0 5185.0 6686.0 5154.0 5715.0 0 0.05691132321771499
1 0 0 1 1 1 0 0 1 1 0 0 1 1 0 1 0 1 1 1 6644.0 5261.0 7161.0 4604.0 5284.0 0 0.05455587399048489
1 0 0 1 1 1 0 0 1 1 0 0 1 1 0 1 1 0 1 1 6115.0 5783.0 6531.0 5005.0 5120.0 0 0.054530749890972646
1 0 0 1 1 1 1 0 1 0 1 0 1 1 1 1 0 0 0 1 6655.0 4412.0 7935.0 4160.0 6251.0 0 0.05385503555257136
1 1 0 1 1 1 0 0 1 1 0 1 1 1 0 0 1 0 0 1 6076.0 5617.0 6036.0 4927.0 5193.0 0 0.05225189789185443
1 0 0 0 1 1 1 0 1 1 0 1 1 1 0 0 1 0 0 1 5161.0 5537.0 6057.0 4817.0 5869.0 0 0.05168707856878099
1 0 0 1 1 1 0 0 1 0 0 1 1 1 1 0 1 1 0 1 7160.0 4973.0 6308.0 4575.0 6372.0 0 0.05155277406396275
1 0 0 1 1 1 0 1 1 1 0 0 1 1 0 0 1 1 0 1 6415.0 5524.0 7127.0 3910.0 5638.0 0 0.05128285571974554
