1 0 0 1 1 1 0 0 1 1 0 1 1 1 0 0 1 0 1 0 5767.0 5498.0 4747.0 5145.0 4365.0 0 2000000000000000.0
1 0 0 1 1 1 1 1 0 0 0 1 0 1 1 1 0 1 0 1 6629.0 2966.0 7570.0 3577.0 7269.0 0 1000000000000000.1
0 0 0 1 1 1 0 0 1 0 1 1 1 1 1 1 0 1 0 1 7967.0 3953.0 7370.0 4770.0 6293.0 0 1000000000000000.1
1 0 0 0 1 0 0 0 1 1 0 1 1 1 0 1 1 0 1 1 5324.0 4919.0 5380.0 5814.0 5084.0 0 1000000000000000.1
1 0 1 1 1 1 0 0 1 1 0 0 1 0 0 0 1 0 1 1 5433.0 6124.0 5468.0 3880.0 4503.0 0 1000000000000000.1
1 0 0 0 1 1 1 1 1 0 0 1 0 1 1 1 0 1 0 1 6198.0 3735.0 7953.0 3835.0 7566.0 0 1000000000000000.0
1 0 0 1 1 1 1 1 1 0 0 0 0 1 1 1 0 1 0 1 6353.0 3812.0 8162.0 2938.0 6950.0 0 1000000000000000.0
1 0 0 1 1 1 1 1 1 0 1 0 0 1 0 1 0 1 0 1 6432.0 3866.0 8610.0 2966.0 6779.0 0 1000000000000000.0
1 0 1 0 1 1 1 0 1 1 0 0 1 0 0 1 1 0 0 1 4394.0 5866.0 6814.0 3972.0 5460.0 0 1000000000000000.0
1 0 1 0 1 1 0 0 1 1 0 0 1 1 0 0 1 0 1 1 4747.0 6102.0 5354.0 4330.0 5038.0 0 0.2998729432785305
1 0 0 1 0 1 1 1 1 0 0 1 0 1 1 1 0 1 0 1 6915.0 3523.0 7645.0 3641.0 7030.0 0 0.2587764110563906
1 0 0 0 1 1 0 0 1 1 0 1 1 1 0 0 1 0 1 1 5582.0 5676.0 5337.0 5278.0 5316.0 0 0.23168613866997093
1 0 0 0 1 1 1 0 1 1 0 0 1 0 0 1 1 0 1 1 4983.0 5870.0 6664.0 4513.0 5553.0 0 0.17756383453067254
1 0 0 1 0 1 0 0 1 1 0 1 1 0 0 1 1 0 1 1 6367.0 5367.0 5769.0 5187.0 4649.0 0 0.16890115552007928
1 0 0 1 1 1 0 0 1 1 0 1 1 1 1 1 0 1 0 1 7666.0 4899.0 7593.0 5337.0 6171.0 0 0.16794657969613638
1 0 0 1 1 1 0 1 1 1 0 1 0 1 1 1 0 1 0 1 7419.0 4180.0 7906.0 4407.0 6599.0 0 0.13915530070550014
1 0 0 1 1 1 0 0 1 1 0 1 1 1 1 1 0 0 1 0 6650.0 4833.0 6000.0 5632.0 4849.0 0 0.13536471883696416
1 0 0 0 1 1 0 1 1 0 0 1 0 1 1 1 1 1 0 1 6295.0 4135.0 7247.0 4198.0 7204.0 0 0.1347851604969314
1 0 0 1 1 1 1 1 1 0 0 0 0 1 0 1 1 1 0 1 5848.0 4507.0 7894.0 3075.0 6886.0 0 0.12469897019788846
1 0 0 1 1 1 1 1 1 0 0 1 0 1 1 0 0 1 0 1 6816.0 3854.0 7327.0 3282.0 7162.0 0 0.12253173566047512
1 0 0 1 1 1 0 1 1 0 1 0 0 1 1 1 0 1 0 1 7034.0 3571.0 8172.0 3192.0 6481.0 0 0.12116873041084376
1 0 0 1 1 1 0 0 1 0 1 1 1 1 1 0 0 1 0 1 7744.0 4332.0 7024.0 4466.0 6265.0 0 0.12105396695069186
0 0 0 0 1 1 0 0 1 1 0 1 1 1 1 0 1 1 0 1 6408.0 5074.0 5641.0 4785.0 5981.0 0 0.12064204592284046
1 1 0 1 1 1 0 0 1 1 0 0 1 1 0 1 1 0 0 1 5613.0 5575.0 6871.0 4583.0 4981.0 0 0.11327395412141056
1 0 1 1 1 1 0 0 1 1 0 1 1 1 0 0 1 0 0 1 5989.0 5821.0 5846.0 4808.0 5239.0 0 0.112088400970794
1 0 0 1 1 1 0 1 1 1 0 0 1 1 1 1 0 1 0 1 7298.0 4859.0 8380.0 4397.0 6122.0 0 0.11204252757181749
1 0 0 1 1 1 1 1 1 0 1 0 0 1 1 1 0 0 0 1 6408.0 3693.0 8248.0 3230.0 6679.0 0 0.10477892922109908
1 0 0 1 1 1 0 0 1 1 0 1 1 1 1 0 1 0 0 1 6759.0 5391.0 5978.0 5114.0 5587.0 0 0.10274112327922826
1 0 0 1 0 1 0 0 1 1 0 1 1 1 1 1 0 0 1 1 7182.0 4799.0 6282.0 5571.0 5264.0 0 0.10222756162383649
1 0 0 1 1 1 1 1 1 0 0 0 0 1 0 1 0 1 1 1 6172.0 4246.0 7880.0 3173.0 6695.0 0 0.10057631391571488
1 0 0 1 1 1 0 0 1 1 0 1 1 0 0 0 1 0 1 1 6268.0 5698.0 5451.0 4828.0 4781.0 0 0.09958174811285583
1 0 0 0 1 1 0 0 1 1 0 1 1 1 1 1 0 0 1 1 6465.0 5011.0 6590.0 5765.0 5800.0 0 0.09934611805218682
1 1 0 1 1 1 0 0 1 1 0 1 1 1 1 1 0 0 0 1 6959.0 4952.0 7289.0 5414.0 5677.0 0 0.09931891799161019
1 1 0 1 1 1 1 0 1 0 0 0 1 1 0 1 0 1 0 1 5917.0 4757.0 7907.0 3681.0 6128.0 0 0.09660797900163369
1 0 1 0 1 1 0 0 1 1 0 0 1 0 0 1 1 1 0 1 5020.0 5744.0 6738.0 3934.0 5262.0 0 0.09584924776631643
1 0 0 0 1 1 1 0 1 1 0 1 1 0 0 1 1 0 0 1 5229.0 5440.0 6797.0 4920.0 5738.0 0 0.09527557547837406
1 0 0 0 1 1 0 0 1 1 0 1 1 1 0 1 1 0 1 0 5149.0 5379.0 5373.0 5698.0 4769.0 0 0.09395185381691615
1 0 0 1 1 1 1 0 1 1 0 1 0 1 0 0 0 1 1 1 6561.0 4915.0 6439.0 4090.0 6341.0 0 0.09314177397973254
1 0 0 1 1 1 1 1 1 0 0 1 0 0 1 1 0 1 0 1 6884.0 3757.0 8067.0 3385.0 7031.0 0 0.09256900367247514
1 0 0 1 1 1 1 0 1 1 0 1 0 1 1 0 1 0 0 1 6213.0 5003.0 6091.0 4256.0 6432.0 0 0.09206803374654209
1 1 0 1 1 1 1 0 1 1 0 0 0 1 1 0 1 0 0 1 5465.0 5225.0 6298.0 3427.0 6108.0 0 0.09156480587954272
1 0 0 0 1 1 1 1 1 1 0 0 0 1 1 1 0 1 0 1 5756.0 4322.0 8134.0 3468.0 6951.0 0 0.08975806093273685
1 0 0 0 1 1 0 0 1 0 0 1 1 1 1 1 0 1 1 1 6866.0 4593.0 6920.0 5226.0 6585.0 0 0.08791928806730809
0 0 0 0 1 1 1 0 1 1 0 0 1 1 0 1 1 0 1 1 5138.0 5588.0 6270.0 4714.0 5712.0 0 0.08768238058313366
1 0 0 0 1 1 1 0 1 1 0 0 1 1 1 0 1 0 0 1 5096.0 5533.0 6206.0 4175.0 5939.0 0 0.08696437611898056
1 0 0 1 1 1 1 0 1 0 0 0 0 1 1 1 1 1 0 1 6151.0 4543.0 7256.0 3373.0 7005.0 0 0.08670835077114389
1 0 0 0 1 1 1 0 1 1 0 1 0 1 0 1 0 1 1 1 5943.0 4796.0 7065.0 4643.0 6745.0 0 0.08577742725204544
1 0 0 0 1 1 0 0 1 1 0 1 1 0 0 1 1 0 1 1 5650.0 5579.0 6077.0 5381.0 5185.0 0 0.08525745451634038
1 0 0 0 1 1 1 0 1 1 0 0 1 0 0 1 1 1 0 1 5188.0 5609.0 7308.0 4014.0 5908.0 0 0.0833494126518431
1 0 0 1 1 1 1 0 1 0 1 0 0 1 1 1 0 1 0 1 6735.0 3902.0 7972.0 3264.0 6898.0 0 0.08305237408763771
1 0 0 1 1 1 0 1 1 0 1 0 1 1 0 1 0 1 0 1 6978.0 4254.0 8497.0 3824.0 5934.0 0 0.08128211962421812
1 0 0 1 1 1 0 0 1 1 1 0 1 0 0 0 1 0 1 1 6282.0 5748.0 6048.0 4214.0 4680.0 0 0.08091239201109193
1 0 0 0 1 1 1 0 1 1 0 1 1 1 0 1 0 1 0 1 6068.0 5045.0 7672.0 5040.0 6453.0 0 0.0801733934464329
0 0 0 1 1 1 1 0 1 0 0 1 1 1 1 1 0 1 0 1 7286.0 4194.0 7360.0 4516.0 6762.0 0 0.08006380881344567
0 0 0 0 1 1 0 1 1 1 0 1 1 1 1 1 0 1 0 1 6988.0 4373.0 7532.0 4974.0 6346.0 0 0.08002394982027403
1 0 0 1 1 1 0 1 1 1 0 1 1 1 0 1 0 1 0 1 7363.0 4863.0 8231.0 5039.0 6052.0 0 0.07995257946704279
1 0 0 0 1 1 0 0 1 1 0 1 1 1 0 1 0 1 1 1 6489.0 5184.0 6952.0 5501.0 5900.0 0 0.07851861512773463
1 0 0 1 1 1 1 0 1 1 0 1 0 1 0 1 0 1 0 1 6344.0 4443.0 7407.0 4153.0 6314.0 0 0.07778340548519808
1 0 0 0 1 1 1 1 1 1 0 0 1 1 0 1 0 1 0 1 5700.0 5005.0 8459.0 4100.0 6404.0 0 0.07776251035923544
1 0 0 1 1 1 0 0 1 1 0 1 1 1 0 1 0 0 1 1 6685.0 5092.0 6650.0 5510.0 5114.0 0 0.07775548078183658
1 0 0 0 1 1 1 0 1 1 1 1 0 1 0 1 0 1 0 1 6203.0 4416.0 7795.0 4436.0 6829.0 0 0.07767086697086135
1 0 0 0 1 1 1 0 1 0 0 1 0 0 1 1 1 1 0 1 5686.0 4339.0 6802.0 3749.0 7070.0 0 0.07762898720987749
1 0 1 1 1 1 0 0 1 1 0 0 1 0 1 1 0 1 0 1 6521.0 5198.0 7365.0 3868.0 5342.0 0 0.0771205038971976
1 0 0 1 1 1 1 1 1 0 0 1 0 1 1 1 0 0 0 1 6394.0 3643.0 7651.0 3844.0 6780.0 0 0.07612417431826185
1 0 0 1 1 1 1 1 1 0 0 1 0 1 0 1 0 1 0 1 6418.0 3816.0 8013.0 3580.0 6880.0 0 0.07571161230851878
1 0 0 1 1 1 0 0 1 1 0 1 1 1 0 0 1 1 0 1 6783.0 5564.0 6340.0 4850.0 5687.0 0 0.07569588324825034
1 0 0 0 1 1 0 1 1 1 0 0 1 1 0 1 0 1 1 1 6121.0 5144.0 7739.0 4561.0 5851.0 0 0.07554771864468138
1 0 0 0 1 1 0 1 1 1 0 0 1 1 0 1 1 1 0 1 5797.0 5405.0 7753.0 4463.0 6042.0 0 0.07391829381313661
1 1 0 1 1 1 0 0 1 1 0 1 1 1 0 0 1 0 0 1 6076.0 5617.0 6036.0 4927.0 5193.0 0 0.07340121989083767
1 1 0 1 1 1 1 0 1 1 0 0 1 0 0 1 0 1 0 1 6006.0 5289.0 7993.0 3761.0 5594.0 0 0.07303206260052891
1 0 0 1 1 1 1 0 1 0 0 0 0 1 1 1 0 1 1 1 6475.0 4282.0 7242.0 3471.0 6814.0 0 0.07211978350665084
1 0 0 1 1 1 0 1 1 1 0 0 1 1 0 0 1 1 0 1 6415.0 5524.0 7127.0 3910.0 5638.0 0 0.07155814849513978
1 0 0 1 1 1 0 0 1 0 0 0 0 1 1 1 1 1 1 1 6572.0 4682.0 6536.0 3834.0 6452.0 0 0.06989441979774455
1 0 0 0 1 1 0 0 1 1 0 1 1 1 1 1 1 0 0 1 6141.0 5272.0 6604.0 5667.0 5991.0 0 0.0697332334027301
1 0 0 1 1 1 0 0 1 0 0 1 1 1 0 1 1 1 0 1 6762.0 4935.0 6994.0 4873.0 6090.0 0 0.06964173496667482
1 1 0 1 1 1 0 0 1 1 0 0 1 1 1 1 0 1 0 1 6918.0 5121.0 7800.0 4508.0 5847.0 0 0.06922728834931613
1 0 0 1 1 1 0 0 1 1 0 0 1 1 0 1 0 1 1 1 6644.0 5261.0 7161.0 4604.0 5284.0 0 0.0678473765914333
1 0 0 1 1 1 1 1 1 0 1 0 1 1 0 1 0 0 0 1 6352.0 4376.0 8573.0 3862.0 6132.0 0 0.06716520685823103
1 0 0 1 1 1 0 0 1 1 0 0 1 1 0 1 1 0 1 1 6115.0 5783.0 6531.0 5005.0 5120.0 0 0.06607881714451475
1 0 0 1 1 1 0 0 1 1 0 1 1 1 0 0 0 1 1 1 7107.0 5303.0 6326.0 4948.0 5496.0 0 0.06504297759100827
1 0 1 1 1 1 0 0 1 1 0 0 1 1 0 1 1 0 0 1 5526.0 5779.0 6681.0 4464.0 5027.0 0 0.06493783517589961
1 0 0 0 1 1 1 0 1 0 0 0 1 1 1 0 0 1 1 1 5821.0 4854.0 6522.0 3734.0 6533.0 0 0.06478700147410577
1 0 0 1 0 1 0 1 1 1 0 0 1 1 0 1 1 1 0 1 6514.0 5193.0 7445.0 4269.0 5506.0 0 0.0641440105937744
1 0 0 1 1 1 0 1 1 0 0 0 0 1 0 1 1 1 1 1 6269.0 4646.0 7174.0 3536.0 6333.0 0 0.06346555500890998
1 0 0 0 1 1 1 0 1 1 0 1 0 1 1 1 0 0 1 1 5919.0 4623.0 6703.0 4907.0 6645.0 0 0.06336266791666689
1 0 0 0 1 1 1 0 1 1 0 1 1 1 1 1 0 0 0 1 6044.0 4872.0 7310.0 5304.0 6353.0 0 0.06230750747657433
1 0 1 1 1 1 1 0 1 0 1 0 0 1 0 1 0 1 0 1 5965.0 4332.0 7840.0 2958.0 6550.0 0 0.06146423280704434
1 0 0 1 1 1 0 0 1 1 0 1 1 0 0 1 1 1 0 1 6851.0 5467.0 7080.0 4953.0 5556.0 0 0.06072504581662838
1 0 0 0 1 1 1 0 1 1 0 0 0 1 1 1 1 1 0 1 5554.0 5053.0 7228.0 3903.0 7006.0 0 0.06070024410533399
1 0 0 1 0 1 0 0 1 1 0 0 0 1 1 1 1 1 1 1 6692.0 4980.0 6200.0 4170.0 5917.0 0 0.059757036689087745
1 0 1 0 1 1 0 0 1 0 0 1 1 1 1 1 0 1 0 1 6277.0 4589.0 7070.0 4685.0 6492.0 0 0.05919198183189084
1 0 1 0 1 1 0 0 1 1 0 0 1 1 1 1 0 1 0 1 5835.0 5176.0 7251.0 4318.0 5877.0 0 0.05907044526406718
0 0 0 0 1 1 1 0 1 0 0 0 0 1 1 1 1 1 1 1 5595.0 4487.0 6275.0 3543.0 7044.0 0 0.05848817119118726
1 0 0 1 1 1 0 1 1 1 0 0 1 1 0 1 1 0 0 1 5993.0 5313.0 7451.0 4472.0 5256.0 0 0.05820756018176536
1 0 0 1 1 1 0 0 1 1 0 0 1 1 1 0 1 1 0 1 6718.0 5560.0 6489.0 4208.0 5757.0 0 0.05795988716927304
1 0 0 0 1 1 0 1 1 1 0 1 1 0 1 1 0 1 0 1 6833.0 4655.0 7926.0 4773.0 6187.0 0 0.057687677948486865
1 0 0 1 1 1 1 1 1 0 0 1 1 1 0 1 0 0 0 1 6338.0 4326.0 7976.0 4476.0 6233.0 0 0.05586393313372606
1 0 0 1 1 1 0 0 1 0 0 1 1 1 1 0 1 1 0 1 7160.0 4973.0 6308.0 4575.0 6372.0 0 0.05536976190860788
1 0 0 0 1 1 0 0 1 0 1 1 1 1 1 1 0 1 0 1 7126.0 4213.0 7650.0 5019.0 6669.0 0 0.05529644375498763
1 0 0 0 1 1 0 0 1 1 1 1 0 1 0 1 0 1 1 1 6624.0 4555.0 7075.0 4897.0 6276.0 0 0.05367706492216667
