0 1 0 0 1 1 1 1 1 0 0 1 0 1 0 1 0 1 0 1 5360.0 3552.0 7372.0 3328.0 6780.0 0 1000000000000000.4
1 0 1 1 1 1 0 1 0 0 0 1 0 1 1 0 0 1 0 1 6083.0 3071.0 6015.0 2873.0 6203.0 0 1000000000000000.5
0 0 0 0 1 1 1 0 1 0 1 0 0 1 0 0 1 1 0 1 4701.0 4009.0 5721.0 2386.0 6006.0 0 1000000000000000.2
0 0 0 0 1 1 1 1 0 0 0 0 1 1 0 1 1 0 1 1 4647.0 4043.0 6134.0 3812.0 5965.0 0 0.22780553476053414
1 0 0 1 1 0 1 1 1 0 0 1 0 1 0 1 0 0 1 1 5577.0 3290.0 6427.0 3991.0 5873.0 0 0.3208821416894687
1 0 0 1 0 1 1 0 1 0 1 0 0 1 0 0 1 1 0 1 5573.0 4206.0 6052.0 2512.0 5862.0 0 0.3050960580674575
1 0 1 0 1 1 1 0 0 0 1 0 1 1 1 0 0 0 0 1 4722.0 3813.0 6016.0 3156.0 5856.0 0 0.29716678921512507
0 0 0 0 1 1 1 0 1 0 1 0 0 1 1 1 1 0 1 0 4839.0 4041.0 5412.0 3631.0 5806.0 0 0.3098812024575263
0 0 0 0 1 1 1 0 1 0 1 0 0 0 1 1 1 0 0 1 4745.0 3739.0 6099.0 2753.0 5775.0 0 0.26868670909644116
1 0 0 1 1 0 1 1 1 0 0 0 1 1 0 1 0 1 0 1 5661.0 3708.0 7545.0 3482.0 5751.0 0 1000000000000000.4
1 0 0 1 1 0 1 1 1 1 0 0 1 0 1 0 0 1 0 1 6148.0 4278.0 6945.0 3264.0 5499.0 0 0.3291474493466582
1 1 0 1 1 1 0 0 1 0 0 0 1 1 0 1 1 0 1 1 5809.0 5418.0 6557.0 4543.0 5411.0 0 0.8230628136353499
0 0 0 1 0 1 1 0 1 1 0 1 1 0 1 0 0 1 0 1 6718.0 4335.0 5794.0 3707.0 5256.0 0 1000000000000000.1
1 0 1 1 1 0 0 0 0 1 0 1 1 1 1 0 0 1 0 1 6093.0 3662.0 5091.0 4316.0 5140.0 0 0.3593864950346307
0 1 0 1 1 0 0 0 1 1 1 1 0 1 0 1 0 1 0 1 6327.0 3300.0 6193.0 4138.0 5109.0 0 0.35123072708253805
0 0 1 0 1 1 0 0 1 1 0 0 1 1 0 1 1 0 1 1 4970.0 5723.0 5700.0 4634.0 5066.0 0 1000000000000000.1
0 1 0 1 0 1 0 0 1 0 1 1 1 0 0 0 1 1 0 1 6588.0 4424.0 5562.0 3636.0 5014.0 0 0.3155834563355399
0 0 0 0 1 0 1 0 1 1 1 1 1 1 0 1 0 1 0 0 5321.0 3644.0 5889.0 4782.0 4973.0 0 0.23477361677788136
1 0 0 1 1 0 1 1 1 1 0 0 1 1 0 1 0 0 0 1 5260.0 4126.0 7215.0 4021.0 4966.0 0 0.39253818366596754
0 0 0 1 0 1 1 0 1 1 1 0 1 1 1 0 0 0 0 1 6242.0 4271.0 5975.0 3552.0 4904.0 0 0.2140596128430525
1 0 0 1 0 1 0 1 1 1 1 0 0 1 0 1 0 0 1 1 6173.0 4062.0 6893.0 3701.0 4889.0 0 0.24042516064090666
1 0 1 1 1 1 0 1 1 0 0 1 1 0 1 1 0 0 0 0 5825.0 4075.0 6511.0 3997.0 4771.0 0 0.24006796329834273
1 0 0 1 1 0 0 1 0 1 0 0 1 1 0 1 1 0 1 1 5387.0 4110.0 5784.0 4616.0 4738.0 0 0.25541462884486177
0 0 0 1 0 1 0 0 1 0 1 1 1 1 1 0 0 0 0 1 6510.0 3321.0 5057.0 3819.0 4519.0 0 0.6543347594295196
0 0 1 0 1 1 0 0 0 1 0 1 1 1 0 1 1 0 1 0 4435.0 4550.0 4159.0 5069.0 4418.0 0 3000000000000000.5
0 1 0 0 0 0 0 0 1 1 0 1 1 0 0 1 1 0 1 1 4673.0 4316.0 4186.0 4847.0 3897.0 0 1000000000000000.4
0 1 0 0 1 1 1 1 0 0 0 1 0 1 0 1 0 1 0 1 4795.0 2634.0 6630.0 2999.0 6467.0 1 2000000000000000.0
0 0 0 0 1 1 1 1 0 0 1 1 0 1 0 0 0 1 0 1 5179.0 2432.0 6035.0 2590.0 6270.0 1 0.35161056684968367
0 1 0 0 1 1 1 1 0 0 0 1 0 0 1 0 0 1 0 1 4883.0 2545.0 5699.0 2180.0 6198.0 1 0.135299028741642
0 1 0 0 0 1 1 1 0 0 1 1 0 0 1 0 0 1 0 1 5459.0 2306.0 5779.0 2269.0 6177.0 1 0.3710873827872707
1 1 0 1 0 1 1 0 0 0 1 0 0 1 0 0 1 1 0 1 5101.0 3582.0 5667.0 2322.0 5857.0 1 0.330206180536317
1 0 0 1 0 1 1 0 0 0 0 1 0 1 1 0 0 1 0 1 5499.0 2543.0 4981.0 2660.0 5714.0 1 0.24516065721400954
1 0 1 0 1 0 1 0 1 1 0 1 0 1 0 0 0 1 0 1 4340.0 3975.0 5288.0 3390.0 5580.0 1 0.21063103467282263
0 1 0 0 1 1 1 1 0 0 0 1 1 0 1 0 0 1 0 0 4792.0 2969.0 5374.0 2934.0 5386.0 1 0.15670728215442342
0 0 0 0 1 1 1 0 1 0 1 0 0 1 0 0 0 1 0 1 4430.0 3246.0 5690.0 1923.0 5368.0 1 1000000000000000.1
0 1 0 0 1 1 1 0 1 0 0 1 1 1 1 0 0 0 1 0 4989.0 4243.0 4780.0 4255.0 5312.0 1 0.14670735968831505
1 0 0 1 1 1 1 0 1 0 0 1 0 1 1 0 0 0 1 0 5327.0 3756.0 4797.0 3549.0 5257.0 1 0.24014426788229537
0 1 0 0 1 1 0 1 0 0 1 1 0 1 0 0 0 0 1 1 4893.0 2624.0 5011.0 3128.0 5223.0 1 0.15249347813621816
1 0 0 1 0 1 1 0 0 1 0 0 1 1 0 0 1 1 0 1 5272.0 4576.0 5518.0 3388.0 5190.0 1 0.1019539937156414
1 0 0 1 1 0 1 1 0 1 0 0 1 0 1 0 0 1 0 1 5583.0 3360.0 6203.0 2935.0 5186.0 1 0.183230034788741
0 0 1 0 1 1 0 0 0 0 1 1 0 1 0 1 0 0 1 1 4711.0 2826.0 4869.0 3605.0 5106.0 1 0.20882576660908156
0 0 1 0 1 1 0 0 1 0 0 0 1 1 0 1 1 0 1 1 4571.0 5064.0 5369.0 4033.0 5049.0 1 1000000000000000.0
0 0 0 1 0 1 1 0 0 0 1 1 0 0 0 0 0 1 1 1 5708.0 2563.0 4562.0 2408.0 5047.0 1 0.20535621514361915
0 1 0 0 1 0 1 1 0 1 0 0 1 1 0 1 0 0 1 1 4232.0 3446.0 5849.0 4001.0 5000.0 1 0.4431120336688773
0 1 0 0 1 1 1 1 0 0 1 1 1 1 0 0 0 0 0 0 4381.0 2909.0 5406.0 3421.0 4964.0 1 0.12870308470144762
0 0 0 1 1 1 0 1 0 0 0 1 0 0 1 0 0 1 0 1 5612.0 2037.0 4964.0 2012.0 4906.0 1 1000000000000000.1
1 0 1 1 1 0 1 0 1 1 0 1 0 1 0 1 1 0 0 0 4374.0 4349.0 5053.0 4282.0 4885.0 1 0.13428023706033415
0 0 0 1 0 1 1 0 0 1 0 0 1 1 0 1 1 0 1 1 5290.0 4458.0 5220.0 4191.0 4863.0 1 0.1473451994394017
0 0 1 1 1 0 0 0 0 0 0 1 1 0 1 0 1 1 0 1 5500.0 3230.0 3907.0 3337.0 4818.0 1 0.24357707625471034
0 0 0 1 0 1 0 0 1 0 0 0 1 1 1 0 1 1 0 1 5885.0 4131.0 4852.0 3022.0 4796.0 1 0.3426769980904746
0 0 0 0 0 0 0 1 0 1 0 1 1 1 0 1 1 1 0 1 5003.0 3002.0 4913.0 4429.0 4765.0 1 0.18022376798874493
0 0 1 0 1 1 0 0 0 1 0 0 1 1 0 1 1 0 1 1 4405.0 4805.0 4958.0 4305.0 4753.0 1 0.22009611293381323
1 0 0 1 1 0 0 1 0 0 0 0 1 1 0 1 1 0 1 1 4988.0 3451.0 5453.0 4015.0 4721.0 1 0.13696841508060945
0 0 1 1 1 1 0 0 1 0 1 1 1 0 1 0 0 1 0 0 6474.0 3967.0 5358.0 3441.0 4709.0 1 1000000000000000.1
1 0 0 1 0 0 1 1 1 1 0 0 1 0 0 0 0 1 1 1 5688.0 4351.0 5996.0 3234.0 4692.0 1 0.13311326377433924
1 0 0 1 1 0 1 1 0 1 0 0 1 1 0 1 0 0 0 1 4695.0 3208.0 6473.0 3692.0 4653.0 1 0.24111904034006695
0 0 1 1 0 0 0 0 0 0 1 1 1 1 0 0 1 1 0 1 5610.0 3050.0 3933.0 3621.0 4646.0 1 0.2577786135798496
0 0 0 1 0 1 1 0 1 1 0 1 1 0 1 1 1 0 0 0 5756.0 4560.0 5200.0 4528.0 4545.0 1 0.2775287554555845
0 0 0 0 1 1 0 1 1 1 1 0 0 1 0 1 0 1 0 0 4695.0 3277.0 6257.0 2872.0 4421.0 1 0.24858399675818968
1 1 0 0 1 0 1 1 0 1 0 0 1 0 0 1 0 0 0 1 3482.0 3226.0 6226.0 3239.0 4394.0 1 1000000000000000.0
0 1 0 1 0 1 0 0 1 0 1 1 1 0 0 0 0 1 0 1 6317.0 3661.0 5531.0 3173.0 4376.0 1 0.3701526791901799
0 0 1 1 0 1 0 0 0 1 0 0 1 1 0 1 1 0 1 1 5122.0 4593.0 4650.0 4111.0 4217.0 1 0.23793416275807142
0 0 1 0 0 0 0 0 0 1 0 1 1 1 0 1 1 0 1 1 4331.0 3729.0 3499.0 4920.0 4181.0 1 2000000000000000.0
1 0 0 0 0 0 1 0 1 1 1 0 1 1 0 1 0 1 0 0 4356.0 3620.0 5711.0 3869.0 4181.0 1 0.14849814265485745
0 0 0 0 1 0 1 0 1 1 1 1 1 1 0 1 0 0 0 0 4521.0 3403.0 5228.0 4720.0 4171.0 1 0.27016881228996137
1 1 0 1 1 1 0 0 1 0 1 1 1 0 0 0 0 0 1 0 5735.0 4365.0 5244.0 4053.0 3998.0 1 0.1539777194972241
1 0 1 1 1 1 0 1 1 0 0 0 1 0 0 0 0 0 0 1 4641.0 4232.0 6026.0 2283.0 3984.0 1 0.15094189036473415
0 1 0 1 0 1 0 0 1 0 1 1 1 1 1 0 0 0 0 0 5792.0 3288.0 4465.0 3754.0 3860.0 1 0.458814535875952
0 0 0 1 0 1 0 0 1 1 0 0 1 1 0 1 1 0 1 0 4870.0 4686.0 4276.0 4216.0 3209.0 1 1000000000000000.2
0 0 0 0 0 0 0 0 0 1 0 1 1 1 0 1 1 0 1 1 4325.0 3231.0 3332.0 4900.0 3827.0 2 2000000000000000.2
0 0 0 0 1 1 1 1 0 0 0 1 0 1 0 1 0 0 0 1 3902.0 2099.0 5612.0 2798.0 5357.0 2 1000000000000000.4
0 1 0 0 0 1 1 1 0 0 0 1 0 0 1 0 0 1 0 1 4604.0 2184.0 5032.0 1915.0 5646.0 2 1000000000000000.2
0 0 0 1 1 1 0 0 1 0 0 1 1 1 1 0 0 0 1 0 5718.0 3735.0 4045.0 4087.0 4020.0 2 1000000000000000.2
0 1 0 1 0 0 0 0 1 1 0 0 1 1 0 1 1 0 1 1 5138.0 4520.0 4640.0 4471.0 3832.0 2 1000000000000000.2
0 1 0 1 0 1 1 0 0 0 1 0 0 0 1 0 0 1 0 1 5141.0 2351.0 5051.0 1344.0 4978.0 2 1000000000000000.1
1 0 0 1 1 0 1 1 0 0 0 0 1 1 0 1 0 0 0 1 4296.0 2549.0 6142.0 3091.0 4636.0 2 1000000000000000.1
1 1 1 1 0 0 1 1 1 0 0 0 1 1 0 1 0 0 0 0 3870.0 3571.0 5792.0 3110.0 4092.0 2 1000000000000000.1
1 0 0 1 0 1 0 1 1 1 1 0 0 1 0 1 0 0 0 0 4767.0 3233.0 5927.0 2936.0 3475.0 2 1000000000000000.1
0 0 1 1 1 1 0 0 0 0 0 1 1 0 1 0 1 1 0 0 5325.0 3690.0 3900.0 3221.0 4503.0 2 0.44134787090838407
0 0 0 1 0 1 0 0 1 0 1 1 1 1 1 0 0 0 0 0 5699.0 2994.0 4108.0 3615.0 3552.0 2 0.4351848682704722
0 0 0 1 0 1 0 0 0 0 1 0 1 1 0 1 1 0 1 1 5572.0 3558.0 4899.0 3844.0 4377.0 2 0.435177883195534
0 0 0 0 0 1 1 0 0 1 0 0 1 1 0 1 1 0 1 1 4294.0 4309.0 4861.0 4120.0 4847.0 2 0.3564210065374645
1 0 0 1 0 1 0 0 0 1 0 0 1 1 0 1 1 0 1 1 5271.0 4504.0 5122.0 4411.0 4255.0 2 0.35189220236018653
1 0 1 1 1 0 1 0 1 1 0 1 0 1 0 0 0 0 0 1 4536.0 3883.0 4986.0 3399.0 4794.0 2 0.34373211107244916
0 0 0 1 0 1 1 0 0 0 0 1 0 1 1 0 0 1 0 1 5344.0 2134.0 4342.0 2340.0 5322.0 2 0.33920939242155934
0 0 0 0 0 1 1 0 0 0 1 1 1 0 1 0 1 1 0 0 5073.0 3167.0 4191.0 3319.0 5112.0 2 0.33674858506912786
0 0 0 0 0 1 1 0 0 0 1 1 0 0 0 0 0 1 1 1 4712.0 2414.0 4203.0 2337.0 5031.0 2 0.29103683100768263
0 0 0 1 0 1 1 0 0 1 0 0 1 1 0 0 1 1 0 1 5117.0 4167.0 4879.0 3068.0 4798.0 2 0.27948908215534785
0 0 1 0 1 1 0 0 0 0 1 1 1 0 1 1 1 0 0 0 4762.0 3452.0 4612.0 4066.0 4636.0 2 0.27065046926050784
1 0 0 1 1 0 1 1 0 1 0 1 1 0 0 0 0 0 0 1 4848.0 3123.0 5393.0 3515.0 4314.0 2 0.25213628106684605
0 0 0 0 1 1 1 1 0 0 1 1 0 1 0 0 0 0 0 1 4379.0 2191.0 5374.0 2528.0 5468.0 2 0.2520696085179003
1 0 1 1 1 0 1 0 1 0 1 0 1 0 0 0 0 1 0 0 4550.0 3812.0 5343.0 2479.0 4115.0 2 0.24919647962690814
0 1 0 0 0 0 1 1 1 0 1 0 1 0 0 1 0 0 0 1 4069.0 2837.0 6078.0 2736.0 4277.0 2 0.2489755841835835
1 1 0 1 0 1 1 0 0 0 1 0 0 0 1 0 1 0 0 1 4767.0 3282.0 5060.0 2065.0 5206.0 2 0.24231830656626652
0 0 0 0 1 1 0 1 1 0 1 1 0 0 1 0 0 0 0 1 5236.0 2687.0 5433.0 2562.0 4932.0 2 0.2360480571293511
0 0 0 0 0 1 1 0 1 0 1 0 1 1 0 1 0 0 0 1 4449.0 3425.0 5971.0 3178.0 4589.0 2 0.20809147482698676
0 0 0 1 0 1 1 0 0 0 0 0 1 1 0 1 0 1 0 1 4825.0 2775.0 5502.0 2628.0 4563.0 2 0.20093091270508137
0 1 0 0 0 1 1 1 0 1 0 1 0 0 1 1 1 0 0 0 4041.0 3068.0 4769.0 3337.0 4952.0 2 0.2001280866386882
0 1 0 0 1 0 1 0 0 0 1 1 0 0 0 0 0 1 1 1 4448.0 2282.0 4285.0 2653.0 5239.0 2 0.19866713271081585
1 0 0 1 1 1 0 1 0 1 0 0 0 1 0 1 0 0 0 1 4437.0 2881.0 6054.0 2722.0 4150.0 2 0.1979375585722989
