1 0 0 0 1 1 1 1 0 0 0 1 0 1 1 1 0 1 0 1 5633.0 2817.0 7211.0 3506.0 7253.0 0 2000000000000000.0
1 0 0 0 1 1 1 1 0 0 0 1 0 1 0 1 1 1 0 1 5128.0 3512.0 6943.0 3643.0 7189.0 0 0.4478071858129605
1 0 0 0 1 1 1 1 0 0 1 0 0 1 1 1 0 1 0 1 5647.0 2867.0 7808.0 2892.0 7152.0 0 0.24004922747704588
0 0 0 0 1 1 1 0 1 0 0 0 0 1 1 1 1 1 1 1 5595.0 4487.0 6275.0 3543.0 7044.0 0 0.09878085456846733
1 0 0 1 1 1 1 0 1 0 0 1 0 1 1 1 0 1 0 1 6721.0 3852.0 7375.0 3878.0 6999.0 0 0.10930450433374231
1 0 0 0 1 1 1 0 1 1 0 1 0 1 0 1 1 1 0 1 5619.0 5057.0 7079.0 4545.0 6936.0 0 0.08926208707113548
1 0 0 1 1 1 1 0 1 0 1 0 0 1 1 1 0 1 0 1 6735.0 3902.0 7972.0 3264.0 6898.0 0 0.16579790646198622
1 0 0 1 1 1 1 1 1 0 0 0 0 1 0 1 1 1 0 1 5848.0 4507.0 7894.0 3075.0 6886.0 0 0.16399868183622218
1 0 0 1 1 1 1 1 1 0 0 1 0 1 0 1 0 1 0 1 6418.0 3816.0 8013.0 3580.0 6880.0 0 0.10318021983245822
1 0 0 0 1 0 1 0 1 0 1 1 0 1 1 1 0 1 0 1 5944.0 3038.0 6821.0 4073.0 6862.0 0 0.29315312375633074
1 0 0 0 1 1 1 0 1 1 1 1 0 1 0 1 0 1 0 1 6203.0 4416.0 7795.0 4436.0 6829.0 0 0.07490878051466823
1 0 0 1 1 1 1 0 1 0 0 0 0 1 1 1 0 1 1 1 6475.0 4282.0 7242.0 3471.0 6814.0 0 0.1469564616428508
1 0 0 0 1 1 1 1 1 0 1 0 0 1 0 1 0 1 0 1 5436.0 3717.0 8251.0 2895.0 6763.0 0 0.27142329987803326
1 0 0 0 1 1 0 0 1 0 1 1 1 1 1 1 0 1 0 1 7126.0 4213.0 7650.0 5019.0 6669.0 0 0.12321964981922139
1 0 1 1 1 1 1 1 1 0 0 0 0 1 0 1 0 1 0 1 5583.0 4242.0 8030.0 2632.0 6602.0 0 1000000000000000.1
1 0 0 0 1 1 0 1 1 1 0 1 0 1 0 1 1 1 0 1 5918.0 4726.0 7279.0 4473.0 6519.0 0 0.09799051035544573
1 0 0 1 1 1 0 1 1 0 1 0 0 1 1 1 0 1 0 1 7034.0 3571.0 8172.0 3192.0 6481.0 0 0.2286964495844314
1 0 0 1 1 1 1 0 1 0 0 0 1 1 0 1 1 1 0 1 6095.0 5226.0 7581.0 4005.0 6458.0 0 0.14745354956584728
1 0 0 1 1 1 1 1 1 0 0 0 1 1 0 1 0 1 0 1 6297.0 4495.0 8487.0 3570.0 6403.0 0 0.15669677611164148
0 0 0 0 1 1 1 0 1 1 0 1 1 1 1 0 0 1 0 1 6311.0 4674.0 6347.0 4422.0 6343.0 0 0.12321755103670685
1 0 0 1 1 1 1 0 1 1 0 1 0 1 0 0 0 1 1 1 6561.0 4915.0 6439.0 4090.0 6341.0 0 0.1489008866045608
1 0 0 1 1 1 1 0 1 1 0 1 0 1 0 1 0 1 0 1 6344.0 4443.0 7407.0 4153.0 6314.0 0 0.13510744341506467
1 0 1 0 1 1 0 0 1 1 0 1 0 1 0 1 1 1 0 1 5451.0 5192.0 6509.0 4465.0 6290.0 0 0.08348375071731254
1 1 0 1 0 1 0 0 1 0 1 1 0 1 1 1 0 1 0 1 7216.0 3544.0 7075.0 4006.0 6286.0 0 0.12000131018242528
0 0 0 1 1 1 0 0 1 0 1 1 0 0 1 1 1 1 0 1 7208.0 3838.0 6532.0 3754.0 6225.0 0 0.1438617402600492
1 0 0 1 1 1 1 0 1 1 1 0 0 1 0 1 0 1 0 1 6358.0 4493.0 8004.0 3539.0 6213.0 0 0.0367094970590145
1 0 0 1 1 1 0 0 1 0 1 1 0 0 1 0 1 1 0 1 6985.0 4217.0 6186.0 3450.0 6197.0 0 0.12334010513904264
1 0 0 1 1 1 0 0 1 0 0 0 1 1 1 1 1 1 0 1 6697.0 4931.0 7143.0 4231.0 6160.0 0 0.12466290109775009
1 0 0 1 1 1 1 0 1 1 0 1 0 1 0 1 1 0 0 1 5815.0 4965.0 6777.0 4554.0 6150.0 0 0.16138771851635247
1 0 1 0 1 1 0 1 1 1 1 0 0 1 0 1 0 1 0 1 5667.0 4511.0 8012.0 3416.0 6134.0 0 0.16978463632492702
1 0 0 1 1 1 1 1 1 0 1 0 1 1 0 1 0 0 0 1 6352.0 4376.0 8573.0 3862.0 6132.0 0 1000000000000000.0
1 0 0 0 1 1 0 0 1 1 0 1 1 1 0 1 1 1 0 1 6165.0 5445.0 6966.0 5403.0 6091.0 0 0.15325285049563842
0 0 0 0 1 1 0 0 0 1 0 1 1 1 1 1 1 1 0 1 6221.0 4186.0 5884.0 5080.0 6088.0 0 0.25650442210970115
0 0 0 1 1 1 1 0 1 1 0 1 1 1 0 1 0 1 0 1 6909.0 4785.0 7392.0 4791.0 6077.0 0 0.11896109701603463
1 0 0 1 1 1 0 1 1 1 0 1 1 1 0 1 0 1 0 1 7363.0 4863.0 8231.0 5039.0 6052.0 0 0.20809761404900648
1 0 0 1 1 1 1 0 1 1 0 1 1 0 0 1 0 1 0 1 6754.0 5067.0 7786.0 4590.0 5918.0 0 0.21247865467399607
1 0 0 0 1 1 0 0 1 1 0 1 1 0 1 0 1 1 0 1 6253.0 5356.0 6035.0 4584.0 5822.0 0 0.1428017587351828
1 0 1 1 1 1 0 0 1 0 0 0 1 1 0 1 1 1 0 1 5927.0 5361.0 7011.0 3925.0 5812.0 0 0.08948161389411469
1 0 1 0 1 1 0 0 1 1 0 1 1 1 0 1 0 1 0 1 5900.0 5180.0 7102.0 4960.0 5807.0 0 0.06715974284848417
1 0 0 1 1 1 0 1 1 1 0 1 1 0 1 0 0 1 0 1 7451.0 4774.0 7300.0 4220.0 5783.0 0 0.07459855727437918
1 1 0 1 1 1 0 0 1 1 0 1 1 1 0 1 0 1 0 1 6983.0 5125.0 7651.0 5150.0 5777.0 0 0.1278125710707463
1 1 0 1 1 1 0 0 1 0 0 0 1 1 0 1 1 1 0 1 6014.0 5157.0 7201.0 4044.0 5766.0 0 0.09722547654206136
1 0 0 1 0 1 0 0 1 0 1 1 1 1 1 0 0 1 0 1 7465.0 3971.0 6357.0 4201.0 5713.0 0 1000000000000000.2
1 0 0 1 1 1 0 0 1 1 0 1 1 0 0 1 1 1 0 1 6851.0 5467.0 7080.0 4953.0 5556.0 0 0.12688383993996916
1 0 0 1 0 1 0 0 1 1 0 1 1 1 0 1 1 1 0 1 6882.0 5233.0 6658.0 5209.0 5555.0 0 0.13122296574923611
1 0 0 1 1 1 0 0 1 1 0 1 1 1 0 0 0 1 1 1 7107.0 5303.0 6326.0 4948.0 5496.0 0 0.15691051035986298
1 0 0 1 1 1 0 0 1 1 0 0 1 1 0 1 1 1 0 1 6320.0 5522.0 7175.0 4506.0 5475.0 0 0.10797390569933019
1 0 0 0 1 1 0 0 0 1 0 1 1 1 0 1 1 0 1 1 5395.0 4788.0 5580.0 5573.0 5423.0 0 0.3004598475554322
1 0 0 1 1 1 0 0 1 1 0 1 1 1 0 1 1 0 0 1 6361.0 5353.0 6664.0 5412.0 5305.0 0 0.1406464072922823
0 0 0 0 1 1 0 0 1 1 1 1 1 1 0 1 0 0 1 1 6389.0 4656.0 6399.0 5473.0 5237.0 0 0.1597680485749727
1 0 1 1 1 1 0 0 1 1 0 0 1 1 0 1 0 1 0 1 6055.0 5257.0 7311.0 4063.0 5191.0 0 0.09826477444847648
1 0 1 0 1 1 0 1 1 1 0 0 1 1 0 0 1 0 0 1 4625.0 5632.0 6274.0 3797.0 5174.0 0 0.40816609892047984
1 0 0 1 1 1 0 0 1 1 0 0 1 1 0 1 1 0 1 1 6115.0 5783.0 6531.0 5005.0 5120.0 0 0.12396582715728685
1 0 0 1 1 1 0 0 1 1 0 1 1 1 0 1 0 0 1 1 6685.0 5092.0 6650.0 5510.0 5114.0 0 0.12910171454106234
1 0 0 0 1 0 0 0 1 1 0 1 1 1 0 1 1 0 1 1 5324.0 4919.0 5380.0 5814.0 5084.0 0 1000000000000000.1
1 1 0 1 1 1 0 0 1 1 0 0 1 1 0 1 1 0 0 1 5613.0 5575.0 6871.0 4583.0 4981.0 0 0.18706966054703056
1 0 0 0 1 1 0 0 1 1 0 1 1 1 0 1 1 0 1 0 5149.0 5379.0 5373.0 5698.0 4769.0 0 0.37243106703585604
1 0 1 0 1 1 0 0 1 1 0 0 1 1 0 1 1 0 1 0 4314.0 5805.0 5390.0 4750.0 4491.0 0 2000000000000000.2
1 0 0 1 0 1 0 0 1 1 0 1 1 1 0 1 1 0 1 0 5866.0 5167.0 5065.0 5504.0 4233.0 0 0.30468214508597347
1 0 0 1 1 0 0 0 1 1 0 1 1 1 0 1 1 0 1 0 5509.0 4741.0 4790.0 5681.0 4133.0 0 2000000000000000.0
1 0 0 0 1 0 0 0 1 1 0 1 1 1 0 1 1 0 1 0 4513.0 4592.0 4431.0 5610.0 4117.0 1 2000000000000000.5
0 0 1 0 1 1 0 0 1 1 0 0 1 1 0 1 1 0 1 1 4970.0 5723.0 5700.0 4634.0 5066.0 1 1000000000000000.2
0 0 1 0 1 1 0 0 1 1 0 1 1 1 0 0 1 0 1 0 4622.0 5438.0 3916.0 4774.0 4311.0 1 1000000000000000.2
1 0 0 0 1 1 1 1 0 0 0 1 0 1 0 1 0 1 1 1 5452.0 3251.0 6929.0 3741.0 6998.0 1 1000000000000000.1
1 0 0 1 1 1 1 1 1 0 0 0 0 1 1 0 0 1 0 1 5975.0 3782.0 7177.0 2314.0 6530.0 1 1000000000000000.0
1 0 0 1 1 1 1 1 1 1 0 0 0 1 0 1 0 1 0 1 5976.0 4403.0 8194.0 3213.0 6265.0 1 1000000000000000.0
1 0 0 1 0 1 0 0 1 0 1 1 0 1 1 1 0 1 0 1 7123.0 3250.0 6718.0 3867.0 5978.0 1 1000000000000000.0
0 1 0 1 1 1 0 0 1 0 1 1 1 0 1 0 0 1 0 1 7372.0 4090.0 6497.0 3764.0 5630.0 1 1000000000000000.0
1 1 1 0 1 1 0 0 1 1 0 0 1 1 0 1 0 0 0 1 4352.0 5161.0 6648.0 4069.0 4681.0 1 1000000000000000.0
0 1 0 0 1 1 1 1 1 0 1 0 0 1 0 1 0 1 0 1 5374.0 3602.0 7969.0 2714.0 6679.0 1 0.416922840855196
0 0 0 1 1 1 0 0 0 1 0 1 1 1 0 1 1 0 1 1 6236.0 4528.0 5300.0 5324.0 5047.0 1 0.41124771732470816
1 0 0 0 1 1 0 1 1 0 1 0 0 1 1 1 0 1 0 1 6038.0 3422.0 7813.0 3121.0 6465.0 1 0.3251463456978841
1 0 0 1 1 1 0 1 1 0 0 1 1 1 0 1 1 0 0 1 6435.0 4726.0 7270.0 4839.0 5871.0 1 0.3066489278317209
1 0 1 1 1 1 1 0 1 0 0 1 0 0 0 0 1 1 0 1 5534.0 4888.0 6044.0 2890.0 6318.0 1 0.2588598821771238
1 0 0 0 1 1 1 1 1 0 0 0 0 1 0 1 1 1 0 1 4852.0 4358.0 7535.0 3004.0 6870.0 1 0.24999820967687822
1 1 0 1 1 1 0 0 1 0 1 1 0 1 1 0 0 1 0 1 7117.0 3875.0 6757.0 3647.0 6418.0 1 0.24883396227378266
1 0 0 1 0 1 1 0 1 1 1 1 0 1 1 1 0 0 0 1 6896.0 4031.0 7125.0 4506.0 6193.0 1 0.24472198695998715
1 0 1 0 1 1 0 0 1 1 0 0 1 1 0 1 1 0 0 1 4530.0 5630.0 6322.0 4393.0 5011.0 1 0.24294260410626248
1 0 0 1 1 1 0 0 1 1 0 0 1 1 0 1 1 0 1 0 5304.0 5456.0 5582.0 4801.0 4153.0 1 0.24193177312207723
1 0 0 1 1 1 0 0 1 0 0 1 1 1 0 0 0 1 1 1 6708.0 4644.0 5995.0 4347.0 5479.0 1 0.22111765674696704
0 0 0 1 1 1 0 0 1 1 0 1 1 0 0 0 1 1 0 1 6318.0 5028.0 5456.0 4009.0 4744.0 1 0.21347571769698975
1 1 0 1 1 1 0 0 1 1 0 1 1 1 0 1 0 0 1 0 5967.0 5059.0 6058.0 5445.0 4455.0 1 0.2120813566892255
1 0 0 0 1 1 1 0 1 0 1 0 0 1 1 1 0 1 0 1 5739.0 3753.0 7613.0 3193.0 6882.0 1 0.21126048837561642
1 0 1 0 1 1 1 0 1 1 0 1 1 0 1 0 0 0 0 1 5362.0 5213.0 6247.0 4179.0 5736.0 1 0.20001456925655248
1 0 0 1 1 1 0 0 1 0 1 1 1 1 1 1 0 0 0 1 7322.0 4121.0 7348.0 5028.0 5883.0 1 0.19981707005142865
1 0 0 0 1 1 1 1 1 0 0 0 1 1 0 1 0 1 0 1 5301.0 4346.0 8128.0 3499.0 6387.0 1 0.19845045325101116
1 0 0 1 1 1 0 1 1 0 0 1 0 1 1 1 0 1 0 1 7020.0 3521.0 7575.0 3806.0 6582.0 1 0.1932287036574782
1 0 0 1 1 1 0 1 1 0 0 1 1 1 0 1 0 1 0 1 6964.0 4204.0 7900.0 4438.0 6035.0 1 0.1853479109084259
0 0 0 0 1 1 0 0 1 1 1 0 1 1 0 1 1 0 1 1 5819.0 5347.0 6280.0 4968.0 5243.0 1 0.18357007662268954
1 0 0 1 1 1 1 0 1 0 0 1 0 1 0 0 1 1 0 1 5838.0 4517.0 6122.0 3391.0 6515.0 1 0.1734393736492192
1 0 0 0 1 1 1 0 1 0 0 1 0 1 0 1 1 1 0 1 5220.0 4398.0 6748.0 3944.0 6919.0 1 0.16767895820802364
1 0 0 1 1 1 1 0 1 0 1 1 1 0 1 0 0 0 0 1 6808.0 4327.0 6855.0 3983.0 5912.0 1 0.16301954895993764
1 0 0 1 0 1 0 0 1 1 0 1 1 1 0 1 0 1 0 1 6611.0 4470.0 6627.0 4746.0 4917.0 1 0.16190265628101155
1 0 0 1 0 1 0 0 1 1 0 0 1 1 0 1 1 0 1 1 5836.0 5422.0 5864.0 4740.0 4568.0 1 0.15907660421340383
1 0 0 1 0 1 0 1 1 1 0 1 1 0 1 0 0 1 0 1 7172.0 4413.0 6633.0 3955.0 5231.0 1 0.15380991599382887
1 0 0 1 1 1 1 0 1 1 0 1 1 0 0 1 0 0 0 1 5954.0 4826.0 7125.0 4528.0 5116.0 1 0.15028943375721399
1 0 0 0 1 1 0 0 0 1 0 1 1 1 0 1 0 1 1 1 5924.0 4266.0 6210.0 5172.0 5587.0 1 0.1497870365225952
1 0 0 0 1 1 0 0 1 1 0 1 1 0 0 1 0 1 1 1 6179.0 5057.0 6707.0 4980.0 5349.0 1 0.14513811974241267
1 0 0 0 1 1 1 0 1 0 1 1 0 1 0 1 0 1 0 1 5804.0 3757.0 7464.0 3835.0 6812.0 1 0.1437058351248517
1 0 0 1 1 1 0 0 1 1 0 0 1 0 1 1 0 0 1 1 6310.0 4961.0 6554.0 4347.0 4633.0 1 0.1395138189023394
