1 1 0 0 1 1 1 0 1 0 0 1 0 1 1 1 0 1 0 1 5818.0 3997.0 7373.0 3946.0 7291.0 0 1000000000000000.1
1 0 1 1 0 1 0 0 1 1 0 0 1 1 0 0 1 0 1 1 5464.0 5890.0 5046.0 4136.0 4502.0 0 1000000000000000.1
1 0 0 1 1 1 1 1 1 0 0 0 0 1 1 1 0 1 0 1 6353.0 3812.0 8162.0 2938.0 6950.0 0 1000000000000000.0
1 0 0 1 1 1 0 1 0 0 1 1 0 1 1 1 0 1 0 1 7310.0 2725.0 7580.0 3831.0 6800.0 0 1000000000000000.0
1 0 0 1 1 1 0 0 1 0 1 1 1 1 1 0 0 1 0 1 7744.0 4332.0 7024.0 4466.0 6265.0 0 1000000000000000.0
1 0 0 1 1 1 1 1 1 1 0 0 1 0 0 1 0 1 0 1 6386.0 5027.0 8573.0 3650.0 5869.0 0 1000000000000000.0
1 0 0 0 1 1 0 0 1 1 0 1 1 1 1 1 0 0 1 1 6465.0 5011.0 6590.0 5765.0 5800.0 0 1000000000000000.0
1 0 1 0 1 1 1 0 1 1 0 0 1 1 0 0 1 0 0 1 4326.0 5963.0 6074.0 3869.0 5591.0 0 1000000000000000.0
1 0 1 0 1 1 0 0 1 1 0 0 1 1 0 0 1 0 1 1 4747.0 6102.0 5354.0 4330.0 5038.0 0 1000000000000000.0
1 0 0 1 0 1 0 0 1 1 0 1 1 1 0 0 1 0 1 1 6299.0 5464.0 5029.0 5084.0 4780.0 0 1000000000000000.0
1 0 0 0 1 1 1 0 0 0 1 1 0 1 1 1 0 1 0 1 6015.0 2907.0 7021.0 3832.0 7201.0 0 0.21789732853705912
1 0 0 0 1 1 0 0 1 1 0 1 1 1 0 1 1 0 1 0 5149.0 5379.0 5373.0 5698.0 4769.0 0 0.20731621129483685
0 0 0 1 1 1 0 0 1 1 0 1 1 1 0 0 1 0 1 1 6423.0 5416.0 5057.0 5029.0 4940.0 0 0.19102768857958993
1 0 0 1 1 1 0 0 1 1 0 1 1 0 0 0 1 0 1 1 6268.0 5698.0 5451.0 4828.0 4781.0 0 0.1838928436499053
1 0 0 0 1 1 0 0 1 1 0 1 1 1 0 0 1 0 1 1 5582.0 5676.0 5337.0 5278.0 5316.0 0 0.16920321149440848
0 0 0 1 1 1 0 1 1 0 1 1 0 1 1 1 0 1 0 1 7720.0 3234.0 7683.0 3840.0 6721.0 0 0.1670109791454679
1 0 0 1 1 1 0 1 1 0 1 1 0 1 1 0 0 1 0 1 7497.0 3613.0 7337.0 3536.0 6693.0 0 0.16441199829955458
0 0 0 1 1 1 1 0 1 0 1 1 0 1 0 0 1 1 0 1 6538.0 4230.0 6230.0 3425.0 6654.0 0 0.15367896946343879
1 0 1 0 1 1 1 1 1 1 0 0 0 1 0 1 0 1 0 1 4986.0 4752.0 8002.0 3162.0 6603.0 0 0.14653155549261238
1 0 0 1 1 1 0 1 0 0 0 1 1 1 1 1 0 1 0 1 7175.0 3354.0 7457.0 4435.0 6424.0 0 0.14000625730362476
1 0 0 1 1 1 1 1 1 0 0 0 0 1 0 1 1 1 0 1 5848.0 4507.0 7894.0 3075.0 6886.0 0 0.13986314979215897
1 0 1 0 1 1 1 0 1 1 0 0 1 1 0 0 0 0 1 1 4650.0 5702.0 6060.0 3967.0 5400.0 0 0.13967781560510387
1 0 0 0 1 1 0 1 1 1 0 0 1 1 0 0 1 0 1 1 5214.0 5636.0 6124.0 4338.0 5267.0 0 0.13927930296880886
1 0 1 1 1 1 0 0 1 1 0 1 1 1 0 0 0 0 1 1 6313.0 5560.0 5832.0 4906.0 5048.0 0 0.13541183615236874
0 0 0 0 1 1 0 0 1 1 0 1 1 1 0 1 1 0 1 1 5805.0 5297.0 5683.0 5582.0 5344.0 0 0.13376377573300624
1 0 0 1 1 1 1 1 1 0 0 1 0 0 1 1 0 1 0 1 6884.0 3757.0 8067.0 3385.0 7031.0 0 0.1329301441043249
1 1 0 0 1 1 1 1 1 1 0 0 0 1 0 1 0 1 0 1 5073.0 4548.0 8192.0 3281.0 6557.0 0 0.1322483304125647
1 0 0 0 1 1 1 0 1 0 1 1 0 1 0 0 1 1 0 1 5697.0 4490.0 6510.0 3674.0 7030.0 0 0.12640255829685676
1 0 0 0 1 1 1 0 1 1 1 1 0 1 0 1 0 1 0 1 6203.0 4416.0 7795.0 4436.0 6829.0 0 0.12086690224371573
1 0 0 0 1 1 1 0 1 1 0 0 1 1 0 0 1 0 1 1 4915.0 5967.0 5924.0 4410.0 5684.0 0 0.11785344445667738
1 0 0 0 1 1 1 1 1 1 0 0 1 1 0 0 1 0 0 1 4793.0 5497.0 6844.0 3877.0 5820.0 0 0.11529379171955834
1 0 0 0 1 1 0 1 1 0 0 1 1 1 1 1 0 1 0 1 6744.0 4123.0 7840.0 4693.0 6721.0 0 0.11358641726296849
0 0 0 1 1 1 1 0 1 1 0 0 1 1 0 0 1 0 1 1 5756.0 5707.0 5644.0 4161.0 5308.0 0 0.1131951990081987
1 0 0 0 1 1 0 1 1 0 0 1 0 1 1 1 0 1 1 1 6619.0 3874.0 7233.0 4296.0 7013.0 0 0.11243884025698495
1 0 0 1 1 1 0 1 1 0 1 1 0 0 1 1 0 1 0 1 7565.0 3516.0 8077.0 3639.0 6562.0 0 0.10949582418296294
1 0 0 1 1 1 1 1 1 1 0 0 0 0 1 1 0 1 0 1 6442.0 4344.0 8248.0 3018.0 6416.0 0 0.10884963045043407
1 0 0 1 0 1 0 1 1 0 0 1 1 1 1 1 0 1 0 1 7461.0 3911.0 7532.0 4499.0 6185.0 0 0.10633333989646648
1 0 0 1 1 1 0 0 1 1 0 0 1 1 0 1 1 0 1 1 6115.0 5783.0 6531.0 5005.0 5120.0 0 0.10573577469603102
1 0 0 0 1 1 0 0 1 1 0 0 1 1 0 0 1 1 1 1 5541.0 5845.0 5848.0 4372.0 5486.0 0 0.10463591226213756
1 0 0 0 1 1 1 0 1 1 0 0 1 1 0 1 1 0 0 1 4698.0 5495.0 6892.0 4473.0 5657.0 0 0.10396274429925051
1 0 0 0 1 1 0 1 1 1 0 0 1 1 0 1 0 1 1 1 6121.0 5144.0 7739.0 4561.0 5851.0 0 0.10200549934467928
1 0 0 1 1 1 0 0 1 1 0 1 1 1 1 1 0 1 0 1 7666.0 4899.0 7593.0 5337.0 6171.0 0 0.1004678099281513
0 0 0 1 1 1 1 1 1 0 0 1 0 1 1 1 0 1 0 1 7039.0 3475.0 7673.0 3586.0 7190.0 0 0.09582478280264904
1 1 0 1 1 1 0 0 1 1 0 1 1 1 0 1 0 1 0 1 6983.0 5125.0 7651.0 5150.0 5777.0 0 0.0953094470392747
1 0 0 1 1 0 0 0 1 1 0 1 1 1 0 1 1 1 0 1 6525.0 4807.0 6383.0 5386.0 5455.0 0 0.09386383042945665
1 0 0 0 1 1 1 1 1 1 0 1 0 1 0 1 0 0 1 1 5616.0 4587.0 7341.0 4609.0 6526.0 0 0.09335206325537648
0 0 0 1 1 1 1 1 1 1 0 0 0 1 0 1 1 1 0 1 6092.0 4757.0 7586.0 3356.0 6511.0 0 0.09305685768397667
1 0 0 1 1 1 0 1 1 1 0 0 1 1 1 1 0 1 0 1 7298.0 4859.0 8380.0 4397.0 6122.0 0 0.09300614908679425
1 0 0 1 1 1 0 0 1 0 0 1 1 1 0 1 1 0 1 1 6557.0 5196.0 6350.0 5372.0 5735.0 0 0.09260732120556445
1 1 0 0 1 1 1 0 1 1 0 0 1 1 0 1 0 1 0 1 5320.0 5267.0 7879.0 4211.0 6129.0 0 0.09258486904462936
1 0 0 1 0 1 0 0 1 1 0 0 1 1 1 1 0 1 1 1 7141.0 4968.0 6793.0 4665.0 5434.0 0 0.09183844916620382
1 0 1 1 1 1 0 0 1 1 0 0 1 1 0 1 0 1 0 1 6055.0 5257.0 7311.0 4063.0 5191.0 0 0.09104977446502728
1 0 1 1 1 1 0 0 1 1 0 1 0 1 1 1 0 1 0 1 6952.0 4646.0 7136.0 4399.0 6370.0 0 0.08972312920249881
1 0 0 1 1 1 0 1 1 1 0 1 1 1 1 1 0 0 0 1 7339.0 4690.0 7869.0 5303.0 5952.0 0 0.0894423092363725
1 0 0 0 0 1 0 0 1 1 0 1 1 1 0 1 1 0 1 1 5681.0 5345.0 5655.0 5637.0 5184.0 0 0.08925672284671922
1 0 0 1 1 1 1 1 1 0 0 0 1 1 0 1 1 0 0 1 5768.0 5017.0 7857.0 3971.0 6239.0 0 0.0891819191552802
1 0 0 0 1 1 1 1 1 1 0 0 0 1 1 1 0 1 0 1 5756.0 4322.0 8134.0 3468.0 6951.0 0 0.08680578773060585
1 0 0 0 1 1 1 0 1 1 0 1 0 1 0 1 0 1 1 1 5943.0 4796.0 7065.0 4643.0 6745.0 0 0.08536796471258196
1 0 0 1 1 1 0 1 1 1 0 1 1 1 0 1 0 1 0 1 7363.0 4863.0 8231.0 5039.0 6052.0 0 0.08470250849683839
1 0 0 1 1 0 0 0 1 1 0 1 1 1 1 1 0 0 1 1 6825.0 4373.0 6007.0 5748.0 5164.0 0 0.0841725625849798
1 0 0 1 1 1 0 0 1 1 0 1 1 1 0 0 0 1 1 1 7107.0 5303.0 6326.0 4948.0 5496.0 0 0.08348936947312685
0 0 0 1 1 1 0 0 1 1 0 1 1 1 1 1 0 0 1 1 7306.0 4751.0 6310.0 5516.0 5424.0 0 0.08339083286618808
1 0 0 1 1 1 1 0 1 0 0 1 0 1 1 1 0 1 0 1 6721.0 3852.0 7375.0 3878.0 6999.0 0 0.08199802610941925
1 1 0 0 1 1 1 1 1 0 0 1 0 1 1 1 0 0 0 1 5491.0 3788.0 7649.0 3912.0 7072.0 0 0.08114687462995167
1 0 0 1 1 1 0 0 1 1 0 0 1 1 0 1 0 1 1 1 6644.0 5261.0 7161.0 4604.0 5284.0 0 0.08024503407523736
1 1 0 0 1 1 1 1 1 1 0 0 1 1 0 1 0 0 0 1 4993.0 5058.0 8155.0 4177.0 5910.0 0 0.07971614794173894
1 0 0 1 0 1 0 0 1 1 0 1 1 1 0 1 0 1 1 1 7206.0 4972.0 6644.0 5307.0 5364.0 0 0.07930074383454153
1 0 0 1 1 1 0 0 1 1 0 1 1 1 0 0 1 1 0 1 6783.0 5564.0 6340.0 4850.0 5687.0 0 0.07927996210580376
1 0 0 1 0 1 0 1 1 0 1 1 0 1 1 1 0 1 0 1 7596.0 3282.0 7655.0 3895.0 6561.0 0 0.07847010183682894
1 0 0 0 1 1 0 0 1 1 0 1 1 1 1 1 1 0 0 1 6141.0 5272.0 6604.0 5667.0 5991.0 0 0.07829164400881453
1 0 0 1 1 1 0 0 1 1 0 1 1 1 1 0 0 0 1 1 7083.0 5130.0 5964.0 5212.0 5396.0 0 0.07807334248575573
1 0 0 1 0 1 0 0 1 1 0 1 1 1 0 1 1 1 0 1 6882.0 5233.0 6658.0 5209.0 5555.0 0 0.0774509728774378
1 0 0 1 1 1 0 0 1 1 0 1 1 1 0 1 0 0 1 1 6685.0 5092.0 6650.0 5510.0 5114.0 0 0.07743991001293538
1 1 0 1 1 1 0 0 1 1 0 1 0 1 1 1 0 1 0 1 7039.0 4442.0 7326.0 4518.0 6324.0 0 0.07711171577685297
1 1 0 1 1 1 0 0 1 1 0 1 1 1 0 0 0 0 1 1 6400.0 5356.0 6022.0 5025.0 5002.0 0 0.0771066456269478
1 0 0 1 1 1 1 1 1 0 0 0 1 1 0 1 0 1 0 1 6297.0 4495.0 8487.0 3570.0 6403.0 0 0.07614807108136216
1 0 1 1 1 1 0 0 1 1 0 1 1 1 0 0 1 0 0 1 5989.0 5821.0 5846.0 4808.0 5239.0 0 0.07460131311869928
1 0 0 1 1 0 0 0 1 1 0 1 1 1 0 1 0 1 1 1 6849.0 4546.0 6369.0 5484.0 5264.0 0 0.07373993358835067
1 0 1 1 1 1 0 0 1 1 0 0 1 1 0 0 1 1 0 1 5948.0 5990.0 6357.0 3902.0 5409.0 0 0.07341432348004805
1 0 1 0 1 1 0 0 1 1 0 1 1 1 0 1 0 1 0 1 5900.0 5180.0 7102.0 4960.0 5807.0 0 0.07296316986220557
0 0 0 1 1 1 0 0 1 1 0 1 0 1 0 1 1 1 1 1 6881.0 4936.0 6079.0 4757.0 6007.0 0 0.07209837868565386
1 0 0 0 1 1 0 1 1 0 1 1 0 1 1 1 0 1 0 1 6879.0 3494.0 7963.0 4089.0 7097.0 0 0.07179964676148992
1 0 0 0 1 1 1 1 1 1 0 0 1 1 0 1 0 1 0 1 5700.0 5005.0 8459.0 4100.0 6404.0 0 0.07073794823194283
0 0 0 1 1 1 1 0 1 0 0 1 1 1 1 1 0 1 0 1 7286.0 4194.0 7360.0 4516.0 6762.0 0 0.06899782593916087
1 0 0 0 1 1 1 0 1 1 0 1 1 1 0 1 0 1 0 1 6068.0 5045.0 7672.0 5040.0 6453.0 0 0.06844381233090654
1 0 0 0 1 1 1 1 1 1 0 1 0 1 0 1 1 0 0 1 5292.0 4848.0 7355.0 4511.0 6717.0 0 0.06782462667265149
1 0 0 1 1 1 1 1 1 0 0 1 0 1 1 0 0 1 0 1 6816.0 3854.0 7327.0 3282.0 7162.0 0 0.0670809489598914
1 0 0 1 1 1 0 0 1 1 1 0 1 1 0 1 1 0 0 1 6375.0 5403.0 7261.0 4798.0 5204.0 0 0.06631735381499274
1 0 0 0 1 1 1 0 1 0 0 1 1 1 1 1 0 1 0 1 6445.0 4454.0 7640.0 4765.0 7138.0 0 0.06570978929453851
1 0 0 0 1 1 0 0 1 1 0 1 1 1 0 1 1 1 0 1 6165.0 5445.0 6966.0 5403.0 6091.0 0 0.0648747528787288
1 0 0 1 1 1 0 1 1 0 0 1 1 0 1 1 0 1 0 1 7430.0 4145.0 7954.0 4243.0 6186.0 0 0.06453989171289143
1 0 0 0 1 1 0 1 1 1 0 1 1 0 1 1 0 1 0 1 6833.0 4655.0 7926.0 4773.0 6187.0 0 0.06427136282141332
1 0 0 1 1 1 1 1 1 1 0 0 1 1 0 1 0 0 0 1 5896.0 4913.0 8157.0 4109.0 5618.0 0 0.06424783711845843
1 0 0 1 1 1 0 0 1 1 0 1 1 0 1 1 0 0 1 1 7151.0 5033.0 6704.0 5315.0 5265.0 0 0.06336467136200151
1 0 0 1 1 1 0 0 1 0 0 1 1 1 0 1 1 1 0 1 6762.0 4935.0 6994.0 4873.0 6090.0 0 0.06314410766716594
1 0 0 1 1 1 0 1 1 0 1 1 1 1 0 0 0 1 0 1 7441.0 4296.0 7662.0 4168.0 6146.0 0 0.061828457212953596
1 0 0 0 1 1 0 0 1 1 0 1 1 1 0 1 0 1 1 1 6489.0 5184.0 6952.0 5501.0 5900.0 0 0.06180382009385704
1 0 0 1 1 1 0 1 1 1 0 1 0 1 1 1 0 1 0 1 7419.0 4180.0 7906.0 4407.0 6599.0 0 0.061733032035990454
1 0 0 1 1 1 0 0 1 1 0 1 1 1 1 0 1 0 0 1 6759.0 5391.0 5978.0 5114.0 5587.0 0 0.06076047580385995
1 0 0 1 1 1 1 1 1 1 0 1 0 0 0 1 0 1 0 1 6507.0 4348.0 8099.0 3660.0 6346.0 0 0.06018643198579342
