1 0 1 0 1 1 0 0 1 1 0 0 1 1 0 0 1 0 1 1 4747.0 6102.0 5354.0 4330.0 5038.0 0 2000000000000000.0
1 0 0 0 1 1 0 0 1 1 0 1 1 1 0 1 1 0 1 0 5149.0 5379.0 5373.0 5698.0 4769.0 0 1000000000000000.1
1 1 0 0 1 1 1 0 1 0 0 1 0 1 1 1 0 1 0 1 5818.0 3997.0 7373.0 3946.0 7291.0 0 1000000000000000.0
1 0 0 1 1 1 0 1 0 0 1 1 0 1 1 1 0 1 0 1 7310.0 2725.0 7580.0 3831.0 6800.0 0 1000000000000000.0
1 0 0 1 1 1 1 1 1 1 0 0 0 1 1 0 0 1 0 1 6374.0 4441.0 7508.0 2915.0 6547.0 0 1000000000000000.0
1 0 0 1 1 1 1 1 1 0 0 0 1 1 0 1 0 1 0 1 6297.0 4495.0 8487.0 3570.0 6403.0 0 1000000000000000.0
1 0 0 1 1 1 0 0 1 0 1 1 1 1 1 0 0 1 0 1 7744.0 4332.0 7024.0 4466.0 6265.0 0 1000000000000000.0
1 0 0 0 1 1 0 0 1 1 0 1 1 1 1 1 0 0 1 1 6465.0 5011.0 6590.0 5765.0 5800.0 0 1000000000000000.0
1 0 0 1 0 1 0 0 1 1 0 1 1 1 0 0 1 0 1 1 6299.0 5464.0 5029.0 5084.0 4780.0 0 1000000000000000.0
1 0 0 1 1 1 0 0 1 1 0 1 1 0 0 0 1 0 1 1 6268.0 5698.0 5451.0 4828.0 4781.0 0 0.20393796567919537
0 0 0 1 1 1 0 0 1 1 0 1 1 1 0 0 1 0 1 1 6423.0 5416.0 5057.0 5029.0 4940.0 0 0.20053690465688584
1 0 0 1 1 1 0 1 0 0 0 1 0 1 1 1 0 1 1 1 7050.0 3105.0 6850.0 4038.0 6716.0 0 0.19679384937681849
1 0 1 0 1 1 1 1 1 1 0 0 0 1 0 1 0 1 0 1 4986.0 4752.0 8002.0 3162.0 6603.0 0 0.193648130295178
1 0 0 0 1 1 1 0 0 0 1 1 0 1 1 1 0 1 0 1 6015.0 2907.0 7021.0 3832.0 7201.0 0 0.19242084644039836
1 0 0 0 1 1 0 0 1 1 0 1 1 1 0 0 1 0 1 1 5582.0 5676.0 5337.0 5278.0 5316.0 0 0.18117389666071407
1 0 0 0 1 1 0 0 1 1 0 0 1 1 0 0 1 1 1 1 5541.0 5845.0 5848.0 4372.0 5486.0 0 0.18025900895935285
1 0 0 1 1 1 0 1 1 1 0 1 1 1 0 1 0 1 0 1 7363.0 4863.0 8231.0 5039.0 6052.0 0 0.15703781895493077
1 0 0 0 0 1 0 0 1 1 0 1 1 1 0 1 1 0 1 1 5681.0 5345.0 5655.0 5637.0 5184.0 0 0.14779215628996856
0 0 0 1 1 1 0 0 1 1 0 1 1 1 1 1 0 0 1 1 7306.0 4751.0 6310.0 5516.0 5424.0 0 0.14500246535640152
1 0 1 1 1 1 0 0 1 1 0 0 1 1 0 0 1 1 0 1 5948.0 5990.0 6357.0 3902.0 5409.0 0 0.14218061612559713
0 0 0 0 1 1 0 0 1 1 0 1 1 1 0 1 1 0 1 1 5805.0 5297.0 5683.0 5582.0 5344.0 0 0.13786852490879314
1 0 0 1 1 1 1 1 1 0 0 0 0 1 1 1 0 1 0 1 6353.0 3812.0 8162.0 2938.0 6950.0 0 0.1366135670639269
1 1 0 0 1 1 1 1 1 1 0 0 0 1 0 1 0 1 0 1 5073.0 4548.0 8192.0 3281.0 6557.0 0 0.12849622907047853
1 0 0 0 1 1 1 1 1 1 0 0 0 1 1 1 0 1 0 1 5756.0 4322.0 8134.0 3468.0 6951.0 0 0.12662233863712416
1 0 0 0 1 1 1 1 1 1 0 1 0 1 0 1 1 0 0 1 5292.0 4848.0 7355.0 4511.0 6717.0 0 0.1264179511285195
1 0 0 1 1 1 0 1 1 0 1 1 0 1 1 0 0 1 0 1 7497.0 3613.0 7337.0 3536.0 6693.0 0 0.12441245488445986
1 0 0 0 1 1 0 0 1 1 0 1 1 0 0 1 1 0 1 1 5650.0 5579.0 6077.0 5381.0 5185.0 0 0.1231982036870526
1 0 0 0 1 1 1 0 1 1 1 1 0 1 0 1 0 1 0 1 6203.0 4416.0 7795.0 4436.0 6829.0 0 0.11627366220354066
1 0 0 0 1 1 1 0 1 1 0 1 1 1 0 0 1 0 0 1 5161.0 5537.0 6057.0 4817.0 5869.0 0 0.11389326159029844
1 0 0 0 1 1 1 1 1 1 0 0 1 1 0 1 0 1 0 1 5700.0 5005.0 8459.0 4100.0 6404.0 0 0.11176054633031807
1 0 0 1 1 1 0 0 1 1 0 0 1 1 0 1 1 0 1 1 6115.0 5783.0 6531.0 5005.0 5120.0 0 0.11019818134527715
1 0 0 1 1 1 0 1 0 0 0 1 1 1 1 1 0 1 0 1 7175.0 3354.0 7457.0 4435.0 6424.0 0 0.1093158854782548
1 0 1 0 1 1 0 0 1 1 0 1 1 1 0 1 0 1 0 1 5900.0 5180.0 7102.0 4960.0 5807.0 0 0.10914785733096632
0 0 0 1 1 1 1 1 1 0 0 1 0 1 1 1 0 1 0 1 7039.0 3475.0 7673.0 3586.0 7190.0 0 0.10761910621901093
1 0 0 1 1 1 0 0 1 1 0 1 1 1 1 1 0 1 0 1 7666.0 4899.0 7593.0 5337.0 6171.0 0 0.10598847504781692
0 0 0 1 1 1 0 0 1 1 0 0 1 1 1 1 0 1 1 1 7265.0 4920.0 6821.0 4610.0 5594.0 0 0.105785795070929
1 0 1 1 1 1 0 0 1 1 0 1 1 1 0 0 0 0 1 1 6313.0 5560.0 5832.0 4906.0 5048.0 0 0.10248401514854694
1 0 0 0 1 1 1 0 1 1 0 1 0 1 0 1 1 1 0 1 5619.0 5057.0 7079.0 4545.0 6936.0 0 0.10230991474960877
0 0 0 1 1 1 1 1 1 1 0 0 0 1 1 1 0 1 0 1 6597.0 4062.0 7854.0 3219.0 6575.0 0 0.1022036848245911
1 0 0 1 1 1 0 1 1 0 1 1 0 0 1 1 0 1 0 1 7565.0 3516.0 8077.0 3639.0 6562.0 0 0.10089269901652374
1 0 0 1 1 1 0 1 1 0 0 0 1 1 1 1 0 1 0 1 6899.0 4200.0 8049.0 3796.0 6105.0 0 0.09935959652082116
1 0 0 0 1 1 1 0 1 1 1 1 0 1 1 1 0 0 0 1 6179.0 4243.0 7433.0 4700.0 6729.0 0 0.09873960526623128
1 0 0 1 1 1 0 1 1 0 0 1 0 1 1 0 0 1 1 1 7237.0 3993.0 6607.0 3743.0 6609.0 0 0.09709640779206136
1 1 0 0 1 1 1 1 1 0 0 1 0 1 0 1 0 1 0 1 5515.0 3961.0 8011.0 3648.0 7172.0 0 0.09584345172845626
1 0 0 1 0 1 0 0 1 1 0 1 1 1 0 1 1 1 0 1 6882.0 5233.0 6658.0 5209.0 5555.0 0 0.09483755117069909
0 0 0 1 1 1 0 1 1 0 1 1 0 1 1 1 0 1 0 1 7720.0 3234.0 7683.0 3840.0 6721.0 0 0.09461454320501637
1 0 0 0 1 1 1 1 1 1 0 1 0 1 0 1 0 1 0 1 5821.0 4326.0 7985.0 4110.0 6881.0 0 0.09455305899791638
1 0 1 1 1 1 0 0 1 1 0 1 0 1 1 1 0 1 0 1 6952.0 4646.0 7136.0 4399.0 6370.0 0 0.09452520026449414
1 1 0 0 1 1 0 0 1 1 0 1 1 1 0 1 1 0 0 1 5458.0 5498.0 6662.0 5480.0 5597.0 0 0.09362343138326475
1 1 0 0 1 1 1 1 1 0 0 1 0 1 1 1 0 0 0 1 5491.0 3788.0 7649.0 3912.0 7072.0 0 0.09263403644774165
1 0 0 0 1 1 1 0 1 1 0 1 0 1 0 1 0 1 1 1 5943.0 4796.0 7065.0 4643.0 6745.0 0 0.092541914032647
1 0 0 0 1 1 0 1 1 0 1 1 0 1 1 1 0 1 0 1 6879.0 3494.0 7963.0 4089.0 7097.0 0 0.09115966626259384
1 0 0 1 1 1 0 0 1 1 0 1 1 1 1 0 1 0 0 1 6759.0 5391.0 5978.0 5114.0 5587.0 0 0.08947062069462301
1 0 1 1 1 1 1 0 1 1 0 0 1 1 0 1 0 0 0 1 5429.0 5379.0 7387.0 4101.0 5389.0 0 0.08898869976076444
1 0 0 0 1 1 0 1 1 0 0 1 0 1 1 1 0 1 1 1 6619.0 3874.0 7233.0 4296.0 7013.0 0 0.08842750389363357
1 0 0 0 1 1 0 1 1 1 0 1 1 1 0 1 0 0 1 1 6162.0 4975.0 7228.0 5467.0 5681.0 0 0.08820326762297799
1 0 0 1 0 1 0 1 1 0 0 1 1 1 1 1 0 1 0 1 7461.0 3911.0 7532.0 4499.0 6185.0 0 0.08762999441169278
1 0 0 1 1 0 0 0 1 1 0 1 1 1 1 1 0 0 1 1 6825.0 4373.0 6007.0 5748.0 5164.0 0 0.08694277523078635
1 0 0 1 1 1 0 1 1 1 0 1 1 1 1 1 0 0 0 1 7339.0 4690.0 7869.0 5303.0 5952.0 0 0.08634786260940744
1 0 0 1 0 1 0 1 1 0 1 1 0 1 1 1 0 1 0 1 7596.0 3282.0 7655.0 3895.0 6561.0 0 0.08600053026307448
1 0 0 1 1 1 1 0 1 0 0 1 1 1 0 1 0 1 0 1 6665.0 4535.0 7700.0 4510.0 6452.0 0 0.08545070950259073
1 0 0 1 1 1 0 0 1 1 0 1 1 0 1 1 0 0 1 1 7151.0 5033.0 6704.0 5315.0 5265.0 0 0.08463988084743738
1 0 1 1 1 1 0 0 1 1 0 1 1 1 0 0 0 1 0 1 6518.0 5299.0 6476.0 4407.0 5403.0 0 0.08289381655180798
1 0 0 1 1 1 1 0 1 1 0 1 0 1 1 0 0 1 0 1 6742.0 4481.0 6721.0 3855.0 6596.0 0 0.08228739997533593
1 0 0 1 0 1 1 0 1 1 1 1 0 1 0 1 0 1 0 1 6920.0 4204.0 7487.0 4242.0 6293.0 0 0.0820415543159259
1 0 1 0 1 1 1 1 1 1 0 1 0 1 0 1 0 0 0 1 5027.0 4583.0 7491.0 4068.0 6433.0 0 0.08201118139501389
1 0 0 1 1 1 1 0 1 1 0 0 1 1 0 1 0 1 0 1 6223.0 5122.0 7881.0 4143.0 5837.0 0 0.08170508562804044
1 0 0 1 1 1 1 1 1 0 0 1 0 0 1 1 0 1 0 1 6884.0 3757.0 8067.0 3385.0 7031.0 0 0.08093347731993086
1 0 0 1 0 1 1 0 1 1 0 1 0 1 1 1 0 1 0 1 6841.0 4150.0 7039.0 4214.0 6464.0 0 0.08071591576086116
1 1 0 1 1 1 0 0 1 1 0 1 1 1 0 1 0 1 0 1 6983.0 5125.0 7651.0 5150.0 5777.0 0 0.07893334438245414
1 0 0 0 1 1 0 1 1 1 0 1 1 0 1 1 0 1 0 1 6833.0 4655.0 7926.0 4773.0 6187.0 0 0.0786872635541074
1 0 0 1 0 1 0 1 1 0 0 1 0 1 1 1 0 1 1 1 7336.0 3662.0 6925.0 4102.0 6477.0 0 0.07797080019131924
0 0 0 1 1 1 1 1 1 1 0 0 0 1 0 1 1 1 0 1 6092.0 4757.0 7586.0 3356.0 6511.0 0 0.07754488947268473
0 0 0 1 1 1 1 0 1 1 0 1 0 1 1 1 0 1 0 1 6965.0 4102.0 7067.0 4159.0 6624.0 0 0.0771001120742905
1 0 0 1 1 1 1 0 1 1 0 0 1 0 1 1 0 1 0 1 6689.0 5063.0 7935.0 3948.0 5988.0 0 0.07675248791420702
1 0 0 1 1 1 0 0 1 0 0 1 1 1 0 1 1 0 1 1 6557.0 5196.0 6350.0 5372.0 5735.0 0 0.07656936850179427
1 0 1 1 1 1 0 0 1 1 0 1 1 1 0 0 1 0 0 1 5989.0 5821.0 5846.0 4808.0 5239.0 0 0.07619595140971948
1 1 0 0 1 1 1 1 1 1 0 0 1 1 0 1 0 0 0 1 4993.0 5058.0 8155.0 4177.0 5910.0 0 0.07576287210386795
1 1 0 1 1 1 0 0 1 1 0 1 1 1 0 0 1 0 0 1 6076.0 5617.0 6036.0 4927.0 5193.0 0 0.07529286337599737
1 0 0 1 1 1 0 0 1 1 0 1 1 1 0 0 1 1 0 1 6783.0 5564.0 6340.0 4850.0 5687.0 0 0.07514424876510106
1 0 0 1 1 1 0 0 1 1 0 0 1 0 1 1 0 1 1 1 7110.0 5202.0 7215.0 4409.0 5435.0 0 0.07451025121450805
1 1 0 1 1 1 0 1 1 0 0 1 0 0 1 1 0 1 0 1 6803.0 3688.0 7687.0 3424.0 6339.0 0 0.07265852364356118
1 0 0 1 1 1 0 0 1 1 0 1 1 1 0 1 0 0 1 1 6685.0 5092.0 6650.0 5510.0 5114.0 0 0.0707080689884513
1 0 0 1 0 1 0 0 1 1 0 1 1 1 0 1 0 1 1 1 7206.0 4972.0 6644.0 5307.0 5364.0 0 0.07057407808380675
1 0 0 0 1 1 0 1 1 1 0 1 0 1 1 1 0 1 0 1 6423.0 4031.0 7547.0 4336.0 6583.0 0 0.07020629005103883
1 0 0 1 1 1 0 0 1 1 1 1 1 1 0 0 0 1 0 1 7367.0 4923.0 7056.0 4741.0 5580.0 0 0.07002194386193118
1 0 0 1 1 1 0 1 1 0 1 1 0 1 0 1 0 1 0 1 7099.0 3575.0 8023.0 3834.0 6411.0 0 0.06987774031154784
1 0 0 0 1 1 0 0 1 1 0 1 1 1 0 1 1 1 0 1 6165.0 5445.0 6966.0 5403.0 6091.0 0 0.06953442966753656
1 1 0 1 1 1 0 0 1 1 0 1 1 1 0 0 0 0 1 1 6400.0 5356.0 6022.0 5025.0 5002.0 0 0.06946784191143712
1 0 0 1 1 1 0 0 1 1 1 0 1 1 0 1 0 0 1 1 6699.0 5142.0 7247.0 4896.0 5013.0 0 0.06898466316914148
1 0 0 1 1 1 1 1 1 1 0 0 1 1 0 0 0 1 0 1 6318.0 5124.0 7833.0 3547.0 6000.0 0 0.06860343768006588
1 0 0 0 1 1 1 0 1 0 1 1 0 1 0 0 1 1 0 1 5697.0 4490.0 6510.0 3674.0 7030.0 0 0.066861037970077
1 0 0 1 1 1 0 0 1 1 0 1 1 1 0 1 1 0 0 1 6361.0 5353.0 6664.0 5412.0 5305.0 0 0.06508827133120607
1 0 0 1 1 1 1 0 1 0 0 1 0 1 1 1 0 1 0 1 6721.0 3852.0 7375.0 3878.0 6999.0 0 0.06488336951656286
1 0 0 1 1 1 0 0 1 1 1 0 1 1 0 1 1 0 0 1 6375.0 5403.0 7261.0 4798.0 5204.0 0 0.06394962664434106
1 0 0 0 1 1 0 1 1 1 0 1 1 1 1 0 0 1 0 1 6765.0 4752.0 7186.0 4670.0 6318.0 0 0.06390701337125747
1 0 0 0 1 1 0 0 1 1 0 0 1 1 1 1 1 1 0 1 6100.0 5441.0 7115.0 4761.0 6161.0 0 0.06349189445686637
1 0 0 1 0 1 0 1 1 1 0 1 1 1 0 1 1 0 0 1 6555.0 5024.0 6934.0 5175.0 5336.0 0 0.06318828962966883
1 0 0 1 1 1 0 1 1 0 0 1 0 1 0 1 1 1 0 1 6515.0 4216.0 7307.0 3943.0 6518.0 0 0.06315581584906341
1 0 0 1 1 1 0 0 1 0 1 1 0 1 1 1 0 1 0 1 7402.0 3611.0 7385.0 4132.0 6530.0 0 0.0628210896287225
