1 1 0 0 1 1 1 0 1 0 0 1 0 1 1 1 0 1 0 1 5818.0 3997.0 7373.0 3946.0 7291.0 0 1000000000000000.1
1 0 0 0 1 1 1 1 1 0 0 1 0 1 1 0 0 1 0 1 5820.0 3705.0 6968.0 3211.0 7146.0 0 1000000000000000.2
1 0 0 0 1 1 1 0 1 0 1 1 0 1 0 0 1 1 0 1 5697.0 4490.0 6510.0 3674.0 7030.0 0 0.334947398315523
1 0 0 0 1 1 1 1 1 0 0 1 0 0 1 1 0 1 0 1 5888.0 3608.0 7708.0 3314.0 7015.0 0 0.2730762394581025
1 0 0 1 1 1 1 0 1 0 0 1 0 1 1 1 0 1 0 1 6721.0 3852.0 7375.0 3878.0 6999.0 0 0.155850239107621
1 0 0 0 1 1 1 0 1 1 0 1 0 1 0 1 1 1 0 1 5619.0 5057.0 7079.0 4545.0 6936.0 0 0.15382452379877923
1 1 0 0 1 1 0 1 1 0 0 1 0 1 1 1 0 1 0 1 6117.0 3666.0 7573.0 3874.0 6874.0 0 0.10987200556350218
1 0 0 0 1 1 1 0 1 1 1 1 0 1 0 1 0 1 0 1 6203.0 4416.0 7795.0 4436.0 6829.0 0 0.15696492716522575
1 0 0 0 1 1 1 1 1 1 0 1 0 1 0 1 1 0 0 1 5292.0 4848.0 7355.0 4511.0 6717.0 0 0.341595610701394
1 0 0 1 1 1 0 1 0 0 0 1 0 1 1 1 0 1 1 1 7050.0 3105.0 6850.0 4038.0 6716.0 0 1000000000000000.0
1 0 0 1 1 1 1 0 0 1 0 1 0 1 1 1 0 1 0 1 6555.0 3593.0 6964.0 4150.0 6703.0 0 0.1562306656857738
1 0 0 1 1 1 1 0 1 0 0 1 0 1 1 1 0 0 1 1 6516.0 4113.0 6731.0 4377.0 6644.0 0 0.15540952342579017
1 0 0 1 1 1 1 0 1 1 0 1 0 1 1 0 0 1 0 1 6742.0 4481.0 6721.0 3855.0 6596.0 0 0.10333995444652556
1 0 0 0 1 1 1 1 1 0 0 0 1 0 1 1 0 1 0 1 5767.0 4287.0 8182.0 3304.0 6538.0 0 0.21518443627960962
1 0 0 1 1 1 1 1 0 1 0 1 0 1 1 1 0 0 0 1 6228.0 3384.0 7240.0 4116.0 6484.0 0 0.2847283115180149
1 0 0 1 0 1 0 1 1 0 0 1 0 1 1 1 0 1 1 1 7336.0 3662.0 6925.0 4102.0 6477.0 0 0.12854140843781797
0 0 0 1 1 1 1 0 1 1 1 1 0 1 0 1 0 1 0 1 7044.0 4156.0 7515.0 4187.0 6453.0 0 0.16561463360959042
1 0 0 1 1 1 0 0 0 1 0 1 0 1 1 1 1 1 0 1 6652.0 3993.0 6258.0 4513.0 6341.0 0 0.32768652364630296
1 0 0 1 1 1 1 0 1 1 0 1 0 1 0 1 0 1 0 1 6344.0 4443.0 7407.0 4153.0 6314.0 0 0.12413467540684868
0 0 1 1 1 1 1 0 1 1 0 1 0 1 0 1 0 1 0 1 6195.0 4532.0 6935.0 3853.0 6276.0 0 0.14978763338556533
0 0 0 1 0 1 1 0 1 0 0 1 1 1 1 1 0 1 0 1 7007.0 3833.0 6693.0 4251.0 6210.0 0 0.23509839026088525
1 0 0 0 1 1 0 1 1 1 0 1 1 0 1 1 0 1 0 1 6833.0 4655.0 7926.0 4773.0 6187.0 0 0.2115626157906145
1 0 0 1 1 1 1 0 1 1 0 1 0 1 0 1 1 0 0 1 5815.0 4965.0 6777.0 4554.0 6150.0 0 0.17757225668629123
1 0 0 1 1 1 1 1 0 1 0 0 1 1 0 1 0 1 0 1 6131.0 4236.0 8076.0 3842.0 6107.0 0 0.26168257402759293
1 0 0 0 1 1 1 0 1 0 0 0 1 1 0 1 1 0 1 1 4894.0 5338.0 6578.0 4433.0 6087.0 0 1000000000000000.0
1 0 0 1 1 1 0 1 1 1 0 1 1 1 0 1 0 1 0 1 7363.0 4863.0 8231.0 5039.0 6052.0 0 1000000000000000.0
0 0 0 1 1 1 0 1 1 0 0 1 1 1 1 1 0 0 1 1 7380.0 4124.0 6916.0 4943.0 5990.0 0 0.22720957590210603
1 0 0 1 1 1 0 1 1 1 0 1 1 1 1 1 0 0 0 1 7339.0 4690.0 7869.0 5303.0 5952.0 0 0.17790273461226735
0 0 0 1 1 1 0 1 1 1 0 1 1 0 1 1 0 1 0 1 7674.0 4395.0 7646.0 4524.0 5811.0 0 1000000000000000.1
0 0 0 0 1 1 0 0 1 1 0 0 1 1 1 1 1 1 0 1 5945.0 5032.0 6476.0 4441.0 5769.0 0 0.19915726994635372
1 0 0 1 1 1 1 0 1 1 0 0 1 1 1 1 0 0 0 1 6199.0 4949.0 7519.0 4407.0 5737.0 0 0.05419369815105841
1 0 0 1 1 1 0 0 1 0 0 1 1 1 0 1 1 0 1 1 6557.0 5196.0 6350.0 5372.0 5735.0 0 0.14007940356091333
1 0 0 1 1 1 1 0 1 1 0 0 1 1 0 1 1 0 0 1 5694.0 5644.0 7251.0 4544.0 5673.0 0 0.11354737798600081
1 0 0 1 1 1 1 1 1 1 0 0 1 1 0 1 0 0 0 1 5896.0 4913.0 8157.0 4109.0 5618.0 0 0.13747972422784327
1 0 0 0 0 1 1 0 1 1 0 1 1 1 0 1 0 0 1 1 5584.0 4945.0 6361.0 5274.0 5546.0 0 0.2433278302347026
1 0 0 1 1 1 0 0 1 1 0 0 1 1 0 1 1 1 0 1 6320.0 5522.0 7175.0 4506.0 5475.0 0 0.1904114304458669
1 0 0 1 1 1 0 1 1 1 0 1 1 1 0 0 1 0 0 1 6456.0 5355.0 6616.0 4816.0 5468.0 0 0.13126887491824094
1 0 1 1 1 1 0 0 1 0 0 1 1 1 0 1 0 0 1 1 6292.0 4931.0 6486.0 4929.0 5451.0 0 0.11261169039077604
1 0 0 1 1 1 0 0 1 1 1 0 1 1 0 1 0 1 0 1 6904.0 4881.0 7891.0 4397.0 5368.0 0 0.13435499127261907
1 0 0 1 1 1 0 0 1 1 0 1 1 0 0 1 0 1 1 1 7175.0 5206.0 7066.0 5051.0 5365.0 0 0.25135519739546003
0 0 0 0 1 1 0 0 1 1 0 1 1 1 0 1 1 0 1 1 5805.0 5297.0 5683.0 5582.0 5344.0 0 0.19991560328137375
1 0 0 1 1 1 0 0 1 1 0 1 1 1 0 1 1 0 0 1 6361.0 5353.0 6664.0 5412.0 5305.0 0 0.10781303672603393
1 1 0 1 1 1 0 0 1 1 0 0 1 0 1 1 0 1 0 1 6608.0 4994.0 7555.0 3987.0 5296.0 0 0.10971286574649122
1 0 0 1 1 1 0 0 1 1 0 1 1 0 1 1 0 0 1 1 7151.0 5033.0 6704.0 5315.0 5265.0 0 0.12393003478037165
1 0 1 0 1 1 0 0 1 1 0 1 1 1 0 0 1 0 0 1 4993.0 5672.0 5487.0 4737.0 5223.0 0 1000000000000000.4
1 0 0 1 1 1 0 1 1 1 0 0 1 0 1 1 0 0 1 1 6783.0 4993.0 7491.0 4375.0 5216.0 0 0.14292325193471894
1 0 0 1 1 1 0 0 1 1 1 0 1 1 0 1 1 0 0 1 6375.0 5403.0 7261.0 4798.0 5204.0 0 0.16574049921620485
1 0 0 0 0 1 0 0 1 1 0 1 1 1 0 1 1 0 1 1 5681.0 5345.0 5655.0 5637.0 5184.0 0 1000000000000000.1
1 0 0 1 0 1 0 1 1 1 0 1 1 1 0 1 0 0 1 1 6879.0 4763.0 6920.0 5273.0 5145.0 0 0.20690424818797004
1 0 0 1 1 1 0 0 1 1 0 0 1 1 0 1 1 0 1 1 6115.0 5783.0 6531.0 5005.0 5120.0 0 1000000000000000.0
1 0 0 1 1 1 0 0 1 1 0 1 1 1 0 1 0 0 1 1 6685.0 5092.0 6650.0 5510.0 5114.0 0 0.1948517293830936
1 0 1 1 1 1 0 0 1 1 0 1 1 1 0 0 0 0 1 1 6313.0 5560.0 5832.0 4906.0 5048.0 0 0.3877313940847825
1 0 0 1 1 1 0 0 1 1 1 0 1 0 1 0 1 0 0 1 6463.0 5314.0 6330.0 3979.0 4935.0 0 1000000000000000.1
1 0 0 0 1 1 1 1 0 0 0 1 0 1 1 0 0 1 0 1 5255.0 2787.0 6226.0 2882.0 6833.0 1 1000000000000000.2
1 0 0 1 0 1 0 0 1 1 0 1 1 1 0 1 0 0 1 1 6406.0 4731.0 5983.0 5245.0 4562.0 1 1000000000000000.2
1 1 0 1 0 1 1 1 1 0 0 0 0 1 0 0 1 1 0 1 5284.0 4410.0 6599.0 2325.0 6222.0 1 1000000000000000.1
0 0 0 0 0 1 1 0 1 1 0 1 0 1 1 0 0 1 1 1 5907.0 4064.0 5073.0 3760.0 6083.0 1 1000000000000000.1
0 0 0 1 1 1 0 1 1 1 1 0 1 1 0 1 0 1 0 1 7222.0 4504.0 8189.0 4105.0 5559.0 1 1000000000000000.1
0 0 0 0 1 1 1 0 1 1 0 0 1 1 0 0 1 0 1 1 4760.0 5558.0 5285.0 4090.0 5292.0 1 1000000000000000.1
1 0 0 0 1 1 0 0 1 1 0 1 1 1 0 1 0 0 1 1 5689.0 4943.0 6291.0 5439.0 5098.0 1 1000000000000000.1
1 0 1 1 1 1 0 0 1 1 0 1 1 0 0 0 1 0 0 1 5679.0 5694.0 5601.0 4287.0 4688.0 1 1000000000000000.1
1 0 0 1 0 1 0 1 0 0 0 1 0 1 1 1 0 1 1 1 6771.0 2744.0 6183.0 3773.0 6164.0 1 1000000000000000.0
0 0 0 1 0 1 0 1 1 1 1 1 1 0 0 1 0 1 0 1 7474.0 4088.0 7427.0 4287.0 5088.0 1 1000000000000000.0
1 1 0 0 1 1 1 1 1 0 0 0 0 1 1 0 0 1 0 1 5072.0 3927.0 7175.0 2382.0 6822.0 1 0.2887892741363501
1 0 0 0 1 1 0 0 1 1 0 0 1 1 0 1 0 1 1 1 5648.0 5112.0 6802.0 4533.0 5268.0 1 0.27848890729337056
1 0 0 0 1 1 0 1 0 0 0 1 0 1 1 1 0 1 1 1 6054.0 2956.0 6491.0 3967.0 6700.0 1 0.2639767885809433
1 0 0 0 0 1 0 0 1 1 0 1 1 0 0 1 1 0 1 1 5371.0 5218.0 5410.0 5116.0 4633.0 1 0.23097584480182332
1 0 0 0 1 1 1 1 1 0 0 0 1 0 1 0 0 1 0 1 5389.0 4257.0 7197.0 2680.0 6118.0 1 0.22641283453043953
1 0 1 0 1 1 0 0 1 1 0 1 1 1 0 0 0 0 1 1 5317.0 5411.0 5473.0 4835.0 5032.0 1 0.22044000838537572
1 0 0 1 0 1 1 1 1 1 0 1 0 0 1 0 0 1 0 1 6626.0 4025.0 6746.0 3097.0 6076.0 1 0.21965682593840108
1 0 0 0 1 1 1 1 1 0 0 1 0 1 0 1 1 0 0 1 4893.0 4189.0 7024.0 3910.0 6700.0 1 0.21095585268672315
0 0 0 1 1 0 0 1 1 1 0 1 1 0 1 1 0 1 0 1 7038.0 3608.0 6704.0 4436.0 5159.0 1 0.20745728923401596
0 0 0 1 1 1 0 1 1 0 0 1 1 0 1 1 0 1 0 1 7275.0 3736.0 7315.0 3923.0 5794.0 1 0.20349225781242586
1 0 0 1 1 1 1 0 1 0 0 0 1 0 1 1 0 1 0 1 6290.0 4404.0 7604.0 3347.0 5971.0 1 0.1993149368196723
0 0 0 1 0 1 0 1 1 0 1 1 1 1 0 1 0 1 0 1 7385.0 3556.0 7341.0 4207.0 5622.0 1 0.1888832808330394
1 0 0 1 0 1 0 0 1 1 0 0 1 1 0 1 1 0 1 1 5836.0 5422.0 5864.0 4740.0 4568.0 1 0.18742043287171054
1 0 1 1 1 1 1 1 1 0 0 0 1 1 0 1 0 0 0 1 5503.0 4752.0 7993.0 3528.0 5955.0 1 0.18583762435882484
1 0 0 1 1 0 1 1 1 1 0 0 1 1 0 1 0 1 0 1 6060.0 4367.0 7876.0 4083.0 5768.0 1 0.18560557454306298
1 0 0 1 1 1 0 0 1 1 0 1 1 1 0 0 1 0 0 1 5983.0 5323.0 5679.0 4788.0 4885.0 1 0.184761285258861
1 0 0 1 1 1 0 1 1 1 0 0 0 0 1 1 0 1 1 1 6863.0 4483.0 7528.0 3479.0 5863.0 1 0.1841483316575456
0 0 0 0 0 1 1 1 1 1 0 1 0 0 1 0 1 1 0 1 5746.0 4230.0 5779.0 3169.0 6306.0 1 0.1837786796544015
1 0 0 1 1 1 0 0 1 1 1 0 1 0 0 1 0 1 0 1 6594.0 4754.0 7646.0 3876.0 4817.0 1 0.1799746639270503
0 0 0 1 1 1 0 0 1 1 0 0 1 1 0 1 1 0 1 1 5960.0 5374.0 5892.0 4685.0 4728.0 1 0.17852644865311582
0 0 0 1 1 1 1 0 0 1 0 1 0 1 1 1 0 1 0 1 6400.0 3184.0 6325.0 3830.0 6311.0 1 0.17249026324207242
1 0 0 0 1 1 1 1 0 0 1 0 1 1 1 1 0 0 0 1 5567.0 3377.0 7771.0 3788.0 6505.0 1 0.17231035538856262
1 0 1 1 1 1 0 0 1 1 0 1 0 1 0 1 0 1 0 1 6176.0 4578.0 6837.0 4073.0 5668.0 1 0.16297764112753696
1 0 0 1 1 1 1 0 1 0 0 1 0 1 1 0 0 1 0 1 6343.0 3822.0 6390.0 3254.0 6579.0 1 0.15676713014770155
1 0 1 1 1 1 0 0 1 1 0 0 0 1 0 1 1 0 1 1 5401.0 5530.0 6074.0 4067.0 5319.0 1 0.15650653416069785
0 0 0 1 0 1 1 0 1 0 1 1 1 1 0 1 0 1 0 1 7086.0 3887.0 7141.0 4279.0 6039.0 1 0.15272520595225386
1 0 0 0 1 1 1 0 1 0 0 1 0 1 1 1 0 0 1 1 5520.0 3964.0 6372.0 4306.0 6628.0 1 0.1519733353398088
1 0 0 1 1 1 0 0 1 1 0 1 1 1 0 1 0 1 0 1 6890.0 4831.0 7294.0 5011.0 5469.0 1 0.15090305229905834
1 0 0 0 0 1 0 0 1 0 0 1 1 1 0 1 1 0 1 1 5282.0 4686.0 5324.0 5036.0 5167.0 1 0.14621003657954115
1 0 0 0 0 1 1 0 1 1 0 0 1 1 0 0 1 1 0 1 4841.0 5345.0 5901.0 3646.0 5487.0 1 0.14572564772490942
1 0 0 0 1 1 1 1 1 0 0 1 0 1 0 1 0 0 1 1 5217.0 3928.0 7010.0 4008.0 6509.0 1 0.14325869631009833
0 0 0 1 1 1 0 1 1 0 0 1 0 1 1 0 1 1 0 1 6758.0 3845.0 5982.0 3325.0 6408.0 1 0.1427650905932974
1 0 0 1 1 1 0 0 1 1 0 1 1 0 0 0 0 1 1 1 6797.0 5176.0 6081.0 4427.0 4945.0 1 0.14213532738954915
1 0 0 1 1 1 0 1 1 0 0 1 1 1 0 1 0 0 1 1 6759.0 4465.0 7256.0 4937.0 5680.0 1 0.13618571370596563
1 0 0 1 1 1 1 0 1 1 0 1 1 0 1 0 0 0 0 1 6352.0 4864.0 6439.0 4230.0 5398.0 1 0.13172466496787555
1 0 0 0 1 1 1 1 1 1 1 1 0 0 1 0 0 0 0 1 5964.0 4118.0 7140.0 3583.0 6341.0 1 0.1293878604488962
1 0 0 1 1 1 0 1 1 1 0 1 1 1 0 0 0 1 0 1 6985.0 4833.0 7246.0 4415.0 5632.0 1 0.12886094402259002
