1 1 0 0 1 1 1 0 1 0 0 1 0 1 1 1 0 1 0 1 5818.0 3997.0 7373.0 3946.0 7291.0 0 1000000000000000.1
1 0 0 0 1 1 1 0 0 0 1 1 0 1 1 1 0 1 0 1 6015.0 2907.0 7021.0 3832.0 7201.0 0 0.18984980174927552
0 0 0 1 1 1 1 1 1 0 0 1 0 1 1 1 0 1 0 1 7039.0 3475.0 7673.0 3586.0 7190.0 0 0.1013089525713329
1 1 0 0 1 1 1 1 1 0 0 1 0 1 0 1 0 1 0 1 5515.0 3961.0 8011.0 3648.0 7172.0 0 0.06862729794457391
1 0 0 1 1 1 1 1 1 0 0 1 0 1 1 0 0 1 0 1 6816.0 3854.0 7327.0 3282.0 7162.0 0 0.08406552872758
1 0 0 0 1 1 0 1 1 0 1 1 0 1 1 1 0 1 0 1 6879.0 3494.0 7963.0 4089.0 7097.0 0 0.10417094359192763
1 1 0 0 1 1 1 1 1 0 0 1 0 1 1 1 0 0 0 1 5491.0 3788.0 7649.0 3912.0 7072.0 0 0.08855841836691947
1 0 0 1 1 1 1 1 1 0 0 1 0 0 1 1 0 1 0 1 6884.0 3757.0 8067.0 3385.0 7031.0 0 0.09506913715357755
1 0 0 0 1 1 1 0 1 0 1 1 0 1 0 0 1 1 0 1 5697.0 4490.0 6510.0 3674.0 7030.0 0 0.07755278699940855
1 0 0 0 1 1 0 1 1 0 0 1 0 1 1 1 0 1 1 1 6619.0 3874.0 7233.0 4296.0 7013.0 0 0.0992220021862435
1 0 0 1 1 1 1 0 1 0 0 1 0 1 1 1 0 1 0 1 6721.0 3852.0 7375.0 3878.0 6999.0 0 0.0650705963260208
1 0 0 0 1 1 1 0 1 0 1 1 0 0 1 1 0 1 0 1 6270.0 3698.0 7518.0 3640.0 6963.0 0 0.0810548041849812
1 0 0 0 1 1 1 1 1 1 0 0 0 1 1 1 0 1 0 1 5756.0 4322.0 8134.0 3468.0 6951.0 0 0.12460052502525786
1 0 0 1 1 1 1 1 1 0 0 0 0 1 1 1 0 1 0 1 6353.0 3812.0 8162.0 2938.0 6950.0 0 0.08621877505479775
1 0 0 0 1 1 1 0 1 1 0 1 0 1 0 1 1 1 0 1 5619.0 5057.0 7079.0 4545.0 6936.0 0 0.07894568572139334
1 0 0 1 1 1 1 1 1 0 0 0 0 1 0 1 1 1 0 1 5848.0 4507.0 7894.0 3075.0 6886.0 0 0.1444035387823544
1 0 0 0 1 1 1 0 1 1 1 1 0 1 0 1 0 1 0 1 6203.0 4416.0 7795.0 4436.0 6829.0 0 0.1311612540354104
1 0 0 1 1 1 0 1 0 0 1 1 0 1 1 1 0 1 0 1 7310.0 2725.0 7580.0 3831.0 6800.0 0 1000000000000000.0
1 0 0 0 1 1 1 0 1 1 0 1 0 1 0 1 0 1 1 1 5943.0 4796.0 7065.0 4643.0 6745.0 0 0.09516807570631289
1 0 0 0 1 1 1 0 1 1 1 1 0 1 1 1 0 0 0 1 6179.0 4243.0 7433.0 4700.0 6729.0 0 0.1203707238084649
0 0 0 1 1 1 0 1 1 0 1 1 0 1 1 1 0 1 0 1 7720.0 3234.0 7683.0 3840.0 6721.0 0 0.11680519745781741
1 0 0 0 1 1 1 1 1 1 0 1 0 1 0 1 1 0 0 1 5292.0 4848.0 7355.0 4511.0 6717.0 0 0.11414355042423968
1 0 0 1 1 1 0 1 0 0 0 1 0 1 1 1 0 1 1 1 7050.0 3105.0 6850.0 4038.0 6716.0 0 0.19690346852193688
1 0 0 1 1 1 0 1 1 0 1 1 0 1 1 0 0 1 0 1 7497.0 3613.0 7337.0 3536.0 6693.0 0 0.17279607181275541
1 0 0 1 1 1 0 1 1 0 0 1 0 1 1 0 0 1 1 1 7237.0 3993.0 6607.0 3743.0 6609.0 0 0.12982346161664385
1 0 1 0 1 1 1 1 1 1 0 0 0 1 0 1 0 1 0 1 4986.0 4752.0 8002.0 3162.0 6603.0 0 0.1150440875914687
1 0 0 1 1 1 0 1 1 1 0 1 0 1 1 1 0 1 0 1 7419.0 4180.0 7906.0 4407.0 6599.0 0 0.11797924024181193
1 0 0 1 1 1 0 1 1 0 1 1 0 0 1 1 0 1 0 1 7565.0 3516.0 8077.0 3639.0 6562.0 0 0.12008346788434178
1 0 0 1 0 1 0 1 1 0 1 1 0 1 1 1 0 1 0 1 7596.0 3282.0 7655.0 3895.0 6561.0 0 0.08441371195976277
1 1 0 0 1 1 1 1 1 1 0 0 0 1 0 1 0 1 0 1 5073.0 4548.0 8192.0 3281.0 6557.0 0 0.12610747545761083
1 0 0 1 1 1 1 1 1 1 0 0 0 1 1 0 0 1 0 1 6374.0 4441.0 7508.0 2915.0 6547.0 0 0.08733544869609441
1 0 0 1 1 1 0 1 1 0 0 1 0 1 0 1 1 1 0 1 6515.0 4216.0 7307.0 3943.0 6518.0 0 0.07362747855035336
0 0 0 1 1 1 1 1 1 1 0 0 0 1 0 1 1 1 0 1 6092.0 4757.0 7586.0 3356.0 6511.0 0 0.08542451707190218
1 0 0 0 1 1 1 0 1 1 0 1 1 1 0 1 0 1 0 1 6068.0 5045.0 7672.0 5040.0 6453.0 0 0.081861653865474
1 0 0 1 1 1 0 1 0 0 0 1 1 1 1 1 0 1 0 1 7175.0 3354.0 7457.0 4435.0 6424.0 0 0.12409553287285364
1 0 0 1 1 1 1 1 1 1 0 0 0 0 1 1 0 1 0 1 6442.0 4344.0 8248.0 3018.0 6416.0 0 0.09815012446689585
1 0 0 0 1 1 1 1 1 1 0 0 1 1 0 1 0 1 0 1 5700.0 5005.0 8459.0 4100.0 6404.0 0 0.093389374444623
1 0 0 1 1 1 1 1 1 0 0 0 1 1 0 1 0 1 0 1 6297.0 4495.0 8487.0 3570.0 6403.0 0 1000000000000000.0
1 0 1 1 1 1 0 0 1 1 0 1 0 1 1 1 0 1 0 1 6952.0 4646.0 7136.0 4399.0 6370.0 0 0.11438003206479133
1 0 0 1 0 1 1 0 1 1 1 1 0 1 0 1 0 1 0 1 6920.0 4204.0 7487.0 4242.0 6293.0 0 0.11880885943627573
1 0 0 1 1 1 0 0 1 0 1 1 1 1 1 0 0 1 0 1 7744.0 4332.0 7024.0 4466.0 6265.0 0 1000000000000000.0
1 0 0 0 1 1 0 1 1 1 0 1 1 0 1 1 0 1 0 1 6833.0 4655.0 7926.0 4773.0 6187.0 0 0.08320042829532319
1 0 0 1 0 1 0 1 1 0 0 1 1 1 1 1 0 1 0 1 7461.0 3911.0 7532.0 4499.0 6185.0 0 0.09058362872572012
1 0 0 1 1 1 0 0 1 1 0 1 1 1 1 1 0 1 0 1 7666.0 4899.0 7593.0 5337.0 6171.0 0 0.10856055161816393
1 0 0 0 1 1 0 0 1 1 0 0 1 1 1 1 1 1 0 1 6100.0 5441.0 7115.0 4761.0 6161.0 0 0.0821337197541885
1 0 0 0 1 1 0 1 1 1 0 0 1 1 1 1 0 1 0 1 6302.0 4710.0 8021.0 4326.0 6106.0 0 0.06737014263788109
1 0 0 1 1 1 0 1 1 0 0 0 1 1 1 1 0 1 0 1 6899.0 4200.0 8049.0 3796.0 6105.0 0 0.06088386882005502
1 0 0 1 1 1 0 0 1 0 0 1 1 1 0 1 1 1 0 1 6762.0 4935.0 6994.0 4873.0 6090.0 0 0.09344997544213632
1 0 0 1 1 1 0 1 1 1 0 1 1 1 0 1 0 1 0 1 7363.0 4863.0 8231.0 5039.0 6052.0 0 0.0811241840266699
1 0 0 0 1 1 1 0 1 1 0 0 1 1 0 0 1 1 0 1 5120.0 5706.0 6568.0 3911.0 6039.0 0 0.08091498077162415
1 1 0 1 1 1 1 1 1 1 0 0 0 0 0 1 0 1 0 1 5759.0 4570.0 8306.0 2831.0 6022.0 0 1000000000000000.1
1 0 0 1 1 1 1 0 1 1 0 0 1 0 1 1 0 1 0 1 6689.0 5063.0 7935.0 3948.0 5988.0 0 0.06731657129531751
1 0 0 1 1 1 0 1 1 1 0 1 1 1 1 1 0 0 0 1 7339.0 4690.0 7869.0 5303.0 5952.0 0 0.10558444464817038
1 1 0 0 1 1 1 1 1 1 0 0 1 1 0 1 0 0 0 1 4993.0 5058.0 8155.0 4177.0 5910.0 0 0.1189604790734983
1 0 0 0 1 1 1 0 1 1 0 1 1 1 0 0 1 0 0 1 5161.0 5537.0 6057.0 4817.0 5869.0 0 0.07651908625165385
1 0 0 0 1 1 0 1 1 1 0 0 1 1 0 1 0 1 1 1 6121.0 5144.0 7739.0 4561.0 5851.0 0 0.10889859677953306
1 0 0 0 1 1 1 1 1 1 0 0 1 1 0 0 1 0 0 1 4793.0 5497.0 6844.0 3877.0 5820.0 0 0.11124833976880258
1 0 1 0 1 1 0 0 1 1 0 1 1 1 0 1 0 1 0 1 5900.0 5180.0 7102.0 4960.0 5807.0 0 0.09102859520841076
1 0 0 0 1 1 0 0 1 1 0 1 1 1 1 1 0 0 1 1 6465.0 5011.0 6590.0 5765.0 5800.0 0 1000000000000000.0
1 1 0 1 1 1 0 0 1 1 0 1 1 1 0 1 0 1 0 1 6983.0 5125.0 7651.0 5150.0 5777.0 0 0.09181625463714231
1 0 0 1 1 1 0 0 1 0 0 1 1 1 0 1 1 0 1 1 6557.0 5196.0 6350.0 5372.0 5735.0 0 0.08279854683604566
1 0 0 1 1 1 0 0 1 1 0 1 1 1 0 0 1 1 0 1 6783.0 5564.0 6340.0 4850.0 5687.0 0 0.07020627992532512
1 0 0 0 1 1 1 0 1 1 0 0 1 1 0 0 1 0 1 1 4915.0 5967.0 5924.0 4410.0 5684.0 0 0.18745788702243626
1 1 0 0 1 1 0 0 1 1 0 1 1 1 0 1 1 0 0 1 5458.0 5498.0 6662.0 5480.0 5597.0 0 0.10548176255537334
1 0 0 1 1 1 0 0 1 1 0 1 1 1 1 0 1 0 0 1 6759.0 5391.0 5978.0 5114.0 5587.0 0 0.08350900468766563
1 0 0 1 0 1 0 0 1 1 0 1 1 1 0 1 1 1 0 1 6882.0 5233.0 6658.0 5209.0 5555.0 0 0.09771061233437495
1 0 0 0 1 1 0 0 1 1 0 0 1 1 0 0 1 1 1 1 5541.0 5845.0 5848.0 4372.0 5486.0 0 0.14074945332913538
1 0 1 1 1 1 0 0 1 1 0 0 1 1 1 0 0 1 0 1 6453.0 5295.0 6625.0 3765.0 5473.0 0 0.060884933863733504
1 0 0 1 1 0 0 0 1 1 0 1 1 1 0 1 1 1 0 1 6525.0 4807.0 6383.0 5386.0 5455.0 0 0.08740305489494733
1 0 0 1 1 1 0 0 1 1 0 0 1 0 1 1 0 1 1 1 7110.0 5202.0 7215.0 4409.0 5435.0 0 0.07053873863401243
1 0 0 1 0 1 0 0 1 1 0 0 1 1 1 1 0 1 1 1 7141.0 4968.0 6793.0 4665.0 5434.0 0 0.09825476222464335
0 0 0 1 1 1 0 0 1 1 0 1 1 1 1 1 0 0 1 1 7306.0 4751.0 6310.0 5516.0 5424.0 0 0.13294762421501474
1 0 1 1 1 1 0 0 1 1 0 0 1 1 0 0 1 1 0 1 5948.0 5990.0 6357.0 3902.0 5409.0 0 0.07816691516916491
1 0 1 1 1 1 0 0 1 1 0 1 1 1 0 0 0 1 0 1 6518.0 5299.0 6476.0 4407.0 5403.0 0 0.060467542134452094
1 0 1 0 1 1 1 0 1 1 0 0 1 1 0 0 0 0 1 1 4650.0 5702.0 6060.0 3967.0 5400.0 0 1000000000000000.0
1 0 1 1 1 1 1 0 1 1 0 0 1 1 0 1 0 0 0 1 5429.0 5379.0 7387.0 4101.0 5389.0 0 0.1224270158842396
0 0 0 0 1 1 0 0 1 1 0 1 1 1 0 1 1 0 1 1 5805.0 5297.0 5683.0 5582.0 5344.0 0 0.13369500038299112
1 0 0 1 0 1 0 1 1 1 0 1 1 1 0 1 1 0 0 1 6555.0 5024.0 6934.0 5175.0 5336.0 0 0.08971119040013294
1 0 0 0 1 1 0 0 1 1 0 1 1 1 0 0 1 0 1 1 5582.0 5676.0 5337.0 5278.0 5316.0 0 0.17378737614184286
1 0 0 1 1 1 0 0 1 1 0 1 1 1 0 1 1 0 0 1 6361.0 5353.0 6664.0 5412.0 5305.0 0 0.0669169240225395
1 0 0 1 1 1 0 0 1 1 0 0 1 1 0 1 0 1 1 1 6644.0 5261.0 7161.0 4604.0 5284.0 0 0.10555227612859844
1 0 0 0 1 1 0 1 1 1 0 0 1 1 0 0 1 0 1 1 5214.0 5636.0 6124.0 4338.0 5267.0 0 0.14903976141652744
1 0 0 1 1 1 0 0 1 1 0 1 1 0 1 1 0 0 1 1 7151.0 5033.0 6704.0 5315.0 5265.0 0 0.07720292376891626
1 0 1 1 1 1 0 0 1 1 0 1 1 1 0 0 1 0 0 1 5989.0 5821.0 5846.0 4808.0 5239.0 0 0.07530421244748857
1 0 0 1 1 1 0 0 1 1 1 0 1 1 0 1 1 0 0 1 6375.0 5403.0 7261.0 4798.0 5204.0 0 0.06737463424290047
1 1 0 1 1 1 0 0 1 1 0 1 1 1 0 0 1 0 0 1 6076.0 5617.0 6036.0 4927.0 5193.0 0 0.06069590439447527
1 0 0 0 1 1 0 0 1 1 0 1 1 0 0 1 1 0 1 1 5650.0 5579.0 6077.0 5381.0 5185.0 0 0.06258123520326463
1 0 0 0 0 1 0 0 1 1 0 1 1 1 0 1 1 0 1 1 5681.0 5345.0 5655.0 5637.0 5184.0 0 0.14613521353392303
1 0 0 1 1 0 0 0 1 1 0 1 1 1 1 1 0 0 1 1 6825.0 4373.0 6007.0 5748.0 5164.0 0 0.08775172665214438
1 0 0 1 1 1 0 0 1 1 0 0 1 1 0 1 1 0 1 1 6115.0 5783.0 6531.0 5005.0 5120.0 0 0.09959351647455353
1 0 0 1 1 1 0 0 1 1 0 1 1 1 0 1 0 0 1 1 6685.0 5092.0 6650.0 5510.0 5114.0 0 0.08326556787992874
1 0 1 1 1 1 0 0 1 1 0 1 1 1 0 0 0 0 1 1 6313.0 5560.0 5832.0 4906.0 5048.0 0 0.12015557361872717
1 0 1 0 1 1 0 0 1 1 0 0 1 1 0 0 1 0 1 1 4747.0 6102.0 5354.0 4330.0 5038.0 0 1000000000000000.0
1 1 0 1 1 1 0 0 1 1 0 1 1 1 0 0 0 0 1 1 6400.0 5356.0 6022.0 5025.0 5002.0 0 0.07863739787561178
0 0 0 1 1 1 0 0 1 1 0 1 1 1 0 0 1 0 1 1 6423.0 5416.0 5057.0 5029.0 4940.0 0 0.20629658638939374
1 0 0 1 1 1 0 0 1 1 0 1 1 0 0 0 1 0 1 1 6268.0 5698.0 5451.0 4828.0 4781.0 0 0.18559314262956667
1 0 0 1 0 1 0 0 1 1 0 1 1 1 0 0 1 0 1 1 6299.0 5464.0 5029.0 5084.0 4780.0 0 1000000000000000.0
1 0 0 0 1 1 0 0 1 1 0 1 1 1 0 1 1 0 1 0 5149.0 5379.0 5373.0 5698.0 4769.0 0 1000000000000000.1
0 0 0 1 0 1 0 0 1 1 0 1 1 1 0 0 1 0 1 1 6144.0 5055.0 4390.0 4764.0 4388.0 1 2000000000000000.5
0 0 0 1 1 1 1 1 1 1 0 0 0 1 1 1 0 1 0 1 6597.0 4062.0 7854.0 3219.0 6575.0 1 2000000000000000.2
