1 0 1 0 1 0 1 1 0 0 0 1 0 1 1 1 1 1 0 1 0 0 0 0 0 0 1 1 0 1 1 0 0 0 1 1 1 0 0 0 1 1 1 1 0 1 1 0 0 1 0 1 0 1 1 1 0 0 1 0 1 1 1 1 0 1 0 1 0 0 0 0 1 1 1 0 1 1 1 0 1 1 1 1 1 1 1 0 0 0 0 0 1 0 1 1 0 1 0 0 28763.0 27631.0 0 2000000000000000.0
1 0 1 1 1 0 1 0 0 0 0 1 0 1 0 1 0 1 0 1 0 0 1 0 1 1 1 0 1 1 1 1 0 0 1 1 1 0 0 0 1 1 1 1 0 1 1 0 0 1 0 1 0 1 1 1 0 0 0 0 1 1 1 1 0 1 0 1 0 0 0 0 1 1 1 0 1 1 1 0 1 1 1 0 0 0 1 1 0 0 0 0 1 1 0 1 1 0 1 0 30508.0 27438.0 0 0.7073533322444091
0 0 0 1 0 0 0 1 0 1 1 1 1 1 1 1 0 1 1 0 0 0 1 0 0 0 1 1 0 1 1 1 0 1 1 1 1 0 0 0 0 1 1 1 0 1 1 0 0 1 0 1 0 0 1 1 0 0 0 1 1 1 1 1 0 1 0 1 0 0 0 0 1 1 1 0 1 1 1 0 1 1 1 0 0 1 1 1 0 0 1 0 1 1 1 1 1 0 0 0 30909.0 27412.0 0 0.9830626600450201
1 0 1 1 1 1 0 1 0 1 0 0 0 1 0 0 0 1 0 1 0 0 1 0 0 0 1 1 0 1 1 1 0 0 1 1 1 0 0 0 1 1 1 1 0 1 1 0 0 1 0 1 0 1 1 1 0 0 0 1 1 1 1 1 0 1 0 1 0 1 0 0 1 1 1 0 1 1 1 1 1 1 1 0 0 1 1 1 0 0 0 0 1 1 0 1 0 0 1 0 31887.0 26199.0 0 1.292646667755516
1 0 1 1 1 0 1 1 0 0 0 1 0 1 1 0 1 1 0 1 0 0 0 0 0 0 1 1 0 1 1 1 0 0 1 1 1 0 0 0 1 1 0 1 0 0 1 0 1 1 1 0 0 1 1 1 0 0 1 1 1 1 1 1 0 0 0 1 0 0 0 0 1 1 1 0 1 1 1 0 1 1 1 0 0 1 1 1 1 0 0 0 1 1 0 1 0 0 1 0 32328.0 25553.0 0 2000000000000000.0
0 0 0 1 0 0 0 1 0 1 1 1 1 1 1 1 0 1 1 0 0 0 1 0 0 0 1 1 0 1 1 1 0 1 1 1 1 0 1 1 0 1 0 1 1 0 0 1 0 0 0 1 0 1 0 0 1 1 1 0 1 0 0 0 1 1 0 1 0 1 0 0 1 1 1 0 1 1 0 0 1 0 1 0 1 0 1 1 0 0 1 0 1 1 1 1 1 0 0 0 28138.0 27429.0 1 2000000000000000.0
1 0 1 1 1 0 1 1 0 0 0 1 0 1 1 0 0 1 0 1 0 0 1 0 0 0 1 1 0 1 1 1 0 0 0 1 1 0 1 0 1 0 1 1 0 1 1 0 0 1 0 1 0 0 0 0 1 1 1 0 1 0 0 0 0 0 1 1 0 1 1 0 1 1 0 0 1 1 1 1 1 1 1 0 1 1 1 1 0 0 0 0 1 1 0 1 0 0 1 0 28583.0 26975.0 1 1.2516967225873603
1 0 1 1 1 0 1 0 0 0 0 1 0 1 0 0 0 1 0 1 0 1 1 0 0 0 1 1 0 1 1 1 0 0 0 1 1 0 0 0 1 1 1 1 0 1 1 0 0 1 0 1 0 1 1 1 0 0 0 0 1 1 1 1 0 1 0 1 0 1 0 0 1 1 1 0 1 1 1 1 1 1 1 0 0 1 1 1 0 0 0 1 1 1 1 1 0 0 1 0 30661.0 26834.0 1 1.2613567129148935
1 0 1 1 1 0 1 0 0 0 0 1 0 1 0 1 0 1 0 1 0 0 1 0 0 0 1 1 0 1 1 1 0 0 1 1 1 0 0 0 1 0 1 1 0 1 1 0 0 1 0 1 0 1 1 1 0 0 0 1 1 1 1 1 0 1 0 1 0 1 0 0 1 1 1 0 1 1 1 1 1 1 1 0 0 1 1 1 0 0 0 0 1 1 0 1 0 0 1 0 30754.0 26198.0 1 0.7483032774125387
1 0 1 0 1 0 1 1 0 1 0 0 0 1 0 0 0 1 0 1 0 0 1 0 0 0 1 1 0 1 1 1 0 0 1 1 1 0 0 0 1 0 1 1 0 1 1 0 0 1 0 1 0 1 1 1 0 0 1 0 1 1 1 1 0 1 0 1 0 1 0 0 1 1 1 0 1 1 1 1 1 1 1 0 0 1 1 1 0 0 0 0 1 1 0 1 0 0 1 0 31149.0 25991.0 1 2000000000000000.0
1 0 1 1 1 0 1 0 0 0 0 1 0 1 0 1 0 1 0 1 0 0 1 0 0 0 1 1 0 1 0 1 1 0 1 1 1 0 0 0 1 0 1 1 0 1 1 0 0 1 0 1 0 1 1 1 0 0 0 0 1 1 1 0 0 1 0 1 0 1 0 0 1 1 1 0 1 1 0 0 1 0 1 1 1 0 1 1 0 0 1 0 1 1 1 1 1 0 0 0 25999.0 27341.0 2 2000000000000000.0
1 0 1 1 1 1 0 1 0 1 0 0 0 1 0 0 0 1 0 1 0 0 1 0 0 0 1 1 0 1 1 1 0 0 1 1 1 0 0 0 1 1 1 1 0 1 1 0 0 1 0 1 1 1 0 0 1 1 1 0 1 0 0 0 0 1 0 1 0 1 1 0 1 1 1 0 1 0 1 0 1 0 0 1 1 0 0 0 0 0 0 0 0 1 1 1 1 0 1 0 26309.0 27326.0 2 0.2566475251852792
1 0 1 1 1 0 0 0 0 0 0 1 0 1 0 1 0 1 0 1 0 0 1 0 0 0 1 1 0 1 1 1 0 0 1 1 1 0 0 0 1 0 1 1 0 1 1 0 0 1 0 1 0 1 1 1 0 0 0 0 1 1 1 1 0 1 0 1 0 1 0 0 1 1 0 0 1 1 1 0 1 0 0 1 1 1 1 1 0 0 0 1 1 1 0 1 0 1 0 0 26740.0 27143.0 2 0.28233022698219273
1 0 1 1 1 1 0 1 0 1 0 0 0 1 0 0 0 1 0 1 0 0 1 0 0 0 1 1 0 1 1 1 0 0 1 1 1 0 0 0 1 1 1 1 0 1 1 0 0 1 0 1 0 1 1 1 0 0 0 1 1 1 1 0 0 1 0 1 0 1 1 0 1 1 0 0 1 0 1 0 1 0 0 1 1 0 0 0 0 0 1 0 1 1 1 1 1 0 0 0 27060.0 27086.0 2 0.3720282684576096
1 0 1 1 1 1 0 1 0 1 0 0 0 1 0 0 0 1 0 1 0 0 1 0 0 0 1 1 0 1 1 1 0 0 1 1 1 0 0 0 1 1 1 1 0 1 1 0 0 1 0 1 0 1 1 1 0 0 0 0 1 1 1 1 0 1 0 1 0 1 1 1 1 1 0 0 1 0 0 0 1 0 0 1 1 1 1 0 0 0 0 0 1 1 1 1 1 0 0 0 28112.0 26959.0 2 0.8291010127101874
1 0 1 1 1 0 1 0 0 0 0 1 0 1 0 0 1 1 0 0 0 0 1 0 1 1 1 0 1 1 0 1 1 0 1 1 1 0 1 1 0 1 0 1 1 0 0 1 0 0 0 1 1 1 0 0 1 1 1 0 1 1 1 0 0 1 0 1 0 1 0 0 1 1 1 0 1 1 1 1 1 1 1 0 0 1 1 1 0 0 0 1 1 1 1 1 0 0 1 0 30566.0 26831.0 2 0.6171962034957876
1 0 1 1 1 1 0 1 0 1 0 0 0 1 0 0 0 1 0 1 0 0 1 0 0 0 1 1 0 1 1 1 0 0 1 1 1 0 0 0 1 1 1 1 0 1 1 0 0 1 0 1 0 1 1 1 0 0 0 0 1 1 1 0 0 1 0 1 0 1 0 0 1 1 1 0 1 1 1 1 1 1 1 0 0 1 1 1 0 0 0 1 1 1 1 1 0 0 1 0 30626.0 26736.0 2 0.7219802491703866
1 0 1 1 1 0 1 0 0 0 0 1 0 0 1 0 0 1 0 1 0 0 1 0 1 1 1 0 1 1 1 1 0 0 1 1 1 0 0 0 1 1 1 1 0 1 1 0 0 1 0 1 0 1 1 1 0 0 0 0 1 1 1 1 0 1 0 1 0 0 0 0 1 1 1 1 1 1 1 0 1 1 1 0 0 0 1 1 0 0 0 0 1 1 0 1 0 0 1 0 30745.0 25615.0 2 0.7541280028612488
1 0 1 1 1 1 0 1 0 1 0 0 0 1 0 0 0 1 0 1 0 0 1 0 0 0 1 1 0 1 1 1 0 0 1 1 1 0 0 0 1 1 1 1 0 1 1 0 0 1 0 1 0 1 1 1 0 0 0 1 1 1 1 1 0 1 0 1 0 0 0 0 1 1 1 0 1 1 1 1 1 1 1 0 0 0 1 1 0 1 0 0 1 1 0 1 0 0 1 0 31117.0 25571.0 2 2000000000000000.0
1 0 1 0 1 0 1 0 0 1 0 1 1 1 1 0 0 1 1 1 0 0 1 1 0 0 1 1 0 1 1 1 0 0 1 1 1 0 0 0 1 1 1 1 0 1 1 0 0 1 0 1 0 1 1 1 0 0 0 0 1 0 0 0 0 1 0 1 0 1 1 0 1 1 0 0 1 0 1 0 1 0 0 1 1 0 0 0 0 0 1 0 1 1 1 1 1 0 0 0 26143.0 27193.0 3 2000000000000000.0
1 0 1 1 1 0 1 0 0 0 0 1 0 0 0 0 0 1 0 1 0 0 1 0 1 1 1 1 0 1 1 1 0 0 1 1 1 0 0 0 0 1 1 1 0 1 1 0 0 1 0 1 1 1 0 0 1 1 1 0 1 0 0 0 1 1 0 1 0 1 0 0 1 1 1 0 1 1 0 0 1 0 1 0 1 0 1 1 0 0 1 0 1 1 1 1 1 0 0 0 26492.0 27062.0 3 0.40777923745964695
0 1 1 1 1 0 1 1 0 1 0 0 0 1 0 0 0 1 0 1 0 0 1 0 0 0 1 1 0 1 1 0 0 0 1 1 1 0 0 0 1 1 0 1 0 0 1 0 1 1 0 1 1 1 0 0 0 1 1 0 1 0 0 0 1 0 0 1 0 1 0 0 1 1 1 0 1 1 0 0 1 0 1 1 1 0 1 1 0 0 0 0 1 1 1 1 1 0 1 0 27276.0 26888.0 3 0.5024749174318022
0 0 1 1 1 0 1 1 0 0 0 1 0 1 1 0 0 1 0 1 0 0 1 0 0 0 1 1 0 1 1 1 0 0 0 1 1 0 1 0 1 0 1 1 0 1 1 0 0 1 0 1 0 0 0 0 1 1 1 0 1 0 0 0 0 0 1 1 0 1 1 0 1 1 0 0 1 1 1 1 1 1 1 0 1 1 1 1 0 0 0 0 1 1 0 1 0 0 1 0 28267.0 26819.0 3 0.5401938224244828
1 0 1 1 1 0 1 0 0 0 0 1 0 1 0 1 0 1 0 1 0 0 1 0 0 0 1 1 0 1 1 1 0 0 1 1 1 0 0 0 1 0 1 1 0 1 1 0 0 1 0 1 0 1 1 1 0 0 0 0 1 1 1 0 0 1 0 1 0 1 0 0 1 1 1 0 1 1 1 1 1 1 1 0 0 1 1 1 0 0 0 1 1 1 1 1 0 0 1 0 29493.0 26735.0 3 0.472143642155348
0 0 0 0 1 1 0 1 0 1 0 0 0 1 0 1 0 0 0 1 0 0 1 0 1 0 1 1 0 1 1 1 0 0 1 1 1 0 1 1 0 1 0 1 1 0 1 1 0 0 0 1 1 1 0 0 1 1 1 0 1 1 1 0 0 1 0 1 0 1 0 0 1 1 1 0 1 1 1 1 1 1 1 0 0 1 1 1 0 0 0 1 1 1 1 1 0 0 1 0 30164.0 26671.0 3 0.25317480809753823
1 0 1 1 1 0 1 0 0 0 0 1 0 0 0 0 0 1 0 1 0 0 1 0 1 1 1 1 1 1 1 1 0 0 1 1 1 0 0 0 1 1 1 1 0 1 1 0 0 1 0 1 0 1 1 1 0 0 0 0 1 1 1 1 0 1 0 1 0 0 0 0 1 1 1 0 1 1 1 0 1 1 1 0 0 1 1 1 0 0 0 0 1 1 0 1 1 0 1 0 30400.0 26617.0 3 0.29852583164034036
1 0 1 0 1 0 1 1 0 0 0 1 0 1 1 1 1 1 0 1 0 0 0 0 0 0 1 1 0 1 1 0 0 0 1 1 1 0 0 0 1 1 1 1 0 1 1 0 0 1 0 1 0 1 1 1 0 0 1 0 1 1 1 1 0 1 0 1 0 0 0 0 1 1 1 0 1 1 1 0 1 1 1 0 0 1 1 1 0 0 0 1 1 1 0 1 0 0 1 0 30535.0 26287.0 3 0.7988521320182549
1 0 1 1 1 0 1 0 0 0 0 1 0 0 0 0 0 1 0 1 1 0 1 0 1 1 1 0 1 1 1 1 0 0 1 1 1 0 0 0 1 1 1 1 0 1 1 0 0 1 0 1 0 1 1 1 0 0 0 1 1 1 1 0 0 1 0 1 0 0 0 0 1 1 1 0 1 1 1 1 1 1 1 0 0 1 1 1 0 0 0 0 1 1 0 1 0 0 1 0 31055.0 25471.0 3 2000000000000000.0
0 0 0 0 1 1 0 1 0 1 0 0 0 1 0 0 0 1 0 1 1 0 1 0 0 0 1 1 0 1 1 1 0 0 1 1 1 0 0 0 1 1 1 1 0 1 1 0 0 1 0 1 1 1 0 0 1 1 1 0 1 0 0 0 1 1 0 1 0 1 1 1 1 1 0 0 1 0 0 0 1 0 0 1 1 1 1 0 0 0 1 0 1 1 1 1 1 0 0 0 26570.0 26843.0 4 2000000000000000.0
0 0 0 0 1 1 0 1 0 1 0 0 0 1 0 1 0 1 0 1 0 0 1 0 0 0 1 1 0 1 1 1 0 0 1 1 1 0 0 0 1 0 1 1 0 1 1 0 0 1 0 1 0 1 1 1 0 0 0 0 1 1 1 1 0 1 0 1 0 1 0 0 1 1 1 0 1 1 1 0 1 0 0 1 1 1 1 1 0 0 0 1 1 1 0 1 0 1 0 0 27801.0 26661.0 4 0.9482991340983968
1 0 1 1 1 1 0 1 0 1 0 0 0 1 0 0 0 1 0 1 0 0 1 0 0 0 1 1 0 1 1 1 0 0 1 1 1 0 0 0 1 1 1 1 0 1 1 0 0 1 0 1 0 1 1 1 0 0 1 0 1 1 1 1 0 1 0 1 0 0 0 0 0 1 1 0 1 1 1 0 1 0 0 0 0 1 1 1 1 0 0 0 1 1 1 1 0 1 1 0 30141.0 26474.0 4 0.9979177919990889
0 0 0 1 0 0 0 1 0 1 1 1 1 1 1 1 0 1 1 0 0 0 1 0 0 0 1 1 1 1 0 1 0 1 1 1 1 0 1 1 0 1 0 1 1 0 0 1 0 0 0 1 0 1 0 0 0 0 0 1 1 1 1 1 0 1 0 1 0 0 0 0 1 1 1 0 1 1 1 1 1 1 1 0 0 0 1 1 0 0 0 0 1 1 0 1 0 0 0 0 30495.0 25543.0 4 0.4981517627869967
1 0 1 1 1 0 1 1 1 0 0 1 0 1 1 0 1 1 0 1 0 0 0 0 1 0 1 1 0 1 1 0 0 0 1 1 0 0 0 0 1 1 0 1 0 0 1 0 1 1 1 0 0 1 1 1 0 0 1 0 1 1 1 1 0 0 0 1 0 0 0 0 1 1 1 0 1 1 1 0 1 1 1 0 0 1 1 1 0 0 0 1 1 1 1 1 0 0 1 0 30566.0 25285.0 4 0.2484967784559809
0 0 0 1 0 0 0 1 0 1 1 1 1 1 1 1 0 1 1 0 0 0 1 0 0 0 1 1 0 1 0 1 0 1 1 1 1 0 1 1 0 1 0 1 1 0 0 1 0 0 0 1 0 1 0 0 0 0 0 1 1 1 1 1 0 1 0 1 0 0 0 0 1 1 1 0 1 1 1 1 1 1 1 0 0 0 1 1 0 0 0 0 1 1 0 1 0 0 1 0 30748.0 24978.0 4 0.5535491031145507
1 0 1 0 1 0 1 1 0 0 0 1 0 1 1 0 1 1 0 1 0 0 0 0 0 0 1 1 0 1 1 0 0 0 1 1 1 0 0 0 1 1 0 1 0 0 1 0 1 1 0 1 0 1 1 1 0 0 0 1 1 1 1 1 0 1 0 1 0 0 0 0 1 1 1 0 1 1 1 1 1 1 1 0 0 1 1 1 0 0 0 0 1 1 0 1 0 0 1 0 30903.0 23871.0 4 2000000000000000.0
1 0 1 1 1 0 1 0 0 0 0 1 0 1 0 0 0 1 0 0 0 0 1 0 1 1 1 0 1 1 0 1 1 0 1 1 1 0 1 1 0 1 0 1 1 0 0 1 0 0 0 1 1 1 0 0 1 1 1 0 1 0 0 0 1 1 0 1 0 1 0 0 1 1 1 0 1 0 1 0 1 0 0 1 1 0 0 0 0 0 1 0 1 1 1 1 1 0 0 0 25464.0 26699.0 5 2000000000000000.0
1 0 1 0 1 0 1 0 0 1 0 1 1 1 1 0 0 1 1 1 0 0 1 0 0 0 1 1 0 1 1 1 0 0 1 1 1 0 0 0 1 1 1 1 0 1 1 0 0 1 0 1 0 1 1 1 0 0 0 0 1 1 1 1 0 1 0 1 0 0 0 0 1 1 1 0 1 1 0 0 1 0 0 1 1 1 1 0 0 0 0 0 1 0 1 1 0 1 0 0 27313.0 26518.0 5 0.660731620256477
0 0 0 0 1 1 0 1 0 1 0 0 0 1 0 0 0 1 0 1 0 0 1 0 0 0 1 1 0 1 1 1 0 0 1 1 1 0 0 0 1 1 1 1 0 1 1 1 0 1 0 1 0 1 0 0 1 1 1 0 1 0 0 0 0 0 0 1 0 1 1 0 1 1 0 0 1 1 1 1 1 1 1 0 1 1 1 1 0 0 0 0 1 1 0 1 0 0 1 0 28185.0 26376.0 5 0.4675083423623256
1 0 1 1 1 0 1 0 0 0 0 1 0 1 0 0 0 1 0 1 0 1 1 0 0 0 1 1 0 1 1 1 0 0 0 1 1 0 0 0 1 1 1 1 0 1 1 0 0 1 0 1 0 1 1 1 0 0 0 0 1 1 1 1 0 1 0 1 0 0 0 0 1 1 1 0 1 1 1 0 1 1 1 0 0 1 1 1 0 0 0 0 1 1 0 1 1 0 1 0 29059.0 26207.0 5 0.2594264705370107
0 0 0 0 1 1 0 1 0 1 0 0 0 1 0 0 0 1 0 1 1 0 1 0 0 0 1 1 0 1 1 1 0 0 1 1 1 0 0 0 0 1 1 1 0 1 1 0 0 1 0 1 1 1 0 0 0 1 1 0 1 0 0 0 1 1 0 1 0 1 0 0 1 1 1 0 1 1 1 1 1 1 1 0 0 1 1 1 0 0 0 1 1 1 1 1 0 0 1 0 29116.0 26186.0 5 0.22505072967878229
1 0 1 1 1 0 1 0 0 0 0 1 0 0 0 0 0 1 0 1 0 0 1 0 1 1 1 0 1 1 1 1 0 0 1 1 1 0 0 0 1 1 1 1 0 1 1 0 0 1 0 1 0 1 1 1 0 0 0 0 1 1 1 1 0 1 0 1 0 0 0 0 1 1 1 0 1 1 1 0 1 1 1 0 0 1 1 1 0 0 0 0 1 1 0 1 1 0 1 0 29938.0 26075.0 5 0.4157924590179471
0 0 0 0 1 1 0 1 0 1 0 0 0 1 0 1 0 1 0 1 0 0 1 0 0 0 1 1 0 1 1 1 0 0 1 1 1 0 0 0 1 0 1 1 0 1 1 0 0 1 0 1 0 1 1 1 0 0 0 0 1 1 1 1 0 1 0 1 0 1 0 0 1 1 1 0 1 1 1 1 1 1 1 0 0 1 1 1 0 0 0 1 1 1 1 1 0 0 1 0 30044.0 25622.0 5 0.33969522747783565
1 0 1 1 1 0 1 0 0 0 0 1 0 1 0 0 1 1 0 0 0 0 1 0 1 1 1 0 1 1 0 1 1 0 1 1 1 0 0 0 1 1 1 1 0 1 1 0 0 1 0 1 0 1 1 1 0 0 0 1 1 1 1 0 0 1 0 1 0 0 0 0 1 1 1 0 1 1 1 1 1 1 1 0 0 1 1 1 0 0 0 0 1 1 0 1 0 0 1 0 30063.0 25323.0 5 0.22111538795801072
0 0 0 0 1 1 0 1 0 1 0 0 0 1 0 1 0 1 0 1 0 0 1 0 0 1 1 1 0 1 1 1 0 0 1 1 1 0 0 0 1 0 1 1 0 1 1 0 1 1 1 0 0 1 1 1 0 0 1 0 1 1 1 1 0 1 0 0 0 0 0 1 1 1 1 0 1 1 1 1 1 1 1 0 0 0 1 1 0 0 0 0 1 1 0 1 0 0 1 0 30483.0 25297.0 5 0.5349101104838873
1 0 1 1 1 0 1 1 0 0 0 1 0 0 1 0 1 1 0 1 0 0 0 0 0 0 1 1 0 1 1 0 0 0 1 1 1 0 0 0 1 1 0 1 0 0 1 0 1 1 1 0 0 1 1 1 0 0 1 0 1 1 1 1 0 1 0 1 0 0 0 1 1 1 1 0 1 1 1 1 1 1 1 0 0 0 1 1 0 0 0 0 1 1 0 1 0 0 1 0 30645.0 24316.0 5 2000000000000000.0
0 0 0 0 1 1 0 1 0 1 0 0 0 1 0 0 0 1 0 1 1 0 1 0 0 0 1 1 0 1 1 1 0 0 1 1 1 0 0 0 1 1 1 1 0 1 1 0 0 1 0 1 1 1 0 0 1 1 1 0 1 0 0 0 1 1 0 1 0 1 0 0 1 1 1 0 1 1 0 0 1 0 1 0 1 0 1 1 0 0 1 0 1 1 1 1 1 0 0 0 26707.0 26492.0 6 2000000000000000.0
1 0 1 1 1 0 1 0 0 0 0 1 0 1 0 0 0 1 0 0 0 0 1 0 1 1 1 0 1 1 0 1 1 0 1 1 1 0 1 1 0 1 0 1 1 0 0 1 0 0 0 1 1 1 0 0 1 1 1 0 1 0 0 0 1 1 0 1 0 1 0 0 1 1 1 0 1 1 0 0 1 0 1 0 1 0 1 1 0 0 0 0 1 1 1 1 1 0 1 0 27020.0 26187.0 6 0.35176356275506615
0 0 1 1 1 0 1 1 0 0 0 1 0 1 1 0 0 1 0 0 0 0 1 0 0 0 1 1 0 1 1 1 0 0 0 1 1 0 1 0 1 0 1 1 0 1 1 0 0 1 0 1 0 0 0 0 1 1 1 0 1 0 0 0 0 0 1 1 0 1 1 0 1 1 0 0 1 1 1 1 1 1 1 0 1 1 1 1 0 0 0 0 1 1 0 1 0 0 1 0 27645.0 26175.0 6 0.3250565016400978
0 0 0 0 1 1 0 1 0 1 0 0 0 1 0 1 0 1 0 1 0 0 1 0 0 0 1 1 0 1 1 1 0 0 1 1 1 0 0 0 1 0 1 1 0 1 1 0 0 1 0 1 0 1 1 1 0 0 0 0 1 1 1 1 0 1 0 1 0 1 0 0 1 1 1 0 1 1 1 0 1 0 0 1 1 1 1 1 0 0 0 1 1 1 0 1 0 0 1 0 28245.0 26156.0 6 0.3800123587076567
1 0 1 1 1 0 1 1 1 1 0 1 1 1 0 0 0 1 0 1 0 0 1 0 0 0 1 1 0 1 1 1 0 0 0 1 1 0 0 0 1 0 1 1 0 1 1 0 0 1 0 1 0 1 1 1 0 0 0 0 1 1 1 1 0 1 0 1 0 0 0 0 1 1 1 0 1 1 1 0 1 1 1 0 0 1 1 0 0 0 0 0 1 1 0 1 0 0 0 0 28927.0 26029.0 6 0.3905116827030794
1 0 1 1 1 0 1 0 0 0 0 1 0 0 0 0 0 1 0 1 0 0 1 0 1 1 1 0 1 1 1 1 0 0 1 1 1 0 0 0 1 1 1 1 0 1 1 0 0 1 0 1 0 1 1 1 0 0 0 0 1 1 1 1 0 1 0 1 0 0 0 0 1 1 1 0 1 1 1 0 1 1 1 0 0 0 1 1 0 0 0 0 1 1 0 1 1 0 1 0 29464.0 25934.0 6 0.2317601334790739
0 0 0 0 1 1 0 1 0 1 0 0 0 1 0 1 0 1 0 1 0 0 1 0 0 0 1 1 0 1 1 1 0 0 1 1 1 0 0 0 1 0 1 1 0 1 1 0 0 1 0 1 0 1 1 1 0 0 0 0 1 1 0 1 0 1 0 1 0 1 0 0 1 1 1 0 1 1 1 1 1 1 1 0 0 1 1 1 0 0 0 1 1 1 1 1 1 0 1 0 29486.0 25777.0 6 0.21849435892194502
1 0 1 1 1 1 0 1 0 1 0 0 0 1 0 0 0 1 0 1 0 0 1 0 0 0 1 1 0 1 1 1 0 0 1 1 1 0 0 0 1 1 1 1 0 1 1 0 0 1 0 1 0 1 1 1 0 0 0 0 1 1 1 1 0 1 0 1 0 0 0 0 1 1 1 0 1 1 1 0 1 1 1 0 0 1 1 1 0 0 0 1 1 1 0 1 0 0 1 0 29907.0 25635.0 6 0.2031929690126351
1 0 1 1 1 0 1 0 0 0 0 1 0 1 0 0 1 1 0 0 0 0 1 0 1 1 1 0 1 1 0 1 1 0 1 1 1 0 0 0 1 1 1 1 0 1 1 0 0 1 0 1 0 1 1 1 0 0 0 0 1 1 1 1 0 1 0 1 0 0 0 0 1 1 1 0 1 1 1 0 1 1 0 0 0 1 1 1 0 0 0 1 1 1 0 1 0 0 1 1 29909.0 25507.0 6 0.07663469277618083
1 0 1 1 1 0 1 0 0 0 0 1 0 0 0 0 0 1 0 1 0 0 1 0 1 1 1 0 1 1 1 1 0 0 1 1 1 0 0 0 1 1 1 1 0 1 1 0 0 1 0 1 0 1 1 1 0 0 0 0 1 1 1 1 0 1 0 1 0 0 0 0 1 1 1 0 1 1 1 0 1 1 1 0 0 1 1 1 0 0 0 1 1 1 0 1 0 0 1 0 29961.0 25456.0 6 0.16812367415796237
1 0 1 1 1 0 1 0 0 0 0 1 0 1 0 0 0 1 0 1 0 0 1 0 0 0 1 1 0 1 1 1 0 0 0 1 1 0 0 0 1 0 1 1 0 1 1 0 0 1 0 1 0 1 1 1 0 0 0 1 1 1 1 1 0 1 0 1 0 1 0 0 1 1 1 0 1 1 1 1 1 1 1 0 0 1 1 1 0 0 0 1 1 1 0 1 0 0 1 0 30198.0 25239.0 6 0.2275744736281677
0 0 1 1 0 0 0 1 0 1 0 0 0 1 0 0 0 1 0 1 0 0 1 0 0 0 1 1 0 1 1 1 0 0 1 1 1 0 0 0 1 0 1 1 1 1 1 0 1 0 1 0 0 1 0 1 1 0 0 0 1 1 1 1 0 1 0 1 0 1 0 0 1 1 1 0 1 1 1 1 1 1 1 0 0 1 1 1 0 0 0 1 1 1 1 1 0 0 1 0 30237.0 25009.0 6 0.18649063169836108
1 0 1 1 1 0 1 1 0 0 0 1 0 1 1 0 1 1 0 1 0 0 0 0 0 0 1 1 0 1 1 0 0 0 1 1 1 0 0 0 1 1 0 1 0 0 1 0 1 1 1 0 0 1 1 1 0 0 1 0 1 1 1 1 0 0 0 1 0 0 0 0 1 1 1 0 1 1 1 0 1 1 1 0 0 1 1 1 0 0 1 1 1 1 0 1 0 0 1 0 30441.0 24885.0 6 0.3233759584902769
1 0 1 1 1 0 1 1 1 1 0 1 1 1 1 0 0 1 1 1 0 0 0 0 0 0 1 1 0 1 1 0 0 0 1 1 1 0 0 0 1 1 0 1 0 0 1 0 1 0 1 0 0 1 1 1 0 0 0 0 1 1 1 1 0 0 0 1 0 0 0 0 1 1 1 0 1 1 1 0 1 1 1 0 0 1 1 1 1 0 0 0 1 1 0 1 0 0 1 0 30546.0 24313.0 6 0.4786566701891851
1 0 0 0 0 0 0 1 1 0 0 0 1 1 1 0 0 0 0 0 1 0 1 1 1 1 1 1 0 1 0 1 0 0 0 0 0 0 0 0 1 1 1 1 0 1 1 0 0 1 0 1 0 1 1 1 0 0 1 0 1 1 1 1 0 1 0 1 0 0 0 0 1 1 1 0 1 1 1 1 1 1 1 0 0 1 1 1 0 0 0 1 1 1 1 1 0 0 1 0 30606.0 23641.0 6 2000000000000000.0
0 1 1 1 1 0 1 1 0 1 0 0 0 1 0 0 0 1 0 1 0 0 1 0 0 0 1 1 0 1 1 1 0 0 0 1 1 0 0 0 1 0 1 1 0 1 1 0 0 1 0 1 1 1 0 0 1 1 1 0 1 0 0 0 0 1 0 1 0 1 1 0 1 1 1 0 1 0 1 0 1 0 0 1 1 0 0 0 0 0 1 0 0 1 1 1 1 0 0 0 24780.0 26482.0 7 2000000000000000.0
0 0 0 0 1 1 0 1 0 1 0 0 0 1 0 0 0 1 0 1 1 0 1 0 0 0 1 1 0 1 1 1 0 0 1 1 1 0 0 0 0 1 1 1 0 1 1 0 0 1 0 1 1 1 0 0 1 1 1 0 1 0 0 0 1 1 0 1 0 1 0 0 1 1 1 0 1 1 0 0 1 0 1 0 1 0 1 1 0 0 1 0 1 1 1 1 1 0 0 0 26256.0 26371.0 7 0.40127002730984845
1 0 1 1 1 0 1 0 0 0 0 1 0 1 0 0 0 1 0 0 0 0 1 0 1 1 1 0 1 1 0 1 1 0 1 1 1 0 1 1 0 1 0 1 1 0 0 1 0 0 0 1 0 1 0 0 1 1 1 0 1 0 0 0 1 1 0 1 0 1 0 0 1 1 1 0 1 1 0 0 1 0 1 0 1 0 1 1 0 1 1 0 1 1 1 1 1 0 0 0 26598.0 26271.0 7 0.40660631923817037
0 0 0 0 1 1 0 1 0 1 0 0 0 1 0 0 0 1 0 1 1 0 1 0 0 0 0 1 0 1 1 1 0 0 1 1 1 0 0 0 1 1 1 1 0 1 1 0 0 1 0 1 1 1 0 0 1 1 1 0 1 0 0 0 1 1 0 1 0 1 0 0 1 1 1 0 1 1 1 0 1 1 1 0 0 1 1 1 0 0 0 1 1 1 0 1 0 0 1 0 28026.0 26122.0 7 0.5024087365467316
1 0 1 1 1 0 1 0 0 0 0 1 0 1 0 0 0 1 0 1 0 0 1 0 1 1 1 0 1 1 1 1 0 0 1 1 1 0 0 0 1 1 1 1 0 1 1 0 0 1 0 1 0 1 1 1 0 0 0 0 1 1 1 1 0 1 0 1 0 0 0 0 1 1 1 0 1 1 1 0 1 1 1 0 0 1 1 0 0 0 1 0 1 0 1 1 0 1 0 0 28891.0 26015.0 7 0.44228572322555615
0 0 0 0 1 1 0 1 0 1 0 0 0 1 0 1 0 1 0 1 0 0 1 0 0 0 1 1 0 1 1 1 0 0 1 1 1 0 0 0 1 0 1 1 0 1 1 0 0 1 0 1 0 1 1 1 0 0 0 0 1 1 1 0 0 1 0 1 0 1 0 0 1 1 1 0 1 1 1 1 1 1 1 0 0 1 1 1 0 0 0 1 1 1 1 1 0 0 1 0 29184.0 25477.0 7 0.29519481454947266
1 0 1 1 1 0 1 0 0 0 0 1 0 0 0 0 1 1 0 1 0 0 1 0 1 1 1 0 1 1 0 1 1 0 1 1 1 0 0 1 0 1 0 1 1 0 1 0 0 1 0 1 0 1 0 1 0 0 0 0 1 1 1 1 0 1 0 1 0 0 0 0 1 1 1 0 1 1 1 0 1 1 1 0 1 1 1 1 0 0 0 1 1 1 0 1 0 0 1 0 29306.0 25410.0 7 0.07835715843204237
1 0 1 0 1 0 1 1 0 1 0 0 0 1 0 0 0 1 0 1 0 0 1 0 0 0 1 1 0 1 1 1 0 0 1 1 1 0 0 0 1 0 1 1 0 1 1 0 0 1 0 1 0 1 1 1 0 0 1 0 1 1 1 1 0 1 0 1 0 0 0 0 0 1 1 0 1 1 1 0 1 0 0 0 0 1 1 1 1 0 0 0 1 1 1 1 0 1 1 0 29361.0 25349.0 7 0.0639675136883346
1 0 1 1 1 0 1 0 0 0 0 1 0 1 0 0 1 1 0 0 0 0 1 0 1 1 1 0 1 1 0 1 1 0 1 1 1 0 1 1 0 1 0 1 1 0 0 1 0 0 0 1 1 1 0 0 1 1 1 0 1 0 1 1 0 0 0 1 0 0 0 0 1 1 1 0 1 1 1 0 1 1 1 0 0 1 1 1 0 0 0 0 1 1 0 1 0 0 1 1 29431.0 25296.0 7 0.14428019997894131
0 0 0 0 1 1 0 1 0 1 0 0 0 1 0 1 0 1 0 1 0 0 1 0 0 0 1 1 0 1 1 1 0 0 1 1 1 0 0 0 1 0 1 1 0 1 1 0 0 1 0 1 0 1 1 1 0 0 0 0 1 1 1 1 0 1 0 1 0 1 0 0 1 1 1 0 1 1 1 1 1 1 1 0 0 1 1 1 0 0 0 1 1 1 0 1 0 0 1 0 29877.0 25206.0 7 0.19591593948482006
0 0 0 0 1 1 0 1 0 1 0 0 0 1 0 1 0 1 0 1 0 0 1 0 1 0 1 1 0 1 1 1 0 0 1 1 1 0 0 0 1 0 0 1 0 0 1 0 1 0 1 1 0 1 0 1 0 0 1 0 1 1 1 1 0 0 0 1 0 1 0 0 1 1 1 0 1 1 1 0 1 1 1 0 0 1 1 1 0 0 1 1 1 1 0 1 0 0 1 0 30050.0 25062.0 7 0.21862050511012054
0 0 1 1 1 0 1 1 0 0 0 1 0 1 1 0 1 1 0 1 0 0 0 0 0 0 1 1 0 1 1 0 0 0 1 1 1 0 0 0 1 1 0 1 0 0 1 0 1 1 1 0 0 1 1 1 0 0 1 0 1 1 1 1 0 0 0 1 0 0 0 0 1 1 1 0 1 1 1 0 1 1 1 0 0 1 1 1 0 0 1 1 1 1 0 1 0 0 1 0 30125.0 24729.0 7 0.39695129562926823
1 0 0 0 0 0 0 1 1 0 0 0 1 1 1 0 0 0 0 0 1 0 1 1 1 1 1 1 0 1 0 1 0 0 0 1 0 0 0 0 1 1 1 1 0 1 1 0 0 1 0 1 0 1 1 1 0 0 1 0 1 1 1 1 0 1 0 1 0 0 0 0 1 1 1 0 1 1 1 0 1 1 1 0 0 1 1 1 0 0 0 1 1 1 0 1 0 0 1 0 30158.0 24029.0 7 0.3123035158629455
1 0 0 0 0 0 0 1 1 0 0 0 1 1 1 0 0 0 0 0 1 0 1 1 1 1 1 1 0 1 0 1 0 0 0 1 0 0 0 0 1 1 1 1 0 1 1 0 0 1 0 1 0 1 1 1 0 0 1 0 1 1 1 1 0 1 0 1 0 0 0 0 1 1 1 0 1 1 1 0 1 1 1 0 0 1 1 1 1 0 0 0 1 1 0 1 0 0 1 0 30355.0 23987.0 7 0.144291672791471
0 0 0 0 0 1 0 1 0 1 0 0 0 1 0 1 0 1 0 1 0 0 1 0 0 0 1 1 0 1 1 1 0 0 1 0 1 0 0 0 1 1 1 1 0 0 1 0 1 1 1 0 0 1 1 1 0 0 1 0 1 1 1 1 0 0 0 1 0 0 0 0 1 1 1 0 1 1 1 1 1 1 1 0 0 1 1 1 0 0 1 1 1 1 0 1 0 0 1 0 30389.0 23747.0 7 2000000000000000.0
1 0 1 1 1 0 1 0 0 0 0 1 0 1 0 1 0 1 0 1 0 0 1 0 0 0 1 1 0 1 0 1 1 0 1 1 1 0 0 0 1 0 1 1 0 1 1 0 0 1 0 1 0 1 1 1 0 0 0 0 1 0 0 0 0 1 0 1 0 1 1 0 1 1 0 0 1 0 1 0 1 0 0 1 1 0 0 0 0 0 1 0 1 1 1 1 1 0 0 0 23358.0 26248.0 8 2000000000000000.0
0 0 0 0 0 1 0 1 0 1 0 0 0 1 0 1 0 1 1 1 0 0 1 0 0 0 1 1 0 1 1 1 0 0 1 1 1 0 0 0 0 1 1 1 0 1 1 0 0 1 0 1 1 1 0 0 1 1 1 0 1 0 0 0 1 1 0 1 0 1 0 0 1 1 1 0 1 1 0 0 1 0 1 0 1 0 1 1 0 0 1 0 1 1 1 1 1 0 0 0 25886.0 26196.0 8 0.5981722858188182
1 0 1 0 1 0 1 1 0 0 0 1 0 1 1 0 1 1 0 1 0 0 0 0 0 0 1 1 0 1 1 0 0 0 1 1 1 0 0 0 1 1 0 1 0 0 1 0 1 1 0 1 1 1 0 0 0 1 1 0 1 0 0 0 1 0 0 1 0 1 0 0 1 1 1 0 1 1 0 0 1 0 1 1 1 0 1 1 0 0 0 0 1 1 1 1 1 0 1 0 27056.0 26057.0 8 0.3702644399142683
0 1 1 1 1 0 1 1 0 1 0 0 0 1 0 0 0 1 0 1 0 0 1 0 0 0 1 1 0 1 1 1 0 0 0 1 1 0 0 0 1 0 1 1 0 1 1 0 0 1 0 1 0 1 0 0 1 1 1 0 1 0 0 0 0 0 0 1 0 1 1 0 1 1 0 0 1 1 1 1 1 1 1 0 1 1 1 1 0 0 0 0 1 1 0 1 0 0 1 0 27899.0 25970.0 8 0.32690220061679287
1 0 1 1 1 0 1 0 0 0 0 1 0 0 0 0 1 1 0 0 0 0 1 0 1 1 1 0 1 1 0 1 1 0 1 1 1 0 1 1 0 1 0 1 1 0 0 1 0 0 0 1 1 1 0 0 1 1 1 0 1 1 1 1 0 1 0 0 0 0 0 0 1 1 1 0 1 1 1 0 1 1 1 0 0 1 1 1 0 0 0 1 1 1 0 1 1 0 1 0 28558.0 25750.0 8 0.3787776906591298
1 0 1 0 1 0 1 1 0 0 0 1 0 1 1 1 1 1 0 1 0 0 0 0 0 0 1 1 0 1 1 0 0 0 1 1 1 0 0 0 1 0 1 1 0 1 1 0 0 1 0 1 1 1 1 1 0 0 1 0 1 1 1 1 0 1 0 1 0 0 0 0 0 1 1 0 1 1 1 0 1 0 0 0 0 1 1 1 1 0 0 0 1 1 1 1 0 1 1 0 29111.0 25408.0 8 0.23890031885420893
1 0 1 0 1 0 1 1 0 1 0 0 0 1 0 0 0 1 0 1 0 0 1 0 0 0 1 1 0 1 1 1 0 0 1 1 1 0 0 0 1 1 0 1 0 0 1 0 1 1 1 0 0 1 1 1 0 0 0 0 1 1 1 1 0 1 0 1 0 0 0 0 1 1 1 0 1 1 1 0 1 1 1 0 0 1 1 1 0 0 0 0 1 1 1 1 1 0 0 0 29152.0 25329.0 8 0.06137875699126878
1 0 1 1 1 0 1 0 0 0 0 1 0 0 0 0 0 1 0 1 0 0 1 0 1 1 1 0 1 1 0 1 1 0 1 1 1 0 0 1 0 1 0 1 1 0 0 1 0 0 0 1 1 1 0 0 1 1 1 0 1 1 1 1 0 0 0 1 0 0 0 0 1 1 1 0 1 1 1 0 1 1 1 0 0 1 1 1 0 0 0 1 1 1 1 1 0 0 1 0 29200.0 25275.0 8 0.0832782917777406
1 0 0 1 0 0 0 1 1 0 0 1 0 0 0 0 1 1 0 0 0 0 1 0 1 1 1 0 1 1 0 1 1 0 1 1 1 0 1 1 0 1 0 1 1 0 0 1 0 0 0 1 1 1 0 0 1 1 1 0 1 1 1 1 0 1 0 0 0 0 0 0 1 1 1 0 1 1 1 0 1 1 1 0 0 1 1 1 1 0 0 1 1 1 0 1 1 0 1 0 29361.0 25183.0 8 0.12638889760074992
1 0 1 1 1 0 1 0 0 0 0 1 0 0 0 0 1 1 0 0 0 0 1 0 1 1 1 1 0 1 1 1 0 0 1 1 1 0 0 0 1 1 1 1 0 1 1 0 0 1 0 1 0 1 1 1 0 0 0 0 1 1 1 1 0 1 0 1 0 0 0 0 1 1 1 0 1 1 1 0 1 1 1 0 0 1 1 1 1 0 0 1 1 1 0 1 0 0 1 0 29762.0 25149.0 8 0.177863519941452
0 0 0 0 1 1 0 1 0 1 0 0 0 1 0 0 0 1 0 1 1 0 1 0 0 0 1 1 0 1 1 1 0 0 1 1 1 0 0 0 1 1 1 1 0 1 1 0 0 1 0 1 0 1 1 1 0 0 0 0 1 1 1 1 0 1 0 1 0 0 0 0 1 1 1 0 1 1 1 0 1 1 1 0 0 1 1 1 1 0 0 1 1 1 0 1 0 0 1 0 30040.0 24962.0 8 0.37658402592649415
0 1 1 1 1 0 1 1 0 1 0 0 0 1 0 0 1 1 0 1 0 0 0 0 0 0 1 1 0 1 1 0 0 0 1 1 1 0 0 0 1 1 0 1 0 0 1 0 1 1 1 0 0 1 1 1 0 0 1 0 1 1 1 1 0 0 0 1 0 0 0 0 1 1 1 0 1 1 1 0 1 1 1 0 0 1 1 1 0 0 1 1 1 1 0 1 0 0 1 0 30075.0 24242.0 8 0.298390518007412
0 0 1 1 0 0 0 1 0 1 0 0 0 1 0 0 0 1 0 1 0 0 1 0 0 0 1 1 0 1 1 1 0 0 1 1 1 0 0 0 1 0 1 1 1 1 1 0 1 0 1 0 0 1 0 1 1 0 0 0 1 1 1 1 0 1 0 1 0 0 0 0 1 1 1 1 1 1 1 0 1 1 1 0 0 1 1 1 1 0 0 1 1 1 0 1 0 0 1 0 30113.0 24175.0 8 0.30643662119072745
1 0 1 0 1 0 1 1 0 0 0 1 1 1 1 0 1 1 0 1 0 0 0 0 1 1 1 0 1 1 0 0 0 0 0 1 0 0 0 0 1 1 1 1 0 0 1 0 0 1 0 1 0 1 1 1 0 0 0 1 1 1 1 1 0 1 0 1 0 0 0 0 1 1 1 0 1 1 1 1 1 1 0 0 0 1 1 1 0 0 0 0 1 1 0 1 0 0 1 0 30358.0 23515.0 8 2000000000000000.0
1 0 1 0 1 0 1 0 0 1 0 1 1 0 1 1 0 1 1 1 0 0 1 1 0 1 0 0 0 0 1 1 1 0 1 1 1 0 1 1 0 1 0 1 1 0 0 1 0 0 0 1 1 1 0 0 1 1 1 0 1 0 0 0 0 1 0 1 0 1 1 0 1 1 0 0 1 0 1 0 1 0 0 1 1 0 0 0 0 0 1 0 1 1 1 1 1 0 0 0 24914.0 26185.0 9 2000000000000000.0
1 0 1 0 1 0 0 1 0 0 1 1 1 0 0 0 1 1 1 1 0 0 1 1 1 1 1 0 1 1 0 0 0 0 0 1 0 0 0 0 1 1 1 1 0 0 1 0 0 1 0 1 0 1 1 1 0 0 0 1 1 1 1 1 0 1 0 1 0 0 0 0 1 1 1 0 1 1 1 1 1 1 1 0 0 1 1 1 0 0 0 0 1 1 0 1 0 0 1 0 30286.0 23441.0 9 2000000000000000.0
1 0 1 1 1 0 1 1 0 0 0 1 0 1 1 0 1 1 0 1 0 0 0 0 1 0 1 1 0 1 1 0 0 0 1 1 0 0 0 0 1 1 0 1 0 0 1 0 1 1 1 0 0 1 1 1 0 0 1 0 1 1 1 1 0 0 0 1 0 0 0 0 1 1 1 0 1 1 1 0 1 1 1 0 0 1 1 1 0 0 1 1 1 1 0 1 0 0 1 0 30035.0 24492.0 9 0.5380200000433997
0 0 0 0 1 1 0 1 0 1 0 0 0 1 0 1 0 1 0 1 0 0 1 0 0 0 1 1 0 1 1 1 0 0 1 1 1 0 0 1 1 1 1 1 0 1 1 0 0 1 0 1 0 1 1 1 0 0 0 0 1 1 1 1 0 1 0 1 0 0 0 0 1 1 0 0 1 0 1 0 1 0 0 1 1 0 0 0 0 0 0 0 1 1 1 1 1 0 0 0 25626.0 25976.0 9 0.48090411571499153
1 0 1 1 1 0 1 0 0 0 0 0 0 0 0 0 0 1 0 1 0 0 1 0 1 1 1 0 1 1 1 1 1 0 1 1 1 0 0 0 1 0 1 1 0 1 1 0 0 1 0 1 0 1 0 0 1 1 1 0 1 0 0 0 0 0 0 1 0 1 1 0 1 1 0 0 1 1 1 1 1 1 1 0 1 1 1 1 0 0 0 0 1 1 0 1 0 0 1 0 27825.0 25474.0 9 0.4397276993980126
1 0 1 1 1 0 1 0 0 0 0 1 0 1 0 0 1 1 0 0 0 0 1 0 1 1 1 0 1 1 0 1 1 0 1 1 1 0 1 1 0 1 0 1 1 0 0 1 0 0 0 1 1 1 0 0 1 1 1 0 1 0 0 0 1 1 0 1 0 1 0 0 1 1 1 0 1 1 0 0 1 0 1 0 1 0 1 1 0 0 0 0 1 1 0 1 1 0 1 0 26961.0 25911.0 9 0.38886250702811986
1 0 0 1 0 0 0 1 1 1 0 0 0 1 0 0 0 1 0 1 0 0 1 0 0 0 1 1 0 1 1 1 0 0 1 1 1 0 0 0 1 1 1 1 0 1 1 0 0 1 0 1 0 1 1 1 0 0 0 0 1 1 1 1 0 1 0 0 0 0 0 0 1 1 1 0 1 1 1 0 1 1 1 0 0 1 1 1 0 0 0 1 1 1 0 1 1 0 1 0 29095.0 25357.0 9 0.35980920397091076
0 0 0 0 1 1 0 1 0 1 0 0 0 1 0 1 0 1 0 1 0 0 1 0 1 0 1 1 0 1 1 1 0 0 1 1 1 0 0 0 1 1 0 1 0 0 1 1 1 0 1 1 0 1 1 1 0 0 0 0 1 0 1 1 0 0 0 1 0 0 0 0 1 1 1 0 1 1 1 0 1 1 1 0 0 1 1 1 0 0 0 0 1 1 0 1 0 0 1 1 29670.0 24811.0 9 0.20742772696781517
0 0 0 0 1 1 0 1 0 1 0 0 0 1 0 1 0 1 0 1 0 0 1 0 0 0 1 1 0 1 1 1 0 0 1 1 1 0 0 0 1 0 1 1 0 1 1 0 0 1 0 1 0 1 0 0 1 0 1 0 1 0 0 0 0 0 0 1 0 1 1 0 1 1 0 0 1 1 1 1 1 1 1 0 1 1 1 1 0 0 0 1 1 1 0 1 0 0 1 0 27510.0 25754.0 9 0.20342684994431154
0 0 0 0 1 1 0 1 0 1 0 0 0 1 0 1 0 1 0 1 0 0 1 0 0 0 1 1 0 1 1 1 0 0 1 1 1 0 0 0 1 0 1 1 0 1 1 0 0 1 0 1 0 1 1 1 0 0 0 0 1 1 1 1 0 1 0 1 0 1 0 0 1 1 1 0 1 1 1 0 1 1 1 0 0 1 1 1 1 0 0 0 1 1 0 1 0 0 1 0 29359.0 25013.0 9 0.1892088661866138
0 0 0 0 1 1 0 1 0 1 0 0 0 1 0 1 0 1 0 1 0 0 1 0 1 0 1 1 0 1 1 1 0 0 1 1 1 0 0 0 1 1 0 1 0 0 1 0 1 0 1 1 0 1 0 1 0 0 0 0 1 1 1 1 0 1 0 1 1 0 0 0 1 1 1 0 1 1 1 0 1 1 1 0 0 1 1 1 0 0 0 1 1 1 0 1 0 0 1 0 29700.0 24618.0 9 0.18419854379364226
