1 0 1 1 1 0 1 1 1 1 1 1 1 1 0 1 0 1 0 1 0 0 1 0 1 1 0 1 0 1 1 1 0 1 1 1 1 0 0 0 0 1 1 1 1 1 1 1 0 1 0 1 0 1 0 0 1 1 1 0 1 1 1 0 0 1 0 1 0 1 0 0 1 1 1 1 1 1 1 1 1 0 0 1 0 0 0 0 0 0 0 0 1 1 1 1 1 0 0 0 33235.0 33825.0 0 2000000000000000.0
1 0 1 1 1 0 1 1 1 0 1 1 1 1 0 1 0 1 0 1 0 0 1 0 1 1 0 1 0 1 1 1 0 1 1 1 1 0 0 0 0 1 1 1 1 1 1 1 0 1 0 1 0 1 0 0 1 1 1 0 1 1 1 1 0 0 0 1 0 1 0 0 1 1 1 0 1 1 1 1 1 1 0 0 0 1 0 0 0 0 0 0 1 1 1 1 1 1 0 0 33998.0 33586.0 0 0.38311502911903805
1 0 1 1 1 0 1 1 1 0 0 1 1 1 0 1 0 1 0 1 0 0 1 0 1 1 1 1 0 1 1 1 0 1 1 1 1 0 0 0 0 1 1 1 1 1 1 1 0 1 0 1 0 1 0 0 1 1 1 0 1 1 1 1 0 1 0 1 0 1 0 0 1 1 1 1 1 1 1 1 1 0 0 1 0 0 0 0 0 0 0 0 1 1 1 1 1 0 0 0 34140.0 33566.0 0 0.2509784041726243
1 0 1 1 1 0 1 1 1 0 1 1 1 1 1 1 0 1 0 0 0 0 1 0 1 1 1 1 1 1 1 1 0 1 0 1 1 0 0 0 0 1 1 1 1 1 1 1 0 1 0 1 0 1 0 0 1 1 1 0 1 1 1 1 0 0 0 1 0 1 0 0 1 1 1 0 1 1 1 1 1 1 0 0 0 0 0 0 0 0 0 0 1 1 1 1 1 1 0 0 34600.0 33423.0 0 0.31758424358868065
1 0 1 0 1 0 1 1 1 0 1 1 1 1 0 1 0 1 0 1 0 0 1 0 1 1 1 1 0 1 1 1 0 1 0 1 1 0 0 0 0 1 1 1 1 1 1 1 1 1 0 1 0 1 1 0 0 1 1 0 1 1 1 1 0 1 0 1 0 1 0 0 1 1 1 1 1 1 1 1 1 0 0 1 0 0 1 0 0 0 0 0 1 1 1 1 1 0 0 0 34961.0 33403.0 0 0.1410107913268046
1 0 1 1 1 0 1 1 1 0 1 1 1 1 1 1 0 1 0 0 0 0 1 0 1 0 1 1 0 1 1 1 0 1 1 1 1 0 0 0 0 1 1 0 1 1 1 1 1 1 0 1 0 1 0 1 1 1 1 0 1 0 1 1 0 0 0 1 0 1 0 0 1 1 1 0 1 1 1 1 1 1 0 0 0 1 0 0 0 0 0 0 1 1 1 1 1 1 0 0 34976.0 33359.0 0 0.1381865423064747
1 0 1 1 1 0 1 1 1 0 1 1 1 1 1 1 0 1 0 0 0 0 1 0 1 0 1 1 0 1 1 1 0 1 1 1 1 0 1 0 0 1 1 0 1 1 1 1 1 1 0 1 0 1 0 0 0 1 1 0 1 1 1 0 0 1 0 1 0 1 0 0 1 1 1 0 1 1 1 1 1 1 0 0 0 1 1 0 1 0 0 0 1 1 1 1 1 0 0 0 35073.0 33153.0 0 0.2230463837553411
1 0 1 1 1 0 1 1 1 0 1 1 1 1 1 1 0 1 0 0 0 0 1 0 1 0 1 1 0 1 1 1 0 1 1 1 1 0 0 0 0 1 1 0 1 1 1 1 1 1 0 1 0 1 0 0 1 1 1 0 1 0 1 1 0 1 0 1 0 1 0 0 1 1 1 0 1 1 1 1 1 1 0 0 0 1 1 0 1 0 0 0 1 1 1 1 1 0 0 0 35341.0 33090.0 0 0.15552610884961204
1 0 1 1 1 0 1 1 1 0 1 1 1 1 0 1 0 1 0 1 0 0 1 0 1 1 0 1 0 1 1 1 0 1 1 1 1 0 0 0 0 1 1 0 1 1 1 1 1 1 0 1 0 1 0 0 0 0 1 0 1 0 1 1 0 0 1 1 1 1 0 0 1 1 1 0 1 1 1 1 1 1 0 0 0 1 1 0 1 0 0 0 1 1 1 1 1 0 0 0 35368.0 32995.0 0 0.18031429017308592
1 0 1 1 1 0 1 1 1 0 1 1 1 1 1 1 0 1 0 0 0 0 1 0 1 0 1 1 0 1 1 1 0 1 1 1 1 0 0 0 0 1 1 0 1 1 1 1 1 1 0 1 0 1 0 0 0 1 1 0 1 0 1 0 0 1 0 1 0 1 0 0 1 1 1 1 1 1 1 1 1 1 1 0 0 1 1 0 1 0 0 0 1 1 1 1 1 0 0 0 35534.0 32798.0 0 0.21472234804840257
1 0 1 1 1 0 1 1 1 0 0 1 1 1 0 1 0 1 0 1 0 0 1 0 1 1 1 1 0 1 1 1 0 1 1 1 1 0 0 0 0 1 1 0 1 1 1 1 1 1 0 1 0 1 1 0 0 1 1 0 1 0 1 1 0 1 0 1 0 1 0 0 1 1 1 0 1 1 1 1 1 1 0 0 0 1 1 0 1 0 0 0 1 1 1 1 1 0 0 0 35707.0 32727.0 0 0.18104264646420967
1 0 1 1 1 0 1 1 1 0 0 1 1 1 0 1 0 1 0 1 0 0 1 0 1 1 1 1 0 1 1 1 0 1 1 1 1 0 0 0 0 1 1 0 1 1 1 1 1 1 0 1 0 1 0 0 0 0 1 0 1 1 1 1 0 1 0 1 0 1 0 0 1 1 1 0 1 1 1 1 1 1 1 0 0 1 1 0 0 0 0 0 1 1 1 1 1 0 0 0 35765.0 32532.0 0 0.19512779042794726
1 0 1 0 1 0 1 1 1 1 1 1 1 1 0 1 0 1 0 1 0 0 1 0 1 1 1 1 0 1 1 1 0 1 1 1 1 0 0 0 0 1 1 0 1 1 1 1 1 1 0 1 0 1 1 0 0 1 1 0 1 0 1 1 0 1 0 1 0 1 0 0 1 1 1 0 1 1 1 1 1 1 0 0 0 1 1 0 1 0 0 0 1 1 1 1 1 0 0 0 36061.0 32517.0 0 0.3290970864734867
1 0 1 0 1 0 1 1 1 0 1 1 1 1 0 1 0 1 0 1 0 0 1 0 1 1 1 1 0 1 1 1 0 1 0 1 1 0 0 0 0 1 1 1 1 1 1 1 1 1 0 1 0 1 1 0 0 1 1 0 1 1 1 1 0 1 0 1 0 1 0 0 1 1 1 0 1 1 1 1 1 1 0 0 0 1 1 0 1 0 0 0 1 1 1 1 0 0 1 0 36250.0 32096.0 0 0.3603671321053229
1 0 1 1 1 0 1 1 1 0 0 1 1 1 0 1 0 1 0 1 0 0 1 0 1 1 1 1 0 1 1 1 0 1 1 1 1 0 0 0 0 1 1 0 1 1 1 1 1 1 0 1 0 1 1 0 0 1 1 0 1 0 1 1 0 1 0 1 0 1 0 0 1 1 1 0 1 1 1 1 1 1 0 0 0 1 1 0 1 0 0 0 1 1 1 1 0 0 1 0 36327.0 31846.0 0 0.22639783605978347
1 0 1 1 1 0 1 1 1 0 0 1 1 1 0 1 0 1 0 1 0 0 1 0 1 1 1 1 0 1 1 1 0 1 1 1 1 0 0 0 0 1 1 0 1 1 1 1 1 1 0 1 0 1 0 0 0 0 1 0 1 1 1 1 0 1 0 1 0 1 0 0 1 1 1 0 1 1 1 1 1 1 1 0 0 1 1 0 0 0 0 0 1 1 1 1 0 0 1 0 36385.0 31651.0 0 0.23537080555444845
0 0 1 0 1 0 1 1 1 1 1 1 1 1 0 1 0 1 0 1 0 0 1 0 1 1 1 0 1 1 1 1 0 1 1 1 1 0 0 0 0 1 1 0 1 1 1 1 1 1 0 1 0 1 1 0 0 0 1 0 1 0 1 1 0 1 0 1 0 1 0 0 1 1 1 0 1 1 1 1 1 1 0 0 0 1 1 0 1 0 0 0 1 1 1 1 0 0 1 0 36523.0 31424.0 0 2000000000000000.0
1 0 1 1 1 0 1 1 1 0 1 1 1 1 0 1 0 1 0 1 0 0 1 0 0 1 0 1 0 1 1 1 0 1 1 1 1 0 0 0 0 1 1 1 1 1 1 1 0 1 0 1 0 1 0 0 1 1 1 0 1 0 1 1 0 1 0 1 0 1 0 0 1 1 1 0 1 1 1 0 1 0 0 1 1 0 0 0 0 0 0 0 1 1 1 1 1 0 0 0 31253.0 33794.0 1 2000000000000000.0
1 0 1 1 1 0 1 1 1 0 0 1 1 1 0 1 0 1 0 1 1 0 1 0 1 0 1 1 0 1 1 1 0 1 0 1 1 0 0 0 0 1 1 1 1 1 1 1 0 1 0 1 0 1 0 0 1 1 1 0 1 1 1 0 0 1 0 1 0 1 0 0 1 1 1 1 1 1 1 1 1 0 0 1 1 0 0 0 0 0 0 0 1 1 1 1 1 0 0 0 32707.0 33776.0 1 0.3201856879892283
1 0 1 0 1 0 1 1 1 1 1 1 1 1 0 1 0 1 0 1 0 0 1 0 1 1 0 1 0 1 1 1 0 1 1 1 1 0 0 0 0 1 1 1 1 1 1 1 0 1 0 1 0 1 0 0 1 1 1 0 1 1 1 0 0 1 0 1 0 1 0 0 1 1 1 1 1 1 1 1 1 0 0 1 1 0 0 0 0 0 0 0 1 1 1 1 1 0 0 0 32802.0 33750.0 1 0.25928328520414984
1 0 1 1 1 0 1 1 1 0 0 1 1 1 0 1 0 1 0 1 0 0 1 0 1 1 1 1 0 1 1 1 0 1 1 1 1 0 0 0 0 1 1 1 1 1 1 1 0 1 0 1 0 1 0 0 1 1 1 0 1 1 1 0 0 1 0 1 0 1 0 0 1 1 1 1 1 1 1 1 1 0 0 1 0 0 0 0 0 0 0 0 1 1 1 1 1 0 0 0 33280.0 33421.0 1 0.5044872976660013
1 0 1 0 1 0 1 1 1 1 1 1 1 1 1 1 0 1 0 0 0 0 1 0 1 0 1 1 0 1 1 1 0 1 1 1 1 0 0 0 0 1 1 1 1 1 1 1 1 1 0 1 0 1 0 0 1 1 1 0 1 0 1 1 0 0 0 1 0 1 0 0 1 1 1 0 1 1 1 1 1 1 0 0 0 1 0 0 0 0 0 0 1 1 1 1 1 1 0 0 34503.0 33334.0 1 0.3759297669256647
1 0 1 1 1 0 1 1 1 0 0 1 1 1 1 1 0 1 0 0 0 0 1 0 1 0 1 1 1 1 1 1 0 1 1 1 1 0 0 0 0 1 1 0 1 1 1 1 1 1 0 1 0 1 0 0 1 1 1 0 1 0 1 1 0 0 0 1 0 1 0 0 1 1 1 0 1 1 1 1 1 1 0 0 0 1 0 0 0 0 0 0 1 1 1 1 1 1 0 0 34763.0 33212.0 1 0.2700784558901805
1 0 1 1 1 0 1 1 1 0 0 1 1 1 0 1 0 1 0 1 0 0 1 0 1 1 1 1 0 1 1 1 0 1 1 1 1 0 0 0 0 1 1 0 1 1 1 1 1 1 0 1 0 1 1 0 0 0 1 0 1 0 1 1 0 1 0 1 0 1 0 1 1 1 1 1 1 1 1 1 1 0 0 1 0 0 0 0 0 0 0 0 1 1 1 1 1 0 0 0 35285.0 33051.0 1 0.28091811584307225
1 0 1 0 1 0 1 1 1 1 1 1 1 1 0 1 0 1 0 1 0 0 1 0 1 1 1 1 0 1 1 1 0 1 1 1 1 0 0 0 0 1 1 0 1 1 1 1 1 1 0 1 0 1 0 0 1 1 1 0 1 0 1 1 0 0 0 1 0 1 0 0 1 1 1 0 1 1 1 1 1 1 0 0 0 1 0 0 0 0 0 0 1 1 1 1 1 1 0 0 35319.0 32797.0 1 0.18148225433354326
1 0 1 1 1 0 1 1 1 0 0 1 1 1 0 1 0 1 0 1 0 0 1 0 1 1 1 1 0 1 1 1 0 1 1 1 1 0 0 0 0 1 1 0 1 1 1 1 1 1 0 1 0 1 0 0 0 0 1 0 1 1 1 1 0 1 0 1 0 1 0 0 1 1 1 0 1 1 1 1 1 1 0 0 0 1 0 0 0 0 0 0 1 1 1 1 1 1 0 0 35414.0 32675.0 1 0.12786717725325797
1 0 1 0 1 0 1 1 1 1 1 1 1 1 0 1 0 1 0 1 0 0 1 0 1 1 1 1 0 1 1 1 0 1 1 1 1 0 0 0 0 1 1 0 1 1 1 1 1 1 0 1 0 1 0 0 1 1 1 0 1 0 1 1 0 0 0 1 0 1 0 0 1 1 1 0 1 1 1 1 1 1 1 0 0 1 1 0 0 0 0 0 1 1 1 1 1 0 0 0 35670.0 32654.0 1 0.22194293299340231
1 0 1 1 1 0 1 1 1 0 1 1 1 1 1 1 0 1 0 0 0 0 1 0 1 0 1 1 0 1 1 1 0 1 1 1 1 0 1 0 0 1 1 0 1 1 1 1 1 1 0 1 0 1 0 0 0 1 1 0 1 1 1 0 0 1 0 1 0 1 0 0 1 1 1 0 1 1 1 1 1 1 0 0 0 1 1 0 1 0 0 0 1 1 1 1 0 0 1 0 35693.0 32272.0 1 0.25937736906358055
1 0 1 1 1 0 1 1 1 0 1 1 1 1 1 1 0 1 0 0 0 0 1 0 1 0 1 1 0 1 1 1 0 1 1 1 1 0 0 0 0 1 1 0 1 1 1 1 1 1 0 1 0 1 0 0 1 1 1 0 1 0 1 1 0 0 0 1 0 1 0 0 1 1 1 0 1 1 1 1 1 1 1 0 0 1 1 0 1 0 0 0 1 1 1 1 0 0 1 0 35996.0 32183.0 1 0.2465783985565615
1 0 1 1 1 0 1 1 1 0 0 1 0 1 0 1 0 1 0 1 0 0 1 0 1 1 1 1 0 1 1 1 0 1 1 1 1 0 0 0 0 1 1 0 1 1 1 1 1 1 0 1 0 1 1 0 0 0 1 0 1 0 1 1 0 0 0 1 0 1 0 0 1 1 1 0 1 1 1 1 1 1 1 0 0 1 1 0 1 0 0 0 1 1 1 1 1 0 1 0 36028.0 31836.0 1 0.4057643179061851
1 0 1 1 1 0 1 1 1 0 1 1 1 1 1 1 0 1 0 0 0 0 1 0 1 1 1 1 0 1 1 1 0 1 1 1 1 0 0 0 0 1 1 0 1 1 1 1 1 1 0 1 0 1 1 0 0 1 1 0 1 0 1 1 0 1 0 1 0 1 0 0 1 1 1 0 1 1 1 1 1 1 1 0 0 1 1 0 0 0 0 0 1 1 0 1 0 0 1 0 36384.0 31389.0 1 2000000000000000.0
1 0 1 1 1 1 1 1 1 0 0 1 0 1 0 1 0 1 0 1 0 0 1 0 1 0 1 1 0 1 1 1 0 1 1 1 1 0 0 0 0 1 1 1 1 1 1 1 1 1 0 1 0 1 0 0 1 1 1 0 1 0 1 1 0 1 0 1 0 1 0 0 1 1 1 0 1 1 1 0 1 0 0 1 1 0 0 0 0 0 0 0 1 1 1 1 1 0 0 0 31677.0 33694.0 2 2000000000000000.0
1 0 1 1 1 0 1 1 1 0 1 1 1 1 1 1 0 1 0 0 0 0 1 0 1 0 1 1 0 1 1 1 0 1 0 1 1 0 0 0 0 1 1 1 1 1 1 1 1 1 0 1 0 1 1 0 0 0 1 0 1 1 1 1 0 1 0 1 0 1 0 0 1 1 1 0 1 1 1 0 1 0 0 1 1 0 0 0 0 0 0 0 1 1 1 1 1 0 0 0 32464.0 33595.0 2 0.4462046074567444
1 0 1 0 1 0 1 1 1 1 1 1 1 1 0 1 0 1 0 1 0 0 1 0 1 1 1 1 0 1 1 1 0 1 0 1 1 0 0 0 0 1 1 1 1 1 1 1 1 1 0 1 0 1 1 0 0 0 1 0 1 1 1 1 0 1 0 1 0 1 0 0 1 1 1 0 1 1 1 0 1 0 0 1 1 0 0 0 0 0 0 0 1 1 1 1 1 0 0 0 33262.0 33415.0 2 0.347859157985574
1 0 1 1 1 0 1 1 1 0 1 1 1 1 0 1 0 1 0 1 0 0 1 0 0 1 0 1 0 1 1 1 0 1 1 1 1 0 0 0 0 1 1 1 1 1 1 1 0 1 0 1 0 1 0 0 1 1 1 0 1 1 1 1 0 0 0 1 0 1 0 0 1 1 1 0 1 1 1 1 1 1 0 0 0 1 0 0 0 0 0 0 1 1 1 1 1 1 0 0 33613.0 33328.0 2 0.15663256180219082
1 0 1 1 1 0 1 1 1 0 0 1 1 1 1 1 0 1 0 0 0 0 1 0 0 0 1 1 0 1 1 1 0 1 1 1 1 0 0 0 0 1 1 1 1 1 1 1 1 1 0 1 0 1 0 0 1 1 1 0 1 0 1 1 0 0 0 1 0 1 0 0 1 1 1 0 1 1 1 1 1 1 0 0 0 1 0 0 0 0 0 0 1 1 1 1 1 1 0 0 33764.0 33286.0 2 0.1289206364187247
1 0 1 1 1 1 1 1 1 0 0 1 0 1 0 1 0 1 0 1 0 0 1 0 1 0 1 1 0 1 1 1 0 1 1 1 1 0 0 0 0 1 1 1 1 1 1 1 1 1 0 1 0 1 0 0 1 1 1 0 1 1 1 1 0 0 0 1 0 1 0 0 1 1 1 0 1 1 1 1 1 1 0 0 0 1 0 0 0 0 0 0 1 1 1 1 1 1 0 0 34037.0 33228.0 2 0.18826830608722114
1 0 1 1 1 0 1 1 1 0 1 1 1 1 1 1 0 1 0 0 0 0 1 0 1 0 1 1 0 1 1 1 0 1 0 1 1 0 0 0 0 1 1 1 1 1 1 1 1 1 0 1 0 1 1 0 0 0 1 0 1 1 0 1 0 1 0 1 0 1 0 0 1 1 1 1 1 1 1 1 1 1 0 1 0 0 1 0 0 0 0 0 1 1 1 1 1 0 0 0 34392.0 33145.0 2 0.14909514512851085
1 0 1 0 1 0 1 1 1 1 1 1 1 1 0 1 0 1 0 1 0 0 1 0 1 1 1 1 1 1 1 1 0 1 0 1 1 0 0 0 0 1 1 1 1 1 1 1 0 1 0 1 0 1 0 0 1 1 1 0 1 1 1 1 0 0 0 1 0 1 0 0 1 1 1 0 1 1 1 1 1 1 0 0 0 0 0 0 0 0 0 0 1 1 1 1 1 1 0 0 34553.0 33127.0 2 0.11660187374859184
1 0 1 1 1 0 1 1 1 0 1 1 1 1 1 1 0 1 0 0 1 0 1 0 1 0 1 1 0 1 1 1 0 1 1 1 1 0 0 0 0 1 1 0 1 1 1 1 1 1 0 1 0 1 1 0 0 0 1 0 1 0 1 1 0 1 0 1 0 1 0 0 1 1 1 1 1 1 1 1 1 0 0 1 0 0 0 0 0 0 0 0 1 1 1 1 1 0 0 0 34750.0 33040.0 2 0.1790458356989056
1 0 1 1 1 0 1 1 1 0 1 1 1 1 1 1 0 1 0 0 0 0 1 0 1 0 1 1 0 1 1 1 0 1 1 1 1 0 0 0 0 1 1 0 1 1 1 1 1 1 0 1 0 1 0 0 1 1 1 0 1 0 1 1 0 0 0 1 0 1 0 0 1 1 1 0 1 1 1 1 1 1 1 0 0 1 1 0 0 0 0 0 1 1 1 1 1 0 0 0 34872.0 32834.0 2 0.1900888484341877
1 0 1 1 1 0 1 1 1 0 1 1 1 1 1 1 0 1 0 0 0 0 1 0 1 0 1 1 0 1 1 1 0 1 1 1 1 0 0 0 0 1 1 0 1 1 1 1 1 1 0 1 0 1 0 0 0 1 1 0 1 1 1 0 0 1 0 1 0 1 0 0 1 1 1 0 1 1 1 1 1 1 1 0 0 1 1 0 1 0 0 0 1 1 1 1 1 0 0 0 34996.0 32676.0 2 0.13582544847872038
1 0 1 1 1 0 1 1 1 0 0 1 0 1 1 1 0 1 0 1 0 0 1 0 1 1 0 1 0 1 1 1 0 1 1 1 1 0 0 0 0 1 1 0 1 1 1 1 1 1 0 1 0 1 0 0 0 0 1 0 1 0 1 1 0 0 0 1 0 1 0 0 1 1 1 0 1 1 1 1 1 1 1 0 0 1 1 0 1 0 0 0 1 1 1 1 1 1 0 0 35167.0 32642.0 2 0.1453767889404915
1 0 1 1 1 0 1 1 1 0 0 1 1 1 0 1 0 1 0 1 0 0 1 0 1 1 1 1 0 1 1 1 0 1 1 1 1 0 0 0 0 1 1 0 1 1 1 1 1 1 0 1 0 1 0 0 0 0 1 0 1 0 1 1 0 0 0 1 1 1 0 0 1 1 1 0 1 1 1 1 1 1 0 0 0 1 1 0 1 0 0 0 1 1 1 1 1 0 0 0 35549.0 32606.0 2 0.2909394186621346
1 0 1 1 1 0 1 1 1 0 0 1 1 1 0 1 0 1 0 1 0 0 1 0 1 1 1 1 0 1 1 1 0 1 1 1 1 0 0 0 0 1 1 0 1 1 1 1 1 1 0 1 0 1 0 0 0 0 1 0 1 1 1 1 0 1 0 1 0 1 0 0 1 1 1 0 1 1 1 1 1 1 1 0 0 1 1 0 0 0 0 0 1 1 0 1 1 0 0 0 35598.0 32116.0 2 0.23331491141994026
1 0 1 1 1 0 1 1 1 0 1 1 1 1 1 1 0 1 0 0 0 0 1 0 1 0 1 1 0 1 1 1 0 1 1 1 1 0 0 0 0 1 0 0 1 1 1 1 1 1 0 1 0 1 0 0 0 1 1 0 1 0 1 1 0 1 0 1 0 1 0 0 1 1 1 1 1 1 1 1 1 1 1 0 0 1 1 0 1 0 0 0 1 1 0 1 1 0 0 0 35770.0 32113.0 2 0.12855681984584563
1 0 1 0 1 0 1 1 1 1 1 1 1 1 0 1 0 1 0 1 0 0 1 0 1 1 0 1 0 1 1 1 0 1 1 1 1 0 0 0 0 1 1 0 1 1 1 1 1 1 0 1 0 1 0 0 1 1 1 0 1 0 1 1 0 0 0 1 0 1 0 0 1 1 1 0 1 1 1 1 1 1 1 0 0 1 1 0 1 0 0 0 1 1 1 1 0 0 1 0 35910.0 31953.0 2 0.2198008325212859
1 0 1 0 1 0 1 1 1 1 1 1 1 1 0 1 0 1 0 1 0 0 1 0 1 1 1 1 1 1 1 1 0 1 0 1 1 0 0 0 0 1 1 0 1 1 1 1 1 1 0 1 0 1 1 0 0 1 1 0 1 0 1 0 0 1 0 1 0 1 0 0 1 1 1 0 1 1 1 1 1 1 0 0 0 1 1 0 1 0 0 0 1 1 1 1 0 0 1 0 36021.0 31673.0 2 0.3475195850399024
1 0 1 1 1 0 1 1 1 0 0 1 0 1 0 1 0 1 0 1 0 0 1 0 1 1 1 1 0 1 1 1 0 1 1 1 1 0 1 0 0 1 1 0 1 1 1 1 1 1 0 1 0 1 1 0 0 0 1 0 1 0 1 1 0 1 0 1 0 1 0 0 1 1 1 0 1 1 1 1 1 1 1 0 0 1 1 0 1 0 0 0 1 1 0 1 0 0 1 0 36273.0 31238.0 2 0.3037112695892861
1 0 1 1 1 0 1 1 1 0 0 1 0 1 0 1 0 1 0 1 0 0 1 0 1 1 1 1 0 1 1 1 0 1 1 1 1 0 0 0 0 1 1 0 1 1 1 1 1 1 0 1 0 1 1 1 0 0 1 0 1 0 1 1 0 1 0 1 0 1 0 0 1 1 1 0 1 1 1 1 1 1 1 0 0 1 1 0 1 0 0 0 1 1 0 1 0 0 1 0 36324.0 31040.0 2 2000000000000000.0
1 0 1 1 1 0 1 1 1 0 0 1 1 1 0 1 0 1 0 1 0 0 1 0 1 1 1 1 1 1 1 1 0 1 0 1 1 0 0 0 0 1 1 1 1 1 1 0 0 1 0 1 1 1 0 0 1 1 1 0 1 1 1 1 1 1 0 0 0 1 0 0 1 1 0 0 1 1 1 0 1 0 0 1 1 0 0 0 0 0 0 0 1 1 1 1 1 0 0 0 30656.0 33592.0 3 2000000000000000.0
1 0 1 1 1 0 1 1 1 0 1 1 1 1 1 1 0 1 0 0 0 0 1 0 1 0 1 1 0 1 1 1 0 1 0 1 1 0 0 0 0 1 1 1 1 1 1 1 0 1 0 1 0 1 0 0 1 1 1 0 1 1 1 0 0 1 0 1 0 1 0 0 1 1 1 1 1 1 1 1 1 0 0 1 1 0 0 0 0 0 0 0 1 1 1 1 1 0 0 0 32437.0 33587.0 3 0.5207929310465972
1 0 1 1 1 0 1 1 1 0 0 1 1 1 1 1 0 1 0 0 0 0 1 0 1 0 1 1 0 1 1 1 1 1 0 1 1 0 0 0 0 1 1 1 1 1 1 1 1 1 0 1 0 1 0 0 1 1 1 0 1 0 1 1 0 0 0 1 0 1 0 0 1 1 1 1 1 1 1 1 1 0 0 1 0 0 0 0 0 0 0 0 1 1 1 1 1 0 0 0 33131.0 33395.0 3 0.3359541431415826
1 0 1 1 1 0 1 1 1 0 1 1 1 1 1 1 0 1 0 0 0 0 1 0 1 0 1 1 0 1 1 1 0 1 0 1 1 0 0 0 0 1 1 1 1 1 1 1 1 1 0 1 0 1 1 0 0 0 1 0 1 0 1 1 0 1 0 1 0 1 0 0 1 1 1 1 1 1 1 1 1 0 0 1 0 0 0 0 0 0 0 0 1 1 1 1 1 0 0 0 33665.0 33279.0 3 0.1651734642689633
1 0 1 1 1 0 1 1 1 0 0 1 1 1 1 1 0 1 0 0 0 0 1 0 1 0 1 1 0 1 1 1 1 1 0 1 1 0 0 0 0 1 1 1 1 1 1 1 1 1 0 1 0 1 0 0 1 1 1 0 1 0 1 1 0 0 0 1 0 1 0 0 1 1 1 0 1 1 1 1 1 1 0 0 0 1 0 0 0 0 0 0 1 1 1 1 1 1 0 0 33756.0 33254.0 3 0.1597966666740091
1 0 1 1 1 0 1 1 1 0 1 1 1 1 1 1 0 1 0 0 0 0 1 0 1 0 0 1 0 1 1 1 0 1 1 1 1 0 1 0 0 1 1 0 1 1 1 1 1 1 0 1 0 1 0 0 0 1 1 0 1 1 1 0 0 1 0 1 0 1 0 0 1 1 1 0 1 1 1 1 1 1 0 0 0 1 1 0 1 0 0 0 1 1 1 1 1 0 0 0 34189.0 33103.0 3 0.24068799713721256
1 0 1 1 1 0 1 1 1 0 1 1 1 1 1 1 0 1 0 0 0 0 1 0 1 0 1 1 0 1 1 1 0 1 1 1 1 0 0 0 0 1 1 0 1 1 1 1 1 1 0 1 0 1 0 0 1 1 1 0 1 0 1 1 0 0 0 1 0 1 0 0 1 1 1 0 1 1 1 1 1 1 0 0 0 1 0 0 0 0 0 0 1 1 1 1 1 1 0 0 34521.0 32977.0 3 0.12126332903955915
1 0 1 1 1 0 1 1 1 0 0 1 0 1 0 1 0 1 0 1 0 0 1 0 1 1 1 1 0 1 1 1 0 1 1 1 1 0 1 0 0 1 1 0 1 1 1 1 1 1 0 1 0 1 1 0 0 0 1 0 1 0 1 1 0 1 0 1 0 1 0 0 1 1 1 0 1 1 1 1 1 1 0 1 0 0 1 0 0 0 0 0 1 1 1 1 1 0 0 0 34545.0 32949.0 3 0.049137128374931595
1 0 1 1 1 0 1 1 1 0 1 1 1 1 1 1 0 1 0 0 0 0 1 0 1 0 1 1 0 1 1 1 0 1 1 1 1 0 1 0 0 1 1 0 1 1 1 1 1 1 0 1 0 1 0 0 1 1 1 0 1 1 1 0 0 0 0 1 0 1 0 0 1 1 1 0 1 1 1 1 1 1 1 0 0 1 1 0 0 0 0 0 1 1 0 1 1 0 0 0 34662.0 32913.0 3 0.12867086853787565
1 0 1 1 1 0 1 1 1 0 0 1 1 1 1 1 1 1 0 0 0 0 1 0 1 0 1 1 1 1 1 1 0 1 1 1 1 0 0 0 0 1 1 0 1 1 1 1 1 1 0 1 0 1 0 0 1 1 1 0 1 0 1 1 0 0 0 1 0 1 0 0 1 1 1 0 1 1 1 1 1 1 0 0 0 1 1 0 0 0 0 0 1 1 0 1 1 0 0 0 34728.0 32690.0 3 0.09861367102181183
1 0 1 1 1 0 1 1 1 0 0 1 1 1 1 1 0 1 0 0 0 0 1 0 1 0 1 1 1 1 1 1 0 1 1 1 1 0 0 0 0 1 1 0 1 1 1 1 1 1 0 1 0 1 0 0 0 1 1 0 1 1 1 0 0 1 0 1 0 1 0 0 1 1 1 0 1 1 1 1 1 1 1 0 0 1 1 0 0 0 0 0 1 1 1 1 1 0 0 0 34734.0 32681.0 3 0.037681996877948806
1 0 1 1 1 0 1 1 1 0 0 1 0 1 0 1 0 1 0 1 0 0 1 0 1 1 1 1 0 1 1 1 0 1 1 1 1 0 0 0 0 1 1 0 1 1 1 1 1 1 0 1 0 1 1 1 0 0 1 0 1 0 1 1 0 1 0 1 0 1 0 0 1 1 1 1 1 1 1 1 1 0 0 1 0 0 1 0 0 0 0 0 1 1 1 1 1 0 0 0 34875.0 32660.0 3 0.05241646331530661
1 0 1 1 1 0 1 1 1 0 0 1 1 1 0 1 0 1 0 1 0 0 1 0 1 1 1 1 0 1 1 1 0 1 1 1 1 0 0 0 0 1 1 0 1 1 1 1 1 1 0 1 0 1 1 0 0 1 1 0 1 0 1 1 0 0 0 1 0 1 0 0 1 1 1 0 1 1 1 1 1 1 0 0 0 1 0 0 0 0 0 0 1 1 1 1 1 1 0 0 34887.0 32614.0 3 0.0857114539226405
1 0 1 1 1 0 1 1 1 0 0 1 1 1 0 1 0 1 0 1 0 0 1 0 1 1 1 1 0 1 1 1 0 1 1 1 1 0 0 0 0 1 1 0 1 1 1 0 1 1 0 1 0 1 1 0 0 0 1 0 1 0 1 1 0 1 0 1 0 1 0 1 1 1 1 1 1 1 1 1 1 0 0 1 0 0 1 0 0 0 0 0 1 1 1 1 1 0 0 0 35218.0 32596.0 3 0.11648828716878157
1 0 1 1 1 0 1 1 1 0 0 1 1 1 0 1 0 1 0 1 0 0 1 0 1 1 1 1 0 1 1 1 0 1 1 1 1 0 0 0 0 1 1 0 1 1 1 1 1 1 0 1 0 1 0 0 0 0 1 0 1 0 1 1 0 0 0 1 0 1 0 0 1 1 1 0 1 1 1 1 1 1 0 0 0 1 1 0 1 0 0 0 1 1 1 1 1 0 0 0 35237.0 32470.0 3 0.11028606238236308
1 0 1 1 1 0 1 1 1 0 0 1 0 1 0 1 0 1 0 1 0 0 1 0 1 1 1 1 0 1 1 1 0 1 1 1 1 0 1 0 0 1 1 0 1 1 1 1 1 1 0 1 0 1 1 0 0 0 1 0 1 0 1 1 0 1 0 1 0 1 0 0 1 1 1 0 1 1 1 1 1 1 0 0 0 1 1 0 1 0 0 0 1 1 1 1 1 0 0 0 35493.0 32432.0 3 0.14263848045525696
1 0 1 1 1 0 1 1 1 0 0 1 0 1 0 1 0 1 0 1 0 0 1 0 1 1 1 1 0 1 1 1 0 1 1 1 1 0 0 0 0 1 1 0 1 1 1 1 1 1 0 1 0 1 1 1 0 0 1 0 1 0 1 1 0 1 0 1 0 1 0 0 1 1 1 0 1 1 1 1 1 1 0 0 0 1 1 0 1 0 0 0 1 1 1 1 1 0 0 0 35544.0 32234.0 3 0.22669520631771936
1 0 1 1 1 0 1 1 1 0 0 1 0 1 0 1 0 1 0 1 0 0 1 0 1 1 1 1 0 1 1 1 0 1 1 1 1 0 0 0 0 1 1 0 1 1 1 1 1 1 0 1 0 1 1 1 0 0 1 0 1 0 1 1 0 1 0 1 0 1 0 0 1 1 1 0 1 1 1 1 1 1 1 0 0 1 1 0 1 0 0 0 1 1 0 1 1 0 0 0 35704.0 31921.0 3 0.1907812091656749
1 0 1 1 1 0 1 1 1 0 1 1 1 1 1 1 0 1 0 0 0 0 1 0 1 0 1 1 0 1 1 1 0 1 1 1 1 0 0 0 1 1 1 0 1 1 1 1 1 1 0 1 0 1 0 0 0 1 1 0 1 1 1 0 0 1 0 1 0 1 0 0 1 1 1 0 1 1 1 1 1 1 0 0 0 1 1 0 1 0 0 0 1 1 1 1 0 0 1 0 35740.0 31813.0 3 0.09835734044807308
1 0 1 1 1 0 1 1 1 0 1 1 1 1 1 1 0 1 0 0 0 0 1 0 1 0 1 1 0 1 1 1 0 1 1 1 1 0 0 0 0 1 1 0 1 1 1 1 1 1 0 1 0 1 1 0 0 0 1 0 1 0 1 1 0 1 0 1 0 1 0 0 1 1 1 0 1 1 1 1 1 1 0 0 0 1 1 0 1 0 0 0 1 1 1 1 0 0 1 0 35852.0 31727.0 3 0.10721583922582759
1 0 1 1 1 0 1 1 1 0 1 1 1 1 1 1 0 1 0 0 0 0 1 0 1 0 1 1 0 1 1 1 0 1 1 1 1 0 0 0 0 1 1 0 1 1 1 1 1 1 0 1 0 1 0 0 0 0 1 0 1 1 1 1 0 1 0 1 0 1 0 0 1 1 1 0 1 1 1 1 1 1 1 0 0 1 1 0 0 0 0 0 1 1 1 1 0 0 1 0 35941.0 31621.0 3 0.10780730966903544
1 0 1 1 1 0 1 1 1 0 1 1 1 1 1 1 0 1 0 0 0 0 1 0 1 0 1 1 0 1 1 1 0 1 1 1 1 0 0 0 0 1 1 0 1 1 1 1 1 1 0 1 0 1 0 0 0 1 1 0 1 0 1 0 0 1 0 1 0 1 0 0 1 1 1 1 1 1 1 1 1 1 1 0 0 1 1 0 1 0 0 0 1 1 0 1 0 0 1 0 35987.0 31501.0 3 0.0975070682921918
1 0 1 1 1 0 1 1 1 0 0 1 1 1 0 1 0 1 0 1 0 0 1 0 1 1 1 1 0 1 1 1 0 1 1 1 1 0 0 0 0 1 1 0 1 1 1 1 1 1 0 1 0 1 1 0 0 1 1 0 1 0 1 1 0 1 0 1 0 1 0 0 1 1 1 0 1 1 1 1 1 1 1 0 0 0 1 0 1 0 0 0 1 1 0 1 0 0 1 0 36013.0 31392.0 3 0.11352245293531836
0 0 1 1 1 0 1 1 1 0 1 1 1 1 1 1 0 1 0 0 0 0 1 0 1 1 1 1 0 1 1 1 0 1 1 1 1 0 0 0 0 1 1 0 1 1 1 1 1 1 0 1 0 1 1 0 0 1 1 0 1 0 1 1 0 1 0 1 0 1 0 0 1 1 1 0 1 1 1 1 1 1 1 0 0 1 1 0 0 0 0 0 1 1 0 1 0 0 1 0 36068.0 31233.0 3 0.12568052327769041
1 0 1 1 1 0 1 1 1 0 0 1 0 1 0 1 0 1 0 1 0 0 1 0 1 1 1 1 0 1 1 1 0 1 1 1 1 0 0 0 0 1 1 0 1 1 1 1 1 1 0 1 0 1 1 0 0 1 1 0 1 1 1 1 0 1 0 1 0 1 0 0 1 1 1 0 1 1 1 1 1 1 0 0 0 1 1 0 1 0 0 0 1 1 1 1 0 0 1 0 36153.0 31120.0 3 0.06866794190792938
1 0 1 1 1 0 1 1 1 0 0 1 0 1 0 1 0 1 0 1 0 0 1 0 1 1 1 1 0 1 1 1 0 1 1 1 1 0 0 0 1 1 1 0 1 1 1 1 1 1 0 1 0 1 1 0 0 0 1 0 1 0 1 1 0 1 0 1 0 1 0 0 1 1 1 0 1 1 1 1 1 1 0 0 0 1 1 0 1 0 0 0 1 1 1 1 0 0 1 0 36160.0 31092.0 3 0.09286693724969777
0 0 1 0 1 0 1 1 1 1 1 1 1 1 0 1 0 1 0 1 0 0 1 0 1 1 1 0 1 1 1 1 0 1 1 1 1 0 0 0 0 1 1 0 1 1 1 1 1 1 0 1 0 1 1 0 0 0 1 0 1 0 1 1 0 1 0 1 0 1 0 0 1 1 1 0 1 1 1 1 1 1 1 0 0 1 1 0 0 0 0 0 1 1 0 1 0 0 1 0 36179.0 30881.0 3 2000000000000000.0
1 0 1 1 1 0 1 1 1 0 1 1 1 1 1 1 0 1 0 0 0 0 1 0 1 0 1 1 1 1 1 1 0 1 0 1 1 0 0 0 0 1 1 1 1 1 1 0 0 1 0 1 1 1 0 0 1 1 1 0 1 1 1 1 1 1 0 0 0 1 0 0 1 1 0 0 1 1 1 0 1 0 0 1 1 0 0 0 0 0 0 0 1 1 1 1 1 0 0 0 30212.0 33562.0 4 2000000000000000.0
1 0 1 0 1 0 0 1 1 1 1 1 1 1 0 1 0 1 0 1 0 0 1 0 1 1 0 1 0 1 1 1 0 1 1 1 1 0 0 0 0 1 1 1 1 1 1 1 0 1 0 1 0 1 0 0 1 1 1 0 1 1 1 1 1 1 0 1 0 1 0 0 1 1 1 0 1 1 1 0 1 0 0 1 1 0 0 0 0 0 0 0 1 1 1 1 1 0 0 0 31575.0 33503.0 4 0.39844347324013074
1 0 1 1 1 0 1 1 1 0 0 1 1 1 1 1 0 1 0 0 0 0 1 0 1 0 1 1 0 1 1 1 1 1 0 1 1 0 0 0 0 1 1 1 1 1 1 1 1 1 0 1 0 1 1 0 0 0 1 0 1 1 1 1 0 1 0 1 0 1 0 0 1 1 1 0 1 1 1 0 1 0 0 1 1 0 0 0 0 0 0 0 1 1 1 1 1 0 0 0 32113.0 33358.0 4 0.43476976303282727
1 0 1 1 1 0 1 1 1 0 1 1 1 1 1 1 0 1 0 0 0 0 1 0 1 0 1 1 0 1 1 1 0 1 1 1 1 0 0 0 0 1 1 0 1 1 1 1 1 1 0 1 0 1 0 0 0 0 1 0 1 1 1 0 0 1 0 1 0 1 0 0 1 1 1 1 1 1 1 1 1 0 0 1 1 0 0 0 0 0 0 0 1 1 1 1 1 0 0 0 33537.0 33230.0 4 0.3126823133307799
1 0 1 0 1 0 1 1 1 1 1 1 1 1 0 1 0 1 0 1 0 0 1 0 1 1 1 1 0 1 1 1 0 1 1 1 1 0 0 0 0 1 1 1 1 1 1 1 0 1 0 1 0 1 0 0 1 1 1 0 1 1 1 0 0 1 0 1 0 1 0 0 1 1 1 1 1 1 1 1 1 0 0 1 0 0 0 0 0 0 0 0 1 1 1 1 1 0 0 0 33634.0 33211.0 4 0.15188055292167638
1 0 1 0 1 0 1 1 1 1 1 1 1 1 0 1 0 1 0 1 0 0 1 1 1 1 0 1 0 1 1 1 0 1 1 1 1 0 0 0 0 1 1 1 1 1 1 1 0 1 0 1 0 1 0 0 1 1 1 0 1 0 1 1 0 0 0 1 0 1 0 0 1 1 1 0 1 1 1 1 1 1 0 0 0 1 0 0 0 0 0 0 1 1 1 1 1 1 0 0 34065.0 33064.0 4 0.2627604667425221
1 0 1 1 1 0 1 1 1 0 0 1 1 1 0 1 0 1 0 1 0 0 1 0 1 1 1 1 0 1 1 1 0 1 1 1 1 0 0 0 0 1 1 0 1 1 1 1 1 1 0 1 0 1 0 0 0 0 1 0 1 1 1 1 0 1 0 1 0 1 0 0 1 1 1 0 1 1 1 1 1 1 0 1 0 0 0 0 0 0 0 0 1 1 1 1 1 0 0 0 34510.0 32907.0 4 0.14574744193898614
1 0 1 1 1 0 1 1 1 0 1 1 1 1 1 1 0 1 0 0 0 0 1 0 1 0 1 1 0 1 1 1 0 1 1 1 1 0 0 0 1 1 1 0 1 1 1 1 1 1 0 1 0 1 1 0 0 0 1 0 1 0 1 1 0 1 0 1 0 1 0 0 1 1 1 1 1 1 1 1 1 0 0 1 0 0 0 0 0 0 0 0 1 1 1 1 1 0 0 0 34530.0 32886.0 4 0.05575759461420917
1 0 1 1 1 0 1 1 1 0 1 1 1 1 1 1 0 1 0 0 0 0 1 0 1 0 1 1 0 1 1 1 0 1 0 1 1 0 0 0 0 1 1 1 1 1 1 1 1 1 0 1 0 1 1 0 0 0 1 0 1 1 1 1 0 1 0 1 0 1 0 0 1 1 1 0 1 1 1 1 1 1 1 0 0 1 0 0 0 0 0 0 1 1 1 1 1 0 0 0 34570.0 32786.0 4 0.10432855648391129
1 0 1 1 1 0 1 1 1 0 0 1 1 1 1 1 0 1 0 0 0 0 1 0 1 0 0 0 1 1 1 1 0 1 1 1 1 0 0 0 0 1 1 0 1 1 1 1 1 1 0 1 0 1 1 1 0 0 1 0 1 0 1 1 0 1 0 1 0 1 0 0 1 1 1 0 1 1 1 1 1 1 0 0 0 1 1 0 1 0 0 0 1 1 1 1 1 0 0 0 34583.0 32633.0 4 0.07901572606291658
1 0 1 1 1 0 1 1 1 0 0 1 0 1 0 1 0 1 0 1 0 0 1 0 1 1 1 1 1 1 1 1 0 1 1 1 1 0 0 0 0 1 1 0 1 1 1 1 1 1 0 1 0 1 1 0 0 0 1 0 1 0 1 1 0 1 0 1 0 1 0 0 1 1 1 1 1 1 1 1 1 0 0 1 0 0 0 0 0 0 0 0 1 1 1 1 1 0 0 0 34587.0 32584.0 4 0.1349246799522762
1 0 1 0 1 0 1 1 1 1 1 1 1 1 0 1 0 1 0 1 0 0 1 0 1 1 1 1 0 1 1 1 0 1 1 1 1 0 0 0 0 1 1 0 1 1 1 1 1 1 0 1 0 1 0 0 0 1 1 0 1 1 1 0 0 1 0 1 0 1 0 0 1 1 1 1 1 1 1 1 1 0 0 1 0 0 0 0 0 0 0 0 1 1 1 1 1 0 1 0 35218.0 32560.0 4 0.17707836559525444
1 0 1 1 1 0 1 1 1 0 0 1 1 1 0 1 0 1 0 1 0 0 1 0 1 1 1 1 0 1 1 1 0 1 1 1 1 0 0 0 0 1 1 0 1 1 1 1 1 1 0 1 0 1 0 0 1 1 1 0 1 1 1 1 0 0 0 1 0 1 0 0 1 1 1 0 1 1 1 1 1 1 0 0 0 1 1 0 0 0 0 0 1 1 0 1 1 0 0 0 35235.0 32405.0 4 0.11269405738237571
1 0 1 1 1 0 1 1 1 0 0 1 0 1 0 1 0 1 0 1 0 0 1 0 1 1 1 1 0 1 1 1 0 1 1 1 1 0 1 0 0 1 1 0 1 1 1 1 1 1 0 1 0 1 1 0 0 0 1 0 1 0 1 1 0 1 0 1 0 1 0 0 1 1 1 0 1 1 1 1 1 1 1 0 0 1 1 0 0 0 0 0 1 1 1 1 1 0 0 0 35316.0 32305.0 4 0.07390017785670971
1 0 0 0 1 0 1 1 1 1 1 1 1 1 0 1 0 1 0 1 0 0 1 0 1 1 1 1 0 1 1 1 0 1 1 1 1 0 0 0 0 1 1 0 1 1 1 1 1 1 0 1 0 1 0 0 1 1 1 0 1 0 1 1 0 0 0 1 0 1 0 0 1 1 1 0 1 1 1 1 1 1 1 0 0 1 1 0 0 0 0 0 1 1 1 1 1 0 0 0 35429.0 32296.0 4 0.14975444603524876
1 0 1 1 1 0 1 1 1 0 0 1 0 1 0 1 0 1 0 1 0 0 1 0 1 1 1 1 0 1 1 1 0 1 1 1 1 1 0 0 0 1 1 0 1 1 1 1 1 1 0 1 0 1 1 0 0 0 1 0 1 0 1 1 0 1 0 1 0 1 0 0 1 1 1 0 1 1 1 1 1 1 1 0 0 1 1 0 1 0 0 0 1 1 1 1 1 0 0 0 35437.0 31962.0 4 0.18225728832525842
1 0 1 1 1 0 1 1 1 0 1 1 1 1 1 1 0 1 0 0 0 0 1 0 1 0 1 1 0 1 1 1 0 1 1 1 1 0 1 0 0 1 1 0 1 1 1 1 1 1 0 1 0 1 0 0 0 1 1 0 1 1 1 0 0 1 0 1 0 1 0 0 1 1 1 0 1 1 1 1 1 1 0 0 0 1 1 0 1 0 0 0 1 1 0 1 0 0 1 0 35526.0 31856.0 4 0.12301721899837754
1 0 1 1 1 0 1 1 1 0 0 1 0 1 1 1 0 1 0 1 0 0 1 0 1 1 1 1 0 1 1 1 0 1 1 1 1 0 0 0 0 1 1 0 1 1 1 1 1 1 0 1 0 1 0 0 0 0 1 0 1 1 1 1 0 1 0 1 0 1 0 0 1 1 1 0 1 1 1 1 1 1 1 0 0 1 1 0 0 0 0 0 1 1 0 1 1 0 0 0 35625.0 31720.0 4 0.23218500056360503
1 0 1 1 1 0 1 1 1 0 0 1 0 1 0 1 0 1 0 1 0 0 1 0 1 1 1 1 0 1 1 1 0 1 1 1 1 0 1 0 0 1 1 0 1 1 1 1 1 1 0 1 0 1 1 0 0 0 1 0 1 0 1 1 0 1 0 1 0 1 0 0 1 1 1 0 1 1 1 1 1 1 1 0 0 1 1 0 0 0 0 0 1 1 1 1 0 0 1 0 35936.0 31424.0 4 0.21773535410928885
1 0 1 1 1 0 1 1 1 0 0 1 1 1 0 1 0 1 0 1 0 0 1 0 1 1 1 1 0 1 1 1 0 1 1 1 1 0 0 0 0 1 1 0 1 1 1 1 1 1 0 1 0 1 1 0 0 1 1 0 1 0 1 1 0 1 0 1 0 1 0 0 1 1 1 0 1 1 1 1 1 1 1 0 0 1 1 0 0 0 0 0 1 1 0 1 0 0 1 0 35983.0 31303.0 4 0.1488408710337313
1 0 1 1 1 0 1 1 1 0 0 1 0 1 0 1 0 1 0 1 0 0 1 0 1 1 1 1 0 1 1 1 0 1 1 1 1 0 0 0 0 1 1 0 1 1 1 1 1 1 0 1 0 1 1 0 0 0 1 0 1 0 1 1 0 1 0 1 0 1 0 0 1 1 1 0 1 1 1 1 1 1 1 0 0 1 1 0 1 0 0 0 1 1 1 1 0 0 1 0 36036.0 31074.0 4 0.12448025239636862
0 0 1 0 1 0 1 1 1 1 1 1 1 1 0 1 0 1 0 1 0 0 1 0 1 1 1 0 1 1 1 1 0 1 1 1 1 0 0 0 0 1 0 0 1 1 1 1 1 1 0 1 0 1 1 0 0 0 1 0 1 0 1 1 0 1 0 1 0 1 0 0 1 1 1 0 1 1 1 1 1 1 0 0 0 1 1 0 1 0 0 0 1 1 1 1 0 0 1 0 36066.0 31010.0 4 0.07707872263482697
1 0 1 0 1 0 1 1 1 1 1 1 1 1 1 1 0 1 0 0 1 0 1 0 1 0 1 1 0 1 1 1 0 1 1 1 1 0 0 0 0 1 1 0 1 1 1 1 1 1 0 1 0 1 1 0 0 0 1 0 1 0 1 1 0 1 0 1 0 1 0 0 1 1 1 0 1 1 1 1 1 1 1 0 0 1 1 0 0 0 0 0 1 1 0 1 0 0 1 0 36124.0 30909.0 4 2000000000000000.0
