1 0 1 1 1 0 1 1 1 0 1 1 1 1 0 1 0 1 0 1 0 0 1 0 1 1 0 1 0 1 1 1 0 1 1 1 1 0 0 0 0 1 1 1 1 1 1 1 0 1 0 1 0 1 0 0 1 1 1 0 1 1 1 0 0 1 0 1 0 1 0 0 1 1 1 1 1 1 1 1 1 0 0 1 1 0 0 0 0 0 0 0 1 1 1 1 1 0 0 0 32857.0 34300.0 0 2000000000000000.0
1 0 1 1 1 0 1 1 1 0 1 1 1 1 1 1 0 1 0 0 0 0 1 0 0 0 1 1 0 1 1 1 0 1 1 1 1 0 0 0 0 1 1 1 1 1 1 1 1 1 0 1 0 1 0 0 1 1 1 0 1 0 1 1 0 0 0 1 0 1 0 0 1 1 1 0 1 1 1 1 1 0 0 1 0 0 1 0 0 1 0 0 1 1 1 1 1 0 0 0 33482.0 34046.0 0 0.829519688955533
1 0 1 1 1 0 1 1 1 0 1 1 1 1 1 1 0 1 0 0 0 0 1 0 1 1 1 1 0 1 0 1 0 1 0 1 1 0 1 0 0 1 1 1 1 1 1 1 1 1 0 1 0 1 0 0 0 1 1 0 1 0 1 1 0 0 0 1 0 1 0 0 1 1 1 1 1 1 1 1 1 1 0 0 0 1 1 0 1 0 0 0 1 1 1 1 1 0 0 0 36113.0 33783.0 0 0.9207506858698221
1 0 1 1 1 0 1 1 1 0 1 1 1 1 0 1 0 1 0 1 0 0 1 0 1 1 0 1 1 1 1 1 0 1 1 1 1 0 0 0 0 1 1 0 1 1 1 1 1 1 0 1 0 1 0 0 1 1 1 0 1 0 1 1 0 0 0 1 0 1 0 0 1 1 1 0 1 1 1 1 1 1 0 0 0 1 1 0 1 0 0 0 1 1 1 1 0 0 1 0 36289.0 32975.0 0 0.39910681225998185
1 0 1 1 1 0 1 1 1 0 1 1 1 1 0 1 0 1 0 1 0 0 1 0 1 1 1 1 1 1 1 1 0 1 0 1 1 0 0 0 0 1 0 0 1 1 1 1 1 1 0 1 0 1 0 0 0 0 1 0 1 0 1 1 0 1 0 1 0 1 0 0 1 1 1 1 1 1 1 1 1 1 0 0 0 1 1 0 1 0 0 0 1 1 1 1 1 0 0 0 36632.0 32889.0 0 0.1872966693724639
1 0 1 1 1 0 1 1 1 0 0 1 1 1 0 1 0 1 0 1 0 0 1 0 1 1 1 1 0 1 1 1 0 1 1 1 1 0 0 0 0 1 1 1 1 1 1 1 1 1 0 1 0 1 0 0 0 1 1 0 1 0 1 1 0 0 0 1 0 1 0 0 1 1 1 1 1 1 1 1 1 1 0 0 0 1 1 0 1 0 0 0 1 1 1 1 0 0 1 0 36876.0 32767.0 0 0.22611694592909215
1 0 1 1 1 0 1 1 1 0 1 1 1 1 1 1 0 1 0 0 0 0 1 0 1 1 1 1 1 1 1 1 0 1 0 1 1 0 0 0 0 1 1 1 1 1 1 1 1 1 0 1 0 1 0 0 0 1 1 0 1 0 1 1 0 0 0 1 0 1 0 0 1 1 1 1 1 1 1 1 1 1 0 0 0 1 1 0 1 0 0 0 1 1 0 1 0 0 1 0 37310.0 32619.0 0 0.5292517352978179
1 0 1 1 1 0 1 1 1 0 1 1 1 1 0 1 0 1 0 1 0 0 0 0 1 1 1 1 1 1 1 1 0 1 0 1 1 0 0 0 0 1 1 0 1 1 1 1 1 1 0 1 0 1 0 0 0 1 1 0 1 0 1 1 0 1 0 1 0 1 0 0 1 1 1 1 1 1 1 1 1 1 0 0 0 1 1 0 1 0 0 0 1 1 1 1 0 0 1 0 37531.0 31561.0 0 0.545256552855339
1 0 1 1 1 0 1 1 1 1 1 1 1 1 0 1 0 1 0 1 0 0 0 0 1 1 1 1 1 1 1 1 0 1 0 1 1 0 0 0 0 1 1 0 1 1 1 1 1 1 0 1 0 1 0 0 0 1 1 0 1 0 1 1 0 1 0 1 0 1 0 0 1 1 1 1 1 1 1 1 1 1 0 0 0 1 1 0 1 0 0 0 1 1 0 1 0 0 1 0 37794.0 31259.0 0 2000000000000000.0
1 0 1 1 1 0 1 1 1 0 0 1 1 1 0 1 0 1 0 1 0 0 1 0 1 1 1 1 0 1 0 1 0 1 0 1 1 0 1 0 0 1 1 1 1 1 1 1 1 1 0 1 0 1 1 0 0 1 1 0 1 1 1 1 0 1 0 0 0 1 0 0 1 1 1 0 1 1 1 0 1 0 0 1 1 0 0 0 0 0 0 0 1 1 1 1 1 0 0 0 31905.0 33951.0 1 2000000000000000.0
1 0 1 1 1 0 1 1 1 1 1 1 1 1 0 1 0 1 0 1 0 0 1 0 1 1 0 1 0 1 0 1 0 1 1 1 1 0 0 0 0 1 1 1 1 1 1 1 0 1 0 1 0 1 0 0 1 1 1 0 1 1 1 0 0 1 0 1 0 1 0 0 1 1 1 1 1 1 1 1 1 0 0 1 0 0 0 0 1 0 0 0 1 1 1 1 1 0 0 0 33242.0 33917.0 1 0.592150105311658
1 0 1 1 1 0 1 1 1 0 1 1 1 1 0 1 0 1 0 1 0 0 1 0 1 1 1 1 1 1 1 1 0 1 0 1 1 0 0 0 0 1 1 1 1 1 1 1 0 1 0 1 0 1 0 0 1 1 1 0 1 1 1 1 0 0 0 1 0 1 0 0 1 1 1 0 1 1 1 1 1 1 0 0 0 0 0 0 0 0 0 0 1 1 1 1 1 1 0 0 34608.0 33677.0 1 0.3832918386919112
1 0 1 1 1 0 1 1 1 0 1 1 1 1 1 1 0 1 0 0 0 0 1 0 0 0 1 1 0 1 1 1 0 1 1 1 1 0 0 0 0 1 1 1 1 1 1 1 1 1 0 1 0 1 0 0 1 1 1 0 1 0 1 1 0 0 0 1 0 1 0 0 1 1 1 0 1 1 1 1 1 1 0 0 0 1 1 0 1 0 0 0 1 1 1 1 1 0 0 0 34701.0 33610.0 1 0.23370276350453986
1 0 1 1 1 0 1 1 1 0 1 1 1 1 0 1 0 1 0 1 0 0 1 0 1 1 1 1 0 1 1 1 0 1 0 1 1 0 0 0 0 1 1 1 1 1 1 1 1 1 0 1 0 1 1 0 0 1 1 0 1 0 1 1 0 1 0 1 0 1 0 0 1 1 1 0 1 1 1 1 1 1 0 0 0 1 1 0 1 0 0 0 1 1 1 1 1 0 0 0 35702.0 33581.0 1 0.3252330564499912
1 0 1 1 1 0 1 1 1 0 1 1 1 1 1 1 0 1 0 0 0 0 1 0 1 0 1 1 1 1 1 1 0 1 0 1 1 0 0 0 0 1 1 1 1 1 1 1 1 1 0 1 0 1 0 0 0 0 1 0 1 0 1 1 0 1 0 1 0 1 0 0 1 1 1 1 1 1 1 1 1 1 0 0 0 1 1 0 1 0 0 0 1 1 0 1 1 0 0 0 36106.0 33424.0 1 0.4611161851388028
1 0 1 1 1 0 1 1 1 0 1 1 1 1 1 1 0 1 0 0 0 0 1 0 1 1 1 1 1 1 1 1 0 1 0 1 1 0 0 0 0 1 1 0 1 1 1 1 1 1 0 1 0 1 0 0 0 0 1 0 1 0 1 1 0 1 0 1 0 1 0 0 1 1 1 1 1 1 1 1 1 1 0 0 0 1 1 0 0 0 0 0 1 1 1 1 1 0 0 0 36577.0 32819.0 1 0.4081932665961634
1 0 1 1 1 0 1 1 1 0 1 1 1 1 1 1 0 1 0 0 0 0 1 0 1 1 1 1 1 1 1 1 0 1 0 1 1 0 0 0 0 1 0 0 1 1 1 1 1 1 0 1 0 1 0 0 0 0 1 0 1 0 1 1 0 1 0 1 0 1 0 0 1 1 1 1 1 1 1 1 1 1 0 0 0 1 1 0 1 0 0 0 1 1 1 1 1 0 0 0 36624.0 32635.0 1 0.1370418213697425
1 0 1 1 1 0 1 1 1 0 1 1 1 1 1 1 0 1 0 0 0 0 1 0 1 0 1 1 1 1 1 1 0 1 0 1 1 0 0 0 0 1 1 1 1 1 1 1 1 1 0 1 0 1 0 0 0 0 1 0 1 0 1 1 0 1 0 1 0 1 0 0 1 1 1 1 1 1 1 1 1 1 0 0 0 1 1 0 1 0 0 0 1 1 0 1 0 0 1 0 36726.0 32543.0 1 0.09559775356054263
1 0 1 0 1 0 1 1 1 1 1 1 1 1 1 1 0 1 0 0 0 0 1 0 1 1 1 1 1 1 1 1 0 1 0 1 1 0 0 0 0 1 1 0 1 1 1 1 1 1 0 1 0 1 0 0 0 1 1 0 1 0 1 1 0 0 0 1 0 1 0 0 1 1 1 1 1 1 1 1 1 1 0 0 0 1 1 0 1 0 0 0 1 1 1 1 1 0 0 0 36765.0 32459.0 1 0.11809136364291836
1 0 1 1 1 0 1 1 1 0 1 1 1 1 0 1 0 1 0 1 0 0 1 0 1 1 1 1 0 1 1 1 0 1 0 1 1 0 0 0 0 1 1 1 1 1 1 1 1 1 0 1 0 1 0 0 0 0 1 0 1 0 1 1 0 1 0 1 0 1 0 0 1 1 1 1 1 1 1 1 1 1 0 0 0 1 1 0 1 0 0 0 1 1 0 1 0 0 1 0 36928.0 32338.0 1 0.26740542700478087
1 0 1 1 1 0 1 1 1 0 1 1 1 1 0 1 0 1 0 1 0 0 1 0 1 1 1 1 1 1 1 1 0 1 0 1 1 0 0 0 0 1 0 0 1 1 1 1 1 1 0 1 0 1 0 0 0 0 1 0 1 0 1 1 0 1 0 1 0 1 0 0 1 1 1 1 1 1 1 1 1 1 0 0 0 1 1 0 1 0 0 0 1 1 1 1 0 0 1 0 37252.0 32008.0 1 0.3462952478385016
1 0 1 1 1 0 1 1 1 0 1 1 1 1 0 1 0 1 0 0 1 0 1 0 1 1 1 1 1 1 1 1 0 1 0 1 1 0 0 0 0 1 0 0 1 1 1 1 1 1 0 1 0 1 0 0 0 0 1 0 1 0 1 1 0 1 0 1 0 1 0 0 1 1 1 1 1 1 1 1 1 1 0 0 0 1 1 0 1 0 0 0 1 1 1 1 0 0 1 0 37301.0 31639.0 1 0.2680084529348949
1 0 1 1 1 0 1 1 1 1 1 1 1 1 1 1 0 1 0 0 0 0 1 0 1 1 1 1 1 1 1 1 0 1 0 1 1 0 0 0 0 1 0 0 1 1 1 1 1 1 0 1 0 1 0 0 0 0 1 0 1 0 1 1 0 1 0 1 0 1 0 0 1 1 1 1 1 1 1 1 1 1 0 0 0 1 1 0 1 0 0 0 1 1 0 1 0 0 1 0 37507.0 31452.0 1 2000000000000000.0
1 0 1 1 1 0 1 1 1 1 1 1 1 1 0 1 0 1 0 1 0 0 1 0 1 1 0 1 0 1 1 1 0 1 1 1 1 0 0 0 0 1 1 1 1 1 1 1 0 1 0 1 0 1 0 0 1 1 1 0 1 1 1 0 0 1 0 0 0 1 0 0 1 1 1 0 1 1 1 0 1 0 0 1 1 0 0 0 0 0 0 0 1 1 1 1 1 0 0 0 30680.0 33876.0 2 2000000000000000.0
1 0 1 1 1 0 1 1 1 0 0 1 1 1 0 1 0 1 0 1 0 0 1 0 1 1 1 1 0 1 0 1 0 1 0 1 1 0 1 0 0 1 1 1 1 1 1 1 1 1 0 1 0 1 1 0 0 0 1 0 1 1 1 1 0 1 0 0 0 1 0 0 1 1 1 0 1 1 1 0 1 0 0 1 1 0 0 0 0 0 0 0 1 1 1 1 1 0 0 0 31874.0 33862.0 2 0.39375749208804056
1 0 1 1 1 0 1 1 1 1 1 1 1 1 0 1 0 1 0 1 0 0 1 0 1 1 0 1 0 1 1 1 0 1 1 1 1 0 0 0 0 1 1 1 1 1 1 1 0 1 0 1 0 1 0 0 1 1 1 0 1 1 1 0 0 1 0 1 0 1 0 0 1 1 1 1 1 1 1 1 1 0 0 1 0 0 0 0 0 0 0 0 1 1 1 1 1 0 0 0 33235.0 33825.0 2 0.23645553744271688
1 0 1 1 1 0 1 1 1 0 0 1 1 1 1 1 0 1 0 0 0 0 1 0 1 0 1 1 1 1 1 1 0 1 1 1 1 0 0 0 0 1 1 0 1 1 1 1 1 1 0 1 0 1 0 0 1 1 1 0 1 0 1 1 0 0 0 1 0 1 0 0 1 1 1 0 1 1 1 1 1 0 0 1 1 0 0 0 0 0 0 0 1 1 1 1 1 0 0 0 33239.0 33760.0 2 0.2922609747854904
1 0 1 1 1 0 1 1 1 0 1 1 1 1 0 1 0 1 0 1 0 0 1 0 1 1 0 1 0 1 1 1 0 1 1 1 1 0 0 0 0 1 1 1 1 1 1 1 0 1 0 1 0 1 0 0 1 1 1 0 1 1 1 1 0 0 0 1 0 1 0 0 1 1 1 0 1 1 1 1 1 1 0 0 0 1 1 0 1 0 1 0 1 1 1 1 1 0 0 0 34678.0 33596.0 2 0.3496990838466663
1 0 1 1 1 0 1 1 1 0 1 1 1 1 1 1 0 1 0 0 0 0 1 0 1 0 1 1 0 1 1 1 0 1 1 1 1 0 0 0 0 1 1 1 1 1 1 1 1 1 0 1 0 1 0 0 0 1 1 0 1 0 1 1 0 1 0 1 0 1 0 0 1 1 1 0 1 1 1 1 1 1 0 0 0 1 1 0 1 0 0 0 1 1 1 1 1 0 0 0 35153.0 33565.0 2 0.1293954353602908
1 0 1 1 1 0 1 1 1 0 1 1 1 1 1 1 0 1 0 0 0 0 1 0 1 0 1 1 1 1 1 1 0 1 1 1 1 0 0 0 0 1 1 1 1 1 1 1 1 1 0 1 0 1 0 0 1 1 1 0 1 0 1 1 0 0 0 1 0 1 0 0 1 1 1 0 1 1 1 1 1 1 0 0 0 1 1 0 1 0 0 0 1 1 1 1 0 0 0 0 35453.0 33552.0 2 0.06718036582447005
1 0 1 1 1 0 1 1 1 0 1 1 1 1 0 1 0 1 0 1 0 0 1 0 1 1 1 1 0 1 1 1 0 1 0 1 1 0 0 0 0 1 1 1 1 1 1 1 1 1 0 1 0 1 0 0 0 1 1 0 1 0 1 1 0 1 0 1 0 1 0 0 1 1 1 0 1 1 1 1 1 1 0 0 0 1 1 0 1 0 0 0 1 1 1 1 1 0 0 0 35555.0 33542.0 2 0.09853902357099205
1 0 1 1 1 0 1 1 1 0 1 1 1 1 1 1 0 1 0 0 0 0 1 0 1 0 1 1 0 1 1 1 0 1 0 1 1 0 0 0 0 1 1 1 1 1 1 1 1 1 0 1 0 1 0 0 0 1 1 0 1 0 1 1 0 1 0 1 0 1 0 0 1 1 1 1 1 1 1 1 1 1 0 0 0 1 1 0 1 0 0 0 1 1 1 1 1 0 0 0 35653.0 33354.0 2 0.09327599542693445
1 0 1 1 1 0 1 1 1 0 0 1 1 1 0 1 0 1 0 1 0 0 1 0 1 0 1 1 1 1 1 1 0 1 0 1 1 0 0 0 0 1 1 1 1 1 1 1 1 1 0 1 0 1 0 0 0 0 1 0 1 0 1 1 0 1 0 1 0 1 0 0 1 1 1 1 1 1 1 1 1 1 0 0 0 1 1 0 1 0 0 0 1 1 0 1 1 0 0 0 35705.0 33338.0 2 0.07677902102355526
1 0 1 1 1 0 1 1 1 0 1 1 1 1 0 1 0 1 0 1 0 0 1 0 1 1 1 1 0 1 1 1 0 1 1 1 1 0 0 0 0 1 1 0 1 1 1 1 1 1 0 1 0 1 0 0 0 0 1 0 1 0 1 1 0 0 0 1 0 1 0 0 1 1 1 0 1 1 1 1 1 1 0 0 0 1 1 0 1 0 0 0 1 1 1 1 1 1 0 0 36106.0 33325.0 2 0.3134763083098784
1 0 1 1 1 0 1 1 1 0 1 1 1 1 0 1 0 1 0 1 0 0 1 0 1 1 1 1 0 1 1 1 0 1 0 1 1 0 0 0 0 1 1 1 1 1 1 1 1 1 0 1 0 1 1 0 0 1 1 0 1 0 1 1 0 1 0 1 0 1 0 0 1 1 1 0 1 1 1 1 1 1 0 0 0 1 1 0 1 0 0 0 1 1 1 1 0 0 1 0 36322.0 32700.0 2 0.3053933275604995
1 0 1 0 1 0 1 1 1 0 1 1 1 1 0 1 0 1 0 1 0 0 1 0 1 1 1 1 0 1 1 1 0 1 0 1 1 0 0 0 0 1 1 1 1 1 1 1 1 1 0 1 0 1 0 0 0 0 1 0 1 0 1 1 0 1 0 1 0 1 0 0 1 1 1 1 1 1 1 1 1 1 0 0 0 1 1 0 1 0 0 0 1 1 0 1 1 0 0 1 36419.0 32582.0 2 0.08191513948765444
1 0 1 1 1 0 1 1 1 0 1 1 1 1 1 1 0 1 0 0 0 0 1 0 1 1 0 1 0 1 1 1 0 1 0 1 1 0 0 0 0 1 1 1 1 1 1 1 1 1 0 1 0 1 0 0 0 0 1 0 1 0 1 1 0 1 0 1 0 1 0 0 1 1 1 1 1 1 1 1 1 1 1 0 0 1 1 0 1 0 0 0 1 1 1 1 0 0 1 0 36530.0 32553.0 2 0.05513822420949653
1 0 1 1 1 0 1 1 1 0 1 1 1 1 1 1 0 1 0 0 0 0 1 0 1 1 1 1 0 1 0 1 0 1 0 1 1 0 1 0 0 1 1 1 1 1 1 1 1 1 0 1 0 1 0 0 0 1 1 0 1 0 1 1 0 0 0 1 0 1 0 0 1 1 1 1 1 1 1 1 1 1 0 0 0 1 1 0 1 0 0 0 1 1 0 1 0 0 1 0 36566.0 32486.0 2 0.0968451311571196
1 0 1 1 1 0 1 1 1 0 0 1 1 1 0 1 0 1 0 1 0 0 1 0 1 1 1 1 0 1 1 1 0 1 1 1 1 0 0 0 0 1 1 1 1 1 1 1 1 1 0 1 0 1 0 0 0 1 1 0 1 0 1 1 0 0 0 1 0 1 0 0 1 1 1 1 1 1 1 1 1 1 0 0 0 1 1 0 1 0 0 0 1 1 0 1 0 0 1 0 36709.0 32351.0 2 0.19240360051646682
1 0 1 1 1 0 1 1 1 0 1 1 1 1 1 1 0 1 0 0 0 0 1 0 1 1 1 1 0 1 1 1 0 1 0 1 1 0 0 0 0 1 1 1 1 1 1 1 1 1 0 1 0 1 0 0 0 0 1 0 1 0 1 1 0 1 0 1 0 1 0 0 1 1 1 1 1 1 1 1 1 1 0 0 0 1 1 0 1 0 0 0 1 1 0 1 0 0 1 0 36920.0 32084.0 2 0.21907425269149505
1 0 1 0 0 0 1 1 1 1 1 1 1 1 0 1 0 1 1 1 0 1 0 0 1 1 1 1 1 1 1 1 0 1 0 1 1 0 0 0 0 1 1 1 1 1 1 1 1 1 0 1 0 1 0 0 0 0 1 0 1 0 1 1 0 1 0 1 0 1 0 0 1 1 1 1 1 1 1 1 1 1 0 0 0 1 1 0 1 0 0 0 1 1 0 1 1 0 0 0 36943.0 31822.0 2 0.15026547799906487
1 0 1 1 1 0 1 1 1 0 1 1 1 1 1 1 0 1 0 1 0 0 0 0 1 1 1 1 1 1 1 1 0 1 0 1 1 0 0 0 0 1 1 0 1 1 1 1 1 1 0 1 0 1 0 0 0 1 1 0 1 0 1 1 0 1 0 1 0 1 0 0 1 1 1 0 1 1 1 1 1 1 0 0 0 1 1 0 1 0 0 0 1 1 1 1 0 0 1 0 37194.0 31769.0 2 0.06802548876404921
1 0 1 1 1 0 1 1 1 0 1 1 1 1 1 1 0 1 0 0 0 0 1 0 1 1 1 1 1 1 1 1 0 1 0 1 1 0 0 0 0 1 0 0 1 1 1 1 1 1 0 1 0 1 0 0 0 0 1 0 1 0 1 1 0 1 0 1 0 1 0 0 1 1 1 1 1 1 1 1 1 1 0 0 0 1 1 0 1 0 0 0 1 1 1 1 0 0 1 0 37244.0 31754.0 2 0.07433877026522903
1 0 1 1 1 0 1 1 1 0 1 1 1 1 1 1 0 1 0 0 0 0 1 0 1 1 1 1 1 1 1 1 0 1 0 1 1 0 0 0 0 1 1 0 0 1 1 1 1 1 0 1 0 1 0 0 0 0 1 0 1 0 1 1 0 1 0 1 0 1 0 0 1 1 1 1 1 1 1 1 1 1 0 0 0 1 1 0 1 0 0 0 1 1 1 1 0 0 1 0 37258.0 31583.0 2 0.23683765319296998
1 0 1 1 1 0 1 1 1 1 1 1 1 1 0 1 0 1 0 1 0 0 0 0 1 1 1 1 1 1 1 1 0 1 0 1 1 0 0 0 0 1 0 0 1 1 1 1 1 1 0 1 0 1 0 0 0 0 1 0 1 0 1 1 0 1 0 1 0 1 0 0 1 1 1 1 1 1 1 1 1 1 0 0 0 1 1 0 1 0 0 0 1 1 1 1 0 0 1 0 37473.0 31172.0 2 0.23172865262082368
1 0 1 0 1 0 1 1 1 1 1 1 1 1 0 1 0 1 0 1 0 0 0 0 1 1 1 1 1 1 1 1 0 1 0 1 1 0 0 0 0 1 1 0 1 1 1 1 1 1 0 1 0 1 0 0 0 1 1 0 1 0 1 1 0 1 0 1 0 1 0 0 1 1 1 1 1 1 1 1 1 1 0 0 0 1 1 0 1 0 0 0 1 1 1 1 0 0 1 0 37476.0 31011.0 2 2000000000000000.0
1 0 1 1 1 0 1 1 1 0 0 1 1 1 0 1 0 1 0 1 0 0 1 0 1 1 1 1 0 1 0 1 0 1 0 1 1 0 1 0 0 1 1 1 1 1 1 1 0 1 0 1 0 1 0 0 1 1 1 0 1 0 1 1 0 1 0 1 0 1 0 0 1 1 1 0 1 1 1 0 1 0 0 1 1 0 0 0 0 0 0 0 1 1 1 1 1 0 0 0 31569.0 33811.0 3 2000000000000000.0
1 0 1 1 1 0 1 1 1 0 1 1 1 1 0 1 0 1 0 1 0 0 1 0 1 1 1 1 0 1 1 1 0 1 0 1 1 0 0 0 0 1 1 1 1 1 1 1 1 1 0 1 0 1 1 0 0 1 1 0 1 0 1 1 0 1 0 0 0 1 0 0 1 1 1 0 1 1 1 0 1 0 0 1 1 0 0 0 0 0 0 0 1 1 1 1 1 0 0 0 31994.0 33789.0 3 0.20589461236293433
1 0 1 1 1 0 1 1 1 0 0 1 1 1 0 1 0 1 0 1 1 0 1 0 1 0 1 1 0 1 1 1 0 1 0 1 1 0 0 0 0 1 1 1 1 1 1 1 0 1 0 1 0 1 0 0 1 1 1 0 1 1 1 0 0 1 0 1 0 1 0 0 1 1 1 1 1 1 1 1 1 0 0 1 1 0 0 0 0 0 0 0 1 1 1 1 1 0 0 0 32707.0 33776.0 3 0.137916015384883
1 0 1 1 1 0 1 1 1 0 1 1 1 1 1 1 0 1 0 0 0 0 1 0 1 0 1 1 0 1 1 1 0 1 1 1 1 0 0 0 0 1 1 0 1 1 1 1 1 1 0 1 0 1 0 1 1 1 1 0 1 0 1 1 0 0 0 1 0 1 0 0 1 1 1 0 1 1 1 0 1 0 0 1 1 0 0 0 0 0 0 0 1 1 1 1 1 0 0 0 32737.0 33756.0 3 0.02511869427515937
1 0 1 0 1 0 1 1 1 1 1 1 1 1 0 1 0 1 0 1 0 0 1 0 1 1 0 1 0 1 1 1 0 1 1 1 1 0 0 0 0 1 1 1 1 1 1 1 0 1 0 1 0 1 0 0 1 1 1 0 1 1 1 0 0 1 0 1 0 1 0 0 1 1 1 1 1 1 1 1 1 0 0 1 1 0 0 0 0 0 0 0 1 1 1 1 1 0 0 0 32802.0 33750.0 3 0.017581973691142776
1 0 1 1 1 0 1 1 1 0 1 1 1 1 1 1 0 1 0 0 0 0 1 0 1 1 0 1 0 1 1 1 0 1 0 1 1 0 0 0 0 1 1 1 1 1 1 1 1 1 0 1 0 1 0 0 0 0 1 0 1 0 1 1 0 1 0 1 0 1 0 0 1 1 1 1 1 1 1 0 1 0 0 1 1 0 0 0 0 0 0 0 1 1 1 1 1 0 0 0 32816.0 33744.0 3 0.029324364670962753
1 0 1 0 1 0 1 1 1 1 1 1 1 1 0 1 0 1 0 1 0 0 1 0 1 0 1 1 0 1 1 1 0 1 1 1 1 0 0 0 0 1 1 1 1 1 1 1 0 1 0 1 0 1 0 0 1 1 1 0 1 1 1 0 0 1 0 1 0 1 0 0 1 1 1 1 1 1 1 1 1 0 0 1 1 0 0 0 0 0 0 0 1 1 1 1 1 0 0 0 32841.0 33684.0 3 0.25565839465626417
1 0 1 1 1 0 1 1 1 0 1 1 1 1 0 1 0 1 0 1 0 0 1 0 1 1 0 1 0 1 1 1 0 1 1 1 1 0 0 0 0 1 1 1 1 1 1 1 0 1 0 1 0 1 0 0 1 1 1 0 1 1 1 1 0 0 0 1 0 1 0 0 1 1 1 0 1 1 1 1 1 1 0 0 0 1 0 0 0 0 0 0 1 1 1 1 1 1 0 0 33998.0 33586.0 3 0.3262280686348485
1 0 1 1 1 0 1 1 1 0 1 1 1 1 0 1 0 1 0 1 0 0 1 0 1 1 0 1 0 1 1 1 0 1 1 1 1 0 0 0 0 1 1 1 1 1 1 1 0 1 0 1 0 1 0 0 1 1 1 0 1 1 1 1 0 0 0 1 0 1 0 0 1 1 1 0 1 1 1 1 1 1 0 0 0 1 1 0 1 0 0 0 1 1 1 1 1 0 0 0 34526.0 33570.0 3 0.18222249541907012
1 0 1 1 1 0 1 1 1 0 1 1 1 1 1 1 0 1 0 0 0 0 1 0 1 0 1 1 1 1 1 1 0 1 0 1 1 0 0 0 0 1 1 1 1 1 1 1 0 1 0 1 0 1 0 0 1 1 1 0 1 1 1 1 0 0 0 1 0 1 0 0 1 1 1 0 1 1 1 1 1 1 0 0 0 1 1 0 1 0 0 0 1 1 1 1 1 0 0 0 34757.0 33432.0 3 0.1314939379569916
1 0 1 0 1 0 1 1 1 0 1 1 1 1 0 1 0 1 0 1 0 0 1 0 1 1 1 1 0 1 1 1 0 1 0 1 1 0 0 0 0 1 1 1 1 1 1 1 1 1 0 1 0 1 1 0 0 1 1 0 1 1 1 1 0 1 0 1 0 1 0 0 1 1 1 1 1 1 1 1 1 0 0 1 0 0 1 0 0 0 0 0 1 1 1 1 1 0 0 0 34961.0 33403.0 3 0.15557994813162312
1 0 1 1 1 0 1 1 1 0 1 1 1 1 1 1 0 1 0 0 0 0 1 0 1 1 1 1 0 1 1 1 1 1 0 1 1 0 0 0 0 1 1 1 1 1 1 1 1 1 0 1 0 1 0 0 0 0 1 0 1 0 1 1 0 1 0 1 0 1 0 0 1 1 1 1 1 1 1 1 1 1 0 0 0 0 0 0 0 0 0 0 1 1 1 1 1 1 0 0 35523.0 33359.0 3 0.223394626998478
1 0 1 1 1 0 1 1 1 0 1 1 1 1 1 1 0 1 0 0 0 0 1 0 1 1 1 1 0 1 1 1 0 1 1 1 1 0 0 0 0 1 1 1 1 1 1 1 1 1 0 1 0 1 0 0 1 1 1 0 1 0 1 1 0 0 0 1 0 1 0 0 1 1 1 0 1 1 1 1 1 1 0 0 0 1 1 0 1 0 0 0 1 1 1 1 0 0 0 0 35647.0 33093.0 3 0.15868209838598735
1 0 1 1 1 0 1 1 1 0 1 1 1 1 1 1 0 1 0 0 0 0 1 0 1 0 1 1 0 1 1 1 0 1 0 1 1 0 0 0 0 1 1 1 1 1 1 1 1 1 0 1 0 1 0 0 0 1 1 0 1 0 1 1 0 1 0 1 0 1 0 0 1 1 1 1 1 1 1 1 1 1 1 0 0 1 1 0 1 0 0 0 1 1 0 1 1 0 0 0 35813.0 33041.0 3 0.14086888307369494
1 0 1 1 1 0 1 1 1 0 1 1 1 1 1 1 0 1 0 0 0 0 1 0 1 1 1 1 1 1 1 1 0 1 0 1 1 0 0 0 0 1 1 0 1 1 1 1 1 1 0 1 0 1 1 0 0 1 1 0 1 0 1 1 0 0 0 1 0 1 0 0 1 1 1 0 1 1 1 1 1 1 0 0 0 1 1 0 1 0 0 0 1 1 1 1 1 0 0 0 36016.0 32866.0 3 0.11234303377298195
1 0 1 1 1 0 1 1 1 0 1 1 1 1 1 1 0 1 0 0 0 0 1 0 1 0 1 1 0 1 1 1 0 1 1 1 1 0 0 0 0 1 1 0 1 1 1 1 1 1 0 1 0 1 0 0 0 1 1 0 1 0 1 1 0 1 0 1 0 1 0 0 1 1 1 1 1 1 1 1 1 1 0 0 0 1 1 0 1 0 0 0 1 1 1 1 1 0 0 0 36067.0 32840.0 3 0.16470901608153263
1 0 1 0 1 0 1 1 1 1 1 0 1 1 0 1 0 1 0 1 0 0 1 0 0 1 1 1 0 1 1 1 0 1 0 1 1 0 0 0 0 1 1 1 1 1 1 1 1 1 0 1 0 1 0 0 0 0 1 0 1 1 1 1 0 1 0 1 0 1 0 0 1 1 1 1 1 1 1 1 1 1 0 0 0 1 1 0 1 0 0 0 1 1 1 1 1 0 0 0 36297.0 32526.0 3 0.217707253961836
1 0 1 1 1 0 1 1 1 0 1 1 1 1 1 1 0 1 1 0 0 0 1 0 1 0 1 1 0 1 1 1 0 1 1 1 1 0 0 0 0 1 1 1 1 1 1 1 1 1 0 1 0 1 0 0 0 1 1 0 1 0 1 1 0 0 0 1 0 1 0 0 1 1 1 1 1 1 1 1 1 1 0 0 0 1 1 0 1 0 0 0 1 1 0 1 0 0 1 0 36530.0 32436.0 3 0.11196133874262792
1 0 1 0 1 0 1 1 1 1 1 1 1 1 0 1 0 1 0 1 0 0 1 0 1 1 1 1 1 1 1 1 0 1 0 1 1 0 0 0 0 1 0 0 1 1 1 1 1 1 0 1 0 1 0 0 0 0 1 0 1 0 1 1 0 1 0 1 0 1 0 0 1 1 1 1 1 1 1 1 1 1 0 0 0 1 1 0 1 0 0 0 1 1 1 1 1 0 0 0 36577.0 32339.0 3 0.06458490665448802
1 0 1 1 1 0 1 1 1 0 1 1 1 1 1 1 0 1 0 0 0 0 1 0 1 1 1 1 1 1 1 1 0 1 0 1 1 0 0 0 0 1 1 0 1 1 1 1 1 1 1 1 0 1 0 0 0 1 1 0 1 0 1 1 0 0 0 1 0 1 0 0 1 1 1 0 1 1 1 1 1 1 0 0 0 1 1 0 1 0 0 0 1 1 1 1 0 0 1 0 36661.0 32313.0 3 0.14530052629421703
1 0 1 1 1 0 1 1 1 1 1 1 1 1 0 1 0 1 0 1 0 0 0 0 1 1 1 1 1 1 1 1 0 1 0 1 1 0 0 0 0 1 0 0 1 1 1 1 1 1 0 1 0 1 0 0 0 0 1 0 1 0 1 1 0 1 0 1 0 1 0 0 1 1 1 1 1 1 1 1 1 1 0 0 0 1 1 0 1 0 0 0 1 1 1 1 1 0 0 0 36853.0 32053.0 3 0.23901192504258176
1 0 1 1 1 0 1 1 1 1 1 1 1 1 0 1 0 1 0 1 0 0 0 0 1 1 1 1 1 1 1 1 0 1 0 1 1 0 0 0 0 1 1 0 1 1 1 1 1 1 1 1 0 1 0 0 0 1 1 0 1 0 1 1 0 0 0 1 0 1 0 0 1 1 1 0 1 1 1 1 1 1 0 0 0 1 1 0 1 0 0 0 1 1 1 1 0 0 1 0 36890.0 31731.0 3 0.17448029177423235
1 0 1 0 1 0 1 1 1 1 1 0 1 1 0 1 0 1 0 1 0 0 0 0 1 1 1 1 1 1 1 1 0 1 0 1 1 0 0 0 0 1 1 0 1 1 1 1 1 1 0 1 0 1 0 0 0 1 1 0 1 0 1 1 0 1 0 1 0 1 0 0 1 1 1 1 1 1 1 1 1 1 1 0 0 1 1 0 1 0 0 0 1 1 1 1 1 0 0 0 37032.0 31634.0 3 0.12558644631388782
1 0 1 0 1 0 1 1 1 1 1 0 1 1 0 1 0 1 0 1 0 0 1 0 1 1 1 1 0 1 1 1 0 1 0 1 1 0 0 0 0 1 1 1 1 1 1 1 1 1 0 1 0 1 0 0 0 0 1 0 1 1 1 1 0 1 0 1 0 1 0 0 1 1 1 1 1 1 1 1 1 1 0 0 0 1 1 0 1 0 0 0 1 1 0 1 0 0 1 0 37135.0 31487.0 3 0.16083996323550404
1 0 1 0 1 0 1 1 1 1 1 1 1 1 1 1 0 1 0 1 0 0 0 0 1 1 1 1 1 1 1 1 0 1 0 1 1 0 0 0 0 1 1 0 1 1 1 1 1 1 0 1 0 1 0 0 0 1 1 0 1 0 1 1 0 1 0 1 0 1 0 0 1 1 1 0 1 1 1 1 1 1 0 0 0 1 1 0 1 0 0 0 1 1 1 1 0 0 1 0 37139.0 31219.0 3 0.25316332683514314
1 0 1 0 1 0 1 1 1 1 1 1 1 1 0 1 0 1 0 1 0 0 0 0 1 1 1 1 1 1 1 1 0 1 1 1 1 0 0 0 0 1 0 0 1 1 1 1 1 1 0 1 0 1 0 0 0 0 1 0 1 0 1 1 0 1 0 1 0 1 0 0 1 1 1 1 1 1 1 1 1 1 0 0 0 1 1 0 1 0 0 0 1 1 1 1 0 0 1 0 37439.0 30901.0 3 2000000000000000.0
1 0 1 1 1 0 1 1 1 0 1 1 1 1 0 1 0 1 0 1 0 0 1 0 0 1 0 1 0 1 1 1 0 1 1 1 1 0 0 0 0 1 1 1 1 1 1 1 0 1 0 1 0 1 0 0 1 1 1 0 1 0 1 1 0 1 0 1 0 1 0 0 1 1 1 0 1 1 1 0 1 0 0 1 1 0 0 0 0 0 0 0 1 1 1 1 1 0 0 0 31253.0 33794.0 4 2000000000000000.0
1 0 1 1 1 0 1 1 1 0 1 1 1 1 0 1 0 1 0 1 0 0 1 0 1 1 0 1 0 1 1 1 0 1 1 1 1 0 0 0 0 1 1 1 0 1 1 1 0 1 0 1 0 1 0 0 1 1 1 0 1 1 1 0 0 1 0 1 0 1 0 0 1 1 1 1 1 1 1 1 1 0 0 1 1 0 0 0 0 0 0 0 1 1 1 1 1 0 0 0 32414.0 33715.0 4 0.23920145550966235
1 0 1 1 1 0 1 1 1 0 1 1 1 1 1 1 0 1 0 0 0 0 1 0 1 0 1 1 0 1 1 1 0 1 0 1 1 0 0 0 0 1 1 1 1 1 1 1 1 1 0 1 0 1 1 0 0 0 1 0 1 1 1 1 0 1 0 1 0 1 0 0 1 1 1 0 1 1 1 0 1 0 0 1 1 0 0 0 0 0 0 0 1 1 1 1 1 0 0 0 32464.0 33595.0 4 0.3132534212167979
1 0 1 1 1 0 1 1 1 0 0 1 1 1 0 1 0 1 0 1 0 0 1 0 1 1 1 1 0 1 1 1 0 1 1 1 1 0 0 0 0 1 1 1 1 1 1 1 0 1 0 1 0 1 0 0 1 1 1 0 1 1 1 1 0 1 0 1 0 1 0 0 1 1 1 1 1 1 1 1 1 0 0 1 0 0 0 0 0 0 0 0 1 1 1 1 1 0 0 0 34140.0 33566.0 4 0.2975826940964196
1 0 1 1 1 0 0 1 1 0 1 1 1 1 1 1 0 1 0 0 1 0 1 0 1 1 1 1 1 1 1 1 0 1 0 1 1 0 0 0 0 1 1 0 1 1 1 1 1 1 0 1 0 1 0 0 1 1 1 0 1 0 1 1 0 0 0 1 0 1 0 0 1 1 1 0 1 1 1 1 1 0 0 1 1 0 0 0 0 0 0 0 1 1 1 1 1 0 0 0 34142.0 33484.0 4 0.10471702733254037
1 0 1 1 1 0 1 1 1 0 1 1 1 1 1 1 0 1 0 0 0 0 1 0 1 1 1 1 1 1 1 1 0 1 0 1 1 0 0 0 0 1 1 1 1 1 1 1 0 1 0 1 0 1 0 0 1 1 1 0 1 1 1 1 0 0 0 1 0 1 0 0 1 1 1 0 1 1 1 1 1 1 0 0 0 0 0 0 0 0 0 0 1 1 1 1 1 1 0 0 34600.0 33423.0 4 0.16225832873199159
1 0 1 1 1 0 1 1 1 0 1 1 1 1 1 1 0 1 0 0 0 0 1 0 1 0 1 1 0 1 1 1 0 1 1 1 1 0 0 0 0 1 1 0 1 1 1 1 1 1 0 1 0 1 0 1 1 1 1 0 1 0 1 1 0 0 0 1 0 1 0 0 1 1 1 0 1 1 1 1 1 1 0 0 0 1 0 0 0 0 0 0 1 1 1 1 1 1 0 0 34976.0 33359.0 4 0.14924568053339704
1 0 1 1 1 0 1 1 1 0 1 1 1 1 1 1 0 1 0 0 0 0 1 0 1 1 1 1 1 1 1 1 0 1 0 1 1 0 0 0 0 1 1 0 1 1 1 1 1 1 0 1 0 1 1 0 0 1 1 0 1 0 1 1 0 0 0 1 0 1 0 0 1 1 1 1 1 1 1 1 1 0 0 1 0 0 1 0 0 0 0 0 1 1 1 1 1 0 0 0 35347.0 33292.0 4 0.10227122987099854
1 0 1 1 1 0 1 1 1 0 1 1 1 1 1 1 0 1 0 0 0 0 1 0 1 1 0 1 0 1 1 1 0 1 0 1 1 0 0 0 0 1 1 1 1 1 1 1 1 1 0 1 0 1 0 0 0 0 1 0 1 0 1 1 0 1 0 1 0 1 0 0 1 1 1 1 1 1 1 1 1 1 1 0 0 1 1 0 0 0 0 0 1 1 1 1 1 0 0 0 35406.0 33204.0 4 0.12041508480740035
1 0 1 1 1 0 1 1 1 0 0 1 1 1 0 1 0 1 0 1 0 0 1 0 1 1 1 1 0 1 1 1 0 1 1 1 1 0 0 0 0 1 1 0 1 1 1 1 1 1 0 1 0 1 0 0 0 0 1 0 1 0 1 1 0 0 0 1 0 1 0 0 1 1 1 0 1 1 1 1 1 1 0 0 0 1 1 0 1 0 0 0 1 1 1 1 1 1 0 0 35697.0 32985.0 4 0.15330693081970076
1 0 1 1 1 0 1 1 1 0 1 1 1 1 1 1 0 1 0 0 0 0 1 0 1 1 1 1 1 1 1 1 0 1 0 1 1 0 0 0 0 1 1 0 1 1 1 1 1 1 0 1 0 1 0 0 0 1 1 0 1 0 1 1 0 0 0 1 0 1 0 0 1 1 1 0 1 1 1 1 1 1 0 0 0 1 1 0 1 0 0 0 1 1 1 1 1 0 0 0 35869.0 32827.0 4 0.1968800313558561
1 0 1 1 1 0 1 1 1 0 0 1 1 1 0 1 0 1 0 1 0 0 1 0 1 1 1 1 0 1 0 1 0 1 0 1 1 0 1 0 0 1 1 1 1 1 1 1 1 1 0 1 0 1 0 0 0 1 1 0 1 0 1 1 0 0 0 1 0 1 0 0 1 1 1 1 1 1 1 1 1 1 0 0 0 1 1 0 1 0 0 0 1 1 0 1 0 0 1 0 36165.0 32400.0 4 0.20336769205421734
1 0 1 1 1 0 1 1 1 0 1 1 1 1 1 1 0 1 0 0 0 0 1 0 1 0 1 1 0 1 1 1 0 1 1 1 1 0 0 0 0 1 1 1 1 1 1 1 1 1 0 1 0 1 0 0 0 0 1 0 1 0 1 1 0 1 0 1 0 1 0 0 1 1 1 1 1 1 1 1 1 1 0 0 0 1 1 0 1 0 0 0 1 1 0 1 0 0 1 0 36526.0 32361.0 4 0.1624277971246215
1 0 1 1 1 0 1 1 1 0 1 1 1 1 1 1 0 1 0 0 0 0 1 0 1 1 1 1 1 1 1 1 0 1 0 1 1 0 0 0 0 1 1 0 1 1 1 1 1 1 0 1 0 1 1 0 0 1 1 0 1 0 1 1 0 0 0 1 0 1 0 0 1 1 1 0 1 1 1 1 1 1 0 0 0 1 1 0 1 0 0 0 1 1 1 1 0 0 1 0 36636.0 31985.0 4 0.10899422780893644
1 0 1 1 1 0 1 1 1 0 1 1 1 1 1 1 0 1 0 0 0 0 1 0 1 0 1 1 0 1 1 1 0 1 1 1 1 0 0 0 0 1 1 0 1 1 1 1 1 1 0 1 0 1 0 0 0 1 1 0 1 0 1 1 0 1 0 1 0 1 0 0 1 1 1 1 1 1 1 1 1 1 0 0 0 1 1 0 1 0 0 0 1 1 1 1 0 0 1 0 36687.0 31959.0 4 0.04156674286293126
1 0 1 0 0 0 1 1 1 1 1 1 1 1 1 1 0 1 0 0 0 1 1 0 1 1 1 1 1 1 1 1 0 1 0 1 1 0 0 0 0 1 1 0 1 1 1 1 1 1 0 1 0 1 0 0 0 1 1 0 1 0 1 1 0 0 0 1 0 1 0 0 1 1 1 1 1 1 1 1 1 1 0 0 0 1 1 0 1 0 0 0 1 1 1 1 1 0 0 0 36748.0 31872.0 4 0.054662795763995964
1 0 1 0 1 0 1 1 1 1 1 1 1 1 0 1 0 1 0 1 0 0 0 0 1 1 1 1 1 1 1 1 0 1 0 1 1 0 0 0 0 1 1 0 1 1 1 1 1 1 0 1 0 1 0 0 0 0 1 0 1 0 1 1 0 1 0 1 0 1 0 0 1 1 1 1 1 1 1 1 1 1 0 0 0 1 1 0 1 0 0 0 1 1 1 1 1 0 0 0 36825.0 31803.0 4 0.07101257448741559
1 0 1 1 1 0 1 1 1 0 1 1 1 1 1 1 0 1 0 0 1 0 1 0 1 1 1 1 1 1 1 1 0 1 0 1 1 0 0 0 0 1 0 0 1 1 1 1 1 1 0 1 0 1 0 0 0 0 1 0 1 0 1 1 0 1 0 1 0 1 0 0 1 1 1 1 1 1 1 1 1 1 0 0 0 1 1 0 1 0 0 0 1 1 0 1 0 0 0 0 36844.0 31603.0 4 0.0773187508614348
1 0 1 0 1 0 1 1 1 1 1 1 1 1 0 1 0 1 0 1 0 0 0 0 1 1 1 1 1 1 1 1 0 1 0 1 1 0 0 0 0 1 1 0 1 1 1 1 1 1 0 1 0 1 0 0 0 1 1 0 1 0 1 1 0 1 0 1 0 1 0 0 1 1 1 1 1 1 1 1 1 1 1 0 0 1 1 0 1 0 0 0 1 1 0 1 1 0 0 0 37016.0 31579.0 4 0.09262364839700729
1 0 1 1 1 0 1 1 1 0 1 1 1 1 1 1 0 1 0 0 0 0 1 0 1 1 1 1 1 1 1 1 0 1 0 1 1 0 0 0 0 1 0 0 1 1 1 1 1 1 0 1 0 1 0 0 0 0 1 0 1 0 1 1 0 1 0 1 0 1 0 0 1 1 1 1 1 1 1 1 1 1 0 0 0 1 1 0 1 0 0 0 1 1 0 1 0 0 1 0 37077.0 31338.0 4 0.09249783452378943
1 0 1 1 1 0 1 1 1 0 1 1 1 1 0 1 0 1 0 0 1 0 1 0 1 1 1 1 1 1 1 1 0 1 0 1 1 0 0 0 0 1 0 0 1 1 1 1 1 1 0 1 0 1 0 0 0 0 1 0 1 0 1 1 0 1 0 1 0 1 0 0 1 1 1 1 1 1 1 1 1 1 0 0 0 1 1 0 1 0 0 0 1 1 0 1 0 0 1 0 37134.0 31223.0 4 0.15707535587941407
1 0 1 0 0 0 1 1 1 1 1 1 1 1 0 1 0 1 1 1 0 0 0 0 1 1 1 1 1 1 1 1 0 1 0 1 1 0 0 0 0 1 1 1 1 1 1 1 1 1 0 1 0 1 0 0 0 0 1 0 1 0 1 1 0 1 0 1 0 1 0 0 1 1 1 1 1 1 1 1 1 1 0 0 0 1 1 0 1 0 0 0 1 1 0 1 0 0 1 0 37204.0 30675.0 4 0.15774094425364674
1 0 1 0 1 0 1 1 1 1 1 1 1 1 0 1 0 1 0 1 0 0 0 0 1 1 1 1 1 1 1 1 0 1 0 1 1 0 0 0 0 1 1 0 1 1 1 1 1 1 0 1 0 1 0 0 0 1 1 0 1 0 1 1 0 1 0 1 0 1 0 0 1 1 1 1 1 1 1 1 1 1 0 0 0 1 1 0 1 0 0 0 1 1 0 1 0 0 1 0 37309.0 30595.0 4 0.3844344880127538
1 0 1 0 0 0 1 1 1 1 1 1 1 1 0 1 0 1 1 1 0 0 0 0 1 1 1 1 1 1 1 1 0 1 0 0 1 0 0 0 0 1 1 0 1 1 1 1 1 1 0 1 0 1 0 0 0 1 1 0 1 0 1 1 0 1 0 1 0 1 0 0 1 1 1 1 1 1 1 1 1 1 0 0 0 1 1 0 1 0 0 0 1 1 0 1 0 0 1 1 37360.0 28929.0 4 2000000000000000.0
1 0 1 1 1 0 1 1 1 0 1 1 1 1 1 1 0 1 0 0 0 0 1 0 1 1 1 1 0 1 0 1 0 1 0 1 1 0 1 0 0 1 1 1 1 1 1 1 1 1 0 1 0 1 0 0 0 1 1 0 1 0 1 0 0 1 0 0 0 1 0 0 1 1 1 0 1 1 1 0 1 0 0 1 1 0 0 0 0 0 0 0 1 1 1 1 1 0 0 0 30886.0 33793.0 5 2000000000000000.0
1 0 1 1 1 0 1 1 1 0 1 1 1 1 1 1 0 1 0 0 0 0 1 0 1 1 1 1 1 1 1 1 0 1 0 1 1 0 0 0 0 1 1 0 0 1 1 1 1 1 0 1 0 1 0 0 0 0 1 0 1 0 1 1 0 1 0 1 0 1 0 0 1 1 1 1 1 1 1 1 1 1 0 0 0 1 1 0 1 0 0 0 1 1 0 1 0 0 1 0 37091.0 31167.0 5 2000000000000000.0
1 0 1 1 1 0 1 1 1 0 0 1 1 1 0 1 0 1 0 1 0 0 1 0 1 1 1 1 0 1 1 1 0 1 1 1 1 0 0 0 0 1 1 0 1 1 1 1 1 1 0 1 0 1 0 0 1 1 1 0 1 0 1 1 0 1 0 1 0 1 0 0 1 1 1 0 1 1 1 0 1 0 0 1 1 0 0 0 0 0 0 0 1 1 1 1 1 0 0 0 33018.0 33533.0 5 0.504628481195595
1 0 1 1 1 0 1 1 1 0 1 1 1 1 1 1 0 1 0 0 0 0 1 0 0 0 1 1 0 1 1 1 0 1 1 1 1 0 0 0 0 1 1 1 1 1 1 1 1 1 0 1 0 1 0 0 0 1 1 0 1 0 1 1 0 1 0 1 0 1 0 0 1 1 1 0 1 1 1 1 1 1 0 0 0 1 1 0 1 0 0 0 1 1 1 1 1 0 0 0 34768.0 33307.0 5 0.4487500253155444
