1 0 1 1 1 0 1 1 1 0 1 1 1 1 0 1 0 1 0 1 0 0 1 0 1 1 0 1 0 1 1 1 0 1 1 1 1 0 0 0 0 1 1 1 1 1 1 1 1 1 0 1 0 1 0 0 0 0 1 0 1 0 1 1 0 1 0 1 0 1 0 0 1 1 1 1 1 1 1 1 1 0 0 1 1 0 0 0 0 0 0 0 1 1 1 1 1 0 0 0 33990.0 34542.0 0 2000000000000000.0
1 0 1 1 1 0 1 1 1 0 1 1 1 1 0 1 0 1 0 1 0 0 1 0 1 1 1 1 0 1 1 1 0 1 0 1 1 0 0 0 0 1 1 1 1 1 1 1 1 1 0 1 0 1 0 0 1 1 1 0 1 0 1 1 0 0 0 1 0 1 0 0 1 1 1 0 1 1 1 1 1 0 0 1 0 0 1 0 0 1 0 0 1 1 1 1 1 0 0 0 34269.0 34281.0 0 0.21830516188771598
1 0 1 1 1 0 1 1 1 0 1 1 1 1 0 1 0 1 0 1 0 0 1 0 1 1 1 1 0 1 1 1 0 1 0 1 1 0 0 0 0 1 1 1 1 1 1 1 1 1 0 1 0 1 0 0 0 0 1 0 1 0 1 1 0 1 0 1 0 1 0 0 1 1 1 1 1 1 1 1 1 0 0 1 1 0 0 0 0 0 0 0 1 1 1 1 1 0 0 0 34423.0 34199.0 0 0.5087128735386851
1 0 1 1 1 0 1 1 1 0 1 1 1 1 0 1 0 1 0 1 0 0 1 0 1 1 1 1 0 1 1 1 0 1 0 1 1 0 0 0 0 1 1 1 1 1 1 1 1 1 0 1 0 1 0 0 0 0 1 0 1 0 1 1 0 0 0 1 0 1 0 0 1 1 1 0 1 1 1 1 1 1 0 0 0 1 1 0 1 0 0 0 1 1 1 1 1 1 0 0 35692.0 33839.0 0 0.5709825622418874
1 0 1 1 1 0 1 1 1 0 1 1 1 1 1 1 0 1 0 0 0 0 1 0 1 1 1 1 0 1 0 1 0 1 0 1 1 0 1 0 0 1 1 1 1 1 1 1 1 1 0 1 0 1 0 0 0 1 1 0 1 0 1 1 0 0 0 1 0 1 0 0 1 1 1 1 1 1 1 1 1 1 0 0 0 1 1 0 1 0 0 0 1 1 1 1 1 0 0 0 36113.0 33783.0 0 0.2679742502961843
1 0 1 1 1 0 1 1 1 0 1 1 1 1 0 1 0 1 0 1 0 0 1 0 1 1 1 1 0 1 1 1 0 1 0 1 1 0 0 0 0 1 1 1 1 1 1 1 1 1 0 1 0 1 0 0 0 0 1 0 1 0 1 1 0 1 0 1 0 1 0 0 1 1 1 1 1 1 1 1 1 1 0 0 0 1 1 0 1 0 0 0 1 1 1 1 1 0 0 0 36475.0 33635.0 0 0.3706619801270371
1 0 1 1 1 0 1 1 1 0 1 1 1 1 0 1 0 1 0 1 0 0 0 0 1 1 1 1 1 1 1 1 0 1 0 1 1 0 0 0 0 1 1 1 1 1 1 1 1 1 0 1 0 1 0 0 0 0 1 0 1 0 1 1 0 1 0 1 0 1 0 0 1 1 1 1 1 1 1 1 1 1 0 0 0 1 1 0 1 0 0 0 1 1 1 1 1 0 0 0 36917.0 33260.0 0 0.4726736497131791
1 0 1 1 1 0 1 1 1 0 1 1 1 1 0 1 0 1 0 1 0 0 1 0 1 1 1 1 1 1 1 1 0 1 0 1 1 0 0 0 0 1 1 1 1 1 1 1 1 1 0 1 0 1 0 0 0 0 1 0 1 0 1 1 0 0 0 1 0 1 0 0 1 1 1 1 1 1 1 1 1 1 0 0 0 1 1 0 1 0 0 0 1 1 0 1 0 0 1 0 37287.0 32784.0 0 0.2985605513922605
1 0 1 1 1 0 1 1 1 0 1 1 1 1 1 1 0 1 0 0 0 0 1 0 1 1 1 1 1 1 1 1 0 1 0 1 1 0 0 0 0 1 1 1 1 1 1 1 1 1 0 1 0 1 0 0 0 1 1 0 1 0 1 1 0 0 0 1 0 1 0 0 1 1 1 1 1 1 1 1 1 1 0 0 0 1 1 0 1 0 0 0 1 1 0 1 0 0 1 0 37310.0 32619.0 0 0.24003806051823456
1 0 1 1 1 0 1 1 1 0 1 1 1 1 1 1 0 1 0 0 0 0 1 0 1 1 1 1 1 1 1 1 0 1 0 1 1 0 0 0 0 1 1 0 1 1 1 1 1 1 0 1 0 1 0 0 0 1 1 0 1 0 1 1 0 0 0 1 0 1 0 0 1 1 1 1 1 1 1 1 1 1 0 0 0 1 1 0 1 0 0 0 1 1 1 1 0 0 1 0 37440.0 32128.0 0 0.380362960194189
1 0 1 1 1 0 1 1 1 0 1 1 1 1 0 1 0 1 0 1 0 0 0 0 1 1 1 1 1 1 1 1 0 1 0 1 1 0 0 0 0 1 1 0 1 1 1 1 1 1 0 1 0 1 0 0 0 1 1 0 1 0 1 1 0 1 0 1 0 1 0 0 1 1 1 1 1 1 1 1 1 1 0 0 0 1 1 0 1 0 0 0 1 1 1 1 0 0 1 0 37531.0 31561.0 0 0.2468820995133702
1 0 1 1 1 0 1 1 1 1 1 1 1 1 0 1 0 1 1 1 0 0 0 0 1 1 1 1 1 1 1 1 0 1 0 1 1 0 0 0 0 1 1 0 1 1 1 1 1 1 0 1 0 1 0 0 0 0 1 0 1 0 1 1 0 1 0 1 0 1 0 0 1 1 1 1 1 1 1 1 1 1 0 0 0 0 1 0 1 0 0 0 1 1 1 1 0 0 1 0 37721.0 31560.0 0 0.16112678415685217
1 0 1 1 1 0 1 1 1 1 1 1 1 1 0 1 0 1 0 1 0 0 0 0 1 1 1 1 1 1 1 1 0 1 0 1 1 0 0 0 0 1 1 0 1 1 1 1 1 1 0 1 0 1 0 0 0 1 1 0 1 0 1 1 0 1 0 1 0 1 0 0 1 1 1 1 1 1 1 1 1 1 0 0 0 1 1 0 1 0 0 0 1 1 0 1 0 0 1 0 37794.0 31259.0 0 2000000000000000.0
1 0 1 1 1 0 1 1 1 0 1 1 1 1 1 1 0 1 0 0 0 0 1 0 1 0 1 1 0 1 1 1 0 1 1 1 1 0 0 0 0 1 1 1 1 1 1 1 1 1 0 1 0 1 0 0 1 1 1 0 1 0 1 1 0 0 0 1 0 1 0 0 1 1 1 0 1 1 1 1 1 0 0 1 0 0 1 0 0 1 0 0 1 1 1 1 1 0 0 0 33867.0 34304.0 1 2000000000000000.0
1 0 1 1 1 0 1 1 1 0 1 1 1 1 1 1 0 1 0 0 0 0 1 0 1 1 0 1 0 1 1 1 0 1 1 1 1 0 0 0 0 1 1 1 1 1 1 1 1 1 0 1 0 1 0 0 0 0 1 0 1 0 1 1 0 1 0 1 0 1 0 0 1 1 1 1 1 1 1 1 1 0 0 1 1 0 0 0 0 0 0 0 1 1 1 1 1 0 0 0 33982.0 34288.0 1 0.4093190666322353
1 0 1 1 1 0 1 1 1 0 1 1 1 1 0 1 0 1 0 1 0 0 0 0 1 1 1 1 1 1 1 1 0 1 0 1 1 0 0 0 0 1 1 1 1 1 1 1 1 1 0 1 0 1 0 0 0 0 1 0 1 0 1 1 0 1 0 1 0 1 0 0 1 1 1 1 1 1 1 1 1 0 0 1 1 0 0 0 0 0 0 0 1 1 1 1 1 0 0 0 34865.0 33824.0 1 0.6162522981042352
1 0 1 1 1 0 1 1 1 0 1 1 1 1 0 1 0 1 0 1 0 0 1 0 1 1 0 1 0 1 1 1 0 1 1 1 1 0 0 0 0 1 1 1 1 1 1 1 1 1 0 1 0 1 0 0 0 1 1 0 1 0 1 1 0 0 0 1 0 1 0 0 1 1 1 0 1 1 1 1 1 1 0 0 0 1 1 0 1 0 0 0 1 1 1 1 1 0 1 0 35734.0 33766.0 1 0.4242402005427538
0 0 1 1 1 0 1 1 1 0 1 1 1 1 0 1 0 1 0 1 0 0 1 0 1 1 1 1 0 1 1 1 1 1 0 1 1 0 0 0 0 1 1 1 1 1 1 1 1 1 0 1 0 1 0 0 0 0 1 0 1 0 1 1 0 1 0 1 0 1 0 0 1 1 1 1 1 1 1 1 1 1 0 0 0 1 1 0 1 0 0 0 1 1 1 1 1 0 0 0 36217.0 33582.0 1 0.3065066653213196
1 0 1 1 1 0 1 1 1 0 1 1 1 1 0 1 0 1 0 0 1 0 1 0 1 1 1 1 1 1 1 1 0 1 0 1 1 0 0 0 0 1 0 1 1 1 1 1 1 1 0 1 0 1 0 0 0 1 1 0 1 0 1 1 0 0 0 1 0 1 0 0 1 1 1 1 1 1 1 1 1 1 0 0 0 1 1 0 1 0 0 0 1 1 1 1 1 0 0 0 36457.0 33387.0 1 0.2364267705722029
1 0 1 1 1 0 1 1 1 0 1 1 1 1 0 1 0 1 0 1 0 0 1 0 1 1 1 1 1 1 1 1 0 1 0 1 1 0 0 0 0 1 1 0 1 1 1 1 1 1 0 1 0 1 0 0 0 1 1 0 1 0 1 1 0 1 0 1 0 1 0 0 1 1 1 1 1 1 1 1 1 1 0 0 0 1 1 0 0 0 0 0 1 1 1 1 1 0 0 0 36616.0 33162.0 1 0.19563582959105918
1 0 1 1 1 0 1 1 1 0 1 1 1 1 1 1 0 1 0 0 0 0 1 0 1 1 1 1 0 1 1 1 0 1 1 1 1 0 0 0 0 1 1 1 1 1 1 1 1 1 0 1 0 1 0 0 0 1 1 0 1 0 1 1 0 0 0 1 0 1 0 0 1 1 1 1 1 1 1 1 1 1 0 0 0 1 1 0 1 0 0 0 1 1 0 1 0 1 0 0 36666.0 32942.0 1 0.11299187293366829
1 0 1 1 1 0 1 1 1 0 1 1 1 1 1 1 0 1 0 0 0 0 1 0 1 1 1 1 0 1 0 1 0 1 0 1 1 0 1 0 0 1 1 1 1 1 1 1 1 1 0 1 0 1 0 0 0 1 1 0 1 0 1 1 0 0 0 1 0 1 0 0 1 1 1 1 1 1 1 1 1 1 0 0 0 1 1 0 1 0 0 0 1 1 1 1 0 0 1 0 36733.0 32902.0 1 0.10974062052418077
1 0 1 1 1 0 1 1 1 0 0 1 1 1 0 1 0 1 0 1 0 0 1 0 1 1 1 1 0 1 1 1 0 1 1 1 1 0 0 0 0 1 1 1 1 1 1 1 1 1 0 1 0 1 0 0 0 1 1 0 1 0 1 1 0 0 0 1 0 1 0 0 1 1 1 1 1 1 1 1 1 1 0 0 0 1 1 0 1 0 0 0 1 1 1 1 0 0 1 0 36876.0 32767.0 1 0.14013980598299497
1 0 1 1 1 0 1 1 1 0 1 1 1 1 0 1 0 1 0 1 0 0 1 0 1 1 1 1 0 1 1 1 0 1 0 1 1 0 0 0 0 1 1 1 1 1 1 1 1 1 0 1 0 1 0 0 0 0 1 0 1 0 1 1 0 1 0 1 0 1 0 0 1 1 1 1 1 1 1 1 1 1 0 0 0 1 1 0 1 0 0 0 1 1 1 1 0 0 1 0 37095.0 32754.0 1 0.08636514927358042
1 0 1 1 1 0 1 1 1 0 1 1 1 1 0 1 0 1 0 1 0 0 1 0 1 1 1 1 0 1 1 1 0 1 1 1 1 0 0 0 0 1 1 1 1 1 1 1 1 1 0 1 0 1 0 0 0 1 1 0 1 0 1 1 0 0 0 1 0 1 0 0 1 1 1 1 1 1 1 1 1 1 0 0 0 1 1 0 1 0 0 0 1 1 0 1 0 0 1 0 37118.0 32691.0 1 0.061014913599140574
1 0 1 1 1 0 1 1 1 0 1 1 1 1 1 1 0 1 0 0 0 0 1 0 1 1 1 1 0 1 1 1 1 1 0 1 1 0 0 0 0 1 1 1 1 1 1 1 1 1 0 1 0 1 0 0 0 0 1 0 1 0 1 1 0 1 0 1 0 1 0 0 1 1 1 1 1 1 1 1 1 1 0 0 0 1 1 0 1 0 0 0 1 1 1 1 0 0 1 0 37145.0 32603.0 1 0.12075546860360076
1 0 1 1 1 0 1 1 1 1 1 1 1 1 0 1 0 1 0 1 0 0 0 0 1 1 1 1 1 1 1 1 0 1 0 1 1 0 0 0 0 1 1 0 1 1 1 1 1 1 0 1 0 1 0 0 0 0 1 0 1 0 1 1 0 1 0 1 0 1 0 0 1 1 1 1 1 1 1 1 1 1 0 0 0 1 1 0 1 0 0 0 1 1 1 1 1 0 0 0 37310.0 32467.0 1 0.3886597154609387
1 0 1 0 1 0 1 1 1 1 1 1 1 1 1 1 0 1 0 0 0 0 1 0 1 1 1 1 1 1 1 1 0 1 0 1 1 0 0 0 0 1 1 0 1 1 1 1 1 1 0 1 0 1 0 0 0 1 1 0 1 0 1 1 0 0 0 1 0 1 0 0 1 1 1 1 1 1 1 1 1 1 0 0 0 1 1 0 1 0 0 0 1 1 1 1 0 0 1 0 37385.0 31578.0 1 0.37443194400945445
1 0 1 1 1 0 1 1 1 1 1 1 1 1 1 1 0 1 0 0 0 0 1 0 1 1 1 1 1 1 1 1 0 1 0 1 1 0 0 0 0 1 0 0 1 1 1 1 1 1 0 1 0 1 0 0 0 0 1 0 1 0 1 1 0 1 0 1 0 1 0 0 1 1 1 1 1 1 1 1 1 1 0 0 0 1 1 0 1 0 0 0 1 1 0 1 0 0 1 0 37507.0 31452.0 1 0.12366044928183452
1 0 1 0 1 0 1 1 1 1 1 1 1 1 1 1 0 1 0 0 0 0 1 0 1 1 1 1 1 1 1 1 0 1 0 1 1 0 0 0 0 1 1 0 1 1 1 1 1 1 0 1 0 1 0 0 0 1 1 0 1 0 1 1 0 1 0 1 0 1 0 0 1 1 1 1 1 1 1 1 1 1 0 0 0 1 1 0 1 0 0 0 1 1 0 1 0 0 1 0 37510.0 31291.0 1 0.10169823843674866
1 0 1 1 1 0 1 1 1 0 1 1 1 1 0 1 0 1 0 0 1 0 0 0 1 1 1 1 1 1 1 1 0 1 0 1 1 0 0 0 0 1 1 0 1 1 1 1 1 1 0 1 0 1 0 0 0 1 1 0 1 0 1 1 0 1 0 1 0 1 0 0 1 1 1 1 1 1 1 1 1 1 0 0 0 1 1 0 1 0 0 0 1 1 1 1 0 0 1 0 37580.0 31192.0 1 0.10354720499417235
1 0 1 1 1 0 1 1 1 1 1 1 1 1 0 1 0 1 0 1 0 0 0 0 1 1 1 1 1 1 1 1 0 1 0 1 1 0 0 0 0 1 1 0 1 1 1 1 1 1 0 1 0 1 0 0 0 0 1 0 1 0 1 1 0 1 0 1 0 1 0 0 1 1 1 1 1 1 1 1 1 1 0 0 0 1 1 0 1 0 0 0 1 1 0 1 0 0 1 0 37763.0 31170.0 1 2000000000000000.0
1 0 1 1 1 0 1 1 1 0 1 1 1 1 0 1 0 1 0 1 0 0 1 0 1 1 0 1 0 1 1 1 0 1 1 1 1 0 0 0 0 1 1 1 1 1 1 1 0 1 0 1 0 1 0 0 1 1 1 0 1 1 1 0 0 1 0 1 0 1 0 0 1 1 1 1 1 1 1 1 1 0 0 1 1 0 0 0 0 0 0 0 1 1 1 1 1 0 0 0 32857.0 34300.0 2 2000000000000000.0
1 0 1 1 1 0 1 1 1 0 1 1 1 1 1 1 0 1 0 0 0 0 1 0 1 0 1 1 1 1 1 1 0 1 0 1 1 0 0 0 0 1 1 1 1 1 1 1 1 1 0 1 0 1 0 0 0 1 1 0 1 0 1 1 0 0 0 1 0 1 0 0 1 1 1 0 1 1 1 1 1 0 0 1 1 0 0 0 0 0 0 0 1 1 1 1 1 0 0 0 33009.0 34182.0 2 0.22297482457885318
1 0 1 1 1 0 1 1 1 0 1 1 1 1 1 1 0 1 0 0 0 0 1 0 1 1 1 1 0 1 1 1 0 1 1 1 1 0 0 0 0 1 1 1 1 1 1 1 1 1 0 1 0 1 0 0 0 1 1 0 1 0 1 1 0 0 0 1 0 1 0 0 1 1 1 0 1 1 1 1 1 0 0 1 1 0 0 0 0 0 0 0 1 1 1 1 1 0 0 0 33654.0 34116.0 2 0.2392084705784704
1 0 1 1 1 0 1 1 1 0 1 1 1 1 0 1 0 1 0 0 1 0 1 0 1 1 1 1 1 1 1 1 0 1 0 1 1 0 0 0 0 1 0 1 1 1 1 1 1 1 0 1 0 1 0 0 0 1 1 0 1 0 1 1 0 1 0 1 0 1 0 0 1 1 1 0 1 1 1 1 1 0 0 1 1 0 0 0 0 0 0 0 1 1 1 1 1 0 0 0 33746.0 33898.0 2 0.15240191549862833
1 0 1 0 1 0 1 1 1 0 1 1 1 1 1 1 0 1 0 0 1 0 1 0 1 1 1 1 0 1 1 1 0 1 1 1 1 0 0 0 0 1 1 1 1 1 1 1 1 1 0 1 0 1 0 0 0 1 1 0 1 0 1 1 0 0 0 1 0 1 0 0 1 1 1 0 1 1 1 1 1 0 0 1 1 0 0 0 0 0 0 0 1 1 1 1 1 0 0 0 33840.0 33727.0 2 0.47668155440091076
1 0 1 1 1 0 1 1 1 0 0 1 1 1 0 1 0 1 0 1 0 0 1 0 1 1 1 1 0 1 0 1 0 1 0 1 1 0 1 0 0 1 1 1 1 1 1 1 1 1 0 1 0 1 0 0 0 1 1 0 1 0 1 1 0 0 0 1 0 1 0 0 1 1 1 1 1 1 1 1 1 1 0 0 0 1 1 0 1 0 0 0 1 1 1 1 1 0 0 0 35712.0 33697.0 2 0.5553840625615534
1 0 1 1 1 0 1 1 1 0 1 1 1 1 0 1 0 1 0 1 0 0 1 0 1 1 1 1 1 1 1 1 0 1 0 1 1 0 0 0 0 1 1 1 1 1 1 1 0 1 0 1 0 1 0 0 0 0 1 0 1 0 1 1 0 1 0 1 0 1 0 0 1 1 1 1 1 1 1 1 1 1 0 0 0 1 1 0 1 0 0 0 1 1 1 1 1 0 0 0 36184.0 33532.0 2 0.2654665874014692
1 0 1 1 1 0 1 1 1 0 1 1 1 1 0 1 0 1 0 1 0 0 1 0 1 1 1 1 0 1 1 1 0 1 0 1 1 0 0 0 0 1 1 1 1 1 1 1 1 1 0 1 0 1 0 0 0 0 1 0 1 0 1 1 0 1 0 1 0 1 0 0 1 1 1 1 1 1 1 1 1 1 0 0 0 1 1 0 1 0 0 0 1 1 0 1 1 0 0 0 36308.0 33219.0 2 0.17489769260280508
1 0 1 1 1 0 1 1 1 0 1 1 1 1 0 1 0 1 0 1 0 0 0 0 1 1 1 1 1 1 1 1 0 1 0 1 1 0 0 0 0 1 1 1 1 1 1 1 1 1 0 1 0 1 0 0 0 0 1 0 1 0 1 1 0 1 0 1 0 1 0 0 1 1 1 1 1 1 1 1 1 1 0 0 0 0 1 0 1 0 0 0 1 1 1 1 1 0 0 0 36443.0 33119.0 2 0.10129209996301472
1 0 1 1 1 0 1 1 1 0 1 1 1 1 0 1 0 1 0 1 0 0 1 0 1 1 1 1 1 1 1 1 0 1 0 1 1 0 0 0 0 1 1 0 1 1 1 1 1 1 0 1 0 1 0 0 0 0 1 0 1 0 1 1 0 1 0 1 0 1 0 0 1 1 1 1 1 1 1 1 1 1 0 0 0 1 1 0 0 0 0 0 1 1 1 1 1 0 0 0 36585.0 33073.0 2 0.09822596405711773
1 0 1 1 1 0 1 1 1 0 1 1 1 1 1 1 0 1 0 0 0 0 1 0 1 0 1 1 1 1 1 1 0 1 0 1 1 0 0 0 0 1 1 1 1 1 1 1 1 1 0 1 0 1 0 0 0 1 1 0 1 0 1 1 0 0 0 1 0 1 0 0 1 1 1 1 1 1 1 1 1 1 0 0 0 1 1 0 1 0 0 0 1 1 1 1 0 0 1 0 36632.0 32919.0 2 0.1837186813208465
1 0 1 1 1 0 1 1 1 0 1 1 1 1 1 1 0 1 0 0 0 0 1 0 1 0 1 1 1 1 1 1 0 1 0 1 1 0 0 0 0 1 1 1 1 1 1 1 1 1 0 1 0 1 0 0 0 0 1 0 1 0 1 1 0 1 0 1 0 1 0 0 1 1 1 1 1 1 1 1 1 1 0 0 0 1 1 0 1 0 0 0 1 1 0 1 0 0 1 0 36726.0 32543.0 2 0.13396646322043756
1 0 1 1 1 0 1 1 1 0 1 1 1 1 1 1 0 1 0 0 0 0 1 0 1 1 1 1 0 1 1 1 0 1 1 1 1 0 0 0 0 1 1 0 1 1 1 1 1 1 0 1 0 1 0 0 0 1 1 0 1 0 1 1 0 1 0 1 0 1 0 0 1 1 1 1 1 1 1 1 1 1 0 0 0 1 1 0 1 0 0 0 1 1 0 1 1 0 0 0 36745.0 32540.0 2 0.026288730040305144
1 0 1 0 1 0 1 1 1 1 1 1 1 1 1 1 0 1 0 1 0 0 0 0 1 1 1 1 0 1 1 1 0 1 0 1 1 0 0 0 0 1 1 1 1 1 1 1 1 1 0 1 0 1 0 0 0 0 1 0 1 0 1 1 0 1 0 1 0 1 0 0 1 1 1 1 1 1 1 1 1 1 0 0 0 1 1 0 1 0 0 0 1 1 1 1 1 0 0 0 36825.0 32525.0 2 0.0340064085314091
1 0 1 1 1 0 1 1 1 0 0 1 1 1 1 1 0 1 0 0 0 0 1 0 1 1 1 1 0 1 1 1 0 1 1 1 1 0 0 0 0 1 1 1 1 1 1 1 1 1 0 1 0 1 0 0 0 1 1 0 1 0 1 1 0 0 0 1 0 1 0 0 1 1 1 1 1 1 1 1 1 1 0 0 0 1 1 0 1 0 0 0 1 1 1 1 0 0 1 0 36868.0 32513.0 2 0.08617324414682484
1 0 1 1 1 0 1 1 1 0 1 1 1 1 1 1 0 1 0 0 0 0 1 0 1 1 1 1 0 1 1 1 0 1 1 1 1 0 0 0 0 1 1 1 1 1 1 1 1 1 0 1 0 1 0 0 0 1 1 0 1 0 1 1 0 0 0 1 0 1 0 0 1 1 1 1 1 1 1 1 1 1 0 0 0 1 1 0 1 0 0 0 1 1 0 1 0 0 1 0 37110.0 32437.0 2 0.1453871066016379
1 0 1 1 1 0 1 1 1 0 1 1 1 1 0 1 0 1 0 1 0 0 1 0 1 1 1 1 1 1 1 1 0 1 0 1 1 0 0 0 0 1 1 0 1 1 1 1 1 1 0 1 0 1 0 0 0 0 1 0 1 0 1 1 0 1 0 1 0 1 0 0 1 1 1 1 1 1 1 1 1 1 0 0 0 0 1 0 1 0 0 0 1 1 1 1 0 0 1 0 37235.0 32281.0 2 0.15463914916980964
1 0 1 1 1 0 1 1 1 0 1 1 1 1 0 1 0 1 0 1 0 0 1 0 1 1 1 1 1 1 1 1 0 1 0 1 1 0 0 0 0 1 0 0 1 1 1 1 1 1 0 1 0 1 0 0 0 0 1 0 1 0 1 1 0 1 0 1 0 1 0 0 1 1 1 1 1 1 1 1 1 1 0 0 0 1 1 0 1 0 0 0 1 1 1 1 0 0 1 0 37252.0 32008.0 2 0.20024043719623824
1 0 1 1 1 0 1 1 1 0 1 1 1 1 0 1 0 1 0 0 1 0 1 0 1 1 1 1 1 1 1 1 0 1 0 1 1 0 0 0 0 1 0 0 1 1 1 1 1 1 0 1 0 1 0 0 0 0 1 0 1 0 1 1 0 1 0 1 0 1 0 0 1 1 1 1 1 1 1 1 1 1 0 0 0 1 1 0 1 0 0 0 1 1 1 1 0 0 1 0 37301.0 31639.0 2 0.18058490007993488
1 0 1 1 1 0 1 1 1 0 1 1 1 1 0 1 0 1 0 0 1 0 1 0 1 1 1 1 1 1 1 1 0 1 0 1 1 0 0 0 0 1 0 0 1 1 1 1 1 1 0 1 0 1 0 0 0 0 1 0 1 0 1 1 0 1 0 1 0 1 1 0 1 1 1 1 1 1 1 1 1 1 0 0 0 1 1 0 1 0 0 0 1 1 0 1 0 0 1 0 37381.0 31480.0 2 0.09559693058057717
1 0 1 1 1 0 1 1 1 0 1 1 1 1 0 1 0 1 0 1 0 0 0 0 1 1 1 1 1 1 1 1 0 1 1 1 1 0 0 0 0 1 0 0 1 1 1 1 1 1 0 1 0 1 0 0 0 0 1 0 1 0 1 1 0 1 0 1 0 1 0 0 1 1 1 1 1 1 1 1 1 1 0 0 0 1 1 0 1 0 0 0 1 1 1 1 0 0 1 0 37494.0 31451.0 2 0.15139433329596785
1 0 1 0 1 0 1 1 1 1 1 0 1 1 0 1 0 1 0 1 0 0 0 0 1 1 1 1 1 1 1 1 0 1 0 1 1 0 0 0 0 1 1 0 1 1 1 1 1 1 0 1 0 1 0 0 1 1 1 0 1 0 1 1 0 1 0 1 0 1 0 0 1 1 1 1 1 1 1 1 1 1 0 0 0 1 1 0 1 0 0 0 1 1 1 1 0 0 1 0 37550.0 31082.0 2 0.18691819457069112
1 0 1 0 1 0 1 1 1 1 1 1 1 1 0 1 0 1 0 1 0 0 0 0 1 1 1 1 1 1 1 1 0 1 0 1 1 0 0 0 0 1 1 0 1 1 1 1 1 1 0 1 0 1 0 0 0 1 1 0 1 0 1 1 0 1 0 1 0 1 1 0 1 1 1 1 1 1 1 1 1 1 0 0 0 1 1 0 1 0 0 0 1 1 0 1 0 0 1 0 37556.0 30852.0 2 2000000000000000.0
1 0 1 1 1 0 1 1 1 0 1 1 1 1 1 1 0 1 0 0 0 0 1 0 0 0 1 1 0 1 1 1 0 1 1 1 1 0 0 0 0 1 1 1 1 1 1 1 1 1 0 1 0 1 0 0 1 1 1 0 1 0 1 1 0 0 0 1 0 1 0 0 1 1 1 0 1 1 1 1 1 0 0 1 0 0 1 0 0 1 0 0 1 1 1 1 1 0 0 0 33482.0 34046.0 3 2000000000000000.0
1 0 1 1 1 0 1 1 1 0 1 1 1 1 0 1 0 1 0 1 0 0 1 0 1 1 1 1 1 1 1 1 0 1 0 1 1 0 0 0 0 1 1 1 1 1 1 1 0 1 0 1 0 1 0 0 1 1 1 0 1 1 1 1 0 0 0 1 0 1 0 0 1 1 1 0 1 1 1 1 1 1 0 0 0 0 0 0 0 0 0 0 1 1 1 1 1 1 0 0 34608.0 33677.0 3 0.6179320050916405
1 0 1 1 1 0 1 1 1 0 1 1 1 1 0 1 0 1 0 1 0 0 1 0 1 1 0 1 0 1 1 1 0 1 1 1 1 0 0 0 0 1 1 1 1 1 1 1 0 1 0 1 0 1 0 0 1 0 1 0 1 1 1 1 0 0 0 1 0 1 0 0 1 1 1 1 1 1 1 1 1 1 0 0 0 1 1 0 1 0 0 0 1 1 1 1 1 0 0 0 35446.0 33663.0 3 0.3055418382928513
1 0 1 1 1 0 1 1 1 0 1 1 1 1 0 1 0 1 0 1 0 0 1 0 1 1 1 1 0 1 1 1 0 1 0 1 1 0 0 0 0 1 1 1 1 1 1 1 1 1 0 1 0 1 1 0 0 1 1 0 1 0 1 1 0 1 0 1 0 1 0 0 1 1 1 0 1 1 1 1 1 1 0 0 0 1 1 0 1 0 0 0 1 1 1 1 1 0 0 0 35702.0 33581.0 3 0.10167095783708223
1 0 1 1 1 0 1 1 1 0 1 1 1 1 1 1 0 1 0 0 0 0 1 0 1 1 1 1 0 1 1 1 0 1 1 1 1 0 0 0 0 1 1 1 1 1 1 1 1 1 0 1 0 1 0 0 0 1 1 0 1 0 1 1 0 0 0 1 0 1 0 0 1 1 1 0 1 1 1 1 1 1 0 0 0 1 1 0 1 0 0 0 1 1 1 1 1 0 0 0 35706.0 33552.0 3 0.1528815463722724
1 0 1 1 1 0 1 1 1 0 1 1 1 1 1 1 0 1 0 0 0 0 1 0 1 0 1 1 1 1 1 1 0 1 0 1 1 0 0 0 0 1 1 1 1 1 1 1 1 1 0 1 0 1 0 0 0 0 1 0 1 0 1 1 0 1 0 1 0 1 0 0 1 1 1 1 1 1 1 1 1 1 0 0 0 1 1 0 1 0 0 0 1 1 0 1 1 0 0 0 36106.0 33424.0 3 0.1794901578067214
1 0 1 1 1 0 1 1 1 0 1 1 1 1 0 1 0 1 0 1 0 0 1 0 1 1 1 1 0 1 1 1 0 1 0 1 1 0 0 0 0 1 1 1 1 1 1 1 1 1 0 1 0 1 0 0 0 0 1 0 1 0 1 1 0 0 0 1 0 1 0 0 1 1 1 0 1 1 1 1 1 1 0 0 0 1 1 0 1 0 0 0 1 1 1 1 1 0 1 0 36136.0 33334.0 3 0.19031479674205956
1 0 1 0 1 0 1 1 1 1 1 1 1 1 0 1 0 1 0 1 0 0 1 0 1 1 1 1 0 1 1 1 0 1 0 1 1 0 0 0 0 1 1 1 1 1 1 1 1 1 0 1 0 1 0 0 0 0 1 0 1 0 1 1 0 1 0 1 0 1 0 0 1 1 1 1 1 1 1 1 1 1 0 0 0 1 1 0 1 0 0 0 1 1 1 1 1 0 0 0 36420.0 33085.0 3 0.2085391678951644
1 0 1 1 1 0 1 1 1 0 1 1 1 1 0 1 0 1 0 1 0 0 0 0 0 1 1 1 1 1 1 1 0 1 0 1 1 0 0 0 0 1 1 1 1 1 1 1 1 1 0 1 0 1 0 0 0 0 1 0 1 0 1 1 0 1 0 1 0 1 0 0 1 1 1 1 1 1 1 1 1 1 0 0 0 1 1 0 1 0 0 0 1 1 1 1 1 0 0 0 36532.0 33002.0 3 0.11765952058235271
1 0 1 1 1 0 1 1 1 0 1 1 1 1 0 1 0 1 0 1 0 0 1 0 1 1 1 1 1 1 1 1 0 1 0 1 1 0 0 0 0 1 0 0 1 1 1 1 1 1 0 1 0 1 0 0 0 0 1 0 1 0 1 1 0 1 0 1 0 1 0 0 1 1 1 1 1 1 1 1 1 1 0 0 0 1 1 0 1 0 0 0 1 1 1 1 1 0 0 0 36632.0 32889.0 3 0.2372501915971081
1 0 1 0 1 0 1 1 1 1 1 1 1 1 1 1 0 1 0 0 0 0 1 0 1 1 1 1 1 1 1 1 0 1 0 1 1 0 0 0 0 1 1 0 1 1 1 1 1 1 0 1 0 1 0 0 0 1 1 0 1 0 1 1 0 0 0 1 0 1 0 0 1 1 1 1 1 1 1 1 1 1 0 0 0 1 1 0 1 0 0 0 1 1 1 1 1 0 0 0 36765.0 32459.0 3 0.22463835786628158
1 0 1 1 1 0 1 1 1 0 1 1 1 1 0 1 0 1 0 1 0 0 1 0 1 1 1 1 0 1 1 1 0 1 1 1 1 0 0 0 0 1 1 1 1 1 0 1 1 1 0 1 0 1 0 0 0 1 1 0 1 0 1 1 0 0 0 1 0 1 0 0 1 1 1 1 1 1 1 1 1 1 0 0 0 1 1 0 1 0 0 0 1 1 1 1 0 0 1 0 36837.0 32363.0 3 0.08067942110859627
1 0 1 1 1 0 1 1 1 0 1 1 1 1 0 1 0 1 0 1 0 0 1 0 1 1 1 1 0 1 1 1 0 1 0 1 1 0 0 0 0 1 1 1 1 1 1 1 1 1 0 1 0 1 0 0 0 0 1 0 1 0 1 1 0 1 0 1 0 1 0 0 1 1 1 1 1 1 1 1 1 1 0 0 0 1 1 0 1 0 0 0 1 1 0 1 0 0 1 0 36928.0 32338.0 3 0.09329306975289668
1 0 1 1 1 0 1 1 1 0 1 1 1 1 1 1 0 1 0 0 0 0 1 0 1 1 1 1 0 1 1 1 1 1 0 1 1 0 0 0 0 1 1 1 1 1 1 1 1 1 0 1 0 1 0 0 0 0 1 0 1 0 1 1 0 1 0 1 0 1 0 0 1 1 1 1 1 1 1 1 1 1 0 0 0 1 1 0 1 0 0 0 1 1 0 1 0 0 1 0 36978.0 32187.0 3 0.12683126831927913
1 0 1 1 1 0 1 1 1 1 1 1 1 1 0 1 0 1 0 1 0 0 0 0 1 1 1 1 1 1 1 1 0 1 0 1 1 0 0 0 0 1 1 0 1 1 1 1 1 1 0 1 0 1 0 0 0 1 1 0 1 0 1 1 0 1 0 1 0 1 0 0 1 1 1 1 1 1 1 1 1 1 0 0 0 1 1 0 1 0 0 0 1 1 0 1 1 0 0 0 37174.0 32140.0 3 0.19180764557049143
1 0 1 1 1 0 1 1 1 0 1 1 1 1 1 1 0 1 0 1 0 0 0 0 1 1 1 1 1 1 1 1 0 1 0 1 1 0 0 0 0 1 1 0 1 1 1 1 1 1 0 1 0 1 0 0 0 1 1 0 1 0 1 1 0 1 0 1 0 1 0 0 1 1 1 0 1 1 1 1 1 1 0 0 0 1 1 0 1 0 0 0 1 1 1 1 0 0 1 0 37194.0 31769.0 3 0.1447091559909834
1 0 1 1 1 0 1 1 1 0 1 1 1 1 1 1 0 1 0 0 0 0 1 0 1 1 1 1 1 1 1 1 0 1 0 1 1 0 0 0 0 1 0 0 1 1 1 1 1 1 0 1 0 1 0 0 0 0 1 0 1 0 1 1 0 1 0 1 0 1 0 0 1 1 1 1 1 1 1 1 1 1 0 0 0 1 1 0 1 0 0 0 1 1 1 1 0 0 1 0 37244.0 31754.0 3 0.07730904429131094
1 0 1 1 1 0 1 1 1 0 1 1 1 1 1 1 0 1 0 0 0 0 1 0 1 1 1 1 1 1 1 1 0 1 0 1 1 0 0 0 0 1 1 0 0 1 1 1 1 1 0 1 0 1 0 0 0 0 1 0 1 0 1 1 0 1 0 1 0 1 0 0 1 1 1 1 1 1 1 1 1 1 0 0 0 1 1 0 1 0 0 0 1 1 1 1 0 0 1 0 37258.0 31583.0 3 0.15489181053292808
1 0 1 1 1 0 1 1 1 1 1 1 1 1 0 1 0 1 0 1 0 0 0 0 1 1 1 1 1 1 1 1 0 1 0 1 1 0 0 0 0 1 1 0 1 1 1 1 1 1 0 1 0 1 0 0 0 0 1 0 1 0 1 1 0 1 0 1 0 1 0 0 1 1 1 1 1 1 1 1 1 1 0 0 0 0 1 0 1 0 0 0 1 1 1 1 0 0 1 0 37456.0 31445.0 3 0.18925084496596034
1 0 1 1 1 0 1 1 1 1 1 1 1 1 0 1 0 1 0 1 0 0 0 0 1 1 1 1 1 1 1 1 0 1 0 1 1 0 0 0 0 1 0 0 1 1 1 1 1 1 0 1 0 1 0 0 0 0 1 0 1 0 1 1 0 1 0 1 0 1 0 0 1 1 1 1 1 1 1 1 1 1 0 0 0 1 1 0 1 0 0 0 1 1 1 1 0 0 1 0 37473.0 31172.0 3 0.14800586382043743
1 0 1 0 1 0 1 1 1 1 1 1 1 1 0 1 0 1 0 1 0 0 0 0 1 1 1 1 1 1 1 1 0 1 0 1 1 0 0 0 0 1 1 0 1 1 1 1 1 1 0 1 0 1 0 0 0 1 1 0 1 0 1 1 0 1 0 1 0 1 0 0 1 1 1 1 1 1 1 1 1 1 0 0 0 1 1 0 1 0 0 0 1 1 1 1 0 0 1 0 37476.0 31011.0 3 2000000000000000.0
1 0 1 1 1 0 1 1 1 0 1 1 1 1 1 1 0 1 0 0 0 0 1 0 1 1 0 1 0 1 1 1 0 1 1 1 1 0 0 0 0 1 1 1 1 1 1 1 0 1 0 1 0 1 0 0 1 1 1 0 1 1 1 0 0 1 0 1 0 1 0 0 1 1 1 1 1 1 1 1 1 0 0 1 1 0 0 0 0 0 0 0 1 1 1 1 1 0 0 0 32849.0 34046.0 4 2000000000000000.0
1 0 1 1 1 0 1 1 1 1 1 1 1 1 0 1 0 1 0 1 0 0 0 0 1 1 1 1 1 1 1 1 0 1 0 1 1 0 0 0 0 1 1 0 0 1 1 1 1 1 0 1 0 1 0 0 0 0 1 0 1 0 1 1 0 1 0 1 0 1 0 0 1 1 1 1 1 1 1 1 1 1 0 0 0 1 1 0 1 0 1 0 1 1 0 1 0 0 1 0 37472.0 30611.0 4 2000000000000000.0
1 0 1 1 1 0 1 1 1 0 1 1 1 1 1 1 0 1 0 0 0 0 1 0 0 0 1 1 0 1 1 1 0 1 1 1 1 0 0 0 0 1 1 1 1 1 1 1 1 1 0 1 0 1 0 0 0 0 1 0 1 0 1 1 0 0 0 1 0 1 0 0 1 1 1 1 1 1 1 1 1 0 0 1 1 0 0 0 0 0 0 0 1 1 1 1 1 0 0 0 33344.0 33835.0 4 0.40497002362403833
1 0 1 1 1 0 1 1 1 0 1 1 1 1 1 1 0 1 0 0 0 0 1 0 0 0 1 1 0 1 1 1 0 1 1 1 1 0 0 0 0 1 1 1 1 1 1 1 1 1 0 1 0 1 0 0 1 1 1 0 1 0 1 1 0 0 0 1 0 1 0 0 1 1 1 0 1 1 1 1 1 1 0 0 0 1 1 0 1 0 0 0 1 1 1 1 1 0 0 0 34701.0 33610.0 4 0.40490843674166666
1 0 1 1 1 0 1 1 1 0 0 1 1 1 0 1 0 1 1 1 0 0 0 0 1 1 1 1 1 1 1 1 0 1 0 1 1 0 0 0 0 1 1 1 1 1 1 1 1 1 0 1 0 1 0 0 0 0 1 0 1 0 1 1 0 1 0 1 0 1 0 0 1 1 1 1 1 1 1 1 1 1 0 0 0 1 1 0 1 0 0 0 1 1 0 1 0 0 1 0 37226.0 31738.0 4 0.3016733307073811
1 0 1 1 1 0 1 1 1 0 1 1 1 1 0 1 0 1 0 1 0 0 1 0 1 1 1 1 0 1 1 1 0 1 1 1 1 0 0 0 0 1 1 0 1 1 1 1 1 1 0 1 0 1 0 0 0 0 1 0 1 0 1 1 0 0 0 1 0 1 0 0 1 1 1 0 1 1 1 1 1 1 0 0 0 1 1 0 1 0 0 0 1 1 1 1 1 1 0 0 36106.0 33325.0 4 0.24634960757253538
1 0 1 0 1 0 1 1 1 1 1 1 1 1 0 1 0 1 0 1 0 0 0 0 1 1 1 1 1 1 1 1 0 1 0 1 1 0 0 0 0 1 1 0 1 1 1 1 1 1 0 1 0 1 0 0 0 1 1 0 1 0 1 1 0 1 0 1 0 1 0 0 1 1 1 1 1 1 1 1 1 1 0 0 1 1 1 0 1 0 0 0 1 1 0 1 0 0 1 0 37361.0 31184.0 4 0.2026367120161429
1 0 1 0 1 0 1 1 1 1 1 1 1 1 0 1 0 1 0 1 0 0 0 0 1 1 1 1 1 1 1 1 0 1 1 1 1 0 0 0 0 1 0 0 1 1 1 1 1 1 0 1 0 1 0 0 0 0 1 0 1 0 1 1 0 1 0 1 0 1 0 0 1 1 1 1 1 1 1 1 1 1 0 0 0 1 1 0 1 0 0 0 1 1 1 1 0 0 1 0 37439.0 30901.0 4 0.1786686465149046
1 0 1 1 1 0 1 1 1 0 1 1 1 1 0 1 0 1 0 1 0 0 1 0 1 1 1 1 1 1 1 1 0 1 0 1 1 0 0 0 0 1 1 1 1 1 1 1 0 1 0 1 0 1 0 0 0 0 1 0 1 0 1 1 0 1 0 1 0 1 0 0 1 1 1 1 1 1 1 1 1 1 0 0 0 0 1 0 1 0 0 0 1 1 1 1 1 0 0 0 35710.0 33391.0 4 0.17388149436980221
1 0 1 1 1 0 1 1 1 0 1 1 1 1 1 1 0 1 0 0 0 0 1 0 1 1 1 1 0 1 0 1 0 1 0 1 1 0 1 0 0 1 1 1 1 1 1 1 1 1 0 1 0 1 0 0 0 1 1 0 1 0 1 1 0 0 0 1 0 1 0 0 1 1 1 1 1 1 1 1 1 1 0 0 0 1 1 0 0 0 0 0 1 1 1 1 1 0 0 0 35609.0 33553.0 4 0.17113955568653372
1 0 1 1 1 0 1 1 1 0 1 1 1 1 0 1 0 1 0 1 0 0 1 0 1 1 0 1 1 1 1 1 0 1 1 1 1 0 0 0 0 1 1 0 1 1 1 1 1 1 0 1 0 1 0 0 1 1 1 0 1 0 1 1 0 0 0 1 0 1 0 0 1 1 1 0 1 1 1 1 1 1 0 0 0 1 1 0 1 0 0 0 1 1 1 1 0 0 1 0 36289.0 32975.0 4 0.17001833437709413
1 0 1 1 1 0 1 1 1 1 1 1 1 1 0 1 0 1 0 1 0 0 1 0 1 1 0 1 0 1 0 1 0 1 1 1 1 0 0 0 0 1 1 1 1 1 1 1 0 1 0 1 0 1 0 0 1 1 1 0 1 1 1 0 0 1 0 1 0 1 0 0 1 1 1 1 1 1 1 1 1 0 0 1 0 0 0 0 1 0 0 0 1 1 1 1 1 0 0 0 33242.0 33917.0 4 0.1684998210013116
1 0 1 1 1 0 1 1 1 0 1 1 1 1 1 1 0 1 0 0 0 0 1 0 1 0 1 1 0 1 1 1 0 1 1 1 1 0 0 0 0 1 1 1 1 1 1 1 1 1 0 1 0 1 0 0 0 1 1 0 1 0 1 1 0 1 0 1 0 1 0 0 1 1 1 0 1 1 1 1 1 1 0 0 0 1 1 0 1 0 0 0 1 1 1 1 1 0 0 0 35153.0 33565.0 4 0.16712922949331185
1 0 1 1 1 0 1 1 1 0 1 1 1 1 1 1 0 1 0 1 0 0 0 0 1 1 1 1 1 1 1 1 0 1 0 1 1 0 0 0 0 1 1 0 1 1 1 1 1 1 1 1 0 1 0 0 0 1 1 0 1 0 1 1 0 0 0 1 0 1 0 0 1 1 1 0 1 1 1 1 1 1 0 0 0 1 1 0 1 0 0 0 1 1 1 1 0 0 1 0 37074.0 32007.0 4 0.13554724951282707
1 0 1 1 1 0 1 1 1 0 1 1 1 1 1 1 0 1 0 1 0 0 1 0 1 1 1 1 0 1 1 1 0 1 1 1 1 0 0 0 0 1 1 0 1 1 1 1 1 1 0 1 0 1 0 0 0 0 1 0 1 0 1 1 0 0 0 1 0 1 0 0 1 1 1 0 1 1 1 1 1 1 0 0 0 1 1 0 1 0 0 0 1 1 1 1 0 0 1 0 36880.0 32319.0 4 0.12337061606718308
1 0 1 1 1 0 1 1 1 0 1 1 1 1 1 1 0 1 0 0 0 0 1 0 0 0 1 1 0 1 1 1 0 1 1 1 1 0 0 0 0 1 1 1 1 1 1 1 1 1 0 1 0 1 0 0 0 0 1 0 1 0 1 1 0 0 0 1 0 1 0 0 1 1 1 0 1 1 1 1 1 1 0 0 0 1 1 0 1 0 0 0 1 1 1 1 1 1 0 0 34905.0 33604.0 4 0.11087244619884941
1 0 1 1 1 0 1 1 1 0 1 1 1 1 1 1 0 1 0 0 0 0 1 0 1 1 1 1 0 1 1 1 0 1 0 1 1 0 0 0 0 1 1 1 1 1 1 1 1 1 0 1 0 1 0 0 0 0 1 0 1 0 1 1 0 1 0 1 0 1 0 0 1 1 1 1 1 1 1 1 1 1 0 0 0 1 1 0 1 0 0 0 1 1 0 1 0 0 1 0 36920.0 32084.0 4 0.1084371195097201
1 0 1 1 1 0 1 1 1 0 1 1 1 1 0 1 0 1 0 1 0 0 0 0 1 1 1 1 1 1 1 1 0 1 0 1 1 0 0 0 0 1 1 1 1 1 1 1 1 1 0 1 0 1 0 0 0 0 1 0 1 0 1 1 0 1 0 1 0 1 0 0 1 1 1 1 1 1 1 1 1 1 0 0 0 1 1 0 1 0 0 0 1 1 1 1 0 0 0 0 36633.0 32369.0 4 0.10106464072271731
1 0 1 1 1 0 1 1 1 1 1 1 1 1 0 1 1 1 0 1 0 0 0 0 1 1 1 1 1 1 1 1 0 1 0 1 1 0 0 0 0 1 1 0 1 1 1 1 1 1 0 1 0 1 0 0 0 0 1 0 1 0 1 1 0 1 0 1 0 1 0 0 1 1 1 1 1 1 1 1 1 1 0 0 0 0 1 0 1 0 0 0 1 1 0 1 0 0 1 0 37397.0 31169.0 4 0.09925935161858924
1 0 1 1 1 0 1 1 1 0 1 1 1 1 1 1 0 1 0 0 0 0 1 0 1 1 1 1 1 1 1 1 0 1 0 1 1 0 0 0 0 1 0 0 1 1 1 1 1 1 0 1 0 1 0 0 0 0 1 0 1 0 1 1 0 1 0 1 0 1 0 0 1 1 1 1 1 1 1 1 1 1 0 0 0 1 1 0 1 0 0 0 1 1 1 1 1 0 0 0 36624.0 32635.0 4 0.09454927753485949
1 0 1 1 1 0 1 1 1 0 1 1 1 1 1 1 0 1 0 0 0 0 1 0 1 1 1 1 1 1 1 1 0 1 0 1 1 0 0 0 0 1 1 0 1 1 1 1 1 1 0 1 0 1 0 0 0 0 1 0 1 0 1 1 0 1 0 1 0 1 0 0 1 1 1 1 1 1 1 1 1 1 0 0 0 1 1 0 0 0 0 0 1 1 1 1 1 0 0 0 36577.0 32819.0 4 0.09198473174284016
1 0 1 1 1 0 1 1 1 0 1 1 1 1 0 1 0 1 0 0 0 0 1 0 1 1 1 1 1 1 1 1 0 1 0 1 1 0 0 0 0 1 1 0 1 1 1 1 1 1 0 1 0 1 0 0 0 1 1 0 1 0 1 1 0 0 0 1 0 1 1 0 1 1 1 1 1 1 1 1 1 1 0 0 0 1 1 0 1 0 0 0 1 1 1 1 1 0 0 0 36453.0 32876.0 4 0.07917069295632895
1 0 1 1 1 0 1 1 1 0 0 1 1 1 0 1 0 1 0 1 0 0 1 0 1 1 1 1 0 1 1 1 0 1 1 1 1 0 0 0 0 1 1 1 1 1 1 1 1 1 0 1 0 1 0 0 0 1 1 0 1 0 1 1 0 0 0 1 0 1 0 0 1 1 1 1 1 1 1 1 1 1 0 0 0 1 1 0 1 0 0 0 1 1 0 1 0 0 1 0 36709.0 32351.0 4 0.06798455038269663
1 0 1 1 1 0 1 1 1 0 1 0 1 1 0 1 0 1 0 1 0 0 1 0 1 1 0 1 0 1 1 1 0 1 1 1 1 0 0 0 0 1 1 0 1 1 1 1 1 1 0 1 0 1 0 0 0 1 1 0 1 0 1 1 0 0 0 1 0 1 0 1 1 1 1 1 1 1 1 1 1 1 0 0 0 1 1 0 1 0 0 0 1 1 1 1 1 0 0 0 36355.0 32926.0 4 0.06429576061216442
