1 0 0 1 0 0 0 1 0 1 1 1 1 1 1 1 0 1 0 0 0 0 1 0 0 0 0 1 0 1 0 1 0 1 1 1 1 0 0 0 0 1 1 1 1 1 1 0 0 1 0 1 1 1 0 0 1 1 1 0 1 1 1 1 1 1 0 1 0 1 0 0 1 1 0 0 1 1 1 0 1 0 0 1 1 0 0 0 0 0 1 0 1 1 1 1 1 1 0 0 28525.0 31566.0 0 2000000000000000.0
1 0 1 1 1 0 1 0 0 0 0 1 0 1 0 1 0 1 0 1 0 0 1 0 1 1 1 0 1 1 0 1 0 1 1 1 1 0 0 0 0 1 1 1 1 1 1 0 0 1 0 1 1 1 0 0 1 1 1 0 1 1 1 1 0 1 0 1 0 1 1 0 1 1 0 0 1 1 1 0 1 0 0 1 1 0 0 0 0 0 0 0 1 1 1 1 1 0 0 0 29112.0 31398.0 0 0.20597045168511416
1 0 0 1 0 0 0 1 0 1 1 1 1 1 1 1 0 1 0 0 0 0 1 0 0 0 1 1 0 1 1 1 0 1 1 1 1 0 0 0 0 1 1 1 1 1 1 0 0 1 0 1 1 1 0 0 1 1 1 0 1 1 1 1 1 1 0 1 0 1 0 0 1 1 0 0 1 1 1 0 1 0 0 1 1 0 0 0 0 0 0 0 1 1 1 1 1 0 0 0 29294.0 31213.0 0 0.7056904653220941
1 0 1 0 1 0 1 1 1 1 1 1 1 1 1 1 0 1 0 1 0 0 1 0 0 0 1 1 0 1 1 1 0 1 1 1 1 0 0 0 0 1 1 0 1 1 1 0 0 1 0 1 1 1 0 0 1 1 1 0 1 1 1 1 0 1 0 1 0 1 0 0 1 1 1 0 1 1 1 1 1 1 1 0 0 0 0 0 0 0 0 0 1 1 1 1 1 0 0 0 33379.0 31171.0 0 0.813504300265978
1 0 1 0 1 0 1 1 1 1 1 1 1 1 1 1 0 1 0 0 0 0 1 0 0 0 1 1 0 1 1 1 0 1 1 1 1 0 0 0 0 1 1 1 0 1 1 0 0 1 0 1 0 1 1 1 0 0 1 0 1 1 1 1 0 1 0 1 0 1 0 0 1 1 1 0 1 1 1 1 1 1 1 0 0 1 1 1 0 0 0 0 1 1 0 1 1 0 0 0 33694.0 30639.0 0 0.6030076485361371
1 0 1 1 1 0 1 0 1 0 0 1 0 1 0 1 0 1 0 1 0 0 1 0 1 1 1 0 1 1 1 1 0 1 1 1 1 0 0 0 0 1 1 0 0 1 1 0 0 1 0 1 0 1 1 1 0 0 1 0 1 1 1 1 0 1 0 1 0 1 0 0 1 1 1 0 1 1 1 1 1 1 1 0 0 1 1 1 0 0 0 0 1 1 0 1 1 0 1 0 34076.0 29202.0 0 0.5271202383089122
1 0 1 0 1 0 1 1 0 0 0 1 0 1 0 1 0 1 0 1 0 0 1 0 1 1 1 0 1 1 1 1 1 1 1 1 1 0 0 0 0 1 1 1 0 1 1 0 0 1 0 1 0 1 1 1 0 0 1 0 1 1 1 0 0 1 0 1 0 1 0 0 1 1 1 1 1 1 1 1 1 1 1 0 0 1 0 0 0 1 0 0 1 1 0 1 0 0 1 1 34184.0 28846.0 0 0.15944265278149788
1 0 1 1 1 0 1 0 0 0 0 1 0 1 0 1 0 1 0 1 0 0 1 0 1 1 1 0 1 1 1 1 1 1 1 1 1 0 0 0 0 1 1 0 0 1 1 0 0 1 0 1 0 1 1 1 0 0 1 0 1 1 1 1 0 1 0 1 0 1 0 1 1 1 1 0 1 1 1 1 1 1 1 0 0 1 1 1 0 0 0 0 1 1 1 1 0 0 1 0 34263.0 28683.0 0 0.31676924777252186
1 0 1 1 1 0 1 1 0 1 1 1 1 1 0 0 0 1 1 0 0 0 1 0 1 1 1 1 0 1 1 1 0 1 1 1 1 0 0 0 0 1 1 0 0 1 1 0 0 1 0 1 0 1 1 1 0 0 1 0 1 1 1 1 0 1 0 1 0 0 0 1 1 1 1 0 1 1 1 1 1 1 1 0 0 1 1 1 0 0 0 0 1 1 0 1 0 0 1 0 34780.0 27950.0 0 0.3217655379580072
1 0 0 1 0 0 0 1 0 0 1 0 1 1 0 1 0 1 0 1 0 0 1 0 1 1 1 0 1 1 1 1 0 1 1 1 1 0 0 0 0 1 1 0 0 1 1 0 0 1 0 1 0 1 1 1 0 0 1 0 1 1 1 1 0 1 1 1 0 1 0 1 1 1 1 0 1 1 1 1 1 1 1 0 0 1 1 1 0 0 0 0 1 1 0 1 0 0 1 0 34960.0 27828.0 0 0.13663576196743366
1 0 0 1 0 0 0 1 1 0 0 1 1 1 0 0 0 1 1 0 0 1 1 0 1 1 1 1 0 1 1 1 0 1 1 1 1 0 0 0 0 1 1 0 1 1 1 0 0 1 0 1 0 1 1 1 0 0 1 0 1 1 1 1 0 1 0 1 0 1 0 0 1 1 1 0 1 1 1 1 1 1 1 0 0 1 1 1 1 0 0 0 1 1 0 1 0 0 1 1 35106.0 27605.0 0 2000000000000000.0
1 0 1 0 1 0 1 1 0 1 1 1 1 1 1 1 0 1 0 0 0 0 1 0 0 0 1 1 0 1 1 1 0 1 1 1 1 0 0 0 0 1 1 0 1 1 1 0 0 1 0 1 1 1 0 0 1 1 1 0 1 1 1 1 0 1 0 1 0 1 1 0 1 1 0 0 1 1 1 0 1 0 0 1 1 0 0 0 0 0 0 0 1 1 1 1 1 0 0 0 30057.0 31169.0 1 2000000000000000.0
1 0 1 0 1 0 1 1 1 1 1 1 1 1 1 1 0 1 0 0 0 0 1 0 0 0 1 1 0 1 1 1 0 1 1 1 1 0 0 0 0 1 1 0 1 1 1 0 0 1 0 1 1 1 0 0 1 1 1 0 1 1 1 1 0 1 0 1 0 1 1 0 1 1 0 0 1 1 1 0 1 0 0 1 1 0 0 0 0 0 0 0 1 1 0 1 1 0 0 0 30406.0 31156.0 1 0.5958900194493056
1 0 1 0 1 0 1 1 0 1 0 1 0 1 1 1 1 1 0 0 0 0 1 0 0 0 1 1 0 1 1 1 0 1 1 1 1 0 0 0 0 1 1 1 0 1 1 1 1 1 0 1 0 1 1 1 0 0 1 0 1 0 1 1 0 1 0 1 0 1 0 0 1 1 1 0 1 1 1 1 1 1 1 0 0 0 0 0 0 0 0 0 1 1 1 1 1 1 0 0 32762.0 31093.0 1 0.8880294297215138
0 0 0 1 0 0 0 1 0 1 1 1 1 1 1 1 0 1 1 0 0 0 1 0 1 0 1 1 0 1 1 1 0 1 1 1 1 0 0 0 0 1 1 1 1 1 1 0 0 1 0 1 1 1 0 0 0 0 1 0 1 1 1 1 0 1 0 1 0 1 0 0 1 1 1 0 1 1 1 1 1 1 1 0 0 1 1 1 0 0 1 0 1 1 1 1 1 0 0 0 33040.0 30022.0 1 0.3804110818246087
1 0 1 0 1 0 1 1 0 0 0 1 0 1 0 1 0 1 0 1 0 0 1 0 1 1 1 0 1 1 1 1 0 1 1 1 1 0 0 0 0 1 1 1 0 1 1 0 0 1 0 1 0 1 1 1 0 0 1 0 1 1 1 0 0 1 0 1 0 1 0 0 1 1 1 1 1 1 1 1 1 1 1 0 0 1 0 0 0 1 0 0 1 1 1 1 1 0 0 0 33077.0 30013.0 1 0.1084844018632291
1 0 1 1 1 0 1 0 0 0 0 1 0 1 0 1 0 1 0 1 0 0 1 0 1 1 1 0 1 1 1 1 0 1 1 1 1 0 1 0 0 1 1 0 0 1 1 0 0 1 0 1 0 1 1 1 0 0 1 0 1 1 1 1 0 1 0 1 0 1 0 0 1 1 1 0 1 1 1 1 1 1 1 0 0 1 1 1 0 0 0 0 1 1 1 1 1 0 0 0 33227.0 29785.0 1 0.15853498388914014
1 0 0 1 0 0 0 1 0 0 1 0 1 1 0 1 0 1 0 1 0 0 1 0 0 0 1 1 0 1 1 1 0 1 1 1 1 0 0 0 0 1 1 1 0 1 1 1 1 1 0 1 0 1 1 1 0 0 1 0 1 1 1 0 0 1 0 1 0 1 0 0 1 1 1 0 1 1 1 1 1 1 1 0 0 1 1 1 0 0 0 0 1 1 1 1 0 0 1 0 33322.0 29646.0 1 0.147366038937069
1 0 1 1 0 0 0 1 0 0 1 0 1 1 1 1 1 1 0 0 0 0 1 0 0 0 1 1 0 1 1 1 0 1 1 1 1 0 0 0 0 1 1 1 0 1 1 1 1 1 0 1 0 1 1 1 0 0 1 0 1 1 1 0 0 1 0 1 0 1 0 0 1 1 1 0 1 1 1 1 1 1 1 0 0 1 1 1 0 0 0 0 1 1 0 1 0 0 1 0 33496.0 29474.0 1 0.09892370909889828
1 0 1 1 1 0 1 0 1 0 0 1 0 1 0 1 0 1 0 1 0 1 1 0 1 1 1 0 1 1 1 1 0 1 1 1 1 0 0 0 0 1 1 0 0 1 1 0 0 1 0 1 0 1 1 1 0 0 1 0 1 1 1 1 0 1 0 1 0 1 0 0 1 1 1 0 1 1 1 1 1 1 1 0 0 1 1 1 0 0 0 0 1 1 0 1 1 0 0 0 33531.0 29458.0 1 0.24134438795748023
1 0 1 1 0 0 0 1 0 0 0 0 1 1 1 1 1 1 0 0 0 0 1 0 0 0 1 1 0 1 1 1 0 1 1 1 1 0 0 0 0 1 1 0 0 1 1 1 0 1 0 1 0 1 1 1 0 0 1 0 1 1 1 1 0 1 0 1 0 1 0 1 1 1 1 0 1 1 1 1 1 1 0 1 0 1 1 1 1 0 0 0 1 1 0 1 0 0 1 0 33937.0 28965.0 1 0.3450586066561222
1 0 1 0 1 0 1 0 0 0 1 1 0 1 0 1 0 1 0 1 0 0 1 0 0 0 1 1 1 1 1 1 0 1 1 1 1 0 0 0 0 1 1 0 1 1 1 0 0 1 0 1 0 1 1 1 0 0 1 0 1 1 1 1 0 1 0 1 0 1 0 0 1 1 1 0 1 1 1 1 1 1 1 0 0 1 1 1 1 0 0 0 1 1 0 1 0 0 1 1 33975.0 28594.0 1 0.13248758116406792
1 0 0 1 0 0 0 1 0 0 1 1 1 1 1 1 0 1 1 0 0 0 1 0 0 0 1 0 1 1 1 1 0 1 1 1 1 0 0 0 0 1 1 0 0 1 1 0 0 1 0 1 0 1 1 1 0 0 1 0 1 1 1 1 0 1 0 1 0 1 0 1 1 1 1 0 1 1 1 1 1 1 0 1 0 1 1 1 1 0 0 0 1 1 0 1 0 0 1 0 34051.0 28592.0 1 0.05285587645863613
1 0 1 1 1 0 1 0 0 0 0 1 0 1 0 1 0 1 0 1 0 0 1 0 1 1 1 0 1 1 1 1 0 1 1 1 1 0 0 0 0 1 1 0 0 1 1 0 0 1 0 1 0 1 1 1 0 0 1 0 1 1 1 1 0 1 0 1 0 1 0 1 1 1 1 0 1 1 1 1 1 1 1 0 0 1 1 1 0 0 0 0 1 1 1 1 0 0 1 0 34205.0 28580.0 1 0.048580056835175425
1 0 1 0 1 0 1 0 0 0 1 1 0 1 0 1 0 1 0 1 0 0 1 0 0 0 1 1 1 1 1 1 0 1 1 1 1 0 0 0 0 1 1 0 1 1 1 0 0 1 0 1 0 1 1 1 0 0 1 1 1 1 1 1 0 1 0 1 0 1 0 0 1 1 1 0 1 1 1 1 1 1 1 0 0 1 1 1 1 0 0 0 1 1 0 1 0 0 1 0 34254.0 28573.0 1 0.1969396272846242
1 0 1 0 1 0 1 0 0 0 1 1 0 1 0 1 0 1 0 1 0 0 1 0 1 1 1 0 1 1 1 1 0 1 1 1 1 0 0 0 0 1 1 0 0 1 1 0 0 1 0 1 0 1 1 1 0 0 1 0 1 1 1 1 0 1 1 1 0 1 0 1 1 1 1 0 1 1 1 1 1 1 1 0 0 1 1 1 0 0 0 0 1 1 0 1 0 0 1 0 34256.0 27939.0 1 0.2423563980472757
1 0 0 1 0 0 0 1 0 0 1 1 1 1 1 1 0 1 1 0 0 0 1 0 0 0 1 0 1 1 1 1 0 1 1 1 1 0 0 0 0 1 1 0 0 1 1 0 0 1 0 1 0 1 1 1 0 0 1 0 1 1 1 1 0 1 0 1 0 1 0 1 1 1 1 0 1 1 1 1 1 1 1 0 0 1 1 1 1 0 0 0 1 1 0 1 0 0 1 0 34348.0 27807.0 1 0.17138609533861457
1 0 0 1 0 0 0 1 0 1 1 1 1 1 1 1 0 1 0 0 0 0 1 0 0 0 1 1 0 1 1 1 0 1 1 1 1 0 0 0 0 1 1 0 0 1 1 0 0 1 0 1 0 1 1 1 0 0 1 0 1 1 1 1 0 1 0 1 0 1 0 1 1 1 1 1 1 1 1 1 1 1 1 0 0 1 1 1 0 0 0 0 1 1 0 1 0 0 1 0 34771.0 27725.0 1 2000000000000000.0
1 0 1 0 1 1 1 1 1 0 0 1 0 1 0 1 0 1 0 1 0 0 1 0 1 1 1 0 1 1 1 1 0 1 1 1 1 0 0 0 0 1 1 1 1 1 1 0 0 1 0 1 1 1 0 0 1 1 1 0 1 0 0 0 1 1 0 1 0 1 0 0 1 1 1 0 1 1 1 1 1 1 1 0 0 1 1 1 0 0 0 0 1 1 1 1 1 0 0 0 32119.0 31055.0 2 2000000000000000.0
1 0 1 1 1 0 1 0 1 0 1 1 1 1 1 1 0 1 1 0 0 0 0 0 0 0 1 0 0 1 1 1 0 1 1 1 1 0 0 0 0 1 1 1 0 1 1 1 1 1 0 1 0 1 1 1 0 0 1 0 1 1 1 0 0 1 0 1 0 1 0 0 1 1 1 0 1 1 1 1 1 1 1 0 0 0 0 0 0 0 1 0 1 1 1 1 1 1 0 0 32549.0 30971.0 2 0.4087477574242645
1 0 1 0 1 0 1 1 1 1 1 1 1 1 1 1 0 1 0 0 0 0 1 0 0 0 1 1 0 1 1 1 0 1 1 1 1 0 0 0 0 1 1 0 1 1 1 0 0 1 0 1 1 1 0 0 1 1 1 0 1 1 1 1 0 1 0 1 0 1 0 0 1 1 1 0 1 1 1 1 1 1 1 0 0 0 0 0 0 0 0 0 1 1 1 1 1 0 0 0 32757.0 30527.0 2 0.476531287772569
1 0 1 0 1 0 1 0 0 0 1 1 0 1 0 1 0 1 0 1 0 0 1 0 0 0 1 1 1 1 1 1 0 1 1 1 1 0 0 0 0 1 1 0 1 1 1 0 0 1 0 1 0 1 1 1 0 0 1 0 1 1 1 1 0 1 0 1 0 1 0 0 1 1 1 0 1 1 1 1 1 1 1 0 0 1 1 1 1 0 0 0 1 1 1 1 1 0 0 0 32926.0 29864.0 2 0.3447072286300347
1 0 0 1 0 0 0 1 0 1 1 1 1 1 1 1 0 1 1 0 0 0 1 0 1 0 1 1 0 1 1 1 0 1 1 1 1 0 0 0 0 1 1 1 1 1 1 0 0 1 0 1 1 1 0 0 0 0 1 0 1 1 1 1 0 1 0 1 0 1 0 0 1 1 1 0 1 1 1 1 1 1 1 0 0 1 1 1 0 0 0 0 1 1 0 1 1 0 0 0 33037.0 29736.0 2 0.2227180164070126
1 0 1 1 0 0 0 1 0 0 0 0 1 1 1 1 1 1 0 0 0 0 1 0 0 0 1 1 0 1 1 1 0 1 1 1 1 0 0 0 0 1 1 1 0 1 1 1 1 1 0 1 0 1 1 1 0 0 1 0 1 1 1 0 0 1 0 1 0 1 0 0 1 1 1 0 1 1 1 1 1 1 1 0 0 1 1 1 0 0 0 0 1 1 1 1 0 0 1 0 33254.0 29550.0 2 0.24703997564993546
1 0 1 1 1 0 1 0 0 0 0 1 0 1 0 1 0 1 0 1 0 0 1 0 1 1 1 0 1 1 1 1 0 1 1 1 1 0 0 0 0 1 1 0 0 1 1 0 0 1 0 1 0 1 1 1 0 0 1 0 1 1 1 1 0 1 0 1 0 1 0 1 1 1 1 0 1 1 1 1 1 1 1 0 0 1 1 0 0 0 1 0 1 1 1 1 1 0 0 0 33460.0 29467.0 2 0.22917815636129785
0 0 0 1 0 0 0 1 0 1 1 1 1 1 1 1 0 1 1 0 0 0 1 0 1 0 1 1 0 1 1 1 0 1 1 1 1 0 0 0 0 1 1 1 1 1 1 0 0 1 0 1 1 1 0 0 0 0 1 0 1 1 1 1 0 1 0 1 0 1 0 0 1 1 1 0 1 1 1 1 1 1 1 0 0 1 1 1 0 0 0 0 1 1 1 1 0 0 1 0 33508.0 29115.0 2 0.144087004621238
0 0 0 1 0 0 0 1 0 1 1 1 1 1 1 1 1 1 0 0 0 0 1 0 0 0 1 1 0 1 1 1 0 1 1 1 1 0 0 0 0 1 1 1 0 1 1 1 0 1 0 1 0 1 1 1 0 0 1 0 1 0 1 1 0 1 0 1 0 1 0 0 1 1 1 0 1 1 1 1 1 1 1 0 0 1 1 1 1 0 0 0 1 1 0 1 0 0 1 0 33529.0 29072.0 2 0.1140022769643172
1 0 1 1 1 0 1 0 0 0 0 1 0 1 0 1 0 1 0 1 0 0 1 0 1 1 1 0 1 1 1 1 0 1 1 1 1 0 0 0 0 1 1 0 0 1 1 0 0 1 0 1 0 1 1 1 0 0 1 0 1 1 1 1 0 1 0 1 0 1 0 0 1 1 1 0 1 1 1 1 1 1 1 0 0 1 1 1 0 0 0 0 1 1 0 1 1 0 1 0 33560.0 28799.0 2 0.19338825753695052
0 0 0 1 0 0 1 1 0 1 1 1 1 1 1 1 0 1 1 0 0 0 1 0 0 0 1 1 0 1 1 1 0 1 0 1 1 0 0 0 0 1 1 1 0 1 1 0 0 1 0 1 0 1 1 1 0 0 1 0 1 1 1 1 0 1 0 1 0 1 0 0 1 1 1 0 1 1 1 1 1 1 1 0 0 1 1 1 1 0 0 0 1 1 0 1 0 0 1 0 33668.0 28604.0 2 0.12111085421281897
0 0 0 1 0 0 0 1 0 0 1 1 1 1 1 1 0 1 0 0 0 0 1 0 0 0 1 1 0 1 1 1 0 1 1 1 1 0 1 0 1 1 1 1 0 1 1 0 0 1 0 1 0 1 1 1 0 0 1 0 1 1 1 1 0 1 0 1 0 1 0 0 1 1 1 1 1 1 1 1 1 1 1 0 0 1 0 1 0 0 0 0 1 1 0 1 0 0 1 0 33671.0 28538.0 2 0.10830541759466697
0 0 0 1 0 0 0 1 0 1 1 1 1 1 1 1 0 1 1 0 0 0 1 0 1 0 1 1 0 1 1 1 0 1 1 1 1 0 0 0 0 1 1 1 1 1 1 0 0 1 0 1 0 1 1 0 0 0 1 0 1 1 1 1 0 1 0 1 0 1 0 0 1 1 1 1 1 1 1 1 1 1 1 0 0 1 0 1 0 0 0 0 1 1 0 1 0 0 1 0 33884.0 28527.0 2 0.17362046107063506
1 0 1 1 1 0 1 0 0 0 0 1 0 1 0 1 0 1 0 1 0 1 1 0 1 1 1 0 1 1 1 1 0 1 1 1 1 0 0 0 0 1 1 0 0 1 1 0 0 1 0 1 0 1 1 1 0 0 1 0 1 0 1 1 0 1 0 1 0 1 0 1 1 1 1 0 1 1 1 1 1 1 1 0 0 1 1 1 0 0 0 0 1 1 0 1 0 0 1 0 33984.0 28370.0 2 0.16256015078303013
1 0 0 1 0 0 0 1 0 0 1 1 1 1 1 1 0 0 0 1 0 0 1 0 1 1 1 0 1 1 1 1 0 1 1 1 1 0 0 0 0 1 1 0 0 1 1 0 0 1 0 1 0 1 1 1 0 0 1 0 1 1 1 1 0 1 0 1 0 1 0 0 1 1 1 0 1 1 1 1 1 1 1 0 0 1 1 1 0 0 0 0 1 1 0 1 1 0 1 0 34081.0 28241.0 2 0.3111240535818182
1 0 0 1 0 0 0 1 0 1 1 1 1 1 1 1 0 1 0 0 0 0 1 0 0 0 1 1 0 1 1 1 0 1 1 1 1 0 0 0 0 1 1 0 0 1 1 0 0 1 0 1 0 1 1 1 0 0 1 0 1 1 1 1 0 1 0 1 0 1 0 1 1 1 1 0 1 1 1 1 1 1 1 0 0 1 1 1 1 0 0 0 1 1 0 1 0 0 1 0 34324.0 27773.0 2 0.3911642077598103
0 0 0 1 0 0 0 1 0 0 1 0 1 1 0 1 0 1 0 1 0 0 1 0 1 1 1 0 1 1 1 1 0 1 1 1 1 0 0 0 0 1 1 0 0 1 1 0 0 1 0 1 0 1 1 1 0 0 1 0 1 1 1 1 0 1 1 1 0 1 0 1 1 1 1 0 1 1 1 1 1 1 1 0 0 1 1 1 0 0 0 0 1 1 0 1 0 0 1 0 34644.0 27672.0 2 2000000000000000.0
1 0 1 0 1 0 1 1 1 1 1 1 1 1 1 1 0 1 0 0 0 0 1 0 1 0 1 1 0 1 1 1 0 1 1 1 1 0 0 0 0 1 1 1 1 1 0 0 0 1 0 1 0 1 1 1 0 0 1 0 0 0 1 1 0 0 0 1 0 1 0 0 1 1 1 0 1 1 1 1 1 1 1 0 0 0 0 0 0 0 1 0 1 1 1 1 1 1 0 0 32110.0 31034.0 3 2000000000000000.0
0 0 0 1 0 0 0 1 0 0 0 0 1 1 1 1 1 1 0 0 0 0 1 0 0 0 1 1 0 1 1 1 0 1 1 1 1 0 1 0 0 1 1 1 1 1 1 1 1 1 0 1 0 1 1 1 0 0 1 0 1 0 1 1 0 1 0 1 0 1 0 0 1 1 1 0 1 1 1 1 1 1 1 0 0 0 0 0 0 0 1 0 1 1 1 1 1 0 0 0 32288.0 30763.0 3 0.18767701088175842
0 0 0 1 0 0 0 1 0 0 1 1 1 1 1 1 0 1 0 0 0 0 1 0 0 0 1 1 0 1 1 1 0 1 1 1 1 0 0 0 0 1 1 1 0 1 1 1 1 1 0 1 0 1 1 1 0 0 1 0 1 0 1 1 0 1 0 1 0 1 0 0 1 1 1 0 1 1 1 1 1 1 1 0 0 0 0 0 0 0 1 0 1 1 1 1 1 1 0 0 32353.0 30674.0 3 0.13596563966055186
1 0 1 1 1 0 1 0 1 0 1 1 1 1 1 1 0 1 1 0 0 0 0 0 0 0 1 0 0 1 1 1 0 1 1 1 1 0 0 0 0 1 1 1 0 1 1 1 1 1 0 1 0 1 1 1 0 0 1 0 1 1 1 0 0 0 0 1 0 1 0 0 1 0 1 0 1 1 1 1 1 1 1 0 0 1 1 0 0 0 1 0 1 1 1 1 1 1 0 0 32512.0 30581.0 3 0.2811516062438645
1 0 1 0 1 0 1 1 0 1 0 1 0 1 1 1 0 1 0 1 0 0 1 0 0 0 1 1 0 1 1 1 0 1 1 1 1 0 0 0 0 1 1 1 0 1 1 0 0 1 0 1 0 1 1 1 0 0 1 0 1 1 1 0 0 1 0 1 0 1 0 0 1 1 1 1 1 1 1 1 1 1 1 0 0 1 0 0 0 1 0 0 1 1 1 1 1 0 0 0 32702.0 30110.0 3 0.32644872351386134
0 0 0 1 0 0 1 1 0 0 0 0 1 1 1 1 1 1 0 0 0 0 1 0 0 0 1 1 0 1 1 1 0 1 1 1 1 0 0 0 0 1 1 1 0 1 1 1 1 1 0 1 1 1 1 1 0 0 1 1 1 0 1 0 0 1 0 1 0 1 0 0 1 1 1 0 1 1 1 1 1 1 1 0 0 0 0 0 0 0 1 0 1 1 0 1 1 0 1 0 32835.0 29791.0 3 0.21127605244801906
1 0 1 0 1 0 1 1 0 0 0 1 0 1 0 1 0 1 0 1 0 0 1 0 1 1 1 0 1 1 1 1 0 1 1 1 1 0 0 0 0 1 1 1 0 1 1 0 0 1 0 1 0 1 1 1 0 0 1 0 1 1 1 0 0 1 0 1 0 1 0 0 1 1 1 1 1 1 1 1 1 1 1 0 0 1 0 0 0 1 0 0 1 1 0 1 1 0 0 0 32910.0 29597.0 3 0.14249815183874068
0 0 1 1 0 0 1 1 0 0 1 1 1 1 1 1 0 1 1 0 0 0 1 0 0 0 1 1 0 1 1 1 0 1 0 1 1 0 0 0 0 1 1 1 0 1 1 0 0 1 0 1 0 0 1 1 0 0 1 0 1 1 1 1 0 1 0 1 0 1 0 0 1 1 1 1 1 1 1 1 1 1 1 0 0 1 1 1 0 0 0 0 1 1 0 1 1 0 0 0 32926.0 29364.0 3 0.08200816523866454
1 0 1 1 0 0 0 1 0 1 0 0 1 1 1 1 1 1 0 0 0 0 1 0 0 0 1 1 0 1 1 1 0 1 1 1 1 0 0 0 0 1 1 1 0 1 1 1 1 1 0 1 0 1 1 1 0 1 1 0 1 0 0 0 1 1 0 1 0 1 0 0 1 1 1 0 1 1 1 1 1 1 1 0 0 1 1 1 1 0 0 0 1 1 0 1 0 0 1 0 32947.0 29326.0 3 0.08004716676176543
1 0 1 1 1 0 1 0 1 0 1 1 1 1 1 1 0 1 1 0 0 0 0 0 0 0 1 0 0 1 1 1 0 1 1 1 1 0 0 0 0 1 1 1 0 1 1 1 1 1 0 1 0 1 1 1 0 0 1 0 1 1 1 0 0 1 0 1 0 1 0 0 1 0 1 0 1 1 1 1 1 1 1 0 0 1 1 1 0 0 0 0 1 1 1 1 0 0 1 0 33089.0 29308.0 3 0.1282609856672583
0 0 0 1 0 0 0 1 0 0 1 1 1 1 1 1 0 1 0 0 0 0 1 0 0 0 1 1 0 1 1 1 0 1 1 1 1 0 1 0 0 1 1 1 0 1 1 0 0 1 0 1 0 1 1 1 0 0 1 0 1 1 1 1 0 1 0 1 0 1 0 0 1 1 1 1 1 1 1 1 1 1 1 1 0 1 0 1 0 0 0 0 1 1 0 1 0 0 1 0 33250.0 29305.0 3 0.2514099633258864
0 0 0 1 0 0 0 1 0 0 0 0 1 1 1 1 1 1 0 0 0 0 1 0 0 0 1 1 0 1 1 1 0 1 1 1 1 0 0 0 0 1 1 1 0 1 1 1 1 1 0 1 0 1 1 1 0 0 1 0 1 0 1 1 0 1 0 1 0 1 0 0 1 1 1 0 1 1 1 1 1 1 1 0 0 1 1 1 1 0 0 0 1 1 0 1 0 0 1 0 33481.0 28935.0 3 0.24385448736764445
1 0 1 1 1 0 1 1 0 1 1 1 1 1 1 1 0 1 1 0 0 0 1 0 0 0 1 1 0 1 1 1 0 1 1 1 1 0 0 0 0 1 1 0 0 1 1 0 0 1 0 1 0 1 1 1 0 0 1 0 0 1 1 1 0 1 0 1 0 1 0 0 1 0 1 0 1 1 1 1 1 1 1 0 0 1 1 1 1 0 0 0 1 1 0 1 0 0 1 0 33509.0 28744.0 3 0.08195817152301499
1 0 1 1 1 0 1 1 1 0 0 1 0 1 1 0 1 1 0 1 0 0 1 0 0 0 1 1 0 1 1 1 0 1 1 1 1 0 0 0 0 1 1 0 1 1 0 0 0 1 0 1 1 1 0 0 1 1 1 0 1 1 1 1 0 1 0 1 0 1 0 0 1 1 1 0 1 1 1 1 1 1 1 0 0 1 1 1 0 0 0 0 1 1 1 1 0 0 1 0 33541.0 28702.0 3 0.12155339509531211
0 0 0 1 0 0 1 1 0 1 1 1 1 1 1 1 0 1 1 0 0 0 1 0 0 0 1 1 0 1 1 1 0 1 0 1 1 0 0 0 0 1 1 1 0 1 1 0 0 1 0 1 0 0 1 1 0 0 1 0 1 1 1 1 0 1 0 1 0 1 0 1 1 1 1 0 1 1 1 1 1 1 1 0 0 1 1 1 0 0 0 0 1 1 0 1 0 0 1 0 33546.0 28313.0 3 0.13469451430402135
1 0 0 1 0 0 0 1 0 1 1 1 1 1 1 1 0 1 1 0 0 0 1 0 0 0 1 1 0 1 1 1 0 1 1 1 1 1 0 0 0 1 1 0 0 1 1 0 0 1 0 1 0 1 1 1 0 0 1 0 1 1 1 1 0 1 0 1 0 1 0 0 1 1 1 0 1 1 1 1 1 1 1 0 0 1 1 1 0 0 0 0 1 1 0 1 1 0 1 0 33628.0 28300.0 3 0.06328682378479904
0 0 1 1 0 0 1 1 0 0 1 1 1 1 1 1 0 1 1 0 0 0 1 0 0 0 1 1 0 1 1 1 0 1 0 1 1 0 0 0 0 1 1 1 0 1 1 0 0 1 0 1 0 0 1 1 0 0 1 0 1 1 1 1 0 1 0 1 0 1 0 0 1 1 1 1 1 1 1 1 1 1 1 0 0 1 0 1 0 0 0 0 1 1 0 1 0 0 1 1 33658.0 28241.0 3 0.17466659813444446
0 0 0 1 0 0 1 1 0 1 1 1 1 1 1 1 0 1 1 0 0 0 1 0 0 0 1 1 0 1 1 1 0 1 0 1 1 0 0 0 0 1 1 1 0 1 1 0 0 1 0 1 0 0 1 1 0 0 1 0 1 1 1 1 0 1 0 1 0 1 0 1 1 1 1 1 1 1 1 1 1 1 1 0 0 1 0 1 0 0 0 0 1 1 0 1 0 0 1 0 34013.0 28226.0 3 0.17337720198223394
1 0 1 1 1 0 1 0 0 0 0 1 0 1 0 1 0 1 0 1 0 0 1 0 1 1 1 0 1 1 1 1 0 1 1 1 1 0 0 0 0 1 1 0 0 1 1 0 0 1 0 1 0 1 1 1 0 0 1 0 1 1 1 1 0 1 0 1 0 1 0 1 1 1 1 0 1 1 1 1 1 1 1 0 0 1 1 1 0 0 0 0 1 1 0 1 0 0 1 0 34038.0 28164.0 3 0.2382407352007483
1 0 0 1 0 0 0 1 0 1 1 1 1 1 1 1 0 1 1 0 0 0 1 0 0 0 1 0 1 1 1 1 0 1 1 1 1 0 0 0 0 1 1 0 0 1 1 0 0 1 0 1 0 1 1 1 0 0 1 0 1 1 1 1 0 1 0 1 0 1 0 1 1 1 1 0 1 1 1 1 1 1 1 0 0 1 1 1 0 0 0 0 1 1 0 1 0 0 1 0 34274.0 27691.0 3 0.50755427129038
1 0 0 1 0 0 0 1 1 0 0 1 1 1 0 0 0 1 1 0 0 0 1 0 1 1 1 1 0 1 1 1 0 1 1 1 1 0 0 0 0 1 1 0 0 1 1 0 0 1 0 1 0 1 1 1 0 0 1 0 1 1 1 1 0 1 1 1 1 1 0 1 1 1 1 0 1 1 1 1 1 1 1 0 0 1 1 1 0 0 0 0 1 1 0 1 0 0 1 0 34572.0 26988.0 3 2000000000000000.0
1 0 0 1 0 0 0 1 0 1 1 1 1 1 1 1 0 1 0 0 0 0 1 0 0 0 1 1 0 1 1 1 0 1 0 1 1 0 0 0 0 1 1 1 1 1 1 0 0 1 0 1 1 1 0 0 1 1 1 0 1 1 1 1 1 1 0 1 0 1 0 0 1 1 0 0 1 1 1 0 1 0 0 1 1 1 0 0 0 0 0 0 1 1 1 1 1 0 0 0 29317.0 30961.0 4 2000000000000000.0
1 0 1 1 1 0 1 1 1 0 0 1 0 1 1 0 1 1 0 1 0 0 1 0 0 0 1 1 0 1 1 1 0 1 1 1 1 0 0 0 0 1 1 0 1 1 1 0 0 1 0 1 1 1 0 0 1 1 1 0 1 1 1 1 0 1 0 1 0 1 1 0 1 1 0 0 1 1 1 0 1 0 0 1 1 0 0 0 0 0 0 0 1 1 1 1 1 0 0 0 29950.0 30942.0 4 0.5015999411761012
1 0 1 0 1 0 1 1 1 1 1 1 1 1 1 1 0 1 0 1 0 0 1 0 0 0 1 1 0 1 1 1 0 1 1 1 1 0 0 0 0 1 1 0 1 1 1 0 0 1 0 1 1 1 0 0 1 1 1 0 1 1 1 1 0 1 0 1 0 1 1 0 1 1 0 0 1 1 1 0 1 0 0 1 1 0 0 0 0 0 0 0 1 1 0 1 0 0 1 0 31648.0 30919.0 4 0.4341336912548389
0 0 0 1 0 0 0 1 0 1 1 1 1 1 1 1 0 1 1 0 0 0 1 0 1 0 1 1 0 1 1 1 0 1 1 1 1 0 0 0 0 1 1 1 1 1 1 0 0 1 0 1 0 1 1 0 0 0 1 0 1 1 1 1 0 1 0 1 0 1 0 0 1 1 1 1 1 1 1 1 1 0 0 1 1 0 0 0 0 0 0 0 1 1 1 1 1 0 0 0 31763.0 30764.0 4 0.1366307348210964
1 0 1 0 1 0 1 1 1 1 1 1 1 1 1 1 0 1 0 0 0 0 1 0 0 0 1 1 0 1 1 1 0 1 1 1 1 0 0 0 0 1 1 0 1 1 1 0 0 1 0 1 1 1 0 0 1 1 1 0 1 1 1 1 0 1 0 1 0 1 1 0 1 1 0 0 1 1 1 0 1 0 0 1 1 0 1 1 0 0 0 0 1 1 0 1 0 0 1 0 31787.0 30564.0 4 0.16769843410606583
1 1 1 1 0 0 0 1 0 0 0 0 1 1 1 1 1 0 0 0 0 0 1 0 0 0 1 1 0 1 1 1 0 1 1 1 1 0 1 0 0 1 1 1 1 1 1 1 1 1 0 1 0 1 1 1 0 0 1 0 1 0 1 1 0 1 0 1 0 1 0 0 1 1 1 0 1 1 1 1 1 1 1 0 0 0 0 0 0 0 1 0 1 1 1 1 1 0 0 0 32258.0 30553.0 4 0.19955737310193428
1 0 1 0 1 0 1 0 0 0 1 1 0 1 0 1 1 1 0 1 0 0 1 0 0 0 1 1 1 1 1 1 0 1 1 1 1 0 0 0 0 1 1 0 1 1 1 0 0 1 0 1 0 1 1 1 0 0 1 0 1 1 1 1 0 1 0 1 0 1 0 0 1 1 1 0 1 1 1 1 1 1 1 0 1 1 1 0 0 0 1 0 1 1 1 1 1 0 0 0 32457.0 30369.0 4 0.15445620160236254
1 0 1 1 1 0 1 0 1 0 1 1 1 1 1 1 0 1 1 0 0 0 0 0 0 0 1 0 0 1 1 1 0 1 1 1 1 0 0 0 0 1 1 1 0 1 1 1 1 1 0 1 0 1 1 1 0 0 1 0 1 1 1 0 0 1 0 1 0 1 0 0 1 0 1 0 1 1 1 1 1 1 1 0 0 1 1 1 0 0 0 0 1 1 1 1 1 0 0 0 32469.0 30189.0 4 0.1334171370545755
1 0 0 1 0 0 0 1 0 0 1 1 1 1 1 1 0 1 0 0 0 0 1 0 0 0 1 1 0 1 1 1 0 1 1 1 1 0 0 0 0 1 1 1 0 0 1 1 1 1 0 1 0 1 1 1 0 0 1 0 1 0 1 1 0 1 0 1 0 1 0 0 1 1 1 0 1 1 1 1 1 1 1 0 0 0 0 0 0 0 1 0 1 1 1 1 1 1 0 0 32598.0 30026.0 4 0.10931343937888176
1 0 1 0 1 0 1 0 0 1 1 1 0 1 0 1 0 1 0 1 0 0 1 0 0 0 1 1 1 1 1 1 0 1 1 1 1 0 0 0 0 1 1 0 1 1 1 0 0 1 0 1 0 1 1 1 0 0 1 0 1 1 1 1 0 1 0 1 0 1 0 0 1 1 1 0 1 1 1 1 1 1 1 0 1 1 1 0 0 0 1 0 1 1 0 1 1 0 0 0 32612.0 29927.0 4 0.1000667102512027
1 0 1 1 1 0 1 1 0 0 0 1 0 1 0 1 0 1 0 1 0 0 1 0 0 1 1 1 0 1 1 1 0 1 0 1 1 0 0 1 0 1 1 1 0 1 1 0 0 1 0 1 0 0 1 1 0 0 1 0 1 1 1 1 0 1 0 1 0 1 0 0 1 1 1 0 1 1 1 1 1 1 1 0 0 1 1 1 0 0 0 0 1 1 1 1 1 0 0 0 32733.0 29789.0 4 0.17160681920238818
0 0 0 1 0 0 1 1 0 1 1 1 1 1 0 1 0 1 0 1 0 0 1 0 0 1 1 1 0 1 1 1 0 1 0 1 1 0 0 1 0 1 1 1 0 1 1 0 0 1 0 1 0 0 1 1 0 0 1 0 1 1 1 1 0 1 0 1 0 1 0 0 1 1 1 0 1 1 1 1 1 1 0 0 0 1 1 1 0 0 0 0 1 1 1 1 1 0 0 0 32899.0 29559.0 4 0.2485323236756432
0 0 1 1 1 0 1 0 1 0 0 1 0 1 0 1 0 1 0 1 0 1 1 0 1 1 1 0 1 1 1 1 0 1 1 1 1 0 0 0 0 1 1 0 0 1 1 0 0 1 0 1 0 1 1 1 0 0 1 0 1 1 1 1 0 1 0 1 0 1 0 0 1 1 1 0 1 1 1 1 1 1 1 0 0 1 1 1 0 0 0 0 1 1 0 1 1 0 0 0 33215.0 29302.0 4 0.33243116385956967
1 0 1 1 1 0 1 1 1 0 0 1 0 1 1 0 1 1 0 1 0 0 1 0 0 0 1 1 0 1 0 1 0 0 0 1 1 0 0 0 1 1 1 1 0 1 1 1 0 1 0 1 0 1 1 1 0 0 1 0 1 1 1 1 0 1 0 1 0 1 0 0 1 1 1 1 1 1 1 1 1 1 1 0 0 1 0 1 0 0 0 0 1 1 0 1 0 0 1 0 33475.0 28860.0 4 0.2496500029462673
0 0 0 1 1 0 1 0 1 0 0 1 0 1 0 1 0 1 0 1 0 0 1 0 1 1 1 0 1 1 1 1 0 1 1 1 1 0 0 0 0 1 1 0 0 1 1 0 0 1 0 1 0 1 1 1 0 0 1 0 1 1 1 1 0 1 0 1 0 1 0 0 1 1 1 0 1 1 1 1 1 1 1 0 0 1 1 1 0 0 0 0 1 1 0 1 1 0 1 0 33519.0 28688.0 4 0.19934668909898304
1 0 0 1 0 0 0 1 0 1 1 1 1 1 1 1 0 1 1 0 0 0 1 0 0 0 1 1 0 1 1 1 0 1 1 1 1 0 0 0 0 1 1 0 0 1 1 0 0 1 0 1 0 1 1 1 0 0 1 0 1 1 1 1 0 1 0 1 0 1 0 0 1 1 1 0 1 1 1 1 1 1 1 0 0 1 1 1 0 0 0 0 1 1 0 1 1 0 1 0 33607.0 28293.0 4 0.2378459840250917
1 0 1 1 1 0 1 0 0 0 0 1 0 1 0 1 0 1 0 1 0 0 1 0 1 1 1 1 0 1 1 1 0 1 1 1 1 0 0 0 0 1 1 0 0 1 1 0 0 1 0 1 0 1 1 1 0 0 1 0 1 1 1 1 0 1 0 1 0 1 0 1 1 1 1 0 1 1 1 1 1 1 1 0 0 1 1 1 0 0 0 0 1 1 0 1 0 0 1 0 33849.0 28131.0 4 0.2925011480309666
1 0 0 1 0 0 0 1 0 1 1 1 1 1 1 1 0 1 1 0 0 0 1 0 0 0 1 1 0 1 1 1 0 1 1 1 1 0 0 0 0 1 1 0 0 1 1 0 0 1 0 1 0 1 1 1 0 0 1 0 1 1 1 1 0 1 0 1 0 1 0 1 1 1 1 0 1 1 1 1 1 1 1 0 0 1 1 1 0 0 0 0 1 1 0 1 0 0 1 0 34085.0 27658.0 4 2000000000000000.0
1 0 0 1 0 0 0 1 0 1 1 1 1 1 1 1 0 1 0 0 0 0 1 0 0 0 0 1 0 1 0 1 0 1 1 1 1 0 0 0 0 1 1 1 1 1 1 0 0 1 0 1 1 1 0 0 1 1 1 0 1 1 1 1 0 1 0 1 0 1 1 0 1 1 0 0 1 1 1 0 1 0 0 1 1 0 0 0 0 1 0 0 1 1 1 1 1 0 0 0 28411.0 30919.0 5 2000000000000000.0
0 0 0 1 0 0 0 1 0 1 1 1 1 1 1 1 0 1 0 0 0 0 1 0 0 0 1 1 0 1 1 1 0 1 1 1 1 0 0 0 0 1 1 0 0 1 1 0 0 1 0 1 0 1 1 1 0 0 1 0 1 1 1 1 0 1 0 1 0 1 0 1 1 1 1 0 1 1 1 1 1 1 1 0 0 1 1 1 1 0 0 0 1 1 0 1 0 0 1 0 34008.0 27617.0 5 2000000000000000.0
1 0 0 1 0 0 0 1 0 1 1 1 1 1 1 1 0 1 0 0 0 0 1 0 0 0 1 1 0 1 0 1 0 1 1 1 1 0 0 0 0 1 1 1 1 1 1 0 0 1 0 1 1 1 0 0 1 1 1 0 1 1 1 1 0 1 0 1 0 1 1 0 1 1 0 0 1 1 1 0 1 0 0 1 1 0 0 0 0 0 0 0 1 1 1 1 1 0 0 0 28894.0 30777.0 5 0.44340109518304505
1 0 1 0 1 0 1 1 0 0 0 1 0 1 1 1 0 1 0 1 0 0 1 0 0 0 1 1 0 1 1 1 0 0 0 1 1 0 0 0 1 1 1 1 0 1 1 1 0 1 0 1 0 1 1 1 0 0 1 0 1 1 1 1 0 1 0 1 0 1 0 0 1 1 1 1 1 1 1 0 1 0 0 1 1 0 0 0 0 0 1 0 1 1 1 1 1 0 0 0 30591.0 30741.0 5 0.4106569053011038
0 0 0 1 0 0 0 1 0 1 1 1 1 1 1 1 0 1 1 0 0 0 1 0 1 0 1 1 0 1 1 1 0 1 1 1 1 0 0 0 0 1 1 1 1 1 1 0 0 1 0 1 1 1 0 0 1 1 1 0 1 0 0 0 1 1 0 1 0 1 0 0 1 1 1 0 1 1 1 1 1 1 1 0 1 1 1 0 0 0 1 0 1 1 1 1 1 0 0 0 31106.0 30726.0 5 0.3915419558825182
1 0 1 1 1 0 1 0 0 0 0 1 0 1 0 1 0 1 0 1 0 0 1 0 1 1 1 0 1 1 1 1 0 1 1 1 1 0 0 0 0 1 1 0 0 1 1 0 0 1 0 1 0 1 1 1 0 0 1 0 1 1 1 1 0 1 0 1 0 1 0 1 1 1 1 0 1 1 1 1 1 1 0 1 1 0 0 0 0 0 1 0 1 1 1 1 1 0 0 0 32257.0 30431.0 5 0.3725980983798993
1 0 1 0 1 0 1 0 0 0 1 1 0 1 0 1 0 1 0 1 0 0 1 0 0 0 1 1 0 1 1 1 0 1 1 1 1 1 0 0 0 1 1 0 1 1 1 0 0 1 0 1 0 1 1 1 0 0 1 0 1 1 1 1 0 1 0 1 0 1 0 1 1 1 1 0 1 1 1 1 1 1 1 0 0 1 1 1 1 0 0 0 1 1 0 1 0 0 1 0 33511.0 28255.0 5 0.2881784143469529
1 0 0 1 0 0 0 1 0 0 1 1 1 1 1 1 0 1 1 0 0 0 1 0 1 1 1 0 1 1 1 1 0 1 1 1 1 0 0 0 0 1 1 0 0 1 1 0 0 1 0 1 0 1 1 1 0 0 1 0 1 1 1 1 0 1 0 1 0 1 0 0 1 1 1 0 0 1 1 1 1 1 1 0 0 1 1 1 0 0 0 0 1 1 0 1 1 0 1 0 33823.0 28112.0 5 0.2510372379769445
1 0 1 1 0 0 1 1 0 1 1 1 1 1 1 1 0 1 1 0 0 0 1 0 0 0 1 1 0 1 1 1 0 1 1 1 1 0 0 0 0 1 1 0 0 1 1 0 1 1 0 1 0 1 1 1 0 0 1 0 0 1 1 1 0 1 0 1 0 1 0 0 1 1 1 0 1 1 1 1 1 1 1 0 0 0 0 0 0 0 0 0 1 1 1 1 1 0 0 0 32586.0 29877.0 5 0.22852139033121197
1 0 1 1 1 0 1 0 1 0 1 1 1 1 1 1 0 1 1 0 0 0 0 0 0 0 1 0 0 1 1 1 0 1 1 1 1 0 1 0 0 1 1 1 0 0 1 1 1 1 0 1 0 1 1 1 0 0 1 0 1 1 1 0 0 0 0 1 0 1 0 0 1 1 1 1 1 1 1 1 1 0 1 0 0 1 0 1 0 0 0 0 1 1 0 1 0 0 1 0 33461.0 28850.0 5 0.2176049469263293
0 0 0 1 0 0 0 1 0 1 1 1 1 1 1 1 1 1 1 0 0 0 1 0 0 0 1 1 0 1 1 1 0 1 1 1 1 0 0 0 0 1 1 0 0 1 1 0 0 1 0 1 0 1 1 1 0 0 1 0 1 1 1 1 0 1 0 1 0 1 0 1 1 1 1 0 1 1 1 1 1 1 1 0 0 1 1 1 0 0 0 0 1 1 0 1 0 0 1 0 33877.0 27642.0 5 0.18296256744792364
0 0 0 1 0 0 0 1 0 0 1 0 1 1 0 1 0 1 0 1 0 0 1 0 0 0 1 1 1 1 1 1 0 1 1 1 1 0 0 0 0 1 1 0 1 1 1 0 0 1 0 1 0 1 1 1 0 0 1 0 1 1 1 1 0 1 0 1 0 1 0 0 1 1 1 0 1 1 1 0 1 1 1 0 0 1 1 1 0 0 0 0 1 1 1 1 1 0 1 0 32999.0 29226.0 5 0.18149140422742613
0 0 0 1 0 0 0 1 0 1 1 1 1 1 1 1 0 1 1 0 0 0 1 0 1 0 1 1 0 1 1 1 0 1 1 1 1 0 0 0 0 1 1 1 1 1 1 0 0 1 0 1 1 1 0 0 0 0 1 0 1 1 1 1 0 1 0 1 0 1 0 0 1 1 1 0 1 1 1 1 1 1 1 0 0 1 1 1 0 0 0 0 1 1 0 1 1 0 0 0 32721.0 29580.0 5 0.17555361653788498
1 0 1 1 1 0 1 1 1 0 0 1 0 1 1 0 1 1 0 1 0 0 1 0 0 0 1 1 0 1 0 1 0 0 0 1 1 0 0 0 1 1 1 1 0 1 1 1 0 1 0 1 0 1 1 1 0 0 1 0 1 1 1 1 0 1 0 1 0 1 0 0 1 1 1 0 1 1 1 1 1 1 1 0 0 1 1 1 0 0 0 0 1 1 0 1 0 0 1 0 33008.0 28947.0 5 0.1679368338602221
1 0 0 1 0 0 0 1 0 1 1 1 1 1 1 1 0 1 0 0 0 0 1 0 1 0 1 1 0 1 1 1 0 1 1 1 1 0 0 0 0 1 1 1 1 1 1 0 0 1 0 1 1 1 0 0 0 0 1 0 1 1 1 1 0 1 0 1 0 1 0 0 1 1 0 0 1 1 1 1 1 1 1 0 0 1 1 1 0 0 0 0 1 1 0 1 1 0 1 0 32877.0 29469.0 5 0.15687721866228221
1 0 1 1 0 0 0 1 0 1 1 1 1 1 1 1 0 1 0 0 0 0 1 0 0 0 0 1 0 1 1 1 0 1 1 1 1 0 0 0 1 1 1 1 0 1 1 0 0 1 0 1 0 1 1 1 0 0 1 0 1 1 1 1 0 1 0 1 0 1 1 0 1 1 1 0 1 1 1 1 1 1 1 0 0 1 1 0 0 0 0 0 1 1 1 1 1 0 0 0 32420.0 30157.0 5 0.14894617227559537
