1 0 0 0 0 1 1 0 1 0 0 1 0 1 1 1 1 1 0 1 5717.0 4105.0 6380.0 4005.0 7069.0 0 1000000000000000.1
1 0 0 0 1 1 1 1 0 0 0 1 0 1 0 1 0 1 1 1 5452.0 3251.0 6929.0 3741.0 6998.0 0 1000000000000000.2
1 1 0 0 1 1 1 0 1 0 0 1 0 1 0 1 0 1 0 1 5042.0 3929.0 7074.0 3620.0 6589.0 0 0.38131868746391434
1 0 0 1 1 1 1 1 0 1 0 1 0 1 0 1 0 1 0 1 6252.0 3557.0 7602.0 3852.0 6584.0 0 0.15451258986585747
1 0 0 0 1 1 1 0 0 0 0 1 1 1 0 1 0 1 1 1 5699.0 3970.0 6616.0 4671.0 6570.0 0 0.15017688125145426
1 0 0 1 0 1 1 0 1 0 0 1 0 0 1 1 1 1 0 1 6403.0 4127.0 6494.0 3555.0 6534.0 0 0.188402940098243
1 1 0 0 1 1 1 0 1 0 0 1 0 1 1 1 0 0 0 1 5018.0 3756.0 6712.0 3884.0 6489.0 0 0.09335134587125968
1 0 0 1 1 1 1 0 1 0 0 1 1 1 0 1 0 1 0 1 6665.0 4535.0 7700.0 4510.0 6452.0 0 0.25755044240295144
1 0 0 1 1 1 1 1 1 0 0 0 1 1 0 1 1 0 0 1 5768.0 5017.0 7857.0 3971.0 6239.0 0 0.3327419312134229
1 0 0 0 1 1 1 0 1 1 1 1 0 0 0 1 1 0 0 1 5364.0 4811.0 6920.0 4316.0 6114.0 0 0.20426666273273925
1 1 0 0 1 1 1 0 0 0 0 1 1 1 0 1 0 0 1 1 4992.0 4023.0 6312.0 4748.0 6076.0 0 0.21105926198433067
0 1 0 0 1 1 1 0 1 0 0 1 1 1 0 1 0 0 1 1 5402.0 4532.0 6415.0 4757.0 5997.0 0 0.15454783383144466
1 0 0 0 1 1 1 0 1 1 1 1 0 0 0 1 0 0 1 1 5688.0 4550.0 6906.0 4414.0 5923.0 0 0.1243653165829277
1 0 0 0 1 1 1 0 1 0 0 1 1 1 0 1 0 1 1 0 5453.0 4561.0 6409.0 4796.0 5916.0 0 0.1525664835480358
1 0 0 0 1 1 0 1 1 1 0 0 1 1 0 1 0 1 1 1 6121.0 5144.0 7739.0 4561.0 5851.0 0 0.26083590856465744
0 0 0 1 1 1 0 1 1 0 0 1 1 0 1 1 0 1 0 1 7275.0 3736.0 7315.0 3923.0 5794.0 0 0.46132524233259337
1 0 0 0 0 1 1 0 1 1 0 1 1 0 0 0 1 1 0 1 5372.0 5290.0 5806.0 4093.0 5568.0 0 0.28156478721694744
1 0 0 0 0 1 1 0 1 1 0 1 1 1 0 1 0 0 1 1 5584.0 4945.0 6361.0 5274.0 5546.0 0 0.33003682762861986
1 0 0 1 0 1 1 0 1 0 0 1 1 1 0 1 0 0 1 1 6181.0 4435.0 6389.0 4744.0 5545.0 0 0.16174342240996475
1 0 0 1 1 1 1 1 1 1 1 0 0 0 0 1 0 0 0 1 5721.0 4157.0 8035.0 2984.0 5443.0 0 2000000000000000.0
0 0 0 1 0 1 0 1 1 1 1 0 0 1 0 1 0 1 1 1 6818.0 3894.0 6915.0 3443.0 5299.0 0 0.3926312607100262
1 0 0 1 0 1 0 0 0 1 1 1 1 0 1 1 0 1 0 1 7367.0 3615.0 6686.0 4576.0 5286.0 0 1000000000000000.1
0 1 0 0 1 1 0 0 1 1 1 1 1 0 1 1 0 0 0 1 6353.0 4389.0 6793.0 4856.0 5249.0 0 0.19812377680217697
1 1 1 0 1 1 0 0 1 0 0 0 1 1 0 1 1 1 0 0 4213.0 5179.0 6060.0 3789.0 5137.0 0 0.24113155691916002
1 0 0 0 0 1 0 0 0 1 1 1 1 0 1 1 1 0 0 1 5842.0 3988.0 5697.0 4906.0 5106.0 0 0.36896872237658135
0 0 0 1 0 1 1 0 1 1 0 0 1 0 1 0 0 1 1 1 6472.0 4765.0 5661.0 3300.0 5071.0 0 0.38037260645173027
1 0 0 1 1 0 0 0 1 0 1 0 1 1 1 1 0 0 1 1 6440.0 3764.0 6273.0 4533.0 5046.0 0 0.18750344977400218
1 0 0 0 0 1 1 0 1 1 0 0 1 0 0 1 1 0 1 1 4704.0 5509.0 5997.0 4248.0 5001.0 0 1000000000000000.5
1 0 0 0 1 1 0 0 1 1 0 0 1 0 0 1 1 1 0 1 5014.0 5246.0 6571.0 3914.0 4908.0 0 0.14952488768156671
1 0 0 1 0 1 0 1 1 1 1 0 1 0 1 1 0 0 0 1 6764.0 4252.0 7554.0 3903.0 4748.0 0 0.27392953566434086
0 0 0 1 1 1 0 1 1 1 0 0 1 1 0 1 0 0 1 1 6162.0 4643.0 6798.0 4250.0 4673.0 0 0.21363008229738012
1 0 0 0 0 1 1 0 1 1 0 0 1 1 0 1 1 0 1 0 4203.0 5309.0 5293.0 4565.0 4585.0 0 1000000000000000.2
1 0 0 0 0 1 0 0 0 1 1 1 1 1 1 1 0 0 1 0 5665.0 3527.0 4979.0 5321.0 4499.0 0 1000000000000000.4
1 0 0 1 1 1 0 0 1 1 1 0 1 1 1 0 0 0 1 0 6286.0 4853.0 5612.0 4394.0 4328.0 0 0.2567722629264855
1 0 0 0 0 1 0 0 1 1 0 1 1 1 1 1 0 0 1 0 5375.0 4323.0 4974.0 5296.0 4281.0 0 0.30394660289814907
1 0 0 0 0 1 1 0 1 1 0 1 1 0 0 0 1 0 1 0 4356.0 5224.0 4213.0 4388.0 4246.0 0 0.6248718846718256
1 0 1 1 0 1 0 0 1 1 0 1 1 0 0 0 1 0 1 0 5184.0 5508.0 4002.0 4379.0 3616.0 0 2000000000000000.2
1 0 0 1 1 1 1 0 0 0 0 1 0 1 0 1 1 1 0 1 5651.0 3629.0 6365.0 3686.0 6622.0 1 1000000000000000.1
1 0 0 0 1 1 1 1 0 1 0 1 0 1 0 1 0 1 0 1 5256.0 3408.0 7243.0 3781.0 6568.0 1 0.12220289236502878
1 0 0 1 1 1 1 1 0 0 0 1 0 1 0 1 0 1 0 1 5853.0 2898.0 7271.0 3251.0 6567.0 1 0.24690169350368232
1 0 0 0 0 1 1 0 0 0 0 1 1 1 1 0 1 1 0 1 5494.0 3908.0 5277.0 4010.0 6491.0 1 0.14109081730011236
1 0 0 0 1 1 1 1 0 0 0 1 0 1 0 0 1 0 1 1 4545.0 3743.0 5314.0 3518.0 6414.0 1 0.15196424037908457
0 0 0 1 1 1 1 0 0 0 0 1 0 0 1 1 1 1 0 1 5962.0 3161.0 5780.0 3171.0 6381.0 1 0.2464215445816997
1 0 0 1 0 1 1 1 1 0 0 1 0 1 0 1 0 1 0 1 6139.0 3455.0 7346.0 3315.0 6328.0 1 0.18967799702238833
1 1 0 0 1 1 1 0 1 0 0 1 0 1 1 1 0 1 0 0 5007.0 3670.0 6424.0 3742.0 6324.0 1 0.12361975206756891
1 0 0 0 1 1 1 0 1 0 0 1 0 1 0 1 0 1 0 1 4949.0 3635.0 6717.0 3481.0 6281.0 1 0.21962481590434915
1 0 0 0 1 1 1 0 1 0 0 1 0 1 1 1 0 0 0 1 4925.0 3462.0 6355.0 3745.0 6181.0 1 0.07271382321987135
1 1 0 0 1 1 1 0 1 0 0 1 0 1 0 0 0 1 0 1 4664.0 3899.0 6089.0 2996.0 6169.0 1 0.12354059462784775
0 0 0 1 1 1 1 1 1 0 0 1 0 0 0 0 1 1 0 1 5846.0 4013.0 6175.0 2578.0 6155.0 1 0.10368263737495952
1 0 0 0 0 1 1 0 1 0 0 1 1 1 0 0 1 1 0 1 5283.0 4758.0 5720.0 4013.0 6102.0 1 0.09130571888244898
1 0 0 0 0 1 1 1 1 1 0 0 0 0 1 0 1 1 0 1 5060.0 4567.0 6268.0 2521.0 6066.0 1 0.17720033489117282
1 1 1 0 1 1 0 0 1 1 0 0 0 1 1 1 0 1 0 1 5208.0 4719.0 6984.0 3499.0 6030.0 1 0.12362772968057552
1 0 0 1 1 1 0 1 0 0 1 0 0 1 0 1 0 1 1 1 6288.0 3087.0 7148.0 3098.0 5913.0 1 0.15990725625559404
1 0 0 1 1 1 1 1 1 0 0 0 0 1 0 1 0 0 1 1 5372.0 4005.0 7219.0 3111.0 5893.0 1 0.17540739017204576
0 1 0 1 1 0 0 1 1 0 0 1 0 1 1 1 0 1 0 1 6322.0 2619.0 6351.0 3537.0 5846.0 1 0.28223193160214577
1 0 0 0 1 1 1 0 0 0 0 1 1 1 0 1 0 0 1 1 4899.0 3729.0 5955.0 4609.0 5768.0 1 0.19411919722829224
1 1 0 0 1 1 0 0 1 0 0 1 1 1 0 1 0 1 0 1 5588.0 4317.0 6961.0 4478.0 5744.0 1 0.20490196872646485
0 0 0 1 0 1 1 0 1 0 0 1 1 1 0 0 1 1 0 1 6124.0 4498.0 5440.0 3764.0 5726.0 1 0.14809559372837186
1 1 1 0 1 1 1 0 1 0 1 0 0 0 0 0 1 0 0 1 3845.0 4842.0 5978.0 2282.0 5707.0 1 2000000000000000.0
1 1 1 0 1 1 0 0 1 1 0 0 0 1 1 1 0 0 1 1 5003.0 4980.0 6340.0 3998.0 5675.0 1 0.10707337335711031
1 0 1 1 1 1 0 0 1 0 1 1 0 0 0 1 0 1 0 1 6322.0 3914.0 7008.0 3305.0 5631.0 1 0.11041250586300114
1 0 0 0 0 1 1 0 1 1 1 1 0 0 1 1 0 0 0 1 5590.0 3755.0 6521.0 3914.0 5626.0 1 0.15270200702562864
0 0 0 0 0 1 1 0 1 1 0 1 1 1 0 0 0 1 1 1 5851.0 4747.0 5398.0 4392.0 5536.0 1 0.10189157896048079
0 0 0 1 1 1 0 1 1 0 1 0 0 0 0 0 1 1 1 1 6281.0 4202.0 6052.0 2425.0 5501.0 1 0.13269480433243164
1 0 0 1 1 1 1 0 1 1 1 1 0 0 0 1 0 0 0 1 6089.0 4197.0 7248.0 3924.0 5492.0 1 0.04769676276149475
0 0 0 1 0 1 1 0 1 1 0 1 0 0 0 0 1 1 1 1 6088.0 4781.0 4919.0 3447.0 5484.0 1 0.16449988972675608
0 0 0 1 1 1 0 1 1 0 1 1 0 0 0 1 0 1 0 1 6634.0 3039.0 7139.0 2993.0 5468.0 1 1000000000000000.2
0 0 0 0 0 1 0 1 0 0 1 1 1 0 1 1 0 1 0 1 6290.0 2430.0 6294.0 3612.0 5444.0 1 1000000000000000.0
1 1 0 0 1 1 0 0 1 1 1 1 0 0 0 1 1 0 0 1 5283.0 4742.0 6540.0 4355.0 5422.0 1 0.06788764907742435
0 0 0 1 1 1 1 0 0 0 0 1 1 1 0 1 0 0 1 1 5740.0 3469.0 5675.0 4360.0 5392.0 1 0.19703958646187258
1 0 0 0 0 1 0 0 1 1 1 1 0 0 0 0 1 1 1 1 5928.0 4800.0 5209.0 3950.0 5391.0 1 0.0944426909359224
1 0 0 1 1 1 0 1 1 0 0 1 1 0 1 1 0 0 0 1 6630.0 3904.0 7293.0 4181.0 5384.0 1 0.14334680488588036
1 0 0 0 0 1 1 0 1 0 0 1 1 1 0 1 0 1 1 0 5174.0 4200.0 5742.0 4531.0 5364.0 1 0.1379895351132058
1 0 0 0 1 1 0 0 1 1 1 1 0 0 0 0 0 1 1 1 5936.0 4398.0 5845.0 3752.0 5305.0 1 0.09427300406897156
1 0 0 1 1 1 1 1 0 0 1 0 1 0 0 1 0 0 0 1 5477.0 3331.0 7586.0 3012.0 5268.0 1 1000000000000000.1
1 0 0 0 1 1 1 1 1 0 0 0 1 1 0 1 1 0 0 0 3961.0 4541.0 6549.0 3696.0 5256.0 1 0.29160875535424396
1 0 0 0 0 1 1 0 1 0 0 1 1 1 0 1 1 0 1 0 4645.0 4722.0 5112.0 4932.0 5200.0 1 0.1564772501359165
0 0 1 0 1 0 0 0 1 0 0 1 1 1 0 1 0 1 1 1 5305.0 3827.0 5207.0 4512.0 5193.0 1 0.13431486183914465
1 0 0 0 0 1 0 0 1 0 1 0 1 1 1 1 0 0 1 1 5801.0 4041.0 6189.0 4285.0 5130.0 1 0.1466200241305302
1 0 0 0 0 1 1 0 1 1 0 1 1 1 0 1 0 0 0 1 4989.0 4443.0 6344.0 4713.0 5099.0 1 0.13050799214499398
1 0 0 0 1 1 0 1 1 1 0 0 1 1 0 1 0 0 1 1 5321.0 4903.0 7078.0 4499.0 5049.0 1 0.15030499368488145
1 0 1 1 0 1 0 1 1 1 1 0 0 0 0 1 0 1 0 1 6074.0 4172.0 7459.0 2701.0 5047.0 1 0.2777403560447023
1 0 0 1 1 0 0 1 1 0 0 1 1 1 0 1 0 0 1 1 6123.0 3678.0 6314.0 4849.0 5028.0 1 0.15530026408361597
1 0 0 1 0 1 1 0 1 1 0 0 1 1 0 1 0 0 1 1 5739.0 5022.0 6570.0 4377.0 4930.0 1 0.09971546829995212
1 0 0 0 0 1 0 0 1 1 0 1 1 1 0 1 0 1 0 1 5615.0 4321.0 6268.0 4675.0 4901.0 1 0.0694381620720819
1 0 0 0 0 0 1 0 1 1 0 1 1 1 0 1 0 0 1 1 4948.0 4158.0 5419.0 5186.0 4894.0 1 1000000000000000.1
1 0 0 1 1 1 0 0 1 0 1 0 1 1 1 1 0 0 1 0 6265.0 4224.0 6266.0 4417.0 4731.0 1 0.20779778521786535
1 0 0 1 0 1 0 1 1 1 1 0 0 0 0 0 0 1 1 1 6285.0 4146.0 6324.0 2618.0 4720.0 1 0.12422195268512069
1 1 1 0 1 1 0 0 1 0 0 0 1 0 0 1 1 1 0 0 3903.0 5052.0 5815.0 3268.0 4586.0 1 0.138093439182996
1 0 0 0 0 1 1 0 1 1 0 1 1 1 0 1 0 0 1 0 4773.0 4618.0 5412.0 5070.0 4579.0 1 0.22629737849852716
1 0 0 0 1 1 0 0 1 1 0 0 1 1 0 1 1 1 0 0 4513.0 5046.0 5867.0 4231.0 4492.0 1 0.12968716866924582
1 0 0 1 0 1 0 0 1 1 1 1 0 0 0 0 1 1 1 0 6113.0 4622.0 4619.0 3817.0 4440.0 1 1000000000000000.0
0 0 0 1 1 1 0 1 1 1 1 0 1 1 0 1 1 0 0 0 5882.0 4699.0 6610.0 4302.0 4428.0 1 0.14907225480393535
0 0 0 1 1 1 0 1 1 1 0 0 1 1 1 1 0 0 1 0 6127.0 4384.0 6148.0 4372.0 4408.0 1 0.08317047142837838
0 0 0 1 1 0 0 1 1 1 1 0 1 0 0 0 0 1 1 1 6493.0 4062.0 6034.0 3433.0 4383.0 1 0.20926693895212198
0 0 0 1 1 1 0 1 1 1 0 0 1 1 0 1 1 0 1 0 5622.0 5079.0 5880.0 4509.0 4344.0 1 1000000000000000.0
1 0 0 1 0 1 0 1 1 1 1 0 1 0 1 0 0 0 0 1 6386.0 4222.0 6569.0 3279.0 4328.0 1 0.10395595427334943
0 0 0 0 0 1 0 0 1 1 0 1 1 0 1 1 0 0 1 1 5721.0 4114.0 5039.0 4659.0 4305.0 1 0.15353807248116116
0 1 0 0 1 1 0 0 1 1 0 1 1 1 0 1 1 0 0 0 4492.0 4762.0 5074.0 4956.0 4238.0 1 0.41610656375597216
0 0 0 1 1 1 0 0 1 1 1 0 1 1 1 0 0 0 1 0 6131.0 4444.0 4973.0 4074.0 3936.0 1 1000000000000000.1
