1 0 0 1 1 1 0 1 1 0 1 0 0 1 1 1 0 1 0 1 7034.0 3571.0 8172.0 3192.0 6481.0 0 2000000000000000.0
1 0 1 0 1 1 0 0 1 1 0 0 1 1 0 0 1 0 1 1 4747.0 6102.0 5354.0 4330.0 5038.0 0 2000000000000000.0
1 0 0 1 1 1 0 0 1 1 0 1 1 1 0 0 1 0 1 0 5767.0 5498.0 4747.0 5145.0 4365.0 0 2000000000000000.0
1 0 0 0 1 1 1 1 1 0 0 1 0 1 1 1 0 1 0 1 6198.0 3735.0 7953.0 3835.0 7566.0 0 1000000000000000.1
1 0 0 0 1 1 1 1 1 1 0 0 1 1 0 1 0 1 0 1 5700.0 5005.0 8459.0 4100.0 6404.0 0 1000000000000000.0
1 0 0 1 1 1 0 0 1 1 0 1 1 1 1 1 0 1 0 1 7666.0 4899.0 7593.0 5337.0 6171.0 0 1000000000000000.0
1 0 0 0 1 1 0 0 1 1 0 1 1 1 1 1 0 0 1 1 6465.0 5011.0 6590.0 5765.0 5800.0 0 1000000000000000.0
1 0 0 0 1 1 1 0 1 0 0 1 1 1 1 1 0 1 0 1 6445.0 4454.0 7640.0 4765.0 7138.0 0 0.2541269804197853
1 0 1 1 0 1 0 0 1 1 0 0 1 1 0 0 1 0 1 1 5464.0 5890.0 5046.0 4136.0 4502.0 0 0.22022380117743828
0 0 0 1 1 1 0 0 1 1 0 1 1 1 0 0 1 0 1 1 6423.0 5416.0 5057.0 5029.0 4940.0 0 0.17806654018649748
1 0 0 0 1 1 1 0 1 1 0 0 1 1 0 0 1 0 1 1 4915.0 5967.0 5924.0 4410.0 5684.0 0 0.1755808414894411
1 1 0 1 1 1 0 1 1 1 0 0 0 1 1 1 0 1 0 1 6671.0 4402.0 8113.0 3578.0 6275.0 0 0.16562806600547522
1 0 0 1 1 1 1 0 1 1 0 0 1 1 0 0 1 0 1 0 5100.0 5789.0 5334.0 4277.0 4733.0 0 0.15975006978901424
1 0 0 1 0 1 0 0 1 1 0 1 1 1 0 0 1 0 1 1 6299.0 5464.0 5029.0 5084.0 4780.0 0 0.15020373272064863
1 0 0 1 0 1 0 0 1 1 1 1 1 1 1 1 0 0 0 1 7442.0 4419.0 7012.0 5364.0 5348.0 0 0.1469419994220344
1 0 0 0 1 1 0 1 1 1 1 0 0 1 1 1 0 1 0 1 6437.0 4081.0 8144.0 3722.0 6482.0 0 0.14151683081157213
1 0 0 0 1 1 0 1 1 1 0 0 1 1 0 0 1 0 1 1 5214.0 5636.0 6124.0 4338.0 5267.0 0 0.1414859098670346
1 1 0 0 1 1 1 0 1 0 0 0 1 1 0 0 1 1 0 1 4814.0 5341.0 6594.0 3449.0 6330.0 0 0.13748900380169213
1 0 0 0 1 1 0 1 1 0 0 1 0 1 1 1 0 1 1 1 6619.0 3874.0 7233.0 4296.0 7013.0 0 0.13423720719304796
1 0 0 1 0 1 0 0 1 1 0 1 1 0 0 1 1 0 1 1 6367.0 5367.0 5769.0 5187.0 4649.0 0 0.13090677266610856
1 0 0 0 1 1 0 0 1 1 0 1 1 1 0 1 1 0 1 0 5149.0 5379.0 5373.0 5698.0 4769.0 0 0.12796082036896952
0 0 0 1 1 1 1 0 1 1 1 1 0 1 1 1 0 0 0 1 7020.0 3983.0 7153.0 4451.0 6353.0 0 0.1255742882247899
1 0 0 1 1 1 0 1 1 1 0 0 1 1 1 1 0 1 0 1 7298.0 4859.0 8380.0 4397.0 6122.0 0 0.12167985932293417
1 0 0 0 1 1 0 0 1 1 0 1 1 1 0 1 1 1 0 1 6165.0 5445.0 6966.0 5403.0 6091.0 0 0.1213914594758493
1 0 0 0 1 1 0 1 1 1 0 0 1 1 0 1 0 1 1 1 6121.0 5144.0 7739.0 4561.0 5851.0 0 0.11933427599798861
1 0 0 0 1 1 1 0 1 1 0 1 0 1 1 1 0 0 1 1 5919.0 4623.0 6703.0 4907.0 6645.0 0 0.11894048092870604
1 1 0 1 1 1 1 0 1 0 0 0 1 1 0 1 0 1 0 1 5917.0 4757.0 7907.0 3681.0 6128.0 0 0.11667029688981007
1 0 0 1 0 1 0 0 1 1 0 0 1 1 1 1 1 1 0 1 6817.0 5229.0 6807.0 4567.0 5625.0 0 0.11567449327070392
1 0 0 1 1 1 0 0 1 1 0 0 1 1 0 0 1 0 1 1 5737.0 5753.0 5546.0 4381.0 4700.0 0 0.11557178794423034
1 0 0 0 1 1 0 0 1 1 0 0 1 1 1 0 1 0 1 1 5517.0 5672.0 5486.0 4636.0 5386.0 0 0.1128033554548755
1 0 0 1 1 1 1 1 1 0 0 1 0 1 1 1 0 0 0 1 6394.0 3643.0 7651.0 3844.0 6780.0 0 0.11240964683216874
1 0 0 1 1 1 0 1 1 1 0 1 1 1 1 1 0 0 0 1 7339.0 4690.0 7869.0 5303.0 5952.0 0 0.10842998808375642
1 0 0 1 1 1 0 0 1 1 0 1 1 1 1 0 0 0 1 1 7083.0 5130.0 5964.0 5212.0 5396.0 0 0.10736039136684583
1 0 0 0 1 1 1 0 1 1 0 1 0 1 1 1 1 0 0 1 5595.0 4884.0 6717.0 4809.0 6836.0 0 0.1061004765721482
1 0 0 1 1 1 0 1 1 1 0 1 1 1 0 1 0 1 0 1 7363.0 4863.0 8231.0 5039.0 6052.0 0 0.10604786470769345
1 0 0 0 1 1 1 0 1 1 0 0 1 0 0 1 1 0 1 1 4983.0 5870.0 6664.0 4513.0 5553.0 0 0.10333271248174725
0 0 0 1 1 1 0 0 1 1 0 1 1 0 0 1 1 0 1 1 6491.0 5319.0 5797.0 5132.0 4809.0 0 0.10149689849291266
1 0 0 1 1 1 0 1 1 0 0 1 0 1 0 1 1 1 0 1 6515.0 4216.0 7307.0 3943.0 6518.0 0 0.10129199391936385
1 1 0 1 1 1 0 0 1 1 0 1 1 1 0 0 1 0 0 1 6076.0 5617.0 6036.0 4927.0 5193.0 0 0.10073221249559376
1 0 1 0 1 1 0 0 1 1 0 0 1 0 0 1 1 0 1 1 4815.0 6005.0 6094.0 4433.0 4907.0 0 0.0989395436327177
1 0 0 1 1 1 1 0 1 0 0 1 0 1 1 1 0 1 0 1 6721.0 3852.0 7375.0 3878.0 6999.0 0 0.09757586405001618
1 0 0 0 1 1 0 0 1 1 0 0 0 1 1 1 1 1 1 1 5975.0 5192.0 6508.0 4364.0 6453.0 0 0.09692105969968087
1 0 0 0 1 1 0 0 1 1 0 1 1 1 0 0 1 0 1 1 5582.0 5676.0 5337.0 5278.0 5316.0 0 0.09612782087206123
1 0 0 0 1 1 0 1 1 1 0 0 1 0 0 1 1 1 0 1 5487.0 5278.0 7508.0 3942.0 5491.0 0 0.09415397977063872
1 0 0 0 1 1 0 0 1 1 1 0 0 1 1 1 1 1 0 1 6235.0 4812.0 7238.0 4157.0 6537.0 0 0.0920224145682574
1 0 0 1 1 1 0 1 1 0 0 1 1 0 1 1 0 1 0 1 7430.0 4145.0 7954.0 4243.0 6186.0 0 0.09134234804589811
1 0 0 1 1 1 0 0 1 1 0 0 1 0 0 1 1 0 1 1 5805.0 5656.0 6286.0 4484.0 4569.0 0 0.09010682605844908
0 0 0 0 1 1 0 0 1 1 0 1 1 1 0 1 1 0 1 1 5805.0 5297.0 5683.0 5582.0 5344.0 0 0.08893053869439033
1 0 1 0 1 1 0 0 1 1 0 1 1 0 0 1 1 0 0 1 5061.0 5575.0 6227.0 4840.0 5092.0 0 0.08809607477174003
1 0 0 0 1 1 1 0 1 0 0 1 1 1 0 0 1 1 0 1 5562.0 5119.0 6387.0 4278.0 6654.0 0 0.0869253074815269
1 0 0 1 1 1 0 1 1 1 0 1 0 1 1 1 0 1 0 1 7419.0 4180.0 7906.0 4407.0 6599.0 0 0.086837064014977
1 0 1 0 0 1 0 0 1 1 0 0 1 1 0 1 1 0 1 1 4846.0 5771.0 5672.0 4689.0 4906.0 0 0.08502661445168061
1 0 0 0 1 1 0 1 1 1 0 0 1 1 1 1 1 0 0 1 5773.0 5232.0 7391.0 4727.0 5942.0 0 0.08470991821813437
1 0 0 0 1 1 1 0 0 0 0 1 1 1 1 1 0 0 1 1 5675.0 3797.0 6254.0 4935.0 6470.0 0 0.08456886916832224
0 0 0 0 0 1 1 0 1 1 0 1 1 1 1 1 0 1 0 1 6410.0 4343.0 6665.0 4781.0 6211.0 0 0.08436604427524726
1 0 0 0 1 1 1 1 1 0 0 0 1 1 0 0 1 1 0 1 5194.0 5079.0 7174.0 3338.0 6605.0 0 0.08435013538831738
1 0 0 1 1 1 0 1 1 1 0 0 1 1 0 1 1 0 0 1 5993.0 5313.0 7451.0 4472.0 5256.0 0 0.08418519856033575
1 0 0 1 1 1 1 0 1 1 0 1 1 0 0 0 1 0 0 1 5847.0 5559.0 6171.0 4367.0 5334.0 0 0.08280513145811126
1 0 0 1 1 1 0 0 1 1 1 1 0 1 0 0 1 1 0 1 6918.0 4935.0 6463.0 4246.0 6063.0 0 0.08261765987344599
1 0 0 1 0 1 0 0 1 1 0 1 1 1 1 1 1 0 0 1 6858.0 5060.0 6296.0 5473.0 5455.0 0 0.08256736512027127
1 0 0 1 1 1 0 0 1 1 0 1 1 1 1 1 0 0 1 0 6650.0 4833.0 6000.0 5632.0 4849.0 0 0.08208479688202241
1 0 0 1 0 1 0 0 1 1 0 0 1 1 1 1 0 1 1 1 7141.0 4968.0 6793.0 4665.0 5434.0 0 0.08144925962478644
1 0 0 1 1 1 0 0 1 1 0 1 1 1 1 1 1 0 0 0 6326.0 5094.0 6014.0 5534.0 5040.0 0 0.08132002827057491
1 0 0 1 1 1 1 0 1 0 0 1 0 1 0 1 0 1 1 1 6540.0 4286.0 7093.0 4113.0 6744.0 0 0.08120632599759135
1 0 0 1 1 1 0 0 1 1 1 0 0 1 1 0 1 1 0 1 6853.0 4931.0 6612.0 3604.0 6133.0 0 0.08086196483209904
1 0 0 0 1 1 0 1 1 0 0 1 1 1 1 1 0 1 0 1 6744.0 4123.0 7840.0 4693.0 6721.0 0 0.08043555874334854
1 1 0 1 1 1 0 0 1 1 0 1 0 1 1 1 0 1 0 1 7039.0 4442.0 7326.0 4518.0 6324.0 0 0.07734643359533488
1 0 0 0 1 1 1 1 1 0 0 0 1 0 1 1 0 1 0 1 5767.0 4287.0 8182.0 3304.0 6538.0 0 0.07676193384417347
1 0 0 1 1 1 0 0 1 1 0 1 1 0 0 1 1 1 0 1 6851.0 5467.0 7080.0 4953.0 5556.0 0 0.07669287841563949
1 0 0 1 0 1 0 0 1 1 0 1 1 1 0 1 0 1 1 1 7206.0 4972.0 6644.0 5307.0 5364.0 0 0.07564098364313127
1 0 0 1 0 1 0 0 1 1 0 0 0 1 1 1 1 1 1 1 6692.0 4980.0 6200.0 4170.0 5917.0 0 0.0751755886865653
1 0 0 1 1 1 0 0 1 1 0 1 1 1 1 0 1 0 0 1 6759.0 5391.0 5978.0 5114.0 5587.0 0 0.07510733300090988
1 0 0 1 1 1 0 1 1 0 0 0 1 1 0 1 1 1 0 1 6394.0 4895.0 7781.0 3933.0 6041.0 0 0.07420127986095199
1 0 0 1 1 1 0 0 1 1 0 0 1 1 0 1 0 1 1 1 6644.0 5261.0 7161.0 4604.0 5284.0 0 0.07264408264964756
1 0 0 1 1 1 0 0 1 1 0 1 1 0 0 1 0 1 1 1 7175.0 5206.0 7066.0 5051.0 5365.0 0 0.07211459489997019
0 0 0 1 1 1 0 0 1 1 0 1 1 1 1 1 1 0 0 1 6982.0 5012.0 6324.0 5418.0 5615.0 0 0.07132088323267234
0 0 0 1 1 1 0 0 1 1 0 1 1 1 0 1 1 1 0 1 7006.0 5185.0 6686.0 5154.0 5715.0 0 0.0710873736558218
1 0 1 0 1 1 0 0 1 1 0 0 1 0 0 1 1 1 0 1 5020.0 5744.0 6738.0 3934.0 5262.0 0 0.0705440435377567
1 0 0 0 1 1 1 0 1 1 0 0 1 0 0 1 1 1 0 1 5188.0 5609.0 7308.0 4014.0 5908.0 0 0.07050211360038798
1 0 0 0 1 1 0 0 1 1 0 1 1 1 1 1 1 0 0 1 6141.0 5272.0 6604.0 5667.0 5991.0 0 0.06944456110142465
1 0 0 1 1 1 0 1 1 1 0 0 1 0 0 0 1 0 1 1 5900.0 5658.0 6238.0 3888.0 4732.0 0 0.0692612384900313
1 0 0 0 0 1 0 0 1 1 0 1 1 1 0 1 1 0 1 1 5681.0 5345.0 5655.0 5637.0 5184.0 0 0.06888317922911517
1 0 0 1 1 1 0 0 1 1 0 1 1 1 0 1 0 0 1 1 6685.0 5092.0 6650.0 5510.0 5114.0 0 0.06877062287355837
1 0 0 0 1 1 1 0 1 1 0 0 1 1 1 1 0 1 0 1 6003.0 5041.0 7821.0 4398.0 6523.0 0 0.06870537133124367
1 0 0 1 1 1 0 1 1 1 0 0 0 1 1 0 1 1 0 1 6471.0 4841.0 6802.0 3278.0 6185.0 0 0.06710509050471383
0 0 0 1 1 1 1 0 1 0 0 1 1 1 0 0 1 1 0 1 6403.0 4859.0 6107.0 4029.0 6278.0 0 0.06707486600213987
1 0 0 0 1 1 1 0 1 1 0 1 1 0 1 0 0 1 0 1 6156.0 4956.0 6741.0 4221.0 6184.0 0 0.06666714049597147
1 0 0 0 1 1 1 0 1 1 0 1 0 1 0 1 1 1 0 1 5619.0 5057.0 7079.0 4545.0 6936.0 0 0.06655689991747796
1 0 0 1 1 1 1 1 1 0 0 0 1 1 0 1 1 0 0 1 5768.0 5017.0 7857.0 3971.0 6239.0 0 0.066489351175003
1 1 0 1 1 1 0 0 1 1 0 1 1 1 0 1 0 1 0 1 6983.0 5125.0 7651.0 5150.0 5777.0 0 0.06632706287217774
1 0 0 0 1 1 0 0 1 1 0 1 1 0 0 1 1 0 1 1 5650.0 5579.0 6077.0 5381.0 5185.0 0 0.06621210297878959
1 0 0 1 1 1 0 0 1 0 1 1 0 1 0 1 1 1 0 1 6897.0 4306.0 7117.0 4269.0 6466.0 0 0.06543617630043744
1 0 0 0 1 1 0 0 1 1 1 0 0 1 1 1 0 1 1 1 6559.0 4551.0 7224.0 4255.0 6346.0 0 0.06454719938883179
1 0 0 1 1 1 1 0 1 0 0 0 1 1 1 1 0 1 0 1 6600.0 4531.0 7849.0 3868.0 6522.0 0 0.06305940323858557
1 0 0 0 1 1 0 0 1 1 0 0 1 1 1 1 0 1 1 1 6424.0 5180.0 7101.0 4859.0 5970.0 0 0.06299018060882287
1 0 0 1 1 1 1 0 1 1 0 1 0 0 0 1 1 1 0 1 6305.0 5079.0 7193.0 4095.0 6401.0 0 0.061904144042604387
0 0 0 1 1 1 1 0 1 1 0 0 1 0 0 1 1 0 1 1 5824.0 5610.0 6384.0 4264.0 5177.0 0 0.0618305634868199
0 0 0 1 1 1 1 0 1 1 0 1 0 1 0 1 0 1 1 1 6784.0 4536.0 6785.0 4394.0 6369.0 0 0.061413787171469975
1 0 0 1 1 1 1 0 1 0 0 1 0 1 0 1 1 1 0 1 6216.0 4547.0 7107.0 4015.0 6935.0 0 0.059982438036098984
0 0 0 1 1 1 1 0 1 1 0 1 0 1 1 1 0 1 0 1 6965.0 4102.0 7067.0 4159.0 6624.0 0 0.059570266497380224
