0 0 1 1 0 1 0 0 1 1 1 1 1 1 1 1 0 0 0 1 5495.0 6590.0 0 2000000000000000.0
0 0 1 1 0 1 0 0 1 1 1 1 1 1 1 1 0 1 0 0 5549.0 6351.0 0 0.2776479219714112
0 0 1 1 0 1 0 0 1 1 1 1 1 1 1 1 0 0 1 0 5629.0 6309.0 0 0.32885589745800864
0 0 1 1 0 0 1 1 1 1 0 1 1 1 1 1 0 0 0 1 6015.0 6297.0 0 0.4144741271416593
0 0 1 1 0 1 1 0 1 1 0 1 1 1 1 1 0 0 1 0 6169.0 6198.0 0 0.27880885589743964
0 0 1 1 0 1 1 1 1 1 0 1 1 1 1 1 0 0 0 0 6228.0 6086.0 0 0.45026023909193935
0 0 1 1 1 1 1 0 1 1 1 1 1 1 1 1 0 0 0 0 6667.0 5997.0 0 0.8912027965991384
0 1 1 1 1 0 1 1 1 0 0 1 1 1 1 1 0 0 1 0 6884.0 5389.0 0 0.6020396184885874
0 1 1 1 1 1 1 0 1 1 0 0 1 1 1 0 0 0 0 0 6905.0 5340.0 0 0.3025126235380232
0 1 0 1 1 1 1 1 1 1 0 1 1 1 1 1 0 0 0 0 7093.0 5140.0 0 2000000000000000.0
0 0 1 1 0 1 0 0 1 1 0 1 1 1 1 1 0 0 0 1 5341.0 6375.0 1 2000000000000000.0
0 0 1 1 0 1 0 0 1 1 1 1 1 1 1 0 0 1 0 0 5401.0 6288.0 1 0.28278381231777205
0 0 1 1 0 1 1 0 1 1 1 1 0 1 1 1 0 0 0 1 5700.0 6286.0 1 0.3199208524846762
0 0 1 1 0 0 1 1 1 1 0 1 1 1 1 0 0 0 0 1 5867.0 6234.0 1 0.17396742951495833
0 0 1 1 0 0 1 0 1 1 1 0 1 1 1 1 0 0 1 1 5909.0 6222.0 1 0.08337467050494944
0 0 1 1 1 0 0 1 1 1 0 1 1 1 1 1 0 0 0 1 5977.0 6211.0 1 0.10021733504635738
0 0 1 1 0 0 1 0 1 1 0 1 1 1 1 1 0 1 1 0 6010.0 6170.0 1 0.08453760766557739
0 0 1 1 0 1 1 0 1 1 0 1 1 1 1 0 0 0 1 0 6021.0 6135.0 1 0.1167696088198103
0 0 1 1 1 1 0 0 1 1 0 1 1 1 1 1 0 0 1 0 6131.0 6112.0 1 0.16656383902090477
0 0 1 1 1 1 1 0 1 0 1 1 1 1 1 1 0 0 0 1 6183.0 6044.0 1 0.12108974403014797
0 0 1 1 1 1 0 1 1 1 0 1 1 1 1 1 0 0 0 0 6190.0 6000.0 1 0.10901470962067561
0 0 1 1 1 0 1 0 1 1 0 1 1 1 1 1 0 0 0 1 6300.0 5993.0 1 0.24722743230893449
0 0 1 1 1 1 1 0 1 1 1 1 1 1 1 0 0 0 0 0 6519.0 5934.0 1 0.22272055842967714
0 0 1 1 1 0 1 0 1 1 1 1 1 1 1 1 0 0 1 0 6588.0 5927.0 1 0.15986424002582142
0 1 1 1 0 1 1 0 1 1 0 1 1 1 1 1 0 0 0 0 6598.0 5787.0 1 0.5350541505497106
0 1 1 1 1 1 1 0 1 0 1 1 1 1 1 1 0 0 0 0 6746.0 5352.0 1 0.5026590908570063
0 1 0 1 1 0 1 1 1 1 0 1 1 1 1 1 0 0 0 1 6880.0 5351.0 1 0.3296759669577212
0 1 0 1 1 1 1 1 1 1 0 1 1 1 1 0 0 0 0 0 6945.0 5077.0 1 0.29542130707905523
0 1 0 1 1 0 1 1 1 1 0 1 1 1 1 1 0 0 1 0 7014.0 5070.0 1 2000000000000000.0
0 0 1 1 0 1 0 0 1 1 0 1 0 1 1 0 0 0 1 1 5016.0 6338.0 2 2000000000000000.0
0 0 1 1 0 1 0 0 1 1 0 1 1 1 1 0 0 0 0 1 5193.0 6312.0 2 0.16501152015386328
0 0 1 1 0 0 0 0 1 1 0 1 1 1 1 1 0 0 1 1 5262.0 6305.0 2 0.2195736629390265
0 0 1 1 0 1 0 0 1 1 1 1 1 1 1 0 0 0 1 0 5481.0 6246.0 2 0.40109714259457435
0 0 1 1 0 0 1 0 1 1 1 1 1 1 1 1 0 0 0 1 5798.0 6190.0 2 0.2829170188671368
0 0 1 1 1 0 0 1 1 1 0 1 1 1 1 0 0 0 0 1 5829.0 6148.0 2 0.0915968400371873
0 0 1 1 1 0 0 0 1 1 1 0 1 1 1 1 0 0 1 1 5871.0 6136.0 2 0.11190133965840272
0 0 1 1 0 0 1 1 1 1 1 0 1 1 1 1 0 0 0 1 5968.0 6110.0 2 0.10482791819097562
0 0 1 1 1 0 0 0 1 1 0 1 1 1 1 1 0 1 1 0 5972.0 6084.0 2 0.09503121901657392
0 0 1 1 0 1 1 0 1 1 1 0 1 1 1 1 0 1 0 0 6042.0 6053.0 2 0.11729672919518846
0 0 1 1 0 1 1 1 1 1 0 1 1 1 1 0 0 0 0 0 6080.0 6023.0 2 0.09361162697568806
0 0 1 1 0 0 1 1 1 1 0 1 1 1 1 1 0 0 1 0 6149.0 6016.0 2 0.34823757047705467
0 0 1 1 1 0 1 0 1 1 1 1 1 1 1 0 0 0 1 0 6440.0 5864.0 2 0.4227272561149425
0 0 1 1 1 1 1 0 1 1 0 1 1 1 1 1 0 0 0 0 6513.0 5782.0 2 0.18452712548534195
0 1 1 1 0 0 1 0 1 1 0 1 1 1 1 1 0 0 1 0 6519.0 5717.0 2 0.10355660277370372
0 1 1 1 1 1 0 0 1 1 0 1 1 1 1 1 0 0 0 0 6560.0 5701.0 2 0.13994754975488763
0 1 1 1 0 0 1 1 1 1 0 1 1 1 1 1 0 0 0 0 6578.0 5605.0 2 0.3677965101738822
0 1 0 1 0 1 1 1 1 1 1 1 1 1 1 1 0 0 0 0 6591.0 5337.0 2 0.3545894486563169
0 1 1 1 1 0 1 1 1 0 0 1 1 1 1 0 0 0 1 0 6736.0 5326.0 2 0.18198136204608079
0 1 1 1 1 0 1 0 1 1 0 1 1 1 1 1 0 0 0 0 6863.0 5301.0 2 2000000000000000.0
0 0 1 1 0 1 0 0 0 1 1 1 1 1 1 1 0 0 0 1 4916.0 6337.0 3 2000000000000000.0
0 0 1 1 0 1 1 0 0 1 0 1 1 1 1 1 0 0 0 1 5456.0 6226.0 3 0.4516594182697541
0 0 1 1 1 0 0 1 0 1 1 1 1 1 1 1 0 0 0 1 5552.0 6173.0 3 0.19882167180682836
0 0 1 1 0 1 1 0 0 1 1 1 1 1 1 1 0 0 1 0 5744.0 6160.0 3 0.12089121307715184
0 0 1 1 0 0 1 0 1 1 1 0 1 1 1 0 0 0 1 1 5761.0 6159.0 3 0.20379987152320908
0 0 1 1 1 1 0 0 1 1 0 1 1 1 1 0 0 0 1 0 5983.0 6049.0 3 0.23181390627070347
0 0 0 1 0 1 1 1 1 1 1 1 1 1 1 1 0 0 0 1 6028.0 6029.0 3 0.10020050163974434
0 0 1 1 0 1 1 0 1 1 1 0 1 1 1 1 0 0 1 0 6122.0 6011.0 3 0.3373800947672132
0 0 1 1 1 1 1 0 1 0 1 1 1 1 1 1 0 0 1 0 6317.0 5763.0 3 0.30083362991707363
0 0 1 1 1 0 1 0 1 1 0 1 1 1 1 1 0 1 0 0 6354.0 5754.0 3 0.09769744489877208
0 1 1 1 0 1 1 0 1 1 0 1 1 1 1 0 0 0 0 0 6450.0 5724.0 3 0.1756929133192997
0 0 1 1 1 1 1 1 1 1 0 0 1 1 1 0 0 0 0 0 6535.0 5639.0 3 0.13932825523171039
0 1 1 1 0 1 1 0 1 1 1 0 1 1 1 1 0 0 0 0 6551.0 5600.0 3 0.3470790264412921
0 1 0 1 1 0 1 1 1 1 0 1 1 1 1 0 0 0 0 1 6732.0 5288.0 3 0.3422826334874617
0 1 0 1 1 0 1 0 1 1 1 0 1 1 1 1 0 0 1 1 6774.0 5276.0 3 0.30958092255727676
0 1 1 0 1 0 1 0 1 1 0 1 1 1 1 1 0 0 1 0 6795.0 4888.0 3 2000000000000000.0
0 0 1 1 0 0 0 1 1 1 0 1 1 1 1 1 0 0 0 1 5321.0 6193.0 4 2000000000000000.0
0 0 1 1 1 1 0 0 1 0 0 1 1 1 1 1 0 0 1 1 5647.0 6159.0 4 0.39945453849709756
0 0 1 1 1 0 0 0 1 1 1 1 1 1 1 1 0 0 0 1 5760.0 6104.0 4 0.33338829692862093
0 0 1 1 1 0 0 1 1 1 1 0 1 1 1 1 0 0 0 1 5930.0 6024.0 4 0.3008373251513861
0 0 1 1 0 1 1 0 1 1 1 1 1 1 1 1 0 0 0 0 6011.0 5979.0 4 0.22071223079142283
0 0 1 1 1 0 0 1 1 1 0 1 1 1 1 1 0 0 1 0 6111.0 5930.0 4 0.5061117430764575
0 0 1 1 1 1 1 0 1 1 0 1 1 1 1 0 0 0 0 0 6365.0 5719.0 4 0.442991967661888
0 0 1 1 1 0 1 0 1 1 0 1 1 1 1 1 0 0 1 0 6434.0 5712.0 4 0.20742773852633162
0 0 1 1 1 0 1 1 1 1 0 1 1 1 1 1 0 0 0 0 6493.0 5600.0 4 0.26410564142165477
0 1 1 1 1 0 0 1 1 1 0 1 1 1 1 1 0 0 0 0 6540.0 5519.0 4 0.43469385625276546
0 1 1 1 1 0 1 0 1 0 1 1 1 1 1 1 0 0 1 0 6667.0 5282.0 4 0.3992374670826845
0 1 1 1 1 0 1 0 1 1 0 1 1 1 1 0 0 0 0 0 6715.0 5238.0 4 0.15147479849579273
0 1 1 1 1 0 1 1 1 0 1 1 1 1 1 1 0 0 0 0 6726.0 5170.0 4 2000000000000000.0
0 0 1 1 0 1 0 0 1 1 1 0 1 1 1 1 0 0 0 1 5294.0 6188.0 5 2000000000000000.0
0 0 1 1 0 1 1 0 0 1 0 1 1 1 1 0 0 0 0 1 5308.0 6163.0 5 0.15537638209132829
0 0 1 1 0 0 1 0 1 1 1 1 0 1 1 0 0 0 1 1 5473.0 6153.0 5 0.1875497873659801
0 0 1 1 0 1 0 1 1 1 1 1 1 1 1 0 0 0 0 0 5540.0 6134.0 5 0.12061537035859025
0 0 1 1 0 1 1 0 1 1 0 1 0 1 1 1 0 0 0 1 5546.0 6071.0 5 0.13311203635003893
0 0 1 1 0 1 1 0 1 0 1 0 1 1 1 1 0 0 1 1 5638.0 6058.0 5 0.1664574681494395
0 0 1 1 0 1 1 0 1 1 1 1 0 1 1 1 0 1 0 0 5754.0 6047.0 5 0.25213005276790657
0 0 1 1 0 0 1 1 1 1 0 1 1 1 1 0 0 1 0 0 5921.0 5995.0 5 0.2530359526413178
0 0 1 1 0 0 1 1 1 1 0 1 1 1 1 0 0 0 1 0 6001.0 5953.0 5 0.2675172818964167
0 0 1 1 0 0 1 1 1 1 1 0 1 1 1 1 0 0 1 0 6102.0 5829.0 5 0.3319234957161068
0 0 1 1 1 1 1 0 1 0 1 1 1 1 1 0 0 0 1 0 6169.0 5700.0 5 0.2452440256645701
0 1 1 1 0 0 1 0 1 1 0 1 1 1 1 0 0 1 0 0 6291.0 5696.0 5 0.18083781184488004
0 1 1 1 0 0 1 0 1 1 0 1 1 1 1 0 0 0 1 0 6371.0 5654.0 5 0.13405951851272208
0 1 1 1 1 1 0 0 1 1 0 1 1 1 1 0 0 0 0 0 6412.0 5638.0 5 0.11663356914450677
0 0 1 1 1 1 1 0 1 1 1 0 1 1 1 1 0 0 0 0 6466.0 5595.0 5 0.13345776338369464
0 1 1 1 0 0 1 0 1 1 1 0 1 1 1 1 0 0 1 0 6472.0 5530.0 5 0.21578832001015189
0 1 0 1 1 1 0 0 1 1 1 1 1 1 1 1 0 0 1 0 6494.0 5363.0 5 0.21309972799240723
0 1 1 1 1 0 1 1 0 1 0 1 1 1 1 0 0 0 0 0 6507.0 5307.0 5 0.11895504895125546
0 1 1 1 1 0 1 1 1 0 0 0 1 1 1 1 0 0 0 1 6549.0 5268.0 5 0.2189562964199253
0 1 1 1 1 0 1 1 1 0 1 1 1 1 1 0 0 0 0 0 6578.0 5107.0 5 0.34037658109226837
0 1 0 1 1 0 1 0 1 1 1 1 1 1 1 1 0 1 0 0 6717.0 5005.0 5 2000000000000000.0
0 0 1 1 0 1 0 0 1 1 1 1 0 1 1 1 0 0 0 1 5006.0 6182.0 6 2000000000000000.0
