0 0 1 1 0 1 0 0 1 1 1 1 1 1 1 1 0 0 0 1 5495.0 6590.0 0 2000000000000000.0
0 0 1 1 0 1 0 0 1 1 1 1 1 1 1 1 0 1 0 0 5549.0 6351.0 0 0.2776479219714112
0 0 1 1 0 1 0 0 1 1 1 1 1 1 1 1 0 0 1 0 5629.0 6309.0 0 0.32885589745800864
0 0 1 1 0 0 1 1 1 1 0 1 1 1 1 1 0 0 0 1 6015.0 6297.0 0 0.4144741271416593
0 0 1 1 0 1 1 0 1 1 0 1 1 1 1 1 0 0 1 0 6169.0 6198.0 0 0.27880885589743964
0 0 1 1 0 1 1 1 1 1 0 1 1 1 1 1 0 0 0 0 6228.0 6086.0 0 0.45026023909193935
0 0 1 1 1 1 1 0 1 1 1 1 1 1 1 1 0 0 0 0 6667.0 5997.0 0 0.549558499848913
0 0 1 1 1 1 1 1 1 1 0 0 1 1 1 1 0 0 0 0 6683.0 5702.0 0 0.5507479176556537
0 1 1 1 1 0 1 0 1 1 1 1 1 1 1 1 0 0 0 0 7017.0 5516.0 0 0.5507479176556537
0 1 1 1 1 0 1 1 1 1 0 0 1 1 1 1 0 0 0 0 7033.0 5221.0 0 0.3068697941392049
0 1 0 1 1 1 1 1 1 1 0 1 1 1 1 1 0 0 0 0 7093.0 5140.0 0 2000000000000000.0
0 0 1 1 0 1 0 0 1 1 1 1 1 1 1 0 0 0 0 1 5347.0 6527.0 1 2000000000000000.0
0 0 1 1 0 0 0 1 1 1 1 1 1 1 1 1 0 0 0 1 5475.0 6408.0 1 0.3771660218402201
0 0 1 1 0 1 1 0 1 1 1 1 0 1 1 1 0 0 0 1 5700.0 6286.0 1 0.35457644229559543
0 0 1 1 0 0 1 1 1 1 0 1 1 1 1 0 0 0 0 1 5867.0 6234.0 1 0.1693008001007792
0 0 1 1 0 0 1 0 1 1 1 0 1 1 1 1 0 0 1 1 5909.0 6222.0 1 0.08177266399842381
0 0 1 1 1 0 0 1 1 1 0 1 1 1 1 1 0 0 0 1 5977.0 6211.0 1 0.0962776559307158
0 0 1 1 0 0 1 0 1 1 0 1 1 1 1 1 0 1 1 0 6010.0 6170.0 1 0.07855669772016254
0 0 1 1 0 1 1 0 1 1 0 1 1 1 1 0 0 0 1 0 6021.0 6135.0 1 0.11239330719991189
0 0 1 1 1 1 0 0 1 1 0 1 1 1 1 1 0 0 1 0 6131.0 6112.0 1 0.15963766752482397
0 0 1 1 1 1 1 0 1 0 1 1 1 1 1 1 0 0 0 1 6183.0 6044.0 1 0.11226320281584673
0 0 1 1 1 1 0 1 1 1 0 1 1 1 1 1 0 0 0 0 6190.0 6000.0 1 0.10518939451642298
0 0 1 1 1 0 1 0 1 1 0 1 1 1 1 1 0 0 0 1 6300.0 5993.0 1 0.2426590865766299
0 0 1 1 1 1 1 0 1 1 1 1 1 1 1 0 0 0 0 0 6519.0 5934.0 1 0.21806400559282813
0 0 1 1 1 0 1 0 1 1 1 1 1 1 1 1 0 0 1 0 6588.0 5927.0 1 0.14828276623329129
0 1 1 1 0 1 1 0 1 1 0 1 1 1 1 1 0 0 0 0 6598.0 5787.0 1 0.5468163745424885
0 1 1 1 1 0 1 1 1 0 0 1 1 1 1 1 0 0 1 0 6884.0 5389.0 1 0.4909579511688281
0 1 1 1 1 1 1 0 1 1 0 0 1 1 1 0 0 0 0 0 6905.0 5340.0 1 0.25073132250692987
0 1 0 1 1 1 1 1 1 1 0 1 1 1 1 0 0 0 0 0 6945.0 5077.0 1 0.2506992081336483
0 1 0 1 1 0 1 1 1 1 0 1 1 1 1 1 0 0 1 0 7014.0 5070.0 1 2000000000000000.0
0 0 1 1 0 1 0 0 1 1 0 1 1 1 1 1 0 0 0 1 5341.0 6375.0 2 2000000000000000.0
0 0 1 1 0 1 0 0 1 1 1 1 1 1 1 0 0 1 0 0 5401.0 6288.0 2 0.21694472364358153
0 0 1 1 0 1 0 0 1 1 1 1 1 1 1 0 0 0 1 0 5481.0 6246.0 2 0.3536628391000388
0 0 1 1 0 0 1 0 1 1 1 1 1 1 1 1 0 0 0 1 5798.0 6190.0 2 0.321823982699781
0 0 1 1 1 0 0 1 1 1 0 1 1 1 1 0 0 0 0 1 5829.0 6148.0 2 0.10016777331058306
0 0 1 1 1 0 0 0 1 1 1 0 1 1 1 1 0 0 1 1 5871.0 6136.0 2 0.1274277635639931
0 0 1 1 0 0 1 1 1 1 1 0 1 1 1 1 0 0 0 1 5968.0 6110.0 2 0.11640828053930202
0 0 1 1 1 0 0 0 1 1 0 1 1 1 1 1 0 1 1 0 5972.0 6084.0 2 0.08357763259421022
0 0 1 1 0 1 1 1 1 0 1 1 1 1 1 1 0 0 1 0 6032.0 6067.0 2 0.07575751807179396
0 0 1 1 0 1 1 0 1 1 1 0 1 1 1 1 0 1 0 0 6042.0 6053.0 2 0.07415783382065655
0 0 1 1 0 1 1 1 1 1 0 1 1 1 1 0 0 0 0 0 6080.0 6023.0 2 0.10565847851688603
0 0 1 1 0 0 1 1 1 1 0 1 1 1 1 1 0 0 1 0 6149.0 6016.0 2 0.13760393823098224
0 0 1 1 1 0 1 0 1 1 0 1 1 1 1 0 0 0 0 1 6152.0 5930.0 2 0.12788780762669386
0 0 1 1 1 0 1 1 1 1 0 1 0 1 1 1 0 0 0 1 6182.0 5907.0 2 0.25158762792395817
0 0 1 1 1 0 1 0 1 1 1 1 1 1 1 0 0 0 1 0 6440.0 5864.0 2 0.3371450363466278
0 0 1 1 1 1 1 0 1 1 0 1 1 1 1 1 0 0 0 0 6513.0 5782.0 2 0.1948867212881568
0 1 1 1 0 0 1 0 1 1 0 1 1 1 1 1 0 0 1 0 6519.0 5717.0 2 0.10964087374105591
0 1 1 1 1 1 0 0 1 1 0 1 1 1 1 1 0 0 0 0 6560.0 5701.0 2 0.14771158219621813
0 1 1 1 0 0 1 1 1 1 0 1 1 1 1 1 0 0 0 0 6578.0 5605.0 2 0.3849705825616928
0 1 1 1 1 0 1 1 0 1 0 1 1 1 1 1 0 0 0 0 6655.0 5370.0 2 0.35623210587228843
0 1 1 1 1 1 1 0 1 0 1 1 1 1 1 1 0 0 0 0 6746.0 5352.0 2 0.16475351790934542
0 1 0 1 1 0 1 1 1 1 0 1 1 1 1 1 0 0 0 1 6880.0 5351.0 2 2000000000000000.0
0 0 1 1 0 1 0 0 1 1 0 1 0 1 1 0 0 0 1 1 5016.0 6338.0 3 2000000000000000.0
0 0 1 1 0 1 0 0 1 1 0 1 1 1 1 0 0 0 0 1 5193.0 6312.0 3 0.16501152015386328
0 0 1 1 0 0 0 0 1 1 0 1 1 1 1 1 0 0 1 1 5262.0 6305.0 3 0.22532460311201824
0 0 1 1 0 1 1 0 0 1 0 1 1 1 1 1 0 0 0 1 5456.0 6226.0 3 0.28430163015526766
0 0 1 1 1 0 0 1 0 1 1 1 1 1 1 1 0 0 0 1 5552.0 6173.0 3 0.2195736629390265
0 0 1 1 0 1 1 0 0 1 1 1 1 1 1 1 0 0 1 0 5744.0 6160.0 3 0.12665695211134204
0 0 1 1 0 0 1 0 1 1 1 0 1 1 1 0 0 0 1 1 5761.0 6159.0 3 0.23643856257297888
0 0 1 1 1 1 0 0 1 1 0 1 1 1 1 0 0 0 1 0 5983.0 6049.0 3 0.269920363966881
0 0 0 1 0 1 1 1 1 1 1 1 1 1 1 1 0 0 0 1 6028.0 6029.0 3 0.11190133965840272
0 0 1 1 0 1 1 0 1 1 1 0 1 1 1 1 0 0 1 0 6122.0 6011.0 3 0.27055628272590654
0 0 1 1 1 1 0 1 1 1 1 0 1 1 1 1 0 0 0 0 6143.0 5813.0 3 0.2609130811829952
0 0 1 1 1 1 1 0 1 0 1 1 1 1 1 1 0 1 0 0 6237.0 5805.0 3 0.14242282958785957
0 0 1 1 1 1 1 0 1 0 1 1 1 1 1 1 0 0 1 0 6317.0 5763.0 3 0.11252629430089625
0 0 1 1 1 0 1 0 1 1 0 1 1 1 1 1 0 1 0 0 6354.0 5754.0 3 0.10961714871361444
0 1 1 1 0 1 1 0 1 1 0 1 1 1 1 0 0 0 0 0 6450.0 5724.0 3 0.20889356923237573
0 0 1 1 1 1 1 1 1 1 0 0 1 1 1 0 0 0 0 0 6535.0 5639.0 3 0.17425896929993712
0 1 1 1 0 1 1 0 1 1 1 0 1 1 1 1 0 0 0 0 6551.0 5600.0 3 0.32154412352066297
0 1 0 1 0 1 1 1 1 1 1 1 1 1 1 1 0 0 0 0 6591.0 5337.0 3 0.33635090185076577
0 1 1 1 1 0 1 0 1 1 0 1 0 1 1 1 0 0 1 0 6686.0 5327.0 3 0.08911320659162159
0 1 1 1 1 0 1 1 1 0 0 1 1 1 1 0 0 0 1 0 6736.0 5326.0 3 0.12090340143441208
0 1 1 1 1 0 1 0 1 1 0 1 1 1 1 1 0 0 0 0 6863.0 5301.0 3 2000000000000000.0
0 0 1 1 0 1 0 0 0 1 1 1 1 1 1 1 0 0 0 1 4916.0 6337.0 4 2000000000000000.0
0 0 1 1 0 0 0 1 1 1 0 1 1 1 1 1 0 0 0 1 5321.0 6193.0 4 0.5118800618950731
0 0 1 1 1 1 0 0 1 0 0 1 1 1 1 1 0 0 1 1 5647.0 6159.0 4 0.2206417888903823
0 0 1 1 0 0 1 0 1 1 1 1 1 1 1 0 0 0 0 1 5650.0 6127.0 4 0.09809558334443792
0 0 1 1 1 0 0 0 1 1 1 1 1 1 1 1 0 0 0 1 5760.0 6104.0 4 0.2200989396074535
0 0 1 1 1 0 0 1 1 1 1 0 1 1 1 1 0 0 0 1 5930.0 6024.0 4 0.1915420555770303
0 0 1 1 0 0 1 0 1 1 1 0 1 1 1 1 0 1 1 0 5963.0 5983.0 4 0.07416393681057605
0 0 1 1 0 1 1 0 1 1 1 1 1 1 1 1 0 0 0 0 6011.0 5979.0 4 0.11534225031227854
0 0 1 1 1 0 0 1 1 1 0 1 1 1 1 1 0 0 1 0 6111.0 5930.0 4 0.2397821844798576
0 0 0 1 0 1 1 1 1 1 1 1 1 1 1 1 0 0 1 0 6162.0 5748.0 4 0.28079595367929255
0 0 1 1 1 1 1 0 1 1 0 1 1 1 1 0 0 0 0 0 6365.0 5719.0 4 0.1696025704170553
0 0 1 1 1 0 1 0 1 1 0 1 1 1 1 1 0 0 1 0 6434.0 5712.0 4 0.15024694500362867
0 0 1 1 1 0 1 1 1 1 0 1 1 1 1 1 0 0 0 0 6493.0 5600.0 4 0.1682208390216703
0 0 0 1 1 0 1 1 1 1 0 1 1 1 1 1 0 1 1 0 6505.0 5523.0 4 0.08091392606744843
0 1 1 1 1 0 0 1 1 1 0 1 1 1 1 1 0 0 0 0 6540.0 5519.0 4 0.2829897552807342
0 1 0 1 1 0 1 1 1 1 0 1 1 1 1 0 0 0 0 1 6732.0 5288.0 4 0.2922361901235773
0 1 0 1 1 0 1 0 1 1 1 0 1 1 1 1 0 0 1 1 6774.0 5276.0 4 0.30958092255727676
0 1 1 0 1 0 1 0 1 1 0 1 1 1 1 1 0 0 1 0 6795.0 4888.0 4 2000000000000000.0
0 0 1 1 0 1 0 0 1 1 1 0 1 1 1 1 0 0 0 1 5294.0 6188.0 5 2000000000000000.0
0 1 1 1 1 0 1 1 1 0 1 1 1 1 1 1 0 0 0 0 6726.0 5170.0 5 2000000000000000.0
0 0 1 1 0 0 1 0 1 1 1 1 1 1 1 1 0 0 1 0 5932.0 5909.0 5 0.5350300732073624
0 0 1 1 0 0 1 1 1 0 0 1 1 1 1 1 0 0 1 1 5665.0 6063.0 5 0.4947646277617004
0 0 1 1 0 1 0 1 1 1 1 1 1 1 1 0 0 0 0 0 5540.0 6134.0 5 0.381867996180453
0 1 0 1 1 1 0 0 1 1 1 1 1 1 1 1 0 0 1 0 6494.0 5363.0 5 0.3797881155952295
0 1 1 1 0 0 1 0 1 1 0 1 1 1 1 0 0 0 1 0 6371.0 5654.0 5 0.3785862848612918
0 1 1 1 0 0 1 0 1 1 1 0 1 1 1 1 0 0 1 0 6472.0 5530.0 5 0.3717484716444435
0 0 1 1 0 0 1 1 1 1 1 0 1 1 1 1 0 0 1 0 6102.0 5829.0 5 0.37080731196010475
