1 0 1 1 1 0 1 1 1 1 1 1 1 1 0 1 1 1 0 1 0 0 1 0 1 1 0 0 1 1 1 1 0 1 0 1 1 0 0 0 0 1 1 1 1 1 1 1 1 1 1 1 0 1 0 0 0 0 1 1 0 0 1 1 1 0 0 1 0 1 1 0 1 0 1 0 1 1 1 1 1 0 0 1 0 1 0 0 0 0 0 0 0 1 1 1 1 0 0 0 32569.0 33898.0 0 2000000000000000.0
1 0 1 1 1 0 1 1 1 1 0 1 1 1 0 1 1 1 1 1 0 0 1 0 1 1 0 1 0 1 1 1 0 1 0 1 1 0 0 0 0 1 1 1 1 1 1 1 1 1 1 1 0 0 0 0 0 0 1 1 0 0 1 1 1 0 0 1 0 1 1 0 1 0 1 0 1 1 1 1 1 0 0 1 0 1 0 0 0 0 0 0 1 1 1 1 1 0 0 0 32670.0 33574.0 0 0.2935014570207595
1 0 1 1 0 0 1 1 1 0 1 1 1 1 0 1 1 1 1 1 0 0 1 0 1 1 0 1 1 1 1 1 0 1 0 1 1 0 1 0 0 1 1 0 1 1 1 1 1 1 1 1 0 0 0 0 0 1 1 1 0 1 1 1 1 0 0 1 0 1 0 0 1 1 1 0 1 1 1 1 1 0 0 1 0 1 0 0 0 0 0 0 0 1 1 1 1 0 0 0 33377.0 33507.0 0 0.4235512145678933
1 0 1 0 1 0 1 1 1 1 0 1 1 1 0 1 1 1 0 1 0 0 1 0 1 1 0 1 1 1 1 1 0 1 0 1 1 0 0 0 0 1 1 1 1 1 1 1 1 1 1 1 0 0 0 0 0 1 1 1 0 1 1 1 1 0 0 1 0 1 0 0 1 1 1 0 1 1 1 1 1 1 0 0 0 1 0 0 0 0 0 0 1 1 1 1 1 0 0 0 34113.0 33318.0 0 0.4453482452401958
1 0 1 1 0 0 1 1 1 1 1 0 1 1 0 1 1 1 1 1 1 0 1 0 1 1 0 1 1 1 1 1 0 1 0 1 1 0 0 0 0 1 1 1 1 1 1 1 1 1 1 1 0 0 0 0 0 0 1 0 0 1 1 1 1 0 0 1 0 1 1 0 1 1 1 0 1 1 1 1 1 1 0 0 0 1 0 0 0 0 0 0 1 1 1 1 0 0 0 0 34473.0 32769.0 0 0.3607357666923814
0 0 1 1 0 0 1 1 1 1 1 0 1 1 0 1 1 1 1 1 1 0 1 0 1 1 0 1 1 1 1 1 0 1 0 1 1 0 0 0 0 1 1 1 1 1 1 1 1 1 1 1 0 1 0 0 0 1 1 1 0 0 1 1 1 0 0 1 0 1 0 0 1 1 1 0 1 1 1 1 1 1 0 0 0 1 0 0 0 0 0 0 1 1 0 1 0 0 0 0 34616.0 32292.0 0 0.23928335310580967
1 0 1 1 0 0 1 1 1 0 1 0 1 1 0 1 1 1 1 1 1 0 1 0 1 1 0 1 1 1 1 1 0 1 0 1 1 0 0 0 0 1 1 0 1 1 1 1 1 1 1 1 0 0 0 0 0 1 1 1 0 1 1 1 1 0 0 1 0 1 0 0 1 1 1 0 1 1 1 1 1 1 0 0 0 1 0 0 0 0 0 0 1 1 0 1 1 0 0 0 34782.0 32061.0 0 0.3707717026986465
1 0 1 1 0 0 1 1 1 1 1 1 1 1 0 1 1 1 1 1 1 0 1 0 1 1 0 1 1 1 1 1 0 1 0 1 1 0 0 0 0 1 1 1 1 1 1 1 1 1 1 1 0 1 0 0 0 1 1 1 0 0 1 1 1 0 0 1 0 1 0 0 1 1 1 0 1 0 1 1 1 1 0 0 0 1 0 0 0 0 0 0 1 1 0 1 0 0 1 0 35740.0 31913.0 0 0.4261371096854342
1 0 1 1 0 0 1 1 1 1 1 0 1 1 0 1 1 1 1 1 1 0 1 0 1 1 1 1 1 1 1 1 0 1 0 1 1 0 0 0 0 1 1 0 1 1 1 1 1 1 1 1 0 0 0 0 0 1 1 1 0 1 1 1 1 0 0 1 0 1 0 0 1 1 1 0 1 1 1 1 1 1 0 0 0 1 0 0 0 0 0 0 1 1 0 1 0 0 0 0 35812.0 31334.0 0 0.22333006991395565
1 0 1 1 0 0 1 1 1 0 1 0 1 1 0 1 1 1 1 1 1 0 1 0 1 1 0 1 1 1 1 1 0 1 0 1 1 0 0 0 0 1 1 0 1 1 1 1 1 1 1 1 0 1 0 0 0 1 1 1 0 0 1 1 1 0 0 1 0 1 1 0 1 1 1 0 1 0 1 1 1 1 0 0 0 1 1 0 0 0 0 0 1 1 0 1 0 0 1 0 35853.0 31057.0 0 0.11180647539189557
0 0 1 1 0 0 1 1 1 1 1 0 1 1 0 1 1 1 1 1 1 0 1 0 1 1 0 1 1 1 1 1 0 1 0 1 1 0 0 0 0 1 1 0 1 1 1 1 1 1 1 1 0 1 0 0 0 1 1 1 0 0 1 1 1 0 0 1 0 1 1 0 1 1 1 0 1 0 1 1 1 1 0 0 0 1 1 0 0 0 0 0 1 1 0 1 0 0 1 0 35967.0 31015.0 0 0.2004982665484108
0 0 1 0 0 0 1 1 1 1 1 0 1 1 0 1 1 1 1 1 1 0 1 0 1 1 1 1 1 1 1 1 0 1 0 1 1 0 1 0 0 1 1 0 1 1 1 1 1 1 1 1 0 1 0 0 0 0 1 1 0 0 1 1 1 0 0 1 0 1 1 0 1 1 1 0 1 0 1 1 1 1 0 0 0 1 0 0 0 0 0 0 1 1 0 1 0 0 1 0 36255.0 30623.0 0 0.4839233595558562
1 0 1 1 0 0 1 1 1 1 0 0 1 1 0 1 1 1 1 1 1 0 1 0 1 1 1 1 1 1 1 1 0 1 0 1 1 0 1 0 0 1 1 0 1 0 1 1 1 1 1 1 0 0 0 0 0 0 1 1 0 1 1 1 0 0 0 1 0 1 0 0 1 1 1 0 1 0 1 1 1 1 0 0 0 1 0 0 0 0 0 1 1 1 0 1 0 0 1 0 36519.0 29502.0 0 2000000000000000.0
1 0 1 1 1 0 1 1 1 1 0 1 1 1 0 1 1 1 1 1 0 0 1 0 1 1 0 1 1 1 1 1 0 1 0 1 1 0 0 0 0 1 1 1 1 1 1 1 1 1 1 1 0 0 0 0 0 0 1 1 0 0 1 1 1 0 0 1 0 1 1 0 1 0 1 0 1 1 1 1 1 0 0 1 0 1 0 0 0 0 0 0 0 1 1 1 1 0 0 0 32507.0 33898.0 1 2000000000000000.0
1 0 1 1 0 0 1 1 1 0 0 0 1 1 0 1 0 1 1 1 1 0 1 0 1 1 0 1 1 1 1 1 0 1 0 1 1 0 1 0 0 1 1 1 1 1 1 1 1 1 1 1 1 0 0 0 0 0 1 1 0 0 1 1 1 0 0 1 0 1 1 0 1 0 1 0 1 1 1 1 1 0 0 1 0 1 0 0 0 0 0 0 0 1 1 1 1 0 0 0 32588.0 33409.0 1 0.20980175916259
1 0 1 0 1 0 1 1 1 0 0 1 1 1 0 1 1 1 1 1 0 0 1 0 1 1 0 1 1 1 1 1 0 1 0 1 1 0 1 0 0 1 1 0 1 1 1 1 1 1 1 1 0 0 0 0 0 1 1 1 0 1 1 1 1 0 0 1 0 1 0 0 1 1 1 0 1 1 1 1 1 0 0 1 0 1 0 0 0 0 0 0 0 1 1 1 1 0 0 0 32859.0 33356.0 1 0.20746134544902778
0 0 1 1 0 0 1 1 1 1 1 0 1 1 0 1 1 1 1 1 1 0 1 0 1 1 0 1 1 1 1 1 0 1 0 1 1 0 0 0 0 1 1 1 1 1 1 1 1 1 1 1 0 1 0 0 0 1 1 1 0 1 1 1 1 0 0 1 0 1 0 0 1 0 1 0 1 1 1 1 1 0 0 1 0 1 0 0 0 0 0 0 0 1 1 1 1 0 0 0 33321.0 33352.0 1 0.2826384747156659
0 0 1 1 0 0 1 1 1 1 1 0 1 1 0 1 1 1 1 1 1 0 1 0 1 1 0 1 1 1 1 1 0 1 0 1 1 0 0 0 0 1 1 1 1 1 1 1 1 1 1 1 0 1 0 0 0 1 1 1 0 1 1 1 1 0 0 1 0 1 0 0 1 1 1 0 1 1 1 1 1 0 0 1 0 1 0 0 0 0 0 0 0 1 1 1 0 0 0 0 33740.0 33132.0 1 0.36755581743277954
1 0 1 1 0 0 1 1 1 0 1 0 1 1 0 1 1 1 1 1 1 0 0 0 1 1 0 1 1 1 1 1 1 1 0 1 1 0 0 0 0 1 1 1 1 1 1 1 1 1 1 1 0 0 0 0 0 0 1 0 0 1 1 1 1 0 0 1 0 1 1 0 1 1 1 0 1 1 1 1 1 1 0 0 0 1 0 0 0 0 0 0 1 1 1 1 1 0 0 0 34176.0 32699.0 1 0.2360396109845579
0 0 1 1 0 0 1 1 1 1 1 1 1 1 0 1 0 1 0 1 1 0 1 0 1 1 0 1 1 1 0 1 0 1 0 1 1 0 0 0 0 1 1 1 1 1 1 1 1 1 1 1 0 0 0 0 0 1 1 1 0 1 1 1 1 0 0 1 0 1 1 0 1 1 1 0 1 0 1 1 1 0 0 0 0 1 0 0 1 0 0 0 1 1 1 1 1 0 0 0 34213.0 32618.0 1 0.11299534974012185
0 0 1 1 0 0 1 1 1 1 1 1 1 1 0 1 0 1 0 1 1 0 1 0 1 1 0 1 1 1 1 1 0 1 0 1 1 0 0 0 0 1 1 1 1 1 1 1 1 1 1 1 0 0 0 0 0 1 1 1 0 0 1 1 1 0 0 1 0 1 1 0 1 1 1 0 1 0 1 1 1 1 0 0 0 1 0 0 0 0 0 0 1 1 0 1 1 0 0 0 34298.0 32323.0 1 0.12809743110524088
1 0 1 0 1 0 1 1 1 0 0 1 1 1 0 1 1 1 1 1 1 0 1 0 1 1 0 1 1 1 1 1 0 1 0 1 1 0 0 0 0 1 1 0 1 1 1 1 1 1 1 1 0 0 0 0 0 1 1 1 0 1 1 1 1 0 0 1 0 1 0 0 1 1 1 0 1 1 1 1 1 1 0 0 0 1 0 0 0 0 0 0 1 1 0 1 1 0 0 0 34415.0 32271.0 1 0.10468023432537324
1 0 1 1 0 0 1 1 1 1 1 0 1 1 0 1 1 1 1 1 1 0 1 0 1 1 1 1 1 1 1 1 0 1 0 1 1 0 0 0 0 1 1 0 1 1 1 1 1 1 1 1 0 0 0 0 0 1 1 1 0 1 1 1 1 0 0 1 0 1 0 0 1 1 1 0 1 1 1 1 1 0 0 1 0 1 0 0 0 0 0 0 0 1 1 1 0 0 0 0 34523.0 32114.0 1 0.13394313317631779
1 0 1 1 0 0 1 1 1 1 0 0 1 1 0 1 1 1 1 1 1 0 1 0 1 1 0 1 1 1 1 1 1 1 0 1 1 0 0 0 0 1 1 1 1 1 1 1 1 1 1 1 0 0 0 0 0 1 1 1 0 1 1 1 1 0 0 1 0 1 0 0 1 1 1 0 1 0 1 1 1 1 0 0 0 1 0 0 0 0 0 0 1 1 0 1 1 0 0 0 34651.0 31939.0 1 0.17441200520058542
1 0 1 1 0 0 1 1 1 0 1 0 1 1 0 1 1 1 1 1 1 0 1 0 1 1 0 1 1 1 1 1 0 1 0 1 1 0 0 0 0 1 1 0 1 1 1 1 1 1 1 1 0 0 0 0 0 1 1 1 0 1 1 1 1 0 0 1 0 1 0 0 1 1 1 0 1 1 1 1 1 1 0 0 0 1 0 0 0 0 0 1 1 1 1 1 0 0 0 0 34972.0 31858.0 1 0.2298751737531432
1 0 1 0 1 0 1 1 1 0 0 1 1 1 0 1 1 1 1 1 0 0 1 0 1 1 0 1 1 1 1 1 0 1 0 1 1 0 1 0 0 1 1 0 1 1 1 1 1 1 1 1 0 1 0 0 0 1 1 1 0 0 1 1 1 0 0 1 0 1 1 0 1 1 1 0 1 0 1 1 1 1 0 0 0 1 1 0 0 0 0 0 1 1 0 1 0 0 1 0 35219.0 31572.0 1 0.2762600646229907
0 0 1 1 0 0 1 1 1 1 1 0 1 1 0 1 1 1 1 1 1 0 1 0 1 1 0 1 1 1 1 1 0 1 0 1 1 0 0 0 0 1 1 1 1 1 1 1 1 1 1 1 0 1 0 0 0 1 1 1 0 1 1 1 1 0 0 1 0 1 0 0 1 1 1 0 1 0 1 1 1 1 0 0 0 1 0 0 0 0 0 0 1 1 0 1 0 0 1 0 35686.0 31456.0 1 0.32177896991228283
1 0 1 1 0 0 1 1 1 0 1 0 1 1 0 1 1 1 1 1 1 0 1 0 1 1 0 1 1 1 1 1 0 1 0 1 1 0 0 0 0 1 1 0 1 1 1 1 1 1 1 1 0 0 0 0 0 1 1 1 0 1 1 1 1 1 0 1 0 1 1 0 1 1 1 0 1 0 1 1 1 1 0 0 0 1 0 0 0 0 0 0 1 1 0 1 0 0 1 0 35694.0 30660.0 1 0.21251634023828747
1 0 1 1 0 0 1 1 1 1 1 0 1 1 0 1 1 1 1 1 1 0 1 0 1 1 0 1 1 1 1 1 0 1 0 1 1 0 0 0 0 1 1 0 1 1 1 1 1 1 1 1 0 0 0 0 0 1 1 1 0 1 1 1 1 0 0 1 0 1 1 0 1 1 1 0 1 0 1 1 1 1 0 0 0 1 0 0 0 0 0 0 1 1 0 1 0 0 1 0 35832.0 30645.0 1 0.3215860977862741
0 0 1 1 0 0 1 1 1 1 1 1 1 1 0 1 0 1 0 1 1 0 1 0 1 1 1 1 1 1 1 1 0 1 0 1 1 0 1 0 0 1 1 0 1 0 1 1 1 1 0 1 0 0 1 0 0 1 1 1 0 1 1 1 1 0 0 1 0 1 0 0 1 1 1 0 1 0 1 1 1 1 0 0 0 1 0 0 0 0 0 0 1 1 0 1 0 0 1 0 36239.0 29836.0 1 0.41785335490854025
1 0 1 1 0 0 1 1 1 0 0 0 1 1 0 1 0 1 1 1 1 0 1 0 1 1 1 1 1 1 1 1 0 1 0 1 1 0 1 0 0 1 1 0 1 0 1 1 1 1 0 1 0 0 1 0 0 1 1 1 0 1 1 1 1 0 0 1 0 1 0 0 1 1 1 1 1 0 1 1 1 0 0 0 0 1 0 0 0 0 1 0 1 1 0 1 0 0 1 0 36261.0 29227.0 1 2000000000000000.0
1 0 1 1 1 0 1 1 1 1 0 1 1 1 0 1 1 1 1 1 0 0 1 0 1 1 0 1 0 1 1 1 0 1 0 1 1 0 0 0 0 1 1 1 1 1 1 1 1 1 1 1 1 0 0 0 0 0 1 0 0 1 1 1 1 0 0 1 0 1 0 0 1 1 1 0 1 1 1 0 1 0 0 1 0 1 0 0 0 0 0 0 0 1 1 1 1 0 0 0 31206.0 33764.0 2 2000000000000000.0
0 0 1 1 1 0 1 1 1 1 1 1 1 1 0 1 1 1 0 1 0 0 1 0 1 1 0 0 1 1 1 1 0 1 0 1 1 0 0 0 0 1 1 1 1 1 1 1 1 1 1 1 0 1 0 0 0 0 1 1 0 0 1 1 1 0 0 1 0 1 1 0 1 0 1 0 1 1 1 1 1 0 0 1 0 1 0 0 0 0 0 0 0 1 1 1 1 0 0 0 32253.0 33742.0 2 0.3907982736258532
1 0 1 1 1 0 1 1 1 1 0 1 1 1 0 1 1 1 1 1 0 0 1 0 1 1 0 1 1 1 1 1 0 1 0 1 1 0 0 0 0 1 0 1 1 1 1 1 1 1 1 1 0 0 0 0 0 0 1 0 0 1 1 1 1 0 0 1 0 1 0 0 1 1 1 0 1 1 1 1 1 1 0 0 0 1 0 0 0 0 0 0 0 1 1 1 1 0 0 0 32686.0 33337.0 2 0.2691902365257988
1 0 1 0 1 0 1 1 1 1 0 1 1 1 0 1 1 1 0 1 1 0 1 0 1 1 0 1 1 1 1 1 0 1 0 1 1 0 0 0 0 1 1 1 1 1 1 1 1 1 1 1 0 0 0 0 0 0 1 0 0 1 1 1 1 0 0 1 0 1 0 0 1 1 1 0 1 1 1 1 1 1 0 0 0 1 0 0 0 0 0 0 0 1 1 1 1 0 0 0 33064.0 33247.0 2 0.11996375289677887
1 0 1 0 1 0 1 1 1 1 0 1 1 1 0 1 1 1 0 1 1 0 1 0 1 1 0 1 1 1 1 1 1 1 0 1 1 0 0 0 0 1 1 1 1 1 1 1 1 1 1 1 0 0 0 0 0 1 1 1 0 1 1 1 1 0 0 1 0 1 0 0 1 1 1 0 1 1 1 1 1 0 0 1 0 1 0 0 0 0 0 0 0 1 1 1 0 0 0 0 33102.0 33169.0 2 0.13400479152215866
1 0 1 1 1 1 1 1 1 0 0 0 1 1 0 1 0 1 0 1 0 0 1 0 1 1 0 1 1 1 1 1 0 1 0 1 1 0 0 0 0 1 1 0 1 1 1 1 1 1 1 1 0 0 0 0 0 1 1 1 0 1 1 1 1 1 0 1 0 1 0 0 1 1 1 0 1 1 1 1 1 0 0 1 0 1 0 0 0 0 0 0 1 1 0 1 1 0 0 0 33409.0 32944.0 2 0.14862452219551953
1 0 1 1 0 0 1 1 1 0 1 0 1 1 0 1 1 1 1 1 1 0 1 0 1 1 0 1 1 1 1 1 0 1 0 1 1 0 0 0 0 1 1 0 1 1 1 1 1 1 1 1 0 0 0 0 0 1 1 1 0 1 1 1 1 0 0 1 0 1 0 0 1 1 1 0 1 1 1 1 1 0 0 1 0 1 0 0 0 0 0 0 0 1 1 1 1 0 0 0 33493.0 32841.0 2 0.07081353971406876
0 0 1 1 0 0 1 1 1 1 1 0 1 1 0 1 1 1 1 1 1 0 1 0 1 1 0 1 1 1 1 1 0 1 0 1 1 0 0 0 0 1 1 0 1 1 1 1 1 1 1 1 0 0 0 0 0 1 1 1 0 1 1 1 1 0 0 1 0 1 0 0 1 1 1 0 1 1 1 1 1 0 0 1 0 1 0 0 0 0 0 0 0 1 1 1 1 0 0 0 33607.0 32799.0 2 0.1606096698995509
1 0 1 0 1 0 1 1 1 1 0 1 1 1 0 1 1 1 0 1 0 0 1 0 1 1 0 1 1 1 1 1 0 1 0 1 1 0 0 0 0 1 1 1 1 1 1 1 1 1 1 1 0 0 0 0 0 1 1 1 0 1 1 1 1 0 0 1 0 1 0 0 1 1 1 0 1 1 1 1 1 1 0 0 0 1 0 0 0 0 0 1 1 1 1 1 0 0 0 0 34136.0 32699.0 2 0.134249741444127
1 0 1 1 0 0 1 1 1 0 1 0 1 1 0 1 1 1 1 1 1 0 1 0 1 1 0 1 1 1 1 1 0 1 0 1 1 0 0 0 0 1 1 0 1 1 1 1 1 1 1 1 0 0 0 0 0 1 1 1 0 1 1 1 1 0 0 1 0 1 0 0 1 1 1 0 1 1 1 1 1 0 0 1 0 1 0 0 0 0 0 0 1 1 0 1 1 0 0 0 34140.0 32676.0 2 0.06253195255170749
1 0 1 0 1 0 1 1 1 1 0 1 1 1 0 1 1 1 0 1 1 0 1 0 1 1 0 1 1 1 1 1 0 1 0 1 1 0 0 0 0 1 1 1 1 1 1 1 1 1 1 1 0 0 0 0 0 1 1 1 0 0 1 1 1 0 0 1 0 1 1 0 1 1 1 0 1 0 1 1 1 1 0 0 0 1 0 0 0 0 0 0 1 1 0 1 1 0 0 0 34204.0 32468.0 2 0.13138632142383333
1 0 1 1 0 0 1 1 1 1 0 0 1 1 0 1 1 1 1 1 0 0 1 0 1 1 0 1 1 1 1 1 0 1 0 1 1 0 0 0 0 1 1 1 1 1 1 1 1 1 1 1 0 0 0 0 0 1 1 1 0 1 1 1 1 0 0 1 0 1 0 0 1 1 1 0 1 1 1 1 1 1 0 0 0 1 0 0 0 0 0 1 1 1 1 1 0 0 0 0 34359.0 32264.0 2 0.1370494384878693
1 0 1 1 0 0 1 1 1 1 0 0 1 1 0 1 1 1 1 1 1 0 1 0 1 1 0 1 1 1 1 1 0 1 0 1 1 0 0 0 0 1 1 1 1 1 1 1 1 1 1 1 0 0 0 0 0 1 1 1 0 0 1 1 1 0 0 1 0 1 1 0 1 1 1 0 1 0 1 1 1 1 0 0 0 1 0 0 0 0 0 0 1 1 0 1 1 0 0 0 34427.0 32033.0 2 0.1378085861204214
1 0 1 1 0 0 1 1 1 1 0 0 1 1 0 1 1 1 1 1 1 0 1 0 1 1 0 1 1 1 1 1 0 1 0 1 1 0 0 0 0 1 1 1 1 1 1 1 1 1 1 1 0 0 0 0 0 1 1 1 0 1 1 1 1 0 0 1 0 1 0 0 1 1 1 0 1 0 1 1 1 1 0 0 0 1 0 0 0 0 0 0 1 1 0 1 1 0 0 0 34593.0 31836.0 2 0.14473699209209123
1 0 1 1 1 0 1 1 1 1 0 1 1 1 0 1 1 1 1 1 0 0 1 0 1 1 0 1 0 1 1 1 0 1 0 1 1 0 0 0 0 1 1 1 1 1 1 1 1 1 1 1 0 0 0 0 0 1 1 1 0 1 1 1 1 0 0 1 0 1 1 0 1 1 1 0 1 0 1 1 1 1 0 0 0 1 0 0 0 0 0 0 1 1 0 1 0 0 1 0 34665.0 31576.0 2 0.1120736313637353
0 0 1 1 0 0 1 1 1 1 1 0 1 1 0 1 1 1 1 1 1 0 1 0 1 1 0 1 1 1 1 1 0 1 0 1 1 0 0 0 0 1 1 1 1 1 1 1 1 1 1 1 1 0 0 0 0 0 1 0 0 1 1 1 1 0 0 1 0 1 1 0 1 1 1 0 1 0 1 1 1 1 0 0 0 1 0 0 0 0 0 0 1 1 0 1 0 0 1 0 34718.0 31425.0 2 0.1909226512769282
1 0 1 1 0 0 1 1 1 1 1 0 1 1 0 1 1 1 1 1 1 0 1 0 1 1 0 1 1 1 1 1 0 1 0 1 1 0 0 0 0 1 1 1 1 1 1 1 1 1 1 1 0 0 0 0 0 0 1 1 0 0 1 1 1 0 0 1 0 1 1 0 1 1 1 0 1 0 1 1 1 1 0 0 0 1 0 0 0 0 0 0 1 1 0 1 0 0 1 0 35425.0 31403.0 2 0.2838524777524474
0 0 1 1 0 0 1 1 1 1 1 0 1 1 0 1 1 1 1 1 1 0 1 0 1 1 0 1 1 1 1 1 0 1 0 1 1 0 0 0 0 1 1 1 1 1 1 1 1 1 1 1 0 0 0 0 0 0 1 1 0 1 1 1 0 0 0 1 0 1 0 0 1 1 1 0 1 0 1 1 1 1 0 0 0 1 0 0 0 0 0 1 1 1 0 1 0 0 1 0 35432.0 30767.0 2 0.2043056762473354
1 0 1 1 0 0 1 1 1 0 0 0 1 1 0 1 0 1 1 1 1 0 1 0 1 1 0 1 1 1 1 1 0 1 0 1 1 0 1 0 0 1 1 0 1 0 1 1 1 1 0 1 0 0 1 0 0 0 1 0 0 1 1 1 1 0 0 1 0 1 1 0 1 1 1 1 1 1 1 1 1 1 0 0 0 1 0 0 0 0 0 0 1 1 0 1 0 0 1 0 35485.0 30492.0 2 0.07569475400059714
0 0 1 1 0 0 1 1 1 1 1 0 1 1 0 1 1 1 1 1 1 0 1 0 1 1 0 1 1 1 1 1 0 1 0 1 1 0 0 0 0 1 1 0 1 1 1 1 1 1 1 1 0 0 0 0 0 1 1 1 0 1 1 1 1 0 0 1 0 1 1 0 1 1 1 0 1 0 1 1 1 1 0 0 0 1 0 0 0 0 0 0 1 1 0 1 0 0 1 0 35516.0 30489.0 2 0.04225274735163878
1 0 1 1 0 0 1 1 1 1 1 0 1 1 0 1 1 1 1 1 1 0 1 0 1 1 0 1 1 1 1 1 0 1 0 1 1 0 0 0 0 1 1 0 1 1 1 1 1 1 1 1 0 0 0 0 0 1 1 1 0 1 1 1 1 0 0 1 0 1 0 0 1 1 1 0 1 0 1 1 1 1 0 0 0 1 0 0 0 0 0 0 1 1 0 1 0 0 1 0 35585.0 30388.0 2 0.057926885448027876
0 0 1 1 0 0 1 1 1 1 1 1 1 1 0 1 0 1 0 1 1 0 1 0 1 1 1 1 1 1 1 1 0 1 0 1 1 0 1 0 0 1 1 0 1 0 1 1 1 1 0 1 0 0 1 0 0 0 1 0 0 0 1 1 1 0 0 1 0 1 1 0 1 0 1 1 1 1 1 1 1 1 0 0 0 1 0 0 0 0 0 0 1 1 0 1 0 0 1 0 35662.0 30355.0 2 0.15437630290345894
1 0 1 1 0 0 1 1 1 1 0 0 1 1 0 1 1 1 1 1 1 0 1 0 1 1 0 1 1 1 1 1 0 1 0 1 1 0 1 0 0 1 1 0 1 0 1 1 1 1 0 1 0 0 1 0 0 0 1 0 0 1 1 1 1 0 0 1 0 1 1 0 1 1 1 1 1 0 1 1 1 1 0 0 0 1 0 0 0 0 0 0 1 1 0 1 0 0 1 0 35776.0 29840.0 2 0.2394535902604843
1 0 1 1 0 0 1 1 1 0 0 0 1 1 0 1 0 1 1 1 1 0 1 0 1 1 1 1 1 1 1 1 0 1 0 1 1 0 1 0 0 1 1 0 1 0 1 1 1 1 1 1 0 0 0 0 0 0 1 1 0 1 1 1 0 0 0 1 0 1 0 0 1 1 1 0 1 0 1 1 1 1 0 0 0 1 0 0 0 0 0 0 1 1 1 1 0 0 1 0 35841.0 29392.0 2 0.1665000384394786
1 0 1 1 0 0 1 1 1 0 0 0 1 1 0 1 0 1 1 1 1 0 1 0 1 1 1 1 1 1 1 1 0 1 0 1 1 0 1 0 0 1 1 0 1 0 1 1 1 1 1 1 0 0 0 0 0 0 1 1 0 1 1 1 0 0 0 1 0 1 0 0 1 1 1 0 1 0 1 1 1 1 0 0 0 1 0 0 0 0 0 1 1 1 0 1 0 0 1 0 35981.0 29248.0 2 0.13614441794867266
0 0 1 0 0 0 1 1 1 1 1 0 1 1 0 1 1 1 1 1 1 0 1 0 1 1 1 1 1 1 1 1 0 1 0 1 1 0 1 0 0 1 1 0 1 0 1 1 1 1 1 1 0 0 0 0 0 0 1 1 0 1 1 1 0 0 0 1 0 1 0 0 1 1 1 0 1 0 1 1 1 1 0 0 0 1 0 0 0 0 0 1 1 1 0 1 0 0 1 0 36127.0 29022.0 2 2000000000000000.0
0 0 1 1 0 0 1 1 1 1 1 1 1 1 0 1 0 1 0 1 1 0 1 0 1 1 0 1 1 1 1 1 0 1 0 1 1 0 0 0 0 1 1 1 1 1 1 1 1 1 1 1 0 0 0 0 0 0 1 0 0 0 1 1 1 0 0 0 0 1 0 0 1 1 1 0 1 1 1 1 1 0 1 1 0 1 0 0 0 0 0 0 0 1 1 1 1 0 0 0 31489.0 33555.0 3 2000000000000000.0
1 0 1 0 1 0 1 1 1 0 0 1 1 1 0 1 1 1 1 1 0 0 1 0 1 1 0 1 1 1 1 1 0 1 0 1 1 0 1 0 0 1 1 1 1 1 1 1 1 1 0 1 1 0 0 0 0 0 1 0 0 1 1 1 1 0 0 1 0 1 1 0 1 1 1 0 1 0 1 1 1 0 0 1 0 1 0 0 0 0 0 0 0 1 1 1 1 0 0 0 31889.0 33276.0 3 0.3097440391689334
0 0 1 1 0 0 1 1 1 1 1 1 1 1 0 1 0 1 0 1 1 0 1 0 1 1 0 1 1 1 1 1 0 1 0 1 1 0 0 0 0 1 1 1 1 1 1 1 1 1 1 1 0 0 0 0 0 0 1 1 0 0 1 1 1 0 0 1 0 1 1 0 1 0 1 0 1 1 1 1 1 0 0 1 0 1 0 0 0 0 0 0 0 1 1 1 1 0 0 0 32522.0 33249.0 3 0.2274063594410377
1 0 1 1 0 0 1 1 1 0 0 0 1 1 0 1 1 1 1 1 1 0 1 0 1 1 0 1 1 1 1 1 1 1 0 1 1 0 0 0 0 1 1 1 1 1 1 0 1 1 1 1 0 1 0 0 0 0 1 1 0 0 1 1 1 0 0 1 0 1 1 0 1 1 1 0 1 1 1 1 1 0 0 1 0 1 0 0 0 0 0 0 0 1 1 1 1 0 0 0 32811.0 33212.0 3 0.1532819404720125
1 0 1 1 0 0 1 1 1 1 1 0 1 1 0 1 1 1 1 1 1 0 1 0 1 1 0 1 1 1 1 1 0 1 0 1 1 0 0 0 0 1 1 1 1 1 1 1 1 1 1 1 0 0 0 0 0 0 1 0 0 1 1 1 1 0 0 1 0 1 1 0 1 1 1 0 1 0 1 1 1 0 0 1 0 1 0 0 0 0 0 0 0 1 1 1 1 0 0 0 33054.0 33118.0 3 0.0900869749038693
1 0 1 1 1 0 1 1 1 0 0 0 1 1 0 1 0 1 0 1 1 0 1 0 1 1 0 1 1 1 1 1 0 1 0 1 1 0 0 0 0 1 1 0 1 1 1 1 1 1 1 1 0 0 0 0 0 1 1 1 0 1 1 1 1 0 0 1 0 1 0 0 1 1 1 0 1 1 1 1 1 0 0 1 0 1 0 0 0 0 0 0 0 1 1 1 1 0 0 0 33087.0 33099.0 3 0.12621452555952378
0 0 1 1 0 0 1 1 1 1 1 1 1 1 0 1 0 1 0 1 1 0 1 0 1 1 0 1 1 1 1 1 0 1 0 1 1 0 0 0 0 1 1 0 1 1 1 1 1 1 1 1 0 0 0 0 0 1 1 1 0 1 1 1 1 0 0 1 0 1 0 0 1 1 1 0 1 1 1 1 1 0 0 1 0 1 0 0 0 0 0 0 0 1 1 1 1 0 0 0 33385.0 32905.0 3 0.21189950135857763
1 0 1 1 0 0 1 1 1 1 0 0 1 1 0 1 1 1 1 1 1 0 1 0 1 1 0 1 1 1 1 1 0 1 0 1 1 0 0 0 0 1 1 0 1 1 1 1 1 1 1 1 0 0 0 0 0 1 1 1 0 1 1 1 1 0 0 1 0 1 0 0 1 1 1 0 1 1 1 1 1 0 0 1 0 1 0 0 0 0 0 0 0 1 1 1 1 0 0 0 33514.0 32615.0 3 0.10725191823506071
1 0 1 1 1 0 1 1 1 1 0 1 1 1 0 1 1 1 1 1 0 0 1 0 1 1 0 1 0 1 1 1 0 1 0 1 1 0 0 0 0 1 1 1 1 1 1 1 1 1 1 1 0 0 0 0 0 1 1 1 0 1 1 1 1 0 0 1 0 1 1 0 1 1 1 0 1 0 1 1 1 0 0 0 0 1 0 0 0 0 0 0 1 1 1 1 1 0 0 0 33540.0 32600.0 3 0.07840872449830497
1 0 1 1 0 0 1 1 1 0 1 0 1 1 0 1 1 1 0 1 1 0 1 0 1 1 0 1 1 1 1 1 0 1 0 1 1 0 0 0 0 1 1 1 1 1 1 1 1 1 1 1 0 0 0 0 0 0 1 0 0 1 1 1 1 0 0 1 0 1 1 0 1 1 1 0 1 1 1 1 1 1 0 0 0 1 0 0 0 0 0 0 1 1 1 1 0 0 0 0 33778.0 32540.0 3 0.14987709451199044
1 0 1 1 1 0 1 1 1 1 0 1 1 1 0 1 1 1 1 1 0 0 1 0 1 1 0 1 0 1 1 1 0 1 0 1 1 0 0 0 0 1 1 1 1 1 1 1 1 1 1 1 0 0 0 0 0 1 1 1 0 1 1 1 1 0 0 1 0 1 1 0 1 1 1 0 1 0 1 1 1 1 0 0 0 1 0 0 0 0 0 0 1 1 0 1 1 0 0 0 34045.0 32457.0 3 0.09885336304528489
1 0 1 1 0 0 1 1 1 0 0 0 1 1 0 1 1 1 1 1 1 0 1 0 1 1 0 1 1 1 1 1 0 1 0 1 1 0 0 0 0 1 1 0 1 1 1 1 1 1 1 1 0 0 0 1 0 0 1 0 0 1 1 1 1 0 0 1 0 1 0 0 1 1 1 0 1 1 1 1 1 1 0 0 0 1 0 0 0 0 0 0 1 1 1 1 1 0 0 0 34089.0 32424.0 3 0.10736150619244655
0 0 1 1 0 0 1 1 1 1 1 0 1 1 0 1 1 1 1 1 1 0 1 0 1 1 0 1 1 1 1 1 0 1 0 1 1 0 0 0 0 1 1 1 1 1 1 1 1 1 1 1 0 1 0 1 0 1 1 1 0 1 0 1 1 0 0 1 0 1 0 0 1 1 1 0 1 0 1 1 1 0 0 0 0 1 0 0 0 0 0 0 1 1 1 1 1 0 0 0 34174.0 32126.0 3 0.11377369859842246
0 0 1 1 0 0 1 1 1 1 1 0 1 1 0 1 1 1 0 1 1 0 1 0 1 1 0 1 1 1 1 1 0 1 0 1 1 0 0 0 0 1 1 1 1 1 1 1 1 1 1 1 0 0 0 0 0 1 1 1 0 0 1 1 1 0 0 1 0 1 1 0 1 1 1 0 1 0 1 1 1 1 0 0 0 1 0 0 0 0 0 0 1 1 0 1 1 0 0 0 34255.0 32102.0 3 0.0465303009891599
1 0 1 1 0 0 1 1 1 1 1 0 1 1 0 1 1 1 1 1 1 0 1 0 1 1 0 1 1 1 1 1 0 1 0 1 1 0 0 0 0 1 1 1 1 1 1 1 1 1 1 1 0 0 0 0 0 0 1 0 0 1 1 1 1 0 0 1 0 1 1 0 1 1 1 0 1 0 1 1 1 0 0 1 0 1 0 0 0 0 0 0 1 1 0 1 0 0 1 0 34321.0 32072.0 3 0.16503768058708923
1 0 1 0 1 0 1 1 1 0 0 1 1 1 0 1 1 1 1 1 0 0 1 0 1 1 0 1 1 1 1 1 0 1 0 1 1 0 1 0 0 1 1 1 1 1 1 1 1 1 1 1 0 0 0 0 0 1 1 1 0 1 1 1 1 0 0 1 0 1 0 0 1 1 1 0 1 0 1 1 1 1 0 0 0 1 0 0 0 0 0 0 1 1 0 1 0 0 1 0 34558.0 31696.0 3 0.2467812185046016
0 0 1 1 0 0 1 1 1 1 1 0 1 1 0 1 1 1 1 1 1 0 1 0 1 1 0 1 1 1 1 1 0 1 0 1 1 0 0 0 0 1 1 1 1 1 1 1 1 1 1 1 0 0 0 0 0 1 1 1 0 1 1 1 1 0 0 1 0 1 0 0 1 1 1 0 1 0 1 1 1 1 0 0 0 1 0 0 0 0 0 1 1 1 0 1 0 0 0 0 34709.0 31401.0 3 0.14209132405434255
1 0 1 1 0 0 1 1 1 0 0 0 1 1 0 1 0 1 1 1 1 0 1 0 1 1 0 1 1 1 1 1 0 1 0 1 1 0 1 0 0 1 1 1 1 1 1 1 1 1 1 1 0 0 0 0 0 0 1 0 0 1 1 1 1 0 0 1 0 1 1 0 1 1 1 1 1 0 1 1 1 0 0 0 0 1 0 0 0 0 1 0 1 1 0 1 0 0 1 0 34851.0 31378.0 3 0.0800703762190223
1 0 1 1 0 0 1 1 1 0 0 0 1 1 0 1 1 1 1 1 1 0 1 0 1 1 0 1 1 1 1 1 1 1 0 1 1 0 0 0 0 1 1 1 1 1 1 1 1 1 1 1 0 1 0 0 0 0 1 1 0 0 1 1 1 0 0 1 0 1 1 0 1 1 1 0 1 0 1 1 1 1 0 0 0 1 0 0 0 0 0 0 1 1 0 1 0 0 1 0 35024.0 31369.0 3 0.0901628434897518
0 0 1 1 0 0 1 1 1 1 1 0 1 1 0 1 1 1 1 1 1 0 1 0 1 1 0 1 1 1 1 1 0 1 0 1 1 0 0 0 0 1 1 1 1 1 1 1 1 1 1 1 0 0 0 0 0 0 1 1 0 0 1 1 1 0 0 1 0 1 1 0 1 1 1 0 1 0 1 1 1 1 0 0 0 1 0 0 0 0 0 0 1 1 0 1 0 0 1 0 35109.0 31247.0 3 0.08280115897370358
1 0 1 1 0 0 1 1 1 0 1 0 1 1 0 1 1 1 1 1 1 0 1 0 1 1 0 1 1 1 1 1 0 1 0 1 1 0 0 0 0 1 1 1 1 1 1 1 1 1 1 1 0 0 0 0 0 1 1 1 0 1 1 1 1 0 0 1 0 1 0 0 1 1 1 0 1 0 1 1 1 1 0 0 0 1 0 0 0 0 0 0 1 1 0 1 0 0 1 0 35192.0 31181.0 3 0.0832126001509895
1 0 1 1 0 0 1 1 1 0 1 0 1 1 0 1 1 1 1 1 1 0 1 0 1 1 0 1 1 1 1 1 0 1 0 1 1 0 0 0 0 1 1 0 1 1 1 1 1 1 1 1 0 0 0 0 0 1 1 1 0 1 1 1 1 0 0 1 0 1 0 0 1 1 1 0 1 1 1 1 1 1 0 0 0 1 0 0 0 0 0 0 1 1 0 1 0 0 1 0 35402.0 31180.0 3 0.2615034527501571
0 0 1 0 0 0 1 1 1 1 1 0 1 1 0 1 1 1 1 1 1 0 1 0 1 1 0 1 1 1 1 1 0 1 0 1 1 0 0 0 0 1 1 0 1 1 1 1 1 1 1 1 0 1 0 0 0 1 1 1 0 0 1 1 1 0 0 1 0 1 1 0 1 1 1 0 1 0 1 1 1 1 0 0 0 1 1 0 0 0 0 0 1 1 0 1 0 0 1 0 35482.0 30351.0 3 0.5414753943423629
1 0 1 1 0 0 1 1 1 0 0 0 1 1 0 1 0 1 1 1 1 0 1 0 1 1 1 1 1 1 1 1 0 1 0 1 1 0 1 0 0 1 1 0 1 0 1 1 1 1 0 1 0 0 1 0 0 1 1 1 0 1 1 1 1 0 0 1 0 1 0 0 1 1 1 0 1 0 1 1 1 1 0 0 0 1 0 0 0 0 0 0 1 1 0 1 0 0 1 0 35830.0 29292.0 3 2000000000000000.0
1 0 1 1 1 0 1 1 1 1 0 1 1 1 0 1 1 1 1 1 0 0 1 0 1 1 0 1 0 1 1 1 0 1 0 1 1 0 0 0 0 1 1 1 1 1 1 1 1 1 1 1 1 0 0 0 0 0 1 0 0 1 1 1 1 0 0 1 0 1 0 0 1 1 1 0 0 1 1 1 1 0 0 1 0 1 0 0 0 0 0 0 0 1 1 1 1 0 0 0 31148.0 33441.0 4 2000000000000000.0
1 0 1 1 0 0 1 1 1 0 0 0 1 1 0 1 0 1 1 1 1 0 1 0 1 1 1 1 1 1 1 1 0 1 0 1 1 0 1 0 0 1 1 0 1 0 1 1 1 1 0 1 0 0 0 0 0 1 1 1 0 1 1 1 1 0 0 1 0 1 0 0 1 1 1 0 1 0 1 1 1 1 0 0 0 1 0 0 0 0 0 0 1 1 0 1 0 0 1 0 35683.0 29253.0 4 2000000000000000.0
1 0 1 1 0 0 1 1 1 1 0 0 1 1 0 1 1 1 1 1 1 0 1 0 1 1 0 1 1 1 1 1 0 1 0 1 1 0 0 0 0 1 1 0 1 1 1 1 1 1 1 1 0 0 0 0 0 1 1 1 0 1 1 1 1 0 0 1 0 1 1 0 1 1 1 0 1 0 1 1 1 1 0 0 0 1 0 0 0 0 0 0 1 1 0 1 0 0 1 0 35423.0 30305.0 4 0.43705168018246077
0 0 1 1 0 0 1 1 1 1 1 1 1 1 0 1 0 1 0 1 1 0 1 0 1 1 0 1 1 1 1 1 0 1 0 1 1 0 0 0 0 1 1 1 1 1 1 1 1 1 1 1 0 0 0 0 0 0 1 0 0 0 1 1 1 0 0 0 0 1 0 0 1 1 1 0 1 0 1 0 1 0 0 1 0 1 0 0 0 1 0 1 0 1 1 1 1 1 0 0 31368.0 33374.0 4 0.3879186503360698
1 0 1 1 0 0 1 1 1 0 1 0 1 1 0 1 1 1 1 1 1 0 1 0 1 1 0 1 1 1 1 1 0 1 0 1 1 0 0 0 0 1 1 1 1 1 1 1 1 1 1 1 0 0 0 0 0 0 1 1 0 0 1 1 1 0 0 1 0 1 1 0 1 0 1 0 1 1 1 1 1 0 0 1 0 1 0 0 0 0 0 0 0 1 1 1 1 0 0 0 32630.0 33185.0 4 0.3483225027879229
0 0 1 1 0 0 1 1 1 1 1 0 1 1 0 1 1 1 1 0 1 0 1 0 1 1 0 1 1 1 1 1 0 1 0 1 1 0 0 0 0 1 1 1 1 1 1 1 1 1 1 1 0 1 0 1 0 1 1 1 0 1 0 1 1 0 0 1 0 1 1 0 1 1 1 0 1 0 1 1 1 1 0 0 0 1 0 0 0 0 0 0 1 1 0 1 1 0 0 0 34304.0 31596.0 4 0.2752583377297807
1 0 1 1 0 0 1 1 1 1 1 0 1 1 0 1 1 1 1 1 1 0 1 0 1 1 0 1 1 1 1 1 0 1 0 1 1 0 0 0 0 1 1 1 1 1 1 1 1 1 1 1 0 0 0 0 0 0 1 1 0 1 1 1 0 0 0 1 0 1 0 0 1 1 1 0 1 0 1 1 1 1 0 0 0 1 0 0 0 0 0 1 1 1 1 1 0 0 0 0 35011.0 31329.0 4 0.25663243224458643
1 0 1 1 1 0 1 1 1 1 0 1 1 1 0 0 1 1 1 1 0 0 1 0 1 1 0 1 1 1 1 1 0 1 0 1 1 0 0 0 0 1 0 1 1 1 1 1 1 1 1 1 0 0 0 0 0 0 1 0 0 1 1 1 1 0 0 1 0 1 0 0 1 1 1 0 1 1 1 1 1 1 0 0 0 1 1 0 0 0 0 0 1 1 0 1 1 0 0 0 33405.0 32603.0 4 0.21397687939184173
1 0 1 1 0 0 1 1 1 0 0 0 1 1 0 1 0 1 1 1 1 0 1 0 1 1 0 1 1 1 1 1 0 1 0 1 1 0 1 0 0 1 1 1 1 1 1 1 1 1 1 1 1 0 0 0 0 0 1 0 0 1 1 1 1 0 0 1 0 1 1 0 1 1 1 0 1 0 1 1 1 1 0 0 0 1 0 0 0 0 0 0 1 1 0 1 1 0 0 0 33871.0 32448.0 4 0.21198794476579313
1 0 1 0 1 0 1 1 1 0 0 1 1 1 0 1 1 1 1 1 0 0 1 0 1 1 0 1 1 1 1 1 0 1 0 1 1 0 1 0 0 1 1 1 1 1 1 1 1 1 1 1 1 0 0 0 0 0 1 0 0 1 1 1 1 0 0 1 0 1 1 0 1 1 1 0 1 0 1 1 1 1 0 0 0 1 0 0 0 0 0 0 1 1 0 1 1 0 0 0 33350.0 32863.0 4 0.20235802613441195
1 0 1 0 1 0 1 1 1 1 0 1 1 1 0 1 1 1 0 1 0 0 1 0 1 1 0 1 1 1 1 1 0 1 0 1 1 0 0 0 0 1 1 1 1 1 1 1 1 1 1 1 0 0 0 1 0 0 1 0 0 1 1 1 1 0 0 0 0 1 0 0 1 1 1 0 1 1 1 0 1 1 0 1 0 1 0 0 1 0 0 0 1 1 0 1 0 0 1 0 32993.0 33070.0 4 0.1883974689062738
0 0 1 1 0 0 1 1 1 1 1 0 1 1 0 1 1 1 1 1 1 0 1 0 1 1 0 1 1 1 1 1 0 1 0 1 1 0 0 0 0 1 1 1 1 1 1 1 1 1 1 1 1 0 0 0 0 0 1 0 0 1 1 1 1 0 0 1 0 1 1 0 1 1 1 0 1 1 1 1 1 1 0 0 0 1 0 0 0 0 0 0 1 1 0 1 0 0 0 0 34061.0 32321.0 4 0.18828210806535584
0 0 1 1 0 0 1 1 1 1 1 0 1 1 0 1 1 1 1 1 1 0 1 0 1 1 0 1 1 1 1 1 0 1 0 1 1 0 0 0 0 1 1 1 1 1 1 1 1 1 1 1 0 0 0 0 0 0 1 0 0 1 1 1 1 0 0 1 0 1 1 0 1 1 1 0 1 0 1 1 1 1 0 0 0 1 0 0 0 0 0 1 1 1 1 1 0 0 0 0 34217.0 31979.0 4 0.1710907101615432
0 0 1 1 0 0 1 1 1 1 1 0 1 1 0 1 1 1 1 1 1 0 1 0 0 1 0 1 0 1 1 1 0 1 0 1 1 0 1 0 0 1 1 0 1 1 1 1 1 1 1 1 0 1 0 0 0 1 1 1 0 0 1 1 1 0 0 1 0 1 1 0 1 1 1 0 1 0 1 1 1 1 0 0 0 1 1 0 0 0 0 0 1 1 0 1 0 0 1 0 35335.0 30762.0 4 0.15027800330444477
0 0 1 1 0 0 1 1 1 1 1 0 1 1 0 1 1 1 1 0 1 0 1 0 1 1 0 1 1 1 1 1 0 1 0 1 1 0 0 0 0 1 1 1 1 1 1 1 1 1 1 1 0 1 0 1 0 1 1 1 0 1 0 1 1 0 0 1 0 1 0 0 1 1 1 0 1 0 1 1 1 1 0 0 0 1 0 0 0 0 0 0 1 1 1 1 1 0 0 0 34224.0 31755.0 4 0.1106358904372102
0 0 1 1 0 0 1 1 1 1 1 0 1 1 0 1 1 1 1 1 1 0 1 0 1 1 0 1 1 1 1 1 0 1 0 1 1 0 0 0 0 1 1 1 1 1 1 1 1 1 1 1 0 0 0 0 0 0 1 0 0 1 1 1 1 0 0 1 0 1 1 0 1 1 1 1 1 0 1 1 1 0 0 0 0 1 0 0 0 0 1 0 1 1 0 1 0 0 1 0 35078.0 31236.0 4 0.10589251170720107
1 0 1 1 0 0 1 1 1 0 0 0 1 1 0 1 1 1 1 1 1 0 1 0 1 1 0 1 1 1 1 1 0 1 0 1 1 0 0 0 0 1 1 0 1 1 1 1 1 1 1 1 0 0 0 0 0 1 1 1 0 1 1 1 1 0 0 1 0 1 1 0 1 1 1 0 1 1 1 1 1 1 0 0 0 1 0 0 0 0 0 0 1 1 0 1 0 0 1 0 35240.0 31097.0 4 0.08506027090579385
0 0 1 1 0 0 1 1 1 1 1 1 1 1 0 1 0 1 0 1 1 0 1 0 1 1 0 1 1 1 1 1 0 1 0 1 1 0 0 0 0 1 1 1 1 1 1 0 1 1 0 1 0 0 1 0 0 0 1 0 0 1 1 1 1 0 0 1 0 1 1 0 1 1 1 1 1 0 1 1 1 1 0 0 0 1 1 0 0 0 0 0 1 1 0 1 0 0 1 0 35284.0 30806.0 4 0.0847905866396225
1 0 1 1 0 0 1 1 1 1 0 0 1 1 0 1 1 1 1 1 1 0 1 0 1 1 0 1 1 1 1 1 1 1 0 1 1 0 0 0 0 1 1 1 1 1 1 1 1 1 1 1 0 0 0 0 0 1 1 1 0 1 1 1 1 0 0 1 0 1 0 0 1 1 1 0 1 0 1 1 1 1 0 0 0 1 0 0 0 0 0 0 1 1 0 1 0 0 1 0 35271.0 31058.0 4 0.07918655601292524
