1 0 1 1 1 0 1 1 1 1 0 0 1 1 0 1 1 1 1 0 1 0 0 0 1 1 0 1 1 1 0 1 0 1 0 1 0 0 1 0 1 1 1 1 0 1 1 0 0 1 0 1 0 1 0 1 0 0 1 0 0 0 1 0 0 1 1 0 0 1 1 0 1 1 0 1 0 1 1 0 1 1 0 1 1 0 0 0 0 0 0 0 0 1 1 1 1 1 0 0 28327.0 31094.0 0 2000000000000000.0
1 0 1 0 0 0 1 1 1 0 0 0 1 1 0 1 0 1 1 1 1 0 0 0 1 1 0 1 1 1 1 1 0 1 0 1 0 0 1 0 1 1 1 1 0 1 1 1 0 1 1 1 0 0 0 1 0 0 1 0 0 0 1 0 0 1 1 1 0 1 1 0 1 1 0 1 0 1 1 0 1 1 0 1 1 0 0 0 0 0 0 0 0 1 1 1 1 1 0 0 29331.0 31084.0 0 0.45026066063467995
0 0 1 1 0 0 1 1 1 0 1 0 1 0 1 1 1 1 1 1 1 0 0 0 1 1 0 1 1 1 0 1 0 1 0 1 1 0 0 0 0 1 1 1 1 0 1 1 1 0 0 1 0 0 0 0 0 0 1 1 0 1 1 1 1 0 0 0 0 1 0 0 1 1 0 1 0 1 1 0 1 1 0 1 1 0 0 0 0 0 0 0 0 1 1 1 1 1 0 0 29936.0 30535.0 0 0.30352840079610954
0 0 0 1 0 0 1 1 1 0 1 0 1 0 1 1 1 1 1 1 1 0 0 0 1 1 0 1 1 1 0 1 0 1 0 1 1 0 0 0 0 1 1 1 1 0 1 1 1 0 0 1 0 0 0 0 0 0 1 1 0 1 1 1 1 0 0 0 0 1 0 0 1 1 1 0 0 1 1 0 1 1 0 1 1 0 0 0 1 0 0 0 0 1 1 1 1 1 0 0 30047.0 30387.0 0 0.3180438802311181
1 0 0 1 0 0 1 1 1 0 1 0 1 0 1 1 1 1 1 1 1 0 0 0 1 1 0 1 1 1 0 1 0 1 0 1 1 0 0 0 0 1 0 0 0 1 1 1 1 1 1 1 0 0 1 0 0 0 1 0 0 1 1 1 1 0 0 0 0 1 0 0 1 1 1 0 1 0 1 0 1 0 0 1 0 1 0 0 0 1 0 1 1 1 1 1 1 1 0 0 30948.0 30032.0 0 0.4103346967653614
1 0 1 0 1 0 1 1 1 0 0 0 1 1 0 1 0 1 1 1 1 0 0 0 1 1 0 1 1 1 1 1 0 1 0 1 1 0 1 0 0 1 1 0 1 0 1 1 1 1 0 1 0 0 1 0 0 0 1 1 0 1 1 1 1 0 0 1 0 1 0 0 1 1 0 0 0 0 1 1 1 0 0 1 0 1 0 0 0 0 0 0 0 1 1 1 1 1 0 0 31576.0 29932.0 0 0.24620794841851573
1 0 1 1 0 0 1 1 1 0 1 0 1 0 1 1 1 1 1 1 1 0 0 0 1 1 0 1 1 1 1 1 0 1 0 1 1 0 1 0 0 1 1 0 1 0 1 1 1 1 0 1 0 0 0 0 0 0 1 1 0 1 1 1 1 0 0 1 0 1 0 0 1 1 0 0 0 0 1 1 1 0 0 1 0 1 0 0 0 0 0 0 0 1 1 1 1 1 0 0 32037.0 29908.0 0 0.20748600321969796
1 0 1 1 0 0 1 1 1 0 1 0 1 0 1 1 1 1 1 1 1 0 0 0 1 1 0 1 1 1 1 1 0 1 0 1 1 0 1 0 0 1 1 0 1 0 1 1 1 1 1 1 0 0 1 0 0 0 1 1 0 1 1 1 1 0 0 1 0 1 0 0 1 1 0 0 0 0 1 1 1 0 0 1 0 1 0 0 0 0 0 0 0 1 1 1 1 0 0 1 32492.0 29826.0 0 0.3604461948837525
1 0 1 1 0 0 1 1 1 0 1 0 1 0 0 1 1 1 1 1 1 0 0 0 1 1 0 1 1 1 1 1 0 1 0 1 1 0 1 0 0 1 1 0 1 0 1 1 1 1 1 1 0 0 1 0 0 0 1 0 0 1 1 1 1 0 0 1 0 1 1 0 1 1 1 0 0 0 1 1 1 1 0 0 0 0 0 0 0 0 1 1 1 1 1 1 0 1 0 0 33070.0 29239.0 0 0.5605334612811017
1 0 1 1 0 0 1 1 1 0 1 0 1 0 1 1 1 1 1 1 1 0 0 0 1 1 0 1 1 1 1 1 0 1 0 1 1 0 1 0 0 1 1 0 1 0 1 1 1 0 0 1 0 0 1 0 0 0 1 1 0 1 1 1 1 0 0 0 0 1 0 1 1 1 1 0 0 0 1 0 1 1 0 1 0 1 0 0 0 1 0 0 1 1 0 1 0 0 1 0 33256.0 28054.0 0 0.3234112466927136
1 0 1 1 0 0 1 1 1 0 1 0 1 0 1 1 1 1 1 1 1 0 0 0 1 1 1 1 1 1 0 1 0 1 0 1 1 0 0 0 0 1 1 0 1 0 1 1 1 0 0 1 0 0 1 0 0 0 1 0 0 1 1 1 1 0 0 1 0 1 1 0 1 1 1 0 0 0 1 1 1 1 0 0 0 0 1 0 0 0 1 1 1 1 1 1 0 1 0 0 33266.0 28004.0 0 0.31513634972065535
1 0 1 1 0 0 1 1 1 0 1 0 1 0 1 1 1 1 1 1 1 0 0 0 1 1 1 1 1 1 0 1 0 1 0 1 1 0 0 0 0 1 1 0 1 0 1 1 1 0 0 1 0 0 0 0 0 0 1 1 0 1 1 1 1 0 0 0 0 1 1 1 0 1 1 1 0 0 1 0 1 1 0 0 1 0 0 0 0 1 0 0 1 1 0 1 0 0 1 0 33330.0 26749.0 0 2000000000000000.0
1 0 1 0 1 0 1 1 1 1 0 0 1 1 0 1 1 1 1 1 1 0 0 0 1 1 0 1 1 1 1 1 0 1 0 1 0 0 0 0 0 1 1 1 0 1 1 0 0 1 1 1 0 0 0 1 0 0 1 0 0 1 1 1 1 0 0 0 0 1 0 0 1 1 1 0 0 1 1 0 1 1 0 1 1 0 0 0 1 0 0 0 0 1 1 1 1 1 0 0 28840.0 31046.0 1 2000000000000000.0
1 0 1 0 1 0 1 1 1 1 0 0 1 1 0 1 1 1 1 1 1 0 0 0 1 1 0 1 1 1 1 1 0 1 0 1 0 1 0 0 0 1 1 1 1 1 1 0 0 1 1 1 0 0 0 1 0 0 1 0 0 0 1 0 0 1 1 0 0 1 1 0 1 1 0 1 0 1 1 0 1 1 0 1 1 1 0 0 0 0 0 0 0 1 1 1 1 0 0 1 28972.0 30806.0 1 0.16131190974889073
1 0 1 0 1 0 1 1 1 0 0 0 1 1 0 1 1 1 1 1 1 0 1 0 1 1 0 1 1 1 1 1 0 1 0 1 1 0 0 0 0 1 1 0 1 0 0 1 1 0 0 1 0 0 1 0 0 0 1 0 0 1 1 1 1 0 0 0 0 1 1 0 1 1 0 0 0 1 1 0 1 1 0 1 1 0 0 0 1 0 0 0 0 1 1 1 1 1 0 0 29045.0 30591.0 1 0.23444066875354375
1 0 1 1 0 0 1 1 1 0 1 0 1 0 1 1 1 1 1 1 1 0 0 0 1 1 0 1 1 1 0 1 0 1 0 1 1 0 1 0 0 1 1 0 1 0 1 1 1 0 0 1 0 0 0 1 0 0 1 0 0 0 1 0 0 1 1 0 0 1 1 0 1 1 0 1 0 1 1 0 1 1 0 1 1 0 0 0 0 0 0 0 0 1 1 1 1 1 0 0 29609.0 30465.0 1 0.4915416754077619
1 0 1 1 0 0 1 1 1 0 1 0 1 0 1 1 1 1 1 1 1 0 0 0 1 1 1 1 1 1 0 1 0 1 0 1 1 0 0 0 0 1 1 0 1 0 1 1 1 0 0 1 0 0 1 0 0 0 1 0 0 1 1 1 1 0 0 0 0 1 0 0 1 1 0 1 0 1 1 0 1 1 0 1 1 0 0 0 0 0 0 0 0 1 1 1 1 1 0 0 30371.0 29867.0 1 0.6982753861466036
0 0 1 1 0 0 1 1 1 0 1 0 1 0 1 1 1 1 1 1 1 0 0 0 1 1 0 1 1 1 1 1 0 1 0 1 1 0 1 0 0 1 1 0 1 0 1 1 1 1 0 1 0 0 1 0 0 0 1 1 0 1 1 1 1 0 0 1 0 1 0 0 1 1 0 0 0 0 1 1 1 0 0 1 0 1 0 0 0 0 0 0 0 1 1 1 1 1 0 0 31868.0 29791.0 1 0.49320600556263305
1 0 1 0 1 0 1 1 1 0 0 0 1 1 0 1 1 1 1 1 1 0 1 0 1 1 0 1 1 1 1 1 0 1 0 1 1 0 0 0 0 1 1 0 1 0 1 1 1 0 0 1 0 0 1 0 0 0 1 0 0 1 1 1 1 0 0 1 0 1 1 0 1 1 1 0 0 0 1 1 1 1 0 0 0 0 0 0 0 0 1 1 1 1 1 1 1 1 0 0 32388.0 29789.0 1 0.35989186907330895
1 0 1 1 0 0 1 1 1 0 1 0 1 0 1 1 1 1 1 1 1 0 0 0 1 1 1 1 1 1 0 1 0 1 0 1 1 0 0 0 0 1 1 0 1 0 1 1 1 0 0 1 0 0 1 0 0 0 1 0 0 1 1 1 1 0 0 0 0 1 0 0 1 1 1 0 1 0 1 0 1 0 0 1 0 1 0 0 0 1 0 1 1 1 1 1 1 0 1 0 32461.0 28904.0 1 0.32940855434969835
1 0 0 1 0 0 1 1 1 0 1 0 1 0 0 1 1 1 1 1 1 0 0 0 1 1 0 1 1 1 1 1 0 1 0 1 1 0 1 0 0 1 1 0 1 0 1 1 1 1 1 1 0 0 1 0 0 0 1 0 0 1 1 1 1 0 0 1 0 1 1 0 1 1 1 0 0 0 1 1 1 1 0 0 0 0 0 0 0 0 1 1 1 1 1 1 0 1 0 0 32829.0 28881.0 1 0.18295883421994152
1 0 1 1 0 0 1 1 1 0 1 0 1 0 1 1 1 1 1 1 1 0 0 0 1 1 0 1 1 1 1 1 0 1 0 1 1 0 1 0 0 1 1 0 1 0 1 1 1 0 0 1 0 0 1 0 0 0 1 0 0 1 1 1 1 0 0 1 0 1 1 0 1 1 0 0 1 0 1 1 1 1 0 0 0 0 0 0 0 0 1 1 1 1 0 1 1 0 0 1 33026.0 28702.0 1 0.3217759686241936
1 0 1 1 0 0 1 1 1 0 1 0 1 0 1 1 1 1 1 1 1 0 0 0 1 1 1 1 1 1 0 1 0 1 0 1 1 0 0 0 0 1 1 0 1 0 1 1 1 0 0 1 0 0 1 0 0 1 1 0 0 1 1 1 1 0 0 1 0 1 1 0 1 1 1 0 0 0 1 1 1 1 0 0 0 0 0 0 0 0 1 1 1 1 0 1 1 0 0 1 33066.0 27811.0 1 0.43373884475541574
1 0 1 1 0 0 1 1 1 0 1 0 1 0 1 0 1 1 1 1 1 0 0 0 1 1 1 1 1 1 0 1 0 1 0 1 1 0 0 0 0 1 1 0 1 0 1 1 1 0 0 1 0 0 1 0 0 0 1 0 0 1 1 1 1 0 0 1 0 1 1 0 1 1 1 0 0 0 1 1 1 1 0 0 0 1 0 0 0 0 1 1 1 1 0 1 1 0 0 1 33097.0 27025.0 1 2000000000000000.0
1 0 1 0 1 1 1 1 1 1 0 0 1 1 0 1 1 1 1 1 1 0 0 0 1 1 0 1 1 1 1 1 0 1 0 1 0 0 0 0 0 1 1 1 0 1 1 0 0 1 1 1 0 0 0 1 0 0 1 0 0 0 1 0 0 1 1 0 0 1 1 0 1 1 0 1 0 1 1 0 1 1 0 1 1 0 0 0 1 0 0 0 0 1 1 1 1 1 0 0 28456.0 30947.0 2 2000000000000000.0
1 0 1 0 1 0 1 1 1 1 0 0 1 1 0 1 1 1 1 1 1 0 0 0 1 1 0 1 1 1 1 1 0 1 0 1 0 0 0 0 0 1 1 1 0 1 1 0 0 1 1 1 0 0 0 1 0 0 1 0 0 0 1 0 0 1 1 0 0 1 1 0 1 1 0 1 0 1 1 0 1 1 0 1 1 0 0 0 0 0 0 0 0 1 1 1 1 1 0 1 28494.0 30588.0 2 0.11089872726576945
1 0 1 0 1 0 1 1 1 0 0 0 1 1 0 1 1 1 1 1 1 0 0 0 1 1 0 1 1 1 1 1 0 1 0 1 0 0 0 0 0 1 1 0 1 1 1 1 1 0 0 1 0 0 1 0 0 0 1 0 0 1 1 1 1 0 0 0 0 1 1 0 1 1 0 0 0 1 1 0 1 1 0 1 1 0 0 0 1 0 0 0 0 1 1 1 1 1 0 0 28564.0 30538.0 2 0.21568675366407644
0 0 1 1 0 0 1 1 1 0 1 0 1 0 0 1 1 1 1 1 1 0 1 0 1 1 0 1 1 1 1 1 0 1 0 1 1 0 0 0 0 1 1 0 1 0 1 1 1 0 0 1 0 0 1 0 0 0 1 0 0 1 1 1 1 0 0 0 0 1 0 0 1 1 0 1 0 1 1 0 1 1 0 1 1 0 0 0 0 0 0 0 0 1 1 1 1 1 0 0 29263.0 30359.0 2 0.2524753225886796
1 0 0 1 0 0 1 1 1 0 1 0 1 0 0 1 1 1 1 1 1 0 1 0 1 1 0 1 1 1 1 1 0 1 1 1 1 0 0 0 0 1 0 0 1 0 1 1 1 0 0 1 0 0 1 0 0 0 1 0 0 1 1 1 1 0 0 0 0 1 0 0 1 1 0 1 0 1 1 0 1 1 0 1 1 0 0 0 0 0 0 0 0 1 1 1 1 1 0 0 29332.0 30136.0 2 0.07666550355829849
1 0 0 1 0 0 1 1 1 0 1 0 1 0 1 1 1 1 1 1 1 0 0 0 1 1 0 1 1 1 0 1 0 1 0 1 1 0 1 0 0 1 1 0 1 0 1 1 1 0 0 1 0 0 0 1 0 0 1 0 0 0 1 0 0 1 1 0 0 1 1 0 1 1 0 1 0 1 1 0 1 1 0 1 1 0 0 0 0 0 0 0 0 1 1 1 1 1 0 0 29368.0 30107.0 2 0.20559822218306106
1 0 1 1 0 0 1 1 1 0 1 0 1 0 1 1 1 1 1 1 1 0 0 0 1 1 0 1 1 1 1 1 0 1 0 1 1 0 1 0 0 1 1 0 1 0 0 1 1 0 0 1 0 0 1 0 0 0 1 0 0 1 1 1 1 0 0 0 0 1 0 0 1 1 0 1 0 1 1 0 1 1 0 1 1 0 0 0 0 0 0 0 0 1 1 1 1 1 0 0 29940.0 29791.0 2 0.7021904383218163
0 0 1 1 0 0 1 1 1 0 1 0 1 0 1 1 1 1 1 1 1 0 0 0 1 1 0 1 1 1 1 1 0 1 0 1 1 0 1 0 0 1 1 0 1 0 1 1 1 1 1 1 0 0 1 0 0 0 1 1 0 1 1 1 1 0 0 1 0 1 0 0 1 1 0 0 0 0 1 1 1 0 0 1 0 1 0 0 0 0 0 0 0 1 1 1 1 0 0 1 32176.0 29670.0 2 0.570066413101302
1 0 0 1 0 0 1 1 1 0 1 0 1 0 1 1 1 1 1 1 1 0 0 0 1 1 0 1 1 1 1 1 0 1 0 1 1 0 1 0 0 1 1 0 1 0 1 1 1 1 1 1 0 0 1 0 0 0 1 1 0 1 1 1 1 0 0 1 0 1 0 0 1 1 0 0 0 0 1 1 1 0 0 1 0 1 0 0 0 0 0 0 0 1 1 1 1 0 0 1 32251.0 29468.0 2 0.31353164910604214
1 0 1 1 0 0 1 1 1 0 1 0 1 0 1 1 1 1 1 1 1 0 0 0 1 1 0 1 1 1 1 1 0 1 0 1 1 0 0 0 0 1 1 0 1 0 1 1 1 0 0 1 0 0 1 0 0 0 1 0 0 1 1 1 1 0 0 1 0 1 1 0 1 1 1 0 0 0 1 1 1 1 0 0 0 0 0 0 0 0 1 1 1 1 1 1 1 1 0 0 32679.0 28714.0 2 0.2998147759586596
1 0 1 1 0 0 1 1 1 0 1 0 1 0 1 1 1 1 1 1 1 0 0 0 1 1 1 1 1 1 0 1 0 1 0 1 1 0 0 0 0 1 1 1 1 0 1 1 1 0 0 1 0 0 1 0 0 0 1 0 0 1 1 1 1 0 0 1 0 1 1 0 1 1 1 0 0 0 1 1 1 1 0 0 0 0 0 0 0 0 1 1 1 1 1 1 0 1 0 0 32819.0 28642.0 2 0.15599963367882344
0 0 1 1 0 0 1 1 1 0 1 0 1 0 1 1 1 1 1 0 1 0 0 0 1 1 0 1 1 1 1 1 0 1 0 1 1 0 1 0 0 1 1 0 1 0 1 1 1 0 0 1 0 0 1 0 0 0 1 0 0 1 1 1 1 0 0 1 0 1 1 1 1 1 0 0 1 0 1 1 1 1 0 0 0 0 0 0 0 0 1 1 1 1 0 1 1 0 0 1 32850.0 28158.0 2 0.17124142304183
1 0 1 1 0 0 1 1 1 0 1 0 1 0 1 1 1 1 1 1 1 0 0 0 1 1 1 1 1 1 0 1 0 1 0 1 1 0 0 0 0 1 1 0 1 0 1 1 1 0 0 1 0 0 1 0 0 0 1 0 0 1 1 1 1 0 0 1 0 1 1 0 1 1 0 0 1 0 1 1 1 1 0 0 0 0 0 0 0 0 1 1 1 1 0 1 1 0 0 1 33009.0 28034.0 2 0.1345920097932923
1 0 0 1 0 0 1 1 1 0 1 0 1 0 1 1 1 1 1 1 1 0 0 0 1 1 0 1 1 1 1 1 0 1 0 1 1 0 1 0 0 1 1 0 1 0 1 1 1 0 0 1 0 0 1 0 0 0 1 1 0 1 1 1 1 0 0 0 0 1 0 1 1 1 1 0 0 0 1 0 1 1 0 1 0 1 0 0 0 1 0 0 1 1 0 1 0 0 1 0 33015.0 27696.0 2 0.2766177890662346
1 0 1 1 0 0 1 1 1 0 1 0 1 0 1 1 1 1 1 1 1 0 0 0 1 1 0 1 1 1 1 1 0 1 0 1 1 0 0 0 0 1 1 0 1 0 1 1 1 0 0 1 0 0 1 0 0 0 1 0 0 1 1 1 1 0 0 0 1 1 1 1 0 0 1 1 0 0 1 1 1 1 0 0 1 0 1 0 0 1 0 0 1 1 0 1 0 0 1 0 33023.0 26755.0 2 0.31630497860614126
1 0 1 1 0 0 1 1 1 0 1 1 1 0 1 0 1 1 1 1 1 0 0 0 1 1 1 1 1 1 0 1 0 1 0 1 1 0 0 0 0 1 1 0 1 0 1 1 1 0 0 1 0 0 0 0 0 0 1 1 0 1 1 1 1 0 0 0 0 1 1 1 0 1 1 1 0 0 1 0 1 1 0 0 1 0 0 0 0 1 0 0 1 1 0 1 0 0 1 0 33069.0 26272.0 2 2000000000000000.0
1 0 1 1 0 1 1 1 1 0 0 0 0 1 1 1 0 1 0 0 1 0 1 0 1 0 0 1 1 1 0 1 0 1 0 1 1 0 0 0 0 1 1 1 1 0 1 1 1 0 0 1 1 0 1 0 0 0 1 0 0 1 1 1 1 0 0 0 0 1 1 0 1 1 1 0 0 1 1 0 1 1 0 1 1 0 0 0 1 0 0 0 0 1 1 1 1 1 0 0 28253.0 30946.0 3 2000000000000000.0
1 0 1 1 0 0 1 1 1 0 1 0 1 0 0 1 1 1 1 1 1 0 1 0 1 1 0 1 1 1 1 1 0 1 0 1 1 0 0 0 0 1 1 0 1 0 0 1 1 0 0 1 0 0 1 0 0 0 1 0 0 1 1 1 1 0 0 0 0 1 1 0 1 1 0 0 0 1 1 0 1 1 0 1 1 0 0 0 1 0 0 0 0 1 1 1 1 1 0 0 28931.0 30076.0 3 0.4159272383752659
1 0 0 1 0 0 1 1 1 0 1 0 1 0 0 1 1 1 0 1 1 0 1 0 1 1 0 1 1 1 1 1 0 1 1 1 1 0 0 0 0 1 0 0 1 0 1 1 1 0 0 1 0 0 1 0 0 0 1 0 0 1 1 1 1 0 0 0 0 1 0 0 1 1 0 1 0 1 1 0 1 1 0 1 1 0 0 0 0 0 0 0 0 1 1 1 1 1 0 0 29067.0 30021.0 3 0.07128347719232633
1 0 0 1 0 0 1 1 1 0 1 0 1 0 1 1 1 1 1 1 1 0 0 0 1 1 0 1 1 1 1 1 0 1 0 1 1 0 1 0 0 1 1 0 1 0 1 1 1 0 0 1 0 0 1 0 0 0 1 0 0 0 1 0 0 1 1 0 0 1 1 0 1 1 0 0 0 1 1 0 1 1 0 1 1 0 0 0 1 0 0 0 0 1 1 1 1 1 0 0 29110.0 29950.0 3 0.17098510477796258
1 0 0 1 0 0 1 1 1 0 1 0 1 0 1 1 1 1 1 1 1 0 0 0 1 1 0 1 1 1 0 1 0 1 0 1 1 0 0 0 0 1 1 0 1 0 1 1 1 0 0 1 0 0 1 0 0 0 1 0 0 1 1 1 1 0 0 0 0 1 1 0 1 1 0 1 0 1 1 0 1 1 0 1 1 0 0 0 0 0 0 0 0 1 1 1 1 1 0 0 29493.0 29716.0 3 0.6104156502046522
0 0 1 1 0 0 1 1 1 0 1 0 1 0 1 1 1 1 1 1 1 0 0 0 1 1 0 1 1 1 1 1 0 1 0 1 1 0 1 0 0 1 1 0 1 0 1 1 1 1 1 1 0 0 1 0 0 0 1 1 0 1 1 1 1 0 0 1 0 1 0 0 1 1 0 0 0 0 1 1 1 0 0 1 0 1 0 0 0 0 0 0 0 1 1 1 1 0 0 0 31580.0 29643.0 3 0.5591971608998675
1 0 0 1 0 0 1 1 1 0 1 0 1 0 1 1 1 1 1 1 1 0 0 0 1 1 0 1 1 1 1 1 0 1 0 1 1 0 1 0 0 1 1 0 1 0 1 1 1 1 0 1 0 0 1 0 0 0 1 1 0 1 1 1 1 0 0 1 0 1 0 0 1 1 0 0 0 0 1 1 1 0 0 1 0 1 0 0 0 0 0 0 0 1 1 1 1 1 0 0 31943.0 29589.0 3 0.1368198903598059
1 0 0 1 0 0 1 1 1 0 1 0 1 1 1 1 1 1 1 1 1 0 0 0 1 1 0 1 1 1 1 1 0 1 0 1 1 0 1 0 0 1 1 0 1 0 1 1 1 1 0 0 0 0 1 0 0 0 1 0 0 1 1 1 1 0 0 1 0 1 0 0 1 1 0 0 0 1 1 1 1 0 0 1 0 1 0 0 0 1 0 0 0 1 0 1 1 0 1 0 32012.0 29474.0 3 0.15641919963958917
1 0 0 1 0 0 1 1 1 0 1 0 1 0 1 1 1 1 1 1 1 0 0 0 1 1 0 1 1 1 1 1 0 1 0 1 1 0 1 0 0 1 1 0 1 0 1 1 1 1 0 1 0 0 1 0 0 0 1 1 0 1 1 1 1 0 0 1 0 1 0 0 1 1 0 0 0 0 1 1 1 0 0 1 0 1 0 0 0 0 0 0 0 1 1 1 1 0 0 1 32079.0 29101.0 3 0.20917013485926567
0 0 1 1 0 0 1 1 1 0 1 0 1 0 1 1 1 1 1 1 1 0 0 0 1 1 0 1 1 1 1 1 0 1 0 1 1 0 1 0 0 1 1 0 1 0 1 1 1 1 1 1 0 0 1 0 0 0 1 1 0 1 1 1 1 0 0 1 0 1 0 0 1 1 0 0 0 0 1 1 1 0 0 0 0 1 0 0 0 0 0 0 0 1 1 1 1 0 0 1 32146.0 28782.0 3 0.1633674334643246
1 0 0 1 0 0 1 1 1 0 1 0 1 0 1 1 1 1 1 1 1 0 0 0 1 1 0 1 1 1 1 1 0 1 0 1 1 0 1 0 0 1 1 0 1 0 1 1 1 0 0 1 0 0 1 0 0 0 1 0 0 1 1 1 1 0 0 1 0 1 1 0 1 1 0 0 1 0 1 1 1 1 0 0 0 1 0 0 0 1 0 0 0 1 0 1 1 1 0 0 32251.0 28616.0 3 0.10499068194962516
0 0 1 1 0 0 1 1 1 0 1 0 1 0 1 1 1 1 1 1 1 0 0 0 1 1 0 1 1 1 1 1 0 1 0 1 1 0 0 0 0 1 1 0 1 0 1 1 1 0 0 1 0 0 1 0 0 0 1 0 0 1 1 1 1 0 0 1 0 1 1 0 1 1 1 0 0 0 1 1 1 1 0 0 0 0 0 0 0 0 1 1 1 1 1 1 1 1 0 0 32363.0 28558.0 3 0.11680948074399942
0 0 1 1 0 0 1 1 1 0 1 0 1 0 1 1 1 1 1 1 1 0 0 0 1 1 0 1 1 1 1 1 0 1 0 1 1 0 1 0 0 1 1 0 1 0 1 1 1 0 0 1 0 0 1 0 0 0 1 0 0 1 1 1 1 0 0 1 0 1 1 0 1 1 0 0 1 0 1 1 1 1 0 0 0 0 0 0 0 0 1 1 1 1 0 1 1 0 0 1 32710.0 28546.0 3 0.14640355498791324
1 0 0 1 0 0 1 1 1 0 1 0 1 0 1 1 1 1 1 1 1 0 0 0 1 1 0 1 1 1 1 1 0 1 0 1 1 0 1 0 0 1 1 0 1 0 1 1 1 0 0 1 0 0 1 0 0 0 1 0 0 1 1 1 1 0 0 1 0 1 1 0 1 1 0 0 1 0 1 1 1 1 0 0 0 0 0 0 0 0 1 1 1 1 0 1 1 0 0 1 32785.0 28344.0 3 0.4172943820989433
1 0 1 1 0 1 1 1 1 1 0 0 0 1 1 0 1 1 1 1 1 0 0 0 1 1 1 1 1 1 0 1 0 1 0 1 1 0 0 0 0 1 1 0 1 0 1 1 1 0 0 1 0 0 1 0 0 0 1 0 0 1 1 1 1 0 0 1 0 1 1 0 1 1 1 0 0 0 1 1 1 1 0 0 0 0 0 0 0 0 1 1 1 1 1 1 1 0 0 1 32910.0 27110.0 3 2000000000000000.0
0 0 1 1 0 0 1 1 1 0 1 0 1 0 0 1 1 0 1 1 1 0 1 0 1 1 0 1 1 1 1 1 0 1 0 1 1 0 0 0 0 1 0 0 0 1 1 1 1 1 1 1 0 0 1 0 0 0 1 0 0 1 1 1 1 0 0 0 0 1 1 0 1 1 0 0 0 1 1 0 1 1 0 1 1 0 0 0 1 0 0 0 0 1 1 1 1 1 0 0 28247.0 30821.0 4 2000000000000000.0
0 0 1 1 0 0 1 1 1 0 1 0 1 0 0 1 1 1 1 1 1 0 1 0 1 1 0 1 1 1 1 1 0 1 0 1 1 0 0 0 0 1 1 0 1 0 0 1 1 0 0 1 0 0 1 0 0 0 1 0 0 1 1 1 1 0 0 0 0 1 1 0 1 1 0 0 0 1 1 0 1 1 0 1 1 0 0 0 1 0 0 0 0 1 1 1 1 1 0 0 28615.0 29920.0 4 0.3891823676174072
1 0 1 1 0 0 0 1 1 0 1 0 1 0 1 1 1 1 1 1 1 0 0 0 1 1 0 1 1 1 1 1 0 1 0 1 1 0 1 0 0 1 1 0 1 0 1 0 0 1 1 1 0 0 0 1 0 0 1 0 0 0 1 0 0 1 1 0 0 1 1 0 1 1 0 1 0 1 1 0 1 1 0 1 1 0 0 0 0 0 0 0 0 1 1 1 1 1 0 0 28927.0 29813.0 4 0.2366046146409119
1 0 1 0 1 0 1 1 1 0 0 0 1 0 1 1 1 1 1 1 1 0 0 0 1 1 0 1 1 1 1 1 0 1 0 1 1 0 0 0 0 1 1 0 1 0 1 1 1 0 0 1 0 0 1 0 0 1 1 0 0 0 1 0 0 0 1 0 0 1 1 0 1 1 1 1 0 1 1 0 1 1 0 1 1 0 0 0 0 0 0 0 0 1 1 1 1 1 0 0 29414.0 29651.0 4 0.1803067251173437
0 0 1 1 0 0 1 1 1 0 1 0 1 0 1 1 1 1 1 1 1 0 0 0 1 1 0 1 1 1 0 1 0 1 0 1 1 0 0 0 0 1 1 1 1 0 1 1 1 0 0 1 0 0 0 0 0 0 1 1 0 1 1 1 1 0 0 0 0 1 0 0 1 1 1 0 0 0 1 0 1 1 0 1 1 0 0 0 0 0 0 0 0 1 1 1 1 1 0 0 29537.0 29609.0 4 0.35296460041241945
1 0 0 1 0 0 1 1 1 0 1 0 1 1 1 1 1 1 1 1 1 0 0 0 1 1 0 1 1 1 0 1 0 1 0 1 1 0 1 0 0 1 1 0 1 0 1 1 1 1 0 0 0 0 1 0 0 0 1 0 0 1 1 1 1 0 0 1 0 1 0 0 1 1 0 0 0 1 1 1 1 0 0 1 0 1 0 0 0 0 0 0 0 1 1 1 1 0 0 1 30973.0 29577.0 4 0.3472390013191956
0 0 1 1 0 0 1 1 1 0 1 0 1 0 1 1 1 1 1 1 1 0 0 0 1 1 0 1 1 1 0 1 0 1 0 1 1 0 0 0 1 1 1 1 1 0 1 1 1 0 0 1 0 0 0 0 0 0 1 1 0 1 1 1 1 0 0 0 0 1 0 0 1 1 0 1 0 0 1 0 1 1 0 1 0 1 0 0 1 0 0 0 0 1 1 1 1 1 0 0 31066.0 29532.0 4 0.10212278954686677
1 0 0 1 0 0 1 1 1 0 1 0 1 0 1 1 1 1 1 1 1 0 0 0 1 1 0 1 1 1 0 1 0 1 0 1 1 0 0 0 0 1 0 0 0 1 1 1 1 1 1 1 0 0 1 0 0 0 1 0 0 1 1 1 1 0 0 0 0 1 0 0 1 1 1 0 1 0 1 0 1 0 0 1 0 1 0 0 0 1 0 1 1 1 1 1 1 0 1 0 31392.0 29527.0 4 0.18929301983116098
1 0 1 1 0 0 1 1 1 0 1 0 1 0 0 1 1 1 1 1 1 0 1 0 1 1 1 1 1 1 0 1 0 1 0 1 1 0 0 0 0 1 1 0 1 0 1 1 1 0 0 1 0 0 1 0 0 0 1 0 0 1 1 1 1 0 0 0 0 1 0 0 1 1 1 0 1 0 1 0 1 0 0 1 0 1 0 0 0 0 0 1 1 1 1 1 1 0 1 0 31655.0 29272.0 4 0.21373870157565944
1 0 1 0 1 0 1 1 1 0 0 0 1 1 0 1 1 1 1 1 1 0 0 0 1 1 0 1 1 1 1 1 0 1 0 1 0 0 0 0 0 1 1 0 1 1 1 1 1 0 0 1 0 0 1 0 0 0 1 0 0 1 1 1 1 0 0 0 1 1 1 1 1 1 0 1 1 0 1 0 1 0 0 0 1 0 1 0 0 1 0 0 1 1 0 1 1 0 1 0 31885.0 29080.0 4 0.2327261902886356
0 0 1 1 0 0 1 1 1 0 1 0 1 0 0 1 1 1 1 1 1 0 1 0 1 1 0 1 1 1 1 1 0 1 0 1 1 0 0 0 0 1 1 0 1 0 1 1 1 0 0 1 0 0 1 0 0 0 1 0 0 1 1 1 1 0 0 1 0 1 1 0 1 1 0 0 1 0 1 1 1 1 0 0 0 0 0 0 0 0 1 1 1 1 0 1 1 0 0 1 31901.0 28526.0 4 0.2907151640380654
1 0 1 0 1 1 1 1 1 1 0 0 1 1 0 1 1 1 1 1 1 0 0 0 1 1 0 1 1 1 1 1 0 1 0 1 1 0 0 0 0 1 1 0 1 0 1 1 1 0 0 1 0 0 1 0 0 0 1 0 0 1 1 1 1 0 0 1 0 1 1 0 1 1 0 0 1 0 1 1 1 1 0 0 0 0 0 0 0 0 1 1 1 1 0 1 1 0 0 1 32606.0 28517.0 4 0.3424729546752866
0 0 1 1 0 0 1 1 1 0 1 0 1 0 1 1 1 1 1 1 1 0 0 0 1 1 0 1 1 1 1 1 0 1 0 1 1 0 0 0 0 1 1 0 1 0 1 0 1 0 0 1 0 0 1 0 0 1 1 0 0 1 1 1 1 0 0 1 0 1 1 0 1 1 0 0 1 0 1 1 1 1 0 0 0 0 1 0 0 1 1 1 1 1 0 1 1 0 0 1 32671.0 27792.0 4 0.2263577801897245
1 0 1 1 0 0 1 1 1 0 1 0 1 0 1 1 1 1 1 1 1 0 0 0 1 1 1 1 1 1 0 1 0 1 0 1 1 0 0 0 0 1 1 0 1 0 1 1 1 0 0 1 0 0 1 0 0 0 1 0 0 1 1 1 1 0 0 1 0 1 1 0 1 1 1 0 0 0 1 1 1 1 0 0 0 0 0 0 0 0 1 1 1 1 1 1 0 1 0 0 32782.0 27735.0 4 0.21896265518879188
1 0 1 1 0 0 1 1 1 0 1 0 1 0 1 0 1 1 1 1 1 0 0 0 1 1 1 1 1 1 0 1 0 1 0 1 1 0 0 0 0 1 1 0 1 0 1 1 1 0 0 1 0 0 1 0 0 0 1 0 0 1 1 1 1 0 0 1 0 1 1 0 1 1 1 0 0 0 1 1 1 1 0 0 0 1 0 0 0 0 1 1 1 1 1 1 0 1 0 0 32844.0 27038.0 4 0.28117747387918884
1 0 1 1 0 0 1 1 1 0 1 0 1 0 1 1 1 1 1 1 1 0 0 0 1 1 0 1 1 1 1 1 0 1 0 1 1 0 1 0 0 1 1 0 1 0 0 1 1 0 0 1 0 0 0 0 0 0 1 1 0 1 1 1 1 0 0 0 0 1 1 1 0 1 1 1 0 0 1 0 1 1 0 0 1 0 0 0 0 1 0 0 1 1 0 1 0 0 1 0 32899.0 26673.0 4 2000000000000000.0
1 0 1 0 1 0 1 1 1 0 0 0 1 1 0 1 1 1 1 1 1 0 0 0 1 1 0 1 1 1 1 1 0 1 0 1 0 0 0 0 0 1 1 1 0 1 1 0 0 1 1 1 0 0 0 1 0 0 1 0 0 0 1 0 0 1 1 0 0 1 1 0 1 1 0 1 0 1 1 0 1 1 0 1 1 0 0 0 1 0 0 0 0 1 1 1 1 1 0 0 27972.0 30677.0 5 2000000000000000.0
1 0 0 1 0 0 1 1 1 0 1 0 1 0 1 1 1 1 0 1 1 0 0 0 1 1 0 1 1 1 0 1 0 1 0 1 1 0 0 0 0 1 1 1 0 1 1 0 0 1 1 1 0 1 0 0 0 0 1 0 0 0 1 0 0 1 1 0 0 1 1 0 1 1 0 1 0 1 1 0 1 1 0 1 1 0 0 0 1 0 0 0 0 1 1 1 1 1 0 0 28185.0 30527.0 5 0.09183332161082661
1 0 1 0 0 0 1 1 1 0 0 0 1 1 0 1 0 1 1 1 1 0 0 0 1 1 0 1 1 1 1 1 0 1 0 1 0 0 1 0 1 1 1 1 0 1 1 0 0 1 1 1 0 1 0 1 0 0 1 0 0 0 1 0 0 1 1 0 0 1 1 0 1 1 0 1 0 1 1 0 1 1 0 1 1 0 0 0 0 0 0 0 0 1 1 1 1 1 0 0 28219.0 30472.0 5 0.22747343824357757
0 0 1 1 0 0 1 1 1 0 0 0 1 1 0 1 1 1 1 1 1 0 0 0 1 1 0 1 1 1 1 1 0 1 0 1 0 0 0 0 0 0 1 1 1 1 1 0 0 1 1 1 0 1 0 0 0 0 1 0 0 0 1 0 0 1 1 0 0 1 1 0 1 1 0 1 0 1 1 0 1 1 0 1 1 0 0 0 0 0 1 1 1 1 1 1 1 0 1 0 28534.0 29747.0 5 0.24399246304634095
1 0 1 0 0 0 1 1 1 0 1 0 1 1 0 1 1 1 1 1 1 0 1 0 1 1 0 1 1 1 1 1 0 1 0 1 1 0 0 0 0 1 0 0 1 0 0 1 1 0 0 1 0 0 1 0 0 0 1 0 0 1 1 1 1 0 0 0 0 1 1 0 1 1 0 0 0 1 1 0 1 1 0 1 1 0 0 0 1 0 0 0 0 1 1 1 1 1 0 0 28621.0 29664.0 5 0.08957001440839626
1 0 1 1 0 1 1 1 1 0 0 0 0 1 1 1 0 1 0 0 1 0 1 0 1 0 0 1 1 1 0 1 0 1 0 1 1 0 0 0 0 1 1 1 1 0 1 1 1 0 0 1 1 0 1 0 0 0 1 0 0 1 1 1 1 0 0 1 0 1 0 0 1 1 0 1 0 1 1 0 1 1 0 0 1 0 0 0 0 1 0 0 0 1 0 1 1 1 0 0 28799.0 29572.0 5 0.41757960300605285
0 0 1 1 0 0 1 1 1 0 1 0 1 0 0 1 1 0 1 1 1 0 1 0 1 1 0 1 1 1 1 1 0 1 0 1 1 0 0 0 0 1 0 0 0 1 1 1 1 1 1 1 0 0 1 0 0 0 1 0 0 1 1 1 1 0 0 0 0 1 0 0 1 1 1 0 1 0 1 0 1 0 0 1 0 1 0 0 0 1 0 1 1 1 1 1 1 0 1 0 30537.0 29553.0 5 0.481612942632519
0 0 1 1 0 0 1 1 1 0 1 0 1 0 1 1 1 1 1 1 1 0 0 0 1 1 0 1 1 1 0 1 0 1 0 1 1 0 0 0 0 1 1 1 1 0 1 1 1 0 0 1 0 0 0 0 0 0 1 1 0 1 1 1 1 0 0 0 0 1 0 0 1 1 1 0 0 0 1 0 1 1 0 1 0 1 0 0 1 1 0 1 0 1 0 1 1 1 0 0 31004.0 29439.0 5 0.1660227515310174
1 0 1 1 0 0 1 1 1 0 1 0 1 0 1 1 1 1 1 1 1 0 0 0 1 1 0 1 1 1 0 1 0 1 0 1 1 0 1 0 0 1 1 0 1 0 1 1 1 0 0 1 0 0 0 0 0 0 1 0 0 1 1 1 1 0 0 1 0 1 0 0 1 1 1 0 0 0 1 0 1 1 0 1 0 1 0 0 1 0 0 0 0 1 1 1 1 1 0 0 31212.0 29419.0 5 0.14106298851482155
1 0 0 1 0 0 1 1 1 0 1 0 1 0 1 1 1 1 1 1 1 0 0 0 1 1 0 1 1 1 1 1 0 1 0 1 1 0 1 0 0 1 1 0 1 0 1 1 1 1 0 1 0 0 1 0 0 0 1 1 0 1 0 1 1 0 0 0 0 1 0 0 1 1 1 0 0 0 1 0 1 1 0 1 0 1 0 0 1 0 0 0 0 1 1 1 1 1 0 0 31420.0 29162.0 5 0.19054174836429535
1 0 1 1 0 0 1 1 1 0 1 0 1 0 1 1 1 1 1 1 1 0 0 0 1 1 1 1 1 1 0 1 0 1 0 1 1 0 0 0 0 1 0 0 0 1 1 1 1 0 1 1 0 0 1 0 0 0 1 0 0 1 1 1 1 0 0 0 0 1 0 0 1 1 1 0 1 0 1 0 1 0 0 1 0 1 0 0 0 1 0 1 1 1 1 1 1 0 1 0 31804.0 29076.0 5 0.21789356047845482
1 0 0 1 0 0 1 1 1 0 1 0 1 0 1 1 1 1 1 1 1 0 0 0 1 1 0 1 1 1 1 1 0 1 0 1 1 0 1 0 0 1 1 0 1 0 1 1 1 0 0 1 0 0 1 0 0 0 1 0 0 1 1 1 1 0 0 1 0 1 1 0 1 1 0 0 1 0 1 1 1 1 0 0 0 0 0 0 0 0 1 1 1 0 1 1 1 1 0 0 31823.0 28486.0 5 0.2274306202521239
0 0 1 1 0 0 1 1 1 0 1 0 1 0 1 1 1 1 1 1 1 0 0 0 1 1 0 1 1 1 1 1 0 1 0 1 1 0 1 0 0 1 1 0 1 0 1 1 1 0 0 1 0 0 1 0 0 0 1 0 0 1 1 1 1 0 0 1 0 1 1 0 1 1 1 0 0 0 1 1 1 0 0 0 0 0 0 0 0 0 1 1 1 1 1 1 1 0 0 1 32231.0 28377.0 5 0.16166728569718342
1 0 0 1 0 0 1 1 1 0 1 0 1 0 1 1 1 1 1 1 1 0 0 0 1 1 0 1 1 1 1 1 0 1 0 1 1 0 1 0 0 1 1 0 1 0 1 1 1 0 0 1 0 0 1 0 0 0 1 0 0 1 1 1 1 0 0 1 0 1 1 0 1 1 1 0 0 0 1 1 1 0 0 0 0 0 0 0 0 0 1 1 1 1 1 1 1 0 0 1 32306.0 28175.0 5 0.07024696644196335
1 0 1 1 0 0 1 1 1 0 1 0 1 0 1 1 1 1 1 1 1 0 0 0 1 1 0 1 1 1 1 1 0 1 0 1 1 0 1 0 0 1 1 0 1 0 1 1 1 0 0 1 0 0 1 0 0 0 1 0 0 1 1 1 1 0 0 1 0 1 1 0 1 1 0 0 1 0 1 0 1 1 0 0 1 0 0 0 0 1 0 0 1 1 0 1 0 0 1 0 32329.0 28126.0 5 0.06861688016021437
1 0 1 0 0 0 1 1 1 0 1 0 1 1 0 1 1 1 1 1 1 0 1 0 1 1 0 1 1 1 0 1 0 1 0 1 1 0 0 0 0 1 1 0 1 0 1 1 1 0 0 1 0 0 1 0 0 0 1 0 0 1 1 1 1 0 0 1 0 1 1 0 0 1 1 1 0 0 1 1 1 1 0 0 0 0 1 0 0 0 1 1 1 1 1 1 0 1 0 0 32567.0 28101.0 5 0.2125626999766741
0 0 1 1 0 0 1 1 1 0 1 0 1 0 1 1 1 1 1 1 0 0 0 0 1 1 0 1 1 1 1 1 0 1 0 1 1 0 1 0 0 1 1 0 1 0 1 1 1 0 0 1 0 0 1 0 0 0 1 0 0 1 1 1 1 0 0 1 0 1 1 1 1 1 0 0 1 0 1 1 1 1 0 0 0 0 0 0 0 1 0 0 1 1 0 1 0 0 1 0 32767.0 27513.0 5 0.38324142478202583
1 0 1 1 0 0 1 1 1 0 1 0 1 0 1 1 1 1 1 1 1 0 0 0 1 1 0 1 1 1 1 1 0 1 0 1 1 0 0 0 0 1 1 0 1 0 0 1 1 0 0 1 0 0 1 0 0 0 1 0 0 1 1 1 1 0 0 0 1 1 1 1 0 1 1 1 0 0 1 1 1 1 0 0 1 0 0 0 0 1 0 0 1 1 0 1 0 0 1 0 32794.0 26413.0 5 0.37978982577066495
1 0 0 1 0 0 1 1 1 0 1 0 1 0 1 1 1 1 1 1 1 0 0 0 1 1 0 1 1 1 1 1 0 1 0 1 1 0 1 0 0 1 1 0 1 0 1 1 1 0 0 1 0 0 1 0 0 0 1 1 0 1 1 1 1 0 0 1 1 1 1 1 0 0 0 1 0 0 0 1 1 1 0 0 1 0 0 0 0 0 0 0 1 1 0 1 0 0 1 0 32817.0 25659.0 5 2000000000000000.0
1 0 1 0 1 0 1 1 1 1 0 0 1 1 0 1 1 1 1 1 1 0 0 0 1 1 0 1 1 1 1 1 0 1 0 1 0 0 0 0 0 1 1 1 0 1 1 0 0 1 1 1 0 0 0 1 0 0 1 0 0 0 1 0 0 1 1 0 0 1 1 0 1 1 0 1 0 1 1 0 1 1 0 1 1 0 0 0 0 0 0 0 0 1 1 1 1 1 0 0 27898.0 30561.0 6 2000000000000000.0
1 0 1 1 0 1 1 1 1 1 0 0 0 1 1 0 1 1 1 1 1 0 0 0 1 1 1 1 1 1 0 1 0 1 0 1 1 0 0 0 0 1 1 0 1 0 1 1 1 0 0 1 0 0 1 0 0 0 1 0 0 1 1 1 1 0 0 1 0 1 1 0 1 1 1 0 0 0 1 1 1 1 0 0 0 0 0 0 0 0 1 1 1 1 0 1 1 0 0 1 32743.0 26694.0 6 2000000000000000.0
0 0 1 0 1 0 1 1 1 1 0 0 1 1 0 1 1 1 1 1 1 0 0 0 1 1 0 1 1 1 1 1 0 1 0 1 0 0 0 0 0 1 1 1 0 1 1 0 0 1 1 1 0 0 0 1 0 0 1 0 0 0 1 0 0 1 1 0 0 1 1 0 1 1 0 1 0 1 1 0 1 1 0 1 1 0 0 0 0 0 0 0 0 1 1 1 1 1 0 1 28178.0 30432.0 6 0.4418777285933666
0 0 1 1 0 0 1 1 1 0 1 0 1 0 1 1 1 1 1 1 1 0 0 0 1 1 0 1 1 1 1 1 0 1 0 1 1 0 1 0 0 1 1 0 1 0 1 0 0 1 1 1 0 0 0 1 0 0 0 0 0 0 1 0 0 1 1 0 0 1 0 0 1 1 0 1 1 1 1 0 1 1 0 1 1 0 0 0 0 0 0 0 0 1 1 1 1 1 0 0 28791.0 29565.0 6 0.3962606511715696
0 0 1 1 0 0 1 1 1 0 1 0 1 0 1 1 1 1 1 1 1 0 0 0 1 1 0 1 1 1 1 1 0 1 0 1 1 1 1 0 0 1 1 0 1 0 1 1 1 1 0 1 0 0 1 0 0 0 1 1 0 1 0 1 1 0 0 0 0 1 0 0 1 1 1 0 0 0 1 0 1 1 0 1 0 1 0 0 0 0 0 0 0 1 1 1 1 1 0 0 30862.0 29141.0 6 0.2679759911804278
1 0 1 1 0 0 1 1 1 0 1 0 1 0 1 1 1 1 0 1 1 0 0 1 1 1 0 1 1 1 1 1 0 1 0 1 1 0 0 0 0 1 1 0 0 1 1 0 1 1 1 1 0 0 1 0 0 0 1 0 0 1 1 1 1 1 0 1 0 1 0 0 1 1 0 1 0 0 1 1 1 0 0 1 0 1 0 0 0 0 0 0 0 1 1 1 1 0 0 1 31803.0 29019.0 6 0.2627880109620038
0 0 1 1 0 0 1 1 1 0 1 0 1 0 1 1 1 1 1 1 1 0 0 0 1 1 0 1 1 1 1 1 0 1 0 1 1 0 1 0 0 1 1 0 1 0 1 1 1 1 1 1 0 0 1 0 0 0 1 1 0 1 1 1 1 0 0 1 0 1 0 0 1 1 0 0 0 0 1 1 1 0 0 0 0 1 0 0 0 0 0 0 0 1 0 1 1 0 0 1 31979.0 28366.0 6 0.25739107042922715
1 0 1 1 0 1 1 1 1 1 0 0 0 1 1 0 1 1 1 1 1 0 1 0 1 1 1 1 1 1 0 1 0 1 0 1 1 0 0 0 0 1 1 0 0 1 1 1 1 1 1 1 0 0 1 0 0 0 1 0 0 1 1 1 1 0 0 0 0 1 0 0 1 1 1 0 0 0 1 0 1 0 0 1 0 1 0 0 0 1 0 0 0 1 0 1 1 1 0 0 30386.0 29363.0 6 0.22201753185043085
1 0 1 1 0 0 1 1 1 0 1 0 1 0 1 1 1 1 1 1 1 0 0 1 1 1 0 1 1 1 1 1 0 1 0 1 1 0 0 0 0 1 1 0 0 1 1 0 1 1 1 1 0 0 1 0 0 0 1 0 0 1 1 1 1 0 0 0 0 1 0 0 1 1 1 0 0 0 1 1 1 1 0 0 1 0 0 0 1 1 0 0 1 1 0 1 0 0 1 0 32479.0 27962.0 6 0.21078939762585347
1 0 0 1 0 0 1 1 1 0 1 0 1 0 1 1 1 1 1 1 1 0 0 0 1 1 1 1 1 1 0 1 0 1 0 1 1 0 0 0 0 1 1 0 1 0 1 1 1 0 0 1 0 0 1 0 0 0 1 0 0 1 1 1 1 0 0 1 0 1 1 0 1 1 1 0 0 0 1 1 1 1 0 0 0 0 0 0 0 0 1 1 1 1 1 1 0 1 0 0 32541.0 27377.0 6 0.1960025331434228
