1 0 1 1 1 0 1 1 1 1 0 1 1 1 0 1 1 1 1 1 0 0 1 0 1 1 0 1 0 1 1 1 0 1 0 1 1 0 0 0 0 1 1 1 1 1 1 1 1 1 1 1 1 0 0 0 0 0 1 0 0 1 1 1 1 0 0 1 0 1 0 0 1 1 1 0 1 1 1 1 1 0 0 1 0 1 0 0 0 0 0 0 1 1 1 1 1 0 0 0 32735.0 34166.0 0 2000000000000000.0
1 0 1 1 1 0 1 1 1 1 1 1 1 1 0 1 1 1 0 1 0 0 1 0 1 1 0 1 1 1 1 1 1 1 0 1 1 0 0 0 0 1 1 1 1 1 1 1 1 1 1 1 0 1 0 0 0 1 1 1 0 0 1 1 1 0 0 1 0 1 0 0 1 1 1 0 1 1 1 1 1 1 0 0 0 1 0 0 0 0 0 0 1 1 1 1 0 0 0 0 34748.0 33791.0 0 0.8292059152727276
1 0 1 1 0 0 1 1 1 1 1 0 1 1 0 1 1 1 1 1 1 0 1 0 1 1 0 1 1 1 1 1 1 1 0 1 1 0 0 0 0 1 1 1 1 1 1 1 1 1 1 1 0 1 0 0 0 1 1 1 0 0 1 1 1 0 0 1 0 1 0 0 1 1 1 0 1 1 1 1 1 1 0 0 0 1 0 0 0 0 0 0 1 1 1 1 0 0 0 0 35157.0 32967.0 0 0.4669210714587724
1 0 1 1 1 0 1 1 1 1 1 1 1 1 0 1 1 1 0 1 0 0 1 0 1 1 0 1 1 1 1 1 0 1 0 1 1 0 0 0 0 1 1 1 1 1 1 1 1 1 1 1 0 1 0 0 0 1 1 1 0 0 1 1 0 0 0 1 0 1 0 0 1 1 1 0 1 0 1 1 1 1 0 0 0 1 0 0 0 0 0 0 1 1 1 1 0 0 1 0 35197.0 32237.0 0 0.37960499383824864
1 0 1 1 0 0 1 1 1 1 1 1 1 1 0 1 1 1 1 1 1 0 1 0 1 1 0 1 1 1 1 1 0 1 0 1 1 0 0 0 0 1 1 1 1 1 1 1 1 1 1 1 0 1 0 0 0 1 1 1 0 0 1 1 1 0 0 1 0 1 0 0 1 1 1 0 1 0 1 1 1 1 0 0 0 1 0 0 0 0 0 0 1 1 0 1 0 0 1 0 35740.0 31913.0 0 0.4354958661700896
1 0 1 1 0 0 1 1 1 0 1 1 1 1 0 1 1 1 1 1 0 0 1 0 1 1 1 1 1 1 1 1 0 1 0 1 1 0 1 0 0 1 1 0 1 1 1 1 1 1 1 1 0 1 0 0 0 1 1 1 0 0 1 1 1 0 0 1 0 1 0 0 1 1 1 0 1 0 1 1 1 1 0 0 0 1 1 0 0 0 0 0 1 1 0 1 0 0 1 0 36374.0 31516.0 0 0.7911890908889769
1 0 1 1 0 0 1 1 1 0 1 0 1 1 0 1 1 1 1 1 1 0 1 0 1 1 1 1 1 1 1 1 0 1 0 1 1 0 1 0 0 1 1 0 1 0 1 1 1 1 1 1 0 0 0 0 0 0 1 1 1 1 1 1 0 0 0 1 0 1 0 0 1 1 1 0 1 0 1 1 1 1 0 0 0 1 0 0 0 0 0 0 1 1 1 1 0 0 1 0 37161.0 29914.0 0 2000000000000000.0
1 0 1 1 1 0 1 1 1 1 1 1 1 1 0 1 1 1 0 1 0 0 1 0 1 1 0 0 1 1 1 1 0 1 0 1 1 0 0 0 0 1 1 1 1 1 1 1 1 1 1 1 0 1 0 0 0 0 1 1 0 0 1 1 1 0 0 1 0 1 1 0 1 0 1 0 1 1 1 1 1 0 0 1 0 1 0 0 0 0 0 0 0 1 1 1 1 0 0 0 32569.0 33898.0 1 2000000000000000.0
1 0 1 1 0 0 1 1 1 1 1 0 1 1 0 1 1 1 1 1 1 0 1 0 1 1 1 1 1 1 1 1 0 1 0 1 1 0 0 0 0 1 1 1 1 1 1 1 1 1 1 1 0 0 0 0 0 0 1 0 0 0 1 1 1 0 0 0 0 1 0 0 1 1 1 0 1 1 1 1 1 0 1 1 0 1 0 0 0 0 0 0 0 1 1 1 1 0 0 0 32911.0 33655.0 1 0.46714688842559937
1 0 1 1 0 0 1 1 1 1 1 0 1 1 0 1 1 1 0 1 1 0 1 0 1 1 0 1 1 1 1 1 0 1 0 1 1 0 0 0 0 1 1 1 1 1 1 1 1 1 1 1 0 1 0 0 0 1 1 1 0 1 1 1 1 0 0 1 0 1 0 0 1 0 1 0 1 1 1 1 1 0 0 1 0 1 0 0 0 0 0 0 1 1 1 1 1 0 0 0 34186.0 33644.0 1 0.46567178447609425
1 0 1 1 1 0 1 1 1 1 1 1 1 1 0 1 1 1 0 1 0 0 1 0 1 1 0 0 1 1 1 1 0 1 0 1 1 0 0 0 0 1 1 1 1 1 1 1 1 1 1 1 0 1 0 0 0 0 1 1 0 0 1 1 1 0 0 1 0 1 1 0 1 1 1 0 1 1 1 1 1 1 0 0 0 1 0 0 0 0 0 0 1 1 1 1 0 0 0 0 34444.0 33314.0 1 0.15316398106448526
1 0 1 1 1 0 1 1 1 1 1 1 1 1 0 1 1 1 0 1 0 0 1 0 1 1 0 0 1 1 1 1 0 1 0 1 1 0 0 0 0 1 1 1 1 1 1 1 1 1 1 1 0 1 0 0 0 0 1 1 0 0 1 1 1 0 0 1 0 1 1 0 1 1 1 0 1 0 1 1 1 1 0 0 0 1 0 0 0 0 0 0 1 1 1 1 1 0 0 0 34481.0 33299.0 1 0.029554140127387798
1 0 1 1 1 0 1 1 1 1 1 1 1 1 0 1 1 1 0 1 0 0 1 0 1 1 0 1 1 1 1 1 0 1 0 1 1 0 0 0 0 1 1 1 1 1 1 1 1 1 1 1 0 1 0 0 0 1 1 1 0 0 1 1 1 0 0 1 0 1 0 0 1 1 1 0 1 1 1 1 1 1 0 0 0 1 0 0 0 0 0 0 1 1 0 1 0 0 0 0 34523.0 33272.0 1 0.24523824881076567
1 0 1 1 0 0 1 1 1 0 1 1 1 1 0 1 1 1 1 1 0 0 1 0 1 1 0 1 1 1 1 1 0 1 0 1 1 0 1 0 0 1 0 0 1 1 1 1 1 1 1 1 0 1 0 0 0 1 1 1 0 0 1 1 1 0 0 1 0 1 1 0 1 1 1 0 1 0 1 1 1 1 0 0 0 1 1 0 0 0 0 0 1 1 1 1 1 0 0 0 34827.0 32606.0 1 0.29098743391575066
1 0 1 1 0 0 1 1 1 1 1 0 1 1 0 1 1 1 1 1 1 0 1 0 1 1 0 1 1 1 1 1 0 1 0 1 1 0 0 0 0 1 1 1 1 1 1 1 1 1 1 1 0 1 0 0 0 1 1 1 0 0 1 1 1 0 0 1 0 1 0 0 1 1 1 0 1 1 1 1 1 1 0 0 0 1 0 0 0 0 0 0 1 1 0 1 0 0 0 0 34932.0 32448.0 1 0.10891904032434283
0 0 1 1 0 0 1 1 1 1 1 0 1 1 0 1 1 1 1 1 1 0 1 0 1 1 0 1 1 1 1 1 0 1 0 1 1 0 0 0 0 1 1 1 1 1 1 1 1 1 1 1 0 1 0 0 0 1 1 1 0 1 1 1 1 0 0 1 0 1 0 0 1 1 1 0 1 1 1 1 1 1 0 0 0 1 0 0 0 0 0 0 1 1 0 1 0 0 0 0 35029.0 32352.0 1 0.17707121548933588
1 0 1 1 0 0 1 1 1 0 0 0 1 1 0 1 0 1 1 1 1 0 1 0 1 1 1 1 1 1 1 1 0 1 0 1 1 0 0 0 0 1 1 1 1 1 1 1 1 1 1 1 0 0 0 0 0 0 1 1 0 1 1 1 0 0 0 1 0 1 0 0 1 1 1 0 1 1 1 1 1 1 0 0 0 1 0 0 0 0 1 0 1 1 0 1 1 0 0 0 35157.0 31920.0 1 0.18174554543255228
1 0 1 1 0 0 1 1 1 0 1 0 1 1 0 1 1 1 1 1 1 0 1 0 1 1 0 1 1 1 1 1 0 1 0 1 1 0 0 0 0 1 1 0 1 1 1 1 1 1 1 1 0 1 0 0 0 1 1 1 0 0 1 1 0 0 0 1 0 1 1 0 1 1 1 0 1 0 1 1 1 1 0 0 0 1 1 0 0 0 0 0 1 1 1 1 1 0 0 0 35250.0 31799.0 1 0.19164890982595892
1 0 1 1 0 0 1 1 1 0 1 1 1 1 0 1 1 1 1 1 0 0 1 0 1 1 0 1 1 1 1 1 0 1 0 1 1 0 1 0 0 1 1 0 1 1 1 1 1 1 1 1 0 1 0 0 0 1 1 1 0 0 1 1 1 0 0 1 0 1 1 0 1 1 1 0 1 0 1 1 1 1 0 0 0 1 1 0 0 0 0 0 1 1 0 1 0 0 1 0 35737.0 31723.0 1 0.24805646099445375
1 0 1 1 0 0 1 1 1 1 1 0 1 1 0 1 1 1 1 1 1 0 1 0 1 1 1 1 1 1 1 1 0 1 0 1 1 0 0 0 0 1 1 0 1 1 1 1 1 1 1 1 0 0 0 0 0 1 1 1 0 1 1 1 1 0 0 1 0 1 0 0 1 1 1 0 1 1 1 1 1 1 0 0 0 1 0 0 0 0 0 0 1 1 0 1 0 0 0 0 35812.0 31334.0 1 0.14087617051173917
1 0 1 1 0 0 1 1 1 1 1 1 1 1 0 1 1 1 1 1 1 0 1 0 1 1 0 1 1 1 1 1 0 1 0 1 1 0 0 0 0 1 1 1 1 1 1 1 1 1 1 1 0 0 0 0 0 0 1 1 0 1 1 1 0 0 0 1 0 1 0 0 1 1 1 0 1 0 1 1 1 1 0 0 0 1 0 0 0 0 0 1 1 1 0 1 0 0 1 0 35899.0 31284.0 1 0.13200838506812543
1 0 1 1 0 0 1 1 1 0 1 0 1 1 0 1 1 1 1 1 1 0 1 0 1 1 0 1 1 1 1 1 0 1 0 1 1 0 1 0 0 1 1 0 1 1 1 1 1 1 1 1 0 1 0 0 0 1 1 1 0 0 1 1 0 0 0 1 0 1 1 0 1 1 1 0 1 0 1 1 1 1 0 0 0 1 1 0 0 0 0 0 1 1 0 1 0 0 1 0 36107.0 31082.0 1 0.20533050759608343
1 0 1 1 0 0 1 1 1 0 1 1 1 1 0 1 1 1 1 1 0 0 1 0 1 1 1 1 1 1 1 1 0 1 0 1 1 0 0 0 0 1 1 0 1 1 1 1 1 1 1 1 0 1 0 0 0 1 1 1 0 0 1 1 0 0 0 1 0 1 1 0 1 1 1 0 1 0 1 1 1 1 0 0 0 1 1 0 0 0 0 1 1 1 0 1 0 0 1 0 36374.0 30910.0 1 0.4069946211170012
1 0 1 1 0 0 1 1 1 0 1 0 1 1 0 1 1 1 1 1 1 0 1 0 1 1 1 1 1 1 1 1 0 1 0 1 1 0 1 0 0 1 1 0 1 0 1 1 1 1 1 1 0 0 0 0 0 0 1 1 0 1 1 1 0 0 0 1 0 1 0 0 1 1 1 0 1 0 1 1 1 1 0 0 0 1 0 0 0 0 0 1 1 1 0 1 0 0 1 0 36498.0 29728.0 1 0.35700003455384377
1 0 1 1 0 0 1 1 1 1 0 0 1 1 0 1 1 1 1 1 1 0 1 0 1 1 1 1 1 1 1 1 0 1 0 1 1 0 1 0 0 1 1 0 1 0 1 1 1 1 1 1 0 0 0 0 0 0 1 1 0 1 1 1 0 0 0 1 0 1 0 0 1 1 1 0 1 0 1 1 1 1 0 0 0 1 0 0 0 0 0 1 1 1 0 1 0 0 1 0 36519.0 29502.0 1 2000000000000000.0
1 0 1 1 1 0 1 1 1 1 0 1 1 1 0 1 1 1 1 1 0 0 1 0 1 1 0 1 1 1 1 1 0 1 0 1 1 0 0 0 0 1 1 1 1 1 1 1 1 1 1 1 0 0 0 0 0 0 1 1 0 0 1 1 1 0 0 1 0 1 1 0 1 0 1 0 1 1 1 1 1 0 0 1 0 1 0 0 0 0 0 0 0 1 1 1 1 0 0 0 32507.0 33898.0 2 2000000000000000.0
0 0 1 1 1 0 1 1 1 1 0 1 1 1 0 1 1 1 1 1 0 0 1 0 1 1 0 1 1 1 1 1 0 1 0 1 1 0 0 0 0 1 1 1 1 1 1 1 1 1 1 1 0 0 0 0 0 0 1 1 0 0 1 1 1 0 0 1 0 1 1 0 1 0 1 0 1 1 1 1 1 0 0 1 0 1 0 0 0 0 0 0 1 1 0 1 1 0 0 0 32838.0 33577.0 2 0.39873422128194824
1 0 1 1 0 0 1 1 1 0 1 1 1 1 0 1 1 1 1 1 0 0 1 0 1 1 0 1 1 1 1 1 0 1 0 1 1 0 1 0 0 1 1 0 1 1 1 1 1 1 1 1 0 1 0 0 0 0 1 1 0 0 1 1 1 0 0 1 0 1 1 0 1 0 1 0 1 1 1 1 1 0 0 1 0 1 0 0 0 0 0 0 1 1 1 1 1 0 0 0 33671.0 33512.0 2 0.39675557970090014
1 0 1 0 1 0 1 1 1 1 0 1 1 1 0 1 1 1 0 1 0 0 1 0 1 1 0 1 1 1 1 1 0 1 0 1 1 0 0 0 0 1 1 1 1 1 1 1 1 1 1 1 0 0 0 0 0 1 1 1 0 1 1 1 1 0 0 1 0 1 0 0 1 1 1 0 1 1 1 1 1 1 0 0 0 1 0 0 0 0 0 0 1 1 1 1 1 0 0 0 34113.0 33318.0 2 0.20598651501083612
0 0 1 1 1 0 1 1 1 1 1 1 1 1 0 1 1 1 0 1 0 0 1 0 1 1 0 0 1 1 1 1 0 1 0 1 1 0 0 0 0 1 1 1 1 1 1 1 1 1 1 1 0 1 0 0 0 0 1 1 0 0 1 1 1 0 0 1 0 1 1 0 1 1 1 0 1 1 1 1 1 1 0 0 0 1 0 0 0 0 0 0 1 1 1 1 0 0 0 0 34128.0 33158.0 2 0.1727636562582895
0 0 1 1 0 0 1 1 1 1 1 0 1 1 0 1 1 1 1 1 1 0 1 0 1 1 0 1 1 1 1 1 0 1 0 1 1 0 0 0 0 1 1 0 1 1 1 1 1 1 1 1 0 1 0 0 0 1 1 1 0 0 1 1 0 0 0 1 0 1 1 0 1 1 1 0 1 1 1 1 1 0 0 1 0 1 0 0 0 0 0 0 1 1 1 1 1 0 0 0 34485.0 33009.0 2 0.3704762351898014
1 0 1 1 0 0 1 1 1 0 1 0 1 1 0 1 1 1 1 1 1 0 1 0 1 1 0 1 1 1 1 1 0 1 0 1 1 0 0 0 0 1 1 1 1 1 1 1 1 1 1 1 0 0 0 0 0 0 1 1 0 1 1 1 0 0 0 1 0 1 0 0 1 1 1 0 1 1 1 1 1 1 0 0 0 1 0 0 0 0 1 0 1 1 0 1 1 0 0 0 34790.0 32350.0 2 0.3386529127570108
1 0 1 1 0 0 1 1 1 1 1 0 1 1 0 1 1 1 1 1 1 0 1 0 1 1 0 1 1 1 1 1 0 1 0 1 1 0 0 0 0 1 1 1 1 1 1 1 1 1 1 1 0 0 0 0 0 1 1 1 0 1 1 1 1 0 0 1 0 1 0 0 1 1 1 0 1 0 1 1 1 1 0 0 0 1 0 0 0 0 0 0 1 1 0 1 1 0 0 0 35002.0 32176.0 2 0.15752857599574435
1 0 1 1 0 0 1 1 1 0 1 0 1 1 0 1 1 1 1 1 1 0 1 0 1 1 0 1 1 1 1 1 0 1 0 1 1 0 0 0 0 1 1 0 1 1 1 1 1 1 1 1 0 1 0 0 0 0 1 1 0 0 1 1 1 1 0 1 0 1 1 0 1 0 1 0 1 1 1 1 1 0 0 1 0 1 1 0 0 0 0 0 1 1 0 1 0 0 1 0 35016.0 31947.0 2 0.16053326741267743
1 0 1 1 0 0 1 1 1 1 1 1 1 1 0 1 1 1 1 1 1 0 1 0 1 1 0 1 1 1 1 1 0 1 0 1 1 0 0 0 0 1 1 1 1 1 1 1 1 1 1 1 0 0 0 0 0 0 1 1 0 1 1 1 0 0 0 1 0 1 0 0 1 1 1 0 1 0 1 1 1 1 0 0 0 1 0 0 0 0 0 1 1 1 1 1 0 0 0 0 35162.0 31690.0 2 0.14467475152800444
1 0 1 0 1 0 1 1 1 0 0 1 1 1 0 1 1 1 1 1 0 0 1 0 1 1 0 1 1 1 1 1 0 1 0 1 1 0 1 0 0 1 1 0 1 1 1 1 1 1 1 1 0 1 0 0 0 1 1 1 0 0 1 1 1 0 0 1 0 1 1 0 1 1 1 0 1 0 1 1 1 1 0 0 0 1 1 0 0 0 0 0 1 1 0 1 0 0 1 0 35219.0 31572.0 2 0.19420798923806526
0 0 1 1 0 0 1 1 1 1 1 0 1 1 0 1 1 1 1 1 1 0 1 0 1 1 0 1 1 1 1 1 0 1 0 1 1 0 0 0 0 1 1 1 1 1 1 1 1 1 1 1 0 1 0 0 0 1 1 1 0 1 1 1 1 0 0 1 0 1 0 0 1 1 1 0 1 0 1 1 1 1 0 0 0 1 0 0 0 0 0 0 1 1 0 1 0 0 1 0 35686.0 31456.0 2 0.2953851391727329
1 0 1 1 0 0 1 1 1 0 1 0 1 1 0 1 1 1 1 1 1 0 1 0 1 1 0 1 1 1 1 1 0 1 0 1 1 1 0 0 0 1 1 0 1 1 1 1 1 1 1 1 0 1 0 0 0 1 1 1 0 0 1 1 1 0 0 1 0 1 1 0 1 1 1 0 1 0 1 1 1 1 0 0 0 1 1 0 0 0 0 0 1 1 0 1 0 0 1 0 35874.0 31064.0 2 0.18119479265175897
0 0 1 1 0 0 1 1 1 1 1 0 1 1 0 1 1 1 1 1 1 0 1 0 1 1 0 1 1 1 1 1 0 1 0 1 1 0 0 0 0 1 1 0 1 1 1 1 1 1 1 1 0 1 0 0 0 1 1 1 0 0 1 1 1 0 0 1 0 1 1 0 1 1 1 0 1 0 1 1 1 1 0 0 0 1 1 0 0 0 0 0 1 1 0 1 0 0 1 0 35967.0 31015.0 2 0.1063922272397265
1 0 1 1 0 0 1 1 1 0 1 0 1 1 0 1 1 1 1 1 1 0 1 0 1 1 0 1 1 1 1 1 0 1 0 1 1 0 0 0 0 1 1 0 1 1 1 1 1 1 1 1 0 1 0 0 0 1 1 1 0 0 1 1 0 0 0 1 0 1 1 0 1 1 1 0 1 0 1 1 1 1 0 0 0 1 1 0 0 0 0 1 1 1 0 1 0 0 1 0 36010.0 30774.0 2 0.11017589380131605
0 0 1 1 0 0 1 1 1 1 1 0 1 1 0 1 1 1 1 1 1 0 1 0 1 1 0 1 1 1 1 1 0 1 0 1 1 0 0 0 0 1 1 0 1 1 1 1 1 1 1 1 0 1 0 0 0 1 1 1 0 0 1 1 0 0 0 1 0 1 1 0 1 1 1 0 1 0 1 1 1 1 0 0 0 1 1 0 0 0 0 1 1 1 0 1 0 0 1 0 36124.0 30732.0 2 0.10096003336913353
0 0 1 0 0 0 1 1 1 1 1 0 1 1 0 1 1 1 1 1 1 0 1 0 1 1 1 1 1 1 1 1 0 1 0 1 1 0 1 0 0 1 1 0 1 1 1 1 1 1 1 1 0 1 0 0 0 0 1 1 0 0 1 1 1 0 0 1 0 1 1 0 1 1 1 0 1 0 1 1 1 1 0 0 0 1 0 0 0 0 0 0 1 1 0 1 0 0 1 0 36255.0 30623.0 2 0.2807464108536494
1 0 1 1 0 0 1 1 1 0 0 0 1 1 0 1 0 1 1 1 1 0 1 0 1 1 1 1 1 1 1 1 0 1 0 1 1 0 1 0 0 1 1 0 1 0 1 1 1 1 1 1 0 0 0 0 0 1 1 1 0 0 1 1 0 0 0 1 0 1 1 0 1 1 1 0 1 0 1 1 1 1 0 0 0 1 1 0 0 0 0 1 1 1 0 1 0 0 1 0 36330.0 29803.0 2 2000000000000000.0
1 0 1 0 1 0 1 1 1 1 0 1 1 1 0 1 1 1 1 1 0 0 1 0 0 1 0 1 1 1 1 1 0 1 0 1 1 0 0 0 0 1 1 1 1 1 1 1 1 1 1 1 0 1 0 0 0 1 1 1 0 0 1 1 1 0 0 1 0 1 0 0 1 1 1 0 1 1 1 1 1 0 0 1 0 1 0 0 0 0 0 0 0 1 1 1 1 0 0 0 32504.0 33796.0 3 2000000000000000.0
1 0 1 1 1 0 1 1 1 1 0 1 1 1 0 1 1 1 1 1 0 0 1 0 1 1 0 1 0 1 1 1 0 1 0 1 1 0 0 0 0 1 1 1 1 1 1 1 1 1 1 1 0 0 0 0 0 0 1 1 0 0 1 1 1 0 0 1 0 1 1 0 1 0 1 0 1 1 1 1 1 0 0 1 0 1 0 0 0 0 0 0 1 1 1 1 1 0 0 0 32670.0 33574.0 3 0.2956186024797116
1 0 1 1 0 0 1 1 1 0 1 1 1 1 0 1 1 1 1 1 0 0 1 0 1 1 0 1 1 1 1 1 0 1 0 1 1 0 1 0 0 1 1 0 1 1 1 1 1 1 1 1 0 0 0 0 0 1 1 1 0 1 1 1 1 0 0 1 0 1 0 0 1 1 1 0 1 1 1 1 1 0 0 1 0 1 0 0 0 0 0 0 0 1 1 1 1 0 0 0 33377.0 33507.0 3 0.43479081260321384
1 0 1 1 0 0 1 1 1 1 1 0 1 1 0 1 1 1 0 1 1 0 1 0 1 1 0 1 1 1 1 1 0 1 0 1 1 0 0 0 0 1 1 1 1 1 1 1 1 1 1 1 0 1 0 0 0 1 1 1 0 1 1 1 1 0 0 1 0 1 0 0 1 0 1 0 1 1 1 1 1 0 0 1 0 1 0 0 0 0 0 0 1 1 0 1 1 0 0 0 34019.0 33228.0 3 0.2914106842975988
1 0 1 1 0 0 1 1 1 0 1 0 1 1 0 1 1 1 0 1 0 0 1 0 1 1 0 1 1 1 1 1 0 1 0 1 1 0 0 0 0 1 1 1 1 1 1 1 1 1 1 1 0 0 0 0 0 1 1 1 0 1 1 1 1 0 0 1 0 1 0 0 1 1 1 0 1 1 1 1 1 1 0 0 0 1 0 0 0 0 0 0 1 1 1 1 1 0 0 0 34050.0 32994.0 3 0.07134335597553401
1 0 1 1 0 0 1 1 1 0 1 0 1 1 0 1 1 1 1 1 1 0 1 0 1 1 0 1 1 1 1 1 0 1 0 1 1 0 0 0 0 1 1 0 1 1 1 1 1 1 1 1 0 1 0 0 0 0 1 1 0 0 1 1 1 1 0 1 0 1 1 0 1 0 1 0 1 1 1 1 1 0 0 1 0 1 0 0 0 0 0 0 1 1 1 1 1 0 0 0 34079.0 32975.0 3 0.06472936518353006
1 0 1 1 1 0 1 1 1 1 0 1 1 1 0 1 1 1 1 1 0 0 1 0 0 1 0 1 1 1 1 1 0 1 0 1 1 0 0 0 0 1 1 1 1 1 1 1 1 1 1 1 0 1 0 0 0 1 1 1 0 0 1 1 1 0 0 1 0 1 0 0 1 1 1 0 1 1 1 1 1 1 0 0 0 1 0 0 0 0 1 0 1 1 0 1 0 0 0 0 34146.0 32815.0 3 0.12757509393860106
1 0 1 1 0 0 1 1 1 0 1 1 1 1 0 1 1 1 1 1 0 0 1 0 1 1 1 1 1 1 1 1 0 1 0 1 1 0 0 0 0 1 1 1 1 1 1 1 1 1 1 1 0 0 0 0 0 0 1 0 0 1 1 1 1 0 0 1 0 1 1 0 1 1 1 0 1 1 1 1 1 1 0 0 0 1 0 0 0 0 0 0 1 1 1 1 0 0 0 0 34407.0 32791.0 3 0.09710537848864104
1 0 1 1 0 0 1 1 1 1 1 0 1 1 0 1 1 1 1 1 1 0 1 0 1 1 0 1 1 1 1 1 0 1 0 1 1 0 0 0 0 1 1 1 1 1 1 1 1 1 1 1 0 0 0 0 0 0 1 0 0 1 1 1 1 0 0 1 0 1 1 0 1 1 1 0 1 1 1 1 1 1 0 0 0 1 0 0 0 0 0 0 1 1 1 1 0 0 0 0 34473.0 32769.0 3 0.13462396275183502
0 0 1 1 0 0 1 1 1 1 1 0 1 1 0 1 1 1 1 1 1 0 1 0 1 1 0 0 1 1 1 1 0 1 0 1 1 0 0 0 0 1 1 1 1 1 1 1 1 1 1 1 0 1 0 0 0 0 1 1 0 0 1 1 1 0 0 1 0 1 1 0 1 1 1 0 1 1 1 1 1 1 0 0 0 1 0 0 0 0 0 0 1 1 1 1 0 0 0 0 34537.0 32334.0 3 0.14246149581843912
0 0 1 1 0 0 1 1 1 1 1 0 1 1 0 1 1 1 1 1 1 0 1 0 1 1 0 1 1 1 1 1 0 1 0 1 1 0 0 0 0 1 1 1 1 1 1 1 1 1 1 1 0 1 0 0 0 1 1 1 0 0 1 1 1 0 0 1 0 1 0 0 1 1 1 0 1 1 1 1 1 1 0 0 0 1 0 0 0 0 0 0 1 1 0 1 0 0 0 0 34616.0 32292.0 3 0.06860755669448948
0 0 1 1 0 0 1 1 1 1 1 0 1 1 0 1 1 1 1 1 1 0 1 0 1 1 0 1 1 1 1 1 0 1 0 1 1 0 0 0 0 1 1 1 1 1 1 1 1 1 1 1 0 0 0 0 0 0 1 1 0 1 1 1 0 0 0 1 0 1 0 0 1 1 1 0 1 1 1 1 1 1 0 0 0 1 0 0 0 0 0 0 1 1 0 1 1 0 0 0 34752.0 32282.0 3 0.09474229850831073
1 0 1 1 0 0 1 1 1 0 1 0 1 1 0 1 1 1 1 1 1 0 1 0 1 1 0 1 1 1 1 1 0 1 0 1 1 0 0 0 0 1 1 0 1 1 1 1 1 1 1 1 0 0 0 0 0 1 1 1 0 1 1 1 1 0 0 1 0 1 0 0 1 1 1 0 1 1 1 1 1 1 0 0 0 1 0 0 0 0 0 0 1 1 0 1 1 0 0 0 34782.0 32061.0 3 0.10972546293245701
1 0 1 1 1 0 1 1 1 1 1 1 1 1 0 1 1 1 0 1 0 0 1 0 1 1 0 0 1 1 1 1 0 1 0 1 1 0 0 0 0 1 1 1 1 1 1 1 1 1 1 1 0 1 0 0 0 0 1 1 0 0 1 1 1 0 0 1 0 1 1 0 1 1 1 0 1 0 1 1 1 1 0 0 0 1 0 0 0 0 0 0 1 1 0 1 0 0 1 0 34934.0 32002.0 3 0.095002118464732
1 0 1 1 0 0 1 1 1 0 1 0 1 1 0 1 1 1 1 1 1 0 1 0 1 1 0 1 1 1 1 1 0 1 0 1 1 0 0 0 0 1 1 0 1 1 1 1 1 1 1 1 0 0 0 0 0 1 1 1 0 1 1 1 1 0 0 1 0 1 0 0 1 1 1 0 1 1 1 1 1 1 0 0 0 1 0 0 0 0 0 1 1 1 1 1 0 0 0 0 34972.0 31858.0 3 0.24738675592821435
1 0 1 1 1 0 1 1 1 1 1 1 1 1 0 1 1 1 0 1 0 0 1 0 1 1 0 0 1 1 1 1 0 1 0 1 1 0 0 0 0 1 1 0 1 1 1 1 1 1 1 1 0 1 0 0 0 1 1 1 0 0 1 1 1 0 0 1 0 1 1 0 1 1 1 0 1 0 1 1 1 1 0 0 0 1 1 0 0 0 0 0 1 1 0 1 0 0 1 0 35412.0 31453.0 3 0.22015908088515102
1 0 1 1 0 0 1 1 1 1 1 0 1 1 0 1 1 1 1 1 1 0 1 0 1 1 0 1 1 1 1 1 0 1 0 1 1 0 0 0 0 1 1 1 1 1 1 1 1 1 1 1 0 0 0 0 0 0 1 1 0 0 1 1 1 0 0 1 0 1 1 0 1 1 1 0 1 0 1 1 1 1 0 0 0 1 0 0 0 0 0 0 1 1 0 1 0 0 1 0 35425.0 31403.0 3 0.07294957925769716
1 0 1 1 0 0 1 1 1 0 0 0 1 1 0 1 0 1 1 1 1 0 1 0 1 1 1 1 1 1 1 1 0 1 0 1 1 0 0 0 0 1 1 0 1 1 1 1 1 1 1 1 0 1 0 0 0 1 1 1 0 0 1 1 0 0 0 1 0 1 1 0 1 1 1 0 1 0 1 1 1 1 0 0 0 1 1 0 0 0 0 0 1 1 1 1 1 0 0 0 35617.0 31369.0 3 0.12615173497105814
1 0 1 1 1 0 1 1 1 0 0 0 1 1 0 1 0 1 1 1 1 0 0 0 1 1 1 1 1 1 1 1 0 1 0 1 1 0 1 0 0 1 1 0 1 0 1 1 1 1 1 1 0 0 0 0 0 0 1 1 0 1 1 1 0 0 0 1 0 1 0 0 1 1 1 0 1 1 1 1 1 1 0 0 0 1 0 0 0 0 0 0 1 1 1 1 1 0 0 0 35635.0 31082.0 3 0.13110235374160512
1 0 1 1 0 0 1 1 1 0 1 0 1 1 0 1 1 1 1 1 1 0 1 0 1 1 0 1 1 1 1 1 0 1 0 1 1 0 0 0 0 1 1 0 1 1 1 1 1 1 1 1 0 1 0 0 0 1 1 1 0 0 1 1 1 0 0 1 0 1 1 0 1 1 1 0 1 0 1 1 1 1 0 0 0 1 1 0 0 0 0 0 1 1 0 1 0 0 1 0 35853.0 31057.0 3 0.11855002055548396
1 0 1 1 0 0 1 1 1 1 0 0 1 1 0 1 1 1 1 1 1 0 1 0 1 1 0 1 1 1 1 1 0 1 0 1 1 0 0 0 0 1 1 0 1 1 1 1 1 1 1 1 0 1 0 0 0 1 1 1 0 0 1 1 1 0 0 1 0 1 1 0 1 1 1 0 1 0 1 1 1 1 0 0 0 1 1 0 0 0 0 0 1 1 0 1 0 0 1 0 35874.0 30831.0 3 0.14229983654062078
0 0 1 0 0 0 1 1 1 1 1 0 1 1 0 1 1 1 1 1 0 0 1 0 1 1 1 1 1 1 1 1 0 1 0 1 1 0 1 0 0 1 1 0 1 1 1 1 1 1 1 1 0 1 0 0 0 1 1 1 0 0 1 1 1 0 0 1 0 1 1 0 1 1 1 0 1 0 1 1 1 1 0 0 0 1 1 0 0 0 0 0 1 1 0 1 0 0 1 0 36099.0 30706.0 3 0.21955188281210647
1 0 1 1 1 0 1 1 1 0 0 0 1 1 0 1 0 1 1 1 1 0 1 0 1 1 1 1 1 1 1 1 0 1 0 1 1 0 1 0 0 1 1 0 1 0 1 1 1 1 1 1 0 0 0 0 0 0 1 1 0 1 1 1 0 0 0 1 0 1 0 0 1 1 1 0 1 0 1 1 1 1 0 0 0 1 0 0 0 0 0 0 1 1 1 1 0 0 1 0 36217.0 30245.0 3 0.22767743154340744
0 0 1 1 0 0 1 1 1 1 1 1 1 1 0 1 0 1 0 1 1 0 1 0 1 1 1 1 1 1 1 1 0 1 0 1 1 0 1 0 0 1 1 0 1 0 1 1 1 1 0 1 0 0 1 0 0 1 1 1 0 1 1 1 1 0 0 1 0 1 0 0 1 1 1 0 1 0 1 1 1 1 0 0 0 1 0 0 0 0 0 0 1 1 0 1 0 0 1 0 36239.0 29836.0 3 0.23451733753518764
1 0 1 1 0 0 1 1 1 0 0 0 1 1 0 1 0 1 1 1 1 0 1 0 1 1 1 1 1 1 1 1 0 1 0 1 1 0 1 0 0 1 1 0 1 0 1 1 1 1 0 1 0 0 1 0 0 1 1 1 0 1 1 1 1 0 0 1 0 1 0 0 1 1 1 1 1 0 1 1 1 0 0 0 0 1 0 0 0 0 1 0 1 1 0 1 0 0 1 0 36261.0 29227.0 3 2000000000000000.0
1 0 1 1 1 0 1 1 1 1 0 1 1 1 0 1 1 1 1 1 0 0 1 0 1 1 0 1 0 1 1 1 0 1 0 1 1 0 0 0 0 1 1 1 1 1 1 1 1 1 1 1 1 0 0 0 0 0 1 0 0 1 1 1 1 0 0 1 0 1 0 0 1 1 1 0 1 1 1 0 1 0 0 1 0 1 0 0 0 0 0 0 0 1 1 1 1 0 0 0 31206.0 33764.0 4 2000000000000000.0
1 0 1 1 0 0 1 1 1 0 1 1 1 1 0 1 1 1 1 1 0 0 1 0 1 1 1 1 1 1 1 1 0 1 0 1 1 0 0 0 0 1 1 1 1 1 1 1 1 1 1 1 1 0 0 0 0 0 1 0 0 1 1 1 1 0 0 1 0 1 0 0 1 1 1 0 1 1 1 0 1 0 0 1 0 1 0 0 0 0 0 0 0 1 1 1 1 0 0 0 32344.0 33762.0 4 0.28024420981544107
1 0 1 1 0 0 1 1 1 1 1 1 1 1 0 1 1 1 1 1 1 0 1 0 1 0 0 1 1 1 1 1 0 1 0 1 1 0 0 0 0 1 1 1 1 1 1 1 1 1 1 1 0 0 0 0 0 0 1 1 0 0 1 1 1 0 0 1 0 1 1 0 1 0 1 0 1 1 1 1 1 0 0 1 0 1 0 0 0 0 0 0 0 1 1 1 1 0 0 0 32366.0 33544.0 4 0.07610999134518782
1 0 1 1 0 0 1 1 1 0 1 0 1 1 0 1 1 1 1 1 1 0 1 0 1 1 1 1 1 1 1 1 0 1 0 1 1 0 0 0 0 1 1 1 1 1 1 1 1 1 1 1 0 0 0 0 0 0 1 0 0 0 1 1 1 0 0 0 0 1 0 0 1 1 1 0 1 1 1 1 1 0 1 1 0 1 0 0 0 0 0 0 0 1 1 1 1 0 0 0 32481.0 33541.0 4 0.055774094465555035
1 0 1 1 0 0 1 1 1 0 1 0 1 1 0 1 1 1 0 1 1 0 1 0 1 1 0 1 1 1 1 1 0 1 0 1 1 0 0 1 0 1 1 1 1 1 1 1 1 1 1 1 0 1 0 0 0 0 1 0 0 1 1 1 1 0 0 1 0 1 1 0 1 0 1 0 1 1 1 1 1 0 0 1 0 1 0 0 0 0 0 0 0 1 1 1 1 0 0 0 32590.0 33494.0 4 0.1735160859460892
0 0 1 1 0 0 1 1 1 1 1 0 1 1 0 1 1 1 1 1 1 0 1 0 1 0 0 1 1 1 1 1 0 1 0 1 1 0 0 0 0 1 1 1 1 1 1 1 1 1 1 1 0 1 0 0 0 1 1 1 0 1 1 1 1 0 0 1 0 1 0 0 1 0 1 0 1 1 1 1 1 0 0 1 0 1 0 0 0 0 0 0 1 1 1 1 1 0 0 0 33290.0 33487.0 4 0.17848868080843422
1 0 1 1 0 0 1 1 1 1 1 0 1 1 0 1 1 1 0 1 1 0 1 0 1 1 0 1 1 1 1 1 0 1 0 1 1 0 0 0 0 1 1 1 1 1 1 1 1 1 1 1 0 1 0 0 0 1 1 1 0 1 1 1 1 0 0 1 0 1 0 0 1 0 1 0 1 1 1 1 1 0 0 1 0 1 0 0 0 0 0 0 0 1 1 1 1 0 0 0 33372.0 33393.0 4 0.1681894386638953
0 0 1 1 0 0 1 1 1 1 1 0 1 1 0 1 1 1 1 1 1 0 1 0 1 1 0 1 1 1 1 1 0 1 0 1 1 0 0 0 0 1 1 1 1 1 1 1 1 1 1 1 0 1 0 0 0 1 1 1 0 1 1 1 1 0 0 1 0 1 0 0 1 1 1 0 1 1 1 1 1 0 0 1 0 1 0 0 0 0 0 0 0 1 1 1 0 0 0 0 33740.0 33132.0 4 0.23935961451462848
1 0 1 1 0 0 1 1 1 0 1 1 1 1 0 1 1 1 0 1 0 0 1 0 1 1 0 1 1 1 1 1 1 1 0 1 1 0 0 0 0 1 1 1 1 1 1 1 1 1 1 1 0 1 0 0 0 1 1 1 0 0 1 1 1 0 0 1 0 1 0 0 1 1 1 0 1 1 1 1 1 1 0 0 0 1 0 0 0 0 0 0 1 1 1 1 0 0 0 0 33942.0 32824.0 4 0.18259614708489694
1 0 1 1 0 0 1 1 1 0 1 0 1 1 0 1 1 1 1 1 1 0 0 0 1 1 0 1 1 1 1 1 1 1 0 1 1 0 0 0 0 1 1 1 1 1 1 1 1 1 1 1 0 0 0 0 0 0 1 0 0 1 1 1 1 0 0 1 0 1 1 0 1 1 1 0 1 1 1 1 1 1 0 0 0 1 0 0 0 0 0 0 1 1 1 1 1 0 0 0 34176.0 32699.0 4 0.11739481215395273
1 0 1 1 0 0 1 1 1 1 1 1 1 1 0 1 1 1 1 1 1 0 1 0 1 0 0 1 1 1 1 1 0 1 0 1 1 0 0 0 0 1 1 1 1 1 1 1 1 1 1 1 0 0 0 0 0 0 1 1 0 1 1 1 0 0 0 1 0 1 0 0 1 1 1 0 1 1 1 1 1 1 0 0 0 1 0 0 0 0 0 0 1 1 0 1 1 0 0 0 34374.0 32683.0 4 0.10502042454215721
1 0 1 1 0 0 1 1 1 1 0 0 1 1 0 1 1 1 0 1 1 0 1 0 1 1 0 1 1 1 1 1 0 1 0 1 1 0 0 0 0 1 1 1 1 1 1 1 1 1 1 1 0 1 0 0 0 1 1 1 0 1 1 1 1 0 0 1 0 1 0 0 1 0 1 0 1 1 1 1 1 0 0 1 0 1 0 0 0 0 0 0 1 1 1 1 0 0 1 0 34397.0 32423.0 4 0.09905916164827835
1 0 1 0 1 0 1 1 1 0 0 1 1 1 0 1 1 1 1 1 1 0 1 0 1 1 0 1 1 1 1 1 0 1 0 1 1 0 0 0 0 1 1 0 1 1 1 1 1 1 1 1 0 0 0 0 0 1 1 1 0 1 1 1 1 0 0 1 0 1 0 0 1 1 1 0 1 1 1 1 1 1 0 0 0 1 0 0 0 0 0 0 1 1 0 1 1 0 0 0 34415.0 32271.0 4 0.04481882438030593
1 0 1 1 1 0 1 1 1 1 0 1 1 1 0 1 1 1 1 1 0 0 1 0 1 1 0 1 1 1 1 1 0 1 0 1 1 0 0 0 0 1 1 1 1 1 1 1 1 1 1 1 0 0 0 0 0 0 1 1 0 0 1 1 1 0 0 1 0 1 1 0 1 0 1 0 1 1 1 1 1 1 0 0 0 1 0 0 0 0 0 0 1 1 0 1 0 0 1 0 34416.0 32237.0 4 0.09618682547858996
1 0 1 1 0 0 1 1 1 0 1 1 1 1 0 1 1 1 1 1 0 0 1 0 1 1 0 1 1 1 1 1 1 1 0 1 1 0 1 0 0 1 1 0 0 1 1 1 1 1 1 1 0 1 0 0 0 1 1 1 0 0 1 1 1 0 0 1 0 1 1 0 1 1 1 0 1 0 1 1 1 1 0 0 0 1 1 0 0 0 0 0 1 1 0 1 1 0 0 0 34732.0 32122.0 4 0.14623343033793632
1 0 1 1 1 0 1 1 1 1 0 1 1 1 0 1 1 1 1 1 0 0 1 0 1 1 0 1 0 1 1 1 0 1 0 1 1 0 0 0 0 1 1 1 1 1 1 1 1 1 1 1 0 1 0 1 0 1 1 1 0 0 1 1 1 0 0 1 0 1 0 0 1 1 1 0 1 0 1 1 1 1 0 0 0 1 0 0 0 0 0 0 1 1 0 1 0 0 1 0 34840.0 31958.0 4 0.07047951809394519
0 0 1 1 0 0 1 1 1 1 1 1 1 1 0 1 0 1 0 1 1 0 1 0 1 1 0 1 1 1 1 1 0 1 0 1 1 0 0 0 0 1 1 0 1 1 1 1 1 1 1 1 0 0 0 0 0 1 1 1 0 1 1 1 1 0 0 1 0 1 0 0 1 1 1 0 1 1 1 1 1 1 0 0 0 1 0 0 0 0 0 1 1 1 1 1 0 0 0 0 34864.0 31922.0 4 0.08166864958344468
1 0 1 1 0 0 1 1 1 0 1 0 1 1 0 1 1 1 1 1 1 0 1 0 1 1 0 0 1 1 1 1 0 1 0 1 1 0 0 0 0 1 1 0 1 1 1 1 1 1 1 1 0 1 0 0 0 1 1 1 0 1 1 1 1 0 0 1 0 1 0 0 1 1 1 0 1 1 1 1 1 1 0 0 0 1 0 0 0 0 0 1 1 1 1 1 0 0 0 0 34890.0 31633.0 4 0.08963826557667434
1 0 1 1 0 0 1 1 1 0 1 0 1 1 0 1 1 1 0 1 1 0 1 0 1 1 0 1 1 1 1 1 0 1 0 1 1 0 0 1 0 1 1 1 1 1 1 1 1 1 1 1 0 1 0 0 0 0 1 0 0 1 1 1 1 0 0 1 0 1 1 0 1 1 1 0 1 0 1 1 1 1 0 0 0 1 0 0 0 0 0 0 1 1 0 1 0 0 1 0 34955.0 31598.0 4 0.12992490176322766
1 0 1 1 0 0 1 1 1 1 1 0 1 1 0 1 1 1 0 1 1 0 1 0 1 1 0 1 1 1 1 1 0 1 0 1 1 0 0 0 0 1 1 1 1 1 1 1 1 1 1 1 0 1 0 0 0 1 1 1 0 0 1 1 1 0 0 1 0 1 0 0 1 1 1 0 1 0 1 1 1 1 0 0 0 1 0 0 0 0 0 0 1 1 0 1 0 0 1 0 35324.0 31437.0 4 0.20011389949175695
1 0 1 0 1 0 1 1 1 0 0 1 1 1 0 1 1 1 1 1 0 0 1 0 1 1 1 1 1 1 1 1 0 1 0 1 1 0 1 0 0 1 1 0 1 1 1 1 1 1 1 1 0 1 0 0 0 0 1 1 0 0 1 1 1 0 0 1 0 1 1 0 1 1 1 0 1 0 1 1 1 1 0 0 0 1 0 0 0 0 0 0 1 1 0 1 0 0 1 0 35588.0 31264.0 4 0.1980640434830609
1 0 1 1 0 0 1 1 1 1 1 0 1 1 0 1 1 1 1 1 1 0 1 0 1 1 0 1 1 1 1 1 0 1 0 1 1 0 0 0 0 1 1 1 1 1 1 1 1 1 1 1 0 0 0 0 0 0 1 1 0 1 1 1 0 0 0 1 0 1 0 0 1 1 1 0 1 0 1 1 1 1 0 0 0 1 0 0 0 0 0 1 1 1 0 1 0 0 1 0 35748.0 30923.0 4 0.22996206933681734
1 0 1 1 0 0 1 1 1 1 1 0 1 1 0 1 1 1 1 1 1 0 1 0 1 1 0 1 1 1 1 1 0 1 0 1 1 0 0 0 0 1 1 0 1 1 1 1 1 1 1 1 0 0 0 0 0 1 1 1 0 1 1 1 1 0 0 1 0 1 0 0 1 1 1 0 1 0 1 1 1 1 0 0 0 1 1 0 0 0 0 0 1 1 0 1 0 0 1 0 36069.0 30657.0 4 0.1379720603471658
1 0 1 1 0 0 1 1 1 0 0 0 1 1 0 1 0 1 1 1 1 0 0 0 1 1 1 1 1 1 1 1 0 1 0 1 1 0 1 0 0 1 1 0 1 0 1 1 1 1 1 1 1 0 0 0 0 0 1 1 0 1 1 1 0 0 0 1 0 1 0 1 1 1 1 0 1 1 1 1 1 1 0 0 0 1 0 0 0 0 0 0 1 1 1 1 1 0 0 0 36092.0 30609.0 4 0.1202041449686904
1 0 1 1 0 0 1 1 1 0 1 0 1 1 0 1 1 1 1 1 1 0 1 0 1 1 1 1 1 1 1 1 0 1 0 1 1 0 1 0 0 1 1 0 1 0 1 1 1 1 1 1 0 0 0 0 0 0 1 1 0 0 1 1 1 0 0 1 0 1 1 0 1 1 1 0 1 0 1 1 1 1 0 0 0 1 0 0 0 0 0 0 1 1 0 1 0 0 1 0 36175.0 30208.0 4 0.32811768357018045
1 0 1 1 0 0 1 1 1 1 0 0 1 1 0 1 1 1 1 1 1 0 1 0 1 1 1 1 1 1 1 1 0 1 0 1 1 0 1 0 0 1 1 0 1 0 1 1 1 1 1 1 0 0 0 0 0 0 1 1 0 1 1 1 0 0 0 1 0 1 0 0 1 1 1 0 1 0 1 1 1 1 0 0 0 1 0 0 0 0 0 0 1 1 0 1 0 0 1 0 36212.0 29230.0 4 2000000000000000.0
1 0 1 1 1 0 1 1 1 1 0 1 1 1 0 1 1 1 1 1 0 0 1 0 1 1 0 1 1 1 1 1 0 1 0 1 1 0 0 0 0 1 1 1 1 1 1 1 1 1 1 1 0 0 0 0 0 0 1 1 0 1 1 1 1 0 0 1 0 1 0 0 1 1 1 0 1 1 1 1 1 0 0 1 0 1 0 0 0 0 0 0 0 1 1 1 0 0 0 0 33092.0 33481.0 5 2000000000000000.0
1 0 1 1 0 0 1 1 1 0 0 0 1 1 0 1 0 1 1 1 1 0 1 0 1 1 1 1 1 1 1 1 0 1 0 1 1 0 1 0 0 1 1 0 1 0 1 1 1 1 1 1 0 0 0 0 0 1 1 1 0 0 1 1 1 0 0 1 0 1 1 0 1 1 1 0 1 0 1 1 1 1 0 0 0 1 1 0 0 0 0 0 1 1 0 1 0 0 1 0 36173.0 30086.0 5 2000000000000000.0
1 0 1 1 0 0 1 1 1 1 0 0 1 1 0 1 1 1 1 1 1 0 1 0 1 1 0 1 1 1 1 1 1 1 0 1 1 0 0 0 0 1 1 1 1 1 1 1 1 1 1 1 0 0 0 0 0 1 1 1 0 1 1 1 1 0 0 1 0 1 0 0 1 1 1 0 1 0 1 1 1 1 0 0 0 1 0 0 0 0 0 0 1 1 0 1 1 0 0 0 34651.0 31939.0 5 0.45314763534780367
0 0 1 1 0 0 1 1 1 1 1 0 1 1 0 1 1 1 1 1 1 0 1 0 1 1 0 1 1 1 1 1 0 1 0 1 1 0 0 0 0 1 1 1 1 1 1 1 1 1 1 1 0 1 0 0 0 1 1 1 0 0 1 1 1 0 0 1 0 1 0 0 1 1 1 0 1 0 1 1 1 1 0 0 0 1 0 0 0 0 0 0 1 1 0 1 0 0 1 0 35273.0 31396.0 5 0.4377183736703369
0 0 1 1 0 0 1 1 1 1 1 0 1 1 0 1 1 1 0 1 1 0 1 0 1 1 0 1 1 1 1 1 0 1 0 1 1 0 0 0 0 1 1 1 1 1 1 1 1 1 1 1 0 1 0 0 0 1 1 1 0 1 1 1 1 0 0 1 0 1 0 0 1 0 1 0 1 1 1 1 1 0 0 1 0 1 0 0 0 0 0 0 1 1 0 1 1 0 0 0 33703.0 33072.0 5 0.30901821654789485
1 0 1 1 0 0 1 1 1 1 1 1 1 1 0 1 1 1 1 1 1 0 1 0 1 1 0 1 1 1 1 1 0 1 0 1 1 0 0 0 0 1 1 1 1 1 1 1 1 1 0 1 0 0 0 0 0 0 1 1 0 1 1 1 0 0 0 1 0 1 0 0 1 1 1 0 1 0 1 1 1 1 0 0 0 1 0 0 0 0 0 1 1 1 0 1 0 0 1 0 35727.0 30917.0 5 0.2660510831984062
