0 0 1 1 1 0 1 1 0 0 1 1 1 1 0 1 0 1 0 0 0 0 1 0 1 0 0 1 1 1 1 1 1 1 0 1 1 0 1 0 1 1 0 1 1 1 1 1 1 1 0 1 1 1 0 1 0 0 1 0 1 0 0 0 0 0 0 0 0 1 0 0 1 1 0 0 1 1 1 0 1 1 1 1 0 1 0 0 1 1 0 0 1 1 1 1 1 0 1 0 30703.0 32951.0 0 2000000000000000.0
1 0 1 1 1 0 1 1 0 0 1 1 1 1 0 1 0 1 0 0 0 0 1 0 1 0 0 1 0 1 1 1 1 1 0 1 1 0 0 0 1 1 1 1 1 1 1 1 1 1 1 1 1 1 0 1 0 0 1 0 0 0 1 0 0 0 0 0 0 1 0 0 1 1 1 1 1 1 1 0 1 1 0 0 0 1 1 0 0 1 0 0 1 1 1 1 0 1 1 0 32181.0 32443.0 0 0.4616522018643442
1 0 1 1 1 0 1 1 0 0 1 1 1 1 0 1 0 1 0 0 0 0 1 0 1 0 0 1 0 1 1 1 1 1 0 1 1 0 0 0 1 1 0 1 1 1 1 1 1 1 1 1 1 1 0 1 0 0 1 0 1 0 1 0 0 0 0 0 0 1 0 0 1 1 1 1 1 1 1 0 1 1 0 0 0 1 1 0 0 1 0 0 1 1 1 1 0 1 1 0 32527.0 32071.0 0 0.3579200150005294
1 0 1 1 0 0 1 1 1 0 1 1 1 1 0 1 0 1 0 0 0 0 1 0 1 0 0 0 1 1 1 1 1 1 0 1 1 0 0 0 0 1 0 1 1 1 1 1 0 1 0 1 0 1 0 1 0 0 1 0 1 0 1 1 0 1 0 1 1 1 0 1 1 1 1 1 1 1 1 1 1 0 0 1 0 0 1 0 0 1 0 0 1 1 0 1 1 0 1 0 33643.0 31820.0 0 0.46283777992070313
0 0 1 0 1 0 1 1 0 0 1 1 1 1 0 1 0 1 0 0 0 0 1 0 1 0 0 1 1 1 1 1 1 1 0 1 1 0 0 0 1 1 1 1 1 1 1 1 0 1 0 1 0 1 0 1 0 0 1 1 1 1 1 1 0 0 0 1 0 1 1 0 1 0 1 1 1 1 1 1 1 0 0 0 0 1 1 0 1 1 0 0 1 1 1 1 1 0 1 0 34653.0 31557.0 0 0.4139992499732065
1 0 1 0 1 0 1 1 1 0 0 1 1 1 1 1 0 1 0 0 0 0 1 0 0 0 0 1 1 1 1 1 1 1 0 1 1 0 0 0 0 1 0 1 1 1 1 1 0 1 0 1 0 1 0 1 0 0 1 1 1 0 1 1 0 1 0 1 1 0 0 1 1 1 1 1 1 1 1 1 1 0 0 0 0 1 1 0 1 1 0 0 1 1 0 1 0 0 1 0 34658.0 30262.0 0 0.23900032144004776
1 0 1 1 0 0 1 1 1 0 0 1 1 1 1 1 0 1 0 0 0 0 1 0 0 0 0 1 1 1 1 1 1 1 0 1 1 0 0 0 0 1 0 1 1 1 1 1 0 1 0 1 0 1 0 1 0 0 1 1 1 0 1 1 0 1 0 1 1 0 0 1 1 1 1 1 1 1 1 1 1 0 0 0 0 1 1 0 1 1 0 0 1 1 0 1 0 0 1 0 34767.0 30073.0 0 0.0845615021965056
0 0 1 0 1 0 1 1 1 0 0 1 1 1 1 1 0 1 0 0 1 0 0 0 0 1 0 0 1 1 1 1 1 1 0 1 1 0 0 0 0 1 1 1 1 1 1 1 1 0 0 0 0 1 0 1 0 0 1 0 1 1 1 1 0 1 0 1 0 1 0 1 1 1 1 1 1 1 1 1 1 0 0 1 0 1 1 0 0 1 0 0 1 1 1 1 0 0 1 0 34876.0 29957.0 0 0.08052930461802077
0 0 1 0 1 0 1 1 1 0 0 1 1 1 1 1 0 1 0 0 1 0 0 0 0 1 0 0 1 1 1 1 1 1 0 1 1 0 0 0 0 1 1 1 1 1 1 1 0 1 0 1 0 1 0 1 0 0 1 1 1 1 1 1 0 1 1 0 0 1 1 0 1 0 1 1 1 1 1 1 1 1 0 0 0 1 1 0 0 1 0 0 1 1 1 1 0 0 1 0 34912.0 29705.0 0 0.11501767920282681
1 0 1 0 0 0 1 1 1 0 1 1 1 1 0 0 0 1 0 0 1 0 1 0 0 1 1 1 0 1 1 1 1 1 0 1 1 0 0 0 0 1 0 1 1 1 1 1 0 1 0 1 0 1 0 1 0 0 1 1 1 0 1 1 0 1 0 1 1 0 0 1 1 1 1 1 1 1 1 1 1 0 0 1 0 1 1 0 0 1 0 0 1 1 1 1 0 0 1 0 35107.0 29461.0 0 0.14786804885888533
0 0 1 0 1 0 1 1 1 0 0 1 1 1 1 1 0 1 0 0 1 0 0 0 0 1 0 0 1 1 1 1 1 1 0 1 1 0 0 0 0 1 1 1 1 1 1 1 1 0 0 0 0 1 0 1 0 0 1 0 1 0 1 1 0 1 0 1 1 1 1 1 1 1 1 1 1 1 1 1 1 0 0 0 0 1 1 0 1 1 0 0 1 1 0 1 0 0 1 0 35329.0 29216.0 0 0.16169961427193552
0 0 1 0 1 0 1 1 1 0 0 1 1 1 1 1 0 1 0 0 1 0 0 0 0 1 0 0 1 1 1 1 1 1 0 1 1 0 0 0 0 1 1 1 1 1 1 1 1 0 0 0 0 1 0 1 0 0 1 0 1 1 1 1 0 1 1 1 0 1 0 1 1 1 1 1 1 1 1 1 1 0 0 0 0 1 1 0 1 1 1 0 1 1 0 1 0 0 1 0 35629.0 29008.0 0 0.10225650916103968
1 0 1 0 0 0 1 1 1 0 1 1 1 1 0 0 0 1 0 0 1 0 1 1 0 1 0 1 1 1 1 1 1 1 0 1 1 0 0 0 0 1 0 1 1 1 1 1 0 1 0 1 0 1 0 1 0 0 1 1 1 0 1 1 0 1 0 1 1 0 0 1 1 1 1 1 1 1 1 1 1 0 0 0 0 1 1 0 1 1 0 0 1 1 0 1 0 0 1 0 35716.0 29000.0 0 0.15675184828029312
1 0 1 0 0 0 1 1 1 0 1 1 1 1 0 0 0 1 0 0 1 0 1 0 0 1 1 1 0 1 1 1 1 1 0 1 1 0 0 0 0 1 0 1 1 1 1 1 0 1 0 1 0 1 0 1 0 0 1 1 1 0 1 1 0 1 0 1 1 0 0 1 1 1 1 1 1 1 1 1 1 0 0 0 0 1 1 0 1 1 0 0 1 1 0 1 0 0 1 1 36010.0 28414.0 0 0.5058558341369256
1 0 1 1 0 0 1 1 1 0 0 1 1 1 0 0 1 1 1 0 1 0 0 1 0 1 1 1 0 1 1 1 1 1 0 1 1 0 0 0 0 1 0 0 1 0 1 1 0 1 0 1 0 1 0 1 0 0 1 1 1 0 1 1 0 1 0 1 1 0 0 1 1 1 1 1 1 1 1 1 1 0 0 0 0 1 0 0 1 1 0 0 1 1 0 1 0 0 1 1 36193.0 26151.0 0 2000000000000000.0
0 0 1 1 1 0 1 1 0 0 1 1 1 1 0 1 0 1 0 0 0 0 1 0 1 0 0 1 1 1 1 1 1 1 0 1 1 0 1 0 1 1 0 1 1 1 1 1 1 1 0 1 1 1 0 1 0 0 1 0 0 0 0 0 0 0 0 0 0 1 0 0 1 1 0 0 1 1 1 0 1 1 1 1 0 1 0 0 1 1 0 0 1 1 1 1 1 0 1 0 29900.0 32909.0 1 2000000000000000.0
0 0 1 1 1 0 1 1 0 0 1 1 1 1 0 1 0 1 0 0 0 0 1 0 1 0 0 1 1 1 1 1 1 1 0 1 1 0 1 0 1 1 0 1 1 1 1 1 1 1 0 1 1 1 0 1 0 1 1 0 1 0 0 0 0 0 0 0 0 1 0 0 1 1 0 0 1 1 1 0 1 1 1 1 0 1 0 0 1 1 0 0 1 1 0 1 1 0 1 0 30567.0 32624.0 1 0.2210258396806032
1 0 1 1 1 0 1 1 0 1 1 1 1 1 0 1 0 1 0 0 0 0 1 0 1 0 0 1 0 1 1 1 1 1 0 1 1 0 0 0 1 1 0 1 1 1 1 1 1 1 0 1 1 1 0 1 0 0 1 0 1 0 0 0 0 0 0 0 0 1 0 0 1 1 0 0 1 1 1 0 1 1 1 1 0 1 0 0 1 1 0 0 1 1 0 1 1 1 1 0 30687.0 32165.0 1 0.1499824057745544
1 0 1 1 1 0 1 1 0 0 1 1 1 1 0 1 0 1 0 0 0 0 1 0 1 0 0 0 1 1 0 1 1 1 0 1 1 0 0 0 1 1 0 1 1 1 1 1 1 1 1 1 1 1 0 1 0 0 1 0 1 0 1 0 0 0 0 0 0 1 0 0 1 1 1 1 1 1 1 0 1 1 0 0 0 0 1 0 0 1 0 0 0 1 0 1 1 1 1 0 31048.0 32049.0 1 0.18667505645870022
1 0 1 1 1 0 1 1 0 0 1 1 1 1 0 1 0 1 0 0 0 0 1 0 1 0 0 1 0 1 1 1 1 1 0 1 1 0 0 0 1 1 0 1 1 1 1 1 1 1 1 1 1 1 0 1 0 0 1 0 0 0 1 0 0 0 0 0 0 1 0 0 1 1 1 1 1 1 1 0 1 1 0 0 0 1 1 0 0 1 0 0 1 1 1 1 0 1 1 0 31724.0 32029.0 1 0.20205721621832326
1 0 1 1 1 0 1 1 0 0 1 1 1 1 0 1 0 1 0 0 0 0 1 0 1 0 0 0 1 1 0 1 1 1 0 1 1 0 0 0 1 1 0 1 1 1 1 1 1 1 1 1 1 1 0 1 0 0 1 0 1 0 1 0 0 0 0 0 0 1 0 0 1 1 1 1 1 1 1 0 1 1 0 0 0 1 1 0 0 1 0 0 1 1 1 1 0 1 1 0 32219.0 31966.0 1 0.26430659991339367
1 0 1 0 1 0 1 1 0 0 1 1 1 1 0 1 0 1 0 0 0 0 1 0 1 0 0 0 1 1 1 1 1 1 0 1 1 0 0 0 0 1 0 1 1 1 1 1 0 1 0 1 0 1 0 1 0 0 1 0 1 0 1 1 0 1 0 1 1 1 0 1 1 1 1 1 1 1 1 1 1 0 0 1 0 0 1 0 0 1 0 0 1 1 0 1 1 0 1 0 33018.0 31606.0 1 0.2214459918123437
0 0 1 1 1 0 1 1 0 0 1 1 1 1 0 1 0 1 0 0 0 0 1 0 1 0 0 1 1 1 1 1 1 1 0 1 1 0 1 0 1 1 0 1 1 1 1 1 1 1 0 1 1 1 0 1 0 0 1 0 1 0 0 0 0 0 0 0 1 1 0 1 1 1 1 1 1 1 1 1 1 0 0 0 0 1 1 0 1 1 0 0 1 1 0 1 0 0 1 0 33246.0 31536.0 1 0.08036683199492026
1 0 1 1 1 0 1 1 0 0 1 1 1 1 0 1 0 1 0 0 0 0 1 0 1 0 0 1 0 1 1 1 0 1 0 1 0 0 0 0 1 1 1 1 1 1 1 1 0 1 0 1 0 1 0 1 0 0 1 1 1 0 1 1 0 1 0 0 0 1 0 1 1 1 1 1 1 1 1 1 1 0 0 1 1 0 1 0 0 1 0 0 1 1 0 1 0 0 1 1 33359.0 31408.0 1 0.15051110464355488
1 0 1 1 1 0 1 1 0 0 1 1 1 1 0 1 0 1 0 0 0 0 1 0 1 0 0 1 0 1 1 1 0 1 0 1 1 0 0 0 1 1 1 1 1 1 1 1 0 1 0 1 0 1 0 1 0 0 1 1 1 1 1 1 0 1 1 0 0 1 1 0 1 0 1 1 1 1 1 1 1 1 0 0 0 0 1 0 0 1 0 0 1 1 0 1 1 0 1 0 33917.0 31208.0 1 0.17046001547480313
0 0 1 0 1 0 1 1 0 0 1 1 1 1 0 1 0 1 0 0 0 0 1 0 1 0 0 1 1 1 1 1 1 1 0 1 1 0 0 0 1 1 1 1 1 1 1 1 0 1 0 1 0 1 0 1 0 0 1 1 1 1 1 1 0 0 0 1 0 1 1 0 1 0 1 1 1 1 1 0 1 0 0 0 0 1 1 0 1 1 0 0 1 1 1 1 0 1 1 0 34114.0 31030.0 1 0.09982931066128786
1 0 1 1 1 0 1 1 0 0 1 1 1 1 0 1 0 1 0 0 0 0 1 0 1 0 0 1 0 1 1 1 0 1 0 1 1 0 0 0 1 1 1 1 1 1 1 1 0 1 0 1 0 1 0 1 0 0 1 1 1 1 1 1 0 1 1 0 0 1 1 0 1 0 1 1 1 1 1 1 1 1 0 0 0 1 1 0 0 1 0 0 1 1 1 1 0 0 1 0 34274.0 30874.0 1 0.049972751767280894
1 0 1 1 1 0 1 1 0 0 1 1 1 1 0 1 0 1 0 0 0 0 1 0 1 0 0 0 1 1 0 1 1 1 0 1 1 0 0 0 0 1 1 1 1 1 1 1 1 0 0 0 0 1 0 1 0 0 1 0 1 1 1 1 0 1 0 1 0 1 0 1 1 1 1 1 1 1 1 1 1 0 0 0 0 1 1 0 1 1 1 0 1 1 0 1 1 0 1 0 34280.0 30846.0 1 0.11232261015151157
0 0 1 0 1 0 1 1 1 0 0 1 1 1 1 1 0 1 0 0 1 0 0 0 0 1 0 0 1 1 1 1 1 1 0 1 1 0 0 0 0 1 1 1 1 1 1 1 1 0 0 0 0 1 0 1 0 0 1 0 1 1 1 1 0 1 0 1 0 1 0 1 1 1 1 1 1 1 1 1 1 0 0 1 0 0 1 0 0 1 0 0 1 1 0 1 1 0 1 0 34519.0 30291.0 1 0.18788521466475888
1 0 1 0 1 0 1 1 1 0 0 1 1 1 1 1 0 1 0 0 1 0 0 0 0 1 0 0 1 1 1 1 1 1 0 1 1 0 0 0 0 1 1 1 1 1 1 1 1 0 0 0 0 1 0 1 0 0 1 0 1 1 1 1 0 1 0 1 0 1 0 1 1 1 1 1 1 0 1 1 1 0 0 1 0 0 1 0 0 1 0 0 1 1 1 1 1 0 1 0 34755.0 29957.0 1 0.0910977072746785
1 0 1 1 0 0 1 0 1 1 1 1 1 1 0 1 1 1 0 0 1 0 1 0 0 0 0 1 1 1 1 1 1 1 0 1 1 0 0 0 0 1 0 1 1 1 1 1 0 1 0 1 0 1 0 1 0 0 1 1 1 0 1 1 0 1 0 1 1 0 0 1 1 1 1 1 1 1 1 1 1 0 0 0 0 1 1 0 1 1 0 0 1 1 0 1 0 0 1 0 34800.0 29927.0 1 0.03526904967858799
1 0 1 1 1 0 1 1 0 0 1 1 1 1 0 1 0 1 0 0 0 0 1 0 1 1 0 0 1 1 0 1 1 1 0 1 1 0 0 0 1 1 0 1 1 1 1 1 1 0 0 0 0 1 0 1 0 0 1 0 1 1 1 1 0 1 0 1 0 1 0 1 1 1 1 1 1 1 1 1 1 0 0 0 0 1 1 0 1 1 1 0 1 1 0 1 0 0 1 0 34835.0 29778.0 1 0.11291122065389522
1 0 1 0 1 0 1 1 1 0 0 1 1 1 1 1 0 1 0 0 1 0 0 0 0 1 0 0 1 1 1 1 1 1 0 1 1 0 0 0 0 1 1 1 1 1 1 1 1 0 0 0 0 1 0 1 0 0 1 0 1 1 1 1 0 1 0 1 0 1 0 1 1 1 1 1 1 0 1 1 1 0 0 1 0 1 1 0 0 1 0 0 1 1 1 1 0 0 1 0 34945.0 29207.0 1 0.14767386086263207
1 0 1 1 0 0 1 0 1 1 1 1 1 1 0 1 1 1 0 0 1 0 0 0 0 1 0 0 1 1 1 1 1 1 0 1 1 0 0 0 0 1 1 1 1 1 1 1 1 0 0 0 0 1 0 1 0 0 1 0 1 0 1 1 0 1 0 1 1 1 1 1 1 1 1 1 1 1 1 1 1 0 0 0 0 1 1 0 1 1 0 0 1 1 1 1 0 0 1 0 35283.0 29178.0 1 0.10956288237017878
1 0 1 1 0 0 1 0 1 1 1 1 1 1 0 1 1 1 0 0 1 0 0 0 0 1 0 0 1 1 1 1 1 1 0 1 1 0 0 0 0 1 1 1 1 1 1 1 0 1 0 1 0 1 0 1 0 0 1 1 1 0 1 1 0 1 0 1 1 0 0 1 1 1 1 1 1 1 1 1 1 0 0 0 0 1 1 0 1 1 0 0 1 1 0 1 0 0 1 0 35431.0 28965.0 1 0.1603062916341717
1 0 1 0 0 0 1 1 1 0 1 1 1 1 0 0 0 1 0 0 1 0 1 1 0 1 1 1 0 1 1 1 1 0 0 1 1 0 0 0 0 1 1 1 1 1 1 1 0 1 0 1 0 1 0 1 0 0 1 1 1 0 1 1 0 1 0 1 1 0 0 1 1 1 1 1 1 1 1 1 1 0 0 0 0 1 1 0 1 1 0 0 1 1 0 1 0 0 1 0 35669.0 28394.0 1 0.13049869234848754
0 0 1 0 1 0 1 1 1 0 1 1 1 1 1 1 0 1 0 0 1 0 0 0 0 1 0 0 1 1 0 1 1 1 0 1 1 0 0 0 1 1 1 0 1 1 1 1 1 0 0 0 0 1 0 1 0 0 1 0 1 1 1 1 0 1 0 1 1 1 0 1 1 1 1 1 1 1 1 1 1 0 0 0 0 1 1 1 1 0 0 0 1 1 0 1 0 0 1 0 35697.0 28263.0 1 0.0607116990951388
1 0 1 1 1 0 1 1 0 0 1 1 1 1 0 1 0 1 1 0 1 0 0 1 0 1 1 1 0 1 1 1 1 1 0 1 1 0 0 0 0 1 0 0 1 0 1 0 1 0 0 1 0 1 0 1 0 0 1 1 1 0 1 1 0 1 0 1 0 1 0 1 1 1 1 1 1 1 1 1 1 0 0 1 0 0 1 0 0 1 0 0 1 1 0 1 0 0 1 0 35769.0 28036.0 1 0.20043183429180184
1 0 1 1 0 0 1 1 1 0 0 1 1 1 0 0 1 1 1 0 1 0 0 1 0 1 1 1 0 1 1 1 1 1 0 1 1 0 0 0 0 1 0 0 1 0 1 0 1 0 0 1 0 1 0 1 0 0 1 1 1 0 1 1 0 1 0 1 0 1 0 1 1 1 1 1 1 1 1 1 1 0 0 1 0 0 1 0 0 1 0 0 1 1 1 1 0 0 1 1 35959.0 26991.0 1 0.43534678877497995
1 0 1 0 0 0 1 0 1 1 1 1 1 1 0 0 1 1 1 0 1 0 0 1 0 1 1 1 0 1 1 1 1 1 0 1 1 0 0 0 1 1 0 0 1 0 1 0 1 0 0 1 0 1 0 1 0 0 1 1 1 1 1 1 0 1 0 1 1 0 0 1 1 1 1 1 1 1 1 1 1 0 0 0 0 1 1 0 1 1 0 0 1 1 0 1 0 0 1 0 36006.0 24834.0 1 2000000000000000.0
0 0 1 1 1 0 1 1 0 0 1 1 1 1 0 1 0 1 0 0 0 0 1 0 1 0 0 1 1 1 1 1 1 1 0 1 1 0 1 0 1 1 0 1 1 1 1 1 1 1 0 1 1 1 0 1 0 0 1 0 1 0 0 0 0 0 0 0 0 1 0 0 1 1 0 0 1 1 1 0 1 1 1 1 0 1 0 0 1 1 0 0 1 1 0 1 1 0 1 0 30536.0 32535.0 2 2000000000000000.0
1 0 1 1 1 0 1 1 0 0 1 1 1 1 0 1 0 1 0 0 0 0 1 0 1 0 0 0 1 1 0 1 1 1 0 1 1 0 1 0 1 1 1 1 1 1 1 0 1 0 1 1 0 0 0 1 0 0 1 0 1 0 1 0 0 0 1 0 0 1 0 1 1 1 1 1 1 1 1 1 1 0 0 1 0 0 1 0 0 1 0 0 1 1 0 1 1 0 1 0 31677.0 31876.0 2 0.4552830641618826
1 0 1 1 1 0 1 1 0 0 1 1 1 1 0 1 0 1 0 0 0 0 1 0 1 1 0 0 1 1 0 1 1 1 0 1 1 0 0 0 1 1 0 1 1 1 1 1 1 0 1 1 0 0 0 1 0 0 1 0 1 0 1 0 0 0 1 0 0 1 0 1 1 1 1 1 1 1 1 1 1 0 0 1 0 0 1 0 0 1 0 0 1 1 0 1 1 0 1 0 32212.0 31722.0 2 0.23563482577916284
1 0 1 1 1 0 1 1 0 0 1 1 1 1 0 1 0 1 0 0 0 0 1 0 1 0 0 0 1 1 0 1 1 1 0 1 1 0 0 0 1 1 0 1 1 1 1 1 1 1 1 1 1 1 0 1 0 0 1 0 1 0 1 0 0 0 0 0 0 1 0 0 1 1 1 1 1 1 1 1 1 1 0 0 0 1 1 0 0 1 0 0 1 1 0 1 0 0 1 0 32307.0 31186.0 2 0.12055841582135393
1 0 1 1 1 0 1 1 0 0 1 1 1 1 0 1 0 1 0 0 0 0 1 0 1 0 0 1 0 1 1 1 0 1 0 1 1 0 0 0 1 1 1 1 1 1 1 1 0 0 0 0 0 1 0 1 0 1 1 0 1 1 1 1 0 1 0 1 0 1 1 1 1 1 1 1 1 1 1 1 1 0 0 1 0 0 1 0 0 1 0 0 1 1 0 1 1 0 0 0 32313.0 31118.0 2 0.10081134503999077
1 0 1 1 1 0 1 1 0 0 1 1 1 1 0 1 0 1 0 0 0 0 1 0 1 0 0 1 0 1 1 1 1 1 0 1 1 0 0 0 1 1 0 1 1 1 1 1 1 0 1 1 0 1 0 1 0 0 1 0 1 1 1 1 0 1 0 1 1 0 0 1 1 1 1 1 1 1 1 1 1 0 0 1 0 0 1 0 0 1 0 0 1 1 0 1 0 0 0 0 32694.0 31024.0 2 0.3519138242775208
1 0 1 1 1 0 1 1 0 0 1 1 1 1 0 1 0 1 0 0 0 0 1 0 1 1 1 1 0 1 1 1 1 0 0 1 1 0 0 0 0 1 0 1 1 1 1 1 0 1 0 1 0 1 0 1 0 0 1 0 1 0 1 1 0 1 0 1 1 0 0 1 1 1 1 1 1 1 1 1 1 0 0 1 0 1 1 0 0 1 0 0 1 1 1 1 0 0 1 0 33966.0 30895.0 2 0.31325375665266586
0 0 1 1 1 0 1 1 0 0 1 1 1 1 0 1 0 1 0 0 0 0 1 0 1 0 0 1 0 1 1 1 0 1 0 1 1 0 0 0 1 1 1 1 1 1 1 1 0 1 0 1 0 1 1 1 0 0 1 1 1 1 1 1 0 1 1 0 0 1 1 0 1 0 1 1 1 1 1 1 1 1 0 0 0 1 1 0 0 1 0 0 1 1 1 1 0 0 1 0 34105.0 30757.0 2 0.19715454629033394
1 0 1 1 1 0 1 1 0 0 1 1 1 1 0 1 0 1 0 0 0 0 1 0 1 0 0 0 1 1 0 1 1 1 0 1 1 0 0 0 1 1 1 1 1 1 1 1 1 0 0 0 0 1 0 1 0 0 1 0 1 0 1 1 0 1 0 1 1 1 0 1 1 1 1 1 1 1 1 1 1 1 0 0 0 1 1 0 0 1 0 0 1 1 0 1 0 0 1 0 34362.0 30169.0 2 0.16719709274411568
1 0 1 0 0 0 1 1 1 0 1 1 1 1 0 0 0 1 0 0 1 0 1 1 0 1 1 1 0 1 1 1 1 0 0 1 1 0 0 0 0 1 0 1 1 1 1 1 0 1 0 1 0 1 0 1 0 0 1 0 1 0 1 1 0 1 0 1 1 1 0 1 1 1 1 1 1 1 1 1 1 0 0 1 0 0 1 0 0 1 0 0 1 1 0 1 1 0 1 0 34370.0 30061.0 2 0.12203681570694332
1 0 1 1 1 0 1 1 0 0 1 1 1 1 0 1 0 1 0 0 0 0 1 0 1 0 0 0 1 1 0 1 1 1 0 1 1 0 0 0 1 1 1 1 1 1 1 1 1 0 0 0 0 1 0 1 0 0 1 1 1 0 1 1 0 1 0 1 1 0 0 1 1 1 1 1 1 1 1 1 1 0 0 0 0 1 1 0 1 1 0 0 1 1 0 1 0 0 1 0 34372.0 29453.0 2 0.1940851235532639
0 0 1 0 1 0 1 1 1 0 0 1 1 1 1 1 0 1 0 0 1 0 0 0 0 1 0 0 1 1 1 1 1 1 0 1 1 0 0 0 0 1 1 1 1 1 1 1 1 0 0 0 0 1 0 1 0 0 1 0 1 1 1 1 0 1 0 1 0 1 0 1 1 1 1 1 1 1 1 1 1 0 0 1 0 0 1 0 0 1 0 0 1 1 0 1 0 0 1 1 34831.0 29427.0 2 0.20440736314138536
1 0 1 0 1 0 1 1 1 0 0 1 1 1 0 1 0 1 0 0 1 0 0 0 0 1 0 0 1 1 1 1 1 1 0 1 1 0 0 0 0 1 1 1 1 1 1 1 1 0 0 0 0 1 0 1 0 0 1 0 1 0 1 1 0 1 0 1 1 1 1 1 1 1 1 1 1 1 1 1 1 0 0 0 0 1 1 0 1 1 0 0 1 1 0 1 0 0 1 0 35031.0 28982.0 2 0.18280316263675317
0 0 1 0 1 0 1 1 1 0 0 1 1 1 1 1 0 1 0 0 1 0 0 0 0 1 0 0 1 1 1 1 1 1 0 1 1 0 0 0 0 1 1 1 1 1 1 1 1 0 0 0 0 1 0 1 0 0 1 0 1 1 1 1 0 1 0 1 0 1 0 1 1 1 1 1 1 1 1 1 1 0 0 0 0 1 1 0 1 1 1 0 1 1 0 1 0 0 1 0 35335.0 28909.0 2 0.2124485407536763
1 0 1 1 0 0 1 0 1 1 1 1 1 1 0 1 1 1 0 0 1 0 1 0 0 0 1 1 0 1 1 1 1 0 0 1 1 0 0 0 0 1 1 0 1 1 1 1 1 1 0 0 0 1 0 1 0 0 1 1 1 1 1 1 0 1 0 1 1 0 0 1 1 1 1 1 1 1 1 1 1 0 0 0 0 1 1 0 1 1 0 0 1 1 0 1 0 0 1 0 35458.0 28200.0 2 0.16886881595210806
1 0 1 0 0 0 1 1 1 0 0 1 1 1 0 0 0 1 0 0 1 0 1 1 0 1 1 1 0 1 1 1 1 1 0 1 1 0 0 0 0 1 0 1 1 1 1 1 0 1 0 1 0 1 0 1 0 0 1 1 1 0 1 1 0 1 0 1 1 0 0 1 1 1 1 1 1 1 1 1 1 0 0 0 0 1 1 0 1 1 0 0 1 1 0 1 0 0 1 0 35540.0 28135.0 2 0.1527358953142691
1 0 1 0 0 0 1 1 1 0 1 1 1 1 0 0 0 1 0 0 1 0 1 1 0 1 1 1 0 1 1 1 1 0 0 1 1 0 0 0 0 1 1 0 1 1 1 1 0 1 0 1 0 1 0 1 0 0 1 1 1 0 1 1 0 1 0 1 1 0 0 1 1 1 1 1 1 1 1 1 1 0 0 0 0 1 1 0 1 1 0 0 1 1 0 1 0 0 1 0 35632.0 27487.0 2 0.21434014689507566
1 0 1 0 0 0 1 1 1 0 1 1 1 1 0 0 0 1 0 0 1 0 1 1 0 1 1 1 0 1 1 1 1 0 0 1 1 0 0 0 0 1 1 0 1 1 1 1 1 0 0 0 0 1 0 1 0 0 1 0 1 1 1 1 0 1 0 1 1 1 0 1 1 1 1 1 1 1 1 1 1 0 0 0 0 1 1 1 1 1 0 0 1 1 0 1 0 0 1 0 35760.0 27107.0 2 0.1834615345325988
1 0 1 1 0 0 1 1 1 0 0 1 1 1 0 0 1 1 1 0 1 0 0 1 0 1 1 1 0 1 1 1 1 1 0 1 1 0 0 0 0 1 0 0 1 0 1 0 1 0 0 1 0 1 0 1 0 0 1 1 1 0 1 1 0 1 0 1 0 1 0 1 1 1 1 1 1 1 1 1 1 0 0 1 0 0 1 0 0 1 0 0 1 1 0 1 0 0 1 1 35792.0 26575.0 2 2000000000000000.0
1 0 1 1 1 0 1 1 0 0 1 1 1 1 0 1 0 1 0 0 0 0 1 0 1 0 0 1 0 1 1 1 1 1 0 1 1 0 0 0 1 1 1 1 1 1 1 1 1 1 1 1 1 1 0 1 0 0 1 0 1 1 0 0 0 0 0 0 0 1 0 0 1 1 0 0 1 1 1 0 1 1 1 1 0 1 0 0 1 0 0 0 0 1 0 1 1 1 1 0 30084.0 32449.0 3 2000000000000000.0
1 0 1 1 1 0 1 1 0 0 1 1 1 1 0 1 0 1 0 0 0 0 1 0 1 1 0 0 1 1 0 1 1 1 0 1 1 0 0 0 1 1 0 1 1 1 1 1 1 1 1 1 1 1 0 1 0 0 1 0 1 0 0 0 0 0 0 0 0 1 0 0 1 1 0 0 1 1 1 0 1 1 1 1 0 1 0 0 1 1 0 0 0 1 0 1 1 1 1 0 30152.0 32178.0 3 0.06845469440501317
1 0 1 1 1 0 1 1 0 0 1 1 1 1 0 1 0 1 0 0 0 0 1 0 1 0 0 1 0 1 1 1 1 1 0 1 1 0 1 0 1 1 0 1 1 1 1 1 1 1 0 1 1 1 0 1 0 0 1 0 1 0 0 0 0 0 0 0 0 1 0 0 1 1 0 0 1 1 1 0 1 1 1 1 0 1 0 0 1 1 0 0 1 1 0 1 1 0 1 0 30201.0 32116.0 3 0.061783644179939146
1 0 1 1 1 0 1 1 0 0 1 1 1 1 0 1 0 1 0 0 0 0 1 0 1 0 0 1 1 1 1 1 1 1 0 1 1 0 0 0 1 1 0 1 1 1 1 1 1 1 0 1 1 1 0 1 0 0 1 0 1 0 0 0 0 0 0 0 0 1 0 0 1 1 0 0 1 1 1 0 1 1 1 1 0 1 0 0 1 1 0 0 1 1 0 1 1 0 1 0 30448.0 32111.0 3 0.26271259572684874
1 0 1 1 1 0 1 1 0 0 1 1 1 1 0 1 0 1 0 0 0 0 1 0 1 0 0 1 0 1 1 1 1 1 0 1 1 0 0 0 1 1 0 1 1 1 1 1 0 1 1 1 1 1 0 1 0 0 1 0 1 0 1 0 0 0 0 0 0 1 0 0 1 1 1 1 1 1 1 0 1 1 0 0 0 1 1 0 0 1 0 0 1 1 1 1 1 0 1 0 31409.0 31769.0 3 0.31876548194566157
0 0 1 0 1 0 1 1 0 0 1 1 1 1 0 1 0 1 0 0 0 0 1 0 1 0 0 1 1 1 1 1 1 1 0 1 1 0 0 0 0 1 0 1 1 1 1 1 1 1 1 1 1 1 0 1 0 0 1 0 1 0 1 0 0 0 0 0 0 1 0 0 1 1 1 1 1 1 1 0 1 1 0 0 0 1 1 0 0 1 0 0 1 1 1 1 0 1 1 0 31926.0 31705.0 3 0.2117618677249613
1 0 1 1 1 0 1 1 0 0 1 1 1 1 0 1 0 1 0 0 0 0 1 0 1 0 0 0 1 1 0 1 1 1 0 1 1 0 0 0 1 1 0 1 1 1 1 1 1 1 1 1 1 1 0 1 0 0 1 0 1 0 1 0 0 0 0 0 0 1 0 1 1 1 1 1 1 1 1 0 1 0 0 0 0 1 1 0 1 1 0 0 1 1 0 1 0 0 1 0 32186.0 31248.0 3 0.1939720798128245
1 0 1 1 1 0 1 1 0 0 1 1 1 1 0 1 0 1 0 0 0 0 1 0 1 0 0 0 1 1 0 1 1 1 0 1 1 0 0 0 1 1 0 1 1 1 1 1 1 0 1 1 0 1 0 1 0 0 1 0 1 1 1 1 0 1 0 1 1 0 0 1 1 1 1 1 1 1 1 1 1 0 0 1 0 0 1 0 0 1 0 0 1 1 0 1 0 0 0 0 32386.0 30919.0 3 0.3276546042868107
1 0 1 1 1 0 1 1 0 0 1 1 1 1 0 1 0 1 0 0 0 0 1 0 1 0 0 0 1 1 1 1 1 1 0 1 1 0 0 0 0 1 0 1 0 1 1 1 0 1 0 1 1 1 0 1 0 0 1 1 1 1 1 1 0 0 0 1 0 1 1 0 1 0 1 1 1 1 1 1 1 0 0 0 0 1 1 0 1 1 0 0 1 1 1 1 1 0 1 0 33712.0 30839.0 3 0.32104992763330953
1 0 1 1 1 0 1 1 0 0 1 1 1 1 0 1 0 1 0 0 0 0 1 0 1 0 0 0 1 1 0 1 1 1 0 1 1 0 0 0 1 1 1 1 1 1 1 1 1 0 0 0 0 1 0 1 0 0 1 0 1 1 1 1 0 1 0 1 0 1 0 1 1 1 1 1 1 1 1 1 1 0 0 1 0 0 1 0 0 1 0 0 1 1 0 1 0 0 1 1 33943.0 30594.0 3 0.09923939987861724
1 0 1 1 1 0 1 1 0 0 1 1 1 1 0 1 0 1 0 0 0 0 1 0 1 0 0 1 0 1 1 1 1 1 0 1 1 0 0 0 1 1 1 1 1 1 1 1 0 1 0 1 0 1 0 1 0 0 1 1 1 1 1 1 0 1 1 0 0 1 1 0 1 1 1 1 1 0 1 0 1 1 0 0 0 1 1 0 0 1 0 0 1 1 1 1 0 0 1 0 34073.0 30591.0 3 0.10538895431880539
1 0 1 0 0 0 1 1 1 0 1 1 1 1 0 0 0 1 0 0 1 0 1 0 0 1 1 1 0 1 1 1 1 1 0 1 1 0 0 0 0 1 0 1 1 1 1 1 0 1 0 1 0 1 0 1 0 0 1 1 1 0 1 1 0 1 0 1 0 1 0 1 1 1 1 0 1 1 1 1 1 0 0 1 0 0 1 0 0 1 0 0 1 1 0 1 1 0 1 0 34184.0 30156.0 3 0.10674551165176241
1 0 1 1 1 0 1 1 0 0 1 1 1 1 0 1 0 1 0 0 0 0 1 0 1 0 0 0 1 1 0 1 1 1 0 1 1 0 0 0 0 1 0 1 1 1 1 1 0 1 0 1 0 1 0 1 0 0 1 1 1 1 1 1 0 0 1 1 1 0 0 1 1 1 1 1 1 1 1 1 1 0 0 0 0 1 1 0 1 1 0 0 1 1 0 1 0 0 1 0 34263.0 30081.0 3 0.06534589503381547
1 0 1 0 0 0 1 0 1 0 1 1 1 1 0 1 1 1 0 0 1 0 1 1 0 1 0 1 0 1 1 1 1 1 0 1 1 0 0 0 0 1 0 1 1 1 1 1 0 1 0 1 0 1 0 1 0 0 1 1 1 0 1 1 0 1 0 1 1 0 0 1 1 1 1 1 1 1 1 1 1 0 0 1 0 1 1 0 0 1 0 0 1 1 1 1 0 0 1 0 34307.0 29852.0 3 0.11908935054776373
1 0 1 1 1 0 1 1 0 0 1 1 1 1 0 1 0 1 0 0 0 0 1 0 1 0 0 1 0 1 1 1 1 1 0 1 1 0 0 0 1 1 0 1 1 1 1 1 0 1 0 1 0 1 0 1 0 0 1 1 1 0 1 1 0 1 0 1 1 0 0 1 1 1 1 1 1 0 1 1 1 0 0 0 0 1 1 0 1 1 0 0 1 1 0 1 0 0 1 0 34360.0 29371.0 3 0.09947758025044362
1 0 1 1 0 0 1 0 1 1 1 0 1 1 0 1 1 1 0 0 1 0 1 0 0 0 0 1 1 1 1 1 1 1 0 1 1 0 0 0 0 1 0 1 1 1 1 1 0 1 0 1 0 1 0 0 0 0 1 1 1 0 1 1 0 1 0 1 1 0 0 1 1 1 1 1 1 1 1 1 1 1 0 0 0 1 1 0 0 1 0 0 1 1 0 1 0 0 1 0 34362.0 29227.0 3 0.08173649666771372
1 0 1 0 0 0 1 1 1 0 1 1 1 1 0 0 0 1 0 0 1 0 1 1 0 1 1 1 0 1 1 1 1 0 0 1 1 0 0 0 0 1 0 1 1 1 1 1 0 1 0 1 0 1 0 1 0 0 1 0 1 0 1 1 0 1 0 1 1 1 0 1 1 1 1 1 1 1 1 1 1 0 0 1 0 0 1 0 0 1 0 0 1 1 0 1 0 0 1 1 34682.0 29197.0 3 0.10733735532200306
1 0 1 1 0 0 1 1 0 0 1 1 1 1 0 1 0 1 0 0 0 0 1 0 1 1 0 0 1 1 0 1 1 1 0 1 1 0 0 1 1 1 0 1 1 1 1 1 1 0 0 0 0 1 0 1 0 0 1 0 1 1 1 1 0 1 0 1 0 1 0 1 1 1 1 1 1 1 1 1 1 1 0 0 0 1 1 0 0 1 0 0 1 1 0 1 0 0 1 0 34782.0 28995.0 3 0.06199010598380941
1 0 1 1 0 0 1 0 1 1 1 1 1 1 0 1 1 1 0 0 1 0 0 0 0 1 0 0 1 1 1 1 1 1 0 1 1 0 0 0 0 1 1 1 1 1 1 1 1 0 0 0 0 1 0 1 0 0 1 0 1 0 1 1 0 1 0 1 1 1 1 1 1 1 1 1 1 1 1 1 1 0 0 0 0 1 0 0 1 1 0 0 1 1 1 1 0 0 1 0 34799.0 28909.0 3 0.07038818540300248
1 0 1 0 0 0 1 0 1 0 1 1 1 1 0 1 1 1 0 0 1 0 1 1 0 1 0 1 0 1 1 1 1 1 0 1 1 0 0 0 0 1 0 1 1 1 1 1 0 1 0 1 0 1 0 1 0 0 1 1 1 1 1 1 0 0 1 1 1 0 0 1 1 1 1 1 1 1 1 1 1 0 0 0 0 1 1 0 1 1 0 0 1 1 0 1 0 0 1 0 35029.0 28808.0 3 0.14231417709871058
1 0 1 0 0 0 1 1 1 0 1 1 1 1 0 0 0 1 0 0 1 0 1 1 0 1 1 1 0 1 1 1 1 0 0 1 1 0 0 0 0 1 1 1 1 1 1 1 1 0 0 0 0 1 0 1 0 0 1 0 1 0 1 1 0 1 0 1 1 1 0 1 1 1 1 1 1 1 1 1 1 1 0 0 1 1 1 0 0 1 0 0 1 1 0 1 0 0 1 0 35327.0 28566.0 3 0.3041956223060214
1 0 1 0 0 0 1 1 1 0 1 1 1 1 0 0 0 1 0 0 1 0 1 1 0 1 1 1 0 1 1 1 1 0 0 1 1 0 0 0 0 1 1 0 1 1 1 1 1 1 0 0 0 1 0 1 0 0 1 0 1 1 1 1 0 1 0 1 1 0 0 1 1 1 1 1 1 1 1 1 1 0 0 0 0 1 1 0 1 1 0 0 1 1 0 1 0 0 1 0 35499.0 27267.0 3 0.31721238593624046
1 0 1 0 0 0 1 1 0 1 1 1 1 1 0 1 0 1 1 0 1 0 0 1 0 1 1 1 0 1 1 1 1 1 0 1 1 0 0 0 0 1 0 0 1 0 1 0 1 0 0 1 0 1 0 1 0 0 1 1 1 0 1 1 0 1 1 1 0 1 0 1 1 1 1 1 1 1 1 1 1 0 0 1 0 0 1 0 0 1 0 0 1 1 0 1 0 0 1 0 35632.0 26732.0 3 0.23689775698083443
1 0 1 1 0 0 1 1 1 0 0 1 1 1 0 0 1 1 1 0 1 0 0 1 0 1 1 1 0 1 1 1 1 1 0 1 1 0 0 0 0 1 0 0 1 0 1 0 1 0 0 1 0 1 0 0 0 0 1 1 1 0 1 0 0 1 0 1 1 1 0 1 1 1 1 1 1 1 1 1 1 1 1 0 0 1 1 0 0 1 0 0 1 1 0 1 0 0 1 0 35636.0 25786.0 3 0.16466343954074922
1 0 1 0 0 0 1 1 1 0 0 1 1 1 0 0 0 1 0 0 1 0 1 1 0 1 1 1 0 1 1 1 1 1 0 1 1 0 0 0 1 1 0 0 1 0 1 0 1 0 0 1 0 1 1 1 0 0 1 1 1 0 1 1 0 1 0 1 1 0 0 1 1 1 1 1 1 1 1 1 1 0 0 0 0 1 1 0 1 1 0 0 1 1 0 1 0 0 1 0 35708.0 25679.0 3 0.0644839499109883
1 0 1 1 0 0 1 1 1 0 0 1 1 1 0 0 1 1 1 0 1 0 0 1 0 1 1 1 0 1 1 1 1 1 0 1 1 0 0 0 0 1 0 0 1 0 1 0 1 0 0 1 0 1 0 1 0 0 1 1 1 0 1 1 0 1 0 1 1 0 0 1 1 1 1 1 1 1 1 1 1 0 0 0 0 1 1 0 1 1 0 0 1 1 0 1 0 0 1 0 35759.0 25488.0 3 2000000000000000.0
1 0 1 1 1 0 1 1 0 0 1 1 1 1 0 1 0 1 0 0 0 1 1 0 1 0 0 0 1 1 0 1 1 1 0 1 1 0 0 0 0 1 0 1 1 1 1 1 1 1 1 1 1 1 0 1 0 0 1 0 1 0 0 0 0 0 0 0 0 1 0 0 1 1 0 0 1 1 1 0 1 1 1 1 0 1 0 0 1 1 0 0 0 1 0 1 1 1 1 0 29215.0 32207.0 4 2000000000000000.0
1 0 1 0 0 0 1 0 1 1 1 1 1 1 0 0 1 1 0 0 1 0 0 1 0 1 1 1 0 1 1 1 1 1 0 1 1 0 0 0 1 1 0 0 1 0 1 0 1 0 0 1 0 1 0 1 0 0 1 1 1 1 1 1 0 1 0 1 1 0 0 1 1 1 1 1 1 1 1 1 1 0 0 0 0 1 1 0 1 1 0 0 1 1 0 1 0 0 1 0 35741.0 24719.0 4 2000000000000000.0
1 0 1 0 0 0 1 1 1 0 1 1 1 1 0 0 0 1 0 0 1 0 1 1 0 1 1 1 0 1 1 1 0 0 0 1 1 0 0 0 0 1 0 1 1 1 1 1 0 1 0 1 1 1 0 1 0 0 1 1 1 0 1 1 0 1 0 1 1 0 0 1 1 1 1 1 1 1 1 1 1 0 0 0 0 1 1 0 1 1 0 0 1 1 0 1 0 0 1 0 35225.0 28001.0 4 0.29674943388837416
1 0 1 1 1 0 1 1 0 0 1 1 1 1 0 1 0 1 0 0 0 0 1 0 1 0 0 1 0 1 1 1 1 1 0 1 1 0 0 0 1 1 1 1 1 1 1 1 0 1 0 1 0 1 0 1 0 0 1 1 1 1 1 1 0 1 1 0 0 1 1 0 1 0 1 1 1 1 1 0 1 1 0 0 0 1 1 0 0 1 0 0 1 1 1 1 0 0 1 0 33617.0 30826.0 4 0.29152513876119013
1 0 1 1 1 0 1 1 0 0 1 1 1 1 0 1 0 1 0 0 0 0 1 0 1 0 0 0 1 1 0 1 1 1 0 1 1 0 0 0 0 1 0 1 1 1 1 1 0 1 0 1 1 1 0 1 0 0 1 1 1 1 1 1 0 0 1 1 0 1 1 0 1 0 1 1 1 1 1 0 1 1 0 0 0 0 1 0 0 1 1 0 0 1 1 1 1 0 1 0 32269.0 30911.0 4 0.26348079902611377
1 0 1 1 0 0 1 1 1 0 0 1 1 1 0 0 1 1 1 0 1 0 0 1 0 1 1 1 0 1 1 1 1 1 0 1 1 0 0 0 0 1 0 0 1 0 1 1 0 1 0 1 0 1 0 1 0 0 1 1 1 0 1 1 0 1 0 1 1 0 0 1 1 1 1 1 1 1 1 1 1 0 0 0 0 1 0 0 1 1 0 0 1 1 0 1 0 0 1 0 35597.0 26124.0 4 0.2353039764020808
1 0 1 1 0 0 1 1 1 0 0 1 1 1 0 1 1 1 0 0 1 0 1 1 0 1 1 0 0 1 1 1 1 1 0 1 1 0 0 0 1 1 0 0 1 0 1 0 1 0 0 1 0 1 0 1 0 0 1 1 1 0 1 1 0 1 0 1 1 0 0 1 1 1 1 1 1 1 1 0 1 0 1 0 0 1 1 0 1 0 0 0 1 1 0 1 0 0 1 0 35315.0 26500.0 4 0.22531561787039572
1 0 1 1 1 0 1 1 0 0 1 1 1 1 0 1 0 1 0 0 0 0 1 0 1 0 0 0 1 1 0 1 1 1 0 1 1 0 0 0 1 1 0 1 1 1 1 1 1 1 1 1 1 1 0 1 0 0 1 0 1 0 1 0 0 0 0 0 0 1 0 1 1 1 1 1 1 1 1 0 1 0 0 1 0 0 1 0 0 1 0 0 1 1 0 1 0 0 1 0 31238.0 31765.0 4 0.21913467923178748
1 0 1 1 1 0 1 1 0 0 1 1 1 1 0 1 0 1 0 0 0 0 1 0 1 0 0 0 1 1 0 1 1 1 1 1 1 0 0 0 1 1 0 1 1 1 1 1 1 1 1 1 1 1 0 1 0 0 1 0 1 1 0 0 0 0 0 0 0 1 0 0 1 1 0 0 1 1 1 0 1 1 1 1 0 1 1 0 0 1 0 0 1 1 1 1 0 0 1 0 30388.0 31815.0 4 0.18851623420846245
1 0 1 1 1 0 1 1 0 0 1 1 1 1 0 1 0 1 0 0 0 0 1 0 1 0 0 1 1 1 1 1 1 1 0 1 1 0 0 0 0 1 0 1 1 1 1 1 0 1 0 1 0 1 0 1 0 0 1 1 1 0 1 1 0 1 0 1 1 0 0 1 1 1 1 0 1 1 1 1 1 0 0 0 0 1 1 0 1 1 0 0 1 1 0 1 0 0 1 0 33856.0 30549.0 4 0.17873537899683062
1 0 1 1 1 0 1 1 0 0 1 1 1 1 0 1 0 1 0 0 0 0 1 0 1 0 0 1 0 1 1 1 1 1 0 1 1 0 1 0 1 1 0 1 1 1 1 1 0 1 0 1 0 1 0 1 0 0 1 1 1 0 0 1 0 1 0 1 1 0 0 1 1 1 1 1 1 1 1 1 1 0 0 0 0 1 1 0 1 1 0 0 1 1 0 1 0 0 1 0 34169.0 30121.0 4 0.161120475363501
1 0 1 1 1 0 1 1 0 0 1 1 1 1 0 1 0 1 0 0 0 0 1 0 1 0 0 0 1 1 0 1 1 1 0 1 1 0 0 0 1 1 0 1 1 1 1 1 1 1 1 1 1 1 0 1 0 0 1 0 1 1 0 0 0 0 0 0 0 1 0 0 1 1 0 0 1 1 1 0 1 1 1 1 0 1 0 0 1 1 0 0 0 1 0 1 1 1 1 0 29720.0 32122.0 4 0.15228083392923797
1 0 1 1 1 0 1 1 0 0 1 1 1 1 0 1 0 1 0 0 0 0 1 0 1 0 0 0 1 1 0 1 1 1 0 1 1 0 0 0 1 1 0 1 1 1 1 1 1 1 1 1 1 1 0 1 0 0 1 0 1 0 1 0 0 0 1 0 0 1 0 0 1 1 1 1 1 1 1 0 1 1 0 0 0 0 1 0 0 1 0 0 1 1 0 1 0 1 1 0 31872.0 31508.0 4 0.14425258368236243
1 0 1 1 1 0 1 1 0 0 1 1 1 1 0 1 0 1 0 0 0 0 1 0 1 0 0 1 0 1 1 1 1 1 0 1 1 0 0 0 1 1 0 1 1 1 1 1 1 1 0 1 1 1 0 1 0 0 1 0 1 0 0 0 0 0 0 0 0 1 0 0 1 1 0 0 1 1 1 0 1 1 1 1 0 1 0 0 1 1 0 0 1 1 0 1 1 1 1 0 30257.0 32051.0 4 0.14335872322674897
0 0 1 0 1 0 1 1 1 0 0 1 1 1 1 1 0 1 0 0 1 0 0 0 0 1 1 1 0 1 1 1 1 0 0 1 1 0 0 0 0 1 0 1 1 1 1 1 0 1 0 1 0 1 0 1 0 0 1 1 1 0 1 1 0 1 0 1 1 0 0 1 1 1 1 1 1 1 1 1 1 0 0 0 0 1 1 0 1 1 0 0 1 1 0 1 0 0 1 0 35145.0 28527.0 4 0.14286071525862162
