0 0 1 1 1 0 1 1 0 0 1 1 1 1 0 1 0 1 0 0 0 0 1 0 1 0 0 1 1 1 1 1 1 1 0 1 1 0 1 0 1 1 0 1 1 1 1 1 1 1 0 1 1 1 0 1 0 0 1 0 1 0 0 0 0 0 0 0 0 1 0 0 1 1 0 0 1 1 1 0 1 1 1 1 0 1 0 0 1 1 0 0 1 1 0 1 1 0 1 0 30536.0 32535.0 0 2000000000000000.0
1 0 1 1 1 0 1 1 0 1 1 1 1 1 0 1 0 1 0 0 0 0 1 0 1 0 0 1 0 1 1 1 1 1 0 1 1 0 0 0 1 1 0 1 1 1 1 1 1 1 0 1 1 1 0 1 0 0 1 0 1 0 0 0 0 0 0 0 0 1 0 0 1 1 0 0 1 1 1 0 1 1 1 1 0 1 0 0 1 1 0 0 1 1 0 1 1 1 1 0 30687.0 32165.0 0 0.15671014970633204
1 0 1 1 1 0 1 1 0 0 1 1 1 1 0 1 0 1 0 0 0 0 1 0 1 0 0 0 1 1 0 1 1 1 0 1 1 0 0 0 1 1 0 1 1 1 1 1 1 1 1 1 1 1 0 1 0 0 1 0 1 0 1 0 0 0 0 0 0 1 0 0 1 1 1 1 1 1 1 0 1 1 0 0 0 0 1 0 0 1 0 0 0 1 0 1 1 1 1 0 31048.0 32049.0 0 0.2185147967440264
1 0 1 1 1 0 1 1 0 0 1 1 1 1 0 1 0 1 0 0 0 0 1 0 1 0 0 0 1 1 0 1 1 1 0 1 1 0 1 0 1 1 1 1 1 1 1 0 1 0 1 1 0 0 0 1 0 0 1 0 1 0 1 0 0 0 1 0 0 1 0 1 1 1 1 1 1 1 1 1 1 0 0 1 0 0 1 0 0 1 0 0 1 1 0 1 1 0 1 0 31677.0 31876.0 0 0.4176712490388529
1 0 1 0 1 0 1 1 0 0 1 1 1 1 0 1 0 1 0 0 0 0 1 0 1 0 0 0 1 1 1 1 1 1 0 1 1 0 0 0 0 1 0 1 1 1 1 1 0 1 0 1 0 1 0 1 0 0 1 0 1 0 1 1 0 1 0 1 1 1 0 1 1 1 1 1 1 1 1 1 1 0 0 1 0 0 1 0 0 1 0 0 1 1 0 1 1 0 1 0 33018.0 31606.0 0 0.5458504047647271
1 0 1 1 1 0 1 1 0 0 1 1 1 1 0 1 0 1 0 0 0 0 1 0 1 1 1 1 0 1 1 1 1 0 0 1 1 0 0 0 0 1 0 1 1 1 1 1 0 1 0 1 0 1 0 1 0 0 1 0 1 0 1 1 0 1 0 1 1 0 0 1 1 1 1 1 1 1 1 1 1 0 0 1 0 1 1 0 0 1 0 0 1 1 1 1 0 0 1 0 33966.0 30895.0 0 0.32467126589366646
1 0 1 1 1 0 1 1 0 0 1 1 1 1 0 1 0 1 0 0 0 0 1 0 1 0 0 1 0 1 1 1 1 1 0 1 1 0 0 0 1 1 1 1 1 1 1 1 0 1 0 1 0 1 0 1 0 0 1 1 1 1 1 1 0 1 1 0 0 1 1 0 1 1 1 1 1 0 1 0 1 1 0 0 0 1 1 0 0 1 0 0 1 1 1 1 0 0 1 0 34073.0 30591.0 0 0.1795282646879564
0 0 1 0 1 0 1 1 1 0 0 1 1 1 1 1 0 1 0 0 1 0 0 0 0 1 0 0 1 1 1 1 1 1 0 1 1 0 0 0 0 1 1 1 1 1 1 1 1 0 0 0 0 1 0 1 0 0 1 0 1 1 1 1 0 1 0 1 0 1 0 1 1 1 1 1 1 1 1 1 1 0 0 1 0 0 1 0 0 1 0 0 1 1 0 1 1 0 1 0 34519.0 30291.0 0 0.14966870799798535
1 0 1 0 1 0 1 1 1 0 0 1 1 1 1 1 0 1 0 0 0 0 1 0 0 0 0 1 1 1 1 1 1 1 0 1 1 0 0 0 0 1 0 1 1 1 1 1 0 1 0 1 0 1 0 1 0 0 1 1 1 0 1 1 0 1 0 1 1 0 0 1 1 1 1 1 1 1 1 1 1 0 0 0 0 1 1 0 1 1 0 0 1 1 0 1 0 0 1 0 34658.0 30262.0 0 0.07364622035600565
1 0 1 1 0 0 1 1 1 0 0 1 1 1 1 1 0 1 0 0 0 0 1 0 0 0 0 1 1 1 1 1 1 1 0 1 1 0 0 0 0 1 0 1 1 1 1 1 0 1 0 1 0 1 0 1 0 0 1 1 1 0 1 1 0 1 0 1 1 0 0 1 1 1 1 1 1 1 1 1 1 0 0 0 0 1 1 0 1 1 0 0 1 1 0 1 0 0 1 0 34767.0 30073.0 0 0.06946062466779894
1 0 1 1 0 0 1 0 1 1 1 1 1 1 0 1 1 1 0 0 1 0 1 0 0 0 0 1 1 1 1 1 1 1 0 1 1 0 0 0 0 1 0 1 1 1 1 1 0 1 0 1 0 1 0 1 0 0 1 1 1 0 1 1 0 1 0 1 1 0 0 1 1 1 1 1 1 1 1 1 1 0 0 0 0 1 1 0 1 1 0 0 1 1 0 1 0 0 1 0 34800.0 29927.0 0 0.050738157655157906
1 0 1 1 1 0 1 1 0 0 1 1 1 1 0 1 0 1 0 0 0 0 1 0 1 1 0 0 1 1 0 1 1 1 0 1 1 0 0 0 1 1 0 1 1 1 1 1 1 0 0 0 0 1 0 1 0 0 1 0 1 1 1 1 0 1 0 1 0 1 0 1 1 1 1 1 1 1 1 1 1 0 0 0 0 1 1 0 1 1 1 0 1 1 0 1 0 0 1 0 34835.0 29778.0 0 0.11663593630970132
1 0 1 0 0 0 1 1 1 0 1 1 1 1 0 0 0 1 0 0 1 0 1 0 0 1 1 1 0 1 1 1 1 1 0 1 1 0 0 0 0 1 0 1 1 1 1 1 0 1 0 1 0 1 0 1 0 0 1 1 1 0 1 1 0 1 0 1 1 0 0 1 1 1 1 1 1 1 1 1 1 0 0 1 0 1 1 0 0 1 0 0 1 1 1 1 0 0 1 0 35107.0 29461.0 0 0.16328832149104522
0 0 1 0 1 0 1 1 1 0 0 1 1 1 1 1 0 1 0 0 1 0 0 0 0 1 0 0 1 1 1 1 1 1 0 1 1 0 0 0 0 1 1 1 1 1 1 1 1 0 0 0 0 1 0 1 0 0 1 0 1 0 1 1 0 1 0 1 1 1 1 1 1 1 1 1 1 1 1 1 1 0 0 0 0 1 1 0 1 1 0 0 1 1 0 1 0 0 1 0 35329.0 29216.0 0 0.15425314549951355
0 0 1 0 1 0 1 1 1 0 0 1 1 1 1 1 0 1 0 0 1 0 0 0 0 1 0 0 1 1 1 1 1 1 0 1 1 0 0 0 0 1 1 1 1 1 1 1 1 0 0 0 0 1 0 1 0 0 1 0 1 1 1 1 0 1 1 1 0 1 0 1 1 1 1 1 1 1 1 1 1 0 0 0 0 1 1 0 1 1 1 0 1 1 0 1 0 0 1 0 35629.0 29008.0 0 0.19102621350487925
0 0 1 0 1 0 1 1 1 0 1 1 1 1 1 1 0 1 0 0 1 0 0 0 0 1 0 0 1 1 0 1 1 1 0 1 1 0 0 0 1 1 1 0 1 1 1 1 1 0 0 0 0 1 0 1 0 0 1 0 1 1 1 1 0 1 0 1 1 1 0 1 1 1 1 1 1 1 1 1 1 0 0 0 0 1 1 1 1 0 0 0 1 1 0 1 0 0 1 0 35697.0 28263.0 0 0.27079987000429556
1 0 1 0 0 0 1 1 1 0 1 1 1 1 0 0 0 1 0 0 1 0 1 1 0 1 1 1 0 1 1 1 1 0 0 1 1 0 0 0 0 1 1 0 1 1 1 1 1 0 0 0 0 1 0 1 0 0 1 0 1 1 1 1 0 1 0 1 1 1 0 1 1 1 1 1 1 1 1 1 1 0 0 0 0 1 1 1 1 1 0 0 1 1 0 1 0 0 1 0 35760.0 27107.0 0 0.23655977155320576
1 0 1 1 0 0 1 1 1 0 0 1 1 1 0 0 1 1 1 0 1 0 0 1 0 1 1 1 0 1 1 1 1 1 0 1 1 0 0 0 0 1 0 0 1 0 1 0 1 0 0 1 0 1 0 1 0 0 1 1 1 0 1 1 0 1 0 1 0 1 0 1 1 1 1 1 1 1 1 1 1 0 0 1 0 0 1 0 0 1 0 0 1 1 0 1 0 0 1 1 35792.0 26575.0 0 0.34012905088182255
1 0 1 0 0 0 1 0 1 1 1 1 1 1 0 0 1 1 1 0 1 0 0 1 0 1 1 1 0 1 1 1 1 1 0 1 1 0 0 0 1 1 0 0 1 0 1 0 1 0 0 1 0 1 0 1 0 0 1 1 1 1 1 1 0 1 0 1 1 0 0 1 1 1 1 1 1 1 1 1 1 0 0 0 0 1 1 0 1 1 0 0 1 1 0 1 0 0 1 0 36006.0 24834.0 0 2000000000000000.0
1 0 1 1 1 0 1 1 0 0 1 1 1 1 0 1 0 1 0 0 0 0 1 0 1 0 0 1 0 1 1 1 1 1 0 1 1 0 0 0 1 1 1 1 1 1 1 1 1 1 1 1 1 1 0 1 0 0 1 0 1 1 0 0 0 0 0 0 0 1 0 0 1 1 0 0 1 1 1 0 1 1 1 1 0 1 0 0 1 0 0 0 0 1 0 1 1 1 1 0 30084.0 32449.0 1 2000000000000000.0
1 0 1 1 1 0 1 1 0 0 1 1 1 1 0 1 0 1 0 0 0 0 1 0 1 0 0 1 1 1 1 1 1 1 0 1 1 0 0 0 1 1 0 1 1 1 1 1 1 1 0 1 1 1 0 1 0 0 1 0 1 0 0 0 0 0 0 0 0 1 0 0 1 1 0 0 1 1 1 0 1 1 1 1 0 1 0 0 1 1 0 0 1 1 0 1 1 0 1 0 30448.0 32111.0 1 0.23075070863659786
1 0 1 1 1 0 1 1 0 0 1 1 1 1 0 1 0 1 0 0 0 0 1 0 1 0 0 0 1 1 0 1 1 1 1 1 1 0 0 0 1 1 0 1 1 1 1 1 1 1 1 1 1 1 0 1 0 0 1 0 1 1 0 0 0 0 0 0 0 1 0 0 1 1 0 0 1 1 1 0 1 1 1 1 0 1 1 0 1 1 0 0 1 1 0 1 0 0 1 0 30725.0 31629.0 1 0.1928003407277899
1 0 1 1 1 0 1 1 1 0 0 1 1 1 1 1 0 1 0 0 1 0 0 0 0 1 0 0 1 1 1 1 1 1 0 1 0 0 0 0 0 1 1 1 1 1 1 1 1 1 1 1 1 1 0 1 0 0 1 0 1 1 0 0 0 0 0 0 0 1 0 0 1 1 0 0 1 1 1 0 1 1 1 1 0 1 0 0 1 1 0 0 0 1 0 1 1 1 1 0 31075.0 31538.0 1 0.21949709742194484
1 0 1 1 1 0 1 1 0 0 1 1 1 1 0 1 0 1 0 0 0 0 1 0 1 0 0 0 1 1 0 1 1 1 0 1 1 0 0 0 1 1 0 1 1 1 1 1 1 1 1 1 1 1 0 1 0 0 1 0 1 0 1 0 0 0 1 0 0 1 0 0 1 1 1 1 1 1 1 0 1 1 0 0 0 0 1 0 0 1 0 0 1 1 0 1 0 1 1 0 31872.0 31508.0 1 0.2374316060467751
1 0 1 1 1 0 1 1 0 0 1 1 1 1 0 1 0 1 0 0 0 0 1 0 1 0 0 0 1 1 0 1 1 1 0 1 1 0 0 0 1 1 0 1 1 1 1 1 1 1 1 1 1 1 0 1 0 0 1 0 1 0 1 0 0 0 0 0 0 1 0 1 1 1 1 1 1 1 1 0 1 0 0 0 0 1 1 0 1 1 0 0 1 1 0 1 0 0 1 0 32186.0 31248.0 1 0.12290970397057792
1 0 1 1 1 0 1 1 0 0 1 1 1 1 0 1 0 1 0 0 0 0 1 0 1 0 0 0 1 1 0 1 1 1 0 1 1 0 0 0 1 1 0 1 1 1 1 1 1 1 1 1 1 1 0 1 0 0 1 0 1 0 1 0 0 0 0 0 0 1 0 0 1 1 1 1 1 1 1 1 1 1 0 0 0 1 1 0 0 1 0 0 1 1 0 1 0 0 1 0 32307.0 31186.0 1 0.08250561498392109
1 0 1 1 1 0 1 1 0 0 1 1 1 1 0 1 0 1 0 0 0 0 1 0 1 0 0 0 1 1 0 1 1 1 0 1 1 0 0 0 1 1 0 1 1 1 1 1 1 0 1 1 0 1 0 1 0 0 1 0 1 1 1 1 0 1 0 1 1 0 0 1 1 1 1 1 1 1 1 1 1 0 0 1 0 0 1 0 0 1 0 0 1 1 0 1 0 0 0 0 32386.0 30919.0 1 0.2974262521145133
1 0 1 1 1 0 1 1 0 0 1 1 1 1 0 1 0 1 0 0 0 0 1 0 1 0 0 0 1 1 1 1 1 1 0 1 1 0 0 0 0 1 0 1 0 1 1 1 0 1 0 1 1 1 0 1 0 0 1 1 1 1 1 1 0 0 0 1 0 1 1 0 1 0 1 1 1 1 1 1 1 0 0 0 0 1 1 0 1 1 0 0 1 1 1 1 1 0 1 0 33712.0 30839.0 1 0.4559369729525087
1 0 1 1 1 0 1 1 0 0 1 1 1 1 0 1 0 1 0 0 0 0 1 0 1 0 0 0 1 1 0 1 1 1 0 1 1 0 0 0 1 1 1 1 1 1 1 1 1 0 0 0 0 1 0 1 0 0 1 0 1 0 1 1 0 1 0 1 1 1 0 1 1 1 1 1 1 1 1 1 1 1 0 0 0 1 1 0 0 1 0 0 1 1 0 1 0 0 1 0 34362.0 30169.0 1 0.227712687490464
1 0 1 0 0 0 1 1 1 0 1 1 1 1 0 0 0 1 0 0 1 0 1 1 0 1 1 1 0 1 1 1 1 0 0 1 1 0 0 0 0 1 0 1 1 1 1 1 0 1 0 1 0 1 0 1 0 0 1 0 1 0 1 1 0 1 0 1 1 1 0 1 1 1 1 1 1 1 1 1 1 0 0 1 0 0 1 0 0 1 0 0 1 1 0 1 1 0 1 0 34370.0 30061.0 1 0.18923705199579233
0 0 1 0 1 0 1 1 1 0 0 1 1 1 1 1 0 1 0 0 1 0 0 0 0 1 0 0 1 1 1 1 1 1 0 1 1 0 0 0 0 1 1 1 1 1 1 1 1 0 0 0 0 1 0 1 0 0 1 0 1 1 1 1 0 1 0 1 0 1 0 1 1 1 1 1 1 1 1 1 1 0 0 1 0 0 1 0 0 1 0 0 1 1 0 1 0 0 1 1 34831.0 29427.0 1 0.3355375164462493
0 0 1 0 1 0 1 1 1 0 0 1 1 1 1 1 0 1 0 0 1 0 0 0 0 1 0 0 1 1 1 1 1 1 0 1 1 0 0 0 0 1 1 1 1 1 1 1 1 0 0 0 0 1 0 1 0 0 1 0 1 1 1 1 0 1 0 1 0 1 0 1 1 1 1 1 1 1 1 1 1 0 0 0 0 1 1 0 1 1 1 0 1 1 0 1 0 0 1 0 35335.0 28909.0 1 0.3105394371536271
1 0 1 0 0 0 1 1 1 0 0 1 1 1 0 0 0 1 0 0 1 0 1 1 0 1 1 1 0 1 1 1 1 1 0 1 1 0 0 0 0 1 0 1 1 1 1 1 0 1 0 1 0 1 0 1 0 0 1 1 1 0 1 1 0 1 0 1 1 0 0 1 1 1 1 1 1 1 1 1 1 0 0 0 0 1 1 0 1 1 0 0 1 1 0 1 0 0 1 0 35540.0 28135.0 1 0.4713363250381067
1 0 1 0 0 0 1 1 1 0 1 1 1 1 0 0 0 1 0 0 1 0 1 0 0 1 1 1 0 1 1 1 1 1 0 1 1 0 0 0 1 1 0 0 1 0 1 0 1 0 0 1 0 1 1 1 0 0 1 1 1 0 1 1 0 1 0 1 1 0 0 1 1 1 1 1 1 1 1 1 1 0 0 0 0 1 1 0 1 1 0 0 1 1 0 1 0 0 1 0 35582.0 25931.0 1 0.38242639450632837
1 0 1 0 0 0 1 1 1 0 0 1 1 1 0 0 0 1 0 0 1 0 1 1 0 1 1 1 0 1 1 1 1 1 0 1 1 0 0 0 1 1 0 0 1 0 1 0 1 0 0 1 0 1 1 1 0 0 1 1 1 0 1 1 0 1 0 1 1 0 0 1 1 1 1 1 1 1 1 1 1 0 0 0 0 1 1 0 1 1 0 0 1 1 0 1 0 0 1 0 35708.0 25679.0 1 0.094829708881514
1 0 1 1 0 0 1 1 1 0 0 1 1 1 0 0 1 1 1 0 1 0 0 1 0 1 1 1 0 1 1 1 1 1 0 1 1 0 0 0 0 1 0 0 1 0 1 0 1 0 0 1 0 1 0 1 0 0 1 1 1 0 1 1 0 1 0 1 1 0 0 1 1 1 1 1 1 1 1 1 1 0 0 0 0 1 1 0 1 1 0 0 1 1 0 1 0 0 1 0 35759.0 25488.0 1 2000000000000000.0
1 0 1 1 1 0 1 1 0 0 1 1 1 1 0 1 0 1 0 0 0 1 1 0 1 0 0 0 1 1 0 1 1 1 0 1 1 0 0 0 0 1 0 1 1 1 1 1 1 1 1 1 1 1 0 1 0 0 1 0 1 0 0 0 0 0 0 0 0 1 0 0 1 1 0 0 1 1 1 0 1 1 1 1 0 1 0 0 1 1 0 0 0 1 0 1 1 1 1 0 29215.0 32207.0 2 2000000000000000.0
1 0 1 1 1 0 1 1 1 0 0 0 1 1 0 1 0 1 0 0 0 0 1 0 0 0 0 0 1 1 0 1 1 1 1 1 1 0 0 0 0 1 0 1 1 1 1 1 1 0 1 1 0 1 0 1 0 0 1 0 1 0 1 0 1 0 1 0 0 1 0 0 1 1 0 0 1 1 1 0 1 1 1 1 0 1 0 0 1 1 0 0 0 1 0 1 1 1 1 0 29380.0 32185.0 2 0.0882436543923697
1 0 1 1 1 0 1 1 0 0 1 1 1 1 0 1 0 1 0 0 0 0 1 0 1 0 0 0 1 1 0 1 1 1 0 1 1 0 0 0 1 1 0 1 1 1 1 1 1 1 1 1 1 1 0 1 0 0 1 0 1 1 0 0 0 0 0 0 0 1 0 0 1 1 0 0 1 1 1 0 1 1 1 1 0 1 0 0 1 1 0 0 0 1 0 1 1 1 1 0 29720.0 32122.0 2 0.15153403449200903
1 0 1 1 1 0 1 1 0 0 1 1 1 1 0 1 0 1 0 0 0 0 1 0 1 0 0 1 0 1 1 1 1 1 0 1 1 0 0 0 1 1 0 1 1 1 1 1 1 1 0 1 1 1 0 1 0 0 1 0 1 0 0 0 0 0 0 0 0 1 0 0 1 1 0 0 1 1 1 0 1 1 1 1 0 1 0 0 1 1 0 0 1 1 0 1 1 1 1 0 30257.0 32051.0 2 0.14120592203128482
1 0 1 1 1 0 1 1 0 0 1 1 1 1 0 1 0 1 0 0 0 0 1 0 1 0 0 0 1 1 0 1 1 1 1 1 1 0 0 0 1 1 0 1 1 1 1 1 1 1 1 1 1 1 0 1 0 0 1 0 1 1 0 0 0 0 0 0 0 1 0 0 1 1 0 0 1 1 1 0 1 1 1 1 0 1 1 0 0 1 0 0 1 1 1 1 0 0 1 0 30388.0 31815.0 2 0.20988637445607453
0 0 1 0 1 0 1 1 1 0 0 1 1 1 1 1 0 1 0 0 1 0 0 0 0 1 0 0 1 1 1 1 1 1 0 1 1 0 0 0 0 1 1 1 1 1 1 1 1 1 1 1 1 1 0 1 0 0 1 0 1 1 0 0 0 0 0 0 0 1 0 0 1 1 0 0 1 1 1 0 1 1 1 1 0 1 0 0 1 1 0 0 0 1 0 1 1 1 1 0 31065.0 31369.0 2 0.358893773903834
1 0 1 1 0 0 1 1 1 0 0 1 1 1 0 1 1 1 0 0 1 0 1 1 0 1 1 1 0 1 1 1 1 1 0 1 1 0 0 0 1 1 0 1 1 1 1 1 1 1 0 1 1 1 0 1 0 0 1 0 1 0 0 0 0 0 0 0 0 1 0 0 1 1 0 0 1 1 1 0 1 1 1 1 0 1 0 0 1 1 0 0 1 1 0 1 1 0 1 0 32186.0 31157.0 2 0.24251399452707598
1 0 1 1 1 0 1 1 0 0 1 1 1 1 0 1 0 1 0 0 0 0 1 0 1 0 0 0 1 1 0 1 1 1 0 1 1 0 0 0 0 1 0 1 1 1 1 1 0 1 0 1 1 1 0 1 0 0 1 1 1 1 1 1 0 0 1 1 0 1 1 0 1 0 1 1 1 1 1 0 1 1 0 0 0 0 1 0 0 1 1 0 0 1 1 1 1 0 1 0 32269.0 30911.0 2 0.2613938542788528
1 0 1 1 1 0 1 1 0 0 1 1 1 1 0 1 0 1 0 0 0 0 1 0 1 0 0 1 0 1 1 1 1 1 0 1 1 0 0 0 1 1 1 1 1 1 1 1 0 1 0 1 0 1 0 1 0 0 1 1 1 1 1 1 0 1 1 0 0 1 1 0 1 0 1 1 1 1 1 0 1 1 0 0 0 1 1 0 0 1 0 0 1 1 1 1 0 0 1 0 33617.0 30826.0 2 0.3182428722816195
0 0 1 0 1 0 1 1 1 0 0 1 1 1 1 1 0 1 0 0 1 0 0 0 0 1 0 0 1 1 1 1 1 1 0 1 1 0 0 0 0 1 1 1 1 1 1 1 1 0 1 1 0 1 0 1 0 0 1 0 1 1 1 1 0 1 0 1 1 0 0 1 1 1 1 1 1 1 1 1 1 0 0 1 0 0 1 0 0 1 0 0 1 1 0 1 0 0 0 0 33731.0 30166.0 2 0.14303368084193258
1 0 1 1 1 0 1 1 0 0 1 1 1 1 0 1 0 1 0 0 0 0 1 0 1 0 0 0 1 1 0 1 1 1 0 1 1 0 0 0 0 1 1 1 1 1 1 1 1 0 0 0 0 1 0 1 0 0 1 0 1 0 1 1 0 1 0 1 1 1 0 1 1 1 1 1 1 1 1 1 1 1 0 0 0 1 1 0 0 1 0 0 1 1 0 1 0 0 1 0 33911.0 30048.0 2 0.12795888261413993
1 0 1 0 0 0 1 0 1 0 1 1 1 1 0 1 1 1 0 0 1 0 1 1 0 1 0 1 0 1 1 1 1 1 0 1 1 0 0 0 0 1 0 1 1 1 1 1 0 1 0 1 0 1 0 1 0 0 1 1 1 0 1 1 0 1 0 1 1 0 0 1 1 1 1 1 1 1 1 1 1 0 0 1 0 1 1 0 0 1 0 0 1 1 1 1 0 0 1 0 34307.0 29852.0 2 0.15412829274806916
1 0 1 1 1 0 1 1 0 0 1 1 1 1 0 1 0 1 0 0 0 0 1 0 1 0 0 1 0 1 1 1 1 1 0 1 1 0 0 0 1 1 0 1 1 1 1 1 0 1 0 1 0 1 0 1 0 0 1 1 1 0 1 1 0 1 0 1 1 0 0 1 1 1 1 1 1 0 1 1 1 0 0 0 0 1 1 0 1 1 0 0 1 1 0 1 0 0 1 0 34360.0 29371.0 2 0.13999666443677322
1 0 1 0 0 0 1 1 1 0 1 1 1 1 0 0 0 1 0 0 1 0 1 1 0 1 1 1 0 1 1 1 1 0 0 1 1 0 0 0 0 1 0 1 1 1 1 1 0 1 0 1 0 1 0 1 0 0 1 0 1 0 1 1 0 1 0 1 1 1 0 1 1 1 1 1 1 1 1 1 1 0 0 1 0 0 1 0 0 1 0 0 1 1 0 1 0 0 1 1 34682.0 29197.0 2 0.11211093854526005
1 0 1 1 0 0 1 1 0 0 1 1 1 1 0 1 0 1 0 0 0 0 1 0 1 1 0 0 1 1 0 1 1 1 0 1 1 0 0 1 1 1 0 1 1 1 1 1 1 0 0 0 0 1 0 1 0 0 1 0 1 1 1 1 0 1 0 1 0 1 0 1 1 1 1 1 1 1 1 1 1 1 0 0 0 1 1 0 0 1 0 0 1 1 0 1 0 0 1 0 34782.0 28995.0 2 0.10222937113349652
1 0 1 0 0 0 1 0 1 0 1 1 1 1 0 1 1 1 0 0 1 0 1 1 0 1 0 1 0 1 1 1 1 1 0 1 1 0 0 0 0 1 0 1 1 1 1 1 0 1 0 1 0 1 0 1 0 0 1 1 1 1 1 1 0 0 1 1 1 0 0 1 1 1 1 1 1 1 1 1 1 0 0 0 0 1 1 0 1 1 0 0 1 1 0 1 0 0 1 0 35029.0 28808.0 2 0.1376674891710101
1 0 1 0 0 0 1 1 1 0 1 1 1 1 0 0 0 1 0 0 1 0 1 1 0 1 1 1 0 1 1 1 1 0 0 1 1 0 0 0 0 1 1 1 1 1 1 1 1 0 0 0 0 1 0 1 0 0 1 0 1 0 1 1 0 1 0 1 1 1 0 1 1 1 1 1 1 1 1 1 1 1 0 0 1 1 1 0 0 1 0 0 1 1 0 1 0 0 1 0 35327.0 28566.0 2 0.34510420311879353
1 0 1 0 1 1 1 1 1 0 0 1 1 1 0 0 1 1 1 0 0 0 0 1 0 1 1 1 0 1 1 1 1 1 0 1 1 0 0 0 0 1 0 0 1 0 1 1 0 1 0 1 0 1 0 1 0 0 1 1 1 0 1 1 0 1 0 1 1 0 0 1 1 1 1 1 1 1 1 1 1 0 0 0 0 1 1 0 1 1 0 0 1 1 0 1 0 0 1 0 35355.0 26463.0 2 0.3239790208838985
1 0 1 0 0 0 1 1 1 0 1 1 1 1 0 1 1 1 0 0 1 0 1 1 0 1 1 1 0 1 1 1 1 1 0 1 1 0 0 0 0 1 0 0 1 0 1 0 1 0 0 1 0 1 0 1 0 0 1 1 1 0 1 1 0 1 0 1 1 0 0 1 0 1 1 1 1 1 1 1 1 0 0 0 0 1 1 0 1 1 0 0 1 1 0 1 0 0 1 0 35531.0 26240.0 2 0.2490542024386985
1 0 1 0 0 0 1 0 1 1 1 1 1 1 0 0 1 1 1 0 1 0 0 1 0 1 1 1 0 1 1 1 1 1 0 1 1 0 0 0 1 1 0 0 1 0 1 0 1 0 0 1 0 1 0 1 0 0 1 1 1 0 1 1 0 1 0 1 1 0 0 1 1 1 1 1 1 1 1 1 1 0 0 0 0 1 1 0 1 1 0 0 1 1 0 1 0 0 1 0 35593.0 24774.0 2 0.27934337320346025
1 0 1 0 0 0 1 0 1 1 1 1 1 1 0 0 1 1 1 0 1 0 0 1 0 1 1 0 0 1 1 1 1 1 0 1 1 0 0 0 1 1 0 0 1 0 1 0 1 0 0 1 0 1 0 1 0 0 1 1 1 0 1 1 0 1 0 1 1 0 0 1 1 1 1 1 1 1 1 1 1 0 0 0 0 1 1 0 1 1 0 0 1 1 0 1 0 0 1 1 35727.0 24259.0 2 2000000000000000.0
0 0 1 1 1 0 1 1 0 0 1 1 1 1 0 1 0 1 0 0 0 0 1 0 1 0 0 0 1 1 0 1 1 1 0 1 1 0 0 0 0 1 1 1 1 1 1 1 1 1 0 1 1 1 0 1 0 0 1 0 1 0 0 0 0 0 0 0 0 1 0 0 1 1 0 0 1 1 1 0 1 1 1 1 0 1 0 0 1 1 0 1 0 1 0 1 1 1 1 0 29132.0 32104.0 3 2000000000000000.0
1 0 1 1 1 0 1 1 0 0 1 1 1 1 0 1 0 1 0 0 0 0 1 0 1 0 0 0 1 1 0 1 1 1 0 1 1 0 0 0 1 1 0 1 1 1 1 1 1 1 1 1 1 1 0 1 0 0 1 0 1 0 0 0 0 0 0 0 0 1 0 0 1 1 0 0 1 1 1 0 1 1 1 1 0 1 0 0 1 1 0 0 0 1 0 1 1 1 1 0 29307.0 32062.0 3 0.12166864779297959
1 0 1 1 1 0 1 1 1 0 0 0 1 1 1 1 0 1 0 0 0 0 1 0 0 0 0 0 1 1 0 1 1 1 1 1 1 0 0 0 0 1 0 1 1 1 1 1 1 0 1 1 0 1 0 1 0 0 1 0 1 0 1 0 0 0 1 0 0 1 0 0 1 1 0 0 1 1 1 0 1 1 1 1 0 1 0 0 1 1 0 0 0 1 0 1 1 1 1 0 29844.0 32020.0 3 0.10830333576763888
1 0 1 1 1 0 1 1 0 0 1 1 1 1 0 1 0 1 0 0 0 0 1 0 1 0 0 1 0 1 1 1 1 1 0 1 1 0 0 0 1 1 0 1 1 1 1 1 1 1 0 1 1 1 0 1 0 0 1 0 1 0 0 0 0 0 0 0 0 1 0 0 1 1 0 0 1 1 1 0 1 1 1 1 0 1 1 0 0 1 0 0 1 1 1 1 1 0 1 0 29944.0 31991.0 3 0.0826652748124764
0 0 1 1 1 0 1 1 1 0 0 1 1 1 1 1 0 1 0 0 0 0 1 0 0 0 0 0 1 1 0 1 1 1 0 1 1 0 1 0 1 1 1 1 1 1 1 0 1 0 1 1 0 0 0 1 1 0 1 0 1 0 1 0 0 0 1 0 0 1 0 0 1 1 0 0 1 1 1 0 1 1 1 1 0 1 1 0 0 1 0 0 1 1 1 1 0 0 1 0 30051.0 31638.0 3 0.1297842352181535
0 0 1 1 1 0 1 1 1 0 0 1 1 1 1 1 0 1 0 0 1 0 0 0 0 0 0 0 1 1 1 1 1 1 0 1 1 0 0 0 0 1 0 1 1 1 1 1 1 0 1 1 0 1 0 1 0 0 1 0 1 0 1 0 0 0 1 0 0 1 0 0 1 1 0 0 1 1 1 0 1 1 1 1 0 1 0 0 1 1 0 0 0 1 0 1 1 1 1 0 30187.0 31295.0 3 0.08779489961973752
1 0 1 1 1 0 1 1 0 0 1 1 1 1 0 1 0 1 0 0 0 0 1 0 1 0 0 0 1 1 0 1 1 1 0 1 1 0 0 0 1 1 0 1 1 1 1 1 1 1 1 1 1 1 0 1 0 0 1 0 1 1 0 0 0 0 0 0 0 1 0 0 1 1 0 0 1 1 1 0 1 1 1 1 0 1 1 0 1 1 0 0 1 1 0 1 0 0 1 0 30274.0 31236.0 3 0.0677925337688241
0 0 1 0 1 0 1 1 1 0 1 1 1 1 1 1 0 1 0 0 1 0 0 0 0 1 0 0 1 1 0 1 1 1 0 1 1 0 0 0 1 1 0 1 1 1 1 1 1 1 1 1 1 1 0 1 0 0 1 0 1 0 0 0 0 0 0 0 0 1 0 0 1 1 0 0 1 1 1 0 1 1 1 1 0 1 0 0 1 1 0 0 0 1 0 1 1 1 1 0 30558.0 31218.0 3 0.08256805312649533
0 0 1 0 1 0 1 1 1 0 0 1 1 1 1 1 0 1 0 0 1 0 0 0 0 1 0 0 1 1 1 1 1 1 0 1 1 0 0 0 0 1 1 1 1 1 1 1 1 1 0 1 1 1 0 1 0 0 1 0 1 0 0 0 0 0 0 0 0 1 0 0 1 1 0 0 1 1 1 0 1 1 1 1 0 1 0 0 1 1 0 1 0 1 0 1 1 1 1 0 30787.0 31214.0 3 0.05834985184680039
1 0 1 1 1 0 1 1 0 0 1 1 1 1 0 1 0 1 0 0 0 0 1 0 1 0 0 0 1 1 0 1 1 1 0 1 1 0 1 0 1 1 1 1 1 1 1 0 1 0 1 1 0 0 0 1 0 0 1 0 1 0 1 0 0 0 1 0 0 1 0 1 1 1 1 1 1 1 1 1 1 0 0 1 0 0 1 0 0 1 1 0 0 1 1 1 0 0 1 0 30898.0 31176.0 3 0.11290393002338567
0 0 1 0 1 0 1 1 1 0 0 1 1 1 1 1 0 1 0 0 1 0 0 0 0 1 0 0 1 1 0 1 1 1 0 1 1 0 1 0 1 1 0 1 1 1 1 1 1 1 0 1 1 1 0 1 0 0 1 0 1 0 1 0 0 0 0 0 0 1 0 0 1 1 0 0 1 1 1 0 1 1 1 1 0 1 1 0 0 1 0 0 1 1 1 1 0 0 1 0 31440.0 31127.0 3 0.16246509753795174
1 0 1 0 1 0 1 1 1 0 0 1 1 1 1 1 0 1 0 0 0 0 1 0 0 0 0 1 1 1 1 1 1 1 0 1 1 0 0 0 0 1 0 1 1 1 1 1 0 1 0 1 0 1 0 1 0 0 1 1 1 0 1 0 0 0 0 1 1 0 0 1 1 0 1 1 1 1 1 1 1 0 0 1 0 0 1 0 0 1 0 0 0 1 0 1 1 1 1 0 31785.0 30989.0 3 0.1459678671443254
0 0 1 1 1 0 1 1 0 0 1 1 1 1 0 1 0 1 0 0 0 0 1 0 1 0 0 0 1 1 0 1 1 1 0 1 1 0 0 0 1 1 0 1 1 1 1 1 1 0 1 1 0 1 0 1 0 0 1 0 1 1 1 1 0 1 0 1 1 0 0 1 1 1 1 1 1 1 1 1 1 0 0 1 0 0 1 0 0 1 0 0 1 1 0 1 0 0 0 0 32070.0 30763.0 3 0.13177329562210596
1 0 1 0 1 0 1 1 1 0 0 1 1 1 1 1 0 1 0 0 0 0 1 0 0 0 0 1 1 1 1 1 1 1 0 1 1 0 1 0 1 1 0 1 1 1 1 0 0 1 0 1 0 1 0 1 0 0 1 0 1 0 1 0 0 0 1 1 1 0 0 1 1 1 1 1 1 1 1 1 1 0 0 1 0 0 1 0 0 1 0 0 1 1 0 1 0 0 1 0 32281.0 30575.0 3 0.15467222696396193
1 0 1 1 1 0 1 1 0 0 1 1 1 1 0 1 0 1 0 0 0 0 1 0 1 0 0 0 1 1 0 1 1 1 0 1 1 0 0 0 0 1 0 1 1 1 1 1 0 1 0 1 0 1 0 1 0 0 1 1 1 0 1 1 0 1 0 1 1 0 0 1 1 1 1 1 1 1 1 1 1 0 0 1 0 0 1 0 0 1 0 0 1 1 0 1 0 0 1 0 32900.0 30568.0 3 0.20747549331687865
1 0 1 1 1 0 1 1 1 0 0 0 1 1 1 1 0 1 0 0 0 0 1 0 0 0 0 0 0 1 1 1 1 1 0 1 1 0 0 0 0 1 0 1 1 1 1 1 0 1 0 1 0 1 0 1 0 0 1 1 1 0 1 1 0 1 0 1 1 0 0 1 1 1 1 1 1 1 1 1 1 0 0 1 0 1 1 0 0 1 0 0 1 1 1 1 0 0 1 0 33572.0 30522.0 3 0.22552545713086022
1 0 1 1 1 0 1 1 0 0 1 1 1 1 0 1 0 1 0 0 0 0 1 0 1 0 0 0 1 1 0 1 1 1 0 1 1 0 0 0 0 1 1 1 1 1 1 1 1 0 0 0 0 1 0 1 0 0 1 0 1 0 1 1 0 1 0 1 1 1 0 1 1 1 1 1 1 1 1 1 1 0 0 0 0 1 1 0 1 1 1 0 1 1 0 1 0 0 1 0 33895.0 30031.0 3 0.20156353582990555
1 0 1 1 1 0 1 1 0 0 1 1 1 1 0 1 0 1 0 0 0 0 1 0 1 1 1 1 0 1 1 1 1 0 0 1 1 0 0 0 0 1 0 1 1 1 1 1 0 1 0 1 0 1 0 1 0 0 1 0 1 0 1 1 0 1 0 1 1 0 0 1 1 1 1 1 1 1 1 1 1 0 0 0 0 1 1 0 1 1 0 0 1 1 0 1 0 0 1 0 34273.0 29821.0 3 0.17430199183288303
1 0 1 1 1 0 1 1 0 0 1 1 1 1 0 1 0 1 0 0 0 1 1 0 1 0 0 0 1 1 0 1 1 1 0 1 1 0 0 0 0 1 1 0 1 1 1 1 1 0 0 0 0 1 0 1 0 0 1 0 1 1 1 1 0 1 0 1 1 1 0 1 1 1 1 1 1 1 1 1 1 0 0 0 0 1 1 1 1 0 0 0 1 1 0 1 0 0 1 0 34354.0 29252.0 3 0.16359850852815094
1 0 1 0 0 0 1 1 1 0 1 1 1 1 0 0 0 1 0 0 1 0 1 0 0 1 0 1 0 1 1 1 1 1 0 1 1 0 0 0 1 1 0 1 1 1 1 1 0 1 0 1 0 1 0 1 0 0 1 1 1 0 1 1 0 1 0 1 1 0 0 1 1 1 1 1 1 1 1 1 1 0 0 1 0 0 1 0 0 1 0 0 1 1 0 1 0 0 1 1 34629.0 29002.0 3 0.15785107214941435
1 0 1 0 0 0 1 1 1 0 0 1 1 1 0 0 0 1 0 0 1 0 1 1 0 1 1 1 0 1 1 1 1 0 0 1 1 0 1 0 0 1 1 1 1 1 1 1 1 0 0 0 0 1 0 1 0 0 1 0 1 1 1 1 0 1 0 1 0 1 0 1 1 1 1 1 1 1 1 1 1 0 0 1 0 0 1 0 0 1 0 0 1 1 0 1 0 0 1 1 34851.0 28642.0 3 0.14294660159481146
0 0 1 0 1 0 1 1 1 0 0 1 1 1 1 1 0 1 0 0 1 0 0 0 0 1 1 1 0 1 1 1 1 0 0 1 1 0 0 0 0 1 0 1 1 1 1 1 0 1 0 1 0 1 0 1 0 0 1 1 1 0 1 1 0 1 0 1 1 0 0 1 1 1 1 1 1 1 1 1 1 0 0 0 0 1 1 0 1 1 0 0 1 1 0 1 0 0 1 0 35145.0 28527.0 3 0.1436104568967409
1 0 1 0 0 0 1 1 1 0 1 1 1 1 0 0 0 1 0 0 1 0 1 1 0 1 1 1 0 1 1 1 1 0 0 1 1 0 0 0 0 1 0 1 1 1 1 1 0 1 0 1 0 1 0 1 0 0 1 1 1 0 1 1 0 1 0 1 1 0 0 1 1 1 1 1 1 1 1 1 1 0 0 0 0 1 1 0 1 1 0 0 1 1 0 1 0 0 1 0 35212.0 27980.0 3 0.29448374750784323
1 0 1 1 0 0 1 1 1 0 0 1 1 1 0 1 1 1 0 0 1 0 1 1 0 1 1 0 0 1 1 1 1 1 0 1 1 0 0 0 1 1 0 0 1 0 1 0 1 0 0 1 0 1 0 1 0 0 1 1 1 0 1 1 0 1 0 1 1 0 0 1 1 1 1 1 1 1 1 0 1 0 1 0 0 1 1 0 1 0 0 0 1 1 0 1 0 0 1 0 35315.0 26500.0 3 0.3181519911346267
1 0 1 0 0 0 1 1 1 0 1 1 1 1 0 0 0 1 0 0 1 0 1 1 0 1 1 1 0 1 1 1 1 1 0 1 1 0 0 0 1 1 0 0 1 0 1 0 1 0 0 1 0 1 0 1 0 0 1 1 1 0 1 1 0 1 0 1 1 0 0 0 1 1 1 1 1 1 1 1 1 1 0 0 0 1 1 0 0 1 0 0 1 1 0 1 0 0 1 0 35376.0 25767.0 3 0.29873502962652837
1 0 1 0 0 0 1 1 1 1 1 1 1 1 0 0 1 1 1 0 1 0 0 1 0 1 1 1 0 1 1 1 1 1 0 1 1 0 0 0 1 1 0 0 1 0 1 0 1 0 0 1 0 1 0 1 0 0 1 1 1 1 1 1 0 1 0 1 1 0 0 1 1 1 1 1 1 1 0 1 1 0 0 0 0 1 1 0 1 1 0 0 1 1 0 1 0 0 0 0 35572.0 24543.0 3 2000000000000000.0
1 0 1 1 1 0 1 1 1 0 0 0 1 1 0 1 0 1 0 0 0 0 1 0 0 0 0 0 1 1 0 1 1 1 1 1 1 0 0 0 0 1 0 1 1 1 1 1 1 0 1 1 0 1 1 1 0 0 1 0 1 0 1 0 1 0 1 0 0 1 0 0 1 1 0 0 1 1 1 0 1 1 1 1 0 1 0 0 1 1 0 0 1 1 0 1 1 0 1 0 29881.0 31960.0 4 2000000000000000.0
1 0 1 0 1 0 1 1 1 0 0 1 1 1 0 0 1 1 1 0 0 0 0 1 0 1 1 1 0 1 1 1 1 1 0 1 1 0 0 0 0 1 0 0 1 0 1 1 0 1 0 1 0 1 0 1 0 0 1 1 1 0 1 1 0 1 0 1 1 0 0 1 1 1 1 1 1 1 1 1 1 0 0 0 0 1 1 0 1 1 0 0 1 1 0 1 0 0 1 0 35301.0 26307.0 4 2000000000000000.0
1 0 1 0 0 0 1 1 1 0 0 1 1 1 0 0 0 1 0 0 1 1 1 1 0 1 1 1 0 1 1 1 1 0 0 1 1 0 0 0 0 1 1 1 1 1 1 1 1 0 0 0 0 1 0 1 0 0 1 0 1 0 1 1 0 1 0 1 1 1 0 1 1 1 1 1 1 1 1 1 1 0 0 0 0 1 1 0 1 1 0 0 1 1 0 1 0 0 1 0 35057.0 27860.0 4 0.33887750552721635
0 0 0 0 1 0 1 1 1 0 0 1 1 1 1 1 0 1 0 0 1 0 0 0 0 1 0 0 1 1 1 1 1 1 0 1 1 0 0 0 0 1 1 1 1 1 1 1 1 0 0 0 0 1 0 1 0 0 1 0 1 1 1 1 0 1 0 1 0 1 0 1 1 1 1 1 1 1 1 1 1 0 0 0 0 1 1 0 1 1 0 0 1 1 0 1 0 0 1 0 34942.0 28525.0 4 0.3210159775399217
1 0 1 0 0 0 1 1 1 0 0 1 1 1 0 0 0 1 0 0 1 0 1 1 0 1 1 1 0 1 1 1 1 0 0 1 1 0 0 0 0 1 1 0 1 1 1 1 1 0 0 0 0 1 0 1 0 0 1 0 1 1 1 1 0 1 0 1 1 1 0 1 1 1 1 1 1 1 1 1 1 0 0 0 0 1 1 0 1 1 0 0 1 1 0 1 0 0 1 0 35074.0 26747.0 4 0.31973983705872233
1 0 1 1 1 0 1 1 0 0 1 1 1 1 0 1 0 1 0 0 0 0 1 0 1 0 0 0 1 1 0 1 1 1 0 1 1 0 0 0 1 1 0 1 1 1 1 1 1 1 1 1 1 1 0 1 0 0 1 0 1 0 1 0 0 0 1 0 0 1 0 0 1 1 1 1 1 1 1 0 1 1 0 0 0 0 1 0 0 1 0 0 1 1 0 1 0 0 1 0 31412.0 30993.0 4 0.3039292071675304
1 0 1 0 1 0 1 1 1 0 0 1 1 1 1 1 0 1 0 0 0 0 1 0 0 0 0 1 1 1 1 1 1 1 0 1 1 0 0 0 0 1 0 1 1 1 1 1 0 1 0 1 0 1 0 1 0 0 1 1 1 0 1 0 0 0 1 0 0 1 0 0 1 1 0 0 1 1 1 0 1 1 1 1 0 1 1 0 0 1 0 0 1 1 1 1 0 0 1 0 30709.0 31124.0 4 0.292217599250107
1 0 1 0 1 0 1 1 1 0 0 1 1 1 1 1 0 1 0 0 0 0 1 0 0 0 0 1 1 1 1 1 1 1 0 1 1 0 0 0 0 1 0 1 1 1 1 1 0 1 0 1 0 1 0 1 0 0 1 1 1 0 1 0 0 0 0 1 1 0 0 1 1 1 1 1 1 1 1 1 1 0 0 1 0 0 1 0 0 1 0 0 1 1 0 1 0 0 1 0 32558.0 30505.0 4 0.2895069267338648
1 0 1 0 0 0 1 1 1 0 0 1 1 1 0 0 0 1 0 0 1 0 1 1 0 1 1 1 0 1 1 1 1 0 0 1 1 0 0 0 0 1 0 1 1 1 1 1 0 1 0 1 0 1 0 1 0 0 1 0 1 0 1 1 0 1 0 1 1 1 0 1 1 1 1 1 1 1 1 1 1 0 0 1 0 0 1 0 0 1 0 0 1 1 0 1 0 0 1 1 34273.0 28857.0 4 0.2852278743024421
1 0 1 1 0 0 1 1 1 0 0 1 1 1 1 1 0 1 0 0 0 0 1 0 0 0 0 1 1 1 1 1 1 1 0 1 1 0 0 0 0 1 0 1 1 1 1 1 0 1 0 1 0 1 0 1 0 0 1 1 1 0 1 1 0 1 0 1 1 0 0 1 1 1 1 0 1 1 1 1 1 0 0 0 0 1 1 0 1 1 0 0 1 1 0 1 0 0 1 0 33816.0 29891.0 4 0.2820837383148237
1 0 1 1 1 0 1 1 0 0 1 1 1 1 0 1 0 1 0 0 0 0 1 0 0 1 1 1 0 1 1 1 1 0 0 1 1 0 0 0 0 1 0 1 1 1 1 1 0 1 0 1 0 1 0 1 0 0 1 0 1 0 1 1 0 1 0 1 1 1 0 1 0 1 1 1 1 1 1 1 1 0 0 1 0 0 1 0 0 1 0 1 1 1 0 1 0 0 1 0 33436.0 30434.0 4 0.19660889329572215
1 0 1 1 1 0 1 1 1 0 0 1 1 1 1 1 0 1 0 0 0 0 1 0 0 0 0 0 1 1 0 1 1 1 0 1 1 0 1 0 1 1 1 1 1 1 1 0 1 0 1 1 0 0 0 1 0 0 1 0 1 0 1 0 0 0 0 1 1 0 0 1 1 1 1 1 1 1 1 1 1 0 0 1 0 0 1 0 0 1 0 0 1 1 0 1 0 0 1 0 31991.0 30743.0 4 0.1828103550803739
1 0 1 1 1 0 1 1 0 0 1 1 1 1 0 1 0 1 0 0 0 0 1 0 1 0 0 0 1 1 0 1 1 1 0 1 1 0 0 0 1 1 0 1 1 1 1 1 1 1 1 1 1 1 0 1 0 0 1 0 1 0 0 0 0 0 0 0 0 1 0 0 1 1 1 1 1 1 1 0 1 1 0 0 0 0 1 0 0 1 1 0 0 1 1 1 1 0 1 0 30065.0 31240.0 4 0.17317787701138676
1 0 1 1 1 0 1 1 0 0 1 1 1 1 0 1 0 1 0 0 0 0 1 0 1 0 0 0 1 1 1 1 1 1 0 1 1 0 0 0 0 1 0 1 0 1 1 1 0 1 0 1 1 1 0 1 0 0 1 1 1 1 1 1 0 0 0 1 0 1 1 0 1 0 1 1 1 1 1 1 1 0 0 0 0 1 1 0 1 1 0 0 1 1 0 1 1 0 1 0 33545.0 30423.0 4 0.16616589304049473
1 0 1 1 0 0 1 0 1 1 1 1 1 1 0 1 0 1 0 0 1 0 1 0 0 1 0 0 1 1 1 1 1 1 0 1 1 0 0 0 0 1 1 1 1 1 1 1 1 0 0 0 0 1 0 1 0 0 1 0 1 1 1 1 0 1 0 1 0 1 0 0 1 1 1 1 1 1 1 1 1 0 0 1 0 0 1 1 0 1 0 0 1 1 0 1 0 0 1 1 34234.0 29547.0 4 0.16416280941510694
1 0 1 1 1 0 1 1 0 0 1 1 1 1 0 1 0 1 0 0 0 0 1 0 1 0 0 0 1 1 0 1 1 1 0 1 1 0 1 0 1 1 1 1 1 1 1 0 1 0 1 1 0 0 0 1 0 0 1 0 1 0 1 0 0 0 1 0 0 1 0 0 1 1 0 0 1 1 1 0 1 1 1 1 0 1 0 0 0 1 0 0 1 1 0 1 1 0 1 1 30035.0 31400.0 4 0.1613143398371864
0 0 1 1 1 0 1 1 1 0 0 1 1 1 1 1 0 1 0 0 0 0 1 0 0 0 0 0 1 1 0 1 1 1 0 1 1 0 1 0 1 1 0 1 1 1 1 1 0 1 0 1 0 1 0 1 0 0 1 1 1 1 1 1 0 0 1 0 0 1 0 0 1 0 1 1 1 1 1 0 1 0 0 1 0 0 1 0 0 1 0 0 1 1 0 1 0 0 1 1 32050.0 30625.0 4 0.14671408513129616
