0 0 1 0 1 0 1 1 1 0 0 1 1 1 1 1 0 1 0 0 0 0 1 0 0 0 0 0 1 1 0 1 1 1 0 1 1 0 1 0 1 1 0 1 1 1 1 0 1 0 1 1 0 0 0 1 0 0 1 0 1 0 1 0 0 0 1 0 0 1 0 0 1 1 0 0 1 1 1 0 1 1 1 1 0 1 0 0 1 1 0 0 0 1 0 1 1 1 1 0 28667.0 30828.0 0 2000000000000000.0
1 0 1 0 1 0 1 1 1 0 0 1 1 1 1 1 0 1 0 0 0 1 1 0 0 0 0 0 0 1 0 1 1 1 0 1 1 0 1 0 1 1 0 1 1 1 1 0 0 1 0 1 1 1 0 1 0 0 1 0 1 0 1 1 0 0 0 1 1 0 0 1 1 1 1 1 1 1 1 1 1 0 0 1 0 0 1 0 0 1 1 0 0 1 1 1 0 0 1 0 31172.0 29947.0 0 0.9593487305882722
1 0 1 0 1 0 1 1 1 0 0 1 1 1 1 1 0 1 0 0 0 1 1 0 0 0 0 0 0 1 0 1 1 1 0 1 1 1 1 0 1 1 0 1 1 1 1 0 0 1 0 1 1 1 0 1 0 0 1 0 1 0 1 1 0 1 0 1 1 0 0 1 1 1 1 1 1 0 1 1 1 0 0 1 0 0 1 0 0 1 0 0 1 1 0 1 0 0 1 0 31733.0 28986.0 0 0.41498145831536193
1 0 1 0 0 0 0 0 1 1 1 1 1 1 0 1 1 1 0 0 1 0 1 0 0 1 1 1 0 1 1 1 1 1 0 1 1 0 0 0 0 1 0 1 1 1 1 0 1 1 1 1 1 0 0 1 0 0 1 1 1 0 1 0 1 0 0 0 1 0 0 1 1 1 1 1 0 1 1 1 1 0 0 1 0 1 1 0 0 1 0 0 1 1 0 1 0 0 1 0 31886.0 28628.0 0 0.18563781490496123
1 0 1 0 0 0 0 0 1 1 1 1 1 0 0 1 1 1 0 0 1 0 1 0 0 1 1 1 0 1 1 1 1 1 0 1 1 0 0 0 0 1 0 1 1 1 1 0 1 1 1 1 1 1 0 1 0 0 1 1 1 1 1 1 0 0 1 0 0 1 1 0 1 0 1 1 1 1 1 0 1 1 0 0 0 0 1 0 0 1 1 0 0 1 1 1 1 0 1 0 32233.0 28550.0 0 0.14455871517659696
1 0 1 0 0 0 1 1 1 0 0 1 1 1 0 0 0 1 0 0 1 0 1 1 0 1 1 1 0 1 1 1 1 0 0 1 1 0 0 0 0 1 0 1 1 1 1 1 0 1 0 1 1 1 0 1 0 0 1 1 1 1 1 1 0 0 1 0 0 1 1 0 1 0 1 1 1 1 1 0 1 1 0 0 0 0 1 0 0 1 1 0 0 1 1 1 1 0 1 0 32283.0 28295.0 0 0.39792783446573704
1 0 1 0 0 0 1 0 1 0 1 1 1 1 0 1 1 1 0 0 1 0 1 1 0 1 1 1 0 1 1 1 0 1 0 1 1 0 0 0 1 1 0 1 1 1 1 1 1 0 0 0 0 0 0 1 0 0 1 0 1 1 1 1 0 1 0 1 1 0 0 1 1 1 1 1 1 1 1 1 1 0 0 1 0 0 1 0 0 1 0 0 1 1 0 1 0 0 1 0 33717.0 27967.0 0 0.71658934477669
1 0 1 1 0 0 1 0 1 0 1 1 1 1 0 1 1 1 0 0 1 0 1 1 0 1 1 1 0 1 1 1 1 1 0 1 1 0 0 0 1 1 0 1 1 1 1 0 1 0 0 0 0 1 0 1 0 0 1 1 1 0 1 1 0 0 1 1 1 0 0 1 1 1 1 1 1 1 0 1 1 0 0 0 0 0 1 0 0 1 0 0 1 1 0 1 0 0 1 0 34022.0 26449.0 0 0.45708562004098985
1 0 1 0 1 0 0 0 1 1 1 1 1 1 0 0 0 1 0 0 1 0 0 1 0 1 1 1 0 1 1 1 1 1 0 1 1 0 0 0 1 1 0 1 1 0 1 0 1 0 0 1 0 1 0 1 0 0 1 1 1 0 1 1 0 1 0 1 1 0 0 1 1 1 1 1 1 1 1 1 1 0 0 1 0 0 1 0 0 1 0 0 1 1 0 1 0 0 1 0 34114.0 26182.0 0 2000000000000000.0
1 0 1 0 1 0 1 1 1 0 0 1 1 1 1 1 0 1 0 0 0 1 1 0 0 0 0 0 0 1 0 1 1 1 0 1 1 0 1 0 1 1 0 1 1 1 1 0 1 0 1 1 0 0 1 0 0 0 1 0 1 0 1 0 0 0 1 0 0 1 1 0 1 0 1 1 1 1 1 0 1 1 1 0 0 0 1 0 0 1 1 0 0 1 1 1 1 1 1 0 29472.0 29714.0 1 2000000000000000.0
1 0 1 1 0 0 1 1 0 0 1 1 1 1 0 1 1 1 0 1 0 1 1 1 1 1 1 0 0 1 1 1 1 0 0 1 1 0 0 0 0 1 0 1 1 1 1 1 0 1 0 1 1 1 0 1 0 0 1 0 1 0 0 0 0 0 0 0 0 1 0 0 1 1 0 0 1 1 1 1 1 1 1 1 0 1 0 1 1 1 0 0 0 1 0 1 0 1 1 0 30536.0 29695.0 1 0.6059014085964604
1 0 1 0 1 0 1 1 1 0 0 1 1 1 1 1 0 1 0 0 0 1 1 0 0 0 0 0 0 1 0 1 1 1 0 1 1 0 1 0 1 1 0 1 1 1 1 0 0 1 0 1 1 1 0 1 0 0 1 0 1 0 1 1 0 0 0 1 1 0 0 1 1 1 1 1 1 1 0 1 1 0 0 1 0 0 1 0 0 1 0 0 1 1 0 1 0 0 1 0 31166.0 28850.0 1 0.7654050361722419
1 0 1 0 0 0 1 0 1 1 1 1 1 1 0 1 1 1 0 0 1 0 1 1 0 1 1 1 0 1 1 1 1 1 0 1 1 0 1 0 1 1 0 1 1 1 1 0 1 0 1 1 0 0 1 0 0 0 1 0 1 0 1 0 0 0 1 0 0 1 1 1 0 0 1 1 1 1 1 0 1 0 0 1 0 1 1 0 0 1 0 0 1 1 0 1 0 0 1 1 32099.0 28125.0 1 0.43676840438412945
1 0 1 0 0 0 0 0 1 1 1 1 1 1 0 1 0 1 0 0 1 0 1 1 0 1 1 0 0 1 1 1 1 1 0 1 1 0 1 0 1 1 0 1 1 1 1 0 1 0 1 1 0 0 1 0 0 0 1 0 1 0 1 0 0 0 1 1 0 1 1 0 1 0 1 1 1 1 1 0 1 1 1 0 0 0 1 0 0 1 1 0 1 1 1 1 1 0 1 0 32147.0 28028.0 1 0.2593183676426389
1 0 1 0 0 0 0 0 1 1 1 1 1 1 0 1 0 1 0 0 1 0 1 1 0 1 1 1 0 1 1 1 1 1 0 1 1 0 0 0 1 1 0 1 1 1 1 0 1 0 1 1 0 0 1 0 0 0 1 1 1 0 1 1 0 1 0 1 0 1 1 0 1 0 1 1 1 1 1 0 1 0 0 1 0 1 1 0 0 1 0 0 1 1 1 1 0 0 1 0 33007.0 27907.0 1 0.28767452210181377
1 0 1 0 0 0 1 0 1 0 1 1 1 1 0 1 1 1 0 0 1 0 1 1 0 1 1 1 0 1 1 1 1 1 0 1 1 0 1 0 0 1 0 1 1 1 1 0 1 0 0 0 0 0 0 1 0 0 1 0 1 1 1 1 0 1 0 1 1 0 0 1 1 1 1 1 1 1 1 1 1 0 0 1 0 0 1 0 0 1 0 0 1 1 0 1 0 0 1 0 33177.0 27805.0 1 0.10413471191562662
0 0 1 0 0 0 1 0 1 0 1 1 1 1 0 1 1 1 0 0 1 0 1 1 0 1 1 1 0 1 1 1 1 1 0 1 1 0 1 0 1 1 0 1 1 1 1 0 1 0 0 0 0 0 0 1 0 0 1 0 1 1 1 1 0 1 0 1 1 0 0 1 1 1 1 1 1 1 1 1 1 0 0 1 0 0 1 0 0 1 0 0 1 1 0 1 0 0 1 0 33312.0 27770.0 1 0.1324908663748015
1 0 1 0 0 0 1 0 1 0 1 1 1 1 0 1 1 1 0 0 1 0 1 1 0 1 1 1 0 1 1 1 1 1 0 1 1 0 0 0 1 1 0 1 1 1 1 0 1 0 0 0 0 1 0 1 0 0 1 0 1 1 1 1 0 1 0 1 1 0 0 1 1 1 1 1 1 1 1 1 1 0 0 1 0 0 1 0 0 1 0 0 1 1 0 1 0 0 1 0 33604.0 27663.0 1 0.5773506794589021
1 0 1 0 0 0 1 1 0 0 0 1 1 1 1 1 0 1 0 0 1 0 0 1 0 1 1 1 0 1 1 1 1 0 0 1 1 0 0 0 1 1 0 1 1 1 1 0 1 0 0 0 0 1 0 1 0 0 1 1 1 0 1 1 0 1 0 1 1 1 0 1 1 1 1 1 1 1 0 1 1 0 0 1 0 0 1 0 0 1 0 0 1 1 0 1 0 0 1 0 33868.0 26069.0 1 0.5371647985427461
1 0 1 0 0 0 1 0 1 0 1 1 1 1 0 0 1 1 0 0 1 0 0 1 0 1 1 1 0 1 1 1 1 1 0 1 1 0 0 0 1 1 0 1 1 0 1 0 1 0 0 1 0 1 0 1 0 0 1 1 1 0 1 1 0 1 0 1 1 0 0 1 1 1 1 1 1 1 1 1 1 0 0 1 0 0 1 0 0 1 0 0 1 1 0 1 0 0 1 0 33987.0 25969.0 1 2000000000000000.0
1 0 1 0 1 0 1 1 1 0 0 1 1 1 1 1 0 1 0 0 0 1 1 0 0 0 0 0 0 1 0 1 1 1 0 1 1 0 1 0 1 1 0 1 1 1 1 0 1 0 1 1 0 0 1 0 0 0 1 0 1 0 1 0 0 0 1 0 1 1 0 1 0 1 0 0 1 1 1 0 1 1 0 1 0 0 0 1 0 1 0 0 0 1 0 1 1 1 1 0 27921.0 29673.0 2 2000000000000000.0
1 0 1 1 0 0 1 1 0 0 1 1 1 1 0 1 1 1 0 1 0 1 1 1 1 1 1 0 1 1 1 1 1 0 0 1 1 0 1 0 0 1 0 1 0 1 1 1 0 1 0 0 0 0 0 1 0 0 1 0 1 0 0 0 0 0 0 0 0 1 0 0 1 1 0 0 1 1 1 1 1 1 1 1 0 1 0 1 1 1 0 0 0 1 1 1 1 0 1 0 30075.0 29664.0 2 0.6639918882601916
1 0 1 1 0 0 1 1 0 0 1 1 1 1 0 1 1 1 0 1 0 1 1 1 1 1 1 0 1 1 1 1 1 0 0 1 1 0 1 0 0 1 0 1 0 1 1 1 0 1 0 0 0 0 0 1 0 0 1 0 1 0 0 0 0 0 0 0 0 1 0 0 1 1 0 0 1 1 1 1 1 1 1 1 0 1 0 1 1 1 0 0 1 1 0 1 0 0 1 0 30438.0 28608.0 2 0.4684036547163564
1 0 1 0 0 0 0 0 1 1 1 1 1 1 0 1 0 1 0 0 1 0 1 1 0 1 1 1 0 1 1 1 1 1 0 1 1 0 1 0 1 1 0 1 1 1 1 0 1 0 1 1 0 0 1 0 0 0 1 0 1 0 1 0 0 0 1 0 0 1 1 0 1 0 1 1 1 1 1 0 1 1 1 0 0 0 1 0 0 1 1 0 0 1 1 1 1 0 1 0 30854.0 28114.0 2 0.3384279167390635
1 0 1 0 0 0 0 0 1 1 1 1 1 0 0 1 1 1 0 0 1 0 1 0 0 1 1 1 0 1 1 1 1 1 0 1 1 0 0 0 0 1 0 1 1 1 1 0 1 1 1 1 1 0 0 1 0 0 1 1 1 1 1 0 1 0 0 0 1 0 0 1 1 1 1 1 0 1 1 1 1 0 0 1 0 1 1 0 0 1 0 0 1 1 0 1 0 0 1 0 31667.0 28022.0 2 0.18793769236445185
1 0 1 0 0 0 0 0 1 1 1 1 1 1 0 0 0 1 0 0 1 0 1 1 0 0 1 1 0 1 1 1 1 1 0 1 1 0 1 0 1 1 0 1 1 1 1 0 1 0 1 1 0 0 0 1 0 0 1 1 1 0 1 0 1 0 0 0 1 1 0 1 1 1 1 1 0 1 1 1 1 0 0 1 0 1 1 0 0 1 0 0 1 1 0 1 0 0 1 0 31824.0 28019.0 2 0.09470408604121217
1 0 1 0 0 0 0 0 1 1 1 1 1 1 0 1 0 1 0 0 1 0 1 1 0 0 1 1 0 1 1 1 1 1 0 1 1 0 1 0 1 1 0 1 1 1 1 0 1 0 1 1 0 0 1 0 0 0 1 0 1 0 1 0 0 0 1 1 1 1 1 0 1 1 1 0 1 1 1 1 1 1 1 0 0 0 1 0 0 1 1 0 1 1 0 1 0 0 1 0 32092.0 27923.0 2 0.1694979302596249
1 0 1 0 0 0 1 1 0 0 0 1 1 1 1 1 0 1 0 0 1 0 0 1 0 1 1 1 0 1 1 1 1 1 0 1 1 0 1 0 1 1 0 1 1 1 1 0 1 0 1 1 0 0 1 0 0 0 1 0 1 0 1 0 0 0 1 0 0 1 1 1 1 0 1 1 1 1 1 0 1 0 0 1 0 1 1 0 0 1 0 0 1 1 0 1 0 0 1 1 32520.0 27790.0 2 0.21210799605332614
0 0 1 0 0 0 1 0 1 0 1 1 1 1 0 1 1 1 0 0 1 0 1 1 0 1 1 1 0 1 1 1 1 1 0 1 1 0 1 0 1 1 0 1 1 1 1 0 1 0 0 0 0 0 0 1 0 0 1 0 1 0 1 1 0 1 0 1 0 0 0 1 1 1 1 1 1 1 1 1 1 0 0 1 0 1 1 0 0 1 0 0 1 1 0 1 0 0 1 0 33061.0 27715.0 2 0.21719538872794458
1 0 1 0 0 0 1 0 1 0 1 1 1 1 0 1 1 1 0 0 1 0 1 1 0 1 1 1 0 1 1 1 1 1 0 1 1 0 0 0 1 1 0 1 1 1 1 0 1 0 0 0 0 0 0 1 0 0 1 0 1 1 1 1 0 1 0 1 1 0 0 1 1 1 1 1 1 1 1 1 1 0 0 1 0 0 1 0 0 1 0 0 1 1 0 1 0 0 1 0 33224.0 27346.0 2 0.4502982616085087
1 0 1 0 0 1 1 1 1 0 0 1 1 1 1 1 0 1 0 0 1 0 0 1 0 1 1 1 0 1 1 1 1 0 0 1 1 0 0 0 1 1 0 1 1 1 1 0 1 0 0 0 0 1 0 1 0 0 1 0 1 1 1 1 0 1 0 1 1 0 0 1 1 1 1 1 1 0 1 1 1 0 0 1 0 0 1 0 0 1 0 0 1 1 0 1 0 0 1 0 33533.0 26003.0 2 0.39031752185783086
1 0 1 0 0 0 1 0 1 0 1 1 1 1 0 1 1 1 0 0 1 0 1 1 0 1 1 1 0 1 1 1 1 1 0 1 1 0 0 0 1 1 0 1 1 1 1 0 1 0 0 0 0 1 0 1 0 0 1 1 1 0 1 1 0 0 1 1 1 0 0 1 1 1 1 1 1 1 0 1 1 0 0 0 0 0 1 0 0 1 0 0 1 1 0 1 0 0 1 0 33537.0 25785.0 2 0.15055918100646912
1 0 1 0 1 0 0 1 1 1 1 1 1 1 0 0 0 1 0 0 1 0 0 1 0 1 1 1 0 1 1 1 1 0 0 1 1 0 0 0 1 1 0 1 1 1 1 0 1 0 0 0 0 1 0 1 0 0 1 1 1 0 1 1 0 1 1 1 1 0 0 1 1 1 1 1 1 1 0 1 1 0 0 1 0 0 1 0 0 1 0 0 1 1 0 1 0 0 1 0 33599.0 25357.0 2 0.16244032684996845
1 0 1 1 0 0 0 1 1 1 1 1 1 1 0 0 0 1 0 0 1 0 0 1 0 1 1 1 0 1 1 1 1 0 0 1 1 0 0 0 1 1 0 1 1 1 1 0 1 0 0 0 0 1 0 1 0 0 1 1 1 0 1 1 0 1 1 1 1 0 0 1 1 1 1 1 1 1 0 1 1 0 0 1 0 0 1 0 0 1 0 0 1 1 0 1 0 0 1 0 33708.0 25168.0 2 0.08991067029119004
1 0 1 0 0 1 1 1 1 0 0 1 1 1 1 1 0 1 0 0 1 0 0 1 0 1 1 1 0 1 1 1 1 0 0 1 1 0 0 0 1 1 0 1 1 1 1 0 1 0 0 0 0 1 0 1 0 0 1 1 1 0 1 1 0 0 1 1 1 0 0 1 1 1 1 1 1 1 0 1 1 0 0 0 0 0 1 0 0 1 0 0 1 1 0 1 0 0 1 0 33713.0 25031.0 2 2000000000000000.0
1 0 1 0 1 0 1 1 1 0 0 1 1 1 1 1 0 1 0 0 0 1 1 0 0 0 0 0 0 1 0 1 1 1 0 1 1 0 1 0 1 1 0 1 1 1 1 0 1 0 1 1 0 0 0 0 0 0 1 0 1 0 0 0 1 0 1 0 0 1 0 0 0 1 0 0 1 1 1 0 1 1 1 1 0 1 0 1 1 1 0 0 0 1 0 1 1 1 1 0 27313.0 29535.0 3 2000000000000000.0
1 0 1 0 1 0 1 1 1 0 0 1 1 1 1 1 0 1 0 0 0 1 1 0 0 0 0 0 0 1 1 1 1 1 0 1 1 0 1 0 1 1 0 1 1 1 1 0 1 0 1 1 0 0 1 0 0 0 1 0 1 0 1 0 0 0 1 0 0 1 1 0 1 0 1 1 1 1 1 0 1 1 1 0 0 0 1 0 0 1 1 0 0 1 1 1 1 0 1 0 29509.0 29337.0 3 0.43945791827108194
1 0 1 0 1 0 1 1 1 0 0 1 1 1 1 1 0 1 0 0 0 1 1 0 0 0 0 0 0 1 0 1 1 1 0 1 1 0 1 0 1 1 0 1 1 1 1 0 1 0 1 1 0 0 1 0 0 0 1 0 1 0 1 0 0 0 1 1 0 1 1 0 1 0 1 1 1 1 1 0 1 1 0 0 0 0 1 0 0 1 1 0 0 1 1 1 1 0 1 0 29626.0 29301.0 3 0.25410310245977663
0 0 1 1 0 0 1 0 1 0 1 1 1 1 0 1 1 1 1 0 0 1 1 0 0 1 1 1 0 1 1 1 1 0 0 1 1 0 0 0 1 1 0 1 1 1 1 0 1 0 1 1 0 0 1 0 0 0 1 0 1 0 1 0 0 0 1 0 0 1 1 0 1 0 1 1 1 1 1 0 1 1 1 0 0 0 1 0 0 1 1 0 0 1 1 1 1 1 1 0 30009.0 28720.0 3 0.42695748709652354
1 0 1 0 0 0 1 1 0 1 1 1 1 1 1 1 0 1 0 0 0 1 1 0 0 0 0 1 0 1 0 1 1 0 0 1 1 1 0 0 1 1 1 1 1 1 1 1 0 1 0 1 1 1 0 0 0 0 0 0 1 0 1 1 0 0 1 0 1 1 1 0 1 1 1 0 1 1 1 1 1 1 1 0 0 0 1 0 0 1 1 0 1 1 0 1 0 0 1 0 30297.0 28167.0 3 0.2536507776573453
1 0 1 0 0 0 1 1 1 1 1 1 1 1 0 1 0 1 0 0 0 1 1 0 0 0 0 1 0 1 0 1 1 0 0 1 1 1 0 0 1 1 0 1 1 1 1 1 1 0 1 1 0 0 1 0 1 0 1 0 1 0 1 0 0 1 0 1 1 0 0 1 1 1 1 1 1 0 1 1 1 0 0 1 0 0 1 0 0 1 0 0 1 1 0 1 0 0 1 0 30461.0 28077.0 3 0.12850889853509323
1 0 1 0 0 0 1 1 1 0 0 1 1 1 1 1 1 1 0 1 0 1 1 0 0 0 0 0 0 1 0 1 1 1 0 0 1 0 1 0 0 1 0 1 1 0 1 1 1 1 0 1 0 0 0 1 0 0 1 1 1 0 0 0 0 0 1 0 1 1 0 1 0 1 0 0 1 1 1 1 1 1 1 1 0 1 0 1 1 1 0 0 1 1 0 1 0 0 1 0 30842.0 28023.0 3 0.19266481306994115
1 0 1 0 0 0 0 0 1 1 1 1 1 1 0 1 0 1 0 0 1 0 1 1 0 1 1 1 0 1 1 1 1 0 0 1 1 0 0 0 1 1 0 1 1 1 1 1 0 1 0 1 1 1 0 0 0 0 0 0 1 1 1 1 0 0 1 0 0 1 1 1 1 1 1 1 1 1 1 1 1 0 0 1 0 0 1 0 0 1 1 0 0 1 1 1 0 0 1 0 31450.0 27960.0 3 0.21255412375344743
1 0 1 0 0 0 1 0 1 1 0 1 1 1 0 0 0 1 0 0 1 0 1 1 0 1 1 1 0 1 1 1 1 0 0 1 1 0 0 0 0 1 0 1 1 1 1 1 0 1 0 1 1 1 0 1 0 0 1 1 1 1 1 1 0 0 1 0 0 1 1 0 1 0 1 1 1 1 1 0 1 1 0 0 0 0 1 0 0 1 1 0 0 1 1 1 1 0 1 0 31742.0 27784.0 3 0.22890625992835648
1 1 1 0 0 0 0 0 1 1 1 1 1 1 0 1 0 1 0 0 1 0 1 1 0 0 1 1 0 1 1 1 1 1 0 1 1 0 1 0 1 1 0 1 1 1 1 0 1 0 1 1 0 0 1 0 0 0 1 0 1 0 1 1 0 1 0 1 1 0 0 1 1 0 1 1 1 1 1 1 1 0 0 1 0 0 1 0 0 1 0 0 1 1 0 1 0 0 1 0 32180.0 27565.0 3 0.28399920300786763
1 0 1 0 0 0 1 1 0 0 0 1 1 1 1 1 0 1 0 0 1 0 1 1 0 1 1 1 0 1 1 1 1 1 0 1 1 0 0 0 1 1 0 1 1 1 1 0 1 0 1 1 0 0 1 0 0 0 1 0 1 0 1 0 0 1 0 1 1 0 0 1 1 1 1 1 1 0 1 1 1 0 0 1 0 0 1 0 0 1 0 0 1 1 0 1 0 0 1 0 32733.0 27343.0 3 0.2926573696355014
1 0 1 0 0 0 1 1 0 0 0 1 1 1 0 1 0 1 0 0 1 0 1 1 0 1 1 1 0 1 1 1 1 1 0 1 1 0 0 0 1 1 0 1 1 1 1 0 1 0 0 0 0 0 0 1 0 0 1 0 1 1 1 1 0 1 0 1 1 0 0 1 1 1 1 1 1 1 1 1 1 0 0 1 0 0 1 0 0 1 0 0 1 1 0 1 0 0 1 0 33162.0 27088.0 3 0.5085223693359422
1 0 1 0 0 0 0 0 1 0 1 1 1 1 1 1 0 1 0 1 0 1 1 1 0 1 1 1 0 1 1 1 1 0 0 1 1 0 0 0 1 1 1 1 1 1 1 0 1 0 0 0 0 1 0 1 0 0 1 1 1 0 1 1 0 0 1 1 1 0 0 1 1 1 1 1 1 1 0 1 1 0 0 0 0 0 1 0 0 1 0 0 1 1 0 1 0 0 1 0 33502.0 25975.0 3 2000000000000000.0
1 0 1 1 0 0 1 1 0 0 1 1 1 1 0 1 1 1 0 1 0 1 1 1 1 1 1 0 1 1 0 1 1 0 0 1 1 0 1 0 0 1 0 1 0 1 0 1 0 1 0 0 0 0 0 1 0 0 1 0 1 0 0 0 0 0 1 0 0 1 0 0 1 1 0 0 1 1 1 0 1 1 1 1 0 1 0 0 1 1 0 0 0 1 0 1 1 1 1 0 28725.0 28809.0 4 2000000000000000.0
1 0 1 0 0 0 1 1 1 0 0 1 1 1 1 1 0 1 0 1 0 1 1 0 0 0 0 1 0 1 1 1 1 0 0 1 1 0 0 1 1 1 0 1 1 1 0 1 0 1 0 1 1 1 0 1 0 0 1 0 1 0 0 0 0 0 0 0 0 1 0 0 1 1 0 0 1 1 1 1 1 1 1 1 0 1 0 1 1 1 0 0 0 1 0 1 0 1 1 0 28787.0 28804.0 4 0.3142235754675873
1 0 1 0 0 0 0 0 1 1 1 1 1 1 0 1 0 1 0 0 1 0 1 1 0 0 1 1 0 1 1 1 0 1 0 1 1 0 0 0 0 1 0 1 1 1 1 1 0 1 1 1 1 1 0 1 0 0 1 0 1 0 0 0 0 0 0 0 0 1 0 0 1 1 1 0 1 1 1 1 1 1 1 1 0 1 0 1 1 1 0 0 0 1 0 1 0 1 1 0 29919.0 28623.0 4 0.7178843536460275
1 0 1 0 0 0 1 0 1 0 1 1 1 1 0 1 1 1 0 0 1 0 1 1 0 1 1 1 0 1 1 1 1 1 0 1 1 0 1 0 1 1 0 1 1 1 1 0 1 0 1 1 0 0 1 0 0 0 1 0 1 0 1 0 0 0 1 0 0 1 1 0 1 0 1 1 1 1 1 0 1 1 1 0 0 0 1 0 0 1 1 0 0 1 1 1 0 0 1 0 30819.0 27863.0 4 0.5176233706099294
1 0 1 0 0 1 1 1 1 0 0 1 1 1 1 1 0 1 0 0 1 0 0 1 1 1 1 1 0 1 1 1 1 0 0 1 1 0 0 0 1 1 0 1 1 1 1 0 1 0 0 0 0 1 0 1 0 0 1 0 1 0 0 1 0 0 0 0 0 1 0 0 1 1 0 0 1 1 1 0 1 1 1 1 0 1 0 0 1 1 0 0 1 1 0 1 1 1 1 0 31072.0 27713.0 4 0.27569630554658436
0 0 0 0 0 0 1 0 1 0 1 1 1 1 0 1 1 1 1 0 0 1 1 0 0 1 1 1 0 1 1 1 1 0 0 1 1 0 0 0 1 1 1 1 1 1 1 0 1 0 1 1 0 0 1 0 0 0 1 1 1 0 1 1 0 1 0 1 0 1 1 0 1 0 1 1 1 1 1 0 1 0 0 1 0 1 1 0 0 1 0 0 1 1 0 1 0 0 1 0 31670.0 27554.0 4 0.23186238055816144
1 0 1 0 0 0 1 1 1 0 0 1 1 1 0 0 1 1 0 0 1 0 1 1 0 1 1 1 0 1 1 1 1 0 0 1 1 0 0 0 0 1 0 1 1 1 1 1 0 1 0 1 1 1 0 1 0 0 1 1 1 1 1 1 0 0 1 0 0 1 1 0 1 0 1 1 1 1 0 0 1 1 0 0 0 0 1 0 0 1 1 0 0 1 1 1 1 0 1 0 31890.0 27529.0 4 0.10802592992745538
1 0 1 1 0 0 1 1 0 0 0 1 1 1 1 1 0 1 0 0 1 0 0 1 0 1 1 1 0 1 1 1 1 1 0 1 1 0 0 0 1 1 0 1 1 1 1 0 1 0 0 0 0 1 0 1 0 0 1 0 1 0 1 0 0 0 1 1 0 1 1 0 1 0 1 1 1 1 1 0 1 1 0 0 0 0 1 0 0 1 1 0 0 1 1 1 1 0 1 0 32044.0 27463.0 4 0.16498617912415914
1 0 1 0 0 0 1 1 1 0 0 1 1 1 1 1 0 1 0 1 0 1 1 0 0 0 0 1 0 1 1 1 1 0 0 1 1 0 0 0 1 1 0 1 1 1 1 0 1 0 0 0 0 1 0 1 0 0 1 1 1 0 1 1 0 1 1 1 1 0 0 1 1 1 1 1 1 1 0 1 1 0 0 1 0 0 1 0 0 1 0 0 1 1 0 1 0 0 1 0 32236.0 27223.0 4 0.19618347388064422
1 0 1 0 0 0 1 0 1 0 1 1 1 1 0 1 1 0 0 0 1 0 1 1 0 1 1 1 0 1 1 1 1 1 0 1 1 0 0 0 1 1 0 1 1 1 1 0 1 0 0 0 0 0 0 1 0 0 1 0 1 1 1 1 0 1 0 1 1 0 0 1 1 1 1 1 1 1 1 1 1 0 0 1 1 0 1 0 0 1 0 0 1 1 0 1 0 0 1 0 32404.0 27061.0 4 0.23885279714882465
1 0 1 0 0 0 1 0 1 0 1 1 1 1 0 1 1 1 0 0 1 0 1 1 0 1 1 1 0 1 1 1 1 1 0 1 1 0 0 0 1 1 0 1 1 1 1 0 0 0 0 0 0 0 0 1 0 0 1 0 1 1 1 1 0 1 0 1 1 0 0 1 1 1 1 1 1 1 1 1 1 1 0 1 0 0 1 0 0 1 0 0 1 1 0 1 0 0 1 0 32954.0 26941.0 4 0.21072275463384693
1 0 1 0 0 0 0 0 1 1 1 1 1 1 0 1 1 1 0 0 1 0 1 1 0 1 1 1 0 1 1 1 1 1 0 1 1 0 0 0 1 1 0 1 1 1 1 0 1 0 0 0 0 0 0 1 0 0 1 0 1 1 1 1 0 1 0 1 1 0 0 1 1 1 1 1 1 1 1 1 1 0 0 1 0 0 1 0 0 1 0 0 1 1 0 1 0 0 1 0 33083.0 26846.0 4 0.5324516970912871
1 0 1 0 0 0 1 1 1 0 0 1 1 1 1 1 1 1 0 1 1 0 0 0 0 1 1 1 0 1 1 1 1 0 0 1 1 0 0 1 1 1 0 1 1 1 0 1 1 0 0 0 0 1 0 1 0 0 1 1 1 0 1 1 0 0 1 0 1 0 0 1 1 1 1 1 1 1 0 1 1 0 0 0 0 0 1 0 0 1 0 0 1 1 0 1 0 0 1 0 33323.0 25399.0 4 2000000000000000.0
1 0 1 0 0 0 1 1 0 0 0 1 1 1 1 1 0 1 0 0 1 0 1 1 0 1 1 1 0 1 0 1 1 1 0 1 1 0 0 0 1 1 0 1 1 1 1 0 1 0 1 1 0 0 1 0 0 0 1 0 1 0 0 0 0 0 1 0 0 1 0 0 1 1 0 0 1 1 1 0 1 1 1 1 0 1 0 0 1 1 0 0 0 1 0 1 1 1 1 0 29283.0 28565.0 5 2000000000000000.0
1 0 1 1 0 0 1 1 0 0 0 1 1 1 1 1 0 1 0 1 0 0 0 0 0 0 0 0 0 1 0 1 1 1 0 1 1 0 0 0 0 1 0 1 1 1 1 0 1 1 1 1 1 0 0 1 0 0 1 1 1 0 1 0 1 0 0 0 0 0 0 1 1 1 1 1 0 1 1 1 1 0 0 1 0 1 1 0 0 1 0 0 1 1 0 1 0 0 1 0 29806.0 28361.0 5 0.32068338679886316
1 0 1 0 0 0 1 1 1 0 0 1 1 1 1 1 0 1 0 1 0 1 1 0 0 0 0 0 0 1 0 1 1 0 0 1 1 0 0 1 1 1 0 1 1 1 0 1 0 1 0 1 1 1 0 1 0 0 1 0 1 0 1 0 0 0 1 0 1 1 0 1 1 1 1 1 1 1 0 1 1 0 0 1 0 0 1 0 0 1 0 0 1 1 0 1 0 0 1 0 29871.0 28027.0 5 0.25826731149346316
1 0 1 0 0 0 1 1 1 1 1 1 1 1 0 1 0 1 0 0 0 1 1 0 0 0 0 1 0 1 0 1 1 0 0 1 1 1 0 0 1 1 0 1 1 1 1 1 0 1 0 1 1 1 0 0 0 0 0 0 1 1 1 1 0 0 1 0 1 1 1 0 1 1 1 0 1 1 1 1 1 1 1 0 0 0 1 0 0 1 1 0 1 1 0 1 0 0 1 0 30155.0 27826.0 5 0.25880747545444993
1 0 1 0 0 0 1 0 1 0 1 1 1 1 0 1 1 1 0 0 1 0 1 1 0 1 1 1 0 1 1 1 1 0 0 1 1 0 0 0 1 1 0 1 1 1 1 0 1 0 1 1 0 0 1 0 0 0 1 0 1 0 1 0 0 0 1 1 0 1 1 0 1 0 1 1 1 1 1 0 1 1 0 0 0 0 1 0 0 1 1 0 0 1 1 1 1 0 1 0 30576.0 27781.0 5 0.219783950617278
1 0 1 0 0 0 0 0 1 1 1 1 1 1 0 1 0 1 1 0 1 0 1 1 0 1 1 1 0 1 1 1 1 1 0 1 1 0 0 0 1 1 0 1 1 1 1 0 1 0 1 1 0 0 1 0 0 0 1 0 1 0 1 0 0 0 0 0 0 1 0 0 1 1 0 0 1 1 1 1 1 1 1 1 0 1 0 1 1 1 0 0 1 1 0 1 0 0 1 0 30854.0 27699.0 5 0.43918124817729876
1 0 1 0 0 0 0 0 1 1 1 1 1 1 0 1 0 1 0 0 1 0 1 1 0 1 1 1 0 1 1 1 1 1 0 1 1 0 1 0 1 1 0 1 1 1 1 0 1 0 1 1 0 0 1 0 0 0 1 0 1 0 1 0 0 0 1 0 0 1 1 0 1 0 1 1 1 1 1 0 1 1 1 0 0 1 1 0 0 1 0 0 1 1 0 1 0 0 1 0 31539.0 27173.0 5 0.39977163734161725
1 0 1 0 0 0 1 1 0 0 0 1 1 1 1 1 0 1 0 0 1 0 1 1 0 1 1 1 0 1 1 1 1 1 0 1 1 0 0 0 1 1 0 1 1 1 1 0 1 0 1 1 0 0 1 0 0 0 1 0 1 0 1 0 0 1 0 1 1 0 0 1 1 1 1 1 1 1 0 1 1 0 0 1 0 0 1 0 0 1 0 0 0 1 0 1 0 0 1 0 31665.0 27092.0 5 0.286731392372242
1 0 1 0 0 0 1 0 1 0 1 1 1 1 0 1 1 1 0 1 1 0 0 0 0 1 1 1 0 1 1 1 1 0 0 1 1 0 0 1 1 1 0 1 1 1 0 1 0 1 0 1 1 1 0 1 0 0 1 0 1 0 1 1 0 0 0 1 1 0 0 1 1 1 1 1 1 1 0 1 1 0 0 1 0 0 1 0 0 1 0 0 1 1 0 1 0 0 1 0 32404.0 26969.0 5 0.36656411004179035
0 0 1 0 0 0 1 0 1 0 1 1 1 1 0 1 1 1 0 0 1 0 1 1 0 1 1 1 0 1 1 1 1 1 0 1 1 0 1 0 1 1 0 1 1 1 1 0 1 0 0 0 0 0 0 1 0 0 1 0 1 1 1 1 0 1 0 1 1 0 0 1 1 1 1 1 1 1 0 1 1 0 0 1 0 0 1 0 0 1 0 0 1 1 0 1 0 0 1 0 32811.0 26864.0 5 0.17189211302290447
1 0 1 0 0 0 0 0 1 1 1 1 1 1 0 1 1 1 0 0 1 0 1 0 0 1 1 1 0 1 1 1 1 0 1 0 1 0 1 0 0 1 1 1 1 0 1 0 1 0 0 1 0 1 0 1 0 0 1 1 1 0 1 1 0 1 0 1 1 0 0 1 1 1 1 1 1 1 1 0 1 0 0 1 0 0 1 0 0 1 0 0 1 1 0 1 0 0 1 0 32907.0 26834.0 5 0.08287223356339493
1 0 1 1 0 0 1 1 0 0 0 1 1 1 1 1 0 1 0 0 1 0 0 1 0 1 1 1 0 1 1 1 1 0 0 1 1 0 0 0 1 1 0 1 1 1 1 0 1 0 0 0 0 1 0 1 0 0 1 1 1 0 1 1 0 1 0 1 0 1 1 0 1 0 1 1 1 1 1 0 1 0 0 1 0 1 1 0 0 1 0 0 1 1 0 1 0 0 1 0 33083.0 26823.0 5 0.5227043841741846
1 0 1 0 0 0 1 1 0 0 0 1 1 1 1 1 0 1 0 0 1 0 0 1 0 1 1 1 0 1 1 1 1 0 0 1 1 0 0 0 1 1 0 1 1 1 1 0 1 0 0 0 0 1 0 1 0 0 1 1 1 0 1 1 0 1 0 1 1 0 0 1 1 1 1 1 1 1 0 1 1 0 0 1 0 0 1 0 0 1 0 0 1 1 0 1 0 0 1 0 33171.0 25390.0 5 2000000000000000.0
1 0 1 0 0 0 0 0 1 1 1 1 1 1 0 1 0 1 0 0 1 0 1 1 0 0 1 1 0 1 1 1 1 1 0 1 1 0 1 0 1 1 0 1 1 1 1 0 1 0 1 1 0 0 0 1 0 0 1 0 1 0 0 0 1 0 1 0 0 1 0 0 0 1 0 0 1 1 1 0 1 1 1 1 0 1 0 1 1 0 0 0 0 1 0 1 1 1 1 0 28364.0 28524.0 6 2000000000000000.0
1 0 1 0 1 0 1 1 1 0 0 1 1 1 1 1 0 1 0 0 0 1 1 0 0 0 0 0 0 1 0 1 1 1 0 1 1 0 1 0 1 1 0 1 1 1 1 0 1 0 1 1 0 0 0 0 0 0 1 0 1 0 1 0 0 0 1 0 1 0 0 1 1 1 1 1 0 1 1 1 1 0 0 1 0 0 1 0 0 1 0 0 1 1 0 1 0 0 1 0 28882.0 28394.0 6 0.39240669274774703
1 0 1 1 0 0 1 1 0 0 1 1 1 1 0 1 1 1 0 1 0 1 1 1 1 1 1 0 1 1 0 1 1 0 0 0 1 0 1 0 0 1 0 1 0 1 0 1 0 1 0 0 0 0 0 1 0 0 1 0 1 0 0 1 0 0 0 0 0 1 0 0 1 1 0 0 1 1 1 0 1 1 1 1 0 1 0 0 1 1 0 0 1 1 0 1 1 1 1 0 29671.0 28151.0 6 0.39572146456029356
1 0 1 0 0 0 1 0 1 0 1 1 1 1 0 1 1 1 0 0 1 0 1 1 0 1 1 1 0 1 1 1 0 1 0 1 1 0 0 0 1 1 0 1 1 1 1 1 1 0 0 0 0 0 0 1 0 0 1 0 0 0 1 0 0 0 1 1 1 1 0 1 1 0 0 0 1 1 0 1 1 0 0 1 0 1 1 0 0 1 0 0 0 1 0 1 1 1 1 0 29790.0 27744.0 6 0.39078345959804117
1 0 0 0 1 0 1 0 1 0 0 1 1 1 0 1 1 1 0 0 1 0 0 1 0 0 1 1 0 1 1 1 1 1 0 1 1 0 1 0 1 1 0 1 1 1 1 0 1 0 1 1 0 0 1 0 0 0 1 0 1 0 1 0 0 0 1 0 0 1 1 1 1 0 1 1 1 1 1 0 1 0 0 1 0 1 1 0 0 1 0 0 1 1 0 1 0 0 1 1 30849.0 27697.0 6 0.4895631030975864
0 0 0 0 0 0 1 0 1 0 1 1 1 1 0 1 1 1 1 0 0 1 1 0 0 1 1 1 0 1 1 1 1 0 0 1 1 0 0 0 1 1 0 1 1 1 1 0 1 0 1 1 0 0 1 0 0 0 1 1 1 0 1 1 0 1 0 1 0 1 1 0 1 0 1 1 1 1 1 0 1 0 0 1 0 1 1 0 0 1 0 0 1 1 0 1 0 0 1 0 31213.0 27140.0 6 0.31263241232413447
1 0 1 1 0 0 1 1 0 0 0 1 1 1 1 1 0 1 0 1 0 0 0 0 0 0 0 0 0 1 0 1 1 0 1 0 1 0 1 0 0 1 1 1 1 0 1 0 1 0 0 1 0 1 0 1 0 0 1 1 1 0 1 1 0 1 0 1 1 0 0 1 1 1 1 1 1 1 1 1 1 0 0 1 0 0 1 0 0 1 1 0 0 1 1 1 0 0 1 0 31359.0 27045.0 6 0.2849060053862573
1 0 1 0 0 0 1 0 1 0 1 1 1 1 0 1 1 1 0 0 1 0 1 1 0 1 1 1 0 1 1 1 0 1 0 1 1 0 0 0 1 1 0 1 1 1 1 1 1 0 0 0 0 0 0 1 0 0 1 0 0 0 1 1 0 0 1 1 1 0 0 1 1 1 1 1 1 1 0 1 1 0 0 0 0 0 1 0 0 1 0 0 1 1 0 1 1 0 1 0 32256.0 26932.0 6 0.2626495383912037
1 0 1 0 0 0 0 0 1 1 1 1 1 1 0 1 1 1 0 0 1 0 1 0 0 1 1 1 0 1 1 1 1 1 0 1 1 0 0 0 0 1 0 1 1 1 1 0 1 0 0 0 0 0 0 1 0 0 1 0 1 1 1 1 0 1 0 1 1 0 0 1 1 1 1 1 1 1 1 1 1 0 0 1 0 0 1 0 0 1 0 1 1 1 0 1 0 0 1 0 32404.0 26909.0 6 0.23872140824634455
1 0 1 0 0 0 1 0 1 0 1 1 1 1 1 1 1 1 0 0 1 0 1 1 0 1 1 1 0 1 1 1 1 1 0 1 1 0 0 0 1 1 0 1 1 1 1 0 1 0 0 0 0 0 0 1 0 0 1 0 1 1 1 1 0 0 0 1 1 0 0 1 1 1 1 1 1 1 0 1 1 0 0 1 0 0 1 0 0 1 0 0 1 1 0 1 0 0 1 0 33045.0 26701.0 6 0.3127955902861659
1 0 1 1 0 0 1 1 0 0 0 1 1 1 1 1 0 1 0 0 1 0 0 1 0 1 1 1 0 1 0 1 1 0 0 1 1 0 0 0 1 1 0 1 1 1 1 0 1 0 0 0 0 1 0 1 0 0 1 1 1 0 1 1 0 0 0 1 1 0 0 1 1 1 1 1 0 1 1 1 1 0 0 1 0 1 1 0 0 1 0 0 1 1 0 1 0 0 1 0 33069.0 26360.0 6 0.44118226176711833
1 0 1 0 0 0 1 1 1 0 1 1 1 1 0 1 1 1 0 1 1 0 0 0 0 1 1 1 0 1 1 1 1 0 0 1 1 0 0 1 1 1 0 1 1 1 0 1 1 0 0 0 0 1 0 1 0 0 1 1 1 0 1 1 0 0 1 0 1 0 0 1 1 1 1 1 1 1 0 1 1 0 0 0 0 0 1 0 0 1 0 0 1 1 0 1 0 0 1 0 33118.0 25349.0 6 2000000000000000.0
1 0 1 0 0 0 1 1 1 0 0 1 1 1 1 1 0 1 0 1 0 1 1 0 0 0 1 1 0 1 1 1 1 0 0 1 1 0 0 0 1 1 0 1 1 1 0 1 1 1 0 0 1 1 1 0 1 0 1 0 0 0 1 0 0 0 1 1 1 1 0 1 1 0 0 0 1 0 0 1 1 0 0 1 1 1 1 0 0 0 0 0 0 1 0 1 1 1 0 0 28242.0 28444.0 7 2000000000000000.0
1 1 1 0 0 0 1 0 1 0 1 1 1 1 0 1 0 1 1 0 1 0 1 1 1 0 0 1 0 1 1 1 1 0 0 1 1 0 0 1 1 1 0 1 1 1 0 1 0 1 0 1 1 1 0 1 1 0 1 0 1 0 0 0 0 0 0 0 1 1 0 1 1 0 1 1 1 1 1 1 1 0 0 1 0 0 1 0 0 1 0 0 0 1 0 1 0 1 1 0 29347.0 28104.0 7 0.4354300327817029
1 0 1 0 0 0 1 1 1 0 1 1 1 1 0 1 1 1 1 0 1 1 1 0 0 0 0 1 1 1 0 0 1 1 1 1 0 0 0 1 1 1 0 1 0 1 0 1 0 1 0 1 0 1 0 0 0 0 1 0 1 1 1 1 0 0 1 0 0 1 1 0 1 0 1 1 1 1 1 0 1 1 0 0 0 0 1 0 0 1 1 0 0 1 1 1 1 0 1 0 29622.0 28017.0 7 0.12794856145883146
1 0 1 1 0 0 1 1 0 0 1 1 1 1 0 1 1 1 0 1 0 1 1 1 1 1 1 0 1 1 1 1 1 0 0 0 1 0 1 0 0 1 0 1 0 1 1 1 0 1 0 0 0 0 0 1 0 0 1 0 1 0 0 0 0 0 0 0 0 1 0 0 1 1 0 0 1 1 1 1 1 1 1 1 0 1 0 1 1 1 0 0 0 1 0 1 0 1 1 0 29650.0 27917.0 7 0.127237507428474
1 0 1 0 0 0 1 1 1 0 1 1 1 1 0 1 0 1 0 0 0 1 1 0 0 0 0 1 0 1 0 1 1 0 0 1 1 1 0 0 1 1 0 1 1 1 1 1 0 1 0 1 1 1 0 0 0 0 0 0 1 1 1 1 0 0 1 0 1 1 1 0 1 1 1 0 1 1 1 1 1 1 1 0 0 0 1 0 0 1 1 0 1 1 0 1 0 0 1 0 29725.0 27712.0 7 0.30699681932228995
1 0 1 0 0 0 1 1 1 0 0 1 1 1 1 1 1 1 0 1 0 1 1 0 0 0 0 0 0 1 0 1 1 1 0 0 1 0 1 0 0 1 0 1 1 1 0 1 0 1 0 1 1 1 0 1 0 0 1 0 1 0 1 1 0 0 0 1 1 0 0 1 1 1 1 1 1 1 0 1 1 0 0 1 0 0 1 0 0 1 0 0 1 1 0 1 0 0 1 0 30738.0 27685.0 7 0.514857714448747
1 0 1 0 0 0 0 0 1 1 1 1 1 1 0 1 0 1 0 0 1 0 1 1 0 1 1 1 0 1 1 1 1 1 0 1 1 0 1 0 1 1 0 1 1 1 1 0 1 0 1 1 0 0 1 0 0 0 1 0 1 0 1 0 0 0 1 0 0 1 1 0 1 0 1 1 1 1 1 0 1 1 1 0 0 0 1 0 0 1 0 0 1 1 0 1 0 0 1 0 31065.0 27032.0 7 0.44127727142438955
1 1 1 0 0 0 0 0 1 1 1 1 1 0 0 1 0 1 0 0 1 0 1 1 0 0 1 1 0 1 1 1 1 1 0 1 1 0 1 0 1 1 0 1 1 1 1 0 1 0 1 1 0 0 1 0 0 0 1 0 1 0 1 1 0 1 0 1 1 0 0 1 1 0 1 1 1 1 1 1 1 0 0 1 0 0 1 0 0 1 0 0 1 1 0 1 0 0 1 0 31548.0 26899.0 7 0.30082806813205476
1 0 1 0 0 0 0 0 1 1 1 1 1 1 0 1 0 1 0 0 1 0 1 1 1 1 1 1 0 1 1 1 1 1 0 1 1 0 0 0 1 1 0 1 1 1 1 0 1 0 1 1 0 0 1 0 0 0 1 0 1 0 1 0 0 1 0 1 1 0 0 1 1 1 1 1 1 1 0 1 1 0 0 1 0 0 1 0 0 1 1 0 1 1 0 1 0 0 1 0 32215.0 26855.0 7 0.2329460233729163
1 0 1 0 0 0 1 0 1 0 1 1 1 1 0 1 1 1 0 0 1 0 1 1 0 1 1 1 0 1 1 1 1 1 0 1 1 0 0 0 1 1 0 1 1 1 1 0 0 0 0 0 0 0 0 1 0 0 1 0 1 1 1 1 0 1 0 1 1 0 0 1 1 1 1 1 1 1 1 1 1 0 0 1 0 0 1 0 0 1 0 0 1 1 0 1 0 0 1 0 32282.0 26668.0 7 0.30259812036484346
1 0 1 0 0 0 1 0 1 0 1 1 1 1 0 1 1 1 0 0 1 0 1 1 0 1 1 1 0 1 1 1 1 1 0 1 1 0 0 0 1 1 0 1 1 1 1 0 1 0 0 0 0 0 0 1 0 0 1 0 1 1 1 1 0 1 0 1 1 0 0 1 1 1 1 1 1 0 1 1 1 0 0 1 0 0 1 0 0 1 0 0 1 1 0 1 0 0 1 0 32977.0 26440.0 7 0.49656118065298915
1 0 1 0 0 0 1 0 1 1 0 1 1 1 0 0 0 1 0 0 1 0 1 1 0 1 1 1 0 1 1 1 1 0 0 1 1 0 0 0 1 1 0 1 1 1 1 0 1 0 0 0 0 1 0 1 0 0 1 1 1 0 1 1 0 1 0 1 1 1 0 1 1 1 1 1 1 1 0 1 1 0 0 1 0 0 1 0 0 1 0 0 1 1 0 1 0 0 1 0 33026.0 25683.0 7 0.3190485568441227
1 0 1 0 0 0 0 0 1 0 1 1 1 1 1 1 0 1 0 1 0 1 1 1 0 1 1 1 0 1 1 1 1 0 0 1 1 0 0 0 1 1 0 1 1 1 1 0 1 0 0 0 0 1 0 1 0 0 1 1 1 0 1 1 0 0 1 1 1 0 0 1 1 1 1 1 1 1 0 1 1 0 0 0 0 0 1 0 0 1 0 0 1 1 0 1 0 0 1 0 33045.0 25561.0 7 2000000000000000.0
1 0 1 0 1 0 1 1 0 0 0 1 1 1 1 1 0 1 0 1 0 1 1 1 1 0 0 0 0 1 0 1 0 1 0 0 1 1 1 0 0 1 0 1 1 1 1 0 0 1 0 0 0 0 0 1 0 0 1 0 1 0 0 0 1 0 1 0 0 1 0 0 0 1 0 0 1 1 1 0 1 1 1 1 0 1 0 1 1 1 0 0 0 1 0 1 1 1 1 0 26858.0 28194.0 8 2000000000000000.0
