0 0 1 1 1 0 1 1 1 0 1 1 1 1 0 1 0 1 0 1 1 0 1 0 1 0 0 1 0 1 0 1 0 1 0 1 1 0 0 0 0 1 1 1 1 1 1 1 1 1 0 1 0 1 0 1 0 1 1 1 1 0 1 0 0 0 0 1 0 1 0 0 1 1 0 1 1 1 1 0 1 1 0 1 0 0 1 0 1 0 0 0 1 1 1 1 1 0 0 0 32855.0 34087.0 0 2000000000000000.0
0 0 1 1 1 0 1 1 1 0 1 1 1 1 0 1 0 1 0 1 0 0 1 0 1 1 0 0 1 1 0 1 0 1 0 1 1 0 0 0 0 1 1 1 1 1 1 1 1 1 0 1 0 1 0 1 0 1 1 1 1 0 1 0 0 0 0 1 0 1 0 0 1 1 0 1 1 1 1 0 1 1 0 1 0 0 1 0 1 0 0 0 1 1 1 1 1 0 0 0 33218.0 33961.0 0 0.4706931193960764
0 0 1 1 1 0 1 1 1 0 1 1 1 1 0 1 0 1 0 1 0 0 1 0 1 1 1 1 0 1 1 1 1 1 0 1 1 0 0 0 0 1 1 1 1 1 1 1 1 1 0 1 0 1 0 1 0 1 1 0 1 1 1 0 0 0 0 1 0 1 0 1 1 0 1 1 1 1 1 1 1 0 0 1 0 0 1 0 1 0 0 0 1 1 1 1 1 0 0 0 34907.0 33898.0 0 0.579620235314668
1 0 1 1 1 0 1 1 1 0 1 1 1 1 0 1 0 1 0 1 0 0 1 0 1 1 0 0 1 1 0 1 0 1 0 1 1 0 1 0 0 1 1 1 1 1 1 1 1 1 0 1 0 1 0 1 0 0 1 1 1 0 1 1 0 0 0 1 0 1 0 1 1 0 1 1 1 0 1 1 1 0 0 1 0 0 1 0 1 0 0 0 1 1 1 1 1 0 0 0 35421.0 33472.0 0 0.39698925727118917
1 0 1 1 1 0 1 1 1 0 1 0 1 1 0 1 0 1 0 1 0 0 1 0 1 1 0 0 1 1 0 1 0 1 0 1 1 0 0 0 0 1 1 1 1 1 1 1 1 1 0 1 0 1 0 1 0 1 1 1 1 0 1 1 0 0 0 1 0 1 0 1 1 0 1 1 1 0 1 1 1 1 0 1 0 0 1 0 1 0 0 0 1 1 1 1 1 0 0 0 35569.0 32893.0 0 0.27899541461669664
0 0 1 1 1 0 1 1 1 0 1 0 1 1 0 1 0 1 0 1 0 0 1 0 1 1 1 1 0 1 1 1 1 1 0 1 1 0 0 0 0 1 1 1 1 1 1 1 1 1 0 1 0 1 0 1 0 1 1 1 1 0 1 1 0 0 0 1 0 1 0 1 1 0 1 1 1 0 1 1 1 0 0 1 0 0 1 0 1 0 0 0 1 1 1 1 1 0 0 0 35831.0 32722.0 0 0.20374802784447554
0 0 1 1 1 0 1 1 1 0 1 1 1 1 0 1 0 1 0 1 1 0 1 0 1 1 0 0 1 1 0 1 0 1 0 1 1 0 0 0 0 1 1 1 1 1 1 1 1 1 0 1 0 1 0 1 0 1 1 1 1 0 1 1 0 0 0 1 0 1 0 1 1 0 1 1 1 0 1 1 1 1 0 0 0 0 1 0 1 0 0 0 1 1 1 1 1 0 0 0 36045.0 32485.0 0 0.19973657108213275
0 0 1 1 1 0 1 1 1 0 1 1 1 1 0 1 0 1 0 1 1 0 1 0 1 0 0 1 0 1 1 1 0 1 0 1 1 0 0 0 0 1 1 1 1 1 1 1 1 1 0 1 0 0 0 1 0 1 1 1 1 0 1 1 0 0 0 1 0 1 0 1 1 1 1 1 1 0 1 1 1 1 0 0 0 0 0 0 1 0 0 0 1 1 0 1 1 0 1 0 36084.0 32153.0 0 0.14681571078669384
1 0 1 1 1 0 1 1 1 0 1 1 1 1 0 1 0 1 0 1 1 0 1 0 1 1 1 1 0 1 0 1 0 1 0 1 1 0 0 0 0 1 0 1 1 1 1 1 1 1 0 1 0 1 0 1 0 1 1 1 1 0 1 1 0 0 0 1 0 1 0 1 1 0 1 1 1 0 1 1 1 1 0 0 0 0 0 0 1 0 0 0 1 1 1 1 1 0 0 0 36115.0 31975.0 0 0.08894980941231834
0 0 1 1 1 0 1 1 1 0 1 1 1 1 0 1 0 1 0 1 1 0 1 0 1 1 1 1 0 1 0 1 0 1 0 1 1 0 0 0 0 1 0 1 1 1 1 1 1 1 0 1 0 1 0 1 0 1 1 1 1 0 1 1 0 0 0 1 0 1 0 1 1 0 1 1 1 0 1 1 1 1 0 0 0 1 0 0 1 0 0 0 1 1 1 1 1 0 0 0 36273.0 31960.0 0 0.08145781928084592
0 0 1 1 1 0 1 1 1 0 1 1 1 1 0 1 0 1 0 1 0 0 1 0 1 1 1 1 0 1 1 1 1 1 0 1 1 0 0 0 0 1 1 1 1 1 1 1 1 1 0 1 0 1 0 1 0 1 1 1 1 0 1 1 0 0 0 1 0 1 0 1 1 0 1 1 1 0 1 1 1 1 0 0 0 1 0 0 1 0 0 0 1 1 0 1 1 0 0 0 36447.0 31924.0 0 0.16746644861335036
0 0 1 1 1 0 1 1 1 0 1 1 1 1 0 1 0 1 0 1 0 0 1 0 1 1 1 1 0 1 1 1 1 1 0 1 1 0 0 0 0 1 1 1 1 1 1 1 1 1 0 1 0 1 0 1 0 1 1 1 1 0 1 1 0 0 0 1 0 1 0 1 1 0 1 1 1 0 1 1 1 1 0 0 0 0 0 0 1 0 0 0 1 1 0 1 1 0 1 0 36877.0 31793.0 0 0.21991080636384103
0 0 1 1 1 0 1 1 1 0 1 1 1 1 0 1 0 1 0 1 0 0 1 0 1 1 1 1 0 1 1 1 1 1 0 1 1 0 0 0 0 1 1 1 1 1 1 1 1 1 0 1 0 1 0 1 0 1 1 1 1 0 1 1 0 0 0 1 0 1 0 1 1 0 1 1 1 1 1 1 1 0 0 0 0 1 0 0 1 0 0 0 1 1 0 1 0 0 1 1 37238.0 31703.0 0 0.3546467961566202
1 0 1 1 1 0 1 1 1 0 1 0 1 1 0 1 0 1 1 1 1 0 1 0 1 1 1 1 0 1 0 1 0 1 0 1 1 0 0 0 0 1 1 0 1 1 1 1 1 1 0 1 0 1 0 1 0 1 1 1 1 0 1 1 0 0 0 1 0 1 0 1 1 0 1 1 1 0 1 1 1 1 0 0 0 0 0 0 1 0 0 0 1 1 0 1 1 0 1 0 37386.0 30830.0 0 0.4803852590568308
0 0 1 1 1 0 1 1 1 0 1 1 1 1 0 1 0 1 0 1 1 0 1 0 1 1 1 1 0 1 0 1 0 1 0 1 1 0 0 0 0 1 1 0 1 1 1 1 1 1 0 1 0 1 0 1 0 1 1 1 1 0 1 1 0 0 0 1 0 1 0 1 1 0 1 1 1 0 1 1 1 1 0 0 0 1 1 0 0 0 0 0 1 1 0 1 0 0 1 1 37722.0 30236.0 0 2000000000000000.0
0 0 1 1 1 0 1 1 1 0 1 1 1 1 0 1 0 1 0 1 0 0 1 0 1 0 0 1 0 1 0 1 0 1 0 1 1 0 0 0 0 1 1 1 1 1 1 1 1 1 0 1 0 1 0 1 0 1 1 1 1 0 1 0 0 1 0 1 0 1 0 0 1 1 0 1 1 1 1 0 1 1 0 1 0 0 1 0 1 0 0 0 1 1 1 1 1 0 0 0 32476.0 33941.0 1 2000000000000000.0
0 0 1 1 1 0 1 1 1 0 1 1 1 1 0 1 0 1 0 1 1 0 1 0 1 1 0 1 0 1 0 1 0 1 0 1 1 0 0 0 0 1 1 1 1 1 1 1 1 1 0 1 0 1 0 1 0 1 1 1 1 0 1 0 0 0 0 1 0 1 0 0 1 1 0 1 1 1 1 0 1 0 0 1 0 0 1 0 1 0 0 0 1 1 1 1 1 0 0 0 33028.0 33930.0 1 0.48259595586304976
0 0 1 1 1 0 1 1 1 0 1 1 1 1 0 1 0 1 0 1 0 0 1 0 1 1 1 1 0 1 1 1 0 1 0 1 1 0 0 0 0 1 1 1 1 1 1 1 1 1 0 1 0 1 0 1 0 1 1 1 1 0 1 1 0 0 0 1 0 1 0 0 1 1 0 1 1 1 1 1 1 0 0 1 0 0 0 0 1 0 0 0 1 1 1 1 1 0 0 0 34829.0 33870.0 1 0.5043689218875365
0 0 1 1 1 0 1 1 1 0 1 1 1 1 0 1 0 1 0 1 1 0 1 0 1 0 0 1 0 1 1 1 0 1 0 1 1 0 0 0 0 1 1 1 1 1 1 1 1 1 1 1 0 1 0 1 0 1 1 1 1 0 1 1 0 0 0 1 0 1 0 1 1 0 1 1 1 0 1 1 1 0 0 1 0 0 1 0 1 0 0 0 1 1 1 1 1 0 0 0 35038.0 33456.0 1 0.18602662093277322
0 0 1 1 1 0 1 1 1 0 1 1 1 1 0 1 0 1 0 1 1 0 1 0 1 0 0 1 0 1 0 1 0 1 0 1 1 0 0 0 0 1 1 1 1 1 1 1 1 1 0 1 0 1 0 1 0 1 1 1 1 0 1 1 0 0 0 1 0 1 0 1 1 0 1 1 1 0 1 1 1 1 0 1 0 0 1 0 1 0 0 0 1 1 1 1 1 0 0 0 35041.0 33224.0 1 0.08407435229026847
0 0 1 1 1 0 1 1 1 0 1 1 1 1 0 1 0 1 0 1 1 0 1 0 1 0 0 1 0 1 1 1 0 1 0 1 1 0 0 0 0 1 1 1 1 1 1 1 1 1 0 1 0 1 0 1 0 1 1 1 1 0 1 1 0 0 0 1 0 1 0 1 1 0 1 1 1 0 1 1 1 1 0 1 0 0 0 0 1 0 0 0 1 1 1 1 1 0 0 0 35054.0 33093.0 1 0.06930855860924004
0 0 1 1 1 0 1 1 1 0 1 1 1 1 0 1 0 1 0 1 1 0 1 0 1 1 0 1 0 1 0 1 0 1 0 1 1 0 0 0 0 1 1 1 1 1 1 1 1 1 0 1 0 1 0 1 0 1 1 1 1 0 1 1 0 0 0 1 0 1 0 1 1 0 1 1 1 0 1 1 1 0 0 1 0 0 1 0 1 0 0 0 1 1 1 1 1 0 0 0 35214.0 33067.0 1 0.1299326357388442
0 0 1 1 1 0 1 1 1 0 1 1 1 1 0 1 0 1 0 1 0 0 1 0 1 1 1 1 0 1 0 1 0 1 0 1 1 0 0 0 0 1 1 1 1 1 1 1 1 1 0 1 0 1 0 1 0 1 1 1 1 0 1 1 0 0 0 1 0 1 0 1 1 0 1 1 1 0 1 1 1 0 0 1 0 0 1 0 1 0 0 0 1 1 1 1 1 0 0 0 35427.0 32842.0 1 0.13988344383719784
0 0 1 1 1 0 1 1 1 0 1 1 1 1 0 1 0 1 0 1 1 0 1 0 1 1 0 1 0 1 0 1 0 1 0 1 1 0 0 0 0 1 1 1 1 1 1 1 1 1 0 1 0 1 0 1 0 1 1 0 1 0 1 1 0 0 0 1 0 1 0 1 1 0 1 1 1 1 1 1 1 1 0 0 0 0 0 0 1 0 0 0 1 1 0 1 1 0 1 0 35481.0 32677.0 1 0.09615549640264083
1 0 1 1 1 0 1 1 1 0 1 0 1 1 0 1 0 1 0 1 0 1 1 0 1 1 0 0 1 1 0 1 0 1 0 1 1 0 0 0 0 1 1 1 1 1 1 1 1 1 0 1 0 1 0 1 0 1 1 0 1 0 1 1 0 0 0 1 0 1 0 1 1 0 1 1 1 1 1 1 1 1 0 0 0 0 0 0 1 0 0 0 1 1 0 1 1 0 1 0 35523.0 32496.0 1 0.09356917139496042
0 0 1 1 1 0 1 1 1 0 1 1 1 1 0 1 0 1 0 1 1 0 1 0 1 0 0 1 0 1 1 1 0 1 0 1 1 0 0 0 0 1 1 1 1 1 1 1 1 1 0 1 0 0 0 1 0 1 1 1 1 0 1 1 0 0 0 1 0 1 0 1 1 0 1 1 1 1 1 1 1 1 0 0 0 0 0 0 1 0 0 0 1 1 0 1 1 0 1 0 35628.0 32388.0 1 0.14345902710764508
1 0 1 1 1 0 1 1 1 0 1 0 1 1 0 1 0 1 0 1 0 0 1 0 1 1 0 0 1 1 0 1 0 1 0 1 1 0 1 0 0 1 1 1 1 1 1 1 1 1 0 1 0 1 0 1 0 0 1 1 1 0 1 1 0 0 0 1 0 1 0 1 1 0 1 1 1 0 1 1 1 0 0 0 0 1 0 0 1 0 0 0 1 1 1 1 1 0 0 1 35826.0 32122.0 1 0.14501161790456343
1 0 1 1 1 0 1 1 1 0 1 1 1 1 0 1 0 1 0 1 1 0 1 0 1 1 0 1 0 1 0 1 0 1 0 1 1 0 0 0 0 1 1 1 1 1 1 1 1 1 0 1 0 1 0 1 0 1 1 1 1 0 1 1 0 0 0 1 0 1 0 1 1 0 1 1 1 0 1 1 1 1 0 0 0 1 0 0 1 0 0 0 1 1 0 1 1 0 0 0 35995.0 32064.0 1 0.1307285606809514
0 0 1 1 1 0 1 1 1 0 1 1 1 1 0 1 0 1 0 1 1 0 1 0 1 1 1 1 0 1 0 1 0 1 0 1 1 0 0 0 0 1 0 1 1 1 1 1 1 1 0 1 0 1 0 1 0 1 1 1 1 1 1 1 0 0 0 1 0 1 0 1 1 0 1 1 1 0 1 1 1 1 0 0 0 0 0 0 1 0 0 0 1 1 1 1 1 0 0 0 36212.0 31879.0 1 0.13231554738993767
0 0 1 1 1 0 1 1 1 0 1 1 1 1 0 1 0 1 0 1 0 0 1 0 1 1 1 1 0 1 1 1 0 1 0 1 1 0 0 0 0 1 1 1 1 1 1 1 1 1 0 1 0 1 0 1 0 1 1 1 1 0 1 1 0 0 0 1 0 1 0 1 1 0 1 1 1 0 1 1 1 1 0 0 0 1 0 0 1 0 0 0 1 1 0 1 1 0 0 0 36389.0 31821.0 1 0.16253430141172776
0 0 1 1 1 0 1 1 1 0 1 1 1 1 0 1 0 1 0 1 0 0 1 0 1 1 1 1 0 1 1 1 0 1 0 1 1 0 0 0 0 1 1 1 1 1 1 1 1 1 0 1 0 1 0 1 0 1 1 1 1 0 1 1 0 0 0 1 0 1 0 1 1 0 1 1 1 0 1 1 1 1 0 0 0 0 0 0 1 0 0 0 1 1 0 1 1 0 1 0 36819.0 31690.0 1 0.24691193899349528
0 0 1 1 1 0 1 1 1 0 1 1 1 1 0 1 0 1 0 1 1 0 1 0 1 1 1 1 0 1 1 1 1 1 0 1 1 0 0 0 0 1 1 1 1 1 1 1 1 1 1 1 0 1 0 1 0 1 1 1 1 0 1 1 0 0 0 1 0 1 0 1 1 0 1 1 1 0 1 1 1 0 0 0 0 1 1 0 0 0 0 0 1 1 0 1 0 0 1 0 37218.0 31451.0 1 0.2257233497886923
0 0 1 1 1 0 1 1 1 0 1 1 1 1 0 1 0 1 1 1 1 0 1 0 1 1 1 1 0 1 0 1 0 1 0 1 1 0 0 0 0 1 1 0 1 1 1 1 1 1 0 1 0 1 0 1 0 1 1 1 1 0 1 1 0 0 0 1 0 1 0 1 1 0 1 1 1 0 1 1 1 1 0 0 0 0 0 0 1 0 0 0 1 1 0 1 1 0 1 0 37221.0 31035.0 1 0.3378965538081305
0 0 1 1 1 0 1 1 1 0 1 1 1 1 0 1 0 1 1 1 1 0 1 0 1 1 1 1 0 1 0 1 0 1 0 1 1 0 0 0 0 1 1 0 1 1 1 1 1 1 0 1 0 1 0 1 0 1 1 1 1 0 1 1 0 0 0 1 0 1 0 1 1 0 1 1 1 0 1 1 1 0 0 0 0 1 0 0 1 0 0 0 1 1 0 1 0 0 1 1 37335.0 30039.0 1 0.32300829653272134
1 0 1 1 1 0 1 1 1 0 1 0 1 1 0 1 0 1 1 1 1 0 1 0 1 1 1 1 0 1 0 1 0 1 0 1 1 0 0 0 0 1 1 0 1 1 1 1 1 1 0 1 0 1 0 1 0 1 1 1 1 0 1 1 0 0 0 1 0 1 0 1 1 0 1 1 1 0 1 1 1 0 0 0 0 1 0 0 1 0 0 0 1 1 0 1 0 0 1 1 37500.0 29834.0 1 0.16648059126660897
0 0 1 1 1 0 1 1 1 0 1 0 1 1 0 1 0 1 1 1 1 0 1 0 1 1 1 1 0 1 0 1 0 1 0 1 1 0 1 0 0 1 1 0 1 0 1 1 1 1 0 1 0 1 0 1 0 1 1 1 1 0 1 1 0 0 0 1 0 1 0 1 1 0 1 1 1 0 1 1 1 0 0 0 0 1 0 0 1 0 0 0 1 1 0 1 0 0 1 1 37517.0 29454.0 1 2000000000000000.0
1 0 0 1 1 0 1 1 1 0 1 1 1 1 0 1 0 1 0 1 1 0 1 0 1 0 0 1 0 1 0 1 0 1 0 1 1 0 0 0 0 1 1 1 1 1 1 1 1 1 0 1 0 1 0 1 0 1 1 1 1 0 1 0 0 0 0 1 0 1 0 0 1 1 0 1 1 1 1 0 1 1 0 1 0 0 1 0 1 0 0 0 1 1 1 1 1 0 0 0 32930.0 33885.0 2 2000000000000000.0
0 0 1 1 1 0 1 1 1 0 1 1 1 1 0 1 0 1 0 1 1 0 1 0 1 0 0 1 0 1 0 1 0 1 0 1 1 0 0 0 0 1 1 1 1 1 1 1 1 1 0 1 0 1 0 1 0 1 1 1 1 0 1 1 0 0 0 1 0 1 0 0 1 1 0 1 1 1 1 1 1 0 0 1 0 0 0 0 1 0 0 0 1 1 1 1 1 0 0 0 33274.0 33841.0 2 0.2758906646409417
1 0 1 1 1 0 1 1 1 0 1 0 1 1 0 1 0 1 0 1 0 0 1 0 1 1 0 0 1 1 0 1 0 1 0 1 1 0 1 0 0 1 1 1 1 1 1 1 1 1 0 1 0 1 0 1 0 1 1 1 1 0 1 1 0 0 0 1 0 1 0 1 1 0 0 1 1 1 1 0 1 0 0 1 0 0 1 0 1 0 0 0 1 1 1 1 1 0 0 0 34034.0 33793.0 2 0.37251676716407073
0 0 1 1 1 0 1 1 1 0 0 1 1 1 0 1 0 1 0 1 1 0 1 0 1 0 0 1 0 1 1 1 0 1 0 1 1 0 0 0 0 1 1 1 1 1 1 1 1 1 0 1 0 1 0 1 0 1 1 1 1 0 1 1 0 0 0 1 0 1 0 1 1 0 1 1 1 1 1 1 1 0 0 1 0 0 1 0 1 0 0 0 1 1 1 1 1 0 0 0 34704.0 33655.0 2 0.24921016415685826
1 0 0 1 1 0 1 1 1 0 0 1 1 1 0 1 0 1 0 1 1 0 1 0 1 0 0 1 0 1 1 1 0 1 0 1 1 0 0 0 0 1 1 1 1 1 1 1 1 1 0 1 0 1 0 1 0 1 1 1 1 0 1 1 0 0 0 1 0 1 0 1 1 0 1 1 1 1 1 1 1 0 0 1 0 0 1 0 1 0 0 0 1 1 1 1 1 0 0 0 34779.0 33453.0 2 0.2387420656869456
1 0 0 1 1 0 1 1 1 0 1 1 1 1 0 1 0 1 0 1 1 0 1 0 1 0 0 1 0 1 0 1 0 1 0 1 1 0 0 0 0 1 1 1 1 1 1 1 1 1 0 1 0 1 0 1 0 1 1 1 1 0 1 1 0 0 0 1 0 1 0 1 1 0 1 1 1 0 1 1 1 1 0 1 0 0 1 0 1 0 0 0 1 1 1 1 1 0 0 0 35116.0 33022.0 2 0.28932739638114335
0 0 1 1 1 0 1 1 1 0 0 1 1 1 0 1 0 1 0 1 0 0 1 0 1 1 1 1 0 1 1 1 0 1 0 1 1 0 0 0 0 1 1 1 1 1 1 1 1 1 1 1 0 1 0 1 0 1 1 1 1 0 1 1 0 0 0 1 0 1 0 1 1 0 1 1 1 0 1 1 1 0 0 1 0 0 0 0 1 0 1 0 1 1 1 1 1 0 0 0 35355.0 32764.0 2 0.1828469780386272
0 0 1 1 1 0 1 1 1 0 1 1 1 1 0 1 0 1 0 1 0 0 1 0 1 1 0 0 1 1 0 1 0 1 0 1 1 0 0 0 1 1 1 1 1 1 1 1 1 1 0 1 0 1 0 1 0 1 1 0 1 0 1 1 0 0 0 1 0 1 0 1 1 0 1 1 1 1 1 1 1 1 0 0 0 0 0 0 1 0 0 0 1 1 0 1 1 0 1 0 35450.0 32556.0 2 0.13226164734442947
1 0 0 1 1 0 1 1 1 0 1 1 1 1 0 1 0 1 0 1 0 0 1 0 1 1 0 0 1 1 0 1 0 1 0 1 1 0 0 0 1 1 1 1 1 1 1 1 1 1 0 1 0 1 0 1 0 1 1 0 1 0 1 1 0 0 0 1 0 1 0 1 1 0 1 1 1 1 1 1 1 1 0 0 0 0 0 0 1 0 0 0 1 1 0 1 1 0 1 0 35525.0 32354.0 2 0.07181780940002593
1 0 1 1 1 0 1 1 1 0 1 0 1 1 0 1 0 1 0 1 0 0 1 0 1 1 0 0 1 1 0 1 0 1 0 1 1 0 0 0 0 1 1 1 1 1 1 1 1 1 1 1 0 1 0 1 0 1 1 1 1 0 1 1 0 0 0 1 0 1 0 1 1 0 1 1 1 1 1 1 1 0 0 0 0 0 0 0 1 0 0 0 1 1 0 1 1 0 1 0 35539.0 32330.0 2 0.04028766627995385
1 0 1 1 1 0 1 1 1 0 1 1 1 1 0 1 0 1 0 1 0 0 1 0 1 1 0 0 1 1 0 1 0 1 0 1 1 0 1 0 0 1 1 1 1 1 1 1 1 1 0 1 0 1 1 1 0 0 1 1 1 0 1 1 0 0 0 1 0 1 0 1 1 0 1 1 1 0 1 1 1 1 0 0 0 0 0 0 1 0 0 0 1 1 0 1 1 0 0 0 35559.0 32211.0 2 0.04144266743495498
0 0 1 1 1 0 1 1 1 0 1 1 1 1 0 1 0 1 0 1 1 0 1 0 1 0 0 1 0 1 1 1 0 1 0 1 1 0 0 0 0 1 1 1 1 1 1 1 1 1 0 1 0 1 0 1 0 1 1 1 1 0 1 1 0 0 0 1 0 1 1 1 1 0 1 1 1 0 1 1 1 1 0 0 0 1 0 0 1 0 0 0 1 1 0 1 1 0 0 0 35578.0 32187.0 2 0.05529429843333094
1 0 0 1 1 0 1 1 1 0 1 0 1 1 0 1 0 1 0 1 1 0 1 0 1 1 1 1 0 1 1 1 0 1 0 1 1 0 0 0 0 1 1 1 1 1 1 0 1 1 1 1 0 1 0 1 0 1 1 1 1 0 1 1 0 0 0 1 0 1 0 1 1 0 1 1 1 0 1 1 1 0 0 1 0 0 0 0 1 0 0 0 1 1 1 1 1 0 0 0 35656.0 32066.0 2 0.12152896480408104
0 0 0 1 1 0 1 1 1 0 1 1 1 1 0 1 0 1 0 1 0 0 1 0 1 1 1 1 0 1 1 1 0 1 0 1 1 0 0 0 0 1 1 0 1 1 1 1 1 1 0 1 0 1 0 1 0 1 1 1 1 0 1 1 0 0 0 1 0 1 1 1 1 0 1 1 1 0 1 1 1 0 0 1 0 0 1 0 1 0 0 0 1 1 1 1 1 0 0 0 35893.0 31972.0 2 0.15660746846956505
0 0 1 1 1 0 1 1 1 0 1 0 1 1 0 1 0 1 0 1 1 0 0 0 1 1 1 0 1 1 0 1 0 1 0 1 1 0 0 0 0 1 1 1 1 1 1 1 1 1 0 1 0 1 0 1 0 1 1 1 1 0 1 1 0 0 0 1 0 1 0 1 1 0 1 1 1 0 1 1 1 1 0 1 0 0 0 0 1 0 0 0 1 1 1 1 1 0 0 0 36115.0 31843.0 2 0.13148712332200344
1 0 1 1 1 0 1 1 1 0 1 0 1 1 0 1 0 1 0 1 1 0 1 0 1 1 0 1 0 1 0 1 0 1 0 1 1 0 0 0 0 1 1 1 1 1 1 1 1 1 0 1 0 1 0 1 0 1 1 1 1 1 1 1 0 0 0 1 0 1 0 1 1 0 1 1 1 0 1 1 1 1 0 0 0 1 0 0 1 0 0 0 1 1 0 1 1 0 0 0 36257.0 31763.0 2 0.11362885121106675
0 0 1 1 1 0 1 1 1 0 1 0 1 1 0 1 0 1 0 1 1 0 1 0 1 1 1 1 0 1 0 1 0 1 0 1 1 0 0 0 0 1 1 0 1 1 1 1 1 1 0 1 0 1 0 1 0 1 1 1 1 0 1 1 0 0 0 1 0 1 0 1 1 0 1 1 1 0 1 1 1 1 0 1 0 1 1 0 0 0 0 0 1 1 0 1 1 0 0 0 36385.0 31617.0 2 0.14383214451256754
0 0 1 1 1 0 1 1 1 0 1 1 1 1 0 1 0 1 0 1 1 0 1 0 1 1 1 1 0 1 0 1 0 1 0 1 1 0 0 0 0 1 0 1 1 1 1 1 1 1 0 1 0 1 0 1 0 1 1 1 1 0 1 1 0 0 0 1 0 1 0 1 1 0 1 1 1 0 1 1 1 1 0 0 0 0 0 0 1 0 0 0 1 1 0 1 1 0 1 0 36536.0 31413.0 2 0.09321281083585245
0 0 1 1 1 0 1 1 1 0 1 0 1 1 0 1 0 1 0 1 0 0 1 0 1 1 1 1 0 1 1 1 1 1 0 1 1 0 0 0 0 1 1 1 1 1 1 1 1 1 1 1 0 1 0 1 0 1 1 1 1 0 1 1 1 0 0 1 0 1 0 1 1 0 1 1 1 0 1 1 1 0 0 0 0 1 1 0 0 0 0 0 1 1 0 1 0 0 1 0 36546.0 31370.0 2 0.028073522516706258
0 0 0 1 1 0 1 1 1 0 1 1 1 1 0 1 0 1 0 1 0 0 1 0 1 1 1 1 0 1 1 1 0 1 0 1 1 0 0 0 0 1 1 1 1 1 1 1 1 1 0 1 0 1 0 1 0 1 1 1 1 0 1 1 0 0 0 1 0 1 0 1 1 0 1 1 1 0 1 1 1 1 0 0 0 0 0 0 1 0 0 0 1 1 0 1 1 0 1 0 36578.0 31332.0 2 0.07692401999500935
0 0 1 1 1 0 1 1 1 0 0 1 1 1 0 1 0 1 0 1 0 0 1 0 1 1 1 1 0 1 1 1 0 1 0 1 1 0 0 0 0 1 1 1 1 1 1 1 1 1 0 1 0 1 0 1 0 1 1 1 1 0 1 1 0 0 0 1 0 1 0 1 1 0 1 1 1 1 1 1 1 0 0 0 0 1 0 0 1 0 0 0 1 1 0 1 0 0 1 1 36771.0 31260.0 2 0.07586961317965904
1 0 1 1 1 0 1 1 1 0 1 1 1 1 0 1 0 1 0 1 1 0 1 0 1 1 1 1 0 1 0 1 0 1 0 1 1 0 0 0 0 1 1 0 1 1 1 1 1 1 0 1 0 1 0 1 0 1 1 1 1 0 1 1 0 0 0 1 0 1 0 1 1 0 1 1 1 0 1 1 1 1 0 0 0 1 1 0 0 0 0 0 1 1 0 1 1 0 0 0 36822.0 31246.0 2 0.10651070143018183
1 0 1 1 1 0 1 1 1 1 1 0 1 1 0 1 0 1 1 1 1 0 1 0 1 1 1 1 0 1 0 1 0 1 0 1 1 0 0 0 0 1 1 0 1 1 1 1 1 1 0 1 0 1 0 1 0 1 1 1 1 0 1 1 0 0 0 1 0 1 0 1 1 0 1 1 1 0 1 1 1 1 0 0 0 0 0 0 1 0 0 0 1 1 0 1 1 0 0 0 36912.0 30934.0 2 0.10489369981318025
0 0 1 1 1 0 1 1 1 0 1 1 1 1 0 1 0 1 0 1 1 0 1 0 1 1 1 1 0 1 0 1 0 1 0 1 1 0 0 0 0 1 1 0 1 1 1 1 1 1 0 1 0 1 0 1 0 1 1 1 1 0 1 1 0 0 0 1 0 1 0 1 1 0 1 1 1 0 1 1 1 1 0 0 0 0 0 0 1 0 0 0 1 1 0 1 1 0 1 0 36956.0 30920.0 2 0.03015205305974117
1 0 1 1 1 0 1 1 1 0 1 0 1 1 0 1 0 1 1 1 1 0 1 1 1 1 1 1 0 1 0 1 0 1 0 1 1 0 0 0 0 1 1 0 1 1 1 1 1 1 0 1 0 1 0 1 0 1 1 1 1 0 1 1 0 0 0 1 0 1 0 1 1 0 1 1 1 0 1 1 1 1 0 0 0 0 0 0 1 0 0 0 1 1 0 1 1 0 0 0 37017.0 30908.0 2 0.0403663603935765
0 0 1 1 1 0 1 1 1 0 1 1 1 1 0 1 0 1 0 1 0 0 1 0 1 1 1 1 0 1 1 1 1 1 0 1 1 0 0 0 0 1 1 0 1 1 1 1 1 1 0 1 0 1 0 1 0 1 1 1 1 0 1 1 0 0 0 1 0 1 0 1 1 0 1 1 1 0 1 1 1 1 0 0 0 0 0 1 1 0 0 0 1 1 0 1 1 0 1 0 37117.0 30906.0 2 0.3075885697795357
0 0 1 1 1 0 1 1 1 0 1 0 1 1 0 1 0 1 1 1 1 0 1 0 1 1 1 1 0 1 0 1 1 1 0 1 1 0 0 0 0 1 1 0 1 1 1 1 1 1 0 1 0 1 0 1 0 1 1 1 1 0 1 1 0 0 0 1 0 1 0 1 1 0 1 1 1 0 1 1 1 0 0 0 0 1 0 0 1 0 0 0 1 1 0 1 0 0 1 1 37242.0 29781.0 2 0.3571386170614938
1 0 0 1 1 0 1 1 1 0 1 0 1 1 0 1 0 1 1 1 1 0 1 0 1 1 1 1 0 1 0 1 0 1 0 1 1 0 0 0 0 1 1 0 1 1 1 1 1 1 0 1 0 1 0 1 0 1 1 1 1 0 1 1 0 0 0 1 0 1 0 1 1 0 1 1 1 0 1 1 1 0 0 0 0 1 0 0 1 0 0 0 1 1 0 1 0 0 1 1 37259.0 29476.0 2 2000000000000000.0
1 0 1 1 1 0 1 1 1 0 1 0 1 1 0 1 0 1 0 1 0 0 1 0 1 1 0 0 1 1 0 1 0 1 0 1 1 0 0 0 0 1 1 1 1 1 1 1 1 1 1 1 0 1 0 1 0 1 1 1 1 0 1 0 0 0 0 1 0 1 0 0 1 1 0 1 1 1 1 0 1 0 0 1 0 0 1 0 1 0 0 0 1 1 1 1 1 0 0 0 32883.0 33850.0 3 2000000000000000.0
0 0 1 1 1 0 1 1 1 0 1 1 1 1 0 1 0 1 0 1 1 0 1 0 1 0 0 1 0 1 0 1 0 1 0 1 1 0 0 0 0 1 1 1 1 1 1 1 1 1 0 1 0 1 0 1 0 1 1 1 1 0 1 0 0 0 0 1 0 1 0 0 1 1 0 1 1 1 1 0 1 0 0 1 0 0 1 0 1 0 0 0 1 1 1 1 1 0 1 0 33087.0 33824.0 3 0.20180601939626153
1 0 0 1 1 0 1 1 1 0 1 1 1 1 0 1 0 1 0 1 1 0 1 0 1 0 0 1 0 1 0 1 0 1 0 1 1 0 0 0 0 1 1 1 1 1 1 1 1 1 0 1 0 1 0 1 0 1 1 1 1 0 1 1 0 0 1 1 0 1 0 0 1 1 0 1 1 1 1 1 1 0 0 1 0 0 0 0 1 0 0 0 1 1 1 1 1 0 0 0 33643.0 33738.0 3 0.21078129097723272
0 0 1 1 1 0 1 1 1 0 1 1 1 1 0 1 0 1 0 1 1 0 1 0 1 1 1 1 0 1 0 1 0 1 0 1 1 0 0 0 0 1 0 1 1 1 1 1 1 1 0 1 0 1 0 1 0 0 1 1 1 0 1 0 0 0 0 0 0 1 0 0 1 1 0 1 1 1 1 1 1 1 0 1 0 0 1 0 1 0 0 0 1 1 1 1 1 0 0 0 33870.0 33696.0 3 0.2944948227197656
1 0 1 1 1 0 1 1 1 0 1 0 1 1 0 1 0 1 0 1 0 0 1 0 1 1 0 0 1 1 0 1 0 0 0 1 1 0 0 0 0 1 1 1 1 1 1 1 1 1 1 1 0 1 0 1 0 1 1 1 1 0 1 1 0 0 0 1 0 1 0 1 1 0 1 1 1 1 1 1 1 0 0 1 0 0 1 0 1 0 0 0 1 1 1 1 1 0 0 0 34579.0 33398.0 3 0.30381514078096195
0 0 1 1 1 0 1 1 1 0 1 1 1 1 0 1 0 1 0 1 1 0 1 0 1 0 0 1 0 1 1 1 0 1 0 1 1 0 0 0 0 1 1 1 1 1 1 1 1 1 1 1 0 1 0 1 0 1 1 1 1 0 1 1 0 0 0 1 0 1 0 1 1 0 1 1 1 0 1 1 1 0 0 1 0 0 0 0 1 0 1 0 1 1 1 1 1 0 0 0 34706.0 33213.0 3 0.17989179502792824
0 0 1 1 1 0 1 1 1 0 1 1 1 1 0 1 0 1 0 1 1 0 1 0 1 1 0 1 0 1 0 1 0 1 0 1 1 0 0 0 0 1 1 1 1 1 1 1 1 1 0 1 0 1 0 1 0 1 1 0 1 0 1 1 0 0 0 1 0 1 0 1 1 0 1 1 1 0 1 1 1 0 0 1 0 1 0 0 1 0 0 0 1 1 1 1 1 0 0 1 34925.0 32960.0 3 0.14032891018818136
0 0 1 1 1 0 1 1 1 0 1 1 1 1 0 1 0 1 0 1 1 0 1 0 1 0 0 1 0 1 0 1 0 1 0 1 1 0 0 0 0 1 1 1 1 1 1 1 1 1 0 1 0 1 0 1 0 1 1 1 1 0 1 1 0 0 0 1 0 1 0 1 1 0 1 1 1 0 1 1 1 0 0 1 0 1 0 0 1 0 0 0 1 1 1 1 1 0 0 1 34955.0 32850.0 3 0.17141021588754218
1 0 1 1 1 0 1 1 1 0 1 0 1 1 0 1 0 1 0 1 1 0 1 0 1 1 0 0 1 1 0 1 0 1 0 1 1 0 0 0 0 1 1 1 1 1 1 1 1 1 1 1 0 1 0 1 0 1 1 1 1 0 1 1 0 0 0 1 0 1 0 1 1 0 1 1 1 1 1 1 1 0 0 0 0 0 0 0 1 0 0 0 1 1 0 1 1 0 0 0 35306.0 32595.0 3 0.25291374049063653
0 0 1 1 1 0 1 1 1 0 1 1 1 1 0 1 0 1 0 1 1 0 1 0 1 0 0 1 0 1 1 1 0 1 0 1 1 0 0 0 0 1 1 1 1 1 1 1 1 1 1 1 0 1 0 1 0 1 1 1 1 0 1 1 0 0 0 1 0 1 0 1 1 0 1 1 1 0 1 1 1 1 0 0 0 1 0 0 1 0 0 0 1 1 0 1 1 0 0 0 35503.0 32297.0 3 0.1971053349494204
0 0 1 1 1 0 1 1 1 0 1 1 1 1 0 1 0 1 0 1 1 0 1 0 1 0 0 1 0 1 0 1 0 1 0 1 1 0 0 0 0 1 1 1 1 1 1 1 1 1 0 1 0 0 0 1 0 1 1 1 1 0 1 1 0 0 0 1 0 1 0 1 1 1 1 1 1 0 1 1 1 1 0 0 0 0 0 0 1 0 0 0 1 1 0 1 1 0 1 0 35587.0 32015.0 3 0.12930467778336224
0 0 1 1 1 0 1 1 1 0 1 1 1 1 0 1 0 1 0 1 1 0 1 0 1 1 0 1 0 1 0 1 0 1 0 1 1 0 0 0 0 1 1 1 1 1 1 1 1 1 0 1 0 1 0 1 0 1 1 1 1 0 1 1 0 0 0 1 0 1 0 1 1 0 1 1 1 0 1 1 1 1 0 0 0 1 0 0 1 0 0 0 1 1 0 1 1 0 0 0 35679.0 31908.0 3 0.09376378220332458
0 0 1 1 1 0 1 1 1 0 1 1 1 1 0 1 0 1 0 1 1 0 1 0 1 1 1 1 0 1 0 1 0 1 0 1 1 0 0 0 0 1 0 1 1 1 1 1 1 1 0 1 0 1 0 1 0 1 1 1 1 0 1 1 0 0 0 1 0 1 0 1 1 0 1 1 1 0 1 1 1 1 0 0 0 0 0 0 1 0 0 0 1 1 1 1 1 0 0 0 35799.0 31819.0 3 0.12956102214808674
0 0 1 1 1 0 1 1 1 0 1 1 1 1 0 1 0 1 0 1 1 0 1 0 1 1 0 1 0 1 0 1 0 1 0 1 1 0 0 0 0 1 1 1 1 1 1 1 1 1 0 1 0 1 0 1 0 1 1 1 1 0 1 1 0 0 0 1 0 1 0 1 1 0 1 1 1 0 1 1 1 1 0 0 0 0 0 0 1 0 0 0 1 1 0 1 1 0 1 0 36109.0 31777.0 3 0.09995905244400212
0 0 1 1 1 0 1 1 1 0 1 1 1 1 0 1 0 1 0 1 1 0 1 0 1 0 0 1 0 1 1 1 0 1 0 1 1 0 0 0 0 1 1 1 1 1 1 1 1 1 0 1 0 1 0 1 0 1 1 1 1 0 1 1 0 0 0 1 0 1 0 1 1 0 1 1 1 1 1 1 1 0 0 0 0 1 0 0 1 0 0 0 1 1 0 1 0 0 1 1 36122.0 31709.0 3 0.08046105048421881
0 0 0 1 1 0 1 1 1 0 1 1 1 1 0 1 0 1 0 1 0 0 1 0 1 1 1 1 0 1 1 1 0 1 0 1 1 0 0 0 0 1 1 1 1 1 1 1 1 1 0 1 0 1 0 1 0 1 1 1 1 0 1 1 0 0 0 1 0 1 0 1 1 0 1 1 1 0 1 1 1 1 0 0 0 1 0 0 1 0 0 0 1 1 0 1 1 0 0 0 36148.0 31463.0 3 0.1046715040364451
0 0 1 1 1 0 1 1 1 0 1 1 1 1 0 1 0 1 0 1 1 0 1 0 1 0 0 1 0 1 0 1 0 1 0 1 1 0 0 0 0 1 1 1 1 1 1 1 1 1 0 1 0 1 0 1 0 1 1 1 1 0 1 1 0 0 0 1 0 1 0 1 1 1 1 1 1 0 1 1 1 0 0 0 0 1 0 0 1 0 1 0 1 1 0 1 0 0 1 1 36233.0 31362.0 3 0.07539299891773744
1 0 0 1 1 0 1 1 1 0 1 1 1 1 0 1 0 1 0 1 0 0 0 0 1 1 1 1 0 1 1 1 0 1 0 1 1 0 0 0 0 1 1 1 1 1 1 0 1 1 1 1 0 1 0 1 0 1 1 1 1 0 1 1 0 0 0 1 0 1 0 1 1 1 1 1 1 0 1 1 1 1 0 0 0 0 0 0 1 0 0 0 1 1 1 1 1 0 0 0 36272.0 31258.0 3 0.05976475206940682
1 0 1 1 1 0 1 1 1 0 1 0 1 1 0 1 0 1 1 1 1 0 1 0 1 1 1 1 0 1 0 1 0 1 0 1 1 0 0 0 0 1 1 0 1 1 1 1 1 1 0 1 0 1 0 1 0 1 1 1 1 0 1 1 0 0 0 1 0 1 0 1 1 1 1 1 1 0 1 1 1 1 0 0 0 0 0 0 1 0 0 0 0 1 0 1 1 0 0 0 36371.0 31240.0 3 0.09247440909668733
1 0 1 1 1 0 1 1 1 0 1 0 1 1 0 1 0 1 1 1 1 0 1 0 1 1 1 1 0 1 0 1 0 1 0 1 1 0 0 0 0 1 1 0 1 1 1 1 1 1 0 1 0 1 0 1 0 1 1 1 1 0 1 1 0 0 0 1 0 1 0 1 1 0 1 1 1 0 1 1 1 1 0 0 0 0 0 0 1 0 0 0 1 1 1 1 1 0 0 0 36649.0 31236.0 3 0.09697953730316847
0 0 1 1 1 0 1 1 1 0 1 0 1 1 0 1 0 1 0 1 1 0 0 0 1 1 1 0 1 1 0 1 0 1 0 1 1 0 0 0 0 1 1 1 1 1 1 1 1 1 0 1 0 0 0 1 0 1 1 1 1 0 1 1 0 0 0 1 0 1 0 1 1 0 1 1 1 1 1 1 1 1 0 0 0 0 0 0 1 0 0 0 1 1 0 1 1 0 1 0 36689.0 31138.0 3 0.07488553416772599
1 0 1 1 1 0 1 1 1 0 1 0 1 1 0 1 0 1 0 1 0 0 1 0 1 1 1 1 0 1 1 1 1 1 0 1 1 0 0 0 0 1 1 1 1 1 1 1 1 1 1 1 0 1 0 1 0 1 1 1 1 0 1 1 0 0 0 1 0 1 0 1 1 0 1 1 1 0 1 1 1 0 0 0 0 1 1 0 0 0 0 0 1 1 0 1 0 0 1 0 36712.0 30971.0 3 0.07303856721546424
0 0 1 1 1 0 1 1 1 0 1 0 1 1 0 1 0 1 1 1 1 0 1 0 1 1 1 1 0 1 0 1 0 1 0 1 1 0 0 0 0 1 1 1 1 1 1 1 1 1 1 1 0 1 0 1 0 0 1 1 1 0 1 1 0 0 0 1 0 1 0 1 1 0 1 1 1 0 1 1 1 0 0 0 0 1 1 0 0 0 0 0 1 1 0 1 0 0 1 0 36746.0 30875.0 3 0.09597341997047962
1 0 0 1 1 0 1 1 1 0 1 1 1 1 0 1 0 1 0 1 0 0 0 0 1 1 1 1 0 1 1 1 0 1 0 1 1 0 0 0 0 1 1 1 1 1 1 0 1 1 1 1 0 1 0 1 0 1 1 1 1 0 1 1 0 0 0 1 0 1 0 1 1 1 1 1 1 0 1 1 1 1 0 0 0 0 0 0 1 0 0 0 1 1 0 1 1 0 1 0 37009.0 30852.0 3 0.12088700004801556
0 0 1 1 1 0 1 1 1 0 1 0 1 1 0 1 0 1 1 1 1 0 1 0 1 1 1 1 0 1 0 1 0 1 0 1 1 0 0 0 0 1 1 0 1 1 1 1 1 1 0 1 0 1 0 1 0 1 1 1 1 0 1 1 0 0 0 1 0 1 0 1 1 0 1 1 1 0 1 1 1 1 0 0 0 0 0 0 1 0 0 0 1 1 0 1 1 0 1 0 37070.0 30674.0 3 0.30760347568764534
0 0 1 1 1 0 1 1 1 0 1 0 1 1 0 1 0 1 1 1 1 0 1 0 1 1 1 1 0 1 0 1 0 1 0 1 1 0 0 0 0 1 1 0 1 1 1 1 1 1 0 1 0 1 0 1 0 1 1 1 1 0 1 1 0 0 0 1 0 1 0 1 1 0 1 1 1 0 1 1 1 0 0 0 0 1 0 0 1 0 0 0 1 1 0 1 0 0 1 1 37184.0 29678.0 3 0.3062276166992083
1 0 1 1 1 0 1 1 1 1 1 0 1 1 0 1 0 1 1 1 1 0 1 0 1 1 1 1 0 1 0 1 0 0 0 1 1 0 0 0 0 1 1 0 1 1 1 1 1 1 0 1 0 1 0 1 0 1 1 1 1 0 1 1 0 0 0 1 0 1 0 1 1 0 1 1 1 0 1 1 1 0 0 0 0 1 0 0 1 0 0 0 1 1 0 1 0 0 1 1 37193.0 29453.0 3 2000000000000000.0
1 0 1 1 1 0 1 1 1 0 1 1 1 1 0 1 0 1 0 1 0 0 1 0 1 1 0 0 1 1 0 1 0 1 0 1 1 0 0 0 0 1 1 1 1 1 1 1 1 1 0 1 0 1 0 1 0 1 1 1 1 0 1 0 0 0 0 1 0 1 0 0 1 1 0 1 1 1 1 0 1 0 0 1 0 0 1 0 1 0 0 0 1 1 1 1 1 0 0 0 32862.0 33844.0 4 2000000000000000.0
0 0 1 1 1 0 1 1 1 0 1 1 1 1 0 1 0 1 1 1 1 0 1 0 1 1 1 1 0 1 0 1 0 1 0 1 1 0 0 0 0 1 1 0 1 1 1 1 1 1 0 1 0 1 0 1 0 1 1 1 1 0 1 1 0 0 0 1 0 1 0 1 0 0 1 1 1 0 1 1 1 0 0 0 0 1 1 1 0 0 0 0 1 1 0 1 0 0 1 1 37084.0 29501.0 4 2000000000000000.0
0 0 1 1 1 0 1 1 1 0 1 1 1 1 0 1 0 1 0 1 1 0 1 0 1 0 0 1 0 1 0 1 0 1 0 1 1 0 0 0 0 1 1 1 1 1 1 1 1 1 0 1 0 1 0 1 0 0 1 1 1 0 1 0 0 0 0 1 0 1 0 1 1 1 0 1 1 1 1 0 1 1 0 0 0 0 1 0 1 0 0 0 1 1 1 1 1 0 0 0 33556.0 33366.0 4 0.41724062406570156
0 0 1 1 1 0 1 1 1 0 1 1 1 1 0 1 0 1 0 1 1 1 0 0 1 1 0 1 0 1 0 1 0 1 0 1 1 0 0 0 0 1 1 1 1 1 1 1 1 1 0 1 0 1 0 1 0 1 1 0 1 0 1 1 0 0 0 1 0 1 0 1 1 0 1 1 1 1 1 1 1 0 0 1 0 0 0 0 1 0 1 0 1 1 1 1 1 0 0 0 34404.0 33040.0 4 0.31049463720456105
0 0 1 1 1 0 1 1 1 0 1 1 1 1 0 1 0 0 0 1 1 0 1 0 1 0 0 1 0 1 0 1 0 1 0 1 1 0 0 0 0 1 1 1 1 1 1 1 1 1 0 1 0 1 0 1 0 1 1 1 1 0 1 1 0 0 0 1 0 1 0 1 1 0 1 1 1 1 1 1 1 0 0 1 0 0 1 0 1 0 0 1 1 1 1 1 1 0 0 0 34051.0 33255.0 4 0.27591599674216594
0 0 1 1 1 0 1 1 1 0 1 1 1 1 0 1 0 1 0 1 1 0 1 0 1 1 0 1 0 1 0 1 0 1 0 1 1 0 0 0 0 1 1 1 1 1 1 1 1 1 0 1 0 1 0 1 0 1 1 1 1 0 1 0 0 0 0 1 0 1 0 1 1 0 1 1 1 0 1 1 1 0 0 1 0 1 0 0 1 0 0 0 1 1 1 1 1 0 0 1 34940.0 32821.0 4 0.2671488326936251
0 0 1 1 1 0 1 1 1 0 1 1 1 1 0 1 0 1 0 1 0 0 1 0 1 1 1 1 0 1 1 1 0 1 0 1 1 0 0 0 0 1 1 1 1 1 1 0 1 1 1 1 0 1 0 1 0 1 1 1 1 0 1 1 0 0 0 1 0 1 0 1 1 0 1 1 1 0 1 1 1 0 0 0 0 1 0 0 1 0 0 0 1 1 1 1 1 0 0 1 36101.0 31634.0 4 0.2657409032410564
0 0 1 1 1 0 1 1 1 0 1 1 1 1 0 1 0 1 0 1 0 0 1 0 1 1 1 1 0 1 1 1 1 1 0 1 1 0 0 0 0 1 1 1 1 1 1 1 1 1 1 1 0 1 0 1 0 1 1 1 1 0 1 1 0 0 0 1 0 1 0 1 1 0 1 1 1 0 1 1 1 0 0 0 0 1 1 0 0 0 0 0 1 1 0 1 0 0 1 0 36547.0 31176.0 4 0.24325291694339113
0 0 1 1 1 0 1 1 1 0 1 1 1 1 0 1 0 1 0 1 1 0 1 0 1 0 0 1 0 1 1 1 0 1 0 1 1 0 0 0 0 1 1 1 1 1 1 1 1 1 0 1 0 1 0 1 0 1 1 1 1 0 1 1 0 0 0 1 0 1 0 1 1 0 1 1 1 0 1 1 1 1 0 0 0 0 0 0 0 1 0 0 1 1 0 1 1 0 1 0 35658.0 31761.0 4 0.24129798050254916
