1 0 1 1 1 1 1 1 1 1 1 1 0 1 0 0 1 0 1 0 1 0 0 1 1 1 0 1 0 1 1 1 1 1 0 1 1 0 0 0 0 1 1 1 1 1 1 0 1 1 0 1 1 1 0 0 0 1 1 0 1 0 1 1 0 0 0 1 0 1 0 0 1 0 1 1 1 1 1 1 1 0 1 1 0 1 1 1 1 0 0 0 1 1 1 1 0 0 1 0 34148.0 29030.0 36402.0 0 1000000000000000.1
1 0 1 1 1 1 1 1 1 1 1 0 0 1 0 0 1 0 1 0 1 0 0 1 1 1 1 0 0 1 0 1 1 1 1 1 1 0 0 0 0 1 1 1 1 1 1 0 1 1 0 1 0 1 0 0 0 1 1 1 1 0 1 1 0 0 1 0 0 1 0 0 1 0 1 1 1 1 1 1 1 0 1 1 0 1 1 1 1 0 0 0 1 1 1 1 0 0 1 0 34530.0 28208.0 35920.0 0 0.4219369018024246
1 0 1 1 1 1 1 1 0 0 1 0 1 1 0 1 1 0 1 0 0 1 0 1 1 1 1 0 0 1 1 1 0 1 0 1 1 0 0 0 0 1 1 1 1 1 1 0 1 1 0 1 0 1 0 0 0 1 1 1 1 0 1 1 0 0 0 1 0 1 0 0 1 0 1 1 1 1 1 1 1 0 1 1 0 1 1 1 1 0 0 0 1 1 1 1 0 0 1 0 34906.0 29054.0 35537.0 0 0.22669606794744324
1 0 1 1 1 0 1 1 1 0 1 1 1 1 0 1 1 1 1 0 1 0 0 1 1 0 0 1 0 1 1 1 1 1 0 1 1 0 0 0 0 1 1 1 1 1 1 0 1 1 0 1 0 1 0 0 0 1 1 1 1 0 1 1 0 0 0 1 0 1 0 0 1 0 1 1 1 1 1 1 1 0 1 1 0 1 1 1 1 0 0 0 0 1 1 1 0 0 1 0 34680.0 30773.0 35424.0 0 0.16321303267228804
1 0 1 1 1 1 1 1 1 1 1 0 0 1 1 0 1 0 1 0 1 0 0 1 1 1 1 0 0 1 0 1 1 1 1 1 1 0 0 0 0 1 1 1 1 1 1 0 1 1 0 1 0 1 0 0 0 1 1 1 1 0 1 1 0 0 0 1 0 1 0 0 1 0 1 1 1 1 0 1 1 0 1 1 0 1 1 0 1 0 0 0 1 1 1 1 0 0 1 0 35013.0 27778.0 35131.0 0 1000000000000000.1
1 0 0 1 1 1 1 1 1 0 1 0 1 1 0 1 1 0 1 0 0 1 0 1 1 1 1 1 0 1 1 1 0 1 0 1 1 0 0 0 0 1 1 1 1 1 1 0 1 1 0 1 0 1 0 0 0 1 1 1 1 0 1 1 0 0 0 1 0 1 0 0 1 0 1 1 1 1 1 1 1 0 1 1 0 1 1 0 1 0 0 0 1 1 1 1 0 0 1 0 35366.0 29621.0 35085.0 0 0.2784323075611844
0 0 1 1 1 1 1 1 1 0 1 0 1 1 0 1 1 1 0 0 0 0 0 1 1 1 0 1 0 1 1 1 1 1 0 1 1 0 0 0 0 1 1 1 1 1 1 0 1 1 0 1 0 1 0 0 0 1 1 1 1 0 1 1 0 0 0 1 0 1 0 0 1 0 1 1 1 1 1 1 1 0 0 1 1 1 1 0 1 0 0 0 1 1 1 1 0 0 1 1 35034.0 30882.0 34621.0 0 0.1594074819020345
1 0 1 1 1 1 1 1 1 0 1 0 1 1 0 1 1 1 1 0 1 1 0 0 1 0 0 0 1 1 1 1 1 1 0 1 1 1 0 0 0 1 1 1 1 1 1 0 1 1 0 1 1 1 0 0 0 1 1 1 1 0 1 1 0 0 0 0 0 1 0 0 1 0 1 1 1 1 1 1 1 0 1 1 0 1 1 0 1 0 0 0 1 1 1 1 0 0 1 0 34284.0 30936.0 34565.0 0 0.12234322181627505
1 0 1 1 1 1 1 1 1 1 1 0 0 1 0 0 1 0 1 0 1 0 0 1 1 1 1 0 0 1 0 1 1 1 1 1 1 0 0 0 0 1 1 1 1 1 1 0 1 1 0 1 0 0 0 0 0 1 1 1 1 0 1 1 0 0 0 1 0 1 0 0 1 1 1 1 1 1 1 1 1 0 0 1 0 1 1 0 1 0 0 0 1 1 1 1 0 0 1 1 35492.0 28572.0 34385.0 0 0.3037897331955971
0 0 1 1 1 1 1 1 1 0 1 0 1 1 0 1 1 1 0 0 0 1 0 1 1 1 0 1 0 1 1 1 0 1 0 1 1 0 0 0 0 1 1 1 1 1 1 0 1 1 0 1 0 1 0 0 0 1 1 1 1 0 1 1 0 0 0 1 0 1 0 0 1 1 1 1 1 1 1 1 1 0 0 1 0 0 1 1 1 0 0 0 1 1 1 1 0 0 1 0 35193.0 30979.0 34107.0 0 0.22774013219270553
0 0 1 1 1 0 1 1 1 1 1 0 1 1 0 1 1 1 0 0 0 1 0 1 1 1 0 1 0 1 1 1 0 1 0 1 1 0 0 0 0 1 1 0 1 1 1 1 1 1 0 0 1 1 0 1 0 0 1 1 1 0 1 1 0 0 0 1 0 1 0 0 1 0 1 1 1 1 1 1 1 0 1 1 0 1 1 0 1 0 0 0 1 1 1 1 0 0 1 0 35786.0 29772.0 34075.0 0 0.38217536192950935
0 0 1 1 1 0 1 1 0 1 1 0 1 1 0 1 1 1 1 0 0 1 0 1 1 1 0 1 0 1 1 1 0 1 0 1 1 0 0 0 0 1 1 1 1 1 1 0 1 1 0 1 0 1 0 0 0 1 1 1 1 0 1 1 0 0 0 1 0 1 0 0 1 1 1 1 1 1 1 1 1 0 0 1 0 1 1 0 1 0 0 0 1 1 1 1 0 0 1 0 35515.0 30770.0 34060.0 0 0.14261018802704778
1 0 1 1 1 0 1 1 1 0 1 0 1 1 0 1 1 1 0 0 0 1 0 1 1 1 0 1 0 1 1 1 0 1 0 1 1 0 0 0 0 1 1 1 1 1 1 0 1 1 0 1 0 1 0 0 0 1 1 1 1 0 1 1 0 0 0 1 0 1 0 0 1 1 1 1 1 1 1 1 1 0 1 1 0 1 1 0 1 0 0 0 1 1 1 1 0 0 1 0 35979.0 31203.0 33948.0 0 0.24632956697957384
1 0 1 0 1 0 1 1 1 0 1 1 1 1 0 1 1 1 1 0 1 1 1 0 1 0 0 1 0 1 1 1 1 1 1 1 1 0 0 0 0 1 1 0 1 1 1 0 1 1 0 1 1 1 0 1 0 1 1 1 1 0 1 1 0 0 0 0 0 1 0 0 1 0 1 1 1 1 1 1 1 0 1 1 0 1 1 0 1 0 0 0 1 1 1 1 0 0 1 0 34764.0 31255.0 33795.0 0 0.14072983259838256
1 0 1 0 1 0 1 1 1 0 1 1 1 1 0 1 1 1 1 0 1 1 1 0 1 0 0 0 1 1 1 1 1 1 0 1 1 1 0 0 0 1 1 1 1 1 1 0 1 1 0 1 1 1 0 0 0 1 1 1 1 0 1 1 0 0 0 0 0 1 0 0 1 0 1 1 1 1 1 1 1 0 1 1 0 1 1 0 1 0 0 0 1 1 1 1 0 0 1 0 34105.0 31427.0 33751.0 0 0.10668286949144487
0 0 1 1 1 0 1 1 1 1 1 0 1 1 0 1 1 1 0 0 0 1 0 1 1 1 0 1 0 1 1 1 0 1 0 1 1 0 0 0 0 1 1 1 1 1 1 0 1 1 0 1 0 1 0 0 0 1 1 1 1 0 1 1 0 0 0 1 0 1 0 0 1 1 1 1 1 1 1 1 1 0 0 1 0 1 1 0 1 0 0 0 1 1 0 1 0 0 1 1 36195.0 30669.0 33602.0 0 0.3427340017908226
1 0 1 1 1 0 1 1 1 0 1 0 1 1 0 1 1 1 0 1 1 1 0 0 1 0 0 0 1 1 1 1 1 1 0 1 1 0 0 0 0 1 1 1 1 1 1 0 1 1 0 1 0 1 0 0 0 1 1 1 1 0 1 1 0 0 0 1 0 1 0 0 1 0 1 1 1 1 1 1 1 0 1 1 0 1 1 0 1 0 0 0 1 1 1 1 0 0 1 0 35436.0 31383.0 33576.0 0 0.09830878346281051
1 0 1 0 1 0 1 1 1 0 1 0 1 1 0 1 1 1 1 0 1 0 0 1 1 1 0 0 1 1 1 1 0 1 0 1 1 0 0 0 0 1 1 0 1 1 1 0 1 1 0 1 1 1 0 0 0 1 1 1 1 0 1 1 0 0 0 1 0 1 0 0 1 0 1 1 1 1 1 1 1 0 0 1 0 1 1 0 1 1 0 0 1 1 1 1 0 0 1 1 36261.0 29358.0 33504.0 0 1000000000000000.2
0 0 1 1 1 0 1 1 1 0 1 0 1 1 0 1 1 1 0 0 1 1 1 0 1 0 0 0 1 1 1 1 0 1 0 1 1 0 0 0 0 1 1 1 1 1 1 0 1 1 0 1 1 1 0 0 0 1 1 0 1 0 1 1 0 0 0 1 0 1 0 1 1 0 1 1 1 1 1 1 1 0 1 1 0 1 1 0 1 0 0 0 1 1 1 1 0 0 1 0 34607.0 31804.0 33229.0 0 0.21305694450599927
0 0 1 1 1 1 1 1 1 0 1 0 1 1 0 1 1 1 0 0 0 1 0 1 1 1 0 1 0 1 1 1 0 1 0 1 1 0 0 0 0 1 1 1 1 1 1 0 1 1 0 1 0 1 0 1 0 1 1 1 0 0 1 1 0 0 0 1 0 1 0 0 1 1 1 1 1 1 1 1 1 0 0 1 0 1 1 0 1 0 0 0 1 1 1 1 0 0 1 0 35042.0 31440.0 33110.0 0 0.16069895533410067
1 0 1 1 1 0 1 1 1 0 1 0 1 1 0 1 1 1 0 0 1 1 1 0 1 0 1 0 1 1 1 1 0 1 0 1 1 0 0 0 0 1 1 1 1 1 1 0 1 1 0 1 1 1 0 0 0 1 1 0 1 0 1 1 0 0 0 0 0 1 0 1 1 0 1 1 1 1 1 1 1 0 1 1 0 1 1 0 1 0 0 0 1 1 1 1 0 0 1 0 34866.0 31805.0 33096.0 0 0.16034228843380938
0 0 1 1 1 1 1 0 1 0 1 0 1 1 0 1 1 1 1 0 1 0 1 0 1 0 0 0 1 1 1 1 0 1 0 1 1 0 0 0 0 1 1 1 1 1 1 0 1 1 0 1 0 1 0 1 0 1 1 0 0 0 1 1 0 0 0 1 0 1 0 1 1 1 1 1 1 1 1 1 1 0 1 1 0 1 1 0 1 0 0 0 0 1 1 1 0 0 1 0 33066.0 31820.0 32602.0 0 1000000000000000.1
1 0 1 0 1 0 1 1 1 1 1 0 1 1 0 1 1 1 1 0 0 1 1 0 1 0 0 0 1 1 1 1 0 1 0 1 1 0 0 0 0 1 1 1 1 1 1 0 1 1 0 1 0 1 0 1 0 1 1 0 0 0 1 1 0 0 0 1 0 1 0 1 1 1 1 1 1 1 1 1 1 0 1 1 0 1 0 0 1 0 0 0 1 1 1 1 0 0 1 0 34262.0 31868.0 32541.0 0 0.16385997875349978
1 0 1 0 1 0 1 1 1 1 1 0 1 1 0 1 1 1 1 0 0 1 1 0 1 0 0 0 1 1 1 1 0 1 0 1 1 0 0 0 0 1 1 1 1 1 1 0 1 1 0 1 0 1 0 1 0 1 1 0 0 0 1 1 0 0 0 1 0 1 0 1 1 1 1 1 1 1 1 1 1 0 0 1 0 1 1 0 1 0 0 0 1 1 1 1 0 0 1 0 34419.0 32034.0 32263.0 0 0.33828047145978635
0 0 1 1 1 0 1 1 1 0 1 0 1 1 0 1 1 1 0 0 0 1 1 0 1 0 0 0 1 1 1 1 0 1 0 1 1 0 0 0 0 1 1 1 1 1 1 0 1 1 0 1 0 1 0 1 0 1 1 0 0 0 1 1 0 0 0 1 0 1 1 1 1 1 1 1 1 1 1 1 1 0 1 1 0 1 0 0 1 0 0 0 1 1 1 1 0 0 1 0 33983.0 32404.0 31884.0 0 2000000000000000.5
1 0 1 1 1 1 1 1 1 1 1 1 0 1 0 0 1 0 1 0 1 0 0 1 1 1 0 1 0 1 1 1 1 1 0 1 1 0 0 0 0 1 1 1 1 1 1 0 1 1 0 1 1 1 0 0 0 1 1 0 1 0 1 1 0 0 0 1 0 1 0 0 1 0 1 1 1 1 0 1 1 0 1 1 0 0 1 1 1 0 0 0 1 1 0 1 0 0 1 0 33006.0 27567.0 35571.0 1 1000000000000000.1
1 0 1 1 1 1 1 1 1 1 1 1 0 1 0 0 1 0 1 0 1 0 0 1 1 1 0 1 0 1 1 1 0 1 0 1 1 0 0 0 0 1 1 1 1 1 1 0 1 1 0 1 0 1 0 0 0 1 1 1 1 0 1 1 0 0 1 0 0 1 0 0 1 0 1 1 1 1 1 1 1 0 1 1 0 1 1 1 1 0 0 0 1 1 1 1 0 0 1 0 34247.0 28703.0 35402.0 1 0.19740686260061352
0 0 1 1 1 1 1 1 1 0 1 0 1 1 0 1 1 0 1 0 1 0 1 1 1 1 0 0 1 1 1 1 1 1 0 1 1 0 0 0 0 1 1 1 1 1 1 0 1 1 0 1 0 1 0 0 0 1 1 1 1 0 1 1 0 0 0 1 0 1 0 0 1 0 1 1 1 1 1 1 1 0 1 1 0 1 1 0 1 0 0 0 0 1 1 1 0 0 1 0 34361.0 30617.0 35164.0 1 0.11892545887411322
1 0 1 1 1 1 1 1 1 1 1 1 0 1 0 0 1 0 1 0 1 0 0 1 1 1 1 0 1 1 1 1 0 1 0 1 1 0 0 0 0 1 1 0 1 1 1 0 1 1 0 0 1 1 0 1 0 0 1 1 1 0 1 1 0 0 0 1 0 1 0 0 1 0 1 1 1 1 0 1 1 0 1 1 0 0 1 1 1 0 0 0 1 1 1 1 0 0 1 0 34837.0 26403.0 35120.0 1 0.17855139902703382
1 0 1 1 1 1 1 1 1 1 1 1 0 1 0 1 1 0 1 0 1 0 0 1 1 1 1 0 1 1 1 1 0 0 0 1 1 0 0 0 0 1 1 0 1 1 1 0 1 1 0 0 1 1 0 1 0 0 1 1 1 0 1 1 0 0 0 1 0 1 0 0 1 0 1 1 1 1 0 1 1 0 1 1 0 0 1 1 1 0 0 0 1 1 1 1 0 0 1 0 34512.0 26746.0 35114.0 1 0.2090076063082153
1 0 1 1 1 1 1 1 1 1 1 1 0 1 0 0 1 0 1 0 1 1 0 0 1 1 1 0 1 1 1 1 0 1 0 1 1 0 0 0 0 1 1 0 1 1 1 0 1 1 0 0 1 1 0 1 0 0 1 1 1 1 1 1 0 0 0 1 0 1 0 0 1 0 1 1 1 1 0 1 1 0 0 1 0 0 1 1 1 0 0 0 1 1 0 1 0 0 1 1 35176.0 26149.0 35077.0 1 1000000000000000.0
1 0 0 1 1 1 1 1 1 0 1 0 1 1 0 1 1 0 1 0 0 1 0 1 1 1 1 1 0 1 1 1 0 1 0 1 1 0 0 0 0 1 1 1 1 1 1 0 1 1 0 1 0 1 0 0 0 1 1 1 1 0 1 1 0 0 0 1 0 1 0 0 1 0 1 1 1 1 1 1 1 0 1 1 0 1 1 0 1 0 0 0 0 1 1 1 0 0 1 0 34552.0 29370.0 35014.0 1 0.10208022375534193
1 0 1 1 1 1 1 1 1 1 1 1 0 1 0 0 1 0 1 0 1 0 0 1 1 1 0 1 0 1 1 1 0 1 0 1 1 0 0 0 0 1 1 1 1 1 1 0 1 1 0 1 1 1 0 0 0 1 1 0 1 0 1 1 0 0 0 1 0 1 0 1 1 0 1 1 1 1 1 1 1 0 1 1 0 1 1 0 1 0 0 0 1 1 1 1 0 0 1 0 34575.0 29163.0 35003.0 1 0.04795488864788281
0 0 1 1 1 1 1 1 1 0 1 0 1 1 0 1 1 1 0 0 0 1 0 1 1 1 0 1 0 1 1 1 0 1 0 1 1 0 0 0 0 1 1 1 1 1 1 0 1 1 0 1 0 1 0 0 0 1 1 1 1 0 1 1 0 0 1 0 0 1 0 0 1 0 1 1 1 1 1 1 1 0 1 1 0 1 1 1 1 0 0 0 1 1 1 1 0 0 1 0 34644.0 30446.0 34938.0 1 0.10177505891233478
1 0 1 1 1 0 1 1 1 0 1 0 1 1 0 1 1 0 1 0 1 0 1 1 1 1 0 0 1 1 1 1 1 1 0 1 1 0 0 0 0 1 1 1 1 1 1 0 1 1 0 1 0 1 0 0 0 1 1 1 1 0 1 1 0 0 0 1 0 1 0 0 1 0 1 1 1 1 1 1 1 0 1 1 0 1 1 0 1 0 0 0 0 1 1 1 0 0 1 0 34623.0 30617.0 34913.0 1 0.04394888437062561
0 0 1 1 1 1 1 1 1 0 1 0 1 1 0 1 1 0 1 0 1 0 1 1 1 1 0 0 1 1 1 1 1 1 0 1 1 0 0 0 0 1 1 1 1 1 1 0 1 1 0 1 0 1 0 0 0 1 1 0 1 1 1 1 0 0 0 0 0 1 0 0 1 0 1 1 1 1 1 1 1 0 1 1 0 1 1 0 1 0 0 0 1 1 1 1 0 0 1 0 33772.0 30717.0 34848.0 1 0.12788670992303097
1 0 1 1 1 1 1 1 1 1 1 1 0 1 0 0 1 0 1 0 1 0 0 1 1 1 1 0 1 1 1 1 0 1 0 1 1 0 0 0 0 1 1 1 1 1 1 0 1 1 0 1 0 1 0 0 0 1 1 1 1 0 1 1 0 0 0 1 0 1 0 0 1 0 1 1 1 1 0 1 1 0 0 1 0 0 1 1 1 0 0 0 1 1 0 1 0 0 1 1 35094.0 27353.0 34786.0 1 0.22679960304063146
1 0 1 1 1 0 1 1 1 1 1 0 1 1 0 1 1 1 0 0 0 1 0 1 1 1 0 1 0 1 1 1 0 1 0 1 1 0 0 0 0 1 1 1 1 1 1 0 1 1 0 1 0 1 0 0 0 1 1 1 1 0 1 1 0 0 0 1 0 1 0 0 1 0 1 1 1 1 0 1 1 0 0 1 0 0 1 1 1 0 0 0 1 1 0 1 0 0 1 1 35110.0 29127.0 34629.0 1 0.10755178905995821
0 0 1 1 1 1 1 1 1 0 1 0 1 1 0 1 1 1 0 0 0 0 0 1 1 1 0 1 0 1 1 1 1 1 0 1 1 0 0 0 0 1 1 1 1 1 1 0 1 1 0 1 0 1 0 0 0 1 1 1 0 0 1 1 0 0 0 1 0 1 0 0 1 0 1 1 1 1 1 1 1 0 0 1 1 1 1 0 1 0 0 0 1 1 1 1 0 0 1 1 34231.0 30840.0 34486.0 1 0.09629982733446896
1 0 1 1 1 1 1 0 1 0 0 0 1 1 0 1 1 1 1 0 1 1 1 0 1 0 0 0 1 1 1 1 0 1 0 1 1 0 0 0 0 1 1 1 1 1 1 0 1 1 0 1 1 1 0 0 0 1 1 0 0 0 1 1 0 0 0 1 0 1 0 1 1 0 1 1 1 1 1 1 1 0 1 1 0 0 1 1 1 0 0 0 0 1 1 1 0 0 1 0 32048.0 30852.0 34330.0 1 1000000000000000.0
1 0 1 0 1 0 1 1 1 1 1 0 1 1 0 1 1 1 1 0 1 0 0 1 1 0 0 0 1 1 0 1 1 1 0 1 1 0 0 0 0 1 1 1 1 1 1 0 1 1 0 1 0 1 0 0 0 1 1 1 1 0 1 1 0 0 0 1 0 1 0 0 1 0 1 1 1 1 1 1 1 0 0 1 1 1 1 0 1 0 0 0 1 1 1 1 0 0 1 1 35024.0 30501.0 34294.0 1 0.09714508983840203
0 0 1 1 1 0 1 1 1 1 1 0 1 1 0 1 1 1 0 0 1 1 0 0 1 0 0 0 1 1 1 1 1 1 0 1 1 0 0 0 0 1 1 1 1 1 1 0 1 1 0 1 0 1 0 0 0 1 1 1 1 0 1 1 0 0 0 1 0 1 0 0 1 0 1 1 1 1 1 1 1 0 1 1 0 1 1 0 1 0 0 0 1 1 1 1 0 0 1 0 34928.0 30697.0 34225.0 1 0.14090524815616723
0 0 1 1 1 1 1 1 1 0 1 0 1 1 0 1 1 1 0 0 0 0 0 1 1 1 0 1 0 1 1 1 1 1 0 1 1 0 0 0 0 1 1 1 1 1 1 0 1 1 0 1 0 1 0 1 0 1 1 0 0 0 1 1 0 0 0 1 0 1 0 1 1 0 1 1 1 1 1 1 1 0 1 1 0 1 1 0 1 0 0 0 1 1 1 1 0 0 1 0 34252.0 30959.0 33958.0 1 0.11565421037270644
0 0 1 1 1 1 1 1 1 0 1 0 1 1 0 1 1 1 0 0 0 0 0 1 1 1 0 1 0 1 1 1 1 1 0 1 1 0 0 0 0 1 1 1 1 1 1 0 1 1 0 1 0 1 0 0 0 1 1 1 1 0 1 1 0 0 0 1 0 1 0 0 1 0 1 1 1 1 1 1 1 0 0 1 1 1 1 0 1 0 0 0 1 1 1 1 0 0 1 0 34438.0 30855.0 33934.0 1 0.05785590275374263
0 0 1 1 1 0 1 1 0 1 1 0 1 1 0 1 1 1 1 0 1 1 0 1 1 1 0 1 0 1 1 1 0 1 0 1 1 0 0 0 0 1 1 0 1 1 1 0 1 1 0 0 0 1 0 0 0 1 1 1 1 0 1 1 0 0 0 1 0 1 0 0 1 1 1 1 1 1 1 1 1 0 0 1 0 1 1 0 1 0 0 0 1 1 1 1 0 0 1 0 35536.0 29186.0 33932.0 1 0.07439402418520095
0 0 1 1 1 0 1 1 1 0 1 0 1 1 0 1 1 1 0 0 0 1 0 1 1 1 0 1 0 1 1 1 0 1 0 1 1 0 0 0 0 1 1 1 1 1 1 0 1 1 1 1 0 1 0 0 0 1 1 1 1 0 1 1 0 0 1 0 0 1 0 0 1 0 1 1 1 1 1 1 1 0 1 1 0 1 1 0 1 1 0 0 1 1 1 1 0 0 1 0 34886.0 30829.0 33896.0 1 0.05715362143690456
1 0 1 1 1 0 1 1 1 0 1 0 0 1 0 1 1 1 0 0 0 1 0 1 1 1 0 1 0 1 1 1 0 1 0 0 1 0 0 0 0 1 1 1 1 1 1 0 1 1 0 1 0 1 0 0 0 1 1 1 1 0 1 1 0 0 0 1 0 1 0 0 1 1 1 1 1 1 1 1 1 0 1 1 0 1 1 0 1 0 0 1 1 1 1 1 0 0 1 0 35265.0 29734.0 33883.0 1 0.19813956816859574
0 0 1 1 1 1 1 1 1 0 1 0 1 1 0 1 1 1 0 0 0 1 0 1 1 1 0 1 0 1 1 1 0 1 0 1 1 0 0 0 0 1 1 1 1 1 1 0 1 1 0 1 0 1 0 0 0 1 1 1 1 0 1 1 0 0 0 1 0 1 0 0 1 0 1 1 1 1 1 1 1 0 0 1 0 1 1 0 1 0 0 0 1 1 1 1 0 0 1 1 35283.0 30456.0 33881.0 1 0.08887461041701616
1 0 1 0 1 0 1 1 1 1 1 0 1 1 0 1 1 1 1 0 0 1 0 1 1 1 0 1 0 1 1 1 0 1 0 1 1 0 0 0 0 1 1 1 1 1 1 0 1 1 0 1 0 1 0 1 0 1 1 1 0 0 1 1 0 0 0 1 0 1 0 0 1 1 1 1 1 1 1 1 1 0 0 1 0 1 1 0 1 0 0 0 1 1 1 1 0 0 1 0 35514.0 31005.0 33702.0 1 0.11176693899007739
0 0 1 1 1 0 1 1 1 0 1 0 1 1 0 1 1 1 1 0 0 1 1 0 1 0 0 0 1 1 1 1 0 1 0 1 1 0 0 0 0 1 1 1 1 1 1 0 1 1 0 1 0 1 0 0 0 1 1 1 1 0 1 1 0 0 0 1 0 1 0 0 1 0 1 1 1 1 1 1 1 1 1 1 0 0 1 1 1 0 0 0 1 1 0 1 0 0 0 1 34243.0 31023.0 33640.0 1 0.06114743724060444
1 0 1 0 1 0 1 1 1 0 1 1 1 1 0 1 1 1 1 0 1 1 1 0 1 0 0 0 1 1 1 1 1 1 0 1 1 0 0 0 0 1 1 1 1 1 1 0 1 1 0 1 1 1 0 0 0 1 1 1 1 0 1 1 0 0 0 0 0 1 0 0 1 0 1 1 1 1 1 1 1 0 1 1 0 1 0 0 1 0 0 0 1 1 1 1 0 0 1 1 34196.0 31178.0 33553.0 1 0.10851234268472061
1 0 1 1 1 1 1 0 1 0 0 0 1 1 0 1 1 1 1 0 1 1 1 0 1 0 0 0 1 1 1 1 0 1 0 1 1 0 0 0 0 1 1 1 1 1 1 0 1 1 0 1 1 1 0 0 0 1 1 0 0 0 1 1 0 0 0 1 0 1 0 1 1 0 1 1 1 1 1 1 1 0 1 1 0 1 1 0 1 0 0 0 1 1 1 1 0 0 1 0 33059.0 31224.0 33516.0 1 0.06316428494794166
1 0 1 1 1 0 1 1 1 0 1 0 1 1 0 1 1 1 0 1 1 1 0 0 1 0 0 0 1 1 1 1 1 1 0 1 1 0 0 0 0 1 1 1 1 1 1 0 1 1 0 1 0 1 0 0 0 1 1 1 1 0 1 1 0 0 0 1 0 1 0 0 1 0 1 1 1 1 1 1 1 0 1 1 0 1 1 0 1 0 0 0 0 1 1 1 0 0 1 0 34622.0 31132.0 33505.0 1 0.029289909469447033
1 0 1 1 1 1 1 1 1 1 1 0 0 1 0 0 1 0 1 0 1 0 0 1 1 1 1 0 0 1 0 1 1 1 1 1 1 0 0 0 0 1 1 1 1 0 1 0 1 1 0 1 0 1 0 0 0 1 1 1 1 0 1 1 0 0 0 1 0 1 0 0 1 1 1 1 1 1 1 1 1 0 0 1 0 1 1 0 1 0 0 0 1 1 0 1 0 0 1 1 35634.0 27669.0 33502.0 1 0.20453322972047241
1 0 1 1 1 1 1 1 1 1 1 1 0 1 0 0 1 0 1 0 1 0 0 1 1 1 1 0 1 1 1 1 0 1 0 1 1 0 0 0 0 1 1 1 1 1 1 0 1 1 0 1 0 0 0 0 0 1 1 1 1 0 1 1 0 0 0 1 0 1 0 0 1 1 1 1 1 1 1 1 1 0 0 1 0 1 1 0 1 0 0 0 1 1 1 1 0 0 1 0 35686.0 29123.0 33498.0 1 0.07202874657869815
1 0 1 0 1 0 1 1 1 0 1 1 1 1 0 1 1 1 1 0 1 1 1 0 1 0 0 0 1 1 1 1 1 1 0 1 1 0 0 0 0 1 1 1 1 1 1 0 1 1 0 1 1 1 0 0 0 1 1 1 1 0 1 1 0 0 0 0 0 1 0 0 1 0 1 1 1 1 1 1 1 0 0 1 0 0 1 1 1 0 0 0 1 1 1 1 0 0 1 0 33560.0 31196.0 33473.0 1 0.07049578669952813
1 0 1 1 1 1 1 0 1 0 0 0 1 1 0 1 1 1 1 0 1 1 1 0 1 0 0 0 1 1 1 1 0 1 0 1 1 0 1 0 0 1 1 1 1 1 1 0 1 1 0 1 1 1 0 0 0 1 1 0 0 1 1 1 0 0 0 0 0 1 0 0 1 0 1 1 1 1 1 1 1 0 1 1 0 1 1 0 1 0 0 0 1 1 1 1 0 0 1 0 32173.0 31403.0 33380.0 1 0.2578025102598386
1 0 1 0 1 0 1 1 1 0 1 1 1 1 0 1 1 1 1 0 1 1 1 0 1 0 0 0 1 1 1 1 1 1 0 1 1 1 0 0 0 1 1 1 1 1 1 0 1 1 0 1 1 1 0 0 0 1 1 1 1 0 0 1 0 0 0 0 0 1 0 0 1 0 1 1 1 1 1 1 1 0 0 1 1 1 1 0 1 0 0 0 1 1 1 1 0 0 1 1 33584.0 31204.0 33303.0 1 0.040754833245302796
0 0 1 1 1 0 1 1 1 1 1 0 1 1 0 1 1 1 0 0 0 1 0 1 1 1 0 1 0 1 1 1 0 1 0 1 1 0 0 0 0 1 1 1 1 1 1 0 1 1 0 1 0 0 0 0 0 1 1 1 1 0 1 1 0 0 0 1 0 1 0 0 1 1 1 1 1 1 1 1 1 0 0 1 0 1 1 0 1 1 0 0 1 1 1 1 0 0 1 0 35787.0 30933.0 33303.0 1 0.06494252415660386
0 0 1 1 1 1 1 1 1 0 1 0 1 1 0 1 1 1 0 1 0 1 0 1 1 1 0 1 0 1 1 1 0 1 0 1 1 0 0 0 0 1 1 1 1 1 1 0 1 1 0 1 0 1 0 1 0 1 1 1 0 0 1 1 0 0 0 0 0 1 0 0 1 0 1 1 1 1 1 1 1 0 1 1 0 1 1 0 1 0 0 0 1 1 1 1 0 0 1 0 34347.0 31311.0 33250.0 1 0.07568599295147373
0 0 1 1 1 1 1 1 1 0 1 0 1 1 0 1 1 1 0 0 0 1 0 1 1 1 0 1 0 1 1 1 0 1 0 1 1 0 0 0 0 1 1 1 1 1 1 0 1 1 0 1 0 1 0 0 0 1 1 1 1 0 1 1 0 0 0 1 0 1 0 0 1 1 1 1 1 1 1 1 1 0 0 1 0 1 1 0 1 0 0 0 1 1 1 1 0 0 1 0 35390.0 31100.0 33222.0 1 0.09563860475718593
1 0 1 1 1 1 1 0 1 0 0 0 1 1 0 1 1 1 1 0 1 1 1 0 1 0 0 0 1 1 1 1 0 1 0 1 1 0 0 0 0 1 1 1 1 1 1 0 1 1 0 1 0 1 0 1 0 1 1 0 0 0 1 1 0 0 0 1 0 1 0 1 1 0 1 1 1 1 1 1 1 0 1 1 0 1 1 0 1 0 0 0 1 1 1 1 0 0 0 1 33135.0 31499.0 33174.0 1 0.12613999003196064
0 0 1 1 1 1 1 1 1 0 1 0 1 1 0 1 1 1 0 0 0 1 0 1 1 1 0 1 0 1 1 1 0 1 0 1 1 0 0 0 0 1 1 1 1 1 1 0 1 1 0 1 0 1 0 0 0 1 1 1 1 0 1 1 0 0 0 1 0 1 0 0 1 1 1 1 1 1 1 1 1 0 0 1 0 1 1 0 1 0 0 0 1 1 0 1 0 0 1 1 35819.0 30711.0 33170.0 1 0.06572358095887328
1 0 1 1 1 1 1 0 1 0 0 0 1 1 0 1 1 1 1 0 1 1 1 0 1 0 0 0 1 1 1 1 0 1 0 1 1 0 0 0 0 1 1 1 1 1 1 0 1 1 0 1 0 1 0 1 0 1 1 0 0 0 1 1 0 0 0 1 0 1 0 1 1 0 1 1 1 1 1 1 1 0 1 1 0 1 1 0 1 0 0 0 1 1 1 1 0 0 1 0 33443.0 31482.0 33059.0 1 0.15270553342969753
1 0 1 1 1 1 1 1 1 0 1 0 1 1 0 1 1 1 0 0 0 0 0 1 1 1 0 1 0 1 0 1 1 0 0 1 1 0 1 0 0 1 1 1 1 1 1 0 1 1 0 1 0 1 0 1 0 1 1 0 0 0 1 1 0 0 0 1 0 1 0 1 1 1 1 1 1 1 1 1 1 0 1 1 0 0 1 0 1 0 0 0 1 1 1 1 0 0 1 0 33967.0 31592.0 33047.0 1 0.13938551206536065
1 0 1 0 1 0 1 1 1 1 1 0 1 1 0 1 1 1 1 0 1 0 1 0 1 0 0 0 1 1 1 1 0 1 0 1 1 0 0 0 0 1 1 1 1 1 1 0 1 1 0 1 0 1 0 0 0 1 1 1 1 0 1 1 0 0 0 0 0 1 0 0 1 1 1 1 1 1 1 1 1 0 1 1 0 1 1 0 1 0 0 0 1 1 1 1 0 0 1 1 35174.0 31378.0 32987.0 1 0.058576104976103445
1 0 1 1 1 0 1 1 1 0 1 0 1 1 0 1 1 1 0 0 0 1 0 1 1 1 0 1 0 1 1 1 0 1 0 1 1 0 0 0 0 1 1 1 1 1 1 0 1 1 0 1 0 1 0 0 0 1 1 1 1 0 1 1 0 0 1 1 0 1 0 0 1 1 1 1 1 1 1 1 1 0 0 0 0 1 1 0 1 0 0 0 1 1 1 1 0 0 1 0 35916.0 30311.0 32950.0 1 0.29127443208755854
1 0 1 0 1 0 1 1 1 0 1 0 1 1 0 1 1 1 1 0 1 1 1 0 1 0 0 1 0 1 0 1 1 0 0 1 1 0 0 0 0 1 1 1 1 1 1 0 1 1 0 1 0 1 0 1 0 1 1 0 0 0 1 1 0 0 0 1 0 1 0 1 1 1 1 1 1 1 1 1 1 0 1 1 0 1 1 0 1 0 0 0 1 1 1 1 0 0 1 0 33622.0 31735.0 32615.0 1 0.15351204645768357
0 0 1 1 1 1 1 0 1 0 0 0 1 1 0 1 1 1 1 0 0 1 1 0 1 0 0 0 1 1 1 1 0 1 0 1 1 0 0 0 0 1 1 1 1 1 1 0 1 1 0 1 0 1 0 1 0 1 1 0 0 0 1 1 0 0 0 1 0 1 0 1 1 1 1 1 1 1 1 1 1 0 1 1 0 1 1 0 1 0 0 0 1 1 1 1 0 0 0 1 32851.0 31739.0 32548.0 1 1000000000000000.2
0 0 1 1 1 0 1 1 1 0 1 0 1 1 0 1 1 1 1 0 1 0 0 1 1 1 0 0 1 1 1 1 0 1 0 0 1 0 0 0 0 1 1 0 1 1 1 0 1 1 0 1 1 1 0 0 0 1 1 1 1 0 1 1 0 0 0 1 0 1 0 0 1 1 1 1 1 1 1 1 1 0 0 1 0 1 1 0 1 0 0 0 1 1 0 1 0 0 1 1 36131.0 28974.0 32505.0 1 0.14830863029577757
0 0 1 1 1 0 1 1 1 0 1 0 1 1 0 1 1 1 0 0 1 1 1 0 1 0 0 0 1 1 1 1 0 1 0 1 1 0 0 0 0 1 1 1 1 1 1 0 1 1 0 1 1 1 0 0 0 1 1 0 1 0 1 1 0 0 0 0 0 1 0 1 1 0 1 1 1 1 1 1 1 0 1 1 0 1 1 0 1 0 0 0 1 1 1 1 0 0 1 0 33666.0 31599.0 32386.0 1 0.16094347000135556
0 0 1 1 1 0 1 1 1 0 1 0 1 1 0 1 1 1 1 0 1 0 0 1 1 1 0 0 1 1 1 1 0 1 0 0 1 0 0 0 1 1 1 0 1 1 1 0 1 1 0 1 0 1 0 0 0 1 1 1 1 0 1 1 0 0 0 1 0 1 0 0 1 1 1 1 1 1 1 1 1 0 0 1 0 1 1 0 1 0 0 0 1 1 1 1 0 0 1 0 36082.0 29360.0 32138.0 1 0.2231390244309727
0 0 1 1 1 0 1 1 1 0 1 0 1 1 0 1 1 1 1 0 1 0 0 1 1 1 0 0 1 1 1 1 0 1 0 0 1 0 0 0 1 1 1 0 1 1 1 0 1 1 0 1 0 1 0 0 0 1 1 1 1 0 1 1 0 0 0 1 0 1 0 0 1 1 1 1 1 1 1 1 1 0 0 0 0 1 1 0 1 0 1 0 1 1 1 1 0 0 1 0 36204.0 28498.0 31874.0 1 2000000000000000.0
1 0 1 1 1 1 1 0 1 1 1 1 0 1 0 1 1 0 1 0 1 0 0 1 1 1 1 0 1 1 1 1 0 0 0 1 1 0 0 0 0 1 1 1 1 1 1 0 1 1 0 1 0 1 0 0 0 1 1 1 1 0 1 1 0 0 1 0 0 1 0 0 1 0 1 1 1 1 1 1 1 0 1 1 0 1 1 1 1 0 0 0 1 1 1 1 0 0 1 0 34024.0 28504.0 35304.0 2 1000000000000000.1
0 0 1 1 1 0 1 1 1 0 1 0 1 1 0 1 1 1 1 0 1 1 1 0 1 0 0 0 1 1 1 1 0 1 0 1 1 0 0 0 0 1 1 1 1 1 1 0 1 1 0 1 1 1 0 0 0 1 1 1 1 0 1 1 0 0 0 0 0 1 0 0 0 0 0 1 1 1 1 1 1 0 0 1 1 0 1 1 1 0 0 0 0 1 1 1 0 1 0 1 31603.0 31351.0 33280.0 2 1000000000000000.1
0 0 1 1 1 1 1 0 1 0 0 0 1 1 0 1 1 1 1 0 0 1 1 0 1 0 0 0 1 1 1 1 0 1 0 1 1 0 0 0 0 1 1 1 1 1 1 0 1 1 0 1 0 1 0 1 0 1 1 0 0 0 1 1 0 0 0 1 0 1 0 1 1 1 1 1 1 1 1 1 1 0 1 1 0 1 1 0 1 0 0 0 1 1 1 1 0 0 1 0 33159.0 31722.0 32433.0 2 1000000000000000.1
0 0 1 1 1 1 1 1 1 1 1 1 0 1 0 0 1 0 1 0 1 0 0 1 1 1 1 0 1 1 1 1 0 1 0 1 1 0 0 0 0 1 1 0 1 1 1 0 1 1 0 0 1 1 0 1 0 0 1 1 1 0 1 1 0 0 0 1 0 1 0 0 1 0 1 1 1 1 0 1 1 0 1 1 0 0 1 1 1 0 0 0 1 1 1 1 0 0 1 0 34521.0 26247.0 34927.0 2 1000000000000000.0
0 0 1 1 1 0 1 1 1 0 1 0 1 1 0 1 1 1 1 0 1 0 0 1 1 1 1 0 1 1 1 1 0 0 0 1 1 0 0 0 0 1 1 0 1 1 1 0 1 1 0 0 1 1 0 1 0 0 1 1 1 0 1 1 0 0 0 1 0 1 0 0 1 0 1 1 1 1 1 1 1 0 1 1 0 1 1 0 1 0 0 0 1 1 1 1 0 0 1 0 35718.0 28646.0 33043.0 2 1000000000000000.0
0 0 1 1 1 0 1 1 1 0 1 0 1 1 0 1 1 1 1 0 1 0 0 1 1 0 0 0 1 1 1 1 0 1 0 1 1 0 0 0 0 1 1 1 1 1 1 0 1 1 0 1 0 1 0 0 0 1 1 1 1 0 1 1 0 0 0 1 0 1 0 0 1 1 1 1 1 1 1 1 1 0 0 1 0 1 1 0 1 0 0 0 1 1 0 1 0 0 1 1 35686.0 30596.0 32241.0 2 1000000000000000.0
1 0 1 1 1 0 1 0 1 0 0 0 1 1 0 1 1 1 1 0 1 1 1 0 1 0 0 0 1 1 1 1 0 1 0 1 1 0 1 0 0 1 1 1 1 1 1 0 1 1 0 1 1 1 0 0 0 1 1 0 0 1 1 1 0 0 0 0 0 1 0 0 1 0 1 1 1 1 1 1 1 0 1 1 0 1 1 0 1 0 0 0 1 1 1 1 0 0 1 0 32119.0 31247.0 32936.0 2 0.4111601396391806
0 0 1 0 1 0 1 1 1 0 1 0 1 1 0 1 1 1 1 0 1 1 1 0 1 0 0 1 0 1 0 1 1 0 0 1 1 0 0 0 0 1 1 1 1 1 1 0 1 1 0 1 0 1 0 1 0 1 1 0 0 0 1 1 0 0 0 1 0 1 0 1 1 1 1 1 1 1 1 1 1 0 1 1 0 1 1 0 1 0 0 0 1 1 1 1 0 0 0 1 32998.0 31596.0 32537.0 2 0.3782829412815094
1 0 1 1 1 1 1 1 1 1 1 1 0 1 0 0 1 0 1 0 1 0 0 1 1 1 1 1 1 1 1 1 0 1 0 1 1 0 0 0 0 1 1 1 1 1 1 0 1 1 0 1 0 1 0 0 0 1 1 1 1 0 1 1 0 0 0 1 0 0 0 0 1 0 1 1 1 1 0 1 1 0 1 1 0 1 1 0 1 0 0 0 1 1 1 1 0 0 1 0 34954.0 27829.0 34569.0 2 0.3249106889010261
1 0 1 1 1 1 1 1 1 1 1 0 0 1 0 0 1 0 1 0 1 0 0 1 1 1 1 0 0 1 0 1 1 1 1 1 1 0 0 0 0 1 1 1 1 1 1 0 1 1 0 1 0 0 0 0 0 1 1 1 1 0 1 1 0 0 0 1 0 1 0 0 1 1 1 1 1 1 1 1 1 0 0 1 0 1 1 0 1 1 0 0 1 1 1 1 0 0 1 0 35297.0 28737.0 33853.0 2 0.2695327249962027
1 0 1 1 1 1 1 1 1 1 1 0 0 1 0 0 1 0 1 0 1 0 0 1 1 1 1 0 0 1 0 1 1 1 1 1 1 0 0 0 0 1 1 1 1 1 1 0 1 1 0 1 0 1 0 0 0 1 1 1 1 0 1 1 0 0 0 1 0 1 0 0 1 0 1 1 1 1 0 1 1 0 0 1 0 0 1 1 1 0 0 0 1 1 0 1 0 0 1 1 34304.0 26775.0 34986.0 2 0.25711076606898464
0 0 1 1 1 1 1 1 1 0 1 0 1 1 0 1 1 0 1 0 0 0 1 1 1 1 0 0 1 1 1 1 1 1 0 1 1 0 0 0 0 1 1 1 1 1 1 0 1 1 0 1 0 1 0 0 0 1 1 0 1 1 1 1 0 0 0 0 0 1 0 0 1 0 1 1 1 1 1 1 1 0 1 1 0 1 1 0 1 0 0 0 1 1 1 1 0 0 1 1 33697.0 30469.0 35074.0 2 0.21962378047921344
1 0 1 1 1 0 1 1 1 0 1 0 1 1 0 1 1 1 1 0 1 1 0 0 1 0 0 0 1 1 1 1 1 1 0 1 1 0 0 0 0 1 1 1 1 1 1 0 1 1 0 1 0 1 0 0 0 1 1 1 1 0 1 1 0 0 0 1 0 1 0 0 1 0 1 1 1 1 1 1 1 0 1 1 0 1 1 0 1 0 0 0 0 1 1 1 0 0 1 0 34265.0 30603.0 34227.0 2 0.21895604197317567
1 0 1 1 1 0 1 1 1 0 1 0 1 1 0 1 1 1 1 0 0 1 0 1 1 1 0 1 0 1 1 1 0 1 0 1 1 0 0 0 0 1 1 1 1 1 1 0 1 1 0 1 0 0 0 0 0 1 1 1 0 0 1 1 0 0 1 1 0 1 0 0 1 1 1 1 1 1 1 1 1 0 0 0 0 1 1 0 1 0 1 0 1 1 1 1 0 0 1 0 35150.0 30093.0 33478.0 2 0.2045068799581422
0 0 1 1 1 0 1 1 1 1 1 0 1 1 0 1 1 1 0 0 0 1 0 1 1 1 0 1 0 1 1 1 0 1 0 1 1 0 0 0 0 1 1 0 1 1 1 0 1 1 0 0 1 1 0 1 0 0 1 1 1 0 1 1 0 0 0 1 0 1 0 0 1 0 1 1 1 1 0 1 1 0 1 1 0 0 1 1 1 0 0 0 1 1 1 1 0 0 1 0 34537.0 28021.0 34770.0 2 0.20423420948248544
1 0 1 1 1 1 1 1 0 0 1 0 1 1 0 1 1 0 1 0 0 1 0 1 1 1 1 0 0 1 1 1 0 1 0 1 1 0 0 0 0 1 1 1 1 1 1 0 1 1 0 1 0 1 0 0 0 1 1 1 1 0 1 1 0 0 0 1 0 1 0 0 1 0 1 1 1 1 1 1 1 0 1 1 0 1 1 0 1 0 0 0 1 1 1 1 0 0 1 0 34629.0 29034.0 34583.0 2 0.19721808335968058
1 0 1 1 1 0 1 1 1 0 1 1 1 1 0 1 1 1 1 0 1 0 0 1 1 0 0 0 1 1 0 1 1 1 0 1 1 0 0 0 0 1 1 1 1 1 1 0 1 1 0 1 1 1 0 0 0 1 1 1 1 0 1 1 0 0 0 0 0 1 0 0 1 0 1 1 1 1 1 1 1 0 1 1 0 1 1 0 1 0 0 0 1 1 1 1 0 0 1 0 34039.0 30818.0 33519.0 2 0.17999257773433858
1 0 1 1 1 1 1 1 1 1 1 1 0 1 0 0 1 0 1 0 1 0 0 1 1 1 1 0 1 1 1 1 0 1 0 1 1 0 0 0 0 1 1 0 1 1 1 0 1 1 0 0 1 1 0 1 0 0 1 1 1 0 1 1 0 0 0 1 0 1 0 0 1 0 1 1 1 1 0 1 1 0 1 1 0 0 1 0 1 1 0 0 1 1 1 1 0 0 1 0 34961.0 26575.0 34321.0 2 0.16533474781655713
0 0 1 1 1 0 1 1 1 0 1 0 1 1 0 1 1 0 1 0 1 0 1 1 1 1 0 0 1 1 1 1 1 1 0 1 1 0 0 0 0 1 1 1 1 1 1 0 1 1 0 1 0 1 0 0 0 1 1 1 1 0 1 1 0 0 0 1 0 1 0 0 1 1 1 1 1 1 1 1 1 0 0 1 0 1 1 0 0 0 0 0 1 1 1 1 0 0 1 0 34993.0 31050.0 33165.0 2 0.16359731533587016
0 0 1 1 1 1 1 1 1 0 1 0 1 1 0 1 1 0 1 0 1 0 1 1 1 1 0 0 1 1 1 1 1 1 0 1 1 0 0 0 0 1 1 1 1 1 1 0 1 1 0 1 0 1 0 0 0 1 1 1 1 0 1 1 0 0 0 1 0 1 0 0 1 0 1 1 1 1 1 1 1 0 1 1 0 1 1 0 1 0 0 0 0 1 1 1 0 0 0 0 33457.0 30607.0 34592.0 2 0.155706776479199
0 0 1 1 1 0 1 1 1 0 1 0 1 1 0 1 1 1 1 0 1 0 0 1 1 1 0 0 1 1 1 1 0 1 0 0 1 0 0 0 0 1 1 0 1 1 1 0 1 1 0 1 1 1 0 0 0 1 1 1 1 0 1 1 0 0 0 1 0 1 0 0 1 0 1 1 1 1 1 1 1 0 0 1 0 1 1 0 1 0 0 0 1 1 1 1 0 0 1 1 35595.0 28719.0 33216.0 2 0.14359481378682998
1 0 1 1 1 0 1 1 1 0 1 0 1 1 0 1 1 0 1 0 1 0 0 1 1 1 0 0 1 1 1 1 1 1 0 1 1 0 0 0 0 1 1 1 1 1 1 0 1 1 0 1 0 1 0 0 0 1 1 1 1 0 1 1 0 0 0 1 0 1 0 0 1 0 1 1 1 1 1 1 1 0 1 1 0 1 1 0 1 0 0 0 0 1 1 1 0 0 1 0 34414.0 29667.0 34608.0 2 0.13757386379997133
1 0 1 0 1 0 1 1 1 0 1 0 1 1 0 1 1 1 1 0 1 0 0 1 1 1 0 0 1 1 1 1 0 1 0 1 1 0 0 0 0 1 1 0 1 1 1 0 1 1 0 1 1 1 0 0 0 1 1 1 1 0 1 1 0 0 0 1 0 1 0 0 1 0 1 1 1 1 1 1 1 0 0 1 0 1 1 0 1 0 0 0 1 1 0 1 0 0 1 1 35693.0 28750.0 32610.0 2 0.12862437425068735
0 0 1 0 1 0 1 1 1 1 1 0 1 1 0 1 1 1 1 0 1 0 0 1 1 0 0 0 1 1 0 1 1 1 0 1 1 0 0 0 0 1 1 1 1 1 1 0 1 1 0 1 0 1 0 1 0 1 1 0 0 0 1 1 0 0 0 1 0 1 0 1 1 0 1 1 1 1 1 1 1 1 1 1 0 1 1 0 1 0 0 0 1 1 1 1 0 0 1 0 34598.0 30695.0 33661.0 2 0.1268347797393751
1 0 1 1 1 1 1 1 1 0 1 0 1 1 0 1 1 0 1 0 0 0 1 1 1 1 0 0 1 1 1 1 0 1 0 1 1 0 0 0 0 1 1 1 1 1 1 0 1 1 0 1 0 1 0 0 0 1 1 0 1 1 1 1 0 0 0 0 0 1 0 0 1 0 1 1 1 1 1 1 1 0 1 1 0 1 1 0 1 0 0 0 1 1 1 1 0 0 1 1 33955.0 30522.0 34474.0 2 0.12421780644166971
0 0 1 0 1 1 1 1 1 0 1 0 1 1 0 1 1 1 0 0 0 1 0 1 1 1 0 1 0 1 1 1 0 1 0 1 1 0 0 0 0 1 1 1 1 1 1 0 1 1 0 1 1 1 0 0 0 1 1 0 1 0 1 1 0 0 0 1 0 1 0 1 1 0 1 1 1 1 1 1 1 0 1 1 0 1 1 0 1 0 0 0 1 1 1 1 0 0 1 0 34487.0 30242.0 33750.0 2 0.12413073814547372
0 0 1 1 1 0 1 1 0 1 1 0 1 1 0 1 1 1 1 0 0 1 0 1 1 1 0 1 0 1 1 1 0 1 0 1 1 0 0 0 0 1 1 1 1 1 1 0 1 1 0 1 0 1 0 0 0 1 1 1 1 0 1 1 0 0 0 1 0 1 0 0 1 0 1 1 1 1 1 1 1 0 1 1 0 1 1 0 1 0 0 0 0 1 1 1 0 0 1 0 34325.0 29951.0 34938.0 2 0.10727694181874581
