1 0 1 1 1 0 1 1 1 1 1 0 0 1 0 1 1 1 1 0 0 1 0 1 1 1 0 1 0 1 1 1 1 1 0 1 1 0 0 0 0 1 1 1 1 1 1 0 1 1 0 1 0 1 0 0 0 1 1 1 1 1 1 1 0 0 0 1 0 1 0 0 1 0 1 1 1 1 1 1 1 0 1 0 0 1 1 1 1 0 0 0 1 1 1 1 0 0 1 0 36102.0 29270.0 37390.0 0 1000000000000000.1
1 0 1 1 1 0 1 1 1 1 1 0 1 1 0 1 1 0 1 0 0 1 0 1 1 1 0 1 0 1 1 1 1 1 0 1 0 0 0 0 0 1 1 1 1 1 1 0 1 1 0 1 1 1 0 0 0 1 1 1 1 1 1 1 0 0 0 1 0 1 0 0 1 0 1 1 1 1 1 1 1 0 1 1 0 1 1 0 1 0 0 0 1 1 1 1 0 0 1 0 34850.0 29523.0 37285.0 0 0.14732648004669746
1 0 1 1 1 0 1 1 1 1 1 0 0 1 0 1 1 1 1 0 0 1 0 1 1 1 0 1 0 1 1 1 1 1 0 1 1 0 0 0 0 1 1 1 1 1 1 0 1 1 0 1 0 1 0 0 0 1 1 1 1 1 1 1 0 0 0 1 0 1 0 0 1 0 1 1 1 1 1 1 1 0 1 1 0 1 1 0 1 0 0 0 1 1 1 1 0 0 1 0 35855.0 30138.0 37113.0 0 0.07696186277773433
1 0 1 1 1 0 1 1 1 1 1 0 0 1 0 1 1 1 1 0 0 1 0 1 1 1 0 1 0 1 1 1 1 1 0 1 1 0 0 0 0 1 1 1 1 1 1 1 1 1 0 1 0 1 0 0 0 1 1 0 0 1 1 1 0 0 0 1 0 1 0 0 1 0 1 1 1 1 1 1 1 0 1 1 0 1 1 0 1 0 0 0 0 1 1 1 1 0 1 0 34198.0 31454.0 37015.0 0 0.062416451966812045
1 0 1 1 1 0 1 1 1 1 1 0 0 1 0 1 1 1 1 0 0 1 0 1 1 1 0 1 0 1 1 1 1 1 0 1 1 0 0 0 0 1 1 1 1 1 1 0 1 1 0 1 1 1 0 0 0 1 1 0 1 0 1 1 0 0 0 1 0 1 0 0 1 0 1 1 1 1 1 1 1 0 1 1 0 1 1 0 1 0 0 0 1 1 1 1 0 0 1 1 35234.0 30223.0 36904.0 0 0.11212121491636157
1 0 1 1 1 0 1 1 1 1 1 0 1 1 0 1 1 1 1 0 0 1 0 0 1 1 1 1 0 1 1 1 1 1 0 1 0 0 0 0 0 1 1 1 1 1 1 0 1 1 0 1 0 1 0 0 0 1 1 1 1 1 1 1 0 0 0 1 0 1 0 0 1 0 1 1 1 1 1 1 1 0 1 1 0 1 1 0 1 0 0 0 1 1 1 1 0 0 1 0 36000.0 30235.0 36880.0 0 0.01746080583672618
1 0 1 1 1 0 1 1 1 1 1 0 0 1 0 1 1 1 1 0 0 1 0 1 1 1 0 1 0 1 1 1 1 1 0 1 1 0 0 0 0 1 1 1 1 1 1 0 1 1 0 1 0 1 0 0 0 1 1 0 0 1 1 1 0 0 0 1 0 1 0 1 1 0 1 1 1 1 1 1 1 0 1 1 0 1 1 0 1 0 0 0 1 1 1 1 0 0 1 0 34939.0 30346.0 36866.0 0 0.0453652666100471
1 0 1 1 1 0 1 1 1 1 1 0 0 1 0 1 1 1 1 0 0 1 0 1 1 1 0 1 0 1 1 1 1 1 0 1 1 0 0 0 0 1 1 1 1 1 1 0 1 1 0 1 0 1 0 0 0 1 1 1 1 1 1 1 0 0 0 1 0 1 0 0 1 0 1 1 1 1 1 1 1 0 1 0 0 1 1 0 1 0 0 0 1 1 1 1 1 0 1 0 36109.0 30141.0 36837.0 0 0.028932906876100027
1 0 1 1 1 0 1 1 1 1 1 0 1 1 0 1 1 1 1 0 0 1 0 0 1 1 1 1 0 1 1 1 1 1 1 1 0 0 0 0 0 1 1 1 1 1 1 0 1 1 0 1 0 1 0 0 0 1 1 0 0 1 1 1 0 0 0 1 0 1 0 0 1 0 0 1 1 1 1 1 1 0 1 1 0 1 1 0 1 0 0 1 1 1 1 1 0 0 1 0 34281.0 30690.0 36758.0 0 0.06457653047577278
1 0 1 1 1 0 1 1 0 1 1 0 0 1 0 1 1 1 1 0 0 1 0 1 1 1 0 1 0 1 1 1 1 1 0 1 1 0 0 0 0 1 1 1 1 1 1 1 1 1 0 1 0 1 0 0 0 1 1 0 0 1 1 1 0 0 0 1 0 1 0 1 1 0 1 1 1 1 1 1 1 0 1 1 0 1 1 0 1 0 0 0 1 1 1 1 0 0 1 0 34974.0 30667.0 36683.0 0 0.05750924958675778
0 0 1 1 1 0 1 1 1 1 1 0 1 1 0 1 1 1 1 0 0 1 0 0 1 1 1 1 0 1 1 1 1 1 0 1 1 0 0 0 0 1 1 1 1 1 1 0 1 1 0 1 0 1 0 0 0 1 1 0 0 1 1 1 0 0 0 1 0 1 0 0 1 0 1 1 1 1 1 1 1 0 1 1 0 1 1 0 1 0 0 0 1 1 1 1 1 0 1 0 35081.0 31573.0 36679.0 0 0.09074058130146663
1 0 1 1 1 0 0 1 1 1 1 0 0 1 0 1 1 1 1 0 0 1 0 1 1 1 1 1 0 1 1 1 1 1 0 1 1 0 0 0 0 1 1 1 1 1 1 0 1 1 0 1 0 1 0 0 0 1 1 1 1 1 1 1 0 0 0 1 0 1 0 0 1 0 1 1 1 1 1 1 1 0 1 1 0 1 1 0 1 0 0 0 1 1 1 1 0 0 1 0 36168.0 29574.0 36659.0 0 0.06942043852470095
1 0 1 1 1 0 1 1 1 1 1 0 0 1 0 1 1 1 1 0 0 1 0 1 1 1 0 1 0 1 1 1 1 1 0 1 1 0 0 0 0 1 1 1 1 1 1 1 1 1 0 1 0 1 0 0 0 1 1 1 1 0 1 1 0 0 0 1 0 1 0 0 1 0 1 1 1 1 1 1 1 0 1 0 0 1 1 1 1 0 0 0 1 1 1 1 0 0 1 0 36240.0 29934.0 36641.0 0 0.08804110430604137
0 0 1 1 1 0 1 1 1 1 1 1 1 1 0 1 1 1 0 0 0 1 0 1 1 1 1 1 0 1 1 1 1 1 0 1 1 0 0 0 0 1 1 0 1 1 1 0 1 1 0 1 0 1 0 0 0 1 1 0 0 1 1 1 0 0 0 1 0 1 0 1 1 0 1 1 1 1 1 1 1 0 1 1 0 1 1 0 1 0 0 0 1 1 1 1 0 0 1 0 35943.0 30365.0 36488.0 0 0.07335915516259411
1 0 1 1 1 0 1 1 1 1 1 0 0 1 0 1 1 1 1 0 0 1 0 1 1 1 0 1 0 1 1 1 1 1 0 1 1 0 0 0 0 1 1 1 1 1 1 0 1 1 0 1 0 1 0 0 0 1 1 1 1 0 1 1 0 0 0 1 0 1 0 0 1 0 1 1 1 1 1 1 1 1 1 1 0 1 1 0 1 0 0 0 1 1 1 1 0 0 1 0 36114.0 30351.0 36420.0 0 0.02789851093429281
1 0 1 1 1 0 1 1 1 1 1 0 1 1 0 1 1 1 1 0 0 0 1 1 1 1 0 1 0 1 1 1 1 1 0 1 1 0 0 0 0 1 1 1 1 1 1 0 1 1 0 0 0 1 0 0 0 1 1 1 1 1 1 1 0 0 0 1 0 1 0 0 1 0 1 1 1 1 1 1 1 0 1 1 0 1 1 0 1 0 0 0 1 1 1 1 0 0 1 0 35679.0 30656.0 36403.0 0 0.028557612976063143
1 0 1 1 1 0 1 1 1 1 1 0 1 1 0 1 1 1 1 0 0 1 0 1 1 1 0 1 0 1 1 1 1 1 0 1 1 0 0 0 0 1 1 1 1 1 1 0 1 1 0 1 1 1 0 0 0 1 1 0 1 0 1 1 0 0 0 1 0 1 0 0 1 0 1 1 1 1 1 1 1 0 1 1 0 1 1 0 1 0 0 0 1 1 1 1 0 0 1 0 35225.0 30982.0 36365.0 0 0.041853454105376685
0 0 1 1 1 0 1 1 1 1 1 0 1 1 0 1 1 1 1 0 0 0 1 0 1 1 0 1 0 1 1 1 1 1 0 1 1 0 0 0 0 1 1 1 1 1 1 0 1 1 0 1 1 1 0 0 0 1 1 1 1 1 1 1 0 0 0 1 0 1 0 0 1 0 1 1 1 1 1 1 1 0 1 1 0 1 1 0 1 0 0 0 1 1 1 1 0 0 1 0 35512.0 31488.0 36359.0 0 0.03571471723698876
0 0 1 1 1 0 1 1 1 1 1 0 1 1 0 1 1 1 0 0 0 1 0 1 1 1 0 1 0 1 1 1 1 1 0 1 1 0 0 0 0 1 1 1 1 1 1 0 1 1 0 1 0 1 0 0 0 1 1 1 1 1 1 1 0 0 0 1 0 1 0 0 1 0 1 1 1 1 1 1 1 0 1 1 0 1 1 0 1 0 0 0 1 1 1 1 0 0 1 0 35861.0 30653.0 36312.0 0 0.031231821879553985
0 0 1 1 1 0 1 1 1 1 0 0 1 1 0 1 1 1 1 0 0 1 0 0 1 1 1 1 0 1 1 1 1 1 0 1 1 0 0 0 0 1 1 1 1 1 1 0 1 1 0 1 0 1 0 0 0 1 1 1 1 1 1 1 0 0 0 1 0 1 0 0 1 0 1 1 1 1 1 1 1 0 1 1 0 1 1 0 1 0 0 0 1 1 1 1 0 0 1 0 36066.0 30390.0 36312.0 0 0.025908873245749874
1 0 1 1 1 0 1 1 1 1 1 0 1 1 0 1 1 1 0 0 0 1 0 1 1 1 0 1 0 1 1 1 1 1 0 1 1 0 0 0 0 1 1 1 1 1 1 0 1 1 0 1 0 1 0 0 0 1 1 0 0 1 1 1 0 0 0 1 0 1 0 0 1 0 1 1 1 1 1 1 1 0 1 1 0 1 1 0 1 0 0 0 1 1 1 1 1 0 1 0 34783.0 31652.0 36311.0 0 0.024487895261121932
1 0 1 1 1 0 1 1 1 1 1 0 1 1 0 1 1 1 0 0 0 1 0 0 1 1 1 1 0 1 1 1 1 1 0 1 1 0 0 0 0 1 1 1 1 1 1 0 1 1 0 1 0 1 0 0 0 1 1 1 1 1 1 1 0 0 0 1 0 1 0 0 1 0 1 1 1 1 1 1 1 0 1 1 0 1 1 0 1 0 0 0 1 1 1 1 0 0 1 0 36526.0 30771.0 36310.0 0 0.06671955083425415
1 0 1 1 1 1 1 1 1 1 1 0 1 1 0 1 1 1 1 0 0 0 1 0 1 1 0 1 0 1 1 1 1 1 0 1 1 0 0 0 0 1 1 1 1 1 1 0 1 1 0 1 0 1 0 0 0 1 1 0 0 1 1 1 0 0 0 1 0 1 0 0 1 0 1 1 1 1 1 1 1 0 1 1 0 1 1 0 1 0 0 0 0 1 1 1 1 0 1 0 33603.0 32268.0 36251.0 0 0.11526339184206053
1 0 1 1 1 0 1 1 1 1 1 0 1 1 0 1 1 1 1 0 0 1 1 0 1 1 0 1 0 1 1 1 1 1 0 1 1 0 0 0 0 1 1 1 1 1 1 0 1 1 0 1 0 1 0 0 0 1 1 0 1 0 1 1 0 0 0 1 0 1 0 0 1 0 1 1 1 1 1 1 1 0 1 1 0 1 1 0 1 0 0 1 0 1 1 1 0 0 1 0 34321.0 31741.0 36219.0 0 0.09069166092636144
0 0 1 1 1 0 1 1 1 1 1 0 1 1 0 1 1 1 0 0 0 1 0 1 1 1 1 1 0 1 1 1 1 1 0 1 1 0 0 0 0 1 1 0 1 1 1 0 1 1 1 1 0 1 0 0 0 1 1 1 1 0 1 1 0 0 0 1 0 1 0 0 1 0 1 1 1 1 1 1 1 0 1 0 0 1 1 1 1 0 0 0 1 1 1 1 0 0 1 0 36714.0 29235.0 36183.0 0 0.10035992212252083
1 0 1 1 1 0 1 1 1 1 1 0 1 1 0 1 1 1 0 0 0 1 0 0 1 1 1 1 0 1 1 1 1 1 0 1 1 0 0 0 0 1 1 1 1 1 1 0 1 1 0 1 1 1 0 0 0 1 1 0 1 0 1 1 0 0 0 1 0 1 0 0 1 0 1 1 1 1 1 1 1 0 1 1 0 1 1 0 1 0 0 0 1 1 1 1 0 0 1 1 35905.0 30856.0 36101.0 0 0.08503580997048016
1 0 1 1 1 0 1 1 1 1 1 1 1 1 0 1 1 1 1 0 0 1 1 0 1 1 0 1 0 1 1 1 1 1 0 1 1 0 0 0 0 1 1 1 1 1 1 0 1 1 0 1 0 1 0 0 0 1 1 0 0 1 1 1 0 0 0 1 0 1 0 0 1 0 1 1 1 1 1 1 1 0 1 0 0 1 1 0 1 0 0 0 1 1 1 1 1 0 1 0 34843.0 32102.0 36097.0 0 0.049856504664241685
1 0 1 1 1 0 1 1 1 1 1 0 1 1 0 1 1 1 1 0 0 0 1 0 1 1 0 1 0 1 1 1 1 1 0 1 1 0 0 0 0 1 1 1 1 1 1 0 1 1 0 1 0 1 0 0 0 1 1 1 1 1 1 1 0 0 0 1 0 1 0 0 1 0 1 1 1 1 1 1 1 0 1 1 0 1 1 0 1 0 0 0 1 1 1 1 0 0 1 0 35757.0 31520.0 36072.0 0 0.07171984948022511
0 0 1 1 1 0 1 1 1 1 1 0 1 1 0 1 1 1 1 0 0 0 1 0 1 1 0 1 0 1 1 1 1 1 0 1 1 0 0 0 0 1 1 1 1 1 1 0 1 1 0 1 0 1 0 0 0 1 1 0 0 1 1 1 1 0 0 1 0 1 0 0 1 0 1 1 1 1 1 1 1 0 1 0 0 1 1 0 1 0 0 0 0 1 1 1 1 1 1 0 33813.0 32138.0 35989.0 0 0.10172228528724228
0 0 1 1 1 0 1 1 1 1 1 0 1 1 0 1 1 1 1 0 0 0 1 0 1 1 0 1 0 1 1 1 1 1 0 1 1 0 0 0 0 1 1 1 1 1 1 1 1 1 1 1 0 1 0 0 0 1 1 0 0 1 1 1 0 0 0 1 0 1 0 0 1 0 1 1 1 1 1 1 1 0 1 1 0 1 1 0 1 0 0 0 0 1 1 1 1 0 1 0 33956.0 33047.0 35982.0 0 0.053716104804132796
1 0 1 1 1 0 1 1 1 0 1 0 1 1 0 1 1 1 1 0 0 1 1 0 1 1 0 1 0 1 1 1 1 1 0 1 1 0 0 0 0 1 1 1 1 1 1 0 1 1 0 1 0 1 0 0 0 1 1 1 1 1 1 1 0 0 0 1 0 1 0 0 1 0 1 1 1 1 1 1 1 0 1 1 0 1 1 0 1 0 0 0 1 1 1 1 0 0 1 0 35686.0 31672.0 35978.0 0 0.013928150749211794
1 0 1 1 1 0 1 1 1 1 1 0 1 1 0 1 1 1 1 0 0 0 1 0 1 1 0 1 0 1 1 1 1 1 0 1 1 0 0 0 0 1 1 1 1 1 1 1 1 1 0 1 0 1 0 0 0 1 1 0 0 1 1 1 1 0 0 1 0 1 0 0 1 0 1 1 1 1 1 1 1 0 1 0 0 1 1 0 1 0 0 0 0 1 1 1 1 0 1 0 34220.0 32503.0 35955.0 0 0.058241107471001
0 0 1 1 1 0 1 1 1 1 1 0 1 1 0 1 1 1 1 0 0 1 0 0 1 1 1 1 0 1 1 1 1 1 0 1 1 0 0 0 0 1 1 1 1 1 1 1 1 1 0 1 0 1 0 0 0 1 1 0 0 0 1 1 0 0 0 1 0 1 0 0 1 0 1 1 1 1 1 1 1 0 1 1 0 1 1 0 1 0 0 0 1 1 1 1 1 0 1 0 35219.0 32237.0 35930.0 0 0.07215019890811418
0 0 1 1 1 0 1 1 1 1 1 0 1 1 0 1 1 1 1 0 0 0 1 0 1 1 0 1 0 1 1 1 1 1 0 1 1 0 0 0 0 1 1 1 1 1 1 1 1 1 1 1 0 1 0 0 0 1 1 0 0 1 1 1 0 0 0 1 0 1 0 0 1 0 0 1 1 1 1 1 1 0 1 1 0 1 1 0 1 0 0 1 1 1 1 1 0 0 1 0 33994.0 32517.0 35909.0 0 0.0720551940468197
1 0 1 1 1 0 1 1 1 1 1 0 1 1 0 1 1 1 0 0 0 1 0 1 1 1 1 1 0 1 1 1 1 1 0 1 1 0 0 0 0 1 1 0 1 1 1 0 1 1 0 1 0 1 0 0 0 1 1 1 1 0 1 1 0 0 0 1 0 1 0 0 1 0 1 1 1 1 1 1 1 0 1 1 0 1 1 0 1 0 0 0 1 1 1 1 0 0 1 0 36611.0 29892.0 35898.0 0 0.05776966547354366
0 0 1 1 1 0 1 1 1 1 1 0 1 1 0 1 1 1 1 0 0 0 1 0 1 1 0 1 0 1 1 1 1 1 0 1 1 0 0 0 0 1 1 1 1 1 1 1 1 1 0 1 0 1 0 0 0 1 1 0 1 1 1 1 1 0 0 1 0 1 0 0 1 0 1 1 1 1 1 1 1 0 1 0 0 1 1 0 1 0 0 0 0 1 1 1 1 0 1 0 34707.0 32389.0 35897.0 0 0.045786391175380026
0 0 1 1 1 0 1 1 1 1 1 0 1 1 0 1 1 1 1 0 0 0 1 0 1 1 1 1 0 1 1 1 1 1 0 1 1 0 0 0 0 1 1 1 1 1 1 0 1 1 0 1 0 1 0 0 0 1 1 1 1 0 1 1 0 0 0 1 0 1 0 0 1 0 1 1 1 1 1 1 1 0 1 1 0 1 1 0 1 0 1 0 1 1 1 1 0 0 1 0 36064.0 31380.0 35893.0 0 0.05901397260800743
0 0 1 1 1 0 1 1 1 1 1 0 1 1 0 1 1 1 1 0 0 0 1 0 1 1 0 1 0 1 1 1 1 1 0 1 1 0 0 0 0 1 1 1 1 1 1 1 1 1 0 1 0 1 0 0 0 1 1 0 0 1 1 1 0 0 0 1 0 1 0 0 1 0 1 1 1 1 1 1 1 0 1 1 0 1 1 0 1 0 0 0 1 1 1 1 1 0 1 0 34598.0 32931.0 35852.0 0 0.09081361928294382
1 0 1 1 1 0 1 1 1 1 1 0 1 1 0 1 1 1 1 0 0 0 1 0 1 1 0 1 0 1 1 1 1 1 0 1 1 0 0 0 0 1 1 1 1 1 1 1 1 1 1 1 0 1 0 0 0 1 1 0 0 1 1 1 0 0 0 1 0 1 0 0 1 0 1 1 1 1 1 1 1 0 1 1 0 1 1 0 1 0 0 0 1 1 1 1 0 0 1 0 34802.0 32563.0 35845.0 0 0.05597831187841106
1 0 1 1 1 0 1 1 1 1 1 0 1 1 0 1 1 1 1 0 0 1 0 1 1 1 0 1 0 1 1 1 1 1 0 1 1 0 0 0 0 1 1 1 1 1 1 1 1 1 0 1 0 1 0 0 0 1 1 1 1 0 1 1 0 0 0 1 0 1 0 0 1 0 1 1 1 1 1 1 1 0 1 0 0 1 1 0 1 0 0 0 1 1 1 1 0 0 1 0 36550.0 30700.0 35835.0 0 0.05837240767792
0 0 1 1 1 0 1 1 1 1 1 0 1 1 0 1 1 1 1 0 0 1 0 0 1 1 1 1 0 1 1 1 1 1 0 1 1 0 0 0 0 1 1 1 1 0 1 1 1 1 0 1 0 1 0 0 0 1 1 1 1 0 1 1 0 0 0 1 0 1 0 0 1 0 1 1 1 1 1 1 1 0 1 0 0 1 1 1 1 0 0 0 1 1 1 1 0 0 1 0 36789.0 29722.0 35751.0 0 0.08740277846946264
1 0 1 1 1 0 1 1 1 1 1 0 1 1 0 1 1 1 1 0 0 1 1 0 1 1 0 1 0 1 1 1 1 1 0 1 1 0 0 0 0 1 1 1 1 1 1 0 1 1 0 1 0 1 0 0 0 1 1 0 1 0 1 1 0 0 0 1 0 1 0 0 1 0 1 1 1 1 1 1 1 1 1 1 0 1 1 0 1 0 0 0 1 1 1 1 0 0 1 0 35500.0 31993.0 35701.0 0 0.059877496025457055
1 0 1 1 1 0 1 1 1 0 1 0 1 1 0 1 1 1 1 0 1 0 1 0 1 1 0 1 0 1 1 1 1 1 0 1 1 0 0 0 0 1 1 1 1 1 1 0 1 1 0 1 0 1 0 0 0 1 1 1 1 1 1 1 0 0 0 1 0 1 0 0 1 0 1 1 1 1 1 1 1 0 1 1 0 1 1 0 1 0 0 0 1 1 1 1 0 0 1 0 35998.0 31681.0 35657.0 0 0.02854274873159427
1 0 1 1 1 0 1 1 1 0 1 1 1 1 0 1 1 1 1 0 1 1 0 0 1 1 1 1 0 1 1 1 1 1 0 1 1 0 0 0 0 1 1 0 1 1 1 0 1 1 0 1 0 1 0 0 0 1 1 1 1 0 1 1 0 0 0 1 0 1 0 0 1 0 1 1 1 1 1 1 1 0 1 1 0 1 1 0 1 0 0 0 1 1 1 1 0 0 1 0 36733.0 30441.0 35641.0 0 0.05522845686043408
1 0 1 1 1 0 1 1 1 1 1 0 1 1 0 1 1 1 0 0 0 1 0 0 1 1 1 1 0 1 1 1 1 1 0 1 1 0 0 0 0 1 1 1 1 1 1 0 1 1 0 1 0 1 0 0 0 1 1 1 1 0 1 1 0 0 0 1 0 1 0 0 1 0 1 1 1 1 1 1 1 1 1 1 0 1 1 0 1 0 0 0 1 1 1 1 0 0 1 0 36785.0 30984.0 35617.0 0 0.03700981863525851
1 0 1 1 1 0 1 1 1 1 1 0 1 1 0 1 1 1 0 0 0 1 0 1 1 1 0 1 0 1 1 1 1 1 0 1 1 0 0 0 0 1 1 1 1 1 1 1 1 1 0 1 0 1 0 0 0 1 1 0 0 0 1 1 0 0 0 1 0 1 0 0 1 0 1 1 1 1 1 1 1 0 1 1 0 1 1 0 1 0 0 0 1 1 1 1 1 0 1 0 34921.0 32316.0 35562.0 0 0.042342188953818
1 0 1 1 1 0 1 1 1 1 1 0 1 1 0 1 1 1 0 0 0 1 0 0 1 1 1 1 0 1 1 1 1 1 0 1 1 0 0 0 0 1 1 1 1 1 1 1 1 1 0 1 0 1 0 0 0 1 1 1 1 0 1 1 0 0 0 1 0 1 0 0 1 0 1 1 1 1 1 1 1 0 1 1 0 1 1 0 1 0 0 0 1 1 1 1 0 0 1 0 36664.0 31435.0 35561.0 0 0.04116465932345202
1 0 1 1 1 0 1 1 1 1 1 0 1 1 0 1 1 1 1 0 0 0 1 0 1 1 0 1 0 1 1 1 1 1 0 1 1 0 0 0 0 1 1 1 1 1 1 0 1 1 0 1 0 1 0 0 0 1 1 1 1 0 1 1 0 0 0 1 0 1 0 0 1 0 1 1 1 1 1 1 1 0 1 1 0 1 1 0 1 0 0 0 1 1 1 1 1 0 1 0 35628.0 32351.0 35557.0 0 0.042560262830665836
1 0 1 1 1 0 1 1 1 1 1 0 1 1 0 1 1 1 1 0 0 0 0 1 1 1 0 1 0 1 1 1 1 1 0 1 1 0 0 0 0 1 1 1 1 1 1 0 1 1 0 1 0 1 0 0 0 1 1 1 1 1 1 1 0 0 0 1 0 1 0 0 1 1 1 1 1 1 1 1 1 0 0 0 0 1 1 0 1 0 0 0 1 1 1 1 0 0 1 1 37025.0 30365.0 35540.0 0 0.02463159109816734
0 0 1 1 1 0 1 1 1 1 1 1 1 1 0 1 1 1 1 0 1 0 1 0 1 1 0 1 0 1 1 1 1 1 0 1 1 0 0 0 0 1 1 1 1 1 1 0 1 1 0 1 0 1 0 0 0 1 1 1 1 0 1 1 0 0 0 1 0 1 0 0 1 0 1 1 1 1 1 1 1 0 1 1 0 1 1 0 1 0 0 0 1 1 1 1 0 0 1 0 35850.0 31940.0 35538.0 0 0.06225939301703882
1 0 1 1 1 0 1 1 1 0 1 0 1 1 0 1 1 1 1 0 1 1 0 0 1 1 0 1 0 1 1 1 1 1 0 1 1 0 0 0 0 1 1 1 1 1 1 1 1 1 0 1 0 1 0 0 0 1 1 1 1 0 1 1 0 0 0 1 0 1 0 0 1 0 1 1 1 1 1 1 1 0 1 1 0 1 1 0 1 0 0 0 1 1 1 1 0 0 1 0 36286.0 31661.0 35385.0 0 0.0762262413485652
1 0 1 1 1 0 1 1 1 1 1 0 1 1 0 1 1 1 1 0 0 0 1 0 1 1 0 1 0 1 1 1 1 1 0 1 1 0 0 0 0 1 1 1 1 1 1 0 1 1 0 1 0 1 0 0 0 1 1 1 1 0 1 1 0 0 0 1 0 1 0 0 1 0 1 1 1 1 1 1 1 1 1 1 0 1 1 0 1 0 0 0 1 1 1 1 0 0 1 0 36016.0 31733.0 35379.0 0 0.04865722196712432
0 0 1 1 1 0 1 1 1 0 1 1 1 1 0 1 1 1 1 0 1 1 0 0 1 1 1 1 0 1 1 1 1 1 1 1 1 0 0 0 0 1 1 0 1 0 1 0 1 1 0 1 0 1 0 0 0 1 1 1 1 0 1 1 0 0 0 1 0 1 0 0 1 0 1 1 1 1 1 1 1 0 1 0 0 1 1 1 1 0 0 0 1 1 1 1 0 0 1 0 37044.0 29006.0 35291.0 0 1000000000000000.0
1 0 1 1 1 0 1 1 1 0 1 0 1 1 0 1 1 1 1 0 0 0 1 1 1 1 1 1 0 1 1 1 1 1 0 1 1 0 0 0 0 1 1 1 1 1 1 0 1 1 0 1 0 1 0 0 0 1 1 0 1 0 1 1 0 0 0 1 0 1 0 0 1 0 1 1 1 1 1 1 1 1 1 1 0 1 1 0 1 0 0 0 1 1 1 1 0 0 1 0 36130.0 31751.0 35272.0 0 0.03160036891033557
1 0 1 1 1 0 1 1 1 0 1 0 1 1 0 1 1 1 1 0 1 0 1 0 1 1 1 1 0 1 1 1 1 1 0 1 1 0 0 0 0 1 1 1 1 1 1 0 1 1 0 1 0 1 0 0 0 1 1 1 1 0 1 1 0 0 0 1 0 1 0 0 1 0 1 1 1 1 1 1 1 0 1 1 0 1 1 0 1 0 0 0 1 1 1 1 0 0 1 0 36469.0 31671.0 35258.0 0 0.040835675231150656
0 0 1 1 1 0 1 1 1 1 1 0 1 1 0 1 1 1 1 0 0 0 1 0 1 1 0 1 0 1 1 1 1 1 0 1 1 0 0 0 0 1 1 1 1 1 1 1 1 1 1 1 0 1 0 0 0 1 1 0 0 1 1 1 0 0 0 0 0 1 0 0 1 0 1 1 1 1 1 1 1 0 1 1 0 1 1 0 1 0 0 0 1 1 1 1 1 0 1 0 33829.0 33093.0 35210.0 0 0.08232629744426925
1 0 1 1 1 0 1 1 1 1 1 0 1 1 0 1 1 1 0 0 0 1 1 0 1 1 0 1 0 1 1 1 1 1 0 1 1 0 0 0 0 1 1 1 1 1 1 1 1 1 0 1 0 1 0 0 0 1 1 0 0 0 1 1 0 0 0 1 0 1 0 0 1 0 1 1 1 1 1 1 1 0 1 1 0 1 1 0 1 0 0 0 1 1 1 1 1 0 1 0 34595.0 33178.0 35155.0 0 0.09830797049851185
0 0 1 1 1 0 1 1 1 0 1 1 1 1 0 1 1 1 1 0 1 0 1 0 1 1 0 1 0 1 1 1 1 1 0 1 1 0 0 0 0 1 1 1 1 1 1 1 1 1 0 1 0 1 0 0 0 1 1 1 1 0 1 1 0 0 0 1 0 1 0 0 1 0 1 1 1 1 1 1 1 0 1 0 0 1 1 1 1 0 0 0 1 1 1 1 0 0 1 0 36218.0 31682.0 35106.0 0 0.03959592105993171
1 0 1 1 1 0 1 1 1 0 1 0 1 1 0 1 1 1 1 0 1 0 1 0 1 0 0 1 0 1 1 1 1 1 0 1 1 0 0 0 0 1 1 1 1 1 1 1 1 1 0 1 0 1 0 0 0 1 1 1 1 1 1 1 0 0 0 1 0 1 0 0 1 0 1 1 1 1 1 1 1 0 1 1 0 1 1 0 1 0 0 0 1 1 1 1 0 0 1 0 35704.0 32289.0 35103.0 0 0.05843642504971264
1 0 1 1 1 0 1 1 1 0 1 0 1 1 0 1 1 1 1 0 1 0 1 0 1 1 0 1 0 1 1 1 1 1 0 1 1 0 0 0 0 1 1 1 1 1 1 0 1 1 0 1 0 1 0 0 0 1 1 1 1 0 1 1 0 0 0 1 0 1 0 0 1 0 1 1 1 1 1 1 1 1 1 1 0 1 1 0 1 0 0 0 1 1 1 1 0 0 1 0 36257.0 31894.0 34964.0 0 0.07905557849567041
1 0 1 1 1 0 1 1 1 0 1 0 1 1 0 1 1 1 1 0 1 0 1 0 1 1 0 1 0 1 1 1 1 1 0 1 1 0 0 0 0 1 1 1 1 1 1 1 1 1 0 1 0 1 0 0 0 1 1 1 1 0 1 1 0 0 0 1 0 1 0 0 1 0 1 1 1 1 1 1 1 0 1 1 0 1 1 0 1 0 0 0 1 1 1 1 0 0 1 0 36136.0 32345.0 34908.0 0 0.026536952049234966
0 0 1 1 1 0 1 1 1 1 1 1 1 1 0 1 1 1 0 0 0 1 0 1 1 1 1 1 0 1 1 1 1 1 0 1 1 0 0 0 0 1 1 0 1 1 1 0 1 1 0 1 0 1 0 0 0 1 1 1 1 0 1 1 0 0 0 1 0 1 0 0 1 1 1 1 1 1 1 1 1 0 0 0 0 1 1 0 1 0 0 0 1 1 1 1 0 0 1 1 37388.0 29804.0 34880.0 0 0.13045429945084835
1 0 1 1 1 1 1 1 1 1 1 0 1 1 0 1 1 1 0 0 0 1 0 0 1 1 1 0 1 1 1 1 0 1 0 1 1 0 0 0 0 1 1 0 1 1 1 1 1 1 0 1 0 1 0 0 0 1 1 1 1 0 1 1 0 0 0 1 0 1 0 0 1 0 1 1 1 1 1 1 1 0 1 1 0 1 1 0 1 0 0 0 1 1 1 1 0 0 1 0 36812.0 30614.0 34805.0 0 0.09745446154317322
0 0 1 1 1 0 1 1 1 1 1 0 1 1 0 1 1 1 1 0 0 0 1 0 1 1 0 1 0 1 1 1 1 1 0 1 1 0 0 0 0 1 1 1 1 1 1 1 1 1 1 1 0 1 0 0 0 1 1 0 0 1 1 1 0 0 0 1 0 1 0 1 1 0 1 1 1 1 1 1 1 0 0 1 0 1 1 0 0 0 0 0 1 1 1 1 1 0 1 0 34701.0 33221.0 34747.0 0 0.05267738335014897
1 0 1 1 1 0 1 1 1 0 1 0 1 1 0 1 1 1 1 0 0 0 1 0 1 1 1 1 0 1 1 1 1 1 0 1 1 0 0 0 0 1 1 1 1 1 1 1 1 1 0 1 0 1 0 0 0 1 1 0 1 0 1 1 0 0 0 1 0 1 0 0 1 0 1 1 1 1 1 1 1 1 1 1 0 1 1 0 1 0 0 0 1 1 1 1 0 0 1 0 36146.0 32387.0 34727.0 0 0.02578907712420258
1 0 1 1 1 0 1 1 1 0 1 1 1 1 0 1 1 1 1 0 1 1 0 0 1 1 1 1 0 1 1 1 1 1 0 1 1 0 0 0 0 1 1 0 1 1 1 0 1 1 0 1 0 1 0 0 0 1 1 1 1 0 1 1 0 0 0 1 0 1 0 0 1 1 1 1 1 1 1 1 1 0 0 0 0 1 1 0 1 0 0 0 1 1 1 1 0 0 1 1 37675.0 30148.0 34702.0 0 0.1415642896903446
0 0 1 1 1 0 1 0 1 0 1 1 1 1 0 1 1 1 1 0 0 1 1 0 1 1 0 1 0 1 1 1 1 1 0 1 1 0 0 0 0 1 1 1 1 1 1 1 1 1 0 1 0 1 0 0 0 0 1 0 0 0 1 1 1 0 0 1 0 1 0 0 1 0 1 1 1 1 1 1 1 0 1 1 0 1 1 0 1 0 0 0 1 1 1 1 1 0 1 0 33413.0 33225.0 34595.0 0 1000000000000000.0
1 0 1 1 1 0 1 1 1 0 1 1 1 1 0 1 1 1 1 0 1 1 0 0 1 1 1 1 0 1 1 1 1 1 0 1 1 0 0 0 0 1 1 0 1 1 1 0 1 1 0 1 1 1 0 0 0 1 1 1 1 0 1 1 0 0 0 1 0 1 0 0 1 1 1 1 1 1 1 1 1 0 0 0 0 1 1 0 1 0 0 0 1 1 1 1 0 0 1 0 37150.0 30245.0 34495.0 0 0.12087549118039775
1 0 1 1 1 0 1 1 1 0 1 1 1 1 0 1 1 1 1 0 1 1 0 0 1 1 1 1 0 1 1 1 1 1 0 1 1 0 0 0 0 1 1 0 1 1 1 0 1 1 0 1 0 1 0 0 0 1 1 1 1 0 1 1 0 0 0 1 0 1 0 0 1 1 1 1 1 1 1 1 1 0 0 0 0 1 1 0 1 0 0 0 1 1 1 1 1 0 1 0 37363.0 31012.0 34416.0 0 0.1086886344928954
0 0 1 1 1 0 1 1 1 1 1 0 1 1 0 1 1 1 1 0 0 0 1 0 1 1 0 1 0 1 1 1 1 1 0 1 1 0 0 0 0 1 1 1 1 1 1 0 1 1 0 1 0 1 0 0 0 1 1 1 1 0 1 1 0 0 0 1 0 1 0 1 1 1 1 1 1 1 1 1 1 0 0 0 0 1 1 0 1 0 0 0 1 1 1 1 0 0 1 1 36732.0 31267.0 34372.0 0 0.0935470240939805
0 0 1 1 1 0 1 1 1 1 1 0 1 1 0 1 1 1 1 0 0 0 1 0 1 1 0 1 0 1 1 1 1 1 0 1 1 0 0 0 0 1 1 1 1 1 1 1 1 1 0 1 0 1 0 0 0 1 1 0 0 1 1 1 1 0 0 0 0 1 0 0 1 1 1 1 1 1 1 1 1 0 0 1 1 1 1 0 0 0 0 0 1 1 1 1 0 0 1 0 33447.0 33317.0 34369.0 0 0.1110593074085878
1 0 1 1 1 0 1 1 1 1 1 1 1 1 0 1 1 1 0 0 0 0 0 1 1 1 1 1 0 1 1 1 1 1 0 1 1 0 0 0 0 1 1 0 1 1 1 0 1 1 0 1 0 1 0 1 0 1 1 1 1 0 1 1 0 0 0 1 0 1 0 0 1 1 1 1 1 1 1 1 1 0 0 0 0 1 1 0 1 0 0 0 1 1 1 1 0 0 1 1 37800.0 30076.0 34314.0 0 1000000000000000.0
0 0 1 1 1 0 1 1 1 1 1 0 1 1 0 1 1 1 1 0 1 0 1 0 1 1 0 0 0 1 1 1 1 1 0 1 1 0 0 0 0 1 1 1 1 1 1 1 1 1 0 1 0 1 0 0 0 1 1 1 1 0 1 1 0 0 0 1 0 1 0 0 1 1 1 1 1 1 1 1 1 0 0 0 0 1 1 0 1 0 0 0 1 1 1 1 0 0 1 1 36730.0 31468.0 34218.0 0 0.04100079686820135
1 0 1 1 1 0 1 1 1 0 1 0 1 1 0 1 1 1 1 0 1 0 1 0 1 1 0 0 0 1 1 1 1 1 0 1 1 0 0 0 0 1 1 1 1 1 1 1 1 1 0 1 0 1 0 0 0 1 1 1 0 0 1 1 1 0 0 0 0 1 0 0 1 1 1 1 1 1 1 1 1 0 1 1 0 1 1 0 1 0 0 0 1 1 1 1 0 0 1 0 34783.0 32782.0 34182.0 0 0.113900129701912
1 0 1 1 1 0 1 1 1 0 1 0 1 1 0 1 1 1 1 0 0 0 1 0 1 1 1 1 0 1 1 1 1 1 0 1 1 0 0 0 0 1 1 1 1 1 1 1 1 1 0 1 0 1 0 0 0 1 1 1 1 0 1 1 0 0 0 1 0 1 0 0 1 1 1 1 1 1 1 1 1 0 0 0 0 1 1 0 1 0 0 0 1 1 1 1 0 0 1 1 37291.0 31827.0 34025.0 0 0.13604355717424432
0 0 1 1 1 0 1 1 1 1 1 0 1 1 0 1 1 1 1 0 1 0 1 0 1 1 0 0 0 1 1 1 1 1 0 1 1 0 0 0 0 1 1 1 1 1 1 1 1 1 0 1 0 1 0 0 0 1 1 1 1 0 1 1 0 0 0 1 0 1 0 0 1 1 1 1 1 1 1 1 1 0 0 0 0 1 1 0 1 0 0 0 1 1 1 1 1 0 1 0 36418.0 32332.0 33932.0 0 0.06906239021838428
1 0 1 1 1 0 1 1 1 1 1 0 1 1 0 1 1 1 1 0 0 0 1 0 1 1 0 1 0 1 1 1 1 1 0 1 1 0 0 0 0 1 1 1 1 1 1 0 1 1 0 1 0 1 0 0 0 1 1 1 1 0 1 1 0 0 0 1 0 1 0 0 1 1 1 1 1 1 1 1 1 0 0 1 0 1 1 0 0 0 0 0 1 1 1 1 1 0 1 0 35500.0 32689.0 33931.0 0 0.09795881217609695
0 0 1 1 1 0 1 1 1 1 1 1 1 1 0 1 1 1 0 0 0 1 0 0 1 1 1 1 0 1 1 1 1 1 0 1 1 0 0 0 0 1 1 1 1 0 1 1 1 1 0 1 0 1 0 0 0 1 1 1 1 0 1 1 0 0 0 1 0 1 0 0 1 1 1 1 1 1 1 1 1 0 0 0 0 1 1 0 1 0 0 0 1 1 1 1 0 0 1 1 37370.0 30543.0 33893.0 0 0.08704408482737623
1 0 1 1 1 0 1 1 1 0 1 0 1 1 0 1 1 1 1 0 0 0 1 0 1 1 1 1 0 1 1 1 1 1 0 1 1 0 0 0 0 1 1 1 1 1 1 1 1 1 0 1 0 1 0 0 0 1 1 1 1 0 1 1 0 0 0 1 0 1 0 0 1 1 1 1 1 1 1 1 1 0 0 0 0 1 1 0 1 0 0 0 1 1 1 1 1 0 1 0 36979.0 32691.0 33739.0 0 0.2047008704969538
1 0 1 1 1 0 1 1 1 0 1 0 1 1 0 1 1 1 1 0 1 0 1 0 1 0 0 1 0 1 1 1 1 1 0 1 1 0 0 0 0 1 1 1 1 1 1 1 1 1 0 1 0 1 0 0 0 1 1 0 0 1 1 1 0 0 0 1 0 1 0 0 1 1 1 1 1 1 1 1 1 0 0 1 0 1 1 0 0 0 0 0 1 1 1 1 1 0 1 0 34182.0 33470.0 33283.0 0 1000000000000000.1
1 0 1 1 1 0 1 1 1 0 1 0 1 1 0 1 1 1 1 0 1 0 1 0 1 1 0 0 0 1 1 1 1 1 0 1 1 0 0 0 0 1 1 1 1 1 1 1 1 1 0 1 0 1 0 0 0 1 1 1 1 0 1 1 0 0 0 1 0 1 0 0 1 1 1 1 1 1 1 1 1 0 0 1 0 1 1 0 0 0 0 0 1 1 1 1 1 0 1 0 35830.0 33032.0 33249.0 0 0.1361376326124787
1 0 1 1 1 0 1 1 1 0 1 0 1 1 0 1 1 1 1 0 0 0 1 0 1 1 1 1 0 1 1 1 1 1 0 1 1 0 0 0 0 1 1 1 1 1 1 1 1 1 0 1 0 1 0 0 0 1 1 1 1 0 1 1 0 0 0 1 0 1 0 0 1 1 1 0 1 1 1 1 1 0 0 1 0 1 1 0 0 0 0 0 1 1 1 1 1 0 1 0 35554.0 33167.0 32882.0 0 1000000000000000.0
1 0 1 1 1 0 1 1 1 1 1 0 0 1 0 1 1 1 1 0 0 1 0 1 1 1 0 1 0 1 1 1 1 1 0 1 1 0 0 0 0 1 1 1 1 1 1 0 1 1 0 1 1 1 0 0 0 1 1 0 1 0 1 1 0 0 0 1 0 1 0 0 1 0 1 1 1 1 0 1 1 0 1 1 0 0 1 1 1 0 0 0 1 1 1 1 0 0 1 0 33940.0 29169.0 37079.0 1 1000000000000000.1
0 0 1 1 1 0 1 1 1 0 1 1 1 1 0 1 1 1 1 0 0 0 1 0 1 0 0 0 0 1 1 1 0 1 0 1 1 0 0 0 0 1 1 1 1 1 1 1 1 1 0 1 0 1 0 0 0 1 1 1 1 0 1 1 1 0 0 0 0 1 0 0 1 1 1 1 1 1 1 1 1 0 1 1 0 1 1 0 1 0 0 0 1 1 1 1 1 0 1 0 34131.0 33426.0 32664.0 1 1000000000000000.1
0 0 1 1 1 0 1 1 1 1 1 0 1 1 0 1 1 1 0 0 0 1 0 1 1 1 1 1 0 1 1 1 1 1 0 0 1 0 0 0 0 1 1 0 1 1 1 0 1 1 1 1 0 1 0 0 0 1 1 1 1 0 1 1 0 0 0 1 0 1 0 0 1 0 1 1 1 1 1 1 1 0 1 0 0 1 1 1 1 0 0 0 1 1 1 1 0 0 1 0 36280.0 28280.0 35454.0 1 1000000000000000.0
0 0 1 1 1 0 1 1 1 0 1 1 1 1 0 1 1 1 1 0 0 1 1 0 1 0 0 1 0 1 1 1 1 1 0 1 1 0 0 0 0 1 1 1 1 1 1 1 1 1 0 1 0 1 0 0 0 1 1 0 0 1 1 1 0 0 0 1 0 1 0 0 1 0 1 1 1 1 1 1 1 0 1 1 0 1 1 0 1 0 0 0 0 1 1 1 1 0 1 0 33019.0 33077.0 35080.0 1 1000000000000000.0
0 0 1 1 1 0 1 1 1 1 1 0 1 1 0 1 1 1 1 0 1 1 0 0 1 1 1 1 0 1 1 1 1 1 0 1 1 0 0 0 0 1 1 0 1 1 1 0 1 1 0 1 0 1 0 0 0 0 1 1 1 0 1 1 0 0 0 1 0 1 0 0 1 1 1 1 1 1 1 1 1 0 0 0 0 1 1 0 1 0 0 0 1 1 1 1 0 0 1 1 37607.0 29656.0 34662.0 1 1000000000000000.0
1 0 1 1 1 0 1 1 1 1 1 0 1 1 0 1 0 1 1 0 0 0 1 0 1 1 0 1 0 1 1 1 1 1 0 1 1 0 0 0 0 1 1 1 1 1 1 1 1 1 0 1 0 1 0 0 0 1 1 1 1 0 1 1 0 0 0 1 0 1 0 0 1 1 1 0 1 1 1 1 1 0 0 1 0 1 1 0 0 0 0 0 1 1 1 1 1 0 1 0 34992.0 33091.0 32436.0 1 1000000000000000.0
0 0 1 1 1 0 1 1 1 0 1 1 1 1 0 1 1 1 1 0 1 1 0 0 1 1 1 1 0 1 1 1 1 1 0 1 1 0 0 0 0 1 1 0 1 1 1 0 1 1 0 1 0 1 0 0 0 1 1 1 1 0 1 1 0 0 0 1 0 1 0 0 1 1 1 1 1 1 1 1 1 0 0 0 0 1 1 0 1 0 0 0 1 1 1 1 0 0 1 1 37359.0 29992.0 34509.0 1 0.320193739152972
1 0 1 1 1 0 1 1 1 0 1 0 1 1 0 1 1 1 1 0 0 0 1 0 1 1 1 1 0 1 1 1 1 1 0 1 1 0 0 0 0 1 1 1 1 1 1 1 1 1 0 1 0 1 0 0 0 1 1 1 1 0 1 1 0 0 0 1 0 1 0 0 1 1 1 1 1 1 1 1 1 0 0 0 0 1 1 0 0 0 0 0 1 1 1 1 1 0 1 0 36475.0 32461.0 33062.0 1 0.2568241838380357
1 0 1 1 1 0 1 1 1 1 1 0 1 1 0 1 1 1 0 0 0 1 0 0 1 0 1 1 0 1 1 1 1 1 0 1 1 0 0 0 0 1 1 1 1 1 1 1 1 1 0 1 0 1 0 0 0 1 1 1 1 0 1 1 0 0 0 1 0 1 0 0 1 1 1 1 1 1 1 1 1 0 0 1 0 1 1 0 0 0 0 0 1 1 1 1 1 0 1 0 35975.0 32548.0 33615.0 1 0.24655329780132546
0 0 1 1 1 0 1 1 1 0 1 1 1 1 0 1 1 1 1 0 1 1 0 0 1 1 1 1 0 1 1 1 1 1 0 1 1 0 0 0 0 1 1 0 1 1 1 0 1 1 0 1 0 1 0 0 0 1 1 1 1 0 1 1 0 0 0 1 0 1 0 0 1 1 1 1 1 1 1 1 1 0 0 0 0 1 1 0 1 0 0 0 1 1 1 1 1 0 1 0 37047.0 30856.0 34223.0 1 0.22883701205064938
1 0 1 1 1 0 1 1 1 1 1 0 1 1 0 1 1 1 0 0 0 1 1 0 1 0 0 1 0 1 1 1 1 1 0 1 1 0 0 0 0 1 1 1 1 1 1 1 1 1 0 1 0 1 0 0 0 1 1 0 0 1 1 1 0 0 0 1 0 1 0 0 1 0 1 1 1 1 1 1 1 0 1 1 0 1 1 0 1 0 0 0 0 1 1 1 1 0 1 0 33349.0 32871.0 35279.0 1 0.21262025999682085
0 0 1 1 1 0 1 1 1 1 0 0 1 1 0 1 1 1 1 0 0 1 0 0 1 1 1 1 0 1 1 1 1 1 0 1 1 0 0 0 0 1 1 1 1 1 1 0 1 1 0 1 0 1 0 0 0 1 1 0 0 1 1 1 0 0 0 1 0 1 0 0 1 0 1 1 1 1 1 1 1 0 1 1 0 1 1 0 1 0 0 0 1 1 1 1 1 0 1 0 34672.0 31233.0 36118.0 1 0.20877152065870289
1 0 1 1 1 0 1 1 1 0 1 0 1 1 0 1 1 1 0 0 0 1 0 0 1 0 1 1 0 1 1 1 1 1 0 1 1 0 0 0 0 1 1 1 1 1 1 1 1 1 0 1 0 1 0 0 0 1 1 1 1 0 1 1 0 0 0 1 0 1 0 0 1 1 1 1 1 1 1 1 1 0 1 1 0 1 1 0 1 0 0 0 1 1 1 1 0 0 1 0 36092.0 31876.0 33992.0 1 0.20560822192127948
0 0 1 1 1 0 1 1 1 1 1 0 1 1 0 1 1 1 1 0 1 1 0 1 0 1 1 1 0 1 1 1 1 1 0 1 1 0 0 0 0 1 1 0 1 1 1 0 1 1 0 1 0 1 0 0 0 0 1 1 1 0 1 1 0 0 0 1 0 1 0 0 1 0 1 1 1 1 1 1 1 0 1 0 0 1 1 0 1 0 0 0 1 1 1 1 0 0 1 0 36785.0 28891.0 35093.0 1 0.18118149367875383
1 0 1 1 1 0 1 1 0 1 1 0 0 1 0 1 1 1 1 0 0 1 0 1 1 1 0 1 0 1 1 1 1 1 0 1 1 0 0 0 0 1 1 1 1 1 1 0 1 1 0 1 0 1 0 0 0 1 1 1 1 1 1 1 0 0 0 1 0 1 0 0 1 0 1 1 1 1 1 1 1 0 1 1 0 1 1 0 1 0 0 0 1 1 1 1 0 0 1 0 35339.0 29735.0 36763.0 1 0.1723326303977874
1 0 1 1 1 0 1 1 1 1 1 0 1 1 0 0 1 1 1 0 0 1 1 0 1 1 0 1 0 1 1 1 1 1 0 1 0 0 0 0 0 1 1 1 1 1 1 0 1 1 0 1 1 1 0 0 0 1 1 1 1 1 1 1 0 0 0 1 0 1 0 0 1 0 1 1 1 1 1 1 1 0 1 1 0 1 1 0 1 0 0 0 1 1 1 1 0 0 1 0 34984.0 30421.0 36412.0 1 0.15922185026195523
0 0 1 1 0 0 1 1 1 1 0 0 1 1 0 1 1 1 1 0 0 1 0 0 1 1 1 1 0 1 1 1 1 1 0 1 1 0 0 0 0 1 1 1 1 1 1 0 1 1 0 1 0 1 0 0 0 1 1 1 1 1 1 1 0 0 0 1 0 1 1 0 1 1 1 1 1 1 1 1 1 0 0 0 0 1 1 0 1 0 0 0 1 1 1 1 0 0 1 1 36879.0 29501.0 34815.0 1 0.15339859230651387
1 0 1 1 1 0 1 1 1 1 1 0 0 1 0 1 1 1 1 0 0 1 0 1 1 1 0 1 0 1 1 1 1 1 0 1 1 0 0 0 0 1 1 1 1 1 1 0 1 1 0 1 1 1 0 0 0 1 1 0 1 0 1 1 0 0 0 1 0 1 0 0 1 0 1 1 1 1 1 1 1 0 1 1 0 1 1 0 1 0 0 0 1 1 1 1 1 0 1 0 34922.0 31087.0 36618.0 1 0.1487070783637285
