0 0 1 1 1 1 1 0 1 0 0 0 1 1 0 1 1 0 1 0 1 1 1 1 1 0 0 0 1 1 1 1 1 1 0 1 1 0 0 0 0 1 1 1 1 1 1 0 1 1 0 1 1 1 0 0 0 1 1 1 1 0 1 1 0 0 0 0 0 1 0 0 1 0 1 1 1 1 0 1 1 0 1 1 0 0 1 1 0 0 0 0 1 1 0 1 0 0 1 1 31666.0 28326.0 34095.0 0 2000000000000000.0
0 0 1 1 1 0 1 1 1 0 1 0 1 1 0 1 1 1 1 0 1 0 0 1 1 1 0 0 1 1 1 1 1 1 0 0 1 0 0 0 0 1 1 1 1 1 1 0 1 1 0 0 1 1 0 0 0 1 1 1 1 0 1 1 0 0 1 0 0 1 0 0 1 0 1 1 1 1 1 1 1 0 1 1 0 1 0 0 1 0 0 0 1 1 1 1 0 0 1 1 34273.0 28505.0 33927.0 0 0.398709925042747
0 0 1 1 1 1 1 0 1 0 0 0 1 1 0 1 1 0 1 0 1 1 1 1 1 0 0 0 1 1 1 1 1 1 0 1 1 0 0 0 0 1 1 1 1 1 1 0 1 1 0 1 1 1 0 0 0 1 1 1 1 0 1 1 0 0 0 0 0 1 0 0 1 0 1 1 1 1 0 1 1 0 1 1 0 0 1 1 0 0 0 0 1 1 0 1 0 1 0 1 31222.0 28831.0 33917.0 0 1000000000000000.1
0 0 1 1 1 1 1 1 1 0 1 0 1 1 0 1 1 1 1 0 0 1 0 1 1 1 0 0 1 1 1 1 1 1 0 1 1 0 0 0 0 1 1 1 1 0 1 0 1 1 0 0 0 1 0 1 1 0 1 0 1 1 1 1 0 0 1 0 0 1 0 0 0 0 0 1 1 1 1 1 1 0 0 1 1 0 1 1 1 0 0 0 0 1 1 1 0 0 1 0 31789.0 29055.0 33916.0 0 0.8429658516688083
0 0 1 1 1 1 1 1 1 0 1 0 1 1 0 1 1 1 0 0 0 1 0 1 1 1 0 1 0 1 1 1 0 1 0 1 1 0 0 0 0 1 1 1 1 1 1 0 1 1 0 1 0 1 0 0 0 1 1 1 1 0 1 1 0 0 0 1 0 1 0 0 1 0 1 1 1 1 1 1 1 0 0 1 0 1 1 0 1 0 0 0 1 1 1 1 0 0 1 1 35283.0 30456.0 33881.0 0 1.2863247239011124
0 0 1 1 1 1 1 1 1 0 1 0 1 1 0 1 1 1 0 0 0 1 0 1 1 1 0 1 0 1 1 1 0 1 0 1 1 0 0 0 0 1 1 1 1 1 1 0 1 1 0 1 0 1 0 0 0 1 1 1 1 0 1 1 0 0 0 1 0 1 0 0 1 1 1 1 1 1 1 1 1 0 0 1 0 1 1 0 1 0 0 0 1 1 0 1 0 0 1 1 35819.0 30711.0 33170.0 0 1000000000000000.6
0 0 1 1 1 1 1 0 1 0 0 0 1 1 0 1 1 1 1 0 0 1 1 0 1 0 0 0 1 1 1 1 0 1 0 1 1 0 0 0 0 1 1 1 1 1 1 0 1 1 0 1 0 1 0 0 0 1 1 1 1 0 1 1 0 0 0 1 0 1 0 0 1 0 1 1 1 1 1 1 1 0 0 1 1 1 1 0 1 0 0 0 1 1 1 1 0 0 1 1 33238.0 30974.0 33068.0 0 0.6146677233672964
0 0 1 1 1 1 1 1 1 0 1 0 1 1 0 1 1 1 0 0 0 1 0 1 1 1 0 1 0 1 0 1 1 0 1 1 1 0 0 0 0 1 1 1 1 1 1 0 1 1 0 1 0 1 0 0 0 1 1 1 1 0 1 1 0 0 0 0 0 1 0 0 1 1 1 1 1 1 1 1 1 0 0 1 0 1 1 0 1 0 0 0 1 1 1 1 0 0 1 1 34320.0 30785.0 32873.0 0 0.2550720228774687
1 0 1 1 1 0 1 1 1 0 1 0 1 1 0 1 1 1 1 0 1 0 0 1 1 0 0 1 0 1 0 1 1 0 0 1 1 0 0 0 0 1 1 1 1 1 1 0 1 1 0 1 0 1 0 1 0 1 1 1 0 0 1 1 0 0 0 1 0 1 0 0 1 1 1 1 1 1 1 1 1 0 0 1 0 1 1 0 1 0 0 0 1 1 1 1 0 0 1 1 34456.0 30945.0 32851.0 0 0.32506105995262247
0 0 1 1 1 1 1 1 1 0 1 0 1 1 0 1 1 1 0 0 0 0 0 1 1 1 0 1 0 1 0 1 1 0 0 1 1 0 0 0 0 1 1 1 1 1 1 0 1 1 0 1 0 1 0 1 0 1 1 0 0 0 1 1 0 0 0 1 0 1 0 1 1 1 1 1 1 1 1 1 1 0 1 1 0 1 1 0 1 0 0 0 1 1 1 1 0 0 1 0 33721.0 30997.0 32784.0 0 0.5243061751456227
1 0 1 0 1 0 1 1 1 0 1 0 1 1 0 1 1 1 1 0 1 1 1 0 1 0 0 1 0 1 0 1 1 0 0 1 1 0 0 0 0 1 1 1 1 1 1 0 1 1 0 1 0 1 0 1 0 1 1 0 0 0 1 1 0 0 0 1 0 1 0 1 1 1 1 1 1 1 1 1 1 0 1 1 0 1 1 0 1 0 0 0 1 1 1 1 0 0 1 0 33622.0 31735.0 32615.0 0 2000000000000000.0
1 1 0 1 1 0 1 1 1 1 1 1 0 1 0 0 1 0 1 0 1 0 0 1 1 1 0 1 0 1 0 1 1 1 1 1 1 0 0 0 0 1 1 0 1 1 1 0 1 1 0 1 0 1 0 0 0 1 1 1 1 1 1 1 0 0 0 0 0 1 0 0 1 0 0 1 1 1 0 0 1 1 1 1 0 0 1 1 1 0 0 0 1 1 0 1 0 0 0 1 32039.0 26265.0 33899.0 1 2000000000000000.0
0 0 1 1 1 1 1 1 1 0 1 0 1 1 0 1 1 1 0 0 0 1 0 1 1 1 0 1 0 1 0 1 1 1 1 1 1 0 0 0 0 1 1 0 1 1 1 0 1 1 0 1 0 1 0 0 0 1 1 1 1 1 1 1 0 0 0 0 0 1 0 0 1 0 0 1 1 1 0 0 1 1 1 1 0 0 1 1 1 0 0 0 1 1 0 1 0 0 0 1 32446.0 28372.0 33894.0 1 0.17274475059548644
0 0 1 1 1 0 1 1 1 0 1 0 1 1 0 0 1 0 1 0 1 0 1 1 1 1 0 0 1 1 1 1 1 1 0 1 1 0 0 0 0 1 1 1 1 1 1 0 1 1 0 1 1 1 0 0 0 1 1 1 1 0 1 1 0 0 0 0 0 1 0 0 1 0 1 1 1 1 0 1 1 0 1 1 0 0 1 1 0 0 0 0 1 1 0 1 0 0 1 1 33066.0 28147.0 33825.0 1 0.2097822504875453
0 0 1 1 1 1 1 1 1 0 1 0 1 1 0 1 1 1 0 0 0 1 0 1 1 1 1 1 0 1 1 1 0 1 0 1 1 0 0 0 0 1 1 1 1 1 1 0 1 1 0 1 0 1 0 0 0 1 1 1 1 0 1 1 0 0 0 0 0 1 0 0 1 0 1 1 1 1 1 1 1 0 1 1 0 0 1 1 1 0 0 0 1 0 0 1 0 0 0 1 33292.0 29095.0 33807.0 1 0.04338580300563212
0 0 1 1 1 1 1 1 1 0 1 0 1 1 0 1 1 1 0 0 0 1 0 1 1 1 0 1 0 1 1 1 0 1 0 1 1 0 0 0 0 1 1 1 1 1 1 0 1 1 0 1 1 1 0 0 0 1 1 1 1 0 1 1 0 1 0 0 0 1 0 0 1 0 1 1 1 1 0 1 1 0 0 1 0 0 1 1 1 0 0 0 1 1 0 1 0 0 1 1 33840.0 29061.0 33743.0 1 0.07967367105008791
0 0 1 1 1 1 1 1 1 0 1 0 1 1 0 1 1 1 1 0 0 1 0 1 1 0 0 0 1 1 1 1 0 1 0 1 1 0 0 0 0 1 1 1 1 1 1 0 1 1 0 1 1 1 0 0 0 1 1 1 1 0 1 1 0 0 0 0 0 1 0 0 0 0 0 1 1 1 1 1 1 0 0 1 1 0 1 1 1 0 0 0 0 1 1 1 0 1 0 1 31312.0 30370.0 33670.0 1 0.22623528016610242
1 0 1 1 1 1 1 1 1 1 1 1 0 1 0 0 1 0 1 0 1 0 0 1 1 1 0 0 1 1 1 1 0 0 0 1 1 0 0 0 0 1 1 0 1 1 1 0 1 1 0 1 1 1 0 1 0 1 1 1 0 0 1 1 0 0 0 1 0 1 0 0 1 0 1 1 1 1 1 1 1 0 0 1 0 1 1 0 1 0 0 0 1 1 1 1 0 0 1 1 34024.0 27808.0 33564.0 1 0.28067304550367206
0 0 1 1 1 1 1 1 1 0 1 0 1 1 0 1 1 1 0 1 0 1 0 1 1 1 0 1 0 1 0 1 1 0 1 1 1 0 0 0 0 1 1 1 1 1 1 0 1 1 0 1 0 1 0 0 0 1 1 1 1 0 1 1 0 0 0 0 0 1 0 0 1 0 1 1 1 1 1 1 1 0 1 1 0 0 1 1 1 0 0 0 1 1 0 1 0 0 0 1 33298.0 30314.0 33430.0 1 0.13237849482865882
0 0 1 1 1 1 1 0 1 0 0 0 1 1 0 1 1 1 1 0 1 1 1 1 1 0 0 0 1 1 1 1 1 1 0 1 1 0 0 0 0 1 1 1 1 1 1 0 1 1 0 1 0 1 0 0 0 1 1 0 1 0 1 1 1 0 1 0 0 1 0 0 0 0 0 1 1 1 1 1 1 0 0 1 1 0 0 1 1 0 0 0 0 1 1 1 0 0 1 0 29732.0 30456.0 33424.0 1 1000000000000000.0
0 0 1 1 1 0 1 1 1 0 1 0 1 1 0 1 1 0 1 0 1 1 0 1 1 1 0 0 1 1 1 1 0 1 0 0 1 0 0 0 0 1 1 1 1 1 1 0 1 1 0 0 1 1 0 0 0 1 1 1 1 0 1 1 0 0 1 0 0 1 0 0 1 0 1 1 1 1 1 1 1 0 0 1 0 1 1 0 1 0 0 0 1 1 1 1 0 0 1 1 33859.0 27960.0 33368.0 1 0.10807679254547564
1 0 1 1 1 1 1 1 1 0 1 0 1 1 0 1 1 1 0 0 0 1 0 1 1 0 1 1 0 1 0 1 1 0 1 1 1 0 0 0 0 1 1 0 1 1 1 0 1 1 0 1 1 1 0 1 0 1 1 1 1 0 1 1 0 0 0 0 0 1 0 0 1 0 1 1 1 1 1 1 1 0 0 1 0 1 1 0 1 0 0 1 1 1 1 1 0 0 1 0 34172.0 30048.0 33254.0 1 0.19514539894863456
1 0 1 1 1 1 1 1 1 1 1 1 0 1 0 0 1 0 1 0 1 0 0 1 1 1 1 0 1 1 1 1 0 0 0 1 1 0 0 0 0 1 1 0 1 1 1 0 1 1 0 0 1 1 0 1 0 0 1 1 1 0 1 1 0 0 0 1 0 1 0 0 1 0 1 1 1 1 1 1 1 0 0 1 0 1 1 0 1 0 0 0 1 1 1 1 0 0 1 1 35067.0 26859.0 33226.0 1 0.3415264466122405
0 0 1 1 1 1 1 0 1 0 1 0 1 1 0 1 1 1 1 0 1 1 1 0 1 0 0 0 1 1 1 1 0 1 0 1 1 0 0 0 0 1 1 1 1 1 1 0 1 1 0 1 0 1 0 0 0 1 1 1 1 0 1 1 0 0 0 0 0 1 0 0 1 0 1 1 1 1 1 1 1 0 1 1 0 0 1 1 1 0 0 0 1 1 0 1 0 0 0 1 32384.0 30351.0 33069.0 1 0.13347568488832012
1 0 1 1 1 1 1 0 1 0 0 0 1 1 0 1 1 1 1 0 1 1 1 0 1 0 0 0 1 1 1 1 0 1 0 1 1 0 0 0 0 1 1 1 1 1 1 0 1 1 0 1 1 1 0 0 0 1 1 1 1 0 1 1 0 0 0 0 0 1 0 0 0 0 0 1 1 1 1 1 1 0 0 1 1 0 1 1 1 0 0 0 0 1 1 1 0 1 0 1 30593.0 30698.0 32946.0 1 0.3063816117610934
0 0 1 1 1 0 1 1 1 0 1 0 1 1 0 1 1 1 1 0 1 0 0 1 1 0 0 1 0 1 0 1 1 0 0 1 1 0 0 0 0 1 1 1 1 1 1 0 1 1 0 1 0 1 0 1 0 1 1 1 0 0 1 1 0 0 0 1 0 1 0 0 1 1 1 1 1 1 1 1 1 0 1 1 0 1 0 0 1 0 0 0 1 1 1 1 0 0 1 1 33983.0 30623.0 32936.0 1 0.08408635434567635
0 0 1 1 1 0 1 1 1 0 1 0 1 1 0 1 1 1 1 0 1 0 0 1 1 0 0 1 0 1 0 1 1 0 0 1 1 0 0 0 0 1 1 1 1 1 1 0 1 1 0 1 0 1 0 1 0 1 1 0 0 0 1 1 0 0 0 1 0 1 0 1 1 1 1 1 1 1 1 1 1 0 1 0 0 1 1 0 1 0 0 0 1 1 1 1 0 0 1 1 34324.0 30254.0 32846.0 1 0.09291657987135696
1 0 1 0 1 0 1 1 1 0 1 0 1 1 0 1 1 1 1 0 1 0 0 1 1 0 0 1 0 1 0 1 1 0 0 1 1 0 0 0 0 1 1 1 1 1 1 0 1 1 0 1 0 1 0 1 0 1 1 0 0 0 1 1 0 0 0 1 0 1 0 1 1 1 1 1 1 1 1 1 1 0 1 1 0 0 1 1 1 0 0 0 0 1 0 1 1 0 0 1 32387.0 30727.0 32831.0 1 0.06093958210832522
0 0 1 1 1 0 1 1 1 0 1 0 1 1 0 1 1 0 1 0 1 1 0 1 1 1 0 0 1 1 1 1 0 1 0 0 1 0 0 0 0 1 1 1 1 1 1 0 1 1 0 0 1 1 0 0 0 1 1 1 1 0 1 1 0 0 1 0 0 1 0 0 1 1 1 1 1 1 1 1 1 0 0 1 0 1 1 0 1 0 0 0 1 1 0 1 0 0 1 1 34395.0 28215.0 32657.0 1 0.08898019348014644
1 0 1 0 1 0 1 1 1 0 1 0 1 1 0 1 1 1 1 0 1 0 0 1 1 1 0 0 1 1 1 1 0 1 0 0 1 0 0 0 0 1 1 0 1 1 1 0 1 1 0 1 1 1 0 0 0 1 1 1 1 0 1 1 0 0 0 1 0 1 0 0 1 0 1 1 1 1 1 1 1 0 0 1 0 1 1 0 1 0 0 0 1 1 1 1 0 0 1 1 35426.0 28211.0 32620.0 1 0.09344689147438104
0 0 1 1 1 0 1 1 1 0 1 0 1 1 0 1 1 1 0 0 0 0 0 1 1 1 0 1 1 1 0 1 1 0 0 1 1 0 0 0 0 1 1 1 1 1 1 0 1 1 0 1 0 1 0 1 0 1 1 1 0 0 1 1 1 0 0 1 0 1 0 0 1 1 1 1 1 1 1 1 1 0 1 1 0 1 0 0 1 0 0 0 0 1 1 1 0 0 1 0 33283.0 31201.0 32575.0 1 0.2708761237834489
1 0 1 0 1 0 1 1 1 0 1 1 1 1 0 1 1 1 1 0 1 1 1 0 1 0 0 1 0 1 1 1 0 0 1 1 1 0 0 0 0 1 1 0 1 1 1 0 1 1 0 1 1 1 0 1 0 1 1 1 1 0 1 1 0 0 0 0 0 1 0 0 1 0 1 1 1 1 1 1 1 0 1 1 0 1 0 0 1 0 0 0 1 1 1 1 0 0 1 1 34081.0 30415.0 32248.0 1 0.1329380696198254
0 0 1 1 1 0 1 1 1 0 1 0 1 1 0 0 1 0 0 0 0 0 0 1 1 1 0 0 1 1 1 1 0 1 1 1 1 0 0 0 0 1 1 1 1 1 1 0 1 1 0 1 0 1 0 1 0 1 1 0 0 0 1 1 0 0 0 1 0 1 0 1 1 1 1 1 1 1 1 1 1 0 1 1 0 1 1 0 1 0 1 0 1 1 1 1 0 0 1 0 34351.0 30111.0 32173.0 1 0.07308553678843793
0 0 1 1 1 1 1 1 1 0 1 0 1 1 0 1 1 1 0 0 0 0 0 1 1 1 0 1 0 1 0 1 1 0 1 1 1 0 0 0 1 1 1 1 1 1 1 0 1 1 0 1 0 1 0 0 0 1 1 1 1 0 1 1 0 0 0 0 0 1 0 0 1 1 1 1 1 1 1 1 1 0 0 1 0 1 1 0 1 0 0 0 1 1 1 1 0 0 1 1 34412.0 30640.0 32152.0 1 0.03097212191518485
0 0 1 1 1 0 1 1 1 0 1 0 1 1 0 1 1 1 1 0 1 0 0 1 1 1 0 0 1 1 1 1 0 1 0 0 1 0 0 0 0 1 1 1 1 1 1 0 1 1 0 0 1 1 0 0 0 1 1 1 1 0 1 1 0 0 1 0 0 1 0 0 1 1 1 1 1 1 1 1 1 0 0 1 0 1 1 0 1 0 0 0 1 1 0 1 0 0 1 1 34908.0 28823.0 32145.0 1 0.14107416362067401
1 0 1 0 1 0 1 1 1 0 1 0 1 1 0 1 1 1 1 0 1 0 0 1 1 0 0 1 1 1 0 1 1 0 0 1 1 0 0 0 0 1 1 1 1 1 1 0 1 1 0 1 0 1 0 1 0 1 1 1 0 0 1 1 0 0 0 1 0 1 0 0 1 1 1 1 1 1 1 1 1 0 1 1 0 1 0 0 1 0 0 0 1 1 1 1 0 0 1 0 33869.0 30663.0 31888.0 1 0.13058324155092482
0 0 1 1 1 1 1 0 1 0 0 0 1 1 0 1 1 1 1 0 1 1 1 1 1 0 0 0 1 1 1 1 0 1 0 1 1 0 0 0 0 1 1 1 1 1 1 0 1 1 0 1 0 1 0 0 0 1 1 0 1 0 1 1 1 0 1 0 0 1 0 0 1 1 0 1 1 1 1 0 1 0 0 1 0 1 1 0 1 0 0 0 1 1 1 1 0 0 1 0 31613.0 31522.0 31712.0 1 1000000000000000.1
1 0 1 1 1 1 1 0 1 0 0 0 1 1 0 1 1 1 1 0 1 1 1 0 1 0 0 0 1 1 1 1 0 1 1 1 1 0 0 0 0 1 1 1 1 1 1 0 1 1 0 1 0 1 0 0 0 1 1 1 1 0 1 1 0 0 0 0 0 1 0 0 1 1 1 1 1 1 0 1 1 0 0 1 0 1 1 0 1 0 0 0 1 1 1 1 0 0 1 0 33289.0 30742.0 31684.0 1 0.18425817655964893
1 0 1 0 1 1 1 1 1 0 0 0 1 1 0 1 1 1 1 0 1 1 1 0 1 0 0 0 1 1 1 1 0 1 1 1 1 0 0 0 0 1 1 1 1 1 1 0 1 1 0 1 0 1 0 0 0 1 1 1 1 0 1 1 0 0 0 0 0 1 0 0 1 1 1 1 1 1 0 1 1 0 0 1 0 1 1 0 1 0 0 0 1 1 1 1 0 0 1 0 33775.0 30703.0 31305.0 1 0.31869047578243215
1 0 1 0 1 0 1 1 1 0 1 0 1 1 0 1 1 1 1 0 1 1 1 0 1 0 0 0 1 1 1 1 1 1 0 1 1 0 0 0 0 1 1 0 1 0 0 0 1 1 0 1 0 0 0 1 0 1 1 1 1 0 1 1 0 0 0 1 0 1 0 0 1 1 0 1 1 1 1 1 1 0 0 1 0 1 1 0 1 0 0 0 1 1 1 1 0 0 1 1 34495.0 29183.0 30712.0 1 0.3089116222713727
1 0 1 0 1 0 1 1 1 0 1 0 1 1 0 1 1 0 1 0 1 1 1 0 1 1 0 1 1 1 1 1 0 0 0 1 1 0 0 0 0 1 1 0 1 0 0 0 1 1 0 1 0 0 0 1 0 1 1 1 1 0 1 1 0 0 0 1 0 1 0 0 1 1 1 1 1 1 1 1 1 0 0 1 0 1 1 0 1 0 0 0 1 1 1 1 0 0 1 1 34934.0 28531.0 30617.0 1 0.20177371782899203
1 0 1 0 1 0 0 1 1 0 1 0 1 1 0 1 1 1 1 0 1 0 0 1 1 1 0 0 1 1 1 1 0 1 0 0 1 0 0 0 0 1 1 0 1 0 0 0 1 1 0 1 0 0 0 1 0 1 1 1 1 1 1 1 0 0 0 1 0 1 0 0 1 1 1 1 1 1 1 1 1 0 1 1 0 1 1 0 1 0 0 0 1 1 0 1 0 0 1 1 35616.0 26408.0 30274.0 1 1000000000000000.2
1 0 1 0 1 0 1 1 1 0 1 0 1 1 0 1 1 1 1 0 1 1 1 0 1 0 0 0 1 1 1 1 0 1 0 1 1 0 0 0 0 1 1 0 1 0 0 0 1 1 0 1 0 0 0 1 0 1 1 1 1 0 1 1 0 0 0 1 0 1 1 0 1 1 1 1 1 1 1 1 1 0 0 1 0 1 1 0 1 0 0 0 1 1 1 1 0 0 1 0 34887.0 29472.0 30166.0 1 0.2795361364053664
1 0 1 0 1 0 1 1 1 0 1 0 1 1 0 1 1 1 1 0 1 1 0 0 1 0 0 0 1 1 1 1 0 1 1 1 1 0 0 0 0 1 1 0 1 0 0 0 1 1 0 1 0 0 0 1 0 1 1 1 1 0 1 1 0 0 0 1 0 1 1 0 1 1 1 1 1 1 1 1 1 0 0 1 0 1 1 0 1 0 0 0 1 1 1 1 0 0 1 0 35129.0 28915.0 30077.0 1 0.22772621951211153
1 0 1 0 1 0 1 1 1 0 1 0 1 1 0 1 1 1 1 0 1 1 0 0 1 0 0 0 1 1 1 1 0 1 1 1 1 0 0 0 0 1 1 0 1 0 0 0 1 1 0 1 0 0 0 1 0 1 1 1 1 0 1 1 0 0 0 1 0 1 1 0 1 1 1 1 1 1 1 1 1 1 0 1 0 0 1 0 0 0 0 0 1 1 0 1 0 0 1 1 35252.0 28428.0 29502.0 1 1000000000000000.1
0 0 1 1 1 1 1 0 1 0 0 0 1 1 0 1 1 1 1 0 1 1 1 1 1 0 0 0 1 1 1 1 1 1 0 1 1 0 0 0 0 1 1 1 1 1 1 0 1 1 0 1 0 1 0 0 0 1 1 0 1 0 1 1 1 0 1 0 0 1 0 0 1 0 0 1 1 0 0 1 1 0 1 1 0 0 1 1 1 0 0 0 1 1 0 1 0 0 0 1 30590.0 28876.0 33790.0 2 1000000000000000.1
0 0 1 1 1 1 1 0 1 1 1 0 1 1 0 0 1 0 1 0 0 1 0 1 1 0 1 1 0 1 1 1 0 1 0 1 1 0 1 0 0 1 1 1 1 1 1 0 1 1 0 1 0 1 0 0 0 1 1 1 1 0 1 1 0 0 0 0 0 1 0 0 1 0 1 1 1 1 1 1 1 0 1 1 0 0 1 1 1 0 0 0 1 1 0 1 0 0 0 1 32284.0 28213.0 33740.0 2 0.17711328243212826
1 0 1 1 1 1 1 1 1 0 1 0 1 1 0 1 1 1 0 0 0 1 0 1 1 1 0 1 0 1 0 1 1 1 1 1 1 0 0 1 0 1 1 0 1 1 1 0 1 1 0 1 0 1 0 0 0 1 1 1 1 0 1 1 0 0 0 0 0 1 0 0 1 0 0 1 1 1 0 0 1 1 1 1 0 0 1 1 1 0 0 0 1 1 0 1 0 0 0 1 32656.0 28521.0 33707.0 2 0.2593292360716991
1 0 1 1 1 1 1 1 1 0 1 0 1 1 0 1 1 1 0 0 0 1 0 1 1 1 0 1 0 1 0 1 1 0 1 1 1 0 0 0 0 1 1 1 1 1 1 0 1 1 0 1 0 1 0 0 0 1 1 1 1 1 1 1 0 0 0 0 0 1 0 0 1 0 0 1 1 1 0 0 1 1 1 1 0 0 1 1 1 0 0 0 1 1 0 1 0 0 0 1 32062.0 28940.0 33553.0 2 0.144747061281719
0 0 1 1 1 1 1 1 1 0 1 0 1 1 0 0 1 0 1 0 1 1 1 0 1 1 0 0 1 1 1 1 0 1 0 1 1 0 0 0 0 1 1 1 1 1 1 0 1 1 0 1 1 1 0 0 0 1 1 1 1 0 1 1 0 0 0 0 0 1 0 0 0 0 0 1 1 1 1 1 1 0 0 1 1 0 1 1 1 0 0 0 0 1 1 1 0 1 0 1 31218.0 29911.0 33439.0 2 0.22399905417978666
0 0 1 1 1 1 1 1 1 0 1 0 1 1 0 1 1 1 1 0 0 1 0 1 1 0 1 0 0 1 0 1 0 0 1 1 1 0 0 0 0 1 1 0 1 1 1 0 1 1 0 1 1 1 0 1 0 1 1 1 1 0 1 1 0 0 0 0 0 1 0 0 1 0 1 1 1 1 0 1 1 0 0 1 0 0 1 1 1 0 0 0 1 1 1 1 0 0 1 1 33192.0 28090.0 33327.0 2 0.12733980205259882
1 0 1 0 1 0 1 1 1 1 1 0 1 1 0 1 1 1 1 0 0 1 1 0 1 0 0 0 1 1 1 1 0 1 0 1 1 1 0 1 0 1 1 1 1 1 1 0 1 1 0 1 1 1 0 0 0 1 1 1 1 0 1 1 0 0 0 0 0 1 0 0 0 0 0 1 1 1 1 1 1 0 0 1 1 0 1 1 1 0 0 0 0 1 1 1 0 0 1 0 31369.0 30210.0 33312.0 2 0.13765497341783162
0 0 1 1 1 1 1 1 1 0 1 0 1 1 0 1 1 1 1 0 0 1 0 1 1 0 0 0 1 1 1 1 0 1 0 1 1 0 0 0 0 1 1 1 1 1 1 0 1 1 0 1 0 1 0 0 0 1 1 1 1 0 1 1 0 0 0 0 0 1 0 0 1 0 0 1 1 1 0 1 1 0 1 1 0 0 1 1 1 0 0 0 1 1 0 1 1 0 0 1 31994.0 29662.0 33248.0 2 0.1710262360047848
1 0 1 0 1 1 1 1 1 0 1 0 1 1 0 1 1 1 0 0 0 1 0 1 1 1 1 1 0 1 1 1 0 1 0 1 1 0 0 0 0 1 1 1 1 1 1 0 1 1 0 1 0 1 0 0 0 1 1 1 1 0 1 1 0 0 0 0 0 1 0 0 1 0 1 1 1 1 1 1 1 0 1 1 0 0 1 1 1 0 0 0 1 0 0 1 0 0 0 1 33123.0 28587.0 33211.0 2 0.08042941258588386
1 0 1 1 1 1 1 1 1 1 1 1 0 1 0 0 1 0 1 0 1 0 0 1 1 1 0 0 1 1 1 1 0 0 0 1 1 0 0 0 0 1 1 0 1 1 1 0 1 1 0 0 1 1 0 1 0 1 1 1 0 0 1 1 0 0 0 1 0 1 0 0 1 0 1 1 1 1 1 1 1 0 0 1 0 1 1 0 1 0 0 0 1 1 1 1 0 0 1 1 33411.0 26856.0 33183.0 2 0.16052780217625032
1 0 1 0 1 0 1 1 1 1 1 0 1 1 0 1 1 1 1 0 1 0 0 1 1 0 0 0 1 1 1 1 0 1 0 1 1 0 0 0 0 1 1 1 1 1 1 0 1 1 0 1 1 1 0 0 0 1 1 1 1 0 1 1 0 1 0 0 0 1 0 0 1 0 1 1 1 1 0 1 1 0 0 1 0 0 1 1 1 0 0 0 1 1 1 1 0 0 1 0 33539.0 28941.0 33146.0 2 0.11856163067070549
1 0 1 0 1 0 1 1 1 0 1 0 1 1 0 1 1 0 1 0 1 1 1 1 1 1 0 0 1 1 1 1 1 1 0 1 1 0 0 0 0 1 1 1 1 0 1 0 1 1 0 0 1 1 0 0 0 1 1 1 0 0 1 1 0 0 1 0 0 1 0 0 1 1 1 1 1 1 1 1 1 0 0 1 0 1 1 0 1 0 0 0 1 1 0 1 0 0 1 1 34053.0 28869.0 33103.0 2 0.19645915782610576
0 0 1 1 1 1 1 1 1 0 1 0 1 1 0 1 1 1 1 0 0 1 0 1 1 0 0 0 1 1 1 1 0 1 0 1 1 0 0 0 0 1 1 1 1 1 1 0 1 1 0 1 0 1 0 0 0 1 1 1 1 0 1 1 0 0 0 0 0 1 0 0 1 0 0 1 1 1 0 0 1 1 1 1 0 0 1 0 1 0 0 0 1 1 1 1 0 0 1 1 32461.0 29299.0 32830.0 2 0.28441343205975733
0 0 1 1 1 1 1 0 1 0 0 0 1 1 0 1 1 1 1 0 1 1 1 0 1 0 0 0 1 1 1 1 0 1 0 1 1 0 0 0 0 1 1 1 1 1 1 0 1 1 0 1 1 1 0 0 0 1 1 1 1 0 1 1 0 0 0 0 0 1 0 0 0 0 0 1 1 1 1 1 1 0 0 1 1 0 1 1 1 0 0 0 0 1 1 1 0 1 0 1 30277.0 30542.0 32753.0 2 1000000000000000.0
1 0 1 0 1 0 1 1 1 1 1 0 1 1 0 1 1 1 1 0 1 0 0 1 1 0 0 1 1 1 0 1 1 0 0 1 1 0 0 0 0 1 1 1 1 1 1 0 1 1 0 1 0 1 0 1 0 1 1 1 0 0 1 1 0 0 0 1 0 1 0 0 1 1 1 1 1 1 1 1 1 0 1 1 0 1 0 0 1 0 0 0 0 1 1 1 0 0 1 0 33485.0 30526.0 32693.0 2 0.09684654881019977
1 0 1 1 1 1 1 1 1 0 1 0 1 1 0 1 1 1 0 0 0 1 0 1 1 0 1 1 0 1 0 1 0 0 1 1 1 0 0 0 0 1 1 0 1 1 1 0 1 1 0 1 1 1 0 1 0 1 1 1 1 0 1 1 0 0 0 0 0 1 0 0 1 0 1 1 1 1 1 1 1 0 1 1 0 1 0 0 1 0 0 0 1 1 1 1 0 0 1 1 34246.0 29534.0 32614.0 2 0.16024969238026068
0 0 1 1 1 1 1 0 1 0 0 0 1 1 0 1 1 1 1 0 1 1 1 0 1 0 0 0 1 1 1 1 0 1 0 1 1 0 0 0 0 1 1 1 1 1 1 0 1 1 0 1 0 1 0 1 1 0 1 0 1 1 1 1 0 0 1 0 0 1 0 0 0 0 0 1 1 1 1 1 1 0 0 1 1 0 1 1 1 0 0 0 0 1 1 1 0 0 1 0 30535.0 30764.0 32516.0 2 0.16230783740796248
1 0 1 1 1 1 1 1 1 0 1 0 1 1 0 0 1 1 1 0 1 0 0 1 1 0 0 1 0 1 0 1 1 0 0 1 1 0 0 0 0 1 1 1 1 1 1 0 1 1 0 1 0 1 0 1 0 1 1 0 0 0 1 1 0 1 0 1 0 1 0 1 0 1 1 1 1 1 1 1 1 0 1 1 0 1 1 0 1 0 0 0 1 1 1 1 0 0 1 0 33500.0 30121.0 32345.0 2 0.06953889457458537
1 0 1 0 1 0 1 1 1 0 1 0 1 1 0 1 1 1 1 0 1 0 0 1 1 0 0 1 0 1 0 1 1 0 0 1 1 0 0 0 0 1 1 1 1 1 1 0 1 1 0 1 0 1 0 1 0 1 1 1 0 0 1 1 0 0 0 1 0 1 0 0 1 1 1 1 1 1 1 1 1 0 1 1 0 1 0 0 1 0 0 0 1 1 1 1 0 0 1 1 33814.0 30115.0 32340.0 2 0.09653904052868108
0 0 1 1 1 0 1 1 1 0 1 0 1 1 0 1 1 1 1 0 1 0 0 1 1 0 0 1 0 1 0 1 1 0 0 1 1 0 0 0 0 1 0 1 1 1 1 0 1 1 0 1 0 1 0 1 0 1 1 1 0 0 1 1 0 0 0 1 0 1 0 0 1 1 1 1 1 1 1 1 1 0 1 1 0 1 0 0 1 0 0 0 1 1 1 1 0 0 1 1 33526.0 30209.0 32287.0 2 0.049680464382318136
1 0 1 0 1 0 1 1 1 0 1 0 1 1 0 1 1 1 1 0 1 0 0 1 1 0 0 1 0 1 0 1 1 0 0 1 1 0 0 0 0 1 1 1 1 1 1 0 1 1 0 1 0 1 0 1 0 1 1 0 0 0 1 1 0 0 0 1 0 1 0 1 1 1 1 1 1 1 1 1 1 0 1 1 0 1 1 0 1 0 0 0 1 1 1 1 0 0 1 0 33589.0 30607.0 32240.0 2 0.06844325829783247
1 0 1 0 1 0 1 1 1 0 1 0 1 1 0 1 1 1 1 0 1 0 0 1 1 0 0 1 0 1 0 1 1 0 0 1 1 0 0 0 0 1 1 1 1 1 1 0 1 1 0 1 0 1 0 1 0 1 1 0 0 0 1 1 0 0 0 1 0 1 0 1 1 1 1 1 1 1 1 1 1 0 1 1 0 1 0 0 1 0 0 0 1 1 1 1 0 0 1 1 33701.0 30365.0 32228.0 2 0.14453107170011287
1 0 1 1 1 1 1 1 1 0 1 0 1 1 0 0 1 0 1 0 1 1 1 0 1 1 0 0 1 1 1 1 0 0 0 1 1 0 0 0 0 1 1 1 1 1 1 0 1 1 0 1 0 1 0 0 0 1 1 1 1 0 1 1 0 0 0 0 0 1 0 0 1 1 1 1 1 1 1 1 1 0 0 1 0 1 1 0 1 0 0 0 1 1 1 1 0 0 1 1 34139.0 30156.0 32122.0 2 0.11791311338755531
1 0 1 0 1 0 1 1 1 0 1 0 1 1 0 1 1 1 1 0 1 0 0 1 1 1 0 0 1 1 1 1 0 1 0 0 1 0 0 0 0 1 1 0 1 1 1 0 1 1 0 1 1 1 0 1 0 1 1 1 1 0 1 1 0 1 0 0 0 1 0 0 1 0 1 1 1 1 0 1 1 0 0 1 0 0 1 1 1 0 0 0 1 1 0 1 0 0 1 1 34367.0 27074.0 32025.0 2 0.3283337487867074
1 0 1 0 1 0 1 1 1 0 1 0 1 1 0 1 1 1 1 0 1 0 0 1 1 0 0 1 0 1 0 1 1 0 0 1 1 0 0 0 0 1 1 1 1 1 1 0 1 1 0 1 0 1 0 1 0 1 1 0 0 0 1 1 0 0 0 1 0 1 0 1 1 1 1 1 1 1 1 1 1 0 0 1 0 1 1 0 1 0 0 0 1 1 1 1 0 0 1 1 33858.0 30531.0 31950.0 2 0.13858790324442802
1 0 1 1 1 1 1 1 1 0 0 0 1 1 0 1 1 1 1 0 1 1 1 0 1 0 0 0 1 1 1 1 0 1 0 1 1 1 0 0 0 1 1 1 1 1 1 0 1 1 0 1 0 1 0 0 0 1 1 1 1 0 1 1 0 0 0 0 0 1 0 0 1 0 0 1 1 1 1 1 1 0 0 1 0 0 1 0 1 1 0 0 0 0 1 1 0 1 0 1 31101.0 30624.0 31729.0 2 0.11690125990042607
0 0 1 1 1 1 1 0 1 0 0 0 1 1 0 1 1 1 1 0 1 1 1 1 1 0 0 0 1 1 1 1 1 1 0 1 1 0 0 0 0 1 1 1 1 1 1 0 1 1 0 1 0 1 0 0 0 1 1 0 1 0 1 1 1 0 1 0 0 1 0 0 1 1 0 1 1 1 1 0 1 0 0 1 0 0 1 0 1 0 0 0 1 1 0 1 0 0 1 0 31030.0 31068.0 31697.0 2 1000000000000000.1
0 0 1 1 1 1 1 1 1 0 1 0 1 1 0 0 1 0 1 0 1 1 1 0 1 1 0 0 1 1 1 1 0 0 0 1 1 0 0 0 0 1 1 1 1 1 1 0 1 1 0 1 0 0 0 1 0 1 1 1 1 0 1 1 0 0 0 1 0 1 0 0 1 1 1 1 1 1 1 1 1 0 0 1 0 1 1 0 1 0 0 0 1 1 1 1 0 0 1 0 34243.0 30243.0 31602.0 2 0.1008517400743465
1 0 1 0 1 0 1 1 1 0 1 0 1 1 0 0 1 0 1 0 1 0 0 1 1 1 1 0 1 1 1 1 1 1 0 1 1 0 0 0 0 1 1 1 1 0 1 0 1 1 0 0 0 1 0 1 1 0 1 0 1 1 1 1 0 0 1 0 0 1 0 0 1 1 1 1 1 1 1 1 1 0 0 1 0 1 1 0 1 0 0 0 1 1 0 1 0 0 1 1 34876.0 27562.0 31548.0 2 0.34816096058360524
0 0 1 1 1 1 1 1 1 0 1 0 1 1 0 0 1 1 1 0 1 1 1 0 1 0 0 0 1 1 1 1 0 1 0 1 1 0 0 0 0 1 1 1 1 1 1 0 1 1 0 1 0 1 0 0 0 1 1 1 1 0 1 1 0 0 0 0 0 1 0 0 1 0 0 1 1 1 1 1 1 0 0 1 0 0 1 0 1 1 0 0 0 1 1 1 0 1 0 1 31754.0 30725.0 31474.0 2 0.2632615761854209
0 0 1 1 1 1 1 0 1 0 0 0 1 1 0 1 1 1 1 0 1 1 1 0 1 0 0 0 1 1 1 1 0 1 0 1 1 0 0 0 0 1 1 1 1 1 1 0 1 1 0 1 0 1 0 0 0 1 1 1 0 0 1 1 0 0 0 0 0 1 0 0 1 1 1 1 1 1 1 1 1 0 0 1 0 1 0 0 1 0 0 0 1 1 1 1 0 0 1 1 32332.0 30815.0 31151.0 2 0.1843330003661423
1 0 1 0 1 0 1 1 1 0 1 0 1 1 0 1 1 1 1 0 1 1 1 0 1 0 0 0 1 1 1 1 0 1 0 1 1 0 0 0 0 1 1 0 1 0 0 0 1 1 0 1 0 0 0 1 0 1 1 1 1 0 1 1 0 0 1 1 0 1 0 0 1 0 1 1 1 1 1 1 1 0 0 1 0 1 1 0 1 0 0 0 1 1 1 1 0 0 1 1 34827.0 28670.0 31102.0 2 0.20812363819942523
1 0 1 0 1 0 1 1 1 0 1 0 1 1 0 1 1 0 1 0 1 1 1 0 1 1 0 1 1 1 1 1 0 1 0 1 1 0 0 0 0 1 1 1 1 1 1 0 1 1 0 1 0 1 0 0 0 1 1 0 1 0 1 1 1 0 1 0 0 1 0 0 1 1 0 1 1 1 1 0 1 0 0 1 0 0 1 0 1 0 0 0 1 1 0 1 0 0 1 0 32029.0 30962.0 31008.0 2 0.13007039956242222
0 0 1 1 1 1 1 0 1 0 0 0 1 1 0 1 1 1 1 0 1 1 1 0 1 0 0 0 1 1 1 1 0 1 0 1 1 0 0 0 0 1 1 1 1 1 1 0 1 1 0 1 0 1 0 0 0 1 1 1 1 0 1 1 0 0 1 0 0 1 0 0 1 1 0 1 1 1 1 0 1 1 0 1 0 0 1 0 1 0 0 0 1 1 0 1 0 0 1 1 32430.0 30628.0 30904.0 2 0.12840596514603003
1 0 1 1 1 1 1 0 1 0 0 0 1 1 0 1 1 1 1 0 1 1 1 0 1 0 0 0 1 1 1 1 0 0 0 1 1 0 0 0 0 1 1 1 1 1 1 0 0 1 0 1 0 1 0 1 0 1 1 1 1 0 1 1 0 0 0 1 0 1 0 0 1 1 1 1 1 1 1 1 1 0 0 1 0 1 1 0 1 0 0 0 1 1 1 1 0 0 1 0 33056.0 30669.0 30695.0 2 0.19599561846853614
1 0 1 0 1 0 1 1 1 0 1 0 1 1 0 1 1 0 1 0 1 1 1 0 1 1 0 1 1 1 1 1 0 1 0 0 1 0 0 0 0 1 1 0 1 0 0 0 1 1 0 1 0 0 0 1 0 1 1 1 1 0 1 1 0 0 0 1 0 1 0 0 1 1 1 1 1 1 1 1 1 0 0 1 0 1 1 0 1 0 0 0 1 1 1 1 0 0 1 1 35237.0 28071.0 30630.0 2 0.2932035203802966
1 0 1 0 1 0 1 1 1 0 1 0 1 0 0 1 1 1 1 0 1 0 0 1 1 1 0 0 1 1 1 1 0 1 0 0 1 0 0 0 0 1 1 0 1 0 0 0 1 1 0 1 0 0 0 1 0 1 1 1 1 0 1 1 0 0 0 1 0 1 0 0 1 1 1 1 1 1 1 1 1 0 1 1 0 1 1 0 1 0 0 0 1 1 1 1 0 0 1 1 35309.0 26712.0 30404.0 2 3000000000000000.0
0 0 1 1 1 1 1 0 1 0 1 0 1 1 0 1 1 1 0 0 0 1 0 1 1 1 0 1 0 1 0 1 1 1 1 1 1 0 0 0 0 1 1 0 1 1 1 0 1 1 0 1 0 1 0 0 0 1 1 1 1 1 1 1 0 0 0 0 0 1 0 0 1 0 0 1 1 1 1 0 1 1 1 1 0 0 1 1 1 0 0 0 1 1 0 1 0 0 0 1 31976.0 28653.0 33507.0 3 1000000000000000.1
1 1 0 1 1 0 1 1 1 1 1 1 0 1 0 0 1 0 1 0 1 0 0 1 1 1 0 0 1 1 1 1 0 0 0 1 1 0 0 0 0 1 1 0 1 1 1 0 1 1 0 0 1 1 0 1 0 1 1 1 1 1 1 1 0 0 1 1 1 0 0 0 1 0 0 1 1 0 0 1 1 0 1 0 0 0 1 1 0 0 0 0 1 1 1 1 0 0 1 1 32575.0 23040.0 33354.0 3 1000000000000000.1
0 0 1 1 1 1 1 0 1 0 0 0 1 1 0 1 1 1 1 0 1 1 1 1 1 0 0 0 1 1 1 1 0 1 0 1 1 0 0 0 0 1 1 1 1 1 1 0 1 1 0 1 0 1 0 0 0 1 1 0 1 0 1 1 1 0 1 0 0 1 0 0 1 1 0 1 1 1 1 0 1 0 0 1 0 0 1 0 1 0 0 0 1 1 0 1 0 0 0 1 30664.0 30982.0 31019.0 3 1000000000000000.1
1 0 1 1 1 1 1 0 1 0 0 0 1 1 0 1 1 1 1 0 1 1 1 0 1 1 0 1 1 1 1 1 0 0 0 1 1 0 0 0 0 1 1 0 1 0 0 0 1 1 0 1 0 0 0 1 0 1 1 1 1 0 1 1 0 0 0 1 0 1 0 0 1 1 1 1 1 1 1 1 1 0 0 0 0 1 1 0 1 1 0 0 1 1 1 1 0 0 1 0 34740.0 28537.0 29940.0 3 1000000000000000.1
0 0 1 1 1 1 1 0 1 0 0 0 1 1 0 1 1 1 1 0 1 1 1 0 1 0 0 0 1 1 1 1 0 1 0 1 1 0 0 0 0 1 1 1 1 1 1 0 1 1 0 1 1 1 0 0 0 1 1 1 1 0 1 1 0 0 1 0 0 1 0 0 0 0 0 1 1 1 1 1 1 0 0 1 1 0 1 1 1 0 0 0 0 1 1 1 0 0 1 0 30419.0 30109.0 32900.0 3 1000000000000000.0
1 0 1 0 1 0 0 1 1 0 1 0 1 1 0 1 1 1 1 0 1 0 0 1 1 1 0 0 1 1 1 1 0 1 0 0 1 0 0 0 0 1 1 0 1 0 0 0 1 1 0 1 0 0 0 1 0 1 1 1 1 1 1 1 0 0 0 1 0 1 0 0 1 1 1 1 1 1 1 1 1 0 1 1 0 1 0 0 1 0 0 0 1 1 1 1 0 0 1 1 35299.0 26555.0 30314.0 3 1000000000000000.0
1 0 1 1 1 1 1 1 1 0 1 0 1 1 0 1 1 1 0 0 0 0 0 1 1 1 0 0 1 1 1 1 0 1 0 0 1 0 0 0 0 1 1 0 1 0 0 0 1 1 0 1 0 0 0 1 0 1 1 1 1 0 1 1 0 1 0 1 0 1 0 0 1 0 1 1 1 1 0 1 1 0 0 1 0 0 1 1 1 1 0 0 1 1 1 1 0 0 1 1 34509.0 26328.0 31198.0 3 0.5431504232654729
1 0 1 0 1 0 1 1 1 0 1 0 1 1 0 1 1 0 1 0 1 1 1 1 1 1 0 0 1 1 1 1 1 1 0 1 1 0 0 0 0 1 1 1 1 0 1 0 1 1 0 0 0 1 0 1 1 0 1 0 1 1 1 1 0 0 1 0 0 1 0 0 0 0 0 1 1 1 1 1 1 0 0 1 1 0 1 1 1 0 0 0 0 1 1 1 0 0 1 0 31574.0 28742.0 33372.0 3 0.23944400061942603
0 0 1 1 1 1 1 1 1 0 1 0 1 1 0 1 1 1 1 0 0 1 0 1 1 0 0 0 1 1 1 1 0 1 0 1 1 0 0 0 0 1 1 1 1 1 1 0 1 1 0 1 1 1 0 0 0 1 1 1 1 0 1 1 0 0 0 0 0 1 0 0 0 0 0 1 1 1 1 1 1 0 0 1 1 0 1 1 1 0 0 0 0 1 1 1 0 0 1 0 31160.0 29838.0 33161.0 3 0.23727396287234698
1 0 1 0 1 0 1 1 1 0 0 0 1 1 0 1 1 1 1 0 1 0 0 1 1 1 0 0 1 1 1 1 0 1 0 0 1 0 0 0 0 1 1 1 1 1 1 0 1 1 0 0 1 1 0 0 0 1 1 1 1 0 1 1 0 0 1 0 0 1 0 0 1 1 1 1 1 1 1 1 1 0 0 1 0 1 1 0 1 0 0 0 1 1 0 1 0 0 1 1 34330.0 27975.0 30988.0 3 0.22976520128118746
1 1 0 1 0 0 0 1 1 0 1 0 1 1 0 0 1 0 1 0 1 0 0 1 1 1 1 0 1 1 1 1 1 1 0 1 1 0 0 0 0 1 1 1 1 0 1 0 1 1 0 0 0 1 0 1 1 0 1 0 1 1 1 1 0 0 1 0 0 1 0 0 1 1 1 1 1 1 1 1 1 0 0 1 0 1 1 0 1 0 0 0 1 1 0 1 0 0 1 1 34458.0 26551.0 30414.0 3 0.224979871775931
0 0 1 1 1 1 1 1 1 0 1 0 1 1 0 1 1 1 1 0 0 1 0 1 1 0 1 1 0 1 0 1 0 0 1 1 1 0 0 0 0 1 1 0 1 1 1 0 1 1 0 1 1 1 0 1 0 1 1 1 1 0 1 1 0 0 0 0 0 1 0 0 1 0 1 1 1 1 0 1 1 0 0 1 0 1 1 0 1 0 0 0 1 1 1 1 0 1 1 0 33715.0 29241.0 32583.0 3 0.19300027915612863
0 0 1 1 1 1 1 0 1 0 0 0 1 1 0 1 1 1 1 0 1 1 1 0 1 0 0 0 1 1 1 1 0 1 1 1 1 0 0 0 0 1 1 1 1 1 1 0 1 1 0 1 0 1 0 0 0 1 1 1 1 0 1 1 0 0 0 0 0 1 0 0 1 1 1 1 1 1 0 1 1 0 0 1 0 1 1 0 1 0 0 0 1 1 1 1 0 0 1 0 32973.0 30586.0 31491.0 3 0.18846005130512467
1 0 1 1 1 1 1 0 1 0 0 0 1 1 0 1 1 1 0 0 0 0 0 1 1 1 0 1 0 1 0 1 1 0 1 1 1 0 0 0 1 1 1 1 1 1 1 0 1 1 0 1 0 1 0 0 0 1 1 1 1 0 1 1 0 0 0 0 0 1 0 0 1 1 1 1 1 1 1 1 1 0 0 1 0 1 1 0 1 0 0 0 1 1 1 1 0 0 1 1 33348.0 29831.0 31374.0 3 0.17275312406493543
0 0 1 1 1 1 1 1 1 0 1 0 1 1 0 0 1 0 1 0 1 0 0 1 1 1 0 0 1 1 1 1 1 1 0 1 1 0 0 0 0 1 1 1 1 0 1 0 1 1 0 0 0 1 0 1 1 0 1 0 1 1 1 1 0 0 1 0 0 1 0 0 1 1 1 1 1 1 1 1 1 0 0 1 0 1 1 0 1 0 0 0 1 1 0 1 0 0 1 1 34215.0 28176.0 32071.0 3 0.16798417948762998
1 0 1 1 1 0 1 1 1 0 1 0 1 0 0 1 1 1 1 0 1 0 0 1 1 1 0 0 1 1 1 1 0 1 0 0 1 0 0 0 0 1 1 0 1 0 0 0 1 1 0 1 0 0 0 1 0 1 1 1 1 0 1 1 0 0 0 0 0 1 0 0 1 1 1 1 1 1 1 1 1 0 0 1 0 1 1 1 1 0 0 0 1 1 1 1 0 0 1 1 34803.0 27088.0 30327.0 3 0.15888663943818462
0 0 1 1 1 1 1 1 1 0 1 0 1 1 0 1 1 1 0 0 0 1 0 1 1 0 1 1 0 1 0 1 0 0 1 1 1 0 0 0 0 1 1 0 1 1 1 0 1 1 0 1 1 1 0 1 0 1 1 1 1 0 1 1 0 0 0 0 0 1 0 0 1 0 1 1 1 1 1 1 1 0 1 1 0 1 0 0 1 0 0 0 1 1 1 1 0 0 1 1 33930.0 29378.0 32421.0 3 0.15712344610576928
0 0 1 1 1 1 1 0 1 0 0 0 1 1 0 1 1 1 1 0 1 1 1 0 1 0 0 0 1 1 1 1 0 1 0 1 1 0 0 0 0 1 1 1 1 1 1 0 1 1 0 1 0 1 0 1 1 0 1 0 1 1 1 1 0 0 1 0 0 1 0 0 0 0 0 1 1 1 1 1 1 0 0 1 0 1 1 0 1 0 0 0 1 1 1 1 0 0 1 1 32090.0 30574.0 31660.0 3 0.14323599476461077
