0 0 1 1 1 0 1 1 1 1 1 0 1 1 0 1 1 1 1 0 0 1 0 1 1 1 0 1 0 1 1 1 1 1 0 1 1 0 0 0 0 1 1 1 1 1 1 0 1 1 0 1 1 1 0 0 0 1 1 0 1 0 1 1 0 0 0 1 0 1 0 0 1 0 1 1 1 1 1 1 1 0 1 0 0 1 1 1 1 0 0 0 1 1 1 1 0 0 1 0 35156.0 29958.0 36449.0 0 1000000000000000.1
0 0 1 1 1 0 1 1 1 1 1 0 1 1 0 1 1 1 0 0 0 1 0 1 1 1 0 1 0 1 1 1 1 1 0 1 1 0 0 0 0 1 1 1 1 1 1 0 1 1 0 1 0 1 0 0 0 1 1 1 1 1 1 1 0 0 0 1 0 1 0 0 1 0 1 1 1 1 1 1 1 0 1 1 0 1 1 0 1 0 0 0 1 1 1 1 0 0 1 0 35861.0 30653.0 36312.0 0 0.1946452083795694
0 0 1 1 1 0 1 1 1 1 1 0 1 1 0 1 1 1 1 0 0 1 0 1 1 1 0 1 0 1 1 1 1 1 0 1 1 0 0 0 0 1 1 1 1 1 1 0 1 1 0 1 0 1 0 0 0 1 1 1 1 0 1 1 0 0 0 1 0 1 0 0 1 0 1 1 1 1 1 1 1 0 1 0 0 1 1 0 1 0 0 0 1 1 1 1 0 0 1 1 36279.0 29847.0 36162.0 0 0.29506248661585016
1 0 1 1 1 0 1 1 1 0 1 0 1 1 0 1 1 1 0 0 0 1 0 1 1 1 0 1 0 1 1 1 1 1 0 1 1 0 0 0 0 1 1 1 1 1 1 0 1 1 0 1 1 1 0 0 0 1 1 0 1 0 1 1 0 0 0 1 0 1 0 0 1 0 1 1 1 1 1 1 1 0 1 1 0 1 1 1 1 0 0 0 1 1 1 1 0 0 1 0 34807.0 30773.0 35687.0 0 0.22628043560810893
0 0 1 1 1 0 1 1 1 0 1 0 1 1 0 1 1 1 1 0 0 1 1 0 1 1 0 1 0 1 1 1 1 1 0 1 1 0 0 0 0 1 1 1 1 1 1 0 1 1 0 1 0 1 0 0 0 1 1 1 1 0 1 1 0 0 0 1 0 1 0 0 1 0 1 1 1 1 1 1 1 0 1 1 0 1 1 0 1 0 0 1 0 1 1 1 0 0 1 0 34450.0 31477.0 35610.0 0 0.2762294572610664
1 0 1 1 1 0 1 1 1 1 1 0 1 1 0 1 1 1 0 0 0 1 0 1 1 1 0 1 0 1 1 1 1 1 0 1 1 0 0 0 0 1 1 1 1 1 1 0 1 1 0 1 0 1 0 0 0 1 1 1 1 0 1 1 0 0 0 1 0 1 0 0 1 0 1 1 1 1 1 1 1 0 1 1 0 1 1 0 1 0 0 0 1 1 1 1 0 0 1 0 35764.0 30749.0 35589.0 0 0.1423146513815926
1 0 1 1 1 0 1 1 1 0 1 1 1 1 0 1 1 1 0 0 0 1 0 1 1 1 0 1 0 1 1 1 1 1 0 1 1 0 0 0 0 1 1 1 1 1 1 0 1 1 0 1 0 1 0 0 0 1 1 1 1 0 1 1 0 0 0 1 0 1 0 0 1 0 1 1 1 1 1 1 1 0 1 1 0 1 1 0 1 0 0 1 0 1 1 1 0 0 1 0 34978.0 31017.0 35568.0 0 0.20122961075426782
1 0 1 1 1 0 1 1 1 0 1 1 1 1 0 1 1 1 1 0 0 1 0 1 0 1 0 1 0 1 1 1 1 1 0 1 1 0 0 0 0 1 1 1 1 1 1 0 1 1 0 1 0 1 0 0 0 1 1 1 1 0 1 1 0 0 0 1 0 1 0 0 1 0 1 1 1 1 1 1 1 0 1 1 0 1 1 0 1 0 0 0 1 1 1 1 0 0 1 0 35365.0 30853.0 35040.0 0 0.215159909213884
1 0 1 1 1 0 1 1 1 0 1 1 1 1 0 1 1 1 1 0 1 0 0 1 1 0 0 1 0 1 1 1 1 1 0 1 1 0 0 0 0 1 1 1 1 1 1 0 1 1 0 0 0 1 0 0 0 1 1 1 1 0 1 1 0 0 0 1 0 1 0 0 1 0 1 1 1 1 1 1 1 0 1 1 0 1 1 0 1 0 1 0 1 1 1 1 1 0 1 0 35040.0 30969.0 34974.0 0 0.0715031226098065
1 0 1 1 1 0 1 1 1 0 1 1 1 1 0 1 1 1 1 0 1 0 0 1 1 0 0 1 0 1 1 1 1 1 0 1 1 0 0 0 0 1 1 1 1 1 1 0 1 1 0 1 0 1 0 0 0 1 1 1 1 0 1 1 0 0 0 1 0 1 0 0 1 0 1 1 1 1 1 1 1 0 1 1 0 1 1 0 1 0 1 0 1 1 1 1 0 0 1 0 35369.0 31030.0 34954.0 0 0.0888716314987367
1 0 1 1 1 0 1 1 1 0 1 1 1 1 0 1 1 1 0 0 0 1 0 1 1 1 0 1 0 1 1 1 1 1 0 1 1 0 0 0 0 1 1 1 1 1 1 0 1 1 0 1 0 1 0 0 0 1 1 1 1 0 1 1 0 0 0 1 0 1 0 0 1 0 1 1 1 1 1 1 1 0 1 1 0 1 1 0 1 0 0 0 1 1 1 1 0 0 1 0 35485.0 30996.0 34827.0 0 0.16329675295836732
1 0 1 0 1 0 1 1 1 0 1 0 1 1 0 1 1 1 0 0 0 1 1 0 1 1 0 1 0 1 1 1 1 1 0 1 1 1 0 0 0 1 1 1 1 1 1 0 1 1 1 1 0 1 0 0 0 1 1 1 1 1 1 1 0 0 0 1 0 1 0 0 1 0 1 1 1 1 1 1 1 0 1 1 0 1 1 0 1 0 0 0 1 1 1 1 0 0 1 0 35129.0 31267.0 34820.0 0 0.1503038328088777
1 0 1 1 1 0 1 1 1 1 1 0 1 1 0 1 1 1 1 0 0 1 1 0 1 0 0 0 0 1 1 1 0 1 0 1 1 0 0 0 0 1 1 1 1 1 1 1 1 1 0 1 0 1 0 0 0 1 1 1 1 0 1 1 0 0 1 1 0 1 0 0 1 0 1 1 1 1 1 1 1 0 1 1 0 1 1 0 1 0 0 0 1 1 1 1 0 0 1 0 35183.0 31788.0 34813.0 0 0.09660197688075849
0 0 1 1 1 0 1 1 1 1 1 0 1 1 0 1 1 1 0 0 0 1 0 1 1 1 0 1 0 1 1 1 1 1 0 1 1 0 0 0 0 1 1 1 1 1 1 0 1 1 0 1 0 1 0 0 0 1 1 1 1 0 1 1 0 0 0 1 0 1 0 0 1 1 1 1 1 1 1 1 1 0 1 0 0 1 1 0 1 0 0 0 1 1 1 1 0 0 1 0 36121.0 30376.0 34747.0 0 0.08145679371127915
1 0 1 0 1 0 1 1 1 0 1 1 1 1 0 1 1 1 1 0 1 1 1 0 1 0 0 1 0 1 1 1 1 1 1 1 1 0 0 0 0 1 1 0 1 1 1 0 1 1 0 1 1 1 0 0 0 1 1 1 1 0 1 1 0 0 0 1 0 1 0 0 1 0 1 1 1 1 1 1 1 0 1 1 0 1 1 0 1 0 0 0 1 1 1 1 0 0 1 0 35250.0 31078.0 34615.0 0 0.1475950313600513
0 0 1 1 1 0 1 1 1 0 1 1 1 1 0 1 1 1 1 0 0 1 1 0 1 0 0 0 0 1 1 1 0 1 0 1 1 0 0 0 0 1 1 1 1 1 1 1 1 1 0 1 0 1 0 0 0 1 1 1 1 0 1 1 0 0 1 1 0 1 0 0 1 0 1 1 1 1 1 1 1 0 1 1 0 1 1 0 1 0 0 1 0 1 1 1 0 0 1 0 34081.0 31900.0 34599.0 0 0.18541960668158117
1 0 1 0 1 0 1 1 1 1 1 0 1 1 0 1 1 1 1 0 0 1 0 1 1 1 0 1 0 1 1 1 0 1 0 1 1 0 0 0 0 1 1 0 1 1 1 0 1 1 0 1 0 1 0 0 0 1 1 1 1 0 1 1 0 0 0 1 0 1 0 0 1 1 1 1 1 1 1 1 1 0 1 1 0 1 1 0 1 0 0 0 1 1 1 1 0 0 1 0 36152.0 29861.0 34583.0 0 0.05149392604157997
0 0 1 1 1 0 1 1 1 0 1 0 1 1 0 1 1 1 1 0 0 1 1 0 1 0 0 0 0 1 1 1 0 1 0 1 1 0 0 0 0 1 1 1 1 1 1 1 1 1 0 1 0 1 0 0 0 1 1 1 1 0 1 1 0 0 1 1 0 1 0 0 1 0 1 1 1 1 1 1 1 0 1 1 0 1 1 0 1 0 0 1 1 1 1 1 0 0 1 0 34744.0 31790.0 34556.0 0 0.07752903300587265
1 0 1 1 1 0 1 1 1 0 1 0 1 1 0 1 1 1 0 1 1 1 0 0 1 1 0 1 0 1 1 1 1 1 0 1 1 0 0 0 0 1 1 1 1 1 1 0 1 1 0 1 0 1 0 0 0 1 1 1 1 0 1 1 0 0 0 1 0 1 0 0 1 0 1 1 1 1 1 1 1 0 1 1 0 1 1 0 1 0 0 0 1 1 1 1 0 0 1 0 36092.0 31466.0 34496.0 0 0.15410089173035843
1 0 1 1 1 0 1 1 1 0 1 1 1 1 0 1 1 1 0 0 0 1 0 1 1 1 0 1 0 1 1 1 1 1 0 1 1 0 0 0 0 1 1 1 1 1 1 0 1 1 0 1 0 1 0 0 0 1 1 1 1 0 1 1 0 0 0 1 0 1 0 0 1 0 1 1 1 1 1 1 1 1 0 0 0 1 1 0 1 0 1 0 1 1 1 1 0 0 1 1 36548.0 30331.0 34496.0 0 0.24992169056105346
1 0 1 1 1 0 1 1 1 0 1 0 1 1 0 1 1 1 0 0 0 1 0 1 1 1 0 1 0 1 1 1 0 1 0 1 1 0 0 0 0 1 1 0 1 1 1 0 1 1 0 1 0 1 0 0 0 1 1 1 1 0 1 1 0 0 1 1 0 1 0 0 1 1 1 1 1 1 1 1 1 0 1 1 0 1 1 0 1 0 0 0 1 1 1 1 0 0 1 0 36236.0 30395.0 34396.0 0 0.1696111747513499
0 0 1 1 1 0 1 1 1 0 1 1 1 1 0 1 1 1 1 0 0 1 1 0 1 0 0 0 0 1 1 1 0 1 0 1 1 0 0 0 0 1 1 1 1 1 1 1 1 1 0 1 0 1 0 0 0 1 1 1 1 0 1 1 0 0 1 1 0 1 0 0 1 0 1 1 1 1 1 1 1 0 1 1 0 1 1 0 1 0 1 0 1 1 1 1 0 0 1 0 34740.0 31905.0 34271.0 0 0.2397664782390298
1 0 1 1 1 0 1 1 1 0 1 1 1 1 0 1 1 1 0 0 0 1 0 1 1 1 0 1 0 1 1 1 0 1 0 1 0 0 0 0 0 1 1 1 1 1 1 1 1 1 0 1 0 1 0 0 0 1 1 1 1 0 1 1 0 0 0 1 0 1 0 0 1 1 1 1 1 1 1 1 1 0 1 1 0 1 1 0 1 0 0 0 1 1 1 1 0 0 1 0 35890.0 31637.0 34043.0 0 0.29795944281782155
0 0 1 1 1 0 1 1 1 0 1 0 1 1 0 1 1 1 1 0 0 1 1 0 1 1 0 1 0 1 1 1 1 1 0 1 1 0 0 0 0 1 1 1 1 1 1 0 1 1 0 1 0 1 0 0 0 1 1 1 1 0 1 1 0 0 0 1 0 1 0 1 1 1 0 1 1 1 1 1 1 0 0 1 0 1 1 0 1 0 0 0 1 1 1 1 0 0 1 0 35296.0 32118.0 33713.0 0 0.21512744307680884
1 0 1 1 1 0 1 1 1 0 1 1 1 1 0 1 1 1 1 0 1 0 0 1 1 0 0 1 0 1 1 1 1 1 0 1 1 0 0 0 0 1 1 1 1 1 1 0 1 1 0 1 0 1 0 0 0 1 1 1 1 0 1 1 0 0 0 1 0 1 0 0 1 1 1 1 1 1 1 1 1 0 0 0 0 1 1 0 1 0 0 0 1 1 1 1 0 0 1 1 36159.0 30711.0 33602.0 0 0.06463657182895424
0 0 1 1 1 0 1 1 1 1 1 0 1 1 0 1 1 1 0 0 0 1 0 1 1 1 0 1 0 1 1 1 0 1 0 1 1 0 0 0 0 1 1 1 1 1 1 0 1 1 0 1 0 1 0 0 0 1 1 1 1 0 1 1 0 0 0 1 0 1 0 0 1 1 1 1 1 1 1 1 1 0 0 1 0 1 1 0 1 0 0 0 1 1 0 1 0 0 1 1 36195.0 30669.0 33602.0 0 0.049207677413483676
1 0 1 1 1 1 1 1 1 1 1 0 1 1 0 1 1 1 0 0 0 1 0 1 1 1 0 1 0 1 1 1 0 1 0 1 1 0 0 0 0 1 1 0 1 1 1 1 1 1 0 1 0 1 0 0 0 1 1 1 1 0 1 1 0 0 0 1 0 1 0 0 1 1 1 1 1 1 1 1 1 0 0 1 0 1 1 0 0 0 0 0 1 1 1 1 0 0 1 0 36146.0 30957.0 33573.0 0 0.0679853654933502
1 0 1 1 1 0 1 1 1 0 1 0 1 1 0 1 1 1 1 0 0 1 1 0 1 0 0 0 1 1 1 1 0 1 0 1 1 0 0 0 0 1 1 1 1 1 1 1 1 1 0 1 0 1 0 0 0 1 1 1 1 0 1 1 0 0 0 1 0 1 0 0 1 0 1 1 1 1 1 1 1 0 1 1 0 1 1 0 1 0 0 0 1 1 1 1 0 0 1 0 35110.0 32150.0 33516.0 0 0.0775910070474751
0 0 1 1 1 0 1 1 1 1 1 0 1 1 0 1 1 1 0 0 0 1 0 0 1 1 1 0 1 1 1 1 0 1 0 1 1 0 0 0 0 1 1 0 1 1 1 0 1 1 0 0 1 1 0 1 0 0 1 1 1 1 1 1 0 0 0 1 0 1 0 0 1 1 1 1 1 1 1 1 1 0 0 1 0 1 1 0 1 0 0 0 1 1 1 1 0 0 1 0 36562.0 29671.0 33481.0 0 2000000000000000.0
0 0 1 1 1 0 1 1 1 0 0 1 1 1 0 1 1 1 1 0 0 1 1 0 1 0 0 0 1 1 1 1 0 1 0 1 1 0 0 0 0 1 1 1 1 1 1 0 1 1 0 1 0 1 0 1 0 1 1 0 0 0 1 1 0 0 0 1 0 1 0 0 1 0 1 1 1 1 1 1 1 0 1 1 0 1 1 0 1 0 1 0 1 1 1 1 1 0 1 0 33198.0 32542.0 32951.0 0 1000000000000000.1
0 0 1 1 1 0 1 1 1 0 1 1 1 1 0 1 1 1 1 0 0 1 1 0 1 0 0 0 0 1 1 1 0 1 0 1 1 0 0 0 0 1 1 1 1 1 1 0 1 1 0 1 0 1 0 1 0 1 1 0 0 0 1 1 0 0 0 1 0 1 0 0 1 1 1 1 1 1 1 1 1 0 1 1 0 1 1 0 1 0 0 0 1 1 1 1 0 1 1 0 33683.0 32576.0 32885.0 0 1000000000000000.2
0 0 1 1 1 0 1 1 1 0 0 0 1 1 0 1 1 1 1 0 0 1 1 0 1 0 0 0 1 1 1 1 0 1 0 1 1 0 0 0 0 1 1 1 1 1 1 0 1 1 0 1 0 1 0 1 0 1 1 0 0 0 1 1 0 0 0 1 0 1 0 1 1 1 1 1 1 1 1 1 1 0 1 1 0 1 1 0 1 0 0 0 1 1 1 1 0 0 0 1 33768.0 32208.0 32514.0 0 0.23795667249816138
0 0 1 1 1 0 1 1 1 1 1 0 1 1 0 1 1 1 1 0 0 1 1 0 1 0 0 0 1 1 1 1 0 1 0 1 1 0 0 0 0 1 1 1 1 1 1 0 1 1 0 1 0 1 0 1 0 1 1 0 0 0 1 1 0 0 0 1 0 1 0 1 1 1 0 1 1 1 1 1 1 0 0 1 0 1 1 0 1 0 0 0 1 1 1 1 0 0 1 0 33789.0 32380.0 32304.0 0 0.26938846077206163
0 0 1 1 1 0 1 1 1 0 1 0 1 1 0 1 1 1 0 0 0 1 1 0 1 0 0 0 1 1 1 1 0 1 0 1 1 0 0 0 0 1 1 1 1 1 1 0 1 1 0 1 0 1 0 1 0 1 1 0 0 0 1 1 0 0 0 1 0 1 1 1 1 1 1 1 1 1 1 1 1 0 1 1 0 1 0 0 1 0 0 0 1 1 1 1 0 0 1 0 33983.0 32404.0 31884.0 0 1000000000000000.1
1 0 1 1 1 1 1 1 1 1 1 1 0 1 0 0 1 0 1 0 1 0 0 1 1 1 0 1 0 1 1 1 1 1 0 1 1 0 0 0 0 1 1 1 1 1 1 0 1 1 0 1 1 1 0 0 0 1 1 0 1 0 1 1 0 0 0 1 0 1 0 0 1 0 1 1 1 1 1 1 1 0 1 1 0 1 1 1 1 0 0 0 1 1 1 1 0 0 1 0 34148.0 29030.0 36402.0 1 2000000000000000.0
0 0 1 1 1 0 1 1 1 1 1 0 1 1 0 1 1 1 0 0 0 1 0 1 1 1 0 1 0 1 1 1 1 1 0 1 1 0 0 0 0 1 1 1 1 1 1 0 1 1 0 1 1 1 0 0 0 1 1 0 1 0 1 1 0 0 0 1 0 1 0 0 1 0 1 1 1 1 0 1 1 0 1 1 0 0 1 1 1 0 0 0 1 1 1 1 0 0 1 0 33946.0 29684.0 36278.0 1 1000000000000000.1
0 0 1 1 1 0 1 1 1 1 1 0 1 1 0 1 1 1 0 0 0 1 0 1 1 1 0 1 0 1 1 1 1 1 0 1 1 0 0 0 0 1 1 1 1 1 1 0 1 1 0 1 0 1 0 0 0 1 1 1 1 1 1 1 0 0 0 1 0 1 0 0 1 0 1 1 1 1 1 1 1 0 1 1 0 1 1 0 1 0 0 0 0 1 1 1 0 0 1 0 35047.0 30402.0 36241.0 1 0.13314249407384915
0 0 1 1 1 0 1 1 1 1 1 0 1 1 0 1 1 1 1 0 0 1 0 1 1 1 0 1 0 1 1 1 1 1 0 1 1 0 0 0 0 1 1 1 1 1 1 0 1 1 0 1 1 1 0 0 0 1 1 0 1 0 1 1 0 0 0 1 0 1 0 0 1 0 1 1 1 1 1 1 1 0 1 0 0 1 1 0 1 0 0 0 1 1 1 1 0 0 1 1 35475.0 29965.0 36182.0 1 0.12994062914308924
0 0 1 1 1 0 1 1 1 1 1 0 1 1 0 1 1 1 0 0 0 1 0 1 1 1 0 1 0 1 1 1 1 1 0 1 1 0 0 0 0 1 1 1 1 1 1 0 1 1 0 1 0 1 0 0 0 1 1 1 1 0 1 1 0 0 0 1 0 1 0 0 1 0 1 1 1 1 1 1 1 0 1 1 0 1 1 0 1 0 0 1 0 1 1 1 0 0 1 0 34941.0 30614.0 36137.0 1 0.1346528053501139
0 0 1 1 1 0 1 1 1 1 1 0 1 1 0 1 1 1 1 0 0 1 0 1 1 1 0 1 0 1 1 1 1 1 0 1 1 0 0 0 0 1 1 0 1 1 1 0 1 1 0 1 0 1 0 0 0 1 1 1 1 0 1 1 0 0 0 1 0 1 0 0 1 0 1 1 1 1 1 1 1 0 1 1 0 1 1 0 1 0 0 0 1 1 1 1 0 0 1 0 35676.0 29801.0 35944.0 1 0.13102187381604635
1 0 1 1 1 0 1 1 1 1 1 0 1 1 0 1 1 1 0 0 0 1 0 1 1 1 0 1 0 1 1 1 0 1 0 1 1 0 0 0 0 1 1 1 1 1 1 0 1 1 0 1 0 1 0 0 0 1 1 1 1 0 1 1 0 0 0 1 0 1 0 0 1 0 1 1 1 1 1 1 1 0 1 1 0 1 1 1 1 0 0 0 0 1 1 1 0 0 1 0 35169.0 30415.0 35679.0 1 0.16639306649758107
0 0 1 1 1 0 1 1 1 1 1 0 1 1 0 1 1 1 0 0 0 1 0 1 1 1 0 1 0 1 1 1 1 1 0 1 1 0 0 0 0 1 1 1 1 1 1 0 1 1 0 1 0 1 0 0 0 1 1 1 1 0 1 1 0 0 0 1 0 1 0 0 1 0 1 1 1 1 1 1 1 0 1 0 0 1 1 1 1 0 0 0 1 1 1 1 0 0 1 0 35695.0 29725.0 35673.0 1 0.022904575735296497
1 0 1 1 1 0 1 1 1 1 1 0 1 1 0 1 1 1 1 0 0 1 0 1 1 1 0 1 0 1 1 1 1 1 0 1 1 0 0 0 0 1 1 1 1 1 1 0 1 0 0 1 0 1 0 0 0 1 1 1 1 0 1 1 0 0 0 1 0 1 0 0 1 0 1 1 1 1 1 1 1 0 1 0 0 1 1 0 1 0 0 0 1 1 1 1 0 0 1 1 35882.0 29144.0 35656.0 1 0.17398323495345194
1 0 1 0 1 0 1 1 1 1 1 0 1 1 0 1 1 1 1 0 0 1 0 1 1 1 0 1 0 1 1 1 1 1 0 1 1 0 0 0 0 1 1 1 1 1 1 0 1 1 0 1 0 1 0 0 0 1 1 1 1 0 1 1 0 0 0 1 0 1 0 0 1 0 1 1 1 1 1 1 1 0 1 0 0 1 1 0 1 0 0 0 1 1 1 1 0 0 1 1 36110.0 29339.0 35566.0 1 0.24718558917932482
1 0 1 1 1 0 1 1 1 0 1 0 1 1 0 1 1 1 0 0 0 1 0 1 1 1 0 1 0 1 1 1 1 1 0 1 1 0 0 0 0 1 1 1 1 1 1 0 1 1 0 1 0 1 0 0 0 1 1 1 1 0 1 1 0 0 0 1 0 1 0 0 1 0 1 1 1 1 1 1 1 0 1 1 0 1 1 0 1 0 0 1 0 1 1 1 0 0 1 0 34827.0 30656.0 35454.0 1 0.081636259289319
1 0 1 1 1 0 1 1 1 0 1 1 1 1 0 1 1 1 1 0 1 0 0 1 1 0 0 1 0 1 1 1 1 1 0 1 1 0 0 0 0 1 1 1 1 1 1 0 1 1 0 1 0 1 0 0 0 1 1 1 1 0 1 1 0 0 0 1 0 1 0 0 1 0 1 1 1 1 1 1 1 0 1 1 0 1 1 1 1 0 0 0 0 1 1 1 0 0 1 0 34680.0 30773.0 35424.0 1 0.06761101157783327
0 0 1 1 1 0 1 1 1 1 1 0 1 1 0 1 1 1 0 0 0 1 0 1 1 1 0 1 0 1 1 1 1 1 0 1 1 0 0 0 0 1 1 1 1 1 1 0 1 1 0 1 0 1 0 0 0 1 1 1 1 0 1 1 0 0 0 1 0 1 0 0 1 0 1 1 1 1 1 1 1 0 1 0 0 1 1 0 1 0 0 0 1 1 1 1 0 0 1 1 36014.0 29732.0 35406.0 1 0.03616343475760743
0 0 1 1 1 0 1 1 1 1 1 0 1 1 0 1 1 1 0 0 0 1 0 1 1 1 0 1 0 1 1 1 1 1 0 1 1 0 0 0 0 1 1 1 1 1 1 0 1 1 0 1 0 1 0 0 0 1 1 1 1 0 1 1 0 0 0 1 0 1 0 0 1 0 1 1 1 1 1 1 1 0 1 1 0 1 1 0 1 0 0 0 1 1 1 1 0 0 1 0 35448.0 30593.0 35396.0 1 0.08667936778881857
0 0 1 1 1 0 1 1 1 0 1 1 1 1 0 1 1 1 0 0 0 1 0 1 1 1 0 1 0 1 1 1 1 1 0 1 1 0 0 0 0 1 1 1 1 1 1 0 1 1 0 1 0 1 0 0 0 1 1 1 1 0 1 1 0 0 0 1 0 1 0 0 1 0 1 1 1 1 1 1 1 0 1 1 0 1 1 0 1 0 0 1 0 1 1 1 0 0 1 0 34662.0 30861.0 35375.0 1 0.06975715884776264
1 0 1 1 1 0 1 1 1 0 1 0 1 1 0 1 1 1 0 0 0 1 0 1 1 1 0 1 0 1 1 1 1 1 0 1 1 0 0 0 0 1 1 1 1 1 1 0 1 1 0 1 0 1 0 0 0 1 1 1 1 0 1 1 0 0 1 1 0 1 0 0 1 0 1 1 1 1 1 1 1 0 1 1 0 1 1 0 1 0 0 0 1 1 1 1 0 0 1 0 35628.0 30734.0 35369.0 1 0.16350058511298388
0 0 1 1 1 0 1 1 1 0 1 1 1 1 0 1 1 1 1 0 0 1 0 1 1 1 0 1 0 1 1 1 1 1 0 1 1 0 0 0 0 1 1 1 1 1 1 0 1 1 0 1 0 1 0 0 0 1 1 0 1 0 1 1 0 0 0 1 0 1 0 0 1 0 1 1 1 1 1 1 1 0 1 1 0 1 1 0 1 0 0 0 1 1 1 1 0 0 1 0 34559.0 30949.0 34930.0 1 0.2062758337939557
0 0 1 1 1 0 1 1 1 0 1 0 1 1 0 1 1 1 0 0 0 1 1 0 1 1 0 1 0 1 1 1 1 1 0 1 1 0 0 0 0 1 1 1 1 1 1 0 1 1 0 1 0 1 0 0 0 1 1 1 1 0 1 1 0 0 0 1 0 1 0 0 1 0 1 1 1 1 1 1 1 0 1 1 0 1 1 0 1 0 0 1 0 1 1 1 0 0 1 0 34185.0 31362.0 34854.0 1 0.08754302730637063
1 0 1 1 1 0 1 1 1 1 1 0 1 1 0 1 1 1 0 0 0 1 0 1 1 1 0 1 0 1 1 1 0 1 0 1 1 0 0 0 0 1 1 1 1 1 1 0 1 1 0 1 0 1 0 0 0 1 1 1 1 0 1 1 0 0 0 1 0 1 0 0 1 0 1 1 1 1 1 1 1 0 1 1 0 1 1 0 1 0 0 0 1 1 1 1 0 0 1 0 35706.0 30646.0 34796.0 1 0.06877016252432408
1 0 1 1 1 0 1 1 1 0 1 1 1 1 0 1 1 1 0 0 0 1 0 0 1 1 0 1 0 1 1 1 1 1 0 1 1 0 0 0 0 1 1 1 1 1 1 0 1 1 0 1 0 1 0 0 0 1 1 1 1 0 1 1 0 0 1 1 0 1 0 0 1 0 1 1 1 1 1 1 1 0 1 1 0 1 1 0 1 0 0 0 1 1 1 1 0 0 1 0 35244.0 31007.0 34771.0 1 0.09832463202631567
1 0 1 1 1 0 1 1 1 0 1 0 1 1 0 1 1 1 1 0 0 1 1 0 1 0 0 0 0 1 1 1 0 1 0 1 1 0 0 0 0 1 1 1 1 1 1 1 1 1 0 1 0 1 0 0 0 1 1 1 1 0 1 1 0 0 1 1 0 1 0 0 1 0 1 1 1 1 1 1 1 0 1 1 0 1 1 0 1 0 0 1 0 1 1 1 0 0 1 0 34246.0 31695.0 34678.0 1 0.11464281832852159
0 0 1 1 1 0 1 1 1 0 1 1 1 1 0 1 1 0 1 0 0 1 0 1 1 1 1 1 0 1 1 1 0 1 0 1 1 0 0 0 0 1 1 0 1 1 1 0 1 1 0 1 0 1 0 0 0 1 1 1 1 0 1 1 0 0 0 1 0 1 0 0 1 1 1 1 1 1 1 1 1 0 1 1 0 1 1 0 1 0 0 0 1 1 1 1 0 0 1 0 36054.0 29792.0 34664.0 1 0.04207058313885508
0 0 1 1 1 0 1 1 1 1 1 0 1 1 0 1 1 1 0 0 0 1 0 1 1 1 0 1 1 1 1 1 0 1 0 1 1 0 0 0 0 1 1 0 1 1 1 0 1 1 0 1 0 1 0 0 0 1 1 1 1 0 1 1 0 0 0 1 0 1 0 0 1 0 1 1 1 1 1 1 1 0 1 1 0 1 1 0 1 0 0 0 1 1 1 1 0 0 1 0 36004.0 30158.0 34630.0 1 0.09269778895221537
0 0 1 0 1 0 1 1 1 0 1 0 1 1 0 1 1 1 0 0 0 1 1 0 1 1 0 1 0 1 1 1 1 1 0 1 1 1 0 0 0 1 1 1 1 1 1 0 1 1 1 1 0 1 0 0 0 1 1 1 1 1 1 1 0 0 0 1 0 1 0 0 1 0 1 1 1 1 1 1 1 0 1 1 0 1 1 0 1 0 0 0 1 1 1 1 0 0 1 0 34813.0 31111.0 34627.0 1 0.06429194048534569
0 0 1 1 1 0 1 1 1 1 1 0 1 1 0 1 1 1 0 0 1 1 0 0 1 0 0 0 1 1 1 1 1 1 0 1 1 0 0 0 0 1 1 1 1 1 1 0 1 1 0 1 1 1 0 0 0 1 1 0 1 0 1 1 0 0 0 1 0 1 0 1 1 0 1 1 1 1 1 1 1 0 1 1 0 1 1 0 1 0 0 0 1 1 1 1 0 0 1 0 34886.0 31071.0 34593.0 1 0.0986946490620339
1 0 1 1 1 0 1 1 1 0 1 0 1 1 0 1 1 1 0 1 1 1 0 0 1 1 0 1 0 1 1 1 1 1 0 1 1 0 0 0 0 1 1 1 1 1 1 0 1 1 0 1 0 1 0 0 0 1 1 1 1 1 1 1 0 0 0 1 0 1 0 0 1 0 1 1 0 1 1 1 1 0 1 0 0 1 1 0 1 0 1 0 1 1 1 1 0 0 1 0 35854.0 30190.0 34471.0 1 0.08000039415762031
0 0 1 1 1 0 1 1 1 1 1 0 1 1 0 1 1 1 0 0 0 1 0 1 1 1 0 1 0 1 1 1 0 1 0 1 1 0 0 0 0 1 1 0 1 1 1 0 1 1 0 1 0 1 0 0 0 1 1 1 1 0 1 1 0 0 0 1 0 1 0 0 1 1 1 1 1 1 1 1 1 0 1 1 0 1 1 0 1 0 0 0 1 1 1 1 0 0 1 0 36056.0 30254.0 34423.0 1 0.0774239532731431
1 0 1 0 1 1 1 1 1 0 1 0 1 1 0 1 1 1 0 0 0 1 0 1 1 1 0 1 0 1 1 1 1 1 0 1 1 0 0 0 0 1 1 1 1 1 1 0 1 1 0 1 0 1 0 0 0 1 1 1 1 0 1 1 0 0 0 1 0 1 0 0 1 1 1 1 1 1 1 1 1 0 1 1 0 1 1 0 1 0 0 0 1 1 1 1 0 0 1 0 35606.0 30798.0 34396.0 1 0.09669658421480533
1 0 1 1 1 0 1 1 1 0 1 0 1 1 0 1 1 1 0 0 0 0 0 1 1 1 0 1 0 1 1 1 1 1 0 1 1 0 0 0 0 1 1 1 1 1 1 0 1 1 0 1 0 1 0 0 0 1 1 1 1 0 1 1 0 0 0 1 0 1 0 0 1 0 1 1 1 1 1 1 1 0 0 1 1 1 1 0 1 0 0 0 1 1 1 1 0 0 1 1 35296.0 30882.0 34370.0 1 0.05713848783106797
1 0 1 0 1 0 1 1 1 0 1 1 1 1 0 1 1 1 1 0 1 1 1 0 1 0 0 1 0 1 1 1 1 1 1 1 1 0 0 0 0 1 1 1 1 1 1 0 1 1 0 1 0 1 0 0 0 1 1 1 1 0 1 1 0 0 0 1 0 1 0 0 1 0 1 1 1 1 1 1 1 0 1 1 0 1 1 0 1 0 0 0 0 1 1 1 0 0 1 0 34402.0 31610.0 34272.0 1 0.09119780614291219
0 0 1 1 1 0 1 1 1 1 1 0 1 1 0 1 1 1 0 0 0 1 0 1 1 1 0 1 0 1 1 1 1 1 0 1 1 0 0 0 0 1 1 1 1 1 1 0 1 1 0 1 0 1 0 0 0 1 1 1 1 0 1 1 0 0 0 1 0 1 0 1 1 1 0 1 1 1 1 1 1 0 0 1 0 1 1 0 1 0 0 0 1 1 1 1 0 0 1 0 35787.0 31255.0 34240.0 1 0.06621412894525276
1 0 1 1 1 0 1 1 1 0 1 0 1 1 0 1 1 1 1 0 0 1 1 0 1 0 0 0 1 1 1 1 0 1 0 1 1 0 0 0 0 1 1 0 1 1 1 1 1 1 0 1 0 1 0 0 0 1 1 1 1 1 1 1 0 0 0 1 0 1 0 0 1 0 1 1 1 1 1 1 1 0 1 1 0 1 1 0 1 0 0 0 1 1 1 1 0 0 1 0 35486.0 31303.0 34224.0 1 0.07710744927672494
1 0 1 0 1 0 1 1 1 1 1 0 1 1 0 1 1 1 0 0 0 1 0 1 1 1 0 1 0 1 1 1 0 1 0 1 1 0 0 0 0 1 1 1 1 1 1 1 1 1 0 1 0 1 0 0 0 1 1 1 1 0 1 1 0 0 0 1 0 1 0 0 1 0 1 1 1 1 1 1 1 0 1 0 0 1 1 0 1 0 0 0 1 1 1 1 0 0 1 1 36338.0 29845.0 34184.0 1 0.12906578998338622
1 0 1 1 1 1 1 1 1 1 1 0 1 1 0 1 1 1 0 0 0 1 0 1 1 1 0 1 0 1 1 1 0 1 0 1 1 0 0 0 0 1 1 0 1 1 1 1 1 1 0 1 0 1 0 0 0 1 1 1 1 0 1 1 0 0 0 1 0 1 0 0 1 1 1 1 1 1 1 1 1 0 0 1 0 1 1 0 1 0 0 0 0 1 1 1 0 0 1 0 35836.0 30936.0 34179.0 1 0.049607084366276956
0 0 1 1 1 0 1 1 1 1 1 0 1 1 0 1 1 1 1 0 1 0 0 1 1 0 0 1 0 1 1 1 1 1 0 1 1 0 0 0 0 1 1 1 1 1 1 0 1 1 0 1 0 1 0 0 0 1 1 1 1 0 1 1 0 0 0 1 0 1 0 0 1 1 1 1 1 1 1 1 1 0 0 0 0 1 1 0 1 0 0 0 1 1 1 1 0 0 1 1 36122.0 30308.0 34171.0 1 0.12366658582417739
1 0 1 1 1 0 1 1 1 0 1 0 1 1 0 1 1 1 1 0 0 1 1 0 1 0 0 0 1 1 1 1 0 1 0 1 1 0 0 0 0 1 1 0 1 1 1 1 1 1 0 1 0 1 0 0 0 1 1 1 1 0 1 1 0 0 0 1 0 1 0 0 1 0 1 1 1 1 1 1 1 0 1 1 0 1 1 0 1 0 0 0 1 1 1 1 0 0 1 1 35669.0 31270.0 33995.0 1 0.08497374553554249
1 0 1 1 1 0 1 1 1 0 1 0 1 1 0 1 1 1 0 0 0 1 0 1 1 1 0 1 0 1 1 1 0 1 0 1 1 0 0 0 0 1 1 1 1 1 1 0 1 1 0 1 0 1 0 0 0 1 1 1 1 0 1 1 0 0 0 1 0 1 0 0 1 1 1 1 1 1 1 1 1 0 1 1 0 1 1 0 1 0 0 0 1 1 1 1 0 0 1 0 35979.0 31203.0 33948.0 1 0.10811527701861308
1 0 1 1 1 0 1 1 1 0 1 0 1 1 0 1 1 1 1 0 0 1 1 0 1 0 0 0 0 1 1 1 0 1 0 1 1 0 0 0 0 1 1 1 1 1 1 1 1 1 0 1 0 1 0 0 0 1 1 1 1 0 1 1 0 0 1 1 0 1 0 0 1 0 1 1 1 1 1 1 1 0 1 1 0 1 1 0 1 0 0 0 1 1 1 1 0 0 1 0 34753.0 31674.0 33937.0 1 0.0780719655653247
1 0 1 1 1 0 1 1 1 1 1 0 1 1 0 1 1 1 1 0 1 0 1 0 1 0 0 0 1 1 1 1 0 1 0 1 1 0 0 0 0 1 1 1 1 1 1 0 1 1 0 1 0 1 0 0 0 1 1 1 1 0 1 1 0 0 0 1 0 1 0 0 1 0 1 1 1 1 1 1 1 0 1 1 0 1 1 0 1 0 0 0 1 1 1 1 0 0 1 0 35301.0 31549.0 33904.0 1 0.1339468474289176
0 0 1 1 1 0 1 1 1 0 1 1 1 1 0 1 1 1 1 0 0 1 1 0 1 0 0 0 0 1 1 1 0 1 0 1 1 0 0 0 0 1 1 1 1 1 1 1 1 1 0 1 0 1 0 0 0 1 1 1 1 0 1 1 0 0 1 1 0 1 0 0 1 0 1 1 1 1 1 1 1 0 1 1 0 1 1 0 1 0 0 0 1 1 1 1 0 0 1 0 34588.0 31879.0 33858.0 1 0.17625602004711055
1 0 1 1 1 0 1 1 1 0 1 0 1 1 0 1 1 1 0 1 1 1 0 0 1 0 0 0 1 1 1 1 1 1 0 1 1 0 0 0 0 1 1 1 1 1 1 0 1 1 0 1 0 1 0 0 0 1 1 1 1 0 1 1 0 0 0 1 0 1 0 0 1 0 1 1 1 1 1 1 1 0 1 1 0 1 1 0 1 0 0 0 1 1 1 1 0 0 1 0 35436.0 31383.0 33576.0 1 0.19028507441931716
0 0 1 1 1 0 1 1 1 1 1 0 1 1 0 1 1 1 0 0 0 1 0 0 1 1 1 0 1 1 1 1 0 1 0 1 1 0 0 0 0 1 1 0 1 1 1 0 1 1 0 0 1 1 0 1 0 0 1 1 1 0 1 1 0 0 0 1 0 1 0 0 1 1 1 1 1 1 1 1 1 0 1 1 0 1 1 0 1 0 0 0 1 1 1 1 0 0 1 0 36476.0 29714.0 33542.0 1 1000000000000000.0
0 0 1 1 1 0 1 1 1 0 1 0 1 1 0 1 1 1 0 0 0 1 0 1 1 1 0 1 0 1 1 1 0 1 0 1 1 0 0 0 0 1 1 1 1 1 1 0 1 1 0 1 0 1 0 0 0 1 1 1 1 0 1 1 0 0 1 1 0 1 0 0 1 1 1 1 1 1 1 1 1 0 0 0 0 1 1 0 1 0 0 0 1 1 1 1 0 0 1 1 36196.0 30182.0 33444.0 1 0.13216426040798704
1 0 1 1 1 0 1 1 1 0 1 0 1 1 0 1 1 1 1 0 0 1 1 0 1 0 0 0 1 1 1 1 0 1 0 1 1 0 0 0 0 1 1 1 1 1 1 1 1 1 0 1 0 1 0 0 0 1 1 1 0 0 1 1 0 0 0 1 0 1 0 0 1 0 1 1 1 1 1 1 1 0 1 1 0 1 1 0 1 0 0 0 1 1 1 1 0 0 1 0 34307.0 32108.0 33381.0 1 1000000000000000.0
0 0 1 1 1 0 1 1 1 0 1 0 1 1 0 1 1 1 1 0 0 1 1 0 1 0 0 0 1 1 1 1 0 1 0 1 1 0 0 0 0 1 1 1 1 1 1 1 1 1 0 1 0 1 0 0 0 1 1 1 1 0 1 1 0 0 0 1 0 1 0 0 1 0 1 1 1 1 1 1 1 0 1 1 0 1 1 0 1 0 0 0 1 1 1 1 0 0 1 0 34794.0 31994.0 33323.0 1 0.11204747348284164
0 0 1 1 1 0 1 1 1 0 1 1 1 1 1 1 1 1 1 0 0 1 1 0 1 0 0 0 0 1 1 1 0 1 0 1 1 0 0 0 0 1 1 1 1 1 1 1 1 1 0 1 0 1 0 0 0 1 1 1 1 0 1 1 0 0 0 1 0 1 0 0 1 0 1 1 1 1 1 1 1 0 1 0 0 1 1 0 1 0 0 0 1 1 1 1 0 0 1 1 35474.0 31309.0 33213.0 1 0.06945535216566905
1 0 1 1 1 0 1 1 1 0 1 0 1 1 0 1 1 1 0 0 1 1 1 0 1 0 1 0 1 1 1 1 0 1 0 1 1 0 0 0 0 1 1 1 1 1 1 0 1 1 0 1 1 1 0 0 0 1 1 0 1 0 1 1 0 0 0 0 0 1 0 1 1 0 1 1 1 1 1 1 1 0 1 1 0 1 1 0 1 0 0 0 1 1 1 1 0 0 1 0 34866.0 31805.0 33096.0 1 0.10510073472011586
1 0 1 1 1 0 1 1 1 0 1 1 1 1 0 1 1 1 0 0 0 1 0 0 1 1 0 1 0 1 1 1 1 1 0 1 1 0 0 0 0 1 1 1 1 1 1 0 1 1 0 1 0 1 0 0 0 1 1 1 1 0 1 1 0 0 0 1 0 1 0 1 1 1 0 1 1 1 1 1 1 0 0 1 0 1 1 0 1 0 0 0 1 1 1 1 0 0 1 0 35289.0 31570.0 32959.0 1 0.09157131043095695
1 0 1 1 1 0 1 1 1 0 1 0 1 1 0 1 1 1 0 0 0 1 0 0 1 1 1 0 1 1 1 1 0 1 0 1 1 0 0 0 0 1 1 0 1 1 1 0 1 1 0 0 1 1 0 1 0 0 1 1 1 0 1 1 0 0 0 1 0 1 0 0 1 1 1 1 1 1 1 1 1 0 1 1 0 1 1 0 1 0 0 0 1 1 1 1 0 0 1 0 36362.0 29756.0 32859.0 1 0.10975291764765086
0 0 1 1 1 0 1 1 1 0 1 0 1 1 0 1 1 1 0 0 0 1 0 1 1 1 0 1 0 1 1 1 0 1 0 1 1 0 0 0 0 1 1 1 1 1 1 0 1 1 0 1 0 1 0 1 0 1 1 1 1 0 1 1 0 0 0 1 0 1 0 0 1 1 1 1 1 1 1 1 1 0 0 1 0 1 1 0 1 0 0 0 1 1 1 1 0 0 1 0 35791.0 31326.0 32801.0 1 0.11253592938073508
1 0 1 0 1 0 1 1 1 1 1 0 1 1 0 1 1 1 1 0 1 0 1 0 1 0 0 0 1 1 1 1 0 1 0 1 1 0 0 0 0 1 1 1 1 1 1 0 1 1 0 1 0 1 0 0 0 1 1 1 1 0 1 1 0 0 0 0 0 1 0 0 1 1 1 1 1 1 1 1 1 1 1 1 0 1 1 0 1 0 0 0 1 1 1 1 0 0 1 0 35250.0 31624.0 32523.0 1 0.16018868706689934
1 0 1 0 1 0 1 1 1 1 1 0 1 1 0 1 1 1 1 0 0 1 1 0 1 0 0 0 1 1 1 1 0 1 0 1 1 0 0 0 0 1 1 1 1 1 1 0 1 1 0 1 0 1 0 1 0 1 1 0 0 0 1 1 0 0 0 1 0 1 0 1 1 1 1 1 1 1 1 1 1 0 0 1 0 1 1 0 1 0 0 0 1 1 1 1 0 0 1 0 34419.0 32034.0 32263.0 1 0.2222840547413955
1 0 1 1 1 0 1 1 1 0 1 1 1 1 0 1 1 1 0 0 0 1 0 1 1 1 0 1 0 1 1 1 0 1 0 1 1 0 0 0 0 1 1 1 1 1 1 1 1 1 0 1 0 1 0 0 0 1 1 1 1 0 1 1 0 0 0 1 0 1 0 0 1 1 1 1 1 1 1 0 1 0 0 1 0 1 1 0 0 0 0 0 1 1 1 1 0 0 1 0 35135.0 31804.0 31978.0 1 1000000000000000.1
1 0 1 1 1 0 1 1 1 0 1 0 1 1 0 1 1 1 1 0 1 0 0 1 1 1 0 0 1 1 1 1 0 1 0 0 1 0 0 0 1 1 1 0 1 1 1 0 1 1 0 1 0 1 0 0 0 1 1 1 1 0 1 1 0 0 0 1 0 1 0 0 1 1 1 1 1 1 1 1 1 0 0 1 0 1 1 0 1 0 0 0 1 1 1 1 0 0 1 0 36398.0 29516.0 32331.0 2 2000000000000000.0
0 0 1 1 1 1 1 1 1 1 1 1 0 1 0 0 1 0 1 0 1 0 0 1 1 1 0 1 0 1 1 1 1 1 0 1 1 0 0 0 0 1 1 1 1 1 1 0 1 1 0 1 1 1 0 0 0 1 1 0 1 0 1 1 0 0 0 1 0 1 0 0 1 0 1 1 1 1 1 1 1 0 1 1 0 1 1 1 1 0 0 0 1 1 1 1 0 0 1 0 33832.0 28874.0 36209.0 2 1000000000000000.4
0 0 1 1 1 0 1 1 1 0 1 0 0 1 0 1 1 0 1 0 0 1 0 1 1 1 1 1 0 1 1 1 1 1 0 1 1 0 0 0 0 1 1 1 1 1 1 0 1 1 0 1 0 1 0 0 0 1 1 1 1 0 1 1 0 0 0 1 0 1 0 0 1 0 1 1 1 1 1 1 1 0 1 0 0 1 1 0 1 0 1 0 1 1 1 1 0 0 1 1 35426.0 28149.0 35798.0 2 1000000000000000.1
0 0 1 1 1 0 1 1 1 0 1 0 1 1 0 1 1 1 1 0 0 1 1 0 1 0 0 0 0 1 1 1 0 1 0 1 1 0 0 0 0 1 1 1 1 1 1 1 1 1 0 1 0 1 0 0 0 1 1 1 1 0 1 1 0 0 1 1 0 1 0 0 1 0 1 1 1 1 1 1 1 0 1 1 1 1 1 0 0 0 0 0 0 1 1 1 0 0 1 0 33171.0 31626.0 33725.0 2 1000000000000000.1
0 0 1 1 0 0 1 1 1 1 1 0 1 1 0 1 1 1 1 0 0 1 1 0 1 0 0 0 1 1 1 1 0 1 0 1 1 0 0 0 0 1 1 1 1 1 1 0 1 1 0 1 0 1 0 1 0 1 1 0 0 0 1 1 0 0 0 1 0 1 0 0 1 1 1 1 1 1 1 1 1 0 1 1 0 1 1 0 1 0 0 0 1 1 1 1 0 1 1 0 34237.0 32051.0 32945.0 2 1000000000000000.0
1 0 1 0 1 0 1 1 1 0 1 0 1 1 0 1 1 1 1 0 1 0 0 1 1 1 0 0 1 1 1 1 0 1 0 1 1 0 0 0 0 1 1 0 1 1 1 0 1 1 0 1 1 1 0 0 0 1 1 1 1 0 1 1 0 0 0 1 0 1 0 0 1 0 1 1 1 1 1 1 1 0 0 1 0 1 1 0 1 1 0 0 1 1 1 1 0 0 1 1 36261.0 29358.0 33504.0 2 0.3551470770600124
1 0 1 0 1 0 1 1 1 1 1 0 1 1 0 1 1 1 0 0 0 1 0 1 1 1 0 1 0 1 1 1 0 1 0 1 1 0 0 0 0 1 1 1 1 1 1 1 1 1 0 1 0 1 0 0 0 1 1 1 1 0 1 1 0 0 0 1 0 1 0 0 1 0 1 1 1 1 1 1 1 0 1 1 0 1 1 0 1 0 0 0 1 1 1 1 0 0 1 0 35772.0 30706.0 34174.0 2 0.31838515096426084
0 0 1 1 1 0 1 1 1 0 1 0 1 1 0 1 1 1 0 0 1 1 1 0 1 0 1 0 1 1 1 1 0 1 0 1 1 0 0 0 0 1 1 1 1 1 1 0 1 1 0 1 1 1 0 0 0 1 1 0 1 0 1 1 0 0 0 0 0 1 0 1 1 0 1 1 1 1 1 1 1 0 1 1 0 1 1 0 1 0 0 0 1 1 1 1 0 0 1 0 34550.0 31649.0 32903.0 2 0.2988558438441471
0 1 1 1 1 0 1 1 1 1 1 0 1 1 0 1 1 1 1 0 0 1 0 0 1 1 0 1 0 1 1 1 1 1 0 1 1 0 0 0 0 1 1 1 1 1 1 0 1 1 0 1 1 1 0 0 0 1 1 0 1 0 1 1 0 0 0 1 0 1 0 0 1 0 1 1 1 1 1 1 1 0 1 0 0 1 1 1 1 0 0 0 1 1 1 1 0 0 1 0 34906.0 30020.0 36004.0 2 0.2930009015716261
1 0 1 1 1 0 1 1 1 0 1 0 1 1 0 1 1 1 1 0 0 1 1 0 1 0 0 0 0 1 1 1 0 1 0 1 1 0 0 0 0 1 1 1 1 1 1 0 1 1 0 1 0 1 0 0 0 1 1 1 1 0 1 1 0 0 0 1 0 1 0 0 1 0 1 1 1 1 1 1 1 0 0 1 1 1 1 0 0 1 0 0 1 1 1 1 0 0 1 1 34126.0 31326.0 33031.0 2 0.2506980238627005
0 0 1 1 1 0 1 1 1 1 1 0 1 1 0 1 1 1 1 0 0 1 0 1 1 1 0 0 0 1 1 1 1 1 0 1 1 0 0 0 0 1 1 1 1 1 1 0 1 1 1 1 1 1 0 0 0 1 1 0 1 0 1 1 0 0 0 1 0 1 0 0 1 0 1 1 1 1 1 1 1 0 1 0 0 1 1 0 1 0 0 0 1 1 1 1 0 0 1 1 35185.0 29790.0 35949.0 2 0.2220801844239839
0 0 1 1 1 1 1 1 1 0 1 0 1 1 0 1 1 1 1 0 1 0 0 1 1 0 0 1 0 1 1 1 1 1 0 1 1 0 0 0 0 1 1 1 1 1 1 0 1 1 0 1 0 1 0 0 0 1 1 1 1 0 1 1 0 0 0 1 0 1 0 0 1 0 1 1 1 1 1 1 1 0 1 1 0 1 1 1 1 0 0 0 0 1 1 1 0 0 1 0 34267.0 30412.0 35561.0 2 0.21347319640529566
1 0 1 1 1 0 1 1 1 0 1 1 1 1 0 1 1 1 1 0 1 0 0 1 1 0 0 1 0 1 1 1 1 1 0 1 1 0 0 0 0 1 1 1 1 1 1 0 1 1 0 1 1 1 0 0 0 1 1 1 1 0 1 1 0 0 0 0 0 1 0 0 1 0 1 1 1 1 1 1 1 0 1 1 1 1 1 0 1 0 0 0 0 1 1 1 0 0 1 0 33585.0 31261.0 34836.0 2 0.21069388681336065
