1 0 1 1 1 0 1 0 1 1 1 0 1 1 0 1 0 1 0 0 1 0 1 1 0 0 1 1 1 1 1 1 0 1 0 1 1 0 0 0 0 1 0 1 1 1 1 1 0 1 0 1 0 1 0 0 0 0 1 1 1 0 1 1 1 0 0 0 1 1 0 0 1 1 0 1 1 1 1 0 1 0 0 1 0 0 1 0 0 1 0 0 1 1 1 1 0 0 1 0 32380.0 31196.0 0 2000000000000000.0
1 0 1 1 1 0 0 1 1 1 1 0 1 1 0 1 0 1 1 0 1 0 1 0 0 0 1 1 0 1 1 1 0 1 0 1 1 0 0 0 0 1 0 1 1 1 1 1 0 1 0 1 0 1 0 1 0 0 1 1 0 0 1 1 0 0 0 1 0 1 0 0 1 1 0 1 1 1 1 1 1 1 1 1 0 0 0 1 0 1 0 0 1 1 1 1 0 0 1 0 33497.0 30791.0 0 0.7101751959667728
1 0 1 1 1 0 0 1 1 1 1 0 1 1 0 1 0 1 1 0 1 0 1 0 0 0 1 1 0 1 1 1 0 1 0 1 1 0 0 0 0 1 0 1 1 1 1 1 0 1 0 1 0 0 0 1 0 0 1 1 0 0 1 1 0 0 0 1 0 1 0 0 1 1 0 1 1 1 1 1 1 0 1 1 0 0 1 0 1 1 0 0 1 1 1 1 0 0 1 1 33752.0 30707.0 0 0.41607976277746817
1 0 1 1 1 0 1 0 1 1 1 0 1 1 0 1 0 1 1 0 1 0 1 0 0 0 1 1 0 1 1 1 0 1 0 1 1 0 0 0 0 1 0 0 1 1 1 1 1 1 0 1 0 0 0 1 0 0 1 1 0 0 1 1 0 0 0 1 0 1 0 0 1 1 0 1 1 1 1 1 1 1 1 1 0 1 0 1 0 1 0 0 1 1 1 1 0 0 1 0 34096.0 30375.0 0 0.6398141456575045
1 0 1 1 1 0 1 0 1 1 1 0 1 1 0 1 0 1 0 0 1 0 1 0 0 0 0 1 1 1 0 1 1 1 0 1 1 0 0 0 0 1 0 0 1 1 1 1 1 0 0 1 0 1 0 1 0 0 1 1 0 0 1 1 0 0 0 1 0 1 0 0 1 1 1 1 1 0 1 1 1 1 0 0 0 0 1 0 1 1 0 0 1 1 1 1 1 0 1 1 34138.0 29729.0 0 0.5900890970882426
1 0 1 1 1 0 1 0 1 1 1 0 1 1 1 0 0 1 1 0 0 0 1 0 0 1 1 1 0 1 1 1 0 1 0 1 1 0 0 0 0 1 1 1 1 1 1 1 1 0 0 1 0 1 0 1 0 0 1 1 1 0 1 1 0 0 0 1 0 1 0 1 1 1 1 1 1 0 1 0 1 0 0 1 0 0 1 0 0 0 1 0 1 1 1 1 0 0 1 0 34520.0 29516.0 0 0.6500106583756375
1 0 1 1 1 0 0 1 1 1 1 0 1 1 0 1 0 1 1 0 1 0 0 0 0 0 1 1 1 1 1 1 1 1 0 1 0 0 0 0 0 1 0 1 1 1 1 1 0 1 0 1 0 1 0 1 0 0 1 1 1 0 1 1 0 0 0 1 0 1 0 1 1 1 1 1 1 0 1 1 1 0 0 0 0 0 0 0 1 1 0 0 1 1 1 1 1 0 1 1 35401.0 29286.0 0 2000000000000000.0
1 0 1 1 1 0 1 0 1 1 1 0 1 1 0 1 0 1 0 0 1 0 1 1 0 0 1 1 1 1 1 1 0 1 0 1 1 0 0 0 0 1 0 1 1 1 1 1 0 1 0 1 0 1 0 0 0 0 1 1 1 0 1 1 1 0 0 0 1 1 0 0 1 1 0 1 1 1 1 0 1 0 0 1 0 0 0 0 0 0 0 1 1 1 1 1 0 0 1 0 31802.0 31007.0 1 2000000000000000.0
1 0 1 1 1 0 0 1 1 1 1 0 1 1 0 1 0 1 1 0 1 0 1 0 0 0 1 1 0 1 1 1 0 1 0 1 1 0 1 0 0 1 1 1 1 1 1 1 0 1 0 1 0 1 0 0 0 1 1 0 0 1 0 0 0 1 1 1 0 1 0 0 1 1 0 1 1 0 1 1 1 0 0 1 0 0 1 0 1 1 0 0 1 1 1 1 1 0 1 0 32105.0 30981.0 1 0.21548412234559902
1 0 1 1 1 0 0 0 1 1 1 0 1 1 0 1 0 1 1 0 1 0 1 1 1 0 1 1 1 1 1 1 0 1 0 1 1 0 0 0 0 1 0 1 1 1 1 1 0 1 0 1 0 1 0 0 0 0 1 1 1 0 1 1 1 0 0 0 1 1 0 0 1 1 0 1 1 1 1 0 1 0 0 1 0 0 1 0 0 0 1 0 1 1 1 1 0 0 1 0 32210.0 30789.0 1 0.2606838106370448
1 0 1 1 1 0 0 1 1 1 1 0 1 1 0 1 0 1 1 0 1 0 1 0 0 0 1 1 0 1 1 1 0 1 0 1 1 0 0 0 0 1 0 1 1 1 1 1 0 1 0 1 0 1 0 0 0 1 1 0 0 0 1 1 0 0 0 1 0 1 0 1 1 1 0 1 1 0 1 0 1 0 0 1 0 0 1 0 1 1 0 0 1 1 1 1 1 0 1 1 32590.0 30712.0 1 0.4429982466393785
1 0 1 1 1 0 1 1 1 1 1 0 1 1 1 0 0 1 1 0 0 0 0 0 0 1 1 1 0 1 1 1 0 1 0 1 1 0 0 0 0 1 1 1 1 1 1 1 1 1 0 1 0 1 1 0 0 0 1 1 1 0 1 1 1 0 0 0 1 1 0 0 1 1 0 1 1 1 1 0 1 0 0 1 0 0 0 0 0 0 0 1 1 1 1 1 0 0 1 0 33565.0 30658.0 1 0.4737151763101336
1 0 1 1 1 0 1 0 1 1 1 0 1 1 0 1 0 1 0 0 1 0 1 0 0 0 1 1 1 1 1 1 0 1 0 1 1 0 0 0 0 1 0 1 1 1 1 1 0 1 0 1 0 1 0 0 1 0 1 1 0 0 1 1 0 0 0 1 0 1 0 1 1 1 0 1 1 0 1 0 1 0 0 1 0 1 1 0 1 1 0 0 1 1 0 1 0 0 1 1 33668.0 30344.0 1 0.4242041691018723
1 0 1 1 1 0 1 0 1 1 1 0 1 1 0 1 0 1 1 0 1 0 1 0 0 0 1 1 0 1 1 1 0 1 0 1 1 0 0 0 0 1 0 0 1 1 1 1 1 1 0 1 0 0 0 1 0 0 1 1 0 0 1 1 0 0 0 1 0 1 0 0 1 1 0 1 1 1 1 1 1 1 1 1 0 1 0 1 0 1 0 0 1 1 0 1 0 0 1 0 33929.0 29959.0 1 0.5616793298265887
1 0 1 1 1 0 0 1 1 1 1 0 1 1 0 1 0 1 1 0 1 0 1 0 0 0 1 1 0 1 1 1 0 1 0 1 1 0 0 0 0 1 1 0 0 1 1 1 1 1 1 1 0 0 0 1 0 1 1 0 0 1 1 0 0 0 1 1 0 0 0 0 1 1 1 1 1 0 1 1 1 0 0 0 0 1 1 0 1 1 0 0 1 1 1 1 1 0 1 1 34102.0 29389.0 1 0.6878414182738888
1 0 1 1 1 0 0 1 1 1 1 0 1 1 0 1 0 1 0 0 1 0 1 0 0 0 1 1 0 1 1 1 0 1 0 1 1 0 0 0 0 1 0 0 1 1 1 1 1 0 0 1 0 1 0 1 0 0 1 1 0 0 1 1 0 0 0 1 0 1 0 0 1 1 1 1 1 0 1 1 1 1 0 0 0 0 1 0 1 1 0 0 1 1 1 1 1 0 1 1 35210.0 29250.0 1 0.6063744398986731
1 0 1 1 1 0 1 0 1 1 1 0 1 1 1 0 0 1 1 0 0 0 0 0 0 1 1 1 0 1 1 1 0 1 0 1 1 0 0 0 0 1 1 1 1 1 1 1 1 0 0 1 0 1 0 1 0 0 1 1 0 0 1 1 0 0 0 1 0 1 0 1 1 1 1 1 1 0 1 1 1 0 0 0 0 0 0 0 1 1 0 0 1 1 1 1 1 0 1 1 35342.0 28832.0 1 2000000000000000.0
1 0 1 1 1 0 0 1 1 1 1 0 1 1 0 1 0 1 1 0 1 1 1 0 0 0 1 1 0 1 1 1 0 1 0 1 0 1 1 0 0 1 0 1 1 1 1 1 1 1 0 1 0 1 0 0 0 0 1 1 1 0 1 0 1 0 0 0 1 1 0 0 1 1 0 1 1 1 1 0 1 0 0 1 0 0 0 0 0 0 1 0 1 1 1 1 0 0 1 0 31201.0 30959.0 2 2000000000000000.0
1 0 1 1 1 0 0 1 1 0 1 0 1 1 0 1 0 1 1 0 1 0 1 1 0 0 1 1 0 1 1 1 0 1 0 1 1 0 0 0 0 1 0 1 1 1 1 1 1 1 0 1 0 1 0 0 0 0 1 1 1 0 1 0 1 0 0 0 1 1 0 0 1 1 0 1 1 1 1 0 1 0 0 1 0 0 0 0 0 1 0 0 1 1 1 1 0 0 1 0 31562.0 30897.0 2 0.14234861879721328
1 0 1 1 1 0 0 0 1 1 1 0 1 1 0 1 0 1 0 0 1 0 1 0 0 0 0 1 1 1 1 1 1 1 0 1 1 1 0 0 0 1 1 0 0 1 1 1 1 1 1 1 0 0 0 1 0 1 1 0 0 1 1 0 0 0 1 1 0 1 0 0 1 1 0 1 1 1 1 0 1 0 0 1 0 1 1 0 1 1 0 1 1 1 1 1 0 0 1 0 31599.0 30798.0 2 0.11106333424090148
1 0 1 1 1 0 1 0 1 1 1 0 1 1 0 1 0 1 0 0 1 0 1 0 0 0 0 1 1 1 0 1 1 1 0 1 1 1 1 0 0 1 0 0 1 1 1 1 0 1 0 1 0 1 0 0 0 0 1 0 0 1 1 0 0 1 1 1 0 1 0 0 1 1 0 1 1 1 1 1 1 1 1 1 0 1 0 1 0 1 0 0 1 1 1 1 0 0 1 0 31831.0 30731.0 2 0.11960359922976438
1 0 1 1 1 0 0 0 1 1 1 0 1 1 0 1 0 1 0 0 1 0 1 1 1 0 1 1 1 1 1 1 0 1 0 1 1 0 0 0 0 1 0 1 1 1 1 1 0 1 0 1 0 1 0 0 0 0 1 1 1 0 1 1 1 0 0 0 1 1 0 0 1 1 0 1 1 1 1 0 1 0 0 1 0 0 1 0 0 0 1 0 1 1 1 1 0 0 1 0 31945.0 30674.0 2 0.4212498236797194
1 0 1 1 1 0 0 1 1 1 1 0 1 1 0 1 0 1 1 0 1 0 1 0 0 0 1 1 0 1 1 1 0 1 0 1 1 0 0 0 0 1 0 1 1 1 1 1 0 1 0 1 0 1 0 0 0 1 1 0 0 0 1 1 0 0 0 1 0 1 0 1 1 1 0 1 1 0 1 1 1 0 0 0 1 0 1 0 1 1 0 0 1 1 1 1 1 0 1 1 33327.0 30564.0 2 0.5220121833205811
1 0 1 1 0 0 1 0 1 1 1 0 1 1 0 1 0 1 0 0 1 0 1 0 0 0 1 1 1 1 1 1 0 1 0 1 1 0 0 0 0 1 0 1 1 1 1 1 0 1 0 1 0 1 0 0 1 0 1 1 1 0 1 1 1 0 0 0 1 1 0 0 1 1 0 1 1 0 1 1 1 0 0 0 0 0 1 0 1 1 0 0 1 1 1 1 1 0 1 1 33516.0 30192.0 2 0.27535478918655787
1 0 1 1 1 0 0 0 1 1 1 0 1 1 0 1 0 1 1 0 1 0 1 0 0 0 1 1 0 1 1 1 0 1 0 1 1 0 0 0 0 1 0 0 1 1 1 1 1 1 0 1 0 0 0 1 0 0 1 1 0 0 1 1 0 0 0 1 0 1 0 0 1 1 0 1 1 1 1 1 1 0 1 1 0 0 1 0 1 1 0 0 1 1 1 1 0 0 1 1 33686.0 29853.0 2 0.2648678828118013
1 0 1 1 1 0 0 1 1 1 1 0 1 1 0 1 0 1 1 0 1 0 1 0 0 0 1 1 0 1 1 1 1 1 0 1 1 1 0 0 0 1 1 0 0 1 1 1 1 1 1 1 0 0 0 1 0 1 1 0 0 1 1 0 0 0 1 1 0 0 0 0 1 1 1 1 1 0 1 1 1 0 0 0 0 0 1 0 1 1 0 0 1 1 1 1 1 0 1 1 33707.0 29358.0 2 0.24580876057510942
1 0 1 1 1 0 1 0 1 1 1 0 1 1 1 0 0 1 1 0 0 0 1 0 0 1 1 1 0 1 1 1 0 1 0 1 1 0 0 0 0 1 1 1 1 1 1 1 1 0 0 1 0 1 0 1 0 0 1 1 1 0 1 1 0 0 0 1 0 1 0 1 1 1 1 1 1 0 1 0 1 0 0 1 0 0 0 0 0 0 1 0 1 1 1 1 0 0 1 0 34036.0 29247.0 2 0.2546672221438511
1 0 1 1 1 0 0 1 1 1 1 0 1 1 0 1 0 1 1 0 1 0 0 0 0 0 1 1 1 1 1 1 1 1 0 1 0 0 0 0 0 1 0 1 1 1 1 1 0 1 0 1 0 1 0 1 0 0 1 1 0 0 1 1 0 0 0 1 0 1 0 1 1 1 1 1 1 0 1 1 1 0 0 0 0 0 0 0 1 1 0 0 1 1 1 1 1 0 1 1 34598.0 29244.0 2 0.31276578435456137
1 0 1 1 1 0 0 0 1 0 1 0 1 1 0 1 0 1 1 0 1 0 1 0 0 0 1 1 0 1 1 1 0 1 0 1 1 0 0 0 0 1 0 0 1 1 1 1 1 0 0 1 0 1 0 1 0 0 1 1 0 0 1 1 0 0 1 1 0 1 0 1 1 1 1 1 1 0 1 1 1 1 0 1 0 1 0 0 1 1 0 0 1 1 1 1 0 0 1 1 34866.0 28850.0 2 0.5072336251775375
1 0 1 1 1 0 0 1 1 1 1 0 1 1 0 0 0 1 0 0 1 0 1 1 0 0 1 0 0 1 1 1 0 1 0 1 1 0 0 0 0 1 1 0 0 1 1 1 1 0 0 1 0 0 0 0 0 0 1 1 1 0 1 1 1 0 0 1 0 1 0 0 1 1 1 1 1 0 1 1 1 1 0 0 0 0 1 0 1 1 0 0 1 1 1 1 1 0 1 1 35003.0 27685.0 2 0.3451038731412475
1 0 1 1 1 0 1 0 1 1 1 0 1 1 1 0 0 1 1 0 0 0 0 0 0 1 1 0 1 1 0 1 0 1 0 1 1 0 0 0 0 1 0 0 1 1 1 1 1 0 0 1 0 1 0 1 0 0 1 1 0 0 1 1 0 0 0 1 0 1 0 1 1 1 1 1 1 0 1 1 1 0 0 0 0 0 1 0 1 1 0 0 1 1 1 1 1 0 1 1 35024.0 27675.0 2 0.1892668685192001
1 0 1 1 1 0 1 0 1 1 1 0 1 1 0 1 0 1 1 0 1 0 0 0 0 1 1 0 1 1 0 1 0 1 0 1 1 1 0 0 0 1 0 0 0 1 1 1 1 0 0 0 0 1 0 1 0 0 1 1 0 0 1 1 0 0 1 1 0 1 0 1 1 1 1 1 1 0 1 1 1 1 0 1 0 1 0 0 1 1 0 0 1 1 1 1 0 0 1 1 35160.0 27109.0 2 2000000000000000.0
1 0 1 1 1 0 1 0 1 1 1 0 1 1 0 1 0 1 0 0 1 0 1 0 0 0 0 1 1 1 0 1 1 1 0 1 1 1 1 0 0 1 0 0 1 1 1 1 0 1 0 1 0 1 0 0 0 0 1 1 0 1 1 0 0 1 1 1 0 1 0 0 1 1 0 1 1 1 1 1 1 0 1 1 1 0 0 0 0 1 0 0 1 1 1 1 0 0 1 0 31335.0 30892.0 3 2000000000000000.0
1 0 1 1 1 0 0 1 1 1 1 0 1 1 0 1 0 1 1 0 1 0 1 1 0 0 1 1 1 1 1 1 1 1 0 1 1 1 0 0 0 1 0 1 1 1 1 1 0 1 0 1 0 1 0 0 0 0 1 1 1 0 1 0 1 0 0 0 1 1 0 0 1 1 0 1 1 1 1 0 1 0 0 1 0 0 0 0 0 0 1 0 1 1 1 1 0 0 1 0 31531.0 30852.0 3 0.22160253002967617
1 0 1 1 1 0 0 0 1 1 1 0 1 1 0 1 0 1 1 0 1 0 1 1 0 0 1 1 1 1 1 1 0 1 0 1 1 0 0 0 0 1 0 1 1 1 1 1 0 1 0 1 0 1 0 0 0 0 1 1 1 0 1 1 1 0 0 0 1 1 0 0 1 1 0 1 1 1 1 0 1 0 0 1 0 0 1 0 0 0 1 0 1 1 1 1 0 0 1 0 31825.0 30531.0 3 0.2536382788552805
1 0 1 1 1 0 1 0 1 1 1 0 1 1 0 1 0 1 0 0 1 0 1 0 0 0 0 1 1 1 0 1 1 1 0 1 1 1 1 0 0 1 0 0 1 1 1 1 0 1 0 1 0 0 0 1 0 0 1 1 0 0 1 1 0 0 0 1 0 1 0 0 1 1 0 1 1 1 1 1 1 1 1 1 0 0 0 1 0 1 0 0 1 1 1 1 0 0 1 0 32168.0 30518.0 3 0.3387347317894591
1 0 1 1 1 0 0 1 1 1 1 0 1 1 0 1 0 1 1 0 1 0 1 0 0 0 1 1 0 1 1 1 0 1 0 1 1 0 0 0 0 1 0 1 1 1 1 1 0 1 0 1 0 1 0 0 0 1 1 1 0 0 1 1 0 0 0 1 0 1 0 0 1 1 0 1 1 1 1 1 1 1 1 1 0 0 0 1 0 1 0 0 1 1 1 1 0 0 1 0 33073.0 30498.0 3 0.3067191986190739
1 0 1 1 1 0 0 0 1 1 1 0 1 1 0 1 0 1 1 0 1 0 1 0 0 0 1 1 0 1 1 1 0 1 0 1 1 0 0 0 0 1 0 0 1 1 1 1 1 1 0 1 0 0 0 1 0 0 1 0 0 0 1 1 0 0 0 1 0 1 0 0 1 1 0 1 1 1 1 1 1 1 1 1 0 1 0 1 1 1 0 0 1 1 0 1 1 0 1 0 33271.0 30460.0 3 0.21859673164067545
1 0 1 1 0 0 1 0 1 1 1 0 1 1 0 1 0 1 0 0 1 0 1 0 0 0 1 1 1 1 1 1 0 1 0 1 1 0 0 0 0 1 0 0 1 1 1 1 1 1 0 1 0 0 0 1 0 0 1 1 0 0 1 1 0 0 0 1 0 1 0 0 1 1 0 0 1 1 1 1 1 0 1 1 0 0 1 0 1 1 0 0 1 1 1 1 0 0 1 1 33316.0 29892.0 3 0.1806550465283475
1 0 1 1 1 0 0 0 1 1 1 0 1 1 0 1 0 1 1 0 1 0 1 0 0 0 1 1 1 1 1 1 0 1 0 1 1 0 0 0 0 1 0 1 1 1 1 1 0 1 0 1 0 1 0 0 1 0 1 1 0 0 1 1 0 0 0 1 0 1 0 1 1 1 0 1 1 0 1 0 1 0 0 1 0 1 1 0 1 1 0 0 1 1 0 1 0 0 1 1 33362.0 29845.0 3 0.045728216418560994
1 0 1 1 1 0 0 1 1 1 1 0 1 1 0 1 0 1 1 0 1 0 0 0 0 0 1 1 0 1 1 1 0 1 0 1 1 0 0 0 0 1 0 0 1 1 1 1 0 1 0 1 0 1 0 0 1 0 1 1 0 0 1 1 0 1 1 1 0 1 0 0 1 1 0 1 1 1 1 1 1 1 1 1 1 0 0 0 0 1 0 0 1 1 1 1 0 0 1 0 33382.0 29781.0 3 0.06452944962743726
1 0 1 1 1 0 0 0 1 1 1 0 1 1 0 1 0 1 1 0 1 0 1 0 0 0 1 1 0 1 1 1 0 1 0 1 1 0 0 0 0 1 0 0 1 1 1 1 1 1 0 1 0 0 0 1 0 0 1 1 0 0 1 1 0 0 0 1 0 1 0 0 1 1 0 1 1 1 1 1 1 1 1 1 0 1 0 1 0 1 0 0 1 1 1 1 0 0 1 0 33525.0 29761.0 3 0.4618452418816502
1 0 1 1 1 0 0 0 1 1 1 0 1 1 0 1 0 1 0 0 1 0 1 0 0 0 1 1 0 1 1 1 0 1 0 1 1 0 0 0 0 1 0 0 1 1 1 1 1 0 0 1 0 1 0 1 0 0 1 1 0 0 1 1 0 0 0 1 0 1 0 1 1 1 1 1 1 0 1 1 1 1 0 0 1 0 0 0 1 1 0 0 1 1 1 1 1 0 1 1 34569.0 29201.0 3 0.5951643883173843
1 0 1 1 1 0 1 0 1 1 1 0 1 1 1 0 0 1 1 0 0 0 0 0 0 1 1 1 0 1 1 1 0 1 0 1 1 0 0 0 0 1 1 1 1 1 1 1 1 0 0 1 0 1 0 1 0 0 1 1 0 0 1 1 0 0 0 1 1 1 0 1 1 1 0 1 1 0 1 1 1 0 0 0 0 0 0 0 1 1 0 0 1 1 1 1 1 0 1 1 34855.0 28806.0 3 0.713492548239926
1 0 1 1 1 0 1 0 1 1 1 0 1 1 1 0 0 1 1 0 0 0 0 0 0 1 1 0 1 1 0 1 0 1 0 1 1 0 0 0 0 1 0 0 1 1 1 1 1 0 0 0 0 1 0 1 0 0 1 1 0 0 1 1 0 0 1 1 0 1 0 1 1 1 1 1 1 0 1 1 1 1 0 1 0 1 0 0 1 1 0 0 1 1 1 1 0 0 1 1 35113.0 26964.0 3 2000000000000000.0
1 0 1 1 1 0 0 1 1 1 1 0 1 1 0 1 0 1 1 0 1 0 1 0 0 0 1 1 0 1 1 1 0 1 0 1 1 0 0 0 0 1 0 1 1 1 1 1 0 1 0 1 0 1 0 0 0 1 1 0 0 0 1 1 0 1 1 1 0 1 0 0 1 1 0 1 1 1 1 0 1 0 1 1 1 0 0 0 0 1 0 0 1 1 1 1 0 0 1 0 31172.0 30865.0 4 2000000000000000.0
1 0 1 1 1 0 0 0 1 1 1 0 1 1 0 1 0 1 0 0 1 0 1 0 0 0 1 1 1 1 1 1 0 1 0 1 1 0 0 0 0 1 0 1 1 1 1 1 0 1 0 1 0 1 0 0 1 0 1 1 1 0 1 1 1 0 0 0 1 1 0 0 1 1 0 1 1 1 1 0 1 0 0 1 0 0 1 0 0 0 1 0 1 1 1 1 0 0 1 0 31250.0 30760.0 4 0.0659696134092255
1 0 1 1 1 0 0 1 1 0 1 0 1 1 0 1 0 1 1 0 1 0 1 1 0 0 1 1 0 1 1 1 0 1 0 1 1 0 0 0 0 1 0 1 1 1 1 1 1 1 0 1 0 1 0 0 0 0 1 1 1 0 1 0 1 0 0 0 1 1 0 0 1 1 0 1 1 1 1 0 1 0 0 1 0 0 0 0 0 0 1 0 1 1 1 1 0 0 1 0 31313.0 30731.0 4 0.045853385579012355
1 0 1 1 1 0 1 0 1 1 1 0 1 1 0 1 0 1 0 0 1 1 1 0 0 0 0 1 1 1 0 1 1 1 0 1 1 1 0 0 0 1 0 0 1 1 1 1 0 1 0 1 0 1 0 0 0 1 1 0 0 1 1 0 0 1 1 1 0 1 0 0 1 1 0 1 1 0 1 1 1 0 0 1 0 0 1 0 1 1 0 1 1 1 1 1 1 0 1 0 31399.0 30725.0 4 0.12906631215872222
1 0 1 1 1 0 0 0 1 1 1 0 1 1 0 1 0 1 0 0 1 0 1 1 0 0 1 1 1 1 1 1 1 1 0 1 1 1 0 0 0 1 0 1 1 1 1 1 0 1 0 1 0 1 0 0 0 0 1 1 1 0 1 1 1 0 0 0 1 1 0 0 1 1 0 1 1 1 1 0 1 0 0 1 0 0 1 0 0 0 1 0 1 1 1 1 0 0 1 0 31639.0 30526.0 4 0.17520621821975144
1 0 1 0 1 0 0 0 1 1 1 1 1 1 0 1 0 1 1 0 1 0 1 1 1 0 1 1 1 1 1 1 0 1 0 1 1 0 0 0 0 1 0 1 1 1 1 1 0 1 0 1 0 1 0 0 0 0 1 1 1 0 1 1 1 0 0 0 1 1 0 0 1 1 0 1 1 1 1 0 1 0 0 1 0 0 1 0 0 0 1 0 1 1 1 1 0 0 1 0 31876.0 30486.0 4 0.25226960543667537
1 0 1 1 1 0 1 1 1 1 1 0 1 1 1 0 0 1 1 1 0 0 0 0 0 1 1 1 0 1 1 1 0 1 0 1 1 0 0 0 0 1 0 1 1 1 1 1 1 1 0 1 0 1 0 0 0 0 1 1 1 0 1 0 1 0 0 0 1 1 0 0 1 1 0 1 1 1 1 0 1 0 0 1 0 0 0 0 0 0 1 0 1 1 1 1 0 0 1 0 32568.0 30458.0 4 0.3022934431183952
1 0 1 1 1 0 1 0 1 1 1 0 1 1 0 1 0 1 0 0 1 0 1 0 0 0 1 1 0 1 1 1 0 1 0 1 1 0 0 0 0 1 0 0 1 1 1 1 1 1 0 1 0 0 0 1 0 0 1 0 0 0 1 1 0 0 0 1 0 0 0 0 1 1 0 1 1 1 1 1 1 1 1 1 0 1 0 1 1 1 0 0 1 1 0 1 1 0 1 0 32880.0 30280.0 4 0.22270831015621745
1 0 1 1 1 0 0 1 1 1 1 0 1 1 0 1 0 1 1 0 1 0 1 0 0 0 1 1 0 1 1 1 0 1 0 1 1 0 0 0 0 1 0 1 1 1 1 1 0 1 0 1 0 1 0 1 0 0 1 1 0 0 1 1 0 0 0 1 0 1 0 0 1 0 0 1 1 1 1 1 1 1 1 1 0 1 0 1 0 1 0 0 1 1 1 1 0 0 1 0 33268.0 30261.0 4 0.31569325849343743
1 0 1 1 1 0 0 0 1 1 1 0 1 1 0 1 0 1 0 0 1 0 1 0 1 0 1 1 0 1 1 1 0 1 0 1 1 0 0 0 0 1 0 0 1 1 1 1 1 0 0 1 0 1 0 1 0 0 1 1 0 0 1 1 0 0 0 1 0 1 0 0 1 1 0 1 1 1 1 1 1 1 1 1 0 1 0 1 0 1 0 0 1 1 1 1 0 0 1 0 33312.0 29362.0 4 0.3888789390712419
1 0 1 1 1 0 0 1 1 1 1 0 1 1 0 1 0 1 1 0 1 0 1 0 0 0 1 1 0 1 1 1 0 1 0 1 1 0 0 0 0 1 0 0 1 1 1 1 1 0 0 1 0 1 1 1 0 0 1 1 0 0 1 1 0 0 0 1 0 1 0 1 1 1 1 0 1 0 1 1 1 0 0 0 0 0 1 0 1 1 0 0 1 1 1 1 1 0 0 1 33857.0 29195.0 4 0.1861837162249015
1 0 1 1 1 0 1 0 1 1 1 0 1 1 1 0 0 1 1 0 0 0 0 0 0 1 1 1 0 1 1 1 0 1 0 1 1 0 0 0 0 1 1 1 1 1 1 1 1 1 1 1 0 0 0 1 0 1 1 0 0 1 1 0 0 0 1 1 0 0 0 0 1 1 1 1 1 0 1 1 1 0 0 0 0 0 1 0 1 1 0 0 1 1 1 1 1 0 1 1 33875.0 29172.0 4 0.16184203943645342
1 0 1 1 1 0 0 0 1 1 1 0 1 1 0 1 0 1 1 0 1 0 1 0 0 0 1 1 0 1 1 1 0 1 0 1 1 0 0 0 0 1 0 0 1 1 1 1 1 1 0 1 0 0 0 1 0 0 1 1 1 0 1 1 0 0 0 1 0 1 0 1 1 1 0 1 1 0 1 0 1 0 0 1 0 1 1 0 1 1 0 0 1 1 1 1 0 0 1 1 34436.0 29132.0 4 0.31022915242249255
1 0 1 1 1 0 0 1 1 0 1 0 1 1 0 1 0 1 1 0 1 0 1 0 0 0 1 1 0 1 1 1 0 1 0 1 1 0 0 0 0 1 0 0 1 1 1 1 1 1 0 1 0 0 0 1 0 0 1 1 0 0 1 1 0 0 0 1 0 1 0 1 1 1 0 1 0 0 1 1 1 1 1 0 0 0 1 0 1 1 0 0 1 1 1 1 0 0 1 1 34611.0 28625.0 4 0.22560772382006367
1 0 1 1 1 0 0 0 1 1 1 0 1 1 0 1 0 1 1 0 1 0 1 0 0 0 1 1 0 1 1 1 0 1 0 1 1 0 0 0 0 1 0 0 1 1 1 1 1 1 0 1 0 0 0 1 0 0 1 1 0 0 1 1 0 0 0 1 0 1 0 1 1 1 0 1 1 0 1 1 1 1 1 0 0 0 1 0 1 1 0 0 1 1 1 1 0 0 1 1 34843.0 28588.0 4 0.2721710999576639
1 0 1 1 1 0 1 0 1 1 1 0 1 1 1 0 0 1 1 0 0 0 0 0 0 1 1 0 1 1 0 1 0 1 0 1 1 0 0 0 0 1 0 0 1 1 1 1 1 0 0 1 0 1 0 1 0 0 1 1 0 0 1 1 0 0 0 1 0 1 0 1 1 1 1 1 1 0 1 1 1 0 0 0 0 0 0 0 1 1 0 1 1 1 1 1 1 0 1 1 34847.0 27678.0 4 0.5536574565113526
1 0 1 1 1 0 0 1 1 1 1 0 1 1 1 0 0 1 1 0 0 0 0 0 0 1 1 0 1 1 0 1 0 1 0 1 1 1 0 0 0 1 0 0 0 1 1 1 1 0 0 0 0 1 0 1 0 0 1 1 0 0 1 1 0 0 1 1 0 1 0 1 1 1 1 1 1 0 1 1 1 1 0 1 0 1 0 0 1 1 0 0 1 1 1 1 0 0 1 1 35091.0 26397.0 4 2000000000000000.0
1 0 1 1 1 0 1 0 1 1 1 0 1 1 0 1 0 1 0 0 1 0 1 0 0 0 0 1 1 1 0 1 1 1 0 1 1 1 1 0 0 1 0 1 0 1 1 1 0 1 0 1 0 1 0 0 0 0 1 1 1 0 1 1 1 0 0 0 1 1 0 0 1 1 0 1 1 1 1 0 1 0 0 1 0 0 1 0 0 0 1 0 1 1 1 1 0 0 1 0 30255.0 30859.0 5 2000000000000000.0
1 0 1 1 1 0 0 1 1 1 1 0 1 1 0 1 0 1 1 0 1 0 1 0 0 0 1 1 0 1 1 1 0 1 0 1 1 0 0 0 0 1 0 1 1 1 1 1 0 1 0 1 0 1 0 0 0 1 1 0 0 0 1 1 0 1 1 1 0 1 0 0 1 1 0 1 1 1 1 1 1 0 1 1 1 0 0 0 0 1 0 0 0 1 1 1 0 0 1 0 31073.0 30765.0 5 0.19956854163796275
1 0 1 1 1 0 1 0 1 1 1 0 1 1 0 1 0 1 0 0 1 0 1 0 0 0 0 1 1 1 0 1 1 1 0 1 1 1 1 0 0 1 0 0 1 1 1 1 0 1 0 1 0 1 0 0 0 0 1 1 0 1 1 0 0 1 1 1 0 1 0 0 1 1 0 1 1 1 1 1 1 0 1 1 1 0 0 0 0 0 1 0 1 1 1 1 0 0 1 0 31086.0 30726.0 5 0.08097436129113787
1 0 1 1 1 0 1 0 1 1 1 0 1 1 0 1 0 1 0 0 1 1 1 0 0 0 0 1 1 1 0 1 1 1 0 1 1 1 0 0 0 1 0 0 1 1 1 1 0 1 0 1 0 1 0 0 0 0 1 1 0 1 1 0 0 1 1 1 0 1 0 0 1 1 0 1 1 1 1 1 1 0 1 1 1 0 0 0 0 1 0 0 1 1 1 1 0 0 1 0 31290.0 30578.0 5 0.08560367424424223
1 0 1 1 1 0 0 1 1 1 1 0 1 1 0 1 0 1 1 0 1 0 1 0 0 0 1 1 0 1 1 1 0 1 0 1 1 0 0 0 0 1 1 0 0 1 1 1 1 1 1 1 0 0 0 1 0 1 1 0 0 1 1 0 0 0 1 1 1 1 0 0 1 1 0 1 1 1 1 0 1 0 0 1 1 0 0 0 0 0 1 0 1 1 1 1 0 0 1 0 31335.0 30550.0 5 0.04332567017383914
1 0 1 1 0 0 1 0 1 1 1 0 1 1 0 1 0 1 0 0 1 0 1 0 0 0 1 1 1 1 1 1 0 1 0 1 1 0 0 0 0 1 0 1 1 1 1 1 0 1 0 1 0 1 0 0 1 0 1 1 1 0 1 1 1 0 0 0 1 1 0 0 1 1 0 1 1 1 1 0 1 0 0 1 0 0 1 0 0 0 1 0 1 1 1 1 0 0 1 0 31445.0 30521.0 5 0.14448255697976622
1 0 0 1 1 0 0 0 1 1 1 0 1 1 0 1 0 1 1 0 1 0 1 1 0 0 1 1 1 1 1 1 0 1 0 1 1 0 0 0 0 1 0 1 1 1 1 1 0 1 0 1 0 1 0 0 0 0 1 1 1 0 1 1 1 0 0 0 1 1 0 0 1 1 0 1 1 1 1 0 1 0 0 1 0 0 1 0 0 1 0 0 1 1 1 1 0 0 1 0 31833.0 30339.0 5 0.19328381761510327
1 0 1 1 1 0 1 0 1 1 1 0 1 1 0 1 0 1 1 0 1 0 1 0 0 0 1 1 0 1 1 1 1 1 0 1 1 1 0 0 0 1 1 0 0 1 1 1 0 1 0 1 0 1 0 0 0 0 1 1 1 0 1 1 1 0 0 0 1 1 0 0 1 1 0 1 1 1 1 1 1 0 1 1 1 0 0 0 0 1 0 0 1 1 1 1 0 0 1 0 32125.0 30254.0 5 0.283015162684119
1 0 1 1 1 0 0 1 1 1 1 0 1 1 0 1 0 1 1 0 1 0 1 0 0 0 1 1 0 1 1 1 0 1 0 1 1 0 0 0 0 1 0 1 1 1 1 1 0 1 0 1 0 1 0 0 0 1 1 0 0 0 1 1 0 0 0 1 0 1 0 1 1 1 0 1 1 0 1 0 1 0 0 1 0 1 1 0 1 1 0 1 1 1 1 1 0 0 1 1 33087.0 30234.0 5 0.259454526423419
1 0 1 1 1 0 0 0 1 1 1 0 1 1 0 1 0 1 0 0 1 0 1 0 0 0 1 1 1 1 1 1 0 1 0 1 1 0 0 0 0 1 0 1 1 1 1 1 0 1 0 1 0 1 0 0 1 0 1 1 0 0 1 1 0 0 0 1 0 1 0 1 1 1 0 1 1 0 1 0 1 0 0 1 0 1 1 0 1 1 0 0 1 1 1 1 0 0 1 1 33264.0 30146.0 5 0.24445083748067173
1 0 1 1 1 0 0 0 1 0 1 0 1 1 0 1 0 1 1 0 1 0 1 0 0 0 1 1 0 1 1 1 0 1 0 1 1 0 0 0 0 1 0 0 1 1 1 1 1 0 0 1 0 0 0 1 0 0 1 1 0 0 1 1 0 0 0 1 1 1 0 1 1 1 0 1 1 1 1 1 1 0 0 1 0 0 1 0 1 1 0 0 1 1 1 1 0 0 1 1 33290.0 29169.0 5 0.2775750458850975
1 0 1 1 1 0 0 0 1 1 1 0 1 1 0 1 0 1 1 0 1 0 1 0 0 0 1 1 0 1 1 1 0 1 0 1 1 0 0 0 0 1 0 0 1 1 1 1 1 1 0 1 0 0 0 1 0 0 1 1 0 0 1 1 0 0 0 1 0 1 0 1 1 1 0 1 1 0 1 0 1 0 0 1 0 1 1 0 1 1 0 0 1 1 1 1 0 0 1 1 33633.0 29090.0 5 0.13265638556148487
1 0 1 1 1 0 0 0 1 1 1 0 1 1 0 1 0 1 1 0 1 0 1 0 0 0 1 1 0 1 1 1 0 1 0 1 1 0 0 0 0 1 1 0 0 1 1 1 1 1 1 1 0 0 0 1 0 1 1 0 0 1 1 0 0 0 1 1 0 0 0 0 1 1 1 1 1 0 1 1 1 1 0 0 0 1 1 0 1 1 0 0 1 1 1 1 1 0 1 1 33803.0 29037.0 5 0.059021572759025705
1 0 0 1 1 0 0 1 1 1 1 0 1 1 0 1 0 1 1 0 1 0 1 0 0 0 1 1 0 1 1 1 0 1 0 1 1 0 0 0 0 1 1 0 0 1 1 1 1 1 1 1 0 0 0 1 0 1 1 0 0 1 1 0 0 0 1 1 0 0 0 0 1 1 1 1 1 0 1 1 1 0 0 0 0 1 1 0 1 1 0 0 1 1 1 1 1 0 1 1 33861.0 29031.0 5 0.13147016537725723
1 0 1 0 1 0 0 1 1 1 1 0 1 1 0 1 0 1 1 0 1 0 1 0 0 0 1 1 0 1 1 1 0 1 0 1 1 0 0 0 0 1 1 0 0 1 1 1 1 1 1 1 0 0 0 1 0 1 1 0 0 1 1 0 0 0 1 1 0 0 0 1 1 1 1 1 1 0 1 1 1 0 0 0 0 1 1 0 1 1 0 0 1 1 1 1 1 0 1 1 34379.0 28981.0 5 0.17446861885283227
1 0 1 1 1 0 0 0 1 1 1 0 1 1 0 1 0 1 1 0 1 0 1 0 0 0 1 1 0 1 1 1 0 1 0 1 1 0 0 0 0 1 0 0 1 1 1 1 1 0 0 1 0 1 0 1 0 0 1 1 0 0 1 1 0 0 0 1 0 1 0 1 1 1 1 1 1 0 1 1 1 0 0 0 0 0 0 0 1 1 0 1 1 1 1 1 1 0 1 1 34417.0 28726.0 5 0.09889444660609122
1 0 1 1 1 0 0 0 1 1 1 0 1 1 0 1 0 1 0 0 1 0 1 0 0 0 1 1 0 1 1 1 0 1 0 1 1 0 0 0 0 1 0 0 1 1 1 1 1 0 0 1 0 1 0 1 0 0 1 1 0 0 1 1 0 0 0 1 0 1 0 1 1 1 1 1 1 0 1 1 1 1 0 0 0 0 0 0 1 1 0 0 1 1 1 1 1 0 1 1 34517.0 28612.0 5 0.10443088314784488
1 0 1 1 1 0 1 1 1 1 1 0 1 1 1 0 0 1 1 0 0 0 0 0 0 1 1 1 0 0 1 1 0 1 0 1 1 0 0 0 0 1 1 0 1 1 1 1 1 0 0 1 0 1 0 1 0 0 1 1 0 0 1 1 0 0 0 1 0 1 0 0 1 1 0 1 1 1 1 1 1 1 1 1 0 1 0 1 0 1 0 0 1 1 1 1 0 0 1 0 34585.0 28361.0 5 0.08187034964941363
1 0 0 1 1 0 0 1 1 1 1 0 1 1 0 1 0 1 1 0 1 0 1 1 0 0 1 1 0 1 1 1 0 0 0 1 1 0 0 0 0 1 0 0 1 1 1 1 1 0 0 1 0 1 0 1 0 0 1 1 0 0 1 1 0 0 0 1 0 1 0 1 1 1 1 1 1 0 1 1 1 0 0 0 0 0 0 0 1 1 0 0 1 1 1 1 1 0 1 1 34638.0 28314.0 5 0.10319296367973986
1 0 1 1 1 0 0 1 1 1 1 0 1 1 1 0 0 1 1 0 0 0 0 0 0 1 1 1 0 1 1 1 0 1 0 1 1 0 0 0 1 1 1 0 1 1 1 1 0 1 0 1 0 1 0 0 1 0 1 1 0 0 1 1 0 0 0 1 0 1 0 1 1 1 0 1 1 0 1 0 1 0 0 1 0 1 1 0 1 1 0 0 1 1 0 1 0 0 1 1 34720.0 27966.0 5 0.5979878797789512
1 0 1 1 1 0 0 1 1 1 1 0 1 1 1 0 0 1 1 0 0 0 0 0 0 1 1 1 0 1 1 1 0 1 0 1 1 0 0 0 1 1 1 0 1 1 1 0 1 1 1 0 0 1 0 0 1 0 1 1 1 0 0 1 0 0 1 1 0 1 0 1 0 1 0 1 0 0 1 1 1 1 1 0 0 0 1 0 1 1 0 0 1 1 1 1 0 0 1 1 35021.0 25583.0 5 2000000000000000.0
1 0 1 1 1 0 0 0 1 1 1 0 1 1 0 1 0 1 0 0 1 0 1 0 0 0 1 1 1 1 1 1 1 1 0 1 1 0 0 0 0 1 0 1 1 1 1 1 1 1 0 1 0 1 0 0 0 0 1 1 1 0 1 0 1 0 0 0 1 1 0 0 1 1 0 1 1 1 1 0 1 0 0 1 0 0 0 0 0 0 1 0 1 1 1 1 0 0 1 0 30681.0 30695.0 6 2000000000000000.0
1 0 1 1 1 0 0 1 1 1 1 0 1 1 1 0 0 1 1 0 0 0 0 0 0 1 1 1 0 1 1 1 0 1 0 1 1 0 0 0 1 1 1 0 1 0 1 0 1 1 1 0 0 1 0 0 1 0 1 1 1 0 0 1 0 0 1 1 0 1 0 1 0 1 0 1 0 0 1 1 1 1 1 0 0 0 1 0 1 1 0 0 1 1 0 1 0 0 1 1 34783.0 24363.0 6 2000000000000000.0
1 0 1 1 1 0 0 1 1 1 1 0 1 1 0 1 0 1 0 0 1 0 1 0 0 0 1 0 1 1 0 1 0 1 0 1 1 1 0 0 0 1 0 0 0 1 1 1 1 0 0 0 0 1 0 1 0 0 1 1 0 0 1 1 0 0 1 1 0 1 0 1 1 1 1 1 1 0 1 1 1 1 0 1 0 1 0 0 1 1 0 0 1 1 1 1 0 0 1 1 34659.0 27839.0 6 0.6744090906150781
1 0 1 1 1 0 1 0 1 1 1 0 1 1 1 0 0 1 1 0 0 0 0 0 0 1 1 1 0 1 1 1 0 1 0 1 1 0 0 0 0 1 1 1 1 1 1 1 1 1 0 1 0 1 0 1 0 0 1 1 1 0 1 1 1 0 0 0 1 1 0 0 1 1 0 1 1 1 1 0 1 1 0 1 0 0 0 0 0 0 1 0 1 1 0 1 0 0 1 0 33252.0 29987.0 6 0.3137553195781667
1 0 1 1 0 0 1 0 1 1 1 0 1 1 0 1 0 1 0 0 1 0 1 0 0 0 1 1 1 1 1 1 0 1 0 1 1 0 0 0 0 1 0 1 1 1 1 1 0 1 0 1 0 1 0 0 1 0 1 1 1 0 1 1 1 0 0 0 1 1 0 0 1 1 0 1 1 0 1 1 1 0 0 0 0 0 1 0 1 1 0 0 1 1 1 1 1 0 1 0 32920.0 30165.0 6 0.28093794592902416
1 0 1 1 1 0 0 0 1 1 1 0 1 1 0 1 0 1 1 0 1 0 1 1 0 0 1 1 0 1 1 1 0 1 0 1 1 0 0 0 0 1 0 1 1 1 1 1 0 1 0 1 0 1 0 0 0 1 1 0 0 1 1 0 0 1 1 1 0 1 0 0 1 1 0 1 1 0 1 1 1 0 0 1 0 0 1 0 1 1 0 0 1 1 1 1 1 0 1 1 32246.0 30213.0 6 0.28042196571137135
1 0 1 1 1 0 0 1 1 1 1 0 1 1 0 1 0 1 1 0 1 0 1 0 0 0 1 1 0 1 1 1 0 1 0 1 1 0 0 0 0 1 0 1 1 1 1 1 0 1 0 1 0 1 0 0 0 1 1 0 0 0 1 0 0 0 0 1 0 1 0 1 1 1 0 1 1 0 1 0 1 0 0 1 0 0 1 0 1 1 0 0 1 1 1 1 1 0 1 0 31134.0 30540.0 6 0.2732373589081639
1 0 1 1 1 0 0 0 1 1 1 0 1 1 0 1 0 1 1 0 1 0 1 0 0 0 1 1 0 1 1 1 0 1 0 1 1 0 0 0 0 1 0 0 1 1 1 1 1 1 0 1 0 0 0 1 0 0 1 1 0 0 1 1 0 0 0 1 0 1 0 1 1 1 0 1 1 0 1 0 1 0 1 1 0 0 1 0 1 1 0 0 1 1 1 1 0 0 1 1 33486.0 29052.0 6 0.21962331057096063
1 0 1 0 1 0 0 0 1 1 0 1 1 1 0 1 0 1 1 0 1 0 1 1 1 0 1 1 1 1 1 1 0 1 0 1 1 0 0 0 0 1 0 1 1 1 1 1 0 1 0 1 0 1 0 0 0 0 1 1 1 0 1 1 1 0 0 0 1 1 0 0 1 1 0 1 1 1 1 0 1 0 0 1 0 0 1 0 0 1 0 0 1 1 1 1 0 0 1 0 31716.0 30312.0 6 0.21419839574119096
1 0 1 1 1 0 1 0 1 1 1 0 1 1 0 1 1 1 1 0 1 0 1 0 0 0 1 1 0 1 1 1 1 1 0 1 1 1 0 0 0 1 1 0 0 1 1 1 0 1 0 1 0 1 0 0 0 0 1 1 1 0 1 1 0 0 0 1 0 1 0 1 1 1 0 1 1 0 1 0 1 0 0 1 0 0 1 0 1 1 0 0 1 1 1 1 0 0 1 1 33717.0 28941.0 6 0.18478128629609702
1 0 1 1 1 0 0 0 1 1 1 0 1 1 0 1 0 1 0 0 1 0 1 0 0 0 1 0 1 1 1 1 1 1 0 0 1 1 0 0 0 1 1 1 1 1 1 1 1 0 0 1 0 1 0 1 0 0 1 1 0 0 1 1 0 0 0 1 0 1 0 1 1 1 1 1 1 0 1 1 1 0 0 0 0 0 0 0 1 1 0 0 1 1 1 1 1 0 1 1 34173.0 28848.0 6 0.1771602407712575
1 0 1 1 1 0 1 0 1 1 1 0 1 1 1 0 0 1 1 0 1 0 0 0 0 1 1 0 1 1 0 1 0 0 0 1 1 0 0 0 0 1 0 0 1 1 1 1 1 0 0 1 0 1 0 1 0 0 1 1 0 0 1 1 0 0 0 1 0 1 0 1 1 1 1 1 1 0 1 1 1 1 0 1 0 0 0 0 1 1 0 0 1 1 1 1 1 0 1 0 34580.0 28320.0 6 0.15509336616222824
1 0 1 1 1 0 0 1 1 1 1 0 1 1 0 1 0 1 1 0 1 0 1 0 0 0 1 1 0 1 1 1 0 1 0 1 1 0 0 0 0 1 0 1 1 1 1 1 0 1 0 1 0 1 0 0 0 1 1 0 0 0 1 1 0 0 0 1 0 1 0 1 1 1 0 1 0 0 1 0 1 0 0 1 0 0 1 0 1 1 0 0 1 1 1 1 1 0 1 1 31817.0 30238.0 6 0.14484013622308603
1 0 1 1 1 0 0 1 1 1 1 0 1 1 0 1 0 1 1 0 1 0 1 0 0 0 1 1 0 1 1 1 0 1 0 1 0 1 1 0 0 1 0 1 1 1 1 1 1 1 0 1 0 1 0 0 0 0 1 1 1 0 1 0 1 0 0 0 1 1 0 0 1 1 0 1 1 1 1 0 1 0 0 1 0 0 0 0 0 0 1 0 1 1 1 1 0 0 1 0 30842.0 30693.0 6 0.13491277231604504
1 0 1 1 1 0 0 0 1 1 1 0 1 1 0 1 0 1 1 0 1 0 1 0 0 0 1 1 0 1 1 1 0 1 0 1 1 0 0 0 0 1 0 0 1 1 1 1 1 0 0 1 0 1 0 1 0 0 1 1 0 0 1 1 0 0 0 1 0 1 0 0 1 1 1 1 1 0 1 1 1 1 0 0 0 0 1 0 1 1 0 0 1 1 0 1 1 0 1 1 34337.0 28324.0 6 0.1008031766086071
1 0 1 1 1 0 0 0 1 1 1 0 1 1 0 1 0 1 0 0 1 0 1 0 0 0 1 1 0 1 1 1 0 1 0 1 1 0 0 0 0 1 0 0 1 1 1 1 1 0 0 1 0 1 0 1 0 0 1 1 0 0 1 1 0 0 0 1 0 1 0 0 1 1 1 1 1 0 1 1 1 1 0 0 0 0 1 0 1 1 0 0 1 1 1 1 1 0 1 1 34239.0 28625.0 6 0.08180269212158654
1 0 1 1 1 0 0 0 1 1 1 0 1 1 0 1 0 1 0 0 1 0 1 0 0 0 1 1 0 1 1 1 0 1 0 1 1 0 0 0 0 1 0 0 1 1 1 1 1 0 0 1 0 1 0 1 0 0 1 1 0 0 1 1 0 0 0 1 0 1 0 1 1 1 1 1 1 0 1 1 1 1 1 1 1 0 0 0 0 1 0 0 1 1 1 1 0 0 1 0 33542.0 29044.0 6 0.07384399949117916
