1 0 1 1 1 0 0 0 1 1 1 0 1 1 0 1 0 1 0 0 1 0 1 1 0 0 1 1 0 1 1 1 1 0 1 1 0 1 1 0 0 1 0 0 1 1 1 1 0 1 0 1 0 1 0 0 0 1 1 0 0 1 1 1 1 0 0 0 1 1 0 0 1 1 0 0 1 1 1 1 1 0 1 1 1 0 0 0 0 1 0 0 1 1 1 1 0 0 1 0 28952.0 29530.0 0 2000000000000000.0
1 0 1 1 1 0 0 0 0 0 1 0 1 0 0 1 0 1 0 0 1 0 1 1 0 0 1 1 0 1 1 1 1 1 0 1 1 1 0 0 0 1 0 0 1 1 1 1 0 1 0 1 0 1 0 0 0 0 1 0 0 0 1 0 0 1 1 1 0 1 0 0 1 1 0 1 1 1 1 0 1 1 0 1 1 0 1 0 1 1 0 0 1 1 1 1 0 1 1 1 30433.0 29210.0 0 0.7997800427400292
1 0 1 1 1 0 0 0 1 1 1 0 1 1 0 1 0 1 1 0 1 0 1 1 0 0 1 1 0 1 1 1 0 1 0 1 1 0 0 0 0 1 0 0 0 1 1 1 1 0 0 1 0 0 0 1 0 0 1 1 1 0 1 1 1 0 0 0 1 1 0 0 1 1 0 0 1 1 1 1 1 0 1 1 1 0 0 0 0 1 0 0 1 1 1 1 0 0 1 0 30906.0 28906.0 0 0.2984440878883832
1 0 1 1 1 0 0 1 0 0 1 1 1 1 0 1 0 1 1 0 1 0 1 1 0 0 1 1 0 1 1 1 0 1 0 1 1 0 0 0 0 1 1 0 0 1 1 1 1 0 0 1 0 0 0 1 0 0 1 1 1 0 1 1 1 0 0 0 1 1 0 0 1 1 0 0 1 1 0 1 1 0 1 1 1 0 0 0 0 1 0 0 1 1 1 1 0 0 1 0 31038.0 28883.0 0 0.31123733506486045
1 0 1 1 1 0 1 0 1 0 0 0 1 0 1 1 0 1 0 1 0 0 0 0 0 0 1 1 1 1 0 1 1 1 0 1 1 1 0 0 0 1 0 0 1 1 0 1 0 1 0 1 0 0 0 1 0 0 1 1 0 0 1 1 1 0 1 1 0 1 0 0 1 1 0 1 1 1 1 0 1 0 0 0 1 0 1 0 1 1 0 0 1 1 1 1 0 0 1 1 31144.0 28267.0 0 0.5550650114375845
1 0 1 1 1 0 0 1 0 0 1 0 1 1 0 0 0 1 0 0 1 1 1 1 0 0 1 1 0 1 1 1 0 1 0 1 1 0 0 0 0 1 0 0 0 1 1 1 1 0 0 1 0 0 0 1 0 0 1 1 1 0 1 1 1 0 0 0 1 1 0 0 1 1 0 1 1 1 1 0 1 0 0 1 0 0 1 0 1 1 0 0 1 1 1 1 0 0 1 1 32054.0 28192.0 0 0.8889826221950448
1 0 1 1 1 0 0 1 0 0 1 0 1 1 0 0 0 1 0 0 1 1 1 1 0 0 1 1 0 1 1 1 0 1 0 1 1 0 0 0 0 1 0 0 0 1 1 1 1 0 0 1 0 1 0 1 0 0 1 1 0 0 1 1 0 1 1 1 0 0 0 0 1 1 0 1 1 0 1 0 1 1 0 1 0 0 1 0 1 1 0 0 1 1 1 1 0 0 1 1 32424.0 26897.0 0 2000000000000000.0
1 0 1 1 1 0 0 0 1 1 1 0 1 1 0 1 0 1 1 0 1 0 1 1 0 0 1 1 0 1 1 1 0 1 0 1 1 0 0 0 0 1 0 0 0 1 1 1 1 0 0 1 0 0 0 1 0 0 1 1 1 0 1 0 1 0 0 0 1 1 0 0 1 1 0 0 1 1 1 1 1 0 1 1 1 0 0 0 0 1 0 0 1 1 1 1 0 0 1 1 30642.0 28788.0 1 2000000000000000.0
1 0 1 1 1 0 0 0 1 1 1 0 1 1 1 0 0 1 1 0 1 0 0 0 0 0 1 1 1 1 1 1 1 1 0 1 1 1 0 0 0 1 0 1 1 1 1 1 0 1 0 1 0 1 0 0 0 1 1 0 0 1 1 0 0 1 1 1 0 0 0 0 1 1 0 1 1 1 1 0 1 0 0 1 0 0 1 0 1 1 0 0 1 1 1 1 0 0 1 1 30985.0 28597.0 1 0.7510713906212165
1 0 1 1 1 0 0 0 1 1 1 0 1 1 1 0 0 1 1 0 1 0 0 0 0 0 1 1 1 1 1 1 1 1 0 1 1 1 0 0 0 1 0 1 1 1 1 1 0 1 0 1 0 1 0 0 0 1 1 0 0 1 1 0 0 1 1 1 0 0 0 0 1 1 0 1 1 0 1 0 1 0 0 1 0 1 1 0 1 1 0 1 1 1 1 1 0 0 1 1 31519.0 28104.0 1 0.7700566674090003
1 0 1 1 1 0 0 0 1 1 1 0 1 1 0 1 0 1 0 0 1 0 1 1 0 0 1 1 0 1 1 1 0 1 0 1 1 0 0 0 0 1 0 0 0 1 1 1 1 0 0 1 0 0 0 1 0 0 1 1 0 0 1 1 1 1 1 0 0 0 0 1 1 1 0 1 1 0 1 0 1 1 0 1 0 0 0 0 1 1 0 0 1 1 1 1 0 0 1 1 31559.0 27381.0 1 0.4965249076874792
1 0 1 1 1 0 0 1 0 0 1 0 1 1 0 0 0 1 0 0 1 1 1 1 0 0 1 1 0 1 1 1 0 1 0 1 1 0 0 0 0 1 0 0 0 1 1 1 1 0 0 1 0 0 0 1 0 0 1 1 0 0 1 1 1 0 1 0 0 0 0 1 1 1 0 1 1 0 1 0 1 1 0 1 0 0 1 0 1 1 0 0 1 1 1 1 0 0 1 1 31723.0 27057.0 1 0.4200470914881823
1 0 1 1 1 0 0 1 0 0 1 0 1 0 0 0 0 1 0 0 1 1 1 1 0 0 1 1 0 1 1 1 1 1 0 1 1 1 0 0 0 1 0 0 1 0 1 1 1 1 0 1 0 1 0 1 0 1 1 0 0 1 1 0 0 1 1 1 0 0 0 0 1 1 0 1 1 0 1 1 1 0 0 0 0 0 1 0 1 1 0 0 1 1 1 1 1 0 1 1 31962.0 26860.0 1 0.37478407390238355
1 0 1 1 1 0 0 0 1 1 1 0 1 0 0 0 0 1 0 0 1 1 1 1 0 0 1 1 0 1 1 1 1 1 0 1 1 1 0 0 0 1 0 0 1 0 1 1 1 1 1 1 0 0 0 1 0 1 1 0 0 1 1 0 0 0 1 1 0 0 0 0 1 1 1 1 1 0 1 1 1 0 0 0 0 0 1 0 1 1 0 0 1 1 1 1 1 0 1 1 32236.0 26835.0 1 0.43940812699353343
1 0 1 1 1 0 1 0 1 1 0 0 1 0 0 1 0 1 1 0 1 0 0 0 0 1 1 0 1 1 0 1 0 1 0 1 1 1 0 0 0 1 0 0 0 1 1 1 1 0 0 1 0 0 0 1 0 0 1 1 0 0 1 1 0 0 1 1 0 1 0 1 1 1 0 1 1 0 1 0 1 1 0 1 0 0 0 0 1 1 0 0 1 1 1 1 0 0 1 1 32364.0 26284.0 1 0.3776196277888288
1 0 1 1 1 0 0 0 1 1 1 0 1 1 1 0 0 1 1 0 0 0 0 0 1 1 1 0 1 1 0 1 0 1 0 0 1 0 1 0 0 1 0 0 0 1 1 1 0 1 0 1 0 1 0 1 0 0 1 1 1 0 0 1 0 1 0 1 0 0 1 0 1 1 1 0 1 1 1 1 1 1 1 1 0 1 0 1 0 1 0 0 1 1 1 1 0 0 1 0 32385.0 26029.0 1 2000000000000000.0
1 0 1 1 1 0 0 0 1 1 1 0 1 1 0 1 0 1 1 0 1 0 1 1 0 0 1 1 0 1 1 1 0 1 0 1 1 0 0 0 0 1 0 0 0 1 1 1 1 0 0 1 0 0 0 1 0 0 1 1 1 0 1 1 1 0 0 0 1 1 0 0 1 1 0 0 1 1 1 0 1 0 1 1 1 0 0 0 0 1 0 0 1 1 1 1 0 0 1 0 30191.0 28755.0 2 2000000000000000.0
1 0 1 1 1 0 0 1 0 0 1 0 1 1 0 0 0 1 0 0 1 1 1 1 0 0 1 1 0 1 1 1 0 1 0 1 1 0 0 0 0 1 0 0 0 1 1 1 1 0 0 1 0 0 0 1 0 0 1 1 1 0 1 1 1 0 0 0 1 1 0 0 1 1 0 0 1 1 1 1 1 0 1 1 1 0 0 0 0 1 0 0 1 1 1 1 0 0 1 0 30613.0 28327.0 2 0.4761868062763953
1 0 1 1 1 0 0 0 1 1 1 0 1 1 1 0 0 1 1 0 1 0 0 0 0 0 1 1 1 1 0 1 1 1 0 1 1 1 1 0 0 1 0 0 1 1 1 1 0 1 0 1 0 1 0 0 0 1 1 0 0 1 1 0 0 1 1 1 0 0 0 0 1 1 0 1 1 1 1 0 1 0 0 1 0 0 1 0 1 1 0 0 1 1 1 1 0 0 1 1 30855.0 28132.0 2 0.35800021840171126
0 0 1 1 1 0 0 1 0 0 1 0 1 1 1 0 0 1 1 0 1 0 0 0 0 0 1 1 1 1 1 1 1 1 0 1 1 1 0 0 0 1 0 1 1 1 1 1 0 1 0 1 0 1 0 0 0 1 1 0 0 1 1 0 0 1 1 1 0 0 0 0 1 1 0 1 1 0 1 0 1 0 0 1 0 1 1 0 1 1 0 1 1 1 1 1 0 0 1 1 31228.0 28056.0 2 0.5322640853423379
1 0 1 1 1 0 0 1 0 0 1 0 1 1 0 0 0 1 0 0 1 1 1 1 0 0 1 1 0 1 1 1 0 1 0 1 1 0 0 0 0 1 0 0 0 1 1 1 1 0 0 1 0 0 0 1 0 0 1 1 0 0 1 1 1 0 1 0 1 0 0 1 1 1 0 1 1 0 1 0 1 1 0 1 0 0 1 0 1 1 0 0 1 1 1 1 0 0 1 0 31439.0 27166.0 2 0.3791971100681821
1 0 1 1 1 0 1 0 1 0 0 0 1 0 1 1 0 1 0 1 0 0 0 0 0 0 1 1 1 1 0 1 1 1 0 1 1 1 0 0 0 1 0 0 1 1 0 1 0 1 0 1 0 1 0 1 0 1 1 1 0 0 1 1 1 1 0 1 0 0 1 0 1 1 1 0 1 1 0 1 1 0 1 0 0 0 1 0 1 1 0 0 1 1 1 1 0 0 1 1 31440.0 27020.0 2 0.06118674979320674
1 0 1 1 1 0 0 0 1 1 1 0 1 1 1 0 0 1 1 0 1 0 0 0 0 0 1 1 1 1 1 1 1 1 0 1 1 1 0 0 0 1 0 1 1 1 1 1 0 1 0 1 0 1 0 0 0 1 1 0 1 1 1 0 0 1 1 1 0 0 0 0 1 1 0 1 1 0 1 0 1 0 0 0 0 1 1 0 1 1 0 1 0 1 1 1 0 0 1 1 31478.0 27007.0 2 0.3112077740972926
1 0 1 1 1 0 1 1 0 0 1 0 1 0 0 0 0 1 0 0 1 1 1 1 0 0 1 1 0 1 1 1 1 1 0 1 1 1 0 0 0 1 0 0 1 1 1 1 0 1 0 1 1 0 0 1 0 0 1 1 0 1 1 1 1 0 1 1 0 1 0 1 0 1 0 1 0 0 1 1 1 1 1 0 0 0 0 0 0 0 0 0 1 1 1 1 0 0 1 0 31823.0 26526.0 2 0.46353921252368974
1 0 1 1 1 0 1 0 1 1 0 0 1 0 0 1 0 1 1 0 1 0 1 0 0 1 1 0 1 1 0 1 0 1 0 1 1 1 0 0 0 1 0 0 0 1 1 1 1 0 0 1 0 0 0 1 0 0 1 1 0 0 1 1 0 0 1 1 0 1 0 1 0 1 0 1 0 0 1 1 1 0 0 0 0 0 1 0 1 1 0 0 1 1 1 1 1 0 1 1 32073.0 26313.0 2 0.45892842573774817
1 0 1 1 1 0 0 0 1 1 1 0 1 1 0 1 0 1 0 0 1 0 1 1 0 0 1 1 0 1 1 1 0 1 0 1 1 0 0 0 1 0 1 0 1 1 1 0 1 1 1 0 0 1 0 0 1 0 1 1 1 0 0 1 0 1 0 1 0 0 1 0 1 1 1 0 1 1 0 1 1 0 1 0 0 0 1 0 1 1 0 0 1 1 1 1 0 0 1 1 32330.0 25699.0 2 0.46682314606429814
1 0 1 1 1 0 0 0 1 1 1 0 1 1 0 1 0 1 0 0 1 0 1 1 0 0 1 1 0 1 1 1 0 1 0 1 1 0 0 0 1 0 1 0 1 1 1 0 1 1 1 0 0 1 0 0 1 0 1 1 1 0 0 1 0 0 1 1 0 1 0 1 0 1 0 1 0 0 1 1 1 1 1 0 0 0 0 0 0 1 0 0 1 1 1 1 0 0 1 1 32353.0 25070.0 2 2000000000000000.0
1 0 1 1 1 0 0 0 0 0 1 0 1 0 0 1 0 1 0 0 1 0 1 1 0 0 1 1 0 1 1 1 1 1 0 1 1 1 0 0 0 1 0 0 1 1 1 1 0 1 0 1 0 1 0 0 0 0 1 0 0 0 1 0 0 1 1 1 0 1 0 0 1 1 0 1 1 1 1 0 1 1 0 1 1 0 1 0 1 1 0 0 1 1 1 1 0 0 1 0 29377.0 28668.0 3 2000000000000000.0
1 0 1 1 1 0 0 0 1 1 1 0 1 1 1 1 0 1 0 0 1 0 1 1 0 0 1 1 0 1 1 1 1 0 1 1 1 0 0 0 0 1 0 0 0 1 1 1 1 0 0 1 0 0 0 0 0 0 1 1 1 0 1 1 1 0 0 0 1 1 0 0 1 1 0 0 1 1 1 0 1 0 1 1 1 0 0 0 0 1 0 0 1 1 1 1 0 0 1 0 29857.0 28649.0 3 0.359079453000542
1 0 1 1 1 0 0 1 1 0 1 0 1 0 0 0 0 1 0 0 0 1 1 1 0 0 1 1 0 1 1 1 1 1 0 1 0 1 1 0 1 1 0 0 0 1 1 1 0 1 0 1 0 1 0 0 0 0 1 0 0 1 1 0 0 1 1 1 0 1 0 0 1 1 0 1 1 1 1 0 1 1 0 1 1 0 1 0 1 1 0 0 1 1 1 1 0 0 1 0 30174.0 28374.0 3 0.2950798168403017
1 0 1 1 1 0 0 1 0 0 1 0 1 0 0 1 0 1 0 0 1 1 1 1 0 0 1 1 0 1 1 1 1 1 0 1 1 1 0 0 0 1 0 0 1 1 1 1 0 1 0 1 0 1 0 0 0 1 1 0 0 1 1 0 0 1 1 1 0 0 0 0 1 1 0 1 1 1 1 0 1 0 0 1 0 0 1 0 1 1 0 0 1 1 1 1 0 0 1 1 30326.0 28194.0 3 0.1472051900242224
1 0 1 1 1 0 0 1 0 0 1 0 1 1 0 0 0 1 0 0 1 1 1 1 0 0 0 1 0 1 1 1 0 1 0 1 1 0 0 0 0 1 0 0 0 1 1 1 1 0 0 1 0 0 0 1 0 0 1 1 0 0 1 1 1 0 0 0 1 1 0 0 1 1 0 1 1 1 1 0 1 0 0 1 0 0 1 0 1 1 0 0 1 1 1 1 0 0 1 1 30367.0 28100.0 3 0.09471239135706053
1 0 1 1 1 0 0 0 1 1 1 0 1 1 0 0 0 1 1 0 1 0 1 1 0 0 1 1 0 1 1 1 0 1 0 1 1 0 0 0 0 1 0 0 0 1 1 1 1 0 0 1 0 0 0 1 0 0 1 1 1 0 1 1 1 0 0 0 1 1 0 0 1 1 0 0 1 1 1 1 1 0 1 1 1 0 0 0 0 1 0 0 1 1 1 1 0 0 1 0 30494.0 28068.0 3 0.2745532580573905
1 0 1 1 1 0 0 1 0 0 1 0 1 0 0 0 1 1 0 0 1 1 1 1 1 0 0 1 0 1 1 1 1 1 0 1 1 1 0 0 0 1 0 0 1 1 1 1 0 1 0 1 0 1 0 0 0 0 1 1 0 1 1 0 0 1 1 1 0 1 0 0 1 1 0 1 1 1 1 0 1 0 0 0 1 0 1 0 1 1 0 0 1 1 1 1 0 0 1 1 31086.0 28001.0 3 0.5158553911186069
1 0 1 1 1 0 0 0 1 1 1 0 1 1 0 1 0 1 0 0 1 0 1 1 0 0 1 1 0 1 1 1 0 1 0 1 1 1 0 0 0 1 0 0 1 1 1 1 0 0 0 1 0 1 0 0 0 1 1 0 1 1 1 0 0 1 1 1 0 0 0 0 1 1 0 1 1 0 1 0 1 0 0 1 0 1 1 0 1 1 0 1 1 1 1 1 0 0 1 1 31140.0 27073.0 3 0.446938448482728
1 0 1 1 1 0 0 1 0 0 1 0 1 0 0 0 0 1 0 0 1 1 1 1 0 0 1 1 0 1 1 1 0 1 0 1 1 0 0 0 0 1 0 0 1 0 1 1 1 1 0 1 0 0 0 1 0 1 1 0 0 1 1 0 0 1 1 1 0 0 0 0 1 1 0 1 1 0 1 0 1 0 0 1 0 1 1 0 1 1 0 0 1 1 1 1 0 1 1 1 31468.0 26935.0 3 0.5207833332218961
1 0 1 1 1 0 0 0 1 1 1 0 1 1 1 0 1 1 0 0 1 0 0 0 0 0 1 1 1 1 0 1 1 1 0 0 0 0 1 0 0 1 1 0 1 1 0 1 0 1 0 1 0 1 0 1 0 0 1 1 0 0 1 1 0 1 1 1 0 0 0 0 1 1 0 1 1 0 1 0 1 1 0 1 0 0 1 0 1 1 0 1 1 1 1 1 0 0 1 1 31939.0 26237.0 3 0.4807973236303847
1 0 1 1 1 0 0 0 1 1 1 0 1 1 0 0 0 1 0 0 1 1 1 1 0 0 1 1 0 1 1 1 0 1 0 1 1 0 0 0 0 1 0 0 0 1 1 1 1 0 0 1 1 0 0 1 0 0 1 1 1 0 1 0 0 0 1 0 1 1 0 0 1 1 1 0 1 1 0 1 1 1 1 0 0 1 0 0 0 1 1 0 1 1 1 1 0 0 1 1 32053.0 25988.0 3 0.2939006802547356
1 0 1 1 1 0 0 1 1 1 1 0 1 1 0 1 0 1 1 0 0 0 0 0 0 1 1 0 1 1 0 1 1 1 0 0 1 0 1 0 1 0 1 0 1 1 1 0 1 1 1 0 0 1 0 0 1 0 1 1 1 0 1 0 0 0 1 0 1 1 0 0 1 1 1 0 1 1 0 1 1 1 1 0 0 0 0 0 0 1 0 0 1 1 1 1 0 0 1 1 32205.0 25553.0 3 0.29142632680466973
1 0 1 1 1 0 0 0 1 1 1 0 1 1 1 0 0 1 1 0 0 0 0 0 0 1 1 1 0 1 1 1 0 1 0 1 1 0 0 0 0 1 0 0 0 1 1 1 1 0 0 1 1 0 0 1 0 0 1 1 1 0 1 0 0 0 1 0 1 1 0 0 1 1 1 0 1 1 0 1 1 1 1 0 0 1 0 0 0 1 1 1 1 1 1 1 0 0 1 1 32310.0 25302.0 3 2000000000000000.0
1 0 1 1 1 0 0 0 1 1 1 0 1 1 0 1 0 1 0 0 1 0 1 1 0 0 1 1 0 1 1 1 1 0 1 1 1 0 0 0 0 1 0 0 0 1 1 1 1 0 0 1 0 0 0 1 0 0 1 1 1 0 1 1 1 0 0 0 1 1 0 0 1 1 0 0 1 1 1 0 1 0 1 1 1 0 0 0 0 1 0 0 1 1 1 1 0 0 1 0 29698.0 28641.0 4 2000000000000000.0
1 0 1 1 1 0 0 1 0 0 1 0 1 1 0 0 0 1 0 0 0 1 1 1 0 0 1 1 0 1 1 1 1 1 0 1 0 1 1 0 1 1 0 0 0 1 1 1 0 1 0 1 0 1 0 0 0 0 1 0 0 1 1 0 0 1 1 1 0 1 0 0 1 1 0 1 1 1 1 0 1 1 0 1 1 0 1 0 0 1 0 0 1 1 1 1 0 0 1 0 29786.0 28407.0 4 0.14868078583204755
1 0 1 1 1 0 0 0 1 1 1 0 1 1 0 1 0 1 0 0 1 0 1 1 0 0 1 1 0 1 1 1 1 0 1 1 0 1 1 0 0 1 0 0 1 1 1 1 0 1 0 1 0 1 0 0 0 1 1 0 0 1 1 0 0 1 1 1 0 0 0 0 1 1 0 1 1 1 1 0 1 0 0 1 0 0 1 0 1 1 0 0 1 1 1 1 0 0 1 1 29901.0 28313.0 4 0.2258754403004156
1 0 1 1 1 0 0 0 1 1 1 0 1 1 1 0 0 1 1 0 1 0 0 0 0 0 1 1 1 1 1 1 1 1 0 1 1 1 0 0 0 1 0 1 1 1 1 1 0 1 0 1 0 1 0 0 0 1 1 0 0 1 1 0 0 1 1 1 0 0 0 0 1 1 0 1 0 1 1 0 1 0 0 1 0 0 1 0 1 1 0 0 1 1 1 1 0 0 1 1 30212.0 28123.0 4 0.41010924478717303
1 0 1 1 1 0 0 0 1 1 1 0 1 1 1 0 0 1 1 0 1 0 0 0 0 0 1 1 1 1 1 1 1 1 0 1 1 1 0 0 0 1 0 1 1 1 1 1 0 1 0 1 0 1 0 0 0 1 1 0 0 1 1 0 0 1 1 1 0 0 0 0 1 1 0 1 1 0 1 0 1 0 0 1 0 1 1 0 1 1 0 1 0 1 1 1 0 0 1 1 30705.0 27853.0 4 0.31233989075520247
1 0 1 1 1 0 0 1 0 0 1 0 1 0 0 0 0 1 0 0 1 1 1 1 0 0 1 1 0 1 1 1 1 1 0 1 1 1 0 0 0 1 0 0 1 1 1 1 0 1 0 1 1 0 0 1 0 0 1 1 0 0 1 1 1 0 1 0 0 1 0 0 1 0 1 1 1 0 1 0 1 1 1 1 1 0 0 0 1 1 0 0 1 1 1 1 0 0 1 0 30785.0 27701.0 4 0.18125176980259708
1 0 1 1 1 0 0 0 1 1 1 0 1 1 0 1 0 1 0 0 1 0 1 1 0 0 1 1 0 1 1 1 1 0 1 1 0 1 1 0 0 1 1 0 0 1 1 1 0 1 0 1 0 0 0 0 1 0 1 1 1 0 1 0 0 0 1 0 0 0 0 1 1 1 0 1 1 0 1 0 1 1 0 1 0 0 1 0 1 1 0 0 1 1 1 1 0 0 1 1 30948.0 27445.0 4 0.24927223070550564
1 0 1 1 1 0 0 1 0 0 1 0 1 0 0 1 0 1 0 0 1 1 1 1 0 0 1 1 0 1 1 1 1 1 0 1 1 0 0 0 0 1 0 0 0 1 1 1 1 0 0 1 0 0 0 1 0 0 1 1 0 0 1 1 1 0 1 0 0 0 0 1 1 1 0 1 1 0 1 0 1 1 0 1 0 0 0 0 1 1 0 0 1 1 1 1 0 0 1 1 31077.0 27063.0 4 0.16177087440818666
1 0 1 1 1 0 0 1 1 0 1 0 1 0 0 0 0 1 0 0 1 1 1 1 0 0 1 1 0 1 1 1 0 1 0 1 1 0 0 0 0 0 0 0 0 1 1 1 1 0 0 1 0 0 0 1 0 0 1 1 1 0 1 1 1 0 0 0 1 1 0 0 1 1 0 1 1 1 1 0 1 0 0 1 0 0 1 0 1 1 0 0 1 1 1 1 0 0 1 1 31126.0 27010.0 4 0.0989483402890402
1 0 1 1 1 0 0 0 1 1 1 0 0 1 0 1 0 1 0 0 1 0 1 1 0 0 1 1 0 1 1 1 1 0 1 1 0 1 1 0 0 1 0 0 0 1 1 1 0 1 0 1 0 1 0 1 0 0 1 1 1 0 0 1 0 1 0 1 0 0 1 0 1 1 1 0 1 1 1 1 1 1 1 1 0 1 0 1 0 1 0 0 1 1 1 1 0 0 1 0 31260.0 26932.0 4 0.17234652007187143
1 0 1 1 1 0 0 1 0 0 1 1 1 0 0 0 0 1 0 0 1 1 1 1 0 0 1 1 0 1 1 1 1 1 0 1 1 1 0 0 0 1 0 0 1 0 1 1 1 1 0 1 0 0 0 1 0 1 1 0 0 1 1 0 0 0 1 1 0 0 0 0 1 1 0 1 1 0 1 1 1 0 0 0 0 0 1 0 1 1 0 0 1 1 1 1 1 0 1 1 31441.0 26775.0 4 0.1940578629517739
1 0 1 1 1 0 1 0 1 0 0 0 1 0 1 1 0 1 0 1 0 0 0 0 0 0 1 1 1 1 0 1 1 1 0 1 1 1 0 0 0 1 0 0 1 1 0 1 0 1 0 1 0 1 0 1 0 1 1 1 0 0 1 1 1 0 1 1 0 1 0 1 0 1 0 1 0 0 1 1 1 1 1 0 0 0 0 0 0 1 0 0 1 1 1 1 0 0 1 1 31463.0 26391.0 4 0.3250799884615388
1 0 1 1 1 0 0 0 1 1 1 0 1 1 1 0 1 1 1 0 1 0 0 0 0 0 1 1 1 1 0 1 1 1 0 0 0 0 1 0 0 1 1 0 1 1 0 1 0 1 0 1 0 1 0 1 0 0 1 1 0 0 1 1 0 1 1 1 0 0 0 0 1 1 0 1 1 0 1 0 1 1 0 1 0 0 1 0 1 1 0 0 1 1 1 1 0 0 1 1 31897.0 26080.0 4 0.31466445204263965
1 0 1 1 1 0 1 0 1 1 0 0 1 0 0 1 0 1 1 0 1 0 0 0 0 1 1 0 1 1 0 1 0 1 0 1 1 1 0 0 0 1 0 0 0 1 1 1 1 0 0 1 0 0 0 1 0 0 1 1 0 0 1 1 1 0 1 1 0 1 0 1 0 1 0 1 0 0 1 1 1 0 0 0 0 0 1 0 1 1 0 0 1 1 1 1 1 0 1 1 32014.0 25918.0 4 0.20391467103504157
1 0 1 1 1 0 0 1 0 0 1 0 1 0 0 0 0 1 0 0 1 1 1 1 0 0 1 1 0 1 1 1 0 1 0 1 1 0 0 0 0 1 1 0 1 1 1 0 1 1 1 0 0 1 0 0 1 0 1 1 1 0 0 1 0 1 0 1 0 0 1 0 1 1 1 0 1 1 0 1 1 0 1 0 0 0 1 0 1 1 0 0 1 1 1 1 0 0 1 1 32031.0 25367.0 4 0.2950758798730698
1 0 1 1 1 0 0 0 1 1 1 0 1 1 0 1 0 1 1 0 1 0 1 1 0 0 1 1 0 1 1 1 0 1 0 0 1 0 1 0 1 0 1 0 1 1 1 0 1 1 1 0 0 1 0 0 0 0 1 1 1 0 0 1 0 1 0 1 0 0 1 0 1 1 1 0 1 1 0 1 1 1 0 0 0 1 0 0 0 1 0 0 1 1 1 1 0 0 1 1 32171.0 24819.0 4 0.26092811756516826
1 0 1 1 1 0 0 0 1 1 1 0 1 1 1 0 0 1 1 0 0 0 0 0 0 1 1 0 1 1 0 1 0 1 0 0 1 0 1 0 1 0 1 0 1 1 1 0 1 1 1 0 0 1 0 0 1 0 1 1 1 0 0 1 0 1 0 1 0 0 1 0 1 1 1 0 1 1 1 1 1 1 1 0 0 1 0 1 0 1 0 0 1 1 1 1 0 0 1 0 32229.0 24503.0 4 0.22575353894359115
1 0 1 1 1 0 0 0 1 1 1 0 1 1 1 0 0 1 1 0 0 0 0 0 1 1 1 0 1 1 0 1 0 1 0 0 1 0 1 0 1 0 1 0 1 1 1 0 1 1 1 0 0 1 0 0 1 0 1 1 1 0 0 1 0 1 0 1 0 0 1 0 1 1 1 0 1 1 0 1 1 0 1 0 0 0 1 0 1 1 0 0 1 1 1 1 0 0 1 1 32274.0 23947.0 4 2000000000000000.0
1 0 1 1 1 0 0 0 0 0 1 0 1 0 0 1 0 1 0 0 1 0 1 0 0 0 1 1 1 1 1 1 0 1 0 1 1 1 0 0 0 1 0 1 1 1 1 1 0 1 0 1 0 1 0 0 0 1 1 0 0 1 1 0 0 1 1 1 0 0 0 0 1 1 0 1 1 1 1 0 1 0 0 1 0 0 1 0 1 1 0 0 1 1 1 1 0 0 1 1 29091.0 28594.0 5 2000000000000000.0
1 0 1 1 1 0 0 0 1 1 1 0 0 1 1 1 0 1 0 0 1 0 1 1 0 0 1 1 0 1 1 1 1 0 1 1 0 1 1 0 0 1 0 0 0 1 1 1 0 1 0 1 0 1 0 0 0 1 1 0 0 1 1 1 1 0 0 0 1 1 0 0 1 1 0 0 1 1 1 1 1 0 1 1 1 0 0 0 0 1 0 0 1 1 1 1 0 0 1 1 29132.0 28576.0 5 0.19353746716942838
1 0 1 1 1 0 0 1 1 0 1 0 1 0 0 1 0 1 0 0 1 0 1 1 0 0 1 1 0 1 1 1 1 0 1 1 1 0 0 0 0 1 0 0 0 1 1 1 1 0 0 1 0 0 0 1 0 0 1 1 1 0 1 1 1 0 0 0 1 1 0 0 1 1 0 0 1 1 1 0 1 0 1 1 1 0 0 0 0 1 0 0 1 1 1 1 0 0 1 0 29607.0 28486.0 5 0.23346224193432574
1 0 1 1 1 0 0 1 0 0 1 0 1 0 0 1 0 1 0 0 1 1 1 1 0 0 1 1 0 1 1 1 1 1 0 1 1 1 0 0 0 1 0 0 1 1 1 1 0 1 0 1 0 1 0 0 0 1 1 0 0 1 1 0 0 1 1 1 0 0 0 0 1 1 0 1 1 1 1 0 1 0 1 1 1 0 0 0 0 1 0 0 1 1 1 1 0 0 1 1 29717.0 28387.0 5 0.0812162590744449
1 0 1 1 1 0 1 0 1 0 1 0 1 0 0 0 0 1 0 0 0 1 1 1 0 0 1 1 0 1 1 1 1 1 0 1 0 1 1 0 1 1 0 0 0 1 1 1 0 1 0 1 0 1 0 0 0 0 1 0 0 1 1 0 0 1 1 1 0 1 0 0 1 1 0 1 1 1 1 0 1 1 0 1 1 0 1 0 1 1 0 0 1 1 1 1 0 0 1 0 29774.0 28363.0 5 0.10441827107646262
1 0 1 1 1 0 0 1 0 0 1 0 1 1 0 0 0 1 0 0 1 1 1 1 0 0 1 1 0 1 1 1 0 1 0 1 1 0 0 0 0 1 0 0 0 1 1 1 1 0 0 1 0 0 0 1 0 0 1 1 1 0 1 1 1 0 0 0 1 1 0 0 1 1 0 0 1 1 1 0 1 0 1 1 1 0 0 0 0 1 0 0 1 1 1 1 0 0 1 0 29898.0 28176.0 5 0.2508428379685572
1 0 1 1 1 0 0 1 0 0 1 0 1 0 0 1 0 1 0 0 1 1 1 1 0 0 1 1 0 1 1 1 1 1 0 1 1 1 0 0 0 1 0 0 1 1 1 1 0 1 0 1 0 1 0 0 0 1 1 0 0 1 1 0 0 1 1 1 0 0 0 0 1 1 0 1 1 1 1 0 1 0 0 1 0 0 1 0 1 1 0 0 1 1 0 1 0 0 1 1 30159.0 27778.0 5 0.3111395660911822
1 0 1 1 1 0 0 1 0 0 1 0 1 0 0 1 0 1 0 0 1 1 1 1 0 0 1 1 0 1 1 1 1 1 0 1 1 1 0 0 0 1 1 0 1 1 1 1 0 1 0 1 0 1 0 0 0 1 1 0 0 1 1 0 0 1 1 1 0 0 0 0 1 1 0 1 1 0 1 0 1 0 0 1 0 0 1 0 1 1 0 0 1 1 1 1 0 0 1 1 30536.0 27702.0 5 0.20995327365793603
1 0 1 1 1 0 0 0 1 1 1 0 1 1 1 0 0 1 1 0 1 0 0 0 0 0 1 1 1 1 1 1 1 1 0 1 1 1 0 0 0 1 0 1 1 1 1 1 0 1 0 1 0 1 0 0 0 1 1 0 0 1 1 0 0 1 1 1 0 0 0 0 1 1 0 1 1 0 1 0 1 0 0 1 0 0 1 0 1 1 0 0 1 1 1 1 0 0 1 1 30738.0 27691.0 5 0.30960562263453983
1 0 1 1 1 0 0 1 0 0 1 0 1 0 0 1 0 1 0 0 1 1 1 1 0 0 1 1 0 1 1 1 1 1 0 1 1 1 0 0 0 1 0 0 1 1 1 1 0 0 0 1 0 1 0 0 0 1 1 0 1 1 1 0 0 1 1 1 0 0 0 0 1 1 0 1 1 0 1 0 1 0 0 1 0 1 1 0 1 1 0 1 1 1 1 1 0 0 1 1 30950.0 26884.0 5 0.34935764721226775
1 0 1 1 1 0 0 0 1 1 1 0 1 1 0 1 0 1 0 0 1 0 1 1 0 0 1 1 0 1 1 1 1 0 1 1 1 0 0 0 0 1 0 0 0 1 1 1 1 0 0 1 0 0 0 1 0 0 1 1 1 0 1 1 1 0 0 0 1 1 0 0 1 1 0 0 1 1 0 1 1 1 1 0 0 1 0 1 0 1 0 0 1 1 1 1 0 0 1 0 31253.0 26843.0 5 0.1816776850190061
1 0 1 1 1 0 0 1 1 0 1 0 1 1 0 0 0 1 0 0 1 1 1 1 0 0 1 1 0 1 1 1 0 1 0 1 1 0 0 0 0 1 0 0 0 1 1 1 1 0 0 1 0 0 0 1 0 0 1 1 0 0 0 1 1 0 1 0 0 0 0 1 1 1 0 1 1 0 1 0 1 1 0 1 0 0 1 0 1 1 0 0 1 1 1 1 0 0 1 1 31397.0 26724.0 5 0.2636434592547604
1 0 1 1 1 0 0 1 0 0 1 0 1 0 0 0 0 1 0 0 1 1 1 1 0 0 1 1 0 1 1 1 1 1 0 1 1 1 0 0 0 1 0 0 1 1 1 1 0 1 0 1 1 0 0 1 0 0 1 1 0 0 1 1 1 0 1 1 0 1 0 1 0 1 0 1 0 0 1 1 1 1 1 0 0 0 0 0 0 0 0 0 1 1 1 1 0 0 1 1 31435.0 25879.0 5 0.26495249230199663
1 0 0 1 1 0 0 1 1 0 1 0 1 0 0 0 0 1 0 0 1 1 1 1 0 0 1 1 0 1 1 1 1 1 0 1 0 1 1 0 0 1 0 0 1 0 1 1 0 1 0 1 0 0 0 1 0 1 1 0 1 0 0 1 0 1 1 1 0 0 1 1 1 1 0 1 1 0 1 0 1 1 0 1 0 0 1 0 1 1 0 0 1 1 1 1 0 0 1 1 31648.0 25862.0 5 0.1622498526316561
1 0 1 1 1 0 0 1 0 0 1 0 1 0 0 0 0 1 0 0 1 1 1 1 0 0 1 1 0 1 1 1 0 1 0 1 1 0 0 0 0 1 1 0 0 1 1 1 1 0 0 1 1 0 0 1 0 0 1 1 1 0 1 0 0 0 1 0 1 1 0 0 1 1 1 0 1 1 0 1 1 1 1 0 0 1 0 0 0 1 1 0 1 1 1 1 0 0 1 1 31903.0 25844.0 5 0.2359136327269511
1 0 1 1 1 0 1 0 1 1 0 0 1 0 0 1 0 1 1 0 1 0 0 0 0 1 1 0 1 1 0 1 0 1 0 1 1 1 0 0 0 1 0 0 0 1 1 1 1 0 0 1 0 0 0 1 0 0 1 1 0 0 1 1 0 0 1 1 0 1 0 1 0 1 0 1 0 0 1 1 1 0 1 0 0 0 0 0 1 1 0 0 1 1 0 1 1 1 1 1 32000.0 25296.0 5 0.489199203030896
1 0 1 1 1 0 0 0 1 1 1 0 1 1 1 0 0 1 1 0 0 0 0 0 1 1 1 0 1 1 0 1 0 1 0 0 1 0 1 0 1 0 1 0 1 1 1 0 1 1 1 0 0 1 0 0 1 0 1 1 1 0 0 1 0 1 0 1 0 0 1 0 1 1 1 0 1 1 0 1 1 1 1 0 0 1 0 1 0 1 0 0 1 1 1 1 0 0 1 0 32113.0 23855.0 5 2000000000000000.0
1 0 1 1 1 0 0 0 1 1 1 0 1 1 0 1 0 1 0 0 1 0 1 1 0 0 1 1 0 1 1 1 1 0 1 1 0 1 1 1 0 1 0 0 0 1 1 1 0 1 0 1 0 1 0 0 0 1 1 0 0 1 0 1 1 0 1 0 0 1 0 1 1 1 0 0 1 1 1 0 1 0 1 1 1 0 0 0 0 1 0 0 1 1 1 1 0 0 1 0 28003.0 28330.0 6 2000000000000000.0
1 0 1 1 1 0 0 1 0 0 1 1 1 0 0 1 0 0 0 0 1 1 1 1 0 0 1 1 0 1 1 1 1 1 0 1 1 1 0 0 0 1 0 0 1 1 1 0 0 1 0 1 0 1 0 0 0 0 1 0 0 0 1 0 0 1 1 1 0 1 0 0 1 1 0 1 1 1 1 0 1 1 0 1 1 0 1 0 1 1 0 0 1 1 1 1 0 0 1 0 29435.0 28322.0 6 0.36821568075927535
1 0 1 1 1 0 0 0 1 1 1 0 1 1 0 1 0 1 0 0 1 1 1 1 0 0 1 0 0 1 1 1 1 1 0 1 1 1 1 0 0 1 0 0 1 0 1 1 0 1 0 1 0 0 1 0 0 0 1 1 1 0 1 0 0 0 0 0 1 1 0 0 1 1 0 0 1 1 1 0 1 0 1 1 1 0 0 0 0 1 0 1 1 1 1 1 0 0 1 0 29438.0 28245.0 6 0.08598286417529519
1 0 1 1 1 0 0 0 0 0 1 0 1 0 0 1 0 1 0 0 1 0 1 0 0 0 1 1 1 1 1 1 1 1 0 1 1 1 0 0 0 1 0 1 1 1 1 1 0 1 0 1 0 1 0 0 0 1 1 0 0 1 1 0 0 1 1 1 0 0 0 0 1 1 0 1 1 0 1 0 1 0 0 1 0 1 1 0 1 1 0 1 1 1 1 1 0 0 1 1 29683.0 28204.0 6 0.12344932746227666
1 0 1 1 1 0 0 0 1 1 1 0 1 1 0 1 0 1 0 0 1 1 1 1 0 0 1 0 0 1 1 1 1 1 0 1 1 1 1 0 0 1 0 0 1 0 1 1 0 1 0 1 0 0 1 0 0 0 1 1 1 0 1 0 0 0 0 0 1 1 0 0 1 1 0 0 1 1 1 0 1 0 1 1 1 0 0 0 0 1 0 0 1 1 1 1 0 0 1 1 29727.0 28000.0 6 0.09601516509623037
1 0 1 1 1 0 0 0 1 0 1 0 1 0 0 1 0 1 0 0 1 1 1 1 0 0 1 1 0 1 1 1 1 1 0 1 1 1 0 0 0 1 0 0 1 1 1 1 0 1 0 1 0 1 0 0 0 1 1 0 0 1 1 0 0 1 1 1 0 0 0 0 1 1 0 1 1 1 1 0 1 0 0 1 0 0 1 0 1 1 0 0 1 1 1 1 0 0 1 1 29871.0 27972.0 6 0.10904210636554751
1 0 1 1 1 0 0 0 1 1 1 0 1 1 1 0 1 1 1 0 1 0 0 0 0 0 1 1 1 1 0 1 1 1 0 0 0 0 1 0 0 1 1 0 1 0 0 1 0 1 0 1 0 1 0 1 0 0 1 1 1 0 1 1 1 0 0 0 1 1 0 0 1 1 0 0 1 1 1 0 1 0 1 1 1 0 0 0 0 1 0 0 1 1 1 1 1 0 1 0 29964.0 27763.0 6 0.18289422242021197
0 0 1 1 1 0 0 1 0 0 1 0 1 1 1 0 0 1 1 0 1 0 0 0 0 0 1 1 0 1 1 1 1 1 0 1 1 1 0 0 0 1 0 0 1 0 1 1 0 1 0 1 0 1 0 0 0 0 1 0 0 0 1 0 0 1 1 1 0 1 0 0 1 1 0 1 1 1 1 0 1 1 0 1 1 0 1 0 1 1 0 0 1 1 1 1 0 0 1 0 30316.0 27628.0 6 0.18308379666966923
1 0 1 1 1 0 0 1 1 0 1 0 1 1 0 0 0 1 0 0 1 1 1 1 0 0 1 1 0 1 1 1 1 1 0 1 1 1 0 0 0 1 1 0 1 1 1 1 0 1 0 1 0 1 0 0 1 1 1 0 0 1 1 0 0 1 1 1 0 0 0 0 1 1 0 1 1 0 1 0 1 0 0 1 0 0 1 0 1 1 0 0 1 1 1 0 0 0 1 1 30534.0 27559.0 6 0.12543091887983107
1 0 1 1 1 0 0 1 1 0 1 0 1 0 0 0 0 1 0 0 1 1 1 1 0 0 1 1 0 1 1 1 1 1 0 1 1 1 0 0 0 1 0 0 0 1 1 1 0 1 0 1 0 1 0 0 0 1 1 0 0 1 1 0 1 1 1 1 0 0 0 0 1 1 0 1 1 1 1 1 1 0 0 1 0 0 1 0 1 1 0 0 1 1 0 1 0 0 1 1 30685.0 27464.0 6 0.0840322268841473
1 0 1 1 1 0 0 0 1 1 1 0 1 1 0 1 0 1 1 0 1 0 1 1 0 0 1 1 0 1 1 1 0 1 0 1 1 0 0 0 0 1 0 0 0 1 1 1 1 0 0 1 0 0 0 1 0 0 1 1 0 0 1 1 0 1 1 1 0 0 0 0 1 1 0 1 1 0 1 0 1 0 0 1 0 0 1 1 1 1 1 0 1 1 0 1 1 0 0 0 30711.0 27370.0 6 0.18856130599202925
1 0 1 1 1 0 0 0 1 1 1 0 0 1 1 0 0 1 0 0 0 1 1 1 0 0 1 1 0 1 1 1 1 1 0 1 1 1 0 0 1 1 0 0 0 1 1 1 0 1 0 1 0 1 0 0 0 1 1 0 1 1 0 1 1 1 1 1 0 0 0 0 1 1 0 1 1 1 1 0 1 0 0 1 0 0 1 0 1 1 0 0 1 1 1 1 0 0 1 1 30856.0 26785.0 6 0.2309034396836912
1 0 1 1 1 0 0 0 1 1 1 0 1 1 1 0 1 1 1 0 1 0 0 0 0 0 1 1 1 1 0 1 1 1 0 0 0 0 1 0 0 1 1 0 1 1 0 1 0 1 0 1 0 1 0 1 0 0 1 1 0 0 1 1 0 1 1 1 0 0 0 0 1 1 0 1 1 0 1 0 1 1 0 1 0 0 1 1 1 1 1 0 1 1 0 1 1 0 0 0 30943.0 26564.0 6 0.1586160626287895
1 0 1 1 1 0 0 0 1 1 1 0 1 1 1 0 0 1 1 0 1 0 0 0 0 0 1 1 1 1 0 1 1 1 0 0 0 0 1 0 0 1 0 0 0 1 0 1 0 1 0 1 0 1 0 1 0 0 1 1 0 0 1 1 0 1 1 1 0 0 0 0 1 1 0 1 1 1 1 1 1 1 0 1 1 0 1 0 1 1 0 0 1 1 1 1 0 0 1 0 31307.0 26560.0 6 0.3151774462434328
1 0 1 1 1 0 0 0 1 1 1 0 1 1 1 0 0 1 1 0 0 0 0 0 0 1 1 0 1 1 0 1 0 1 0 0 1 0 1 0 1 0 1 0 1 1 1 1 1 1 0 1 0 0 0 1 0 1 1 0 0 1 1 0 0 0 1 1 0 0 0 0 1 1 0 1 1 0 1 1 1 0 0 0 0 0 1 0 1 1 0 0 1 1 1 1 1 0 1 1 31597.0 25844.0 6 0.29617862608606405
1 0 1 1 1 0 0 0 1 1 1 0 1 1 0 1 0 1 0 0 1 0 1 1 0 0 1 1 0 1 1 1 0 1 0 1 1 0 0 0 1 0 1 0 1 1 1 0 1 1 1 0 0 1 0 0 1 0 1 1 1 0 0 1 0 1 0 1 0 0 1 0 1 1 1 0 1 1 0 1 1 0 1 0 0 0 1 0 1 1 0 0 1 1 1 1 0 0 1 0 31734.0 25672.0 6 0.1139483617673589
1 0 1 1 1 0 0 0 1 1 1 0 1 1 1 0 0 1 1 0 0 0 0 0 0 1 1 1 0 1 1 1 0 1 0 1 1 0 0 0 0 1 0 0 0 1 1 1 1 0 0 1 1 0 0 1 0 0 1 1 1 0 1 0 0 0 1 1 0 0 0 0 1 1 0 1 1 0 1 0 1 0 0 1 0 1 1 0 1 1 0 1 1 1 1 1 0 0 1 1 31800.0 25546.0 6 0.13991945388272534
0 1 1 1 1 0 1 0 1 1 0 0 1 0 0 1 0 1 1 0 1 0 0 0 0 1 1 0 1 1 0 1 0 1 0 1 1 1 0 0 0 1 0 0 0 1 1 1 1 0 0 1 0 0 0 1 0 0 1 1 0 0 1 1 0 0 1 1 0 1 0 1 0 1 0 1 0 0 1 1 1 0 1 0 0 0 0 0 1 1 0 0 1 1 0 1 1 1 1 1 31969.0 25290.0 6 0.4721476141645558
1 0 1 1 1 0 0 0 1 1 1 0 1 1 1 0 0 1 1 0 0 0 0 0 0 1 1 0 1 1 0 1 1 1 0 0 1 0 1 0 1 0 1 0 1 1 1 0 1 1 1 0 0 1 0 0 1 0 1 1 1 0 0 1 0 1 0 1 0 0 1 0 1 1 1 0 1 1 0 1 1 1 1 0 0 1 0 0 0 1 0 0 1 1 1 1 0 0 1 1 32105.0 23707.0 6 2000000000000000.0
1 0 1 1 1 0 0 1 0 0 1 0 1 0 0 1 0 1 0 1 0 1 0 0 0 0 1 1 1 1 0 1 1 1 0 0 0 0 0 0 0 1 0 1 0 1 1 1 1 1 0 1 0 1 0 0 0 0 1 0 0 0 1 0 0 1 1 1 1 1 0 0 1 1 0 1 1 1 1 0 1 0 1 1 1 0 0 0 0 1 0 0 1 1 1 1 0 0 1 1 28933.0 28208.0 7 2000000000000000.0
1 0 1 1 1 0 0 0 1 1 1 0 1 1 1 0 0 1 1 0 0 0 0 0 0 1 1 0 1 1 0 1 0 1 0 0 1 0 1 0 1 0 1 0 1 1 1 0 1 1 1 0 0 1 0 0 1 0 1 1 1 0 0 1 0 1 0 1 0 0 1 0 1 1 1 0 1 1 0 1 1 1 1 0 0 1 0 0 0 1 0 0 1 1 1 1 0 0 1 1 32047.0 23604.0 7 2000000000000000.0
1 0 1 1 1 0 0 0 1 1 1 0 1 1 1 0 0 1 1 0 0 0 0 0 0 1 0 0 1 1 0 1 0 1 0 0 1 0 1 0 1 0 1 0 1 1 1 0 1 1 1 0 0 1 0 0 1 0 1 1 1 0 0 1 0 1 0 1 0 0 1 0 1 1 1 0 1 1 1 1 1 1 1 0 0 1 0 1 1 1 0 0 1 1 1 1 0 0 1 0 31849.0 24683.0 7 0.39901649287681085
1 0 1 1 1 0 0 1 1 0 1 0 1 0 0 0 0 1 0 0 0 1 1 1 0 0 1 1 0 1 1 1 1 1 0 1 0 1 1 0 1 1 0 0 0 1 1 1 0 1 0 1 0 1 0 0 0 0 1 0 0 1 1 0 0 1 1 1 0 1 0 0 1 1 0 1 1 1 1 0 1 1 0 1 1 0 1 0 0 1 0 0 1 1 1 1 0 0 1 0 29670.0 28144.0 7 0.3348822084841933
1 0 1 1 1 0 0 1 1 0 1 0 1 0 0 0 0 1 0 0 1 1 1 1 0 0 1 1 0 1 1 1 1 1 0 1 0 1 1 0 0 1 0 0 0 1 1 1 0 1 0 1 1 0 0 1 0 0 1 1 0 0 1 1 1 0 1 0 0 1 0 0 1 0 1 1 1 0 1 0 1 1 1 1 1 0 0 0 1 1 0 0 1 1 1 1 0 0 1 0 30471.0 27448.0 7 0.32931348407209127
1 0 1 1 1 0 0 1 1 0 1 0 1 0 0 0 0 1 0 0 1 1 1 1 0 0 1 1 0 1 1 1 1 1 0 1 0 1 1 0 0 1 0 0 0 1 1 1 0 1 0 1 0 0 0 1 0 1 1 0 0 1 1 0 1 1 1 1 0 0 0 0 1 1 0 1 1 1 1 0 1 0 0 1 0 0 1 0 1 1 0 0 1 1 1 1 0 0 1 1 29825.0 27723.0 7 0.3027460134913733
