1 0 1 1 1 0 1 1 1 1 1 1 1 1 0 1 0 1 0 0 1 0 1 0 0 0 1 1 1 1 1 1 0 1 0 1 1 0 0 0 0 1 1 1 1 1 1 1 1 1 0 1 0 1 0 1 0 0 1 1 0 0 1 1 1 0 0 1 0 1 0 0 1 1 0 0 1 1 1 0 1 0 0 1 0 0 0 0 1 0 0 0 1 1 1 1 1 0 0 0 32695.0 34063.0 0 2000000000000000.0
1 0 1 1 1 0 1 1 1 0 1 1 1 1 0 1 0 1 0 1 1 0 1 0 0 1 1 1 0 1 1 1 0 1 1 1 1 0 0 0 0 1 1 1 1 1 1 1 1 1 0 1 0 1 0 1 0 0 1 1 0 0 1 1 0 0 0 1 0 1 0 0 1 1 0 0 1 1 1 0 1 0 0 1 0 0 0 0 1 0 0 0 1 1 1 1 1 0 0 0 33382.0 33972.0 0 0.2628881757639726
0 0 1 1 1 0 1 1 1 0 1 1 1 1 0 1 0 1 0 0 1 0 1 0 0 1 1 1 0 1 1 1 0 1 0 1 1 0 0 0 0 1 1 1 1 1 1 1 1 1 0 1 0 1 0 1 0 0 1 0 1 0 1 1 1 0 0 1 0 1 0 1 1 1 0 0 1 1 1 1 1 1 0 1 0 0 0 0 0 0 0 0 1 1 1 1 1 0 0 0 33716.0 33820.0 0 0.12211540808070286
1 0 1 1 1 0 1 1 1 1 1 1 1 1 0 1 0 1 0 0 1 0 1 0 0 1 1 1 0 1 1 1 0 1 0 1 1 0 0 0 0 1 1 1 1 1 1 1 1 1 0 1 0 1 0 1 0 0 1 0 1 0 1 1 1 0 0 1 0 1 0 1 1 1 0 0 1 1 1 1 1 0 0 1 0 0 0 0 0 0 0 0 1 1 1 1 1 0 0 0 33790.0 33817.0 0 0.038845320689223646
1 0 1 1 1 0 1 1 1 1 1 1 1 1 0 1 0 1 0 0 1 0 1 0 0 1 1 1 0 1 1 1 0 1 0 1 1 0 0 0 0 1 1 1 1 1 1 1 1 1 0 1 0 1 0 1 0 0 1 1 0 0 1 1 1 0 0 1 0 1 0 1 1 1 0 0 1 1 1 1 1 0 0 1 0 0 0 0 0 0 0 0 1 1 1 1 1 0 0 0 33862.0 33781.0 0 0.38729517949423914
1 0 1 1 1 0 1 1 1 1 1 1 1 1 0 1 0 1 0 0 1 0 1 0 0 1 1 1 0 1 1 1 0 1 0 1 1 0 0 0 0 1 1 1 1 1 1 1 1 1 0 1 0 1 0 1 0 0 1 0 1 0 1 1 0 0 0 1 0 1 0 0 1 1 1 1 1 1 1 1 1 1 0 1 0 1 0 0 0 0 0 0 1 1 1 1 1 0 0 0 35774.0 33764.0 0 0.6936218055001893
1 0 1 1 1 0 1 1 1 0 1 1 1 1 0 1 0 1 0 0 0 0 1 0 0 1 1 1 0 1 1 1 0 1 0 1 1 0 0 0 0 1 1 1 1 1 1 1 1 1 0 1 0 1 0 1 0 0 1 1 1 0 1 1 0 0 0 1 0 1 1 1 1 1 1 1 1 1 1 1 1 0 0 0 0 1 1 0 0 0 0 0 1 1 1 1 1 0 0 0 36339.0 33002.0 0 0.37580059534555244
1 0 1 1 1 0 1 1 1 1 1 1 1 1 0 1 0 1 0 0 1 0 1 0 0 1 1 1 0 1 1 1 0 1 0 1 1 0 0 0 0 1 1 1 1 1 1 1 1 1 0 1 0 1 0 1 0 0 1 0 1 0 1 1 0 0 0 1 0 1 0 0 1 1 1 1 1 1 1 1 1 1 0 1 0 1 0 0 0 0 0 0 1 1 1 1 0 0 1 0 36394.0 32883.0 0 0.0764280966797711
1 0 1 1 1 0 1 1 1 1 1 1 1 1 0 1 0 1 0 0 0 0 1 0 0 1 1 1 0 1 1 1 0 1 0 1 1 0 0 0 0 1 1 1 1 1 1 1 1 1 0 1 0 1 0 1 0 0 1 1 1 0 1 1 0 0 0 1 0 1 0 1 1 1 1 1 1 1 1 1 1 0 0 0 0 1 1 0 0 0 0 0 1 1 1 1 1 0 0 0 36522.0 32859.0 0 0.2118129505824698
1 0 1 1 1 0 1 1 1 0 1 1 1 1 0 1 0 1 0 0 1 0 1 0 0 1 1 1 0 1 1 1 0 1 0 1 1 0 0 0 0 1 1 1 1 1 1 1 1 1 0 1 0 1 0 1 0 0 1 0 1 0 1 1 0 0 0 1 0 1 0 0 1 1 1 1 1 0 1 1 1 1 0 1 0 1 1 0 1 0 0 0 1 1 1 1 0 0 1 0 36705.0 32362.0 0 0.26540161531956796
1 0 1 1 1 0 1 1 1 1 1 1 1 1 0 1 0 1 0 0 1 0 1 0 0 1 1 1 0 1 1 1 0 1 0 1 1 0 0 0 0 1 1 1 1 1 1 1 1 1 0 1 0 1 0 1 0 0 1 1 1 0 1 1 0 0 0 1 0 1 0 1 1 1 1 1 1 0 1 1 1 0 0 0 0 1 1 0 0 0 0 0 1 1 1 1 1 0 0 0 36946.0 32228.0 0 0.19504004950574913
1 0 1 1 1 0 1 1 1 1 1 1 1 1 0 1 0 1 0 0 0 0 1 0 0 1 1 1 0 1 1 1 0 1 0 1 1 0 0 0 0 1 1 1 1 1 1 1 1 1 0 1 0 1 0 1 0 0 1 1 1 0 1 1 0 0 0 1 0 1 0 1 1 1 1 1 1 1 1 1 1 0 0 0 0 1 1 0 0 0 0 0 1 1 1 1 0 0 1 0 37142.0 31978.0 0 0.2448854158005137
1 0 1 1 1 0 1 1 1 0 1 1 1 1 0 1 0 1 0 0 1 0 1 0 0 1 1 1 0 1 1 1 0 1 0 1 1 0 0 0 0 1 1 1 1 1 1 0 1 1 0 1 0 1 0 1 0 0 1 1 1 0 1 1 0 0 0 1 0 1 0 1 1 1 1 1 1 1 1 1 1 0 0 0 0 1 1 0 1 0 0 0 1 1 1 1 0 0 1 0 37336.0 31645.0 0 0.24591049144994837
1 0 1 1 1 0 1 1 1 1 1 1 1 1 0 1 0 1 0 0 1 0 1 0 0 1 1 1 0 1 1 1 1 1 0 1 1 0 0 0 0 1 1 1 1 1 1 1 1 1 0 1 0 1 0 1 0 0 1 1 1 0 1 1 0 0 0 1 0 1 0 1 1 1 1 1 1 0 1 1 1 0 0 0 0 1 1 0 0 0 0 0 1 1 1 1 0 0 1 0 37624.0 31450.0 0 0.2805386246362383
1 0 1 1 0 0 1 1 1 1 1 1 1 1 0 1 0 1 0 0 1 0 1 0 0 1 1 1 0 1 1 1 0 1 1 1 1 0 0 0 0 1 1 1 1 1 1 1 1 1 0 1 0 1 0 1 0 0 1 1 1 0 1 1 0 0 0 1 0 1 0 1 1 1 1 1 1 0 1 1 1 0 0 0 0 1 1 0 0 0 0 0 1 1 1 1 0 0 1 0 37641.0 30887.0 0 0.20768310928644193
1 0 1 1 0 0 1 1 1 1 1 1 1 1 0 1 0 1 0 0 1 0 1 0 0 1 1 1 0 1 1 1 0 1 0 1 1 0 0 0 0 1 1 1 1 1 1 1 1 1 0 1 0 1 0 1 0 0 1 1 1 1 1 1 0 0 0 1 0 1 0 1 1 1 1 0 1 0 1 1 1 1 0 0 0 1 1 0 1 0 0 0 1 1 1 1 0 0 1 0 37828.0 30875.0 0 0.13739094561047432
1 0 1 1 1 0 1 1 1 1 1 1 1 1 0 1 0 1 0 0 1 0 1 0 0 1 1 1 0 1 1 1 0 1 0 1 1 0 0 0 0 1 1 0 1 1 1 1 1 1 0 1 0 1 0 1 0 0 1 1 1 0 1 1 0 0 0 1 0 1 0 1 1 1 1 1 1 0 1 1 1 0 0 0 0 1 1 0 1 0 0 0 1 1 1 1 0 0 1 0 38033.0 30670.0 0 2000000000000000.0
1 0 1 1 1 0 1 1 1 1 1 1 1 1 1 1 0 1 0 0 1 0 1 0 0 0 1 1 0 1 1 1 0 1 0 1 1 0 0 0 0 1 1 1 1 1 1 1 1 1 0 1 0 1 0 1 0 0 1 1 0 0 1 1 1 0 0 1 0 1 0 0 1 1 0 0 1 1 1 0 1 0 0 1 0 0 0 0 1 0 0 0 1 1 1 1 1 0 0 0 32658.0 33878.0 1 2000000000000000.0
1 0 1 1 1 0 1 1 1 1 1 1 1 1 0 1 0 1 0 0 1 0 1 0 0 0 1 1 0 1 1 1 0 1 0 1 1 0 0 0 0 1 1 1 1 1 1 1 1 1 0 1 0 1 0 1 0 0 1 0 1 0 1 1 1 0 0 1 0 1 0 1 1 1 0 0 1 1 1 1 1 0 0 1 0 0 0 1 0 0 0 0 1 1 1 1 1 0 0 0 33222.0 33721.0 1 0.18042951732380913
1 0 1 1 1 0 1 1 1 0 1 1 1 1 0 1 0 1 0 0 1 0 1 0 0 1 1 1 0 1 1 1 0 1 0 1 1 0 0 0 0 1 1 1 1 1 1 1 1 1 0 1 0 1 0 1 0 0 1 0 1 0 1 1 1 0 0 1 0 1 0 1 1 1 0 0 1 1 1 1 1 0 0 1 0 0 0 0 0 0 0 0 1 1 1 1 1 0 0 0 33360.0 33703.0 1 0.07929923616899535
1 0 1 1 1 0 1 1 1 1 1 1 1 1 0 1 0 1 0 0 1 0 1 0 0 0 1 1 1 1 1 1 0 1 0 1 1 0 0 0 0 1 1 1 1 1 1 1 1 1 0 1 0 1 0 1 0 0 1 1 0 0 1 1 0 0 0 1 0 1 0 1 1 1 1 0 1 1 1 0 1 0 0 1 0 0 0 0 0 0 0 0 1 1 1 1 1 0 0 0 33602.0 33696.0 1 0.1368683453124236
1 0 1 1 1 0 1 1 1 0 1 1 1 1 1 1 0 1 0 0 1 0 1 0 0 1 1 1 0 1 1 1 0 1 0 1 1 0 0 0 0 1 1 1 1 1 1 1 1 1 0 1 0 1 0 1 0 0 1 0 0 0 1 1 0 0 0 1 0 1 0 1 1 1 1 1 1 1 1 0 1 0 0 1 0 0 0 0 0 0 0 0 1 1 1 1 1 0 0 0 34056.0 33689.0 1 0.21346900901183855
1 0 1 1 1 0 1 1 1 0 1 1 1 1 0 1 0 1 0 0 1 0 1 0 0 1 1 1 1 1 1 1 0 1 0 1 1 0 0 0 0 1 1 0 1 1 1 1 1 1 0 1 0 1 0 1 0 0 1 0 1 0 1 1 1 0 0 1 0 1 0 1 1 1 0 0 1 1 1 1 1 1 0 1 0 0 0 0 0 0 0 0 1 1 1 1 1 0 0 0 34646.0 33644.0 1 0.227580485349853
1 0 1 1 1 0 1 1 1 1 1 1 1 1 0 1 0 1 0 0 1 0 1 0 0 1 1 1 0 1 1 1 0 1 0 1 1 0 0 0 0 1 1 1 1 1 1 1 1 1 0 1 0 1 0 1 0 0 1 1 0 0 1 0 0 0 0 1 0 1 0 1 1 1 1 1 1 1 1 1 1 0 0 1 0 1 0 0 0 0 0 0 1 1 1 1 1 0 0 0 35076.0 33566.0 1 0.26227529371057734
1 0 1 1 1 0 1 1 1 1 1 1 1 1 0 1 0 1 0 0 0 0 1 0 0 1 1 1 0 1 1 1 0 1 0 1 1 0 0 0 0 1 1 1 1 1 1 1 1 1 0 1 0 1 0 1 0 0 1 1 1 0 1 1 0 0 0 1 0 1 0 1 1 1 1 1 1 1 1 1 1 0 0 1 0 0 0 0 0 0 0 0 1 1 1 1 1 0 0 0 35594.0 33337.0 1 0.29882070155019774
1 0 1 0 1 0 1 1 1 0 1 1 1 1 0 1 0 1 0 0 1 0 1 0 0 1 1 1 0 1 1 1 0 1 0 1 1 0 0 0 0 1 1 1 1 1 1 1 1 1 0 1 0 1 0 1 0 0 1 1 1 0 1 1 0 0 0 1 0 1 0 1 1 1 1 1 1 1 1 1 1 0 0 1 0 1 0 0 0 0 0 0 1 1 1 1 1 0 0 0 35824.0 32975.0 1 0.1951071827375194
1 0 1 1 1 0 1 1 1 1 1 1 1 1 0 1 0 1 0 0 1 0 1 0 0 1 1 1 0 1 1 1 0 1 0 1 1 0 0 0 0 1 1 1 1 1 1 1 1 1 0 1 0 1 0 1 0 0 1 1 0 0 1 1 0 0 0 1 0 1 0 1 1 1 1 1 1 1 1 1 1 0 0 0 0 1 0 0 0 0 0 0 1 1 1 1 1 0 0 0 35906.0 32823.0 1 0.10537407797681515
1 0 1 1 1 0 1 1 1 1 1 1 1 1 0 1 0 1 0 0 0 0 1 0 0 1 1 1 0 1 0 1 0 1 0 1 1 0 0 0 0 1 1 1 1 1 1 1 1 1 0 1 0 1 0 1 0 0 1 1 1 0 1 1 0 0 0 1 0 1 0 1 1 1 1 1 1 1 1 1 1 0 0 0 0 1 1 0 0 0 0 0 1 1 1 1 1 0 0 0 36025.0 32721.0 1 0.1372248347304539
1 0 1 1 1 0 1 1 1 1 1 1 1 1 0 1 0 1 0 0 1 0 1 0 0 1 1 1 0 1 1 1 0 1 0 1 1 0 0 0 0 1 1 1 1 1 1 1 1 1 0 1 0 1 0 1 0 0 1 0 0 0 1 1 0 0 0 1 0 1 0 1 1 1 1 1 1 1 1 1 1 0 0 0 0 1 0 0 0 0 0 0 1 1 1 1 0 1 1 0 36111.0 32451.0 1 0.10806871857781422
1 0 1 1 1 0 1 1 1 0 1 1 1 1 0 1 0 1 0 0 1 0 1 0 0 1 1 1 0 1 1 1 0 1 0 1 1 0 0 0 0 1 1 1 1 1 1 1 1 1 0 1 0 1 0 1 0 0 1 0 1 0 1 1 1 0 0 1 0 1 0 1 1 1 1 1 1 1 1 1 1 0 0 0 0 1 0 0 0 0 0 0 1 1 1 1 0 0 1 0 36174.0 32419.0 1 0.04374596983470326
1 0 1 1 1 0 1 1 1 0 1 1 1 1 0 1 0 1 0 0 1 0 1 0 0 1 1 1 0 1 1 1 0 1 0 1 1 0 0 0 0 1 1 1 1 1 1 1 1 1 0 1 0 1 0 1 0 0 1 1 0 0 1 1 1 0 0 1 0 1 0 1 1 1 1 1 1 1 1 1 1 0 0 0 0 1 0 0 0 0 0 0 1 1 1 1 0 0 1 0 36246.0 32383.0 1 0.0377393852654527
1 0 1 1 1 0 1 1 1 1 1 1 1 1 0 1 0 1 0 0 1 0 1 0 0 0 1 1 0 1 1 1 0 1 0 1 1 0 0 0 0 1 1 1 1 1 1 1 1 1 0 1 0 1 0 1 0 0 1 0 1 0 1 1 0 0 0 1 0 1 0 0 1 1 1 1 1 0 1 1 1 1 0 1 0 1 1 0 1 0 0 0 1 1 1 1 0 0 1 0 36290.0 32360.0 1 0.11607531363204797
1 0 1 1 0 0 1 1 1 1 1 1 1 1 0 1 0 1 0 0 1 0 1 0 0 1 1 1 0 1 1 1 0 1 0 1 1 0 0 0 0 1 1 1 1 1 1 1 1 1 0 1 0 1 0 1 0 0 1 1 0 0 1 1 0 0 0 1 0 1 0 1 1 1 1 1 1 1 1 1 1 0 0 1 0 1 1 0 0 0 0 0 1 1 1 1 0 0 1 0 36664.0 32246.0 1 0.16363257474481824
1 0 1 1 1 0 1 1 1 1 1 1 1 1 0 1 0 1 0 0 1 0 1 0 0 1 0 1 0 1 1 1 0 1 0 1 1 0 0 0 0 1 1 1 1 1 1 1 1 1 0 1 0 1 0 1 0 0 1 1 1 0 1 1 0 0 0 1 0 1 0 1 1 1 1 1 1 1 1 1 1 0 0 0 0 1 1 0 0 0 0 0 1 1 1 1 0 0 1 0 36929.0 32203.0 1 0.20418979916014793
1 0 1 1 0 0 1 1 1 1 1 1 1 1 0 1 0 1 0 0 1 0 1 0 0 1 1 1 0 1 1 1 0 1 0 1 1 0 0 0 0 1 1 1 1 1 1 1 1 1 0 1 0 1 0 1 0 0 1 0 1 0 1 1 0 1 0 1 0 1 0 0 1 1 1 1 1 0 1 1 1 1 0 1 0 1 1 0 1 0 0 0 1 1 1 1 0 0 1 0 37051.0 31752.0 1 0.17176761083937092
1 0 1 1 1 0 1 1 1 0 1 1 1 1 0 1 0 1 0 0 1 0 1 0 0 1 1 1 0 1 1 1 0 1 0 1 1 1 0 0 0 1 1 1 1 1 1 1 1 1 0 1 0 1 0 1 0 0 1 0 1 0 1 1 0 0 0 1 0 1 0 0 1 1 1 1 1 0 1 1 1 1 0 0 0 1 1 0 1 1 0 0 1 1 1 1 0 0 1 0 37097.0 31673.0 1 0.09912109630980791
1 0 1 1 1 0 1 1 1 1 1 1 1 1 0 1 0 1 0 0 1 0 1 0 0 1 1 1 0 1 1 1 0 1 0 1 1 0 0 0 0 1 1 1 1 1 1 0 1 1 0 1 0 1 0 1 0 0 1 1 1 0 1 1 0 0 0 1 0 1 0 1 1 1 1 1 1 1 1 1 1 0 0 0 0 1 1 0 0 0 0 0 1 1 1 1 0 0 1 0 37262.0 31529.0 1 0.17562346329469214
1 0 1 1 1 0 1 1 1 1 1 1 1 1 0 1 0 1 0 0 1 0 1 0 0 1 1 1 0 1 1 1 0 1 0 1 1 0 0 0 0 1 1 1 1 1 1 1 1 1 0 1 0 1 0 1 0 0 1 1 1 0 1 1 0 0 0 1 0 1 0 1 1 1 1 1 1 0 1 1 1 0 0 0 0 1 1 0 0 0 0 0 1 1 1 1 0 0 1 0 37566.0 31347.0 1 0.2964628910243231
1 0 1 1 1 0 1 1 1 1 1 1 1 1 0 1 0 1 0 0 1 0 1 0 0 1 1 1 0 1 1 1 0 1 0 1 1 0 0 0 0 1 1 0 1 1 1 1 1 1 0 1 0 1 0 1 0 0 1 1 1 0 1 1 0 0 0 1 0 1 0 1 1 1 1 0 1 0 1 1 1 1 0 0 0 1 1 0 1 0 0 0 1 1 1 1 0 0 1 0 37754.0 30761.0 1 0.27959124294228876
1 0 1 1 1 0 1 1 1 1 1 1 1 1 0 1 0 1 0 0 1 0 1 0 0 1 1 1 0 1 1 1 0 1 0 1 1 0 0 0 0 1 1 0 1 1 1 1 1 1 0 1 0 1 0 1 0 0 1 1 1 0 1 1 0 0 0 1 0 1 0 1 1 1 1 1 1 0 1 1 1 0 0 0 0 1 1 1 0 0 0 0 1 1 1 1 0 0 1 0 37806.0 30460.0 1 0.20374811925619005
1 0 1 1 1 0 1 1 1 1 1 1 1 1 0 1 0 1 0 0 1 0 1 0 0 1 1 1 0 1 1 1 0 1 0 1 1 0 0 0 0 1 1 0 1 1 1 1 1 1 0 1 0 0 0 1 0 0 1 1 1 0 0 1 0 0 0 1 0 1 0 1 1 1 1 1 1 0 1 1 1 1 0 0 0 1 1 0 1 1 0 0 1 1 1 1 0 0 1 0 37884.0 30082.0 1 2000000000000000.0
1 0 1 1 1 0 1 1 1 1 1 1 1 1 0 1 0 1 0 0 1 0 1 0 0 0 1 1 0 1 1 1 0 1 0 1 1 0 0 0 0 1 1 1 1 1 1 1 1 1 0 1 0 1 0 1 0 0 1 0 1 0 1 1 1 0 0 1 0 1 0 1 1 1 0 0 1 1 1 1 1 0 0 1 0 0 0 0 0 0 0 0 1 1 1 1 1 0 0 0 32945.0 33701.0 2 2000000000000000.0
1 0 1 1 1 0 1 1 1 1 1 1 1 1 0 1 0 1 0 0 1 0 1 0 0 0 1 1 0 1 1 1 0 1 0 1 1 0 0 0 0 1 1 1 1 1 1 1 1 1 0 1 0 1 0 1 0 0 1 0 1 0 1 1 0 0 0 1 0 1 0 0 1 1 1 1 1 1 1 0 1 0 0 1 1 0 0 0 0 0 0 0 1 1 1 1 1 0 0 0 33120.0 33672.0 2 0.1115000316797667
1 0 1 1 1 0 1 1 1 0 1 1 1 1 0 1 0 1 0 0 1 0 1 0 0 1 1 1 0 1 1 1 0 1 0 1 1 0 0 0 0 1 1 1 1 1 1 1 1 1 0 1 0 1 0 1 0 0 1 1 0 0 1 1 1 0 0 1 0 1 0 1 1 1 0 0 1 1 1 1 1 0 0 1 0 0 0 0 0 0 0 0 1 1 1 1 1 0 0 0 33432.0 33667.0 2 0.12199531762232105
0 0 1 1 1 0 1 1 1 1 1 1 1 1 0 1 0 1 0 0 1 0 1 0 0 1 1 1 0 1 1 1 0 1 0 1 1 0 0 0 0 1 1 1 1 1 1 1 1 1 0 1 0 1 0 1 0 0 1 0 1 0 1 1 0 0 0 1 0 1 0 0 1 1 1 1 1 1 1 0 1 0 0 1 1 0 0 0 0 0 0 0 1 1 1 1 1 0 0 0 33649.0 33632.0 2 0.2708502287111592
1 0 1 1 1 0 1 1 1 1 1 1 1 1 0 1 0 1 0 0 1 0 1 0 0 1 1 1 0 1 1 1 0 1 0 1 1 0 0 0 0 1 1 1 1 1 1 1 1 1 0 1 0 1 0 1 0 0 1 0 0 0 1 1 0 0 0 1 0 1 0 1 1 1 1 1 1 1 1 1 1 0 0 1 0 0 0 0 0 0 0 0 1 1 1 1 1 0 0 0 34587.0 33564.0 2 0.315547209024307
1 0 1 1 1 0 1 1 1 1 1 1 1 1 0 1 0 1 0 0 1 0 1 0 0 1 1 1 0 1 1 1 0 1 0 1 1 0 0 0 0 1 1 1 1 1 1 1 1 1 0 1 0 1 0 1 0 0 1 1 0 0 1 1 0 0 0 1 0 1 0 1 1 1 0 0 1 1 1 1 1 0 0 1 0 0 0 0 0 0 0 0 1 1 1 1 1 0 1 0 34616.0 33236.0 2 0.18226173669571955
1 0 1 1 1 0 1 1 1 1 0 1 0 1 0 1 0 1 0 0 1 0 1 0 0 0 1 1 1 1 1 1 0 1 0 1 1 0 0 0 0 1 1 1 1 1 1 1 1 1 0 1 0 1 0 1 0 0 1 1 0 0 1 1 0 0 0 1 0 1 0 1 1 1 1 1 1 1 1 1 1 0 0 1 0 1 0 0 0 0 0 0 1 1 1 1 1 0 0 0 34746.0 33044.0 2 0.13716321979998408
1 0 1 1 1 0 1 1 1 1 1 1 1 1 0 1 0 1 0 0 1 0 1 0 0 1 1 1 0 1 1 1 0 1 0 1 1 0 0 0 0 1 1 1 1 1 1 1 0 1 0 1 0 1 0 1 0 0 1 1 0 0 1 1 0 0 0 1 0 1 0 1 1 1 1 1 1 1 1 1 1 0 0 1 0 1 0 0 0 0 0 0 1 1 1 1 1 0 0 0 34994.0 33033.0 2 0.12370183312678333
1 0 1 1 1 0 1 1 1 1 1 1 1 1 1 1 0 1 0 0 0 0 1 0 0 1 0 1 0 1 1 1 0 1 0 1 1 0 0 0 0 1 1 1 1 1 1 1 1 1 0 1 0 1 0 1 0 0 1 1 1 0 1 1 0 0 0 1 0 1 0 1 1 1 1 0 1 1 1 1 1 0 0 0 0 1 1 0 0 0 0 0 1 1 1 1 1 0 0 0 35301.0 33017.0 2 0.09064528156487545
1 0 1 1 1 0 1 1 1 1 0 1 1 1 0 1 0 1 0 0 1 0 1 0 0 0 1 1 1 1 1 1 0 1 0 1 1 0 0 0 0 1 1 1 1 1 1 1 1 1 0 1 0 1 0 1 0 0 1 1 0 0 1 1 0 0 0 1 0 1 0 1 1 1 1 1 1 1 1 1 1 0 0 0 0 1 0 0 0 0 0 0 1 1 1 1 1 0 0 0 35303.0 32942.0 2 0.12472157435397235
1 0 1 1 1 0 1 1 1 0 1 1 1 1 0 1 0 1 0 0 1 0 1 0 0 1 1 1 0 1 1 1 0 1 0 1 1 0 0 0 0 1 1 1 1 1 1 0 1 1 0 1 0 1 0 1 0 0 1 1 1 0 1 1 0 0 0 1 0 1 0 1 1 1 1 1 1 1 1 1 1 0 0 1 0 1 0 0 0 0 0 0 1 1 1 1 1 0 0 0 35758.0 32915.0 2 0.14784972219417214
1 0 1 1 1 0 1 1 1 0 1 1 1 1 0 1 0 1 0 0 1 0 1 0 0 1 0 1 0 1 1 1 0 1 0 1 1 0 0 0 1 1 1 1 1 1 1 1 1 1 0 1 0 1 0 1 0 0 1 1 1 0 1 1 0 0 0 1 0 1 0 1 1 1 1 1 1 1 1 1 1 0 0 0 0 1 0 0 0 0 0 0 1 1 1 1 1 0 0 0 35846.0 32822.0 2 0.06921730129807824
1 0 1 1 1 0 1 1 1 0 1 1 1 1 0 1 0 1 0 0 1 0 1 0 0 1 1 1 0 1 1 1 0 1 0 1 1 0 0 0 0 1 1 1 1 1 1 1 1 1 0 1 0 1 0 1 0 0 1 1 0 1 1 1 0 0 0 1 0 1 0 1 1 1 1 1 1 1 1 1 1 0 0 0 0 1 0 0 0 0 0 0 1 1 1 1 1 0 0 0 35889.0 32769.0 2 0.06918550175663847
1 0 1 1 1 0 1 1 1 1 1 1 1 1 0 1 0 1 0 0 1 0 1 0 0 1 1 1 0 1 1 1 0 1 0 1 1 0 0 0 0 1 1 1 1 1 1 1 1 1 0 1 0 1 0 1 0 0 1 1 1 0 1 1 0 0 0 1 0 1 0 1 1 1 1 1 1 0 1 1 1 0 0 1 0 0 0 0 0 0 0 0 1 1 1 1 1 0 0 0 36018.0 32706.0 2 0.17643086258681068
1 0 1 1 1 0 1 1 1 1 1 1 1 1 0 1 0 1 0 0 1 0 1 0 0 1 1 1 0 1 1 1 1 1 0 1 1 0 0 0 0 1 1 1 1 1 1 1 1 1 0 1 0 1 0 1 0 1 1 1 0 0 1 1 0 0 0 1 0 1 0 1 1 1 1 1 1 1 1 1 1 0 0 0 0 1 0 0 0 1 0 0 1 1 1 1 0 0 0 0 36112.0 32316.0 2 0.15804707457992137
1 0 1 1 1 0 1 1 1 0 1 1 1 1 0 1 0 1 0 0 1 0 1 0 0 1 1 1 0 1 1 1 0 1 0 1 1 0 0 0 0 1 1 1 1 1 1 0 1 1 0 1 0 1 0 1 0 0 1 1 1 0 1 1 0 0 0 1 0 1 0 1 1 1 1 1 1 1 1 1 1 0 0 0 0 1 1 0 0 0 0 0 1 1 1 1 1 0 0 0 36212.0 32296.0 2 0.11811852832919666
1 0 1 1 1 0 1 1 1 0 1 1 1 1 0 1 0 1 0 0 1 0 1 0 0 1 1 1 0 1 1 1 0 1 1 1 1 0 0 0 0 1 1 1 1 1 1 1 1 1 0 1 0 1 0 1 0 0 1 1 0 0 1 1 0 0 0 1 0 1 0 1 1 1 1 1 1 1 1 1 1 0 0 0 0 1 0 0 0 0 0 0 1 1 1 1 0 0 1 0 36547.0 32221.0 2 0.17356602932240717
1 0 1 1 1 0 1 1 1 1 1 1 1 1 0 1 0 1 0 0 1 0 1 0 1 1 1 1 0 1 1 1 0 1 0 1 1 0 0 0 0 1 1 1 1 1 1 1 1 1 0 1 0 1 0 1 0 0 1 1 0 0 1 1 0 0 0 1 0 1 0 1 1 1 1 1 1 1 1 1 1 0 0 0 0 1 0 0 0 0 0 0 1 1 1 1 0 0 1 0 36911.0 32200.0 2 0.26960208173810923
1 0 1 1 1 0 1 1 1 0 1 1 1 1 0 1 0 1 0 0 1 0 1 0 0 1 1 1 0 1 1 1 0 1 0 1 1 0 0 0 0 1 1 1 1 1 1 1 1 1 0 1 0 1 0 1 0 0 1 0 1 0 1 1 0 0 0 1 0 1 0 0 1 1 1 1 1 0 1 1 1 1 0 0 0 1 1 0 1 1 0 0 1 1 1 1 0 0 1 0 37076.0 31666.0 2 0.2436618603246695
1 0 1 1 1 0 1 1 1 1 1 1 1 1 0 1 0 1 0 0 0 0 1 0 0 1 1 1 0 1 1 1 0 1 0 1 1 0 0 0 0 1 1 1 1 1 1 0 1 1 0 1 0 1 0 1 0 0 1 1 1 0 1 1 0 0 0 1 0 1 0 1 1 1 1 1 1 1 1 1 1 0 0 0 0 1 1 0 1 0 0 0 1 1 1 1 0 0 1 0 37095.0 31484.0 2 0.12101378375377256
1 0 1 1 0 0 1 1 1 1 1 1 1 1 0 1 0 1 0 0 1 0 1 0 0 1 1 1 0 1 1 1 0 1 0 1 1 0 0 0 0 1 1 1 1 1 1 1 1 1 0 1 0 1 0 1 1 0 1 1 1 1 1 1 0 0 0 1 0 1 0 1 1 1 1 0 1 0 1 1 1 1 0 0 0 1 1 0 1 0 0 0 1 1 1 1 0 0 0 0 37149.0 31297.0 2 0.12365009150003309
1 0 1 1 0 0 1 1 1 1 1 1 1 1 0 1 0 1 0 0 1 0 1 0 0 1 1 1 0 1 1 1 0 1 0 1 1 0 0 0 0 1 1 1 1 1 1 1 1 1 0 1 0 1 0 1 0 0 1 1 1 0 1 1 0 0 0 1 0 1 0 1 1 1 1 1 1 1 1 1 1 0 0 0 0 1 0 1 0 0 0 0 1 1 1 1 0 0 1 0 37230.0 31151.0 2 0.06340960312615072
0 0 1 1 1 0 1 1 1 0 1 1 1 1 0 1 0 1 0 0 1 0 1 0 0 1 1 1 0 1 1 1 0 1 0 1 1 0 0 0 0 1 1 1 1 1 1 1 1 1 0 1 0 1 0 1 0 0 1 1 1 1 1 1 0 0 0 1 0 1 0 1 1 1 1 1 1 0 1 1 1 0 0 0 0 1 1 0 0 0 0 0 1 1 1 1 0 0 1 0 37233.0 31137.0 2 0.046601958492434786
1 0 1 1 1 0 1 1 1 1 1 1 1 1 0 1 0 1 0 0 1 0 0 0 0 1 0 1 0 1 1 1 0 1 0 1 1 0 0 0 0 1 1 0 1 1 1 1 1 1 0 1 0 1 0 1 0 1 1 0 1 0 1 1 0 0 0 1 0 1 0 1 1 1 1 1 1 1 1 1 1 1 0 0 0 1 1 0 1 1 0 0 1 1 1 1 0 0 1 0 37416.0 31124.0 2 0.06270600084295581
1 0 1 1 0 0 1 1 1 1 1 1 1 1 0 1 0 1 0 0 1 0 1 0 0 1 1 1 0 1 1 1 0 1 0 1 1 0 0 0 0 1 1 1 1 1 1 1 1 1 0 1 0 1 0 1 0 0 1 0 1 0 1 1 0 1 0 1 0 1 0 0 1 1 1 1 1 0 1 1 1 1 0 0 0 1 1 0 1 1 0 0 1 1 1 1 0 0 1 0 37422.0 31056.0 2 0.028134150228219343
1 0 1 1 1 0 1 1 1 1 1 1 1 1 0 1 0 1 0 1 0 0 1 0 0 1 1 1 0 1 1 1 0 1 0 1 1 0 0 0 0 1 1 0 1 1 1 1 1 1 0 1 0 1 0 1 0 0 1 1 1 0 1 1 0 0 0 1 0 1 0 1 1 1 1 1 1 0 1 1 1 0 0 0 0 1 0 0 0 0 0 0 1 1 1 1 0 1 1 0 37456.0 31055.0 2 0.044868194793329985
1 0 1 1 1 0 1 1 1 1 1 1 1 1 0 1 0 1 0 0 1 0 1 0 0 1 1 1 0 1 1 1 1 1 0 1 1 0 0 0 0 1 1 0 1 1 1 1 1 1 0 1 0 1 0 1 0 0 1 0 1 0 1 1 0 0 0 1 0 1 0 0 1 1 1 1 1 0 1 1 1 1 0 0 0 1 1 0 1 1 0 0 1 1 1 1 0 0 1 0 37527.0 30976.0 2 0.17430873725637383
1 0 1 1 0 0 1 1 1 1 1 1 1 1 0 1 0 1 0 0 1 0 1 0 0 1 1 1 0 1 1 1 0 1 0 1 1 0 0 0 0 1 1 1 1 1 1 1 1 1 0 1 0 1 0 1 0 0 1 1 1 1 1 1 0 0 0 1 0 1 0 1 1 1 1 1 1 0 1 1 1 0 0 0 0 1 1 0 0 0 0 0 1 1 1 1 0 0 1 0 37603.0 30554.0 2 0.17358016245193506
1 0 1 1 1 0 1 1 1 1 1 1 1 1 0 1 0 1 0 0 1 0 1 0 0 1 1 1 0 1 1 1 0 1 0 1 1 0 0 0 0 1 1 0 1 1 1 1 1 1 0 1 0 1 1 1 0 0 1 1 1 0 1 1 0 0 0 1 0 1 0 1 1 1 1 1 1 0 1 1 1 0 0 0 0 1 1 0 0 0 0 0 1 1 1 1 0 0 1 0 37676.0 30479.0 2 0.1247670279358039
1 0 1 1 1 0 1 1 1 1 1 1 1 1 0 1 0 1 0 0 0 0 1 0 0 1 1 1 0 1 1 1 0 1 0 1 1 0 0 0 0 1 1 0 1 1 1 1 1 1 0 1 0 1 0 1 0 0 1 1 1 0 1 1 0 0 0 1 0 1 0 1 1 1 1 1 1 0 1 1 1 0 0 0 0 1 1 1 0 0 0 0 1 1 1 1 0 0 1 1 37731.0 30212.0 2 2000000000000000.0
0 0 1 1 1 0 1 1 1 1 1 1 1 1 0 1 0 1 0 0 1 0 1 0 0 1 1 1 0 1 1 1 0 1 0 1 1 0 0 0 0 1 1 1 1 1 1 1 1 1 0 1 0 1 0 1 0 0 1 1 0 0 1 1 1 0 0 1 0 1 0 1 1 1 0 0 1 1 1 1 1 0 0 1 0 0 0 0 0 0 0 0 1 1 1 1 1 0 0 0 33546.0 33625.0 3 2000000000000000.0
1 0 1 1 1 0 1 1 1 1 1 1 1 1 0 1 0 1 0 0 1 0 1 0 0 1 1 1 0 1 1 1 1 1 0 1 1 0 0 0 0 1 1 1 1 1 1 1 1 1 0 1 0 1 0 1 0 0 1 0 0 0 1 1 0 0 0 1 0 1 0 1 1 1 1 1 1 1 1 0 1 0 0 1 0 0 0 0 0 0 0 0 1 1 1 1 1 0 0 0 33930.0 33516.0 3 0.3243429123648953
1 0 1 1 1 0 1 1 1 1 1 1 1 1 0 1 0 1 0 0 1 0 1 0 0 0 1 1 0 1 1 1 0 1 0 1 1 0 0 0 0 1 1 1 1 1 1 1 1 1 0 1 0 1 0 1 0 0 1 1 0 0 1 1 0 0 0 1 0 1 0 1 1 1 1 0 1 1 1 1 1 0 0 1 0 0 0 0 0 0 0 0 1 1 1 1 1 0 1 0 34570.0 33282.0 3 0.5396797914486693
1 0 1 1 1 0 1 1 1 1 1 1 1 1 0 1 0 1 0 0 1 0 0 0 0 1 1 1 0 1 1 1 0 1 0 1 1 0 0 0 0 1 1 1 1 1 1 1 1 1 0 1 0 1 0 1 0 0 1 0 1 0 1 1 0 0 0 1 0 1 0 0 1 1 1 1 1 1 1 1 1 1 0 1 0 0 0 0 1 0 0 0 1 1 1 1 1 0 0 0 35595.0 32903.0 3 0.4358511021988999
1 0 1 1 0 0 1 1 1 1 1 1 1 1 0 1 0 1 0 0 1 0 1 0 0 1 1 1 0 1 1 1 0 1 0 1 1 0 0 0 0 1 1 1 1 1 1 1 1 1 0 1 0 1 0 1 0 0 1 1 1 0 1 1 0 0 0 1 0 1 0 1 1 1 1 1 1 1 1 1 1 0 0 1 0 0 0 0 0 0 0 0 1 1 1 1 1 0 0 0 35889.0 32759.0 3 0.1916910980763498
1 0 1 1 0 0 1 1 1 1 1 1 1 1 0 1 0 1 0 0 1 0 1 0 0 1 1 1 0 1 1 1 0 1 0 1 1 0 0 0 0 1 1 1 1 1 1 1 1 1 0 1 0 1 0 1 0 0 1 0 1 0 1 1 0 1 0 1 0 1 0 0 1 1 1 1 1 0 1 1 1 1 0 1 0 1 1 0 0 0 0 0 1 1 1 1 1 0 0 0 35927.0 32403.0 3 0.11238913825046717
1 0 1 1 1 0 1 1 1 1 1 0 1 1 0 1 0 1 0 0 1 0 1 0 0 1 1 1 0 1 1 1 0 1 0 1 1 0 0 0 0 1 1 1 1 1 1 1 1 1 0 1 1 1 0 1 0 0 1 1 0 0 1 1 0 0 0 1 0 1 0 0 1 1 1 1 1 1 1 1 1 0 0 0 0 1 0 0 0 0 0 0 1 1 1 1 1 0 1 0 35968.0 32340.0 3 0.048511403088369084
1 0 1 1 1 0 1 1 1 1 1 1 1 1 0 1 0 1 0 0 1 0 1 0 0 1 1 0 0 1 1 1 0 1 0 1 1 0 0 0 0 1 1 1 1 1 1 1 1 1 0 1 0 1 0 1 0 0 1 1 0 0 1 1 0 0 0 1 0 1 0 1 1 1 1 1 1 1 1 1 1 0 0 0 0 1 0 0 0 0 0 0 1 1 1 1 1 0 0 1 36040.0 32308.0 3 0.05251763500468326
1 0 1 1 1 0 1 1 1 1 1 1 1 1 0 1 0 1 0 0 1 0 1 0 0 1 1 1 0 1 1 1 1 1 0 1 1 0 0 0 0 1 1 1 1 1 1 1 1 1 0 1 0 1 0 1 0 0 1 1 0 0 1 1 0 0 0 1 0 1 0 1 1 1 1 1 1 1 1 1 1 0 0 0 0 1 0 0 0 1 0 0 1 1 1 1 0 0 0 0 36081.0 32227.0 3 0.04551990860948413
1 0 1 1 1 0 1 1 1 1 1 1 1 1 0 1 0 1 0 0 1 0 1 0 0 1 1 1 0 1 1 1 1 1 0 1 1 0 0 0 0 1 1 1 1 1 1 1 1 1 0 1 0 1 0 1 0 1 1 1 0 0 1 1 0 0 0 1 0 1 0 1 1 1 1 0 1 1 1 1 1 0 0 0 0 1 1 0 0 0 0 0 1 1 1 1 0 0 1 0 36148.0 32221.0 3 0.09545571737031354
1 0 1 1 1 0 1 1 1 0 1 1 1 1 0 1 0 1 0 0 1 0 1 0 0 1 0 1 0 1 1 1 0 1 0 1 1 0 0 0 0 1 1 0 1 1 1 1 1 1 0 1 0 1 0 1 0 0 1 0 1 0 1 1 0 0 0 1 0 1 0 0 1 1 1 1 1 1 1 1 1 1 0 0 1 1 1 0 1 1 0 0 1 1 1 1 0 0 1 0 36454.0 32204.0 3 0.1320655574827299
1 0 1 1 1 0 1 1 1 1 1 1 1 1 0 1 0 1 0 0 0 0 1 0 0 1 1 1 0 1 1 1 0 1 0 1 1 0 0 0 0 1 1 0 1 1 1 1 1 1 0 1 0 1 0 1 0 0 1 0 1 0 1 1 0 0 0 1 0 1 0 0 1 1 1 1 1 1 1 1 1 1 0 1 0 1 1 0 1 0 0 0 1 1 1 1 0 0 1 0 36674.0 32200.0 3 0.16227837420141933
1 0 1 1 1 0 1 1 1 1 1 1 1 1 0 1 0 1 0 0 1 0 1 0 0 1 1 1 0 1 1 1 0 1 0 1 1 0 0 0 0 1 1 1 1 1 1 1 1 1 0 1 0 1 0 1 0 0 1 0 1 0 1 1 1 0 0 1 0 1 0 1 1 1 1 1 1 0 1 1 1 0 0 0 0 1 1 0 0 0 0 0 1 1 1 1 0 0 1 0 36841.0 31896.0 3 0.127940198355966
1 0 1 1 1 0 1 1 1 0 1 1 1 1 0 1 0 1 0 0 1 0 1 0 0 1 1 1 0 1 1 1 0 1 0 1 1 0 0 0 0 1 1 1 1 1 1 1 1 1 0 1 0 1 0 1 0 0 1 1 1 0 1 1 0 0 0 1 0 1 0 1 1 1 1 1 1 1 1 1 1 0 0 0 0 1 0 0 0 0 0 0 1 1 1 1 0 0 1 0 36899.0 31870.0 3 0.10669927769560505
1 0 1 1 1 0 1 1 1 0 1 1 0 1 0 1 0 1 0 0 1 0 1 0 0 1 1 1 0 1 1 1 0 1 0 1 1 0 0 0 0 1 1 1 1 1 1 1 1 1 0 1 0 1 0 1 0 0 1 1 1 0 1 1 0 0 0 1 0 1 0 0 1 1 1 1 1 0 1 1 1 1 0 1 0 1 1 0 1 0 0 0 1 1 1 1 0 0 1 0 36993.0 31582.0 3 0.1168197002123294
1 0 1 1 1 0 1 1 1 1 1 1 1 1 0 1 0 1 0 0 0 0 1 0 0 1 1 1 0 1 1 1 0 1 0 1 1 0 0 0 0 1 1 0 1 1 1 1 1 1 0 1 0 1 0 1 0 0 1 0 1 0 1 1 0 0 0 1 0 1 0 0 1 1 1 1 1 1 1 1 1 1 0 0 0 1 1 0 1 1 0 0 1 1 1 1 0 0 1 0 37045.0 31504.0 3 0.07581557533833702
1 0 1 1 1 0 1 1 1 0 1 1 1 1 0 1 0 1 0 0 1 0 1 0 0 1 1 1 0 1 1 1 0 1 0 1 1 0 0 0 0 1 1 0 1 1 1 1 1 1 0 1 0 1 0 1 0 0 1 0 1 0 1 1 0 0 0 1 0 1 0 0 1 1 1 1 1 0 1 1 1 1 0 0 1 1 1 0 1 1 0 0 1 1 1 1 0 0 1 0 37091.0 31348.0 3 0.08235528186602828
1 0 1 1 1 0 1 1 1 0 1 1 1 1 0 1 0 1 0 0 1 0 1 0 0 1 1 1 0 1 1 1 0 1 0 1 1 0 0 0 0 1 1 1 1 1 1 1 1 1 0 1 0 1 0 1 0 0 1 1 1 0 1 1 0 0 0 1 0 1 0 1 1 1 1 1 1 0 1 1 1 0 0 0 0 1 1 0 0 0 0 0 1 1 1 1 0 0 1 0 37136.0 31233.0 3 0.17078987862877387
1 0 1 1 0 0 1 1 1 1 1 1 1 1 0 1 0 1 0 0 1 0 1 0 0 1 1 1 0 1 1 1 0 1 0 1 1 0 0 0 0 1 1 1 1 1 1 0 1 1 0 1 0 1 0 1 0 0 1 1 1 0 1 1 0 0 0 1 0 1 0 1 1 1 1 1 1 1 1 1 1 0 0 0 0 1 1 0 1 0 0 0 1 1 1 1 0 0 1 0 37390.0 30906.0 3 0.16077370589712192
1 0 1 1 1 0 1 1 1 1 1 1 1 1 0 1 0 1 0 0 1 0 1 0 0 1 1 1 0 1 1 1 0 1 0 1 1 0 0 0 0 1 1 0 1 1 1 1 1 1 0 1 0 1 0 1 0 0 1 0 1 0 1 1 0 0 0 1 0 1 0 0 1 1 1 1 1 0 1 1 1 1 0 0 0 1 1 0 1 1 0 0 1 1 1 1 0 0 1 0 37469.0 30873.0 3 0.055744580911280865
1 0 1 1 1 0 1 1 1 1 1 1 1 1 0 1 0 1 0 0 1 0 1 0 0 1 1 1 0 1 1 1 0 1 0 1 1 0 0 0 0 1 1 1 1 1 1 1 1 1 0 1 0 0 0 1 0 0 1 1 1 0 0 1 0 0 0 1 0 1 0 1 1 1 1 1 1 0 1 1 1 1 0 0 0 1 1 0 1 0 0 0 1 1 1 1 0 0 1 0 37520.0 30797.0 3 0.11090349795761265
1 0 1 1 1 0 1 1 1 1 1 1 1 1 0 1 0 1 0 0 1 0 1 0 0 1 1 1 0 1 1 1 0 1 0 1 1 0 0 0 0 1 1 0 1 1 1 1 1 1 0 1 0 1 0 1 0 0 1 1 1 0 1 1 0 0 0 1 0 1 0 1 1 1 1 1 1 0 1 1 1 0 0 0 0 1 1 0 0 0 0 0 1 1 1 1 0 0 1 0 37529.0 30440.0 3 0.40811580803527736
1 0 1 1 1 0 1 1 1 1 1 1 1 1 0 1 0 1 0 0 1 0 0 0 0 1 1 1 0 1 1 1 0 1 0 1 1 0 0 0 0 1 1 0 1 1 1 1 1 1 0 1 0 0 0 1 0 0 1 1 1 0 0 1 0 0 0 1 0 1 0 1 1 1 1 1 1 0 1 1 1 1 0 0 0 1 1 0 1 1 0 0 1 1 1 1 0 0 1 0 37675.0 29132.0 3 2000000000000000.0
1 0 1 1 1 0 1 1 1 1 0 1 1 1 0 1 0 1 0 0 1 0 1 0 0 1 1 1 0 1 1 1 0 1 0 1 1 0 0 0 0 1 1 1 1 1 1 1 1 1 0 1 0 1 0 1 0 1 1 1 0 0 1 1 1 0 0 1 0 1 0 0 1 1 0 0 1 1 1 0 1 0 0 1 0 0 1 0 1 0 0 0 1 1 1 1 1 0 0 0 32995.0 33622.0 4 2000000000000000.0
0 0 1 1 0 0 1 1 1 1 1 1 1 1 0 1 0 1 0 0 1 0 1 0 0 1 1 1 0 1 1 1 0 1 0 1 1 0 0 0 0 1 1 1 1 1 1 1 1 1 0 1 0 1 0 1 0 0 1 1 1 1 1 1 0 0 0 1 0 1 0 1 1 1 1 0 1 0 1 1 1 1 0 0 0 1 1 0 1 0 0 0 1 1 1 1 0 0 1 0 37512.0 30719.0 4 2000000000000000.0
1 0 1 1 0 0 1 1 1 1 1 1 1 1 0 1 0 1 0 0 1 0 1 0 0 1 1 1 0 1 1 1 0 1 0 1 1 0 0 0 0 1 1 1 1 1 1 1 1 1 0 1 0 1 0 1 0 0 1 1 0 0 1 1 0 0 0 1 0 1 0 1 1 1 1 1 1 1 1 1 1 0 0 1 0 1 0 0 0 0 0 0 1 1 1 1 1 0 0 0 35560.0 32858.0 4 0.3873235500044847
1 0 1 1 1 0 1 1 1 1 1 1 1 1 1 1 0 1 0 0 1 0 1 0 0 0 1 1 0 1 1 1 0 1 0 1 1 1 0 0 0 1 1 1 1 1 1 1 1 1 0 1 0 1 0 1 0 0 1 1 0 0 1 1 0 0 0 0 0 1 0 1 1 1 1 1 1 1 1 1 1 0 0 0 0 1 0 0 0 0 0 0 1 1 1 1 1 0 0 0 34755.0 32899.0 4 0.3676803007980394
1 0 1 1 1 0 1 1 1 1 1 1 1 1 0 1 0 1 0 0 1 0 1 0 0 1 1 1 0 1 1 1 0 1 0 1 1 0 0 0 0 1 1 1 1 1 1 1 1 1 0 1 0 1 0 1 0 0 1 1 0 0 1 1 0 0 0 1 0 1 0 1 1 1 1 1 1 1 1 1 1 0 0 0 0 1 0 0 0 0 0 0 1 1 0 1 1 0 0 0 35739.0 32407.0 4 0.32862853394733627
1 0 1 1 1 0 1 1 1 1 1 1 1 1 1 1 0 1 0 0 0 0 1 0 0 1 0 1 0 1 1 1 0 1 0 1 1 0 0 0 0 1 1 1 1 1 1 1 1 1 0 1 0 1 0 1 0 0 1 1 1 0 1 1 0 0 0 1 0 1 0 1 1 1 1 0 1 1 1 1 1 0 0 0 0 1 1 0 0 0 0 0 1 1 1 1 0 0 1 0 35921.0 32136.0 4 0.28797467461499404
