1 0 1 1 1 0 1 1 1 1 1 1 1 1 0 1 0 1 0 0 1 0 1 0 0 0 1 1 0 1 1 1 0 1 0 1 1 0 0 0 0 1 1 1 1 1 1 1 1 1 0 1 0 1 0 1 0 0 1 0 0 0 1 1 0 0 0 1 0 1 0 1 1 1 0 0 1 1 1 0 1 0 0 1 1 0 0 0 0 0 0 0 1 1 1 1 1 0 0 0 31329.0 33542.0 0 2000000000000000.0
1 0 1 1 1 0 1 1 1 1 1 1 1 1 0 1 0 1 0 0 1 0 1 0 0 1 1 1 0 1 1 1 1 1 0 1 1 0 0 0 0 1 1 1 1 1 1 1 1 1 0 1 0 1 0 1 0 0 1 0 0 0 1 1 0 0 0 1 0 1 0 1 1 1 1 1 1 1 1 0 1 0 0 1 0 0 0 0 0 0 0 0 1 1 1 1 1 0 0 0 33930.0 33516.0 0 0.5955190461986116
1 0 1 1 1 0 1 1 1 1 1 1 1 1 0 1 0 1 0 0 1 0 1 0 0 0 1 1 0 1 1 1 0 1 0 1 1 0 0 0 0 1 1 1 1 1 1 1 1 1 0 1 0 1 0 1 0 0 1 1 0 0 1 1 0 0 0 1 0 1 0 1 1 1 1 0 1 1 1 1 1 0 0 1 0 0 0 0 0 0 0 0 1 1 1 1 1 0 1 0 34570.0 33282.0 0 0.19949620544069047
1 0 1 1 1 0 1 1 1 1 1 1 1 1 0 1 0 1 0 0 1 0 1 0 0 1 1 1 0 1 1 1 0 1 0 1 1 0 0 0 0 1 1 1 1 1 1 1 1 1 0 1 0 1 0 1 0 0 1 1 0 0 1 1 0 0 0 1 0 1 0 1 1 1 0 0 1 1 1 1 1 0 0 1 0 0 0 0 0 0 0 0 1 1 1 1 1 0 1 0 34616.0 33236.0 0 0.36034623157893253
1 0 1 1 1 0 1 1 1 1 1 1 1 1 0 1 0 1 0 0 1 0 1 0 0 1 1 1 0 1 1 1 0 1 0 1 1 0 0 0 0 1 1 1 1 1 1 1 1 1 0 1 0 1 0 1 0 0 1 1 0 0 1 1 0 0 0 1 0 1 0 1 1 1 1 1 1 1 1 1 1 0 0 0 0 1 0 0 0 0 0 0 1 1 1 1 1 0 0 0 35906.0 32823.0 0 0.549740775369966
1 0 1 1 1 0 1 1 1 1 1 1 1 1 0 1 0 1 0 0 1 0 1 0 0 0 1 1 0 1 1 1 0 1 0 1 1 0 0 0 0 1 1 1 1 1 1 1 1 1 0 1 0 1 0 1 0 0 1 0 1 0 1 1 0 0 0 1 0 1 0 0 1 1 1 1 1 0 1 1 1 1 0 1 0 1 1 0 1 0 0 0 1 1 1 1 0 0 1 0 36290.0 32360.0 0 0.297531935442563
1 0 1 1 1 0 1 1 1 0 1 1 1 1 0 1 0 1 0 0 1 0 1 0 0 1 1 1 0 1 1 1 0 1 1 1 1 0 0 0 0 1 1 1 1 1 1 1 1 1 0 1 0 1 0 1 0 0 1 1 0 0 1 1 0 0 0 1 0 1 0 1 1 1 1 1 1 1 1 1 1 0 0 0 0 1 0 0 0 0 0 0 1 1 1 1 0 0 1 0 36547.0 32221.0 0 0.2914018571502487
1 0 1 1 1 0 1 1 1 1 1 1 1 1 0 1 0 1 0 0 1 0 1 0 0 1 0 1 0 1 1 1 0 1 0 1 1 0 0 0 0 1 1 0 1 1 1 1 1 1 0 1 0 1 0 1 0 0 1 0 1 0 1 1 0 0 0 1 0 1 0 0 1 1 1 1 1 1 1 1 1 1 0 0 0 1 1 0 1 1 0 0 1 1 1 1 0 0 1 0 36832.0 31729.0 0 0.46435844585276986
1 0 1 1 1 0 1 1 1 1 1 1 1 1 0 1 0 1 0 0 1 0 1 0 0 1 1 1 0 1 1 1 0 1 0 1 1 0 0 0 0 1 1 1 1 1 1 0 1 1 0 1 0 1 0 1 0 0 1 0 1 0 1 1 0 0 0 1 0 1 0 1 1 1 1 1 1 0 1 1 1 0 0 0 0 1 1 0 1 1 0 0 1 1 1 1 0 0 1 0 37045.0 31039.0 0 0.3553379657413222
1 0 1 1 1 0 1 1 1 1 1 1 1 1 0 1 0 1 0 0 1 0 1 0 0 1 1 1 0 1 1 1 1 1 0 1 1 0 0 0 0 1 1 0 1 1 1 1 1 1 0 1 0 1 0 1 0 0 1 0 1 0 1 1 0 0 0 1 0 1 0 0 1 1 1 1 1 0 1 1 1 1 0 0 0 1 1 0 1 1 0 0 1 1 1 1 0 0 1 0 37527.0 30976.0 0 0.24625704591992453
1 0 1 1 0 0 1 1 1 1 1 1 1 1 0 1 0 1 0 0 1 0 1 0 0 1 1 1 0 1 1 1 0 1 0 1 1 0 0 0 0 1 1 1 1 1 1 1 1 1 0 1 0 1 0 1 0 0 1 1 1 1 1 1 0 0 0 1 0 1 0 1 1 1 1 1 1 0 1 1 1 0 0 0 0 1 1 0 0 0 0 0 1 1 1 1 0 0 1 0 37603.0 30554.0 0 0.18573488077507924
1 0 1 1 1 0 1 1 1 1 1 1 1 1 0 1 0 1 0 0 1 0 1 0 0 1 1 1 0 1 1 1 0 1 0 1 1 0 0 0 0 1 1 0 1 1 1 1 1 1 0 1 0 1 1 1 0 0 1 1 1 0 1 1 0 0 0 1 0 1 0 1 1 1 1 1 1 0 1 1 1 0 0 0 0 1 1 0 0 0 0 0 1 1 1 1 0 0 1 0 37676.0 30479.0 0 2000000000000000.0
1 0 1 1 1 0 1 1 1 1 1 1 1 1 0 1 0 1 0 0 1 0 1 0 0 1 1 1 0 1 1 1 0 1 0 1 1 0 0 0 0 1 1 1 1 1 1 1 1 1 0 1 0 1 0 1 0 0 1 1 0 0 1 1 1 0 0 1 1 1 0 0 1 1 0 0 1 1 1 0 1 0 0 1 0 0 0 0 0 0 0 0 1 1 1 1 1 0 0 0 32697.0 33510.0 1 2000000000000000.0
1 0 1 1 1 0 1 1 1 1 1 1 1 1 0 1 0 1 0 0 1 0 1 0 0 0 1 1 1 1 1 1 0 1 0 1 1 0 0 0 0 1 1 1 1 1 1 1 1 1 0 1 0 1 0 1 0 0 1 1 0 0 1 1 0 0 0 0 0 1 0 1 1 1 0 0 1 1 1 1 1 0 0 1 0 0 0 0 0 0 0 0 1 1 1 1 1 0 1 0 33481.0 33490.0 1 0.33396614858596546
0 0 1 1 1 0 1 1 1 0 0 1 1 1 0 1 0 1 0 0 1 0 1 0 0 1 1 1 0 1 1 1 0 1 0 1 1 0 0 0 0 1 1 1 1 1 1 1 1 1 0 1 0 1 0 1 0 0 1 1 0 0 1 1 0 0 0 1 0 1 0 1 1 1 0 1 1 1 1 0 1 0 0 1 0 0 1 0 0 1 0 0 1 1 1 1 1 0 0 0 33678.0 33108.0 1 0.19172630347088315
1 0 1 1 1 0 1 1 1 1 1 1 1 1 0 1 0 1 0 0 1 0 1 0 0 1 1 1 0 1 1 1 0 1 0 1 1 1 0 0 0 1 1 1 1 1 1 1 1 1 0 1 0 1 0 1 0 0 1 1 0 0 1 1 0 0 0 0 0 1 0 1 1 1 0 0 1 1 1 1 1 0 0 1 0 0 0 0 0 0 0 0 1 1 1 1 1 0 1 0 33696.0 33038.0 1 0.23414317147355812
1 0 1 1 1 0 1 1 1 1 1 1 1 1 0 1 0 1 0 0 1 0 1 0 0 1 1 1 0 1 1 1 0 1 0 1 1 0 0 0 0 1 1 1 1 1 1 1 1 1 0 1 0 1 0 1 0 0 1 1 0 0 1 1 1 0 0 1 0 1 0 1 1 1 0 0 1 1 1 1 1 0 0 1 0 0 0 0 0 0 0 0 1 1 1 1 0 0 1 0 34482.0 32900.0 1 0.3903093114308423
1 0 1 1 1 0 1 1 1 1 1 1 1 1 0 1 0 1 0 0 1 0 1 0 0 0 1 1 0 1 1 1 0 1 0 1 1 0 0 0 0 1 1 1 1 1 1 1 1 1 0 1 0 1 0 1 0 0 1 1 0 0 1 1 0 0 0 1 0 1 0 1 1 1 1 1 1 1 1 1 1 0 0 0 0 1 0 0 0 0 0 0 1 1 1 1 1 0 0 0 35061.0 32707.0 1 0.2537607588929333
1 0 1 1 1 0 1 1 1 1 1 1 1 1 0 1 0 1 0 0 1 0 1 0 0 0 1 1 0 1 1 1 1 1 0 1 1 0 0 0 0 1 1 1 1 1 1 1 1 1 0 1 0 1 0 1 0 0 1 1 0 0 1 1 0 0 0 1 0 1 0 1 1 1 1 1 1 0 1 1 1 0 0 1 0 0 0 0 0 0 0 0 1 1 1 1 1 0 1 0 35332.0 32661.0 1 0.16319595746057336
1 0 1 1 1 0 1 1 1 1 0 1 1 1 0 1 0 1 0 0 1 0 1 0 0 1 1 1 0 1 1 1 0 1 0 1 1 0 0 0 0 1 1 1 1 1 1 1 1 1 0 1 0 1 0 1 0 0 1 1 0 0 1 1 0 0 0 1 0 1 0 1 1 1 1 1 1 1 1 1 1 0 0 0 0 1 0 0 0 0 0 0 1 1 1 1 1 0 0 0 35497.0 32483.0 1 0.23618277714260438
1 0 1 1 1 0 1 1 1 1 1 0 1 1 0 1 0 1 0 0 1 0 1 0 0 1 1 1 0 1 1 1 0 1 0 1 1 0 0 0 0 1 1 1 1 1 1 1 1 1 0 1 1 1 0 1 0 0 1 1 0 0 1 1 0 0 0 1 0 1 0 0 1 1 1 1 1 1 1 1 1 0 0 0 0 1 0 0 0 0 0 0 1 1 1 1 1 0 1 0 35968.0 32340.0 1 0.1816738842030285
1 0 1 1 1 0 1 1 1 1 1 1 1 1 0 1 0 1 0 0 1 0 1 0 0 1 1 1 0 1 1 1 1 1 0 1 1 0 0 0 0 1 1 1 1 1 1 1 1 1 0 1 0 1 0 1 0 1 1 1 0 0 1 1 0 0 0 1 0 1 0 1 1 1 1 1 1 1 1 1 1 0 0 0 0 1 0 0 0 1 0 0 1 1 1 1 0 0 0 0 36112.0 32316.0 1 0.14646399141445293
1 0 1 1 1 0 1 1 1 1 1 0 1 1 0 1 0 1 0 0 1 0 1 0 0 0 1 1 0 1 1 1 0 1 0 1 1 0 0 0 0 1 1 1 1 1 1 1 1 1 0 1 0 1 0 1 0 0 1 0 1 0 1 1 0 0 0 1 0 1 0 0 1 1 1 1 1 0 1 1 1 1 0 1 0 1 1 0 1 0 0 0 1 1 1 1 0 0 1 0 36139.0 31999.0 1 0.2075029121815417
1 0 1 1 1 0 1 1 1 1 1 1 1 1 0 1 0 1 0 0 1 0 1 0 0 1 1 1 0 1 1 1 0 1 0 1 1 0 0 0 0 1 1 1 1 1 1 1 1 1 0 1 0 1 0 1 0 0 1 1 0 0 1 1 0 0 0 1 0 1 0 1 1 1 1 1 1 1 1 1 1 0 0 0 0 1 0 0 0 0 0 0 1 1 1 1 0 0 1 0 36526.0 31942.0 1 0.26581719049980945
1 0 1 1 1 0 1 1 1 1 1 1 1 1 0 1 0 1 0 0 1 0 1 0 0 1 1 1 0 1 1 1 0 1 0 1 1 0 0 0 0 1 1 1 1 1 1 1 1 1 0 1 0 1 0 1 0 0 1 0 1 0 1 1 0 0 0 1 0 1 0 1 1 1 0 1 1 0 1 1 1 0 0 0 0 1 1 0 1 1 0 0 1 1 1 1 0 0 1 0 36797.0 31601.0 1 0.22463044955453737
1 0 1 1 1 0 1 1 1 1 1 1 0 1 0 1 0 1 0 0 1 0 1 0 0 0 1 1 1 1 1 1 0 1 0 1 1 0 0 0 0 1 1 1 1 1 1 1 1 1 0 1 0 1 0 1 0 0 1 0 1 0 1 1 0 0 0 1 0 1 0 1 1 1 1 1 1 0 1 1 1 0 0 0 0 1 1 0 1 1 0 0 1 1 1 1 0 0 1 0 36815.0 31436.0 1 0.23038065987875977
1 0 1 1 1 0 1 1 1 1 0 1 1 1 0 1 0 1 0 0 1 0 1 0 0 1 1 1 0 1 1 1 0 1 0 1 1 0 0 0 0 1 1 1 1 1 1 1 1 1 0 1 0 1 0 1 0 0 1 1 1 0 1 1 0 0 0 1 0 1 0 1 1 1 1 1 1 0 1 1 1 0 0 0 0 1 0 0 0 0 0 1 1 1 1 1 0 0 1 0 36980.0 31010.0 1 0.22468801906938948
1 0 1 1 1 0 1 1 1 1 1 1 1 1 0 1 0 1 0 0 1 0 1 0 0 1 1 1 0 1 1 1 0 1 0 1 1 0 0 0 0 1 0 1 1 1 1 1 1 1 0 1 0 1 0 1 0 0 1 1 1 0 1 1 0 0 0 1 0 1 0 1 1 1 1 1 1 0 1 1 1 0 0 0 0 1 1 0 0 0 0 0 1 1 1 1 0 0 1 0 37109.0 30933.0 1 0.14582573829194798
1 0 1 1 1 0 1 1 1 1 1 1 1 1 0 1 0 1 0 0 1 0 1 0 0 1 1 1 0 1 1 1 0 1 0 1 1 0 0 0 0 1 1 0 1 1 1 1 1 1 0 1 0 1 0 1 0 0 1 0 1 0 1 1 0 0 0 1 0 1 0 0 1 1 1 1 1 0 1 1 1 1 0 0 0 1 1 0 1 1 0 0 1 1 1 1 0 0 1 0 37469.0 30873.0 1 0.24750684901955838
1 0 1 1 1 0 1 1 1 1 1 1 1 1 0 1 0 1 0 0 1 0 1 0 0 1 1 1 0 1 1 1 0 1 0 1 1 0 0 0 0 1 1 0 1 1 1 1 1 1 0 1 0 1 0 1 0 0 1 1 1 0 1 1 0 0 0 1 0 1 0 1 1 1 1 1 1 0 1 1 1 0 0 0 0 1 1 0 0 0 0 0 1 1 1 1 0 0 1 0 37529.0 30440.0 1 2000000000000000.0
1 0 1 1 1 0 1 1 1 1 1 1 1 1 0 1 0 1 0 0 1 0 1 0 0 1 0 1 0 1 1 1 0 1 0 1 1 0 0 0 0 1 1 1 1 1 1 1 1 1 0 1 0 1 0 1 0 0 1 0 1 0 1 1 1 0 0 1 1 1 0 0 1 1 0 0 1 1 1 0 1 0 0 1 0 0 0 0 0 0 0 0 1 1 1 1 1 0 1 0 32645.0 33506.0 2 2000000000000000.0
1 0 1 1 1 0 1 1 0 1 1 1 1 1 0 1 0 1 0 0 1 0 1 0 0 0 1 1 1 1 1 1 0 1 0 1 1 0 0 0 0 1 1 1 1 1 1 1 1 1 0 1 0 1 0 1 0 0 1 1 0 0 1 1 0 0 0 0 0 1 0 1 1 1 0 0 1 1 1 1 1 0 0 1 0 0 0 0 0 0 0 0 1 1 1 1 1 0 1 0 32965.0 33087.0 2 0.19476959891918277
1 0 1 1 1 0 1 1 1 1 1 1 1 1 0 1 0 1 0 0 1 0 1 0 0 1 1 1 0 1 1 1 0 1 0 1 1 0 0 0 0 1 1 1 1 1 1 1 1 1 0 1 0 1 0 1 0 0 1 1 0 0 1 1 0 0 0 1 0 1 0 1 1 1 0 0 1 1 1 0 1 0 0 1 0 0 0 0 0 0 0 0 1 1 1 1 1 0 0 0 32997.0 33075.0 2 0.16471142284863705
1 0 1 1 1 0 1 1 1 1 1 1 1 1 0 1 0 1 0 0 1 0 1 0 0 1 1 1 0 1 1 1 0 1 0 1 1 0 0 0 0 1 1 1 1 1 1 1 1 1 0 1 0 1 0 1 0 0 1 1 0 0 1 1 0 0 0 0 0 1 0 1 1 1 0 0 1 1 1 1 1 0 0 1 0 0 0 0 0 0 0 0 1 1 1 1 1 0 1 0 33675.0 33031.0 2 0.2768047753532371
1 0 1 1 1 0 1 1 0 1 1 1 1 1 0 1 0 1 0 0 1 0 1 0 0 0 1 1 0 1 1 1 0 1 0 1 1 0 0 0 0 1 1 1 1 1 1 1 1 1 0 1 0 1 0 1 0 0 1 1 0 0 1 1 0 0 0 1 0 1 0 1 1 1 1 0 1 1 1 1 1 0 0 1 0 0 0 0 0 0 0 0 1 1 1 1 1 0 1 0 34054.0 32879.0 2 0.1753844433096005
1 0 1 1 1 0 1 1 1 1 1 1 1 1 0 1 0 1 0 0 1 0 1 0 0 0 1 1 1 1 1 1 0 1 0 1 1 0 0 0 0 1 1 1 1 1 1 1 1 1 0 1 0 1 0 1 0 0 1 1 0 0 1 1 0 0 0 1 0 1 0 1 1 1 1 0 1 1 1 0 1 0 0 1 0 0 0 0 0 0 0 0 1 1 1 1 0 0 1 0 34222.0 32815.0 2 0.2435359512810305
1 0 1 1 1 0 1 1 1 0 1 1 1 1 0 1 0 1 0 0 1 0 1 0 0 1 0 1 0 1 1 1 0 1 0 1 1 0 0 0 1 1 1 1 1 1 1 1 1 1 0 1 0 1 0 1 0 0 1 1 1 0 1 1 0 0 0 1 0 1 0 1 1 1 1 0 1 1 1 1 1 0 0 0 0 1 0 0 0 0 0 0 1 1 1 1 1 0 0 0 34895.0 32640.0 2 0.29286625684888995
1 0 1 1 1 0 1 1 1 1 1 1 1 1 0 1 0 1 0 0 1 0 1 0 0 0 1 1 0 1 1 1 0 1 0 1 1 0 0 0 0 1 1 1 1 1 1 1 1 1 0 1 0 1 0 1 0 0 1 1 0 0 1 1 0 0 0 1 0 1 0 1 1 1 1 1 1 0 1 1 1 0 0 1 0 0 0 0 0 0 0 0 1 1 1 1 1 0 1 0 35274.0 32558.0 2 0.21591637245046846
1 0 1 1 1 0 1 1 1 1 1 1 1 1 0 1 0 1 0 0 1 0 1 0 0 1 1 0 0 1 1 1 0 1 0 1 1 0 0 0 0 1 1 1 1 1 1 1 1 1 0 1 0 1 0 1 0 0 1 1 0 0 1 1 0 0 0 1 0 1 0 1 1 1 1 1 1 1 1 1 1 0 0 0 0 1 0 0 0 0 0 0 1 1 1 1 1 0 0 0 35444.0 32281.0 2 0.2622070408792427
1 0 1 1 1 0 1 1 1 1 1 1 1 1 0 1 0 1 0 0 1 0 1 0 0 1 1 1 0 1 1 1 1 1 0 1 1 0 0 0 0 1 1 1 1 1 1 1 1 1 0 1 0 1 0 1 0 0 1 1 0 0 1 1 0 0 0 1 0 1 0 1 1 1 1 1 1 1 1 1 1 0 0 0 0 1 0 0 0 1 0 0 1 1 1 1 0 0 0 0 36081.0 32227.0 2 0.21137678461313805
1 0 1 1 1 0 1 1 1 1 1 1 1 1 0 1 0 1 0 0 1 0 1 0 0 1 0 1 0 1 1 1 0 1 0 1 1 0 0 0 1 1 1 1 1 1 1 1 1 1 0 1 0 1 0 1 0 0 1 1 0 0 1 1 0 0 0 1 0 1 0 1 1 1 1 1 1 1 1 1 1 0 0 0 0 1 0 0 0 0 0 0 1 1 1 1 0 0 1 0 36093.0 32013.0 2 0.11506941245553318
1 0 1 1 1 0 1 1 1 0 1 1 1 1 0 1 0 1 0 0 1 0 1 0 0 1 1 1 0 1 1 1 0 1 0 1 1 0 0 0 0 1 1 1 1 1 1 1 1 1 0 1 0 1 0 1 0 0 1 1 0 0 1 1 0 0 0 1 0 1 0 1 1 1 1 1 1 1 1 1 1 0 0 0 0 1 0 0 0 0 0 0 1 1 1 1 0 0 1 0 36096.0 31828.0 2 0.08822865417982985
0 0 1 1 1 0 1 1 1 1 1 1 1 1 0 1 0 1 0 0 1 0 1 0 0 1 1 1 0 1 1 1 0 1 0 1 1 0 0 0 0 1 1 1 1 1 1 1 1 1 0 1 0 1 0 1 0 0 1 1 0 0 1 1 0 0 0 1 0 1 0 1 1 1 1 1 1 1 1 1 1 0 0 0 0 1 0 0 0 0 0 0 1 1 1 1 0 0 1 0 36210.0 31786.0 2 0.10795435982039189
1 0 1 1 1 0 1 1 1 1 1 0 1 1 0 1 0 1 0 0 1 0 1 0 0 1 1 1 0 1 1 1 0 1 0 1 1 0 0 0 0 1 1 1 1 1 1 1 1 1 0 1 1 1 0 1 0 0 1 1 0 0 1 1 0 0 0 1 0 1 0 1 1 1 1 1 1 1 1 1 1 0 0 0 0 1 0 0 0 0 0 0 1 1 1 1 0 0 1 0 36446.0 31705.0 2 0.23648859657771637
1 0 1 1 1 0 1 1 1 1 1 1 1 1 0 1 0 1 0 0 1 0 1 0 0 1 1 1 0 1 1 1 0 1 0 1 1 0 0 0 0 1 1 1 1 1 1 1 1 1 0 1 0 1 0 1 0 0 1 1 0 0 1 1 0 0 0 1 0 1 0 1 1 1 1 1 1 0 1 1 1 0 0 0 0 0 0 0 1 1 0 0 1 1 1 1 0 0 1 0 36710.0 31317.0 2 0.20881544807936003
1 0 1 1 1 0 1 1 1 1 1 0 1 1 0 1 0 1 0 0 1 0 1 0 0 1 1 1 0 1 1 1 0 1 0 1 1 0 0 0 0 1 0 1 1 1 1 1 1 1 0 1 0 1 0 1 0 0 1 1 1 0 1 1 0 0 0 1 0 1 0 1 1 1 1 1 1 0 1 1 1 0 0 0 0 1 0 0 0 0 0 0 1 1 1 1 1 0 1 0 36758.0 31194.0 2 0.09904972707431342
1 0 1 1 1 0 1 1 1 1 1 1 0 1 0 1 0 1 0 0 1 0 1 0 0 0 1 1 1 1 1 1 0 1 0 1 1 0 0 0 0 1 1 1 1 1 1 1 1 1 0 1 0 1 0 1 0 0 1 1 1 0 1 1 0 0 0 1 0 1 0 1 1 1 1 1 1 0 1 1 1 0 0 0 0 1 1 0 0 0 0 0 1 1 1 1 0 0 1 0 36785.0 31020.0 2 0.10888653090778228
1 0 1 1 1 0 1 1 1 1 1 1 1 1 0 1 0 1 0 0 1 0 1 0 0 1 1 1 0 1 1 1 0 1 0 1 1 0 0 0 0 1 0 1 1 1 1 1 1 1 0 1 0 1 0 1 0 0 1 1 1 0 1 1 0 0 0 1 0 1 0 1 1 1 1 1 1 0 1 1 1 0 0 0 0 1 0 0 0 0 0 1 1 1 1 1 0 0 1 0 36932.0 30936.0 2 0.1111388116658224
1 0 1 1 1 0 1 1 1 1 1 1 1 1 0 1 0 1 0 0 1 0 1 0 0 1 1 1 0 1 1 1 0 1 0 1 0 1 0 0 0 1 1 1 1 1 1 1 1 1 0 1 0 1 1 1 0 0 1 1 1 0 1 1 0 0 0 1 0 1 0 1 1 1 1 1 1 0 1 1 1 0 0 0 0 1 1 0 0 0 0 0 1 1 1 1 0 0 1 0 36943.0 30742.0 2 0.0749160030552351
0 0 1 1 1 0 1 1 1 1 1 1 1 1 0 1 0 1 0 0 1 0 1 0 0 1 1 1 0 1 1 1 0 1 0 1 1 0 0 0 0 1 1 1 1 1 1 1 1 1 0 1 0 1 0 1 0 0 1 1 1 0 0 1 0 0 0 1 0 1 0 1 1 1 1 1 1 0 1 1 1 1 0 0 0 0 0 0 1 1 0 0 1 1 1 1 0 0 1 0 37027.0 30740.0 2 0.04799224122833379
1 0 1 1 1 0 1 1 1 1 1 1 0 1 0 1 0 1 0 0 1 0 1 0 0 1 1 1 0 1 1 1 0 1 0 1 1 0 0 0 0 1 1 1 1 1 1 1 1 1 0 1 0 1 0 1 0 0 1 1 1 1 1 1 0 0 0 1 0 1 1 1 1 1 1 1 1 0 1 1 1 0 0 0 0 0 1 0 0 0 0 0 1 1 1 1 0 0 1 0 37165.0 30737.0 2 0.10830550604939632
1 0 1 1 1 0 1 1 1 1 1 0 1 1 0 1 0 1 0 0 1 0 1 0 0 1 1 1 0 1 1 1 1 1 0 1 1 0 0 0 0 1 1 0 1 1 1 1 1 1 0 1 0 1 0 1 0 0 1 0 1 0 1 1 0 0 0 1 0 1 0 0 1 1 1 1 1 0 1 1 1 1 0 0 0 1 1 0 1 1 0 0 1 1 1 1 0 0 1 0 37376.0 30615.0 2 0.27469848665687735
1 0 1 1 1 0 1 1 1 1 1 1 1 1 0 1 0 1 0 0 1 0 1 0 0 1 1 1 0 1 1 1 0 1 0 1 1 0 0 0 0 1 1 0 1 1 1 1 1 1 0 1 0 0 0 1 0 0 1 1 1 0 0 1 0 0 0 1 0 1 0 1 1 1 1 1 1 0 1 1 1 1 0 0 0 0 1 0 1 1 0 0 1 1 1 1 0 0 1 0 37410.0 29941.0 2 2000000000000000.0
1 0 1 1 1 0 1 1 1 1 1 1 1 1 0 1 0 1 0 0 1 0 1 0 0 1 0 1 0 1 1 1 0 1 0 1 1 0 0 0 0 1 1 1 1 1 1 1 1 1 0 1 0 1 0 1 0 0 1 1 0 0 1 1 1 0 0 1 1 1 0 0 1 1 0 0 1 1 1 0 1 0 0 1 0 0 0 0 0 0 0 0 1 1 1 1 1 0 0 0 31813.0 33460.0 3 2000000000000000.0
0 0 1 1 1 0 1 1 1 1 1 1 1 1 0 1 0 1 0 0 1 0 1 0 0 1 1 1 0 1 1 1 0 1 0 1 1 0 0 0 0 1 1 1 1 1 1 1 1 1 0 1 0 1 0 1 0 0 1 1 0 0 1 1 1 0 0 1 1 1 0 0 1 1 0 0 1 1 1 0 1 0 0 1 0 0 0 0 0 0 0 0 1 1 1 1 1 0 0 0 32381.0 33354.0 3 0.4078282786923069
0 0 1 1 1 0 1 1 1 1 1 0 1 1 0 1 0 1 0 0 1 0 1 0 0 0 1 1 1 1 1 1 0 1 0 1 1 0 0 0 0 1 1 1 1 1 1 1 0 1 0 1 0 1 0 1 0 0 1 1 0 0 1 1 0 0 0 1 0 1 0 1 1 1 0 1 1 1 1 0 1 0 0 1 0 0 1 0 0 1 0 0 1 1 1 1 1 0 0 0 33230.0 32982.0 3 0.3800609265971129
1 0 1 1 1 0 1 1 1 1 1 1 1 1 0 1 0 1 0 0 1 0 1 0 0 1 0 1 0 1 1 1 0 1 0 1 1 0 0 0 0 1 1 1 1 1 1 1 1 1 0 1 0 1 0 1 0 0 1 1 0 0 1 1 1 0 0 1 0 1 0 1 1 1 0 0 1 1 1 1 1 0 0 1 0 0 0 0 0 0 0 0 1 1 1 1 0 0 1 0 33598.0 32850.0 3 0.21066828634936985
1 0 1 1 1 0 1 1 1 0 1 1 1 1 0 1 0 1 0 0 1 0 1 0 0 1 1 1 0 1 1 1 0 1 0 1 1 0 0 0 0 1 1 1 1 1 1 1 1 1 0 1 0 1 0 1 0 0 1 1 0 0 1 1 1 0 0 1 0 1 0 1 1 1 0 0 1 1 1 1 1 0 0 1 0 0 0 0 0 0 0 0 1 1 1 1 0 0 1 0 34052.0 32786.0 3 0.13618793790380784
0 0 1 1 1 0 1 1 1 1 1 1 1 1 0 1 0 1 0 0 1 0 1 0 0 1 1 1 0 1 1 1 0 1 0 1 1 0 0 0 0 1 1 1 1 1 1 1 1 1 0 1 0 1 0 1 0 0 1 1 0 0 1 1 1 0 0 1 0 1 0 1 1 1 0 0 1 1 1 1 1 0 0 1 0 0 0 0 0 0 0 0 1 1 1 1 0 0 1 0 34166.0 32744.0 3 0.11782990561601009
1 0 1 1 1 0 1 1 1 1 1 1 1 1 0 1 0 1 0 0 1 0 1 0 1 1 1 0 0 1 1 1 0 1 0 1 1 0 0 0 0 1 1 1 1 1 1 1 1 1 0 1 0 1 0 1 0 0 1 1 0 0 1 1 1 0 0 1 0 1 0 1 1 1 0 0 1 1 1 1 1 0 0 1 0 0 0 0 0 0 0 0 1 1 1 1 0 0 1 0 34405.0 32616.0 3 0.1172403971992515
1 0 1 1 1 0 1 1 1 0 1 1 1 1 0 1 0 1 0 0 1 0 1 0 0 1 1 1 0 1 1 1 0 1 0 1 1 0 0 0 0 1 1 1 1 1 1 1 1 1 0 1 0 1 0 1 0 0 1 1 0 0 1 1 0 0 0 1 0 1 0 1 1 1 0 1 1 1 1 0 1 0 0 1 0 0 0 0 0 0 0 1 1 1 1 1 0 0 1 0 34445.0 32534.0 3 0.1963783103888776
1 0 1 1 1 0 1 1 1 1 1 1 1 1 0 1 0 1 0 0 1 0 1 0 0 0 1 1 1 1 1 1 0 1 0 1 1 0 0 0 0 1 1 1 1 1 1 1 1 1 0 1 0 1 0 1 0 0 1 1 0 0 1 1 0 0 0 1 0 1 0 1 1 0 1 1 1 0 1 1 1 0 0 1 0 0 0 0 0 0 0 0 1 1 1 1 1 0 1 0 35222.0 32462.0 3 0.19614309319743753
1 0 1 1 1 0 1 1 1 1 1 1 0 1 0 1 0 1 0 0 1 0 1 0 0 0 1 1 1 1 1 1 0 1 0 1 1 0 0 0 0 1 1 1 1 1 1 1 1 1 0 1 0 1 0 1 0 0 1 0 1 0 1 1 0 0 0 1 0 1 0 1 1 1 1 1 1 0 1 1 1 0 0 1 0 0 0 0 0 0 0 0 1 1 1 1 1 0 1 0 35266.0 32383.0 3 0.2535662012262607
0 0 1 1 1 0 0 1 1 1 1 1 1 1 0 1 0 1 0 0 1 0 1 0 0 1 1 1 0 1 1 1 0 1 0 1 1 0 0 0 0 1 1 1 1 1 1 1 1 1 0 1 0 1 0 1 0 0 1 1 0 0 1 1 0 0 0 1 0 1 0 1 1 1 1 1 1 1 1 1 1 0 0 0 0 1 0 0 0 0 0 0 1 1 1 1 1 0 1 0 35923.0 32063.0 3 0.29810040711020613
0 0 1 1 1 0 1 1 1 1 1 1 1 1 0 1 0 1 0 0 1 0 1 0 0 0 1 1 0 1 1 1 0 1 1 1 1 0 0 0 0 1 1 1 1 1 1 1 1 1 0 1 0 1 0 1 0 0 1 0 0 0 1 1 0 0 0 1 0 1 0 0 1 1 1 1 1 0 1 1 1 1 0 0 0 1 1 0 1 1 0 0 1 1 1 1 0 0 1 0 35993.0 31859.0 3 0.13829903087413448
1 0 1 1 1 0 1 1 1 1 1 1 1 1 0 1 0 1 0 0 1 0 1 0 0 0 1 1 0 1 1 1 0 1 0 1 1 0 0 0 0 1 1 1 1 1 1 1 1 1 0 1 0 1 0 0 0 0 1 1 1 0 1 1 0 0 0 1 0 1 0 1 1 1 1 1 1 0 1 1 1 0 0 1 0 1 0 0 0 0 0 1 1 1 1 1 0 0 1 0 36119.0 31740.0 3 0.11834838338321542
1 0 1 1 1 0 1 1 1 1 0 1 1 1 0 1 0 1 0 0 1 0 1 0 0 1 1 1 0 1 1 1 0 1 0 1 1 0 0 0 0 1 1 1 1 1 1 1 1 1 0 1 0 1 1 1 0 0 1 1 0 0 1 1 0 0 0 1 0 1 0 1 1 1 1 1 1 1 1 1 1 0 0 0 0 1 0 0 0 0 0 0 1 1 1 1 0 0 1 0 36264.0 31641.0 3 0.10805543310047538
1 0 1 1 1 0 1 1 1 1 1 1 1 1 0 1 0 1 0 0 1 0 1 0 0 0 1 1 0 1 1 1 1 1 0 1 1 0 0 0 0 1 1 1 1 1 1 1 1 1 0 1 0 1 0 1 0 0 1 1 1 0 0 1 0 0 0 1 0 1 0 1 1 1 1 1 1 0 1 1 1 1 0 0 0 0 0 0 1 0 0 0 1 1 1 1 1 0 1 0 36439.0 31582.0 3 0.15370388919815908
1 0 1 1 1 0 1 1 1 0 1 1 1 1 0 1 0 1 0 0 1 0 1 0 0 1 0 1 0 1 1 1 0 1 0 1 1 0 0 0 1 1 1 1 1 1 1 1 1 1 0 1 0 1 0 1 0 0 1 1 1 0 1 1 0 0 0 1 0 1 0 1 1 1 1 1 1 0 1 1 1 0 0 0 0 1 0 0 0 0 0 1 1 1 1 1 0 0 1 0 36526.0 31307.0 3 0.13621299402290502
1 0 1 1 1 0 1 1 1 0 1 1 1 1 0 1 0 1 0 0 1 0 1 0 0 1 0 1 0 1 1 1 0 1 0 1 1 0 0 0 1 1 1 1 1 1 1 1 1 1 0 1 0 1 0 1 0 0 1 1 1 0 1 1 0 0 0 1 0 1 0 1 1 1 1 1 1 0 1 1 1 0 0 0 0 1 1 0 0 0 0 0 1 1 1 1 0 0 1 0 36703.0 31304.0 3 0.306198475840864
1 0 1 1 1 0 1 1 1 1 1 1 1 1 0 1 0 1 0 0 1 0 1 0 0 1 1 1 0 1 1 1 0 1 0 1 1 0 0 0 0 1 1 1 1 1 1 0 1 1 0 1 0 1 0 1 0 0 1 1 1 0 1 1 0 0 0 1 0 1 0 1 1 1 1 1 1 0 1 1 1 0 0 0 0 1 1 0 0 0 0 0 1 1 1 1 0 0 1 0 37015.0 30623.0 3 0.2852004136098549
1 0 1 1 1 0 1 1 1 1 1 1 1 1 0 1 0 1 0 0 1 0 1 0 0 1 1 1 0 1 1 1 0 1 1 1 1 0 0 0 0 1 0 0 1 1 1 1 1 1 0 1 0 1 0 1 0 0 1 0 1 0 1 1 0 0 0 1 0 1 0 1 1 1 1 1 1 0 1 1 1 0 0 0 0 1 1 0 0 1 0 0 1 1 1 1 0 0 1 0 37049.0 30605.0 3 0.07338259159462385
1 0 1 1 1 0 1 1 1 1 1 1 1 1 0 1 0 1 0 0 1 0 1 0 0 1 1 1 0 1 1 1 0 1 0 1 1 0 0 0 0 1 0 0 1 1 1 1 1 1 0 1 0 1 0 1 0 0 1 0 1 0 1 1 0 0 0 1 0 1 0 1 1 1 1 1 1 0 1 1 1 0 0 0 0 1 1 0 1 1 0 0 1 1 1 1 0 0 1 0 37102.0 30442.0 3 0.1459611461197543
0 0 1 1 1 0 1 1 1 1 1 1 1 1 0 1 0 1 0 0 1 0 1 0 0 1 1 1 0 1 1 1 0 1 0 1 1 0 0 0 0 1 1 0 1 1 1 1 1 1 0 1 0 1 1 1 0 0 1 1 1 0 1 1 0 0 0 1 0 1 0 1 1 1 1 1 1 0 1 1 1 0 0 0 0 1 1 0 0 0 0 0 1 1 1 1 0 0 1 0 37360.0 30323.0 3 2000000000000000.0
1 0 1 1 1 0 1 1 1 1 1 1 1 1 0 1 0 1 0 0 0 0 1 0 0 0 1 1 0 1 1 1 0 1 0 1 1 0 0 0 0 1 1 1 1 1 1 1 1 1 0 1 0 1 0 1 0 0 1 0 0 0 1 1 0 0 0 1 0 1 0 1 1 1 0 0 1 1 1 0 1 0 0 1 1 0 0 0 0 1 0 0 1 1 1 1 1 0 0 0 31059.0 33459.0 4 2000000000000000.0
1 0 1 1 1 0 1 1 1 1 1 1 1 1 0 1 0 1 0 0 1 0 1 0 0 1 1 1 0 1 1 1 1 1 0 1 1 0 0 0 0 1 1 0 0 1 1 1 1 1 0 1 0 1 1 1 0 0 1 1 1 0 1 1 0 0 0 1 0 1 0 1 1 1 1 1 1 0 1 1 1 0 0 0 0 1 1 0 0 0 0 0 1 1 1 1 0 0 1 0 37291.0 29997.0 4 2000000000000000.0
1 0 1 1 1 0 1 1 1 1 0 1 1 1 0 1 0 1 0 0 1 0 1 0 0 1 1 1 0 1 1 1 0 1 0 1 1 0 0 0 0 1 1 1 1 1 1 1 1 1 0 1 0 1 0 1 0 0 1 1 0 0 1 1 1 0 0 1 1 1 0 0 1 1 0 0 1 1 1 0 1 0 0 1 0 0 0 0 0 0 0 0 1 1 1 1 1 0 0 0 32288.0 33170.0 4 0.41624877915292907
0 0 1 1 1 0 1 1 1 1 1 1 1 1 0 1 0 1 0 0 1 0 1 0 0 1 1 1 0 1 1 1 0 1 0 1 1 0 0 0 0 1 1 1 1 1 1 1 1 1 0 1 0 1 0 1 0 0 1 1 0 0 1 1 0 0 0 1 0 1 0 1 1 1 0 0 1 1 1 0 1 0 0 1 0 0 0 0 0 0 0 0 1 1 1 1 1 0 0 0 32681.0 32919.0 4 0.28739546323219606
1 0 1 1 1 0 1 1 1 1 1 1 1 1 0 1 0 1 0 0 1 0 1 0 0 1 0 1 0 1 1 1 0 1 0 1 1 0 0 0 0 1 1 0 1 1 1 1 1 1 0 1 0 1 0 1 0 0 1 0 1 0 1 1 1 0 0 1 1 1 0 0 1 1 0 0 1 1 1 1 1 0 0 1 0 0 0 0 0 0 0 0 1 1 1 1 1 0 1 0 33323.0 32750.0 4 0.28139245533200896
1 0 1 1 1 0 1 1 1 1 1 0 1 1 0 1 0 1 0 0 1 0 1 0 0 1 1 1 0 1 1 1 0 1 0 1 1 0 0 0 0 1 0 1 1 1 1 1 1 1 0 1 0 1 0 1 0 0 1 1 1 0 1 1 0 0 0 1 0 1 0 1 1 1 1 1 1 0 1 1 1 0 0 0 0 1 0 0 0 0 0 1 1 1 1 1 0 0 1 0 36781.0 30575.0 4 0.258485953120949
1 0 1 1 1 0 1 1 1 1 1 1 1 1 0 1 0 1 0 0 1 0 1 0 0 1 0 1 0 1 1 1 0 1 0 1 1 0 0 0 0 1 1 1 1 1 1 1 1 1 0 1 0 1 0 1 0 0 1 1 1 0 1 1 0 0 0 1 0 1 0 1 1 1 1 1 1 0 1 1 1 0 0 0 0 1 1 0 0 0 0 0 1 1 1 1 0 0 1 0 36682.0 31297.0 4 0.25376831085194224
1 0 1 1 1 0 1 1 1 1 0 1 1 1 0 1 0 1 0 0 1 0 1 0 0 1 1 1 0 1 1 1 0 1 0 1 1 0 0 0 0 1 1 1 1 1 1 1 1 1 0 1 0 1 0 1 0 0 1 1 0 0 1 1 0 0 0 1 0 1 0 1 1 1 1 1 1 1 1 1 1 0 0 0 0 1 0 0 0 0 0 0 1 1 1 1 0 0 1 0 36117.0 31602.0 4 0.21268435068734015
1 0 1 1 1 0 1 1 1 1 1 1 1 1 0 1 0 1 0 0 1 0 1 0 0 0 1 1 1 1 1 1 0 1 0 1 1 0 0 0 0 1 0 1 1 1 1 1 1 1 0 1 0 1 0 1 0 0 1 1 1 0 1 1 0 0 0 1 0 1 0 1 1 1 1 1 1 0 1 1 1 0 0 0 0 1 0 0 0 0 0 0 1 1 1 1 1 0 0 0 35811.0 32004.0 4 0.19519416381338373
1 0 1 1 1 0 1 1 1 1 1 1 1 1 0 1 0 1 0 0 1 0 1 0 0 1 1 1 0 1 1 1 0 1 0 1 0 1 0 0 0 1 1 1 1 1 1 1 1 1 0 1 0 1 0 1 0 0 1 1 0 0 1 1 0 0 0 1 0 1 0 1 1 1 0 0 1 1 1 1 1 0 0 1 0 0 0 0 0 0 0 0 1 1 1 1 1 0 1 0 33846.0 32592.0 4 0.17847124733675107
1 0 1 1 1 0 1 1 1 1 1 1 1 1 0 1 0 1 0 0 1 0 1 0 0 1 1 1 0 1 1 1 0 1 0 1 1 0 0 0 0 1 0 0 1 1 1 1 1 1 0 1 0 1 0 1 0 0 1 1 1 0 1 1 0 0 0 1 0 1 0 1 1 1 1 1 1 0 1 1 1 0 0 0 0 1 1 0 0 0 0 0 1 1 1 1 0 0 1 0 37072.0 30026.0 4 0.16441769395801703
1 0 1 1 1 0 1 1 1 1 1 1 1 1 0 1 0 1 0 0 1 0 1 0 0 1 1 1 0 1 1 1 1 1 0 1 1 0 0 0 0 1 1 1 1 1 1 1 1 1 0 1 0 1 0 1 0 0 1 1 0 0 1 1 0 0 0 1 0 1 0 1 1 1 1 1 1 1 1 1 1 0 0 0 0 1 0 0 0 0 0 0 1 1 1 1 0 0 0 0 35680.0 32035.0 4 0.14204393343759836
1 0 1 1 1 0 0 1 1 1 1 0 1 1 0 1 0 1 0 0 1 0 1 0 0 0 1 1 1 1 1 1 0 1 0 1 1 0 0 0 0 1 1 1 1 1 1 1 1 1 0 1 0 1 0 1 0 0 1 1 0 0 1 1 0 0 0 1 0 1 0 1 1 1 1 1 1 0 1 1 1 0 0 1 0 0 0 0 0 0 0 0 1 1 1 1 1 0 1 0 35203.0 32158.0 4 0.13482341564270964
1 0 1 1 1 0 1 1 1 1 1 1 1 1 0 1 0 1 0 0 1 0 1 0 0 1 1 1 0 1 1 1 0 1 0 1 1 0 0 0 0 1 0 1 1 1 1 0 1 1 0 1 0 1 0 1 0 0 1 1 1 0 1 1 0 0 0 1 0 1 0 1 1 1 1 1 1 0 1 1 1 0 0 0 0 1 1 0 1 0 0 0 1 1 1 1 0 0 1 0 37062.0 30439.0 4 0.13469994045009848
1 0 1 1 1 0 1 1 1 1 1 1 1 1 0 1 0 1 0 0 1 0 1 0 0 1 1 1 0 1 1 1 0 1 0 1 1 0 0 0 0 1 1 1 1 1 1 1 1 1 0 1 0 1 0 1 0 1 1 1 0 0 1 1 0 0 0 1 0 1 0 1 1 1 1 0 1 1 1 0 1 0 0 1 0 0 0 0 0 0 0 0 1 1 1 1 0 0 1 0 34447.0 32445.0 4 0.1256117213183418
1 0 1 1 1 0 1 1 1 1 1 0 1 1 0 1 0 1 0 0 1 0 1 0 0 0 1 1 0 1 1 1 0 1 0 1 1 0 0 0 0 1 1 1 1 1 1 1 1 1 0 1 0 1 0 1 0 0 1 1 0 0 1 1 0 0 0 1 0 1 0 1 1 1 1 1 1 1 1 1 1 0 0 0 0 1 0 0 0 0 0 0 1 1 1 1 1 0 0 0 34910.0 32346.0 4 0.11999619562919817
1 0 1 1 1 0 1 1 1 1 1 1 0 1 0 1 0 1 0 0 1 0 1 0 0 1 1 1 0 1 1 1 0 1 0 1 1 0 0 0 0 1 1 1 1 1 1 1 1 1 0 1 0 1 0 1 0 0 1 1 0 0 1 1 0 0 0 1 0 1 0 1 1 1 1 1 1 1 1 1 1 0 0 0 0 1 1 0 0 0 0 0 1 1 1 1 0 0 1 0 36423.0 31425.0 4 0.10196279206703134
1 0 1 1 1 0 1 1 1 1 1 0 1 1 0 1 0 1 0 0 1 0 1 0 0 1 1 1 0 1 1 1 0 1 0 1 1 0 0 0 0 1 1 1 1 1 1 1 1 1 0 1 0 1 0 1 0 0 1 1 0 0 1 1 0 0 0 1 0 1 0 1 1 1 1 1 1 1 1 1 1 0 0 0 0 1 0 0 0 0 0 0 1 1 1 1 0 0 1 0 36375.0 31581.0 4 0.10022792853122134
1 0 1 1 1 0 1 1 1 1 1 0 1 1 0 1 0 1 0 0 1 0 1 0 0 0 1 1 0 1 1 1 0 1 0 1 1 0 0 0 0 1 1 1 1 1 1 1 1 1 0 1 0 1 0 1 0 0 1 0 1 0 1 1 0 0 0 1 0 1 0 0 1 1 1 1 1 0 1 1 1 1 0 0 0 1 1 0 1 1 0 0 1 1 1 1 0 0 1 0 36510.0 31303.0 4 0.07853253997740932
1 0 1 1 1 0 1 1 1 1 1 1 1 1 0 1 0 1 0 0 1 0 1 0 0 1 1 1 0 1 1 1 0 1 0 1 1 0 0 0 0 1 1 1 1 1 1 1 1 1 0 1 0 1 0 1 0 0 1 1 0 0 1 1 0 0 0 1 0 1 0 1 1 1 0 0 1 1 1 0 1 0 0 1 0 0 0 0 0 0 0 1 1 1 1 1 0 0 1 0 33924.0 32466.0 4 0.0773130834017435
1 0 1 1 1 0 1 1 1 1 1 1 1 1 0 1 0 1 0 0 1 0 1 0 0 1 1 0 0 1 1 1 0 1 0 1 1 0 0 0 0 1 1 1 1 1 1 1 0 1 0 1 0 1 0 1 0 0 1 1 1 0 1 1 0 0 0 1 0 1 0 0 1 1 1 1 1 0 1 1 1 1 0 0 0 1 1 0 1 1 0 0 1 1 1 1 0 0 1 0 36977.0 30566.0 4 0.07057339580510487
1 0 1 1 1 0 1 1 1 1 1 0 1 1 0 1 0 1 0 0 1 0 1 0 0 0 1 1 1 1 1 1 0 1 0 1 1 1 0 0 0 1 1 1 1 1 1 1 1 1 0 1 0 1 0 1 0 0 1 1 0 0 1 1 0 0 0 1 0 1 0 1 1 1 1 0 1 1 1 0 1 0 0 1 0 0 0 0 0 0 0 0 1 1 1 1 0 0 1 0 34092.0 32461.0 4 0.06726598484629263
1 0 1 1 1 0 1 1 1 1 1 1 1 1 0 1 0 1 0 0 1 0 1 0 0 0 1 1 1 1 1 1 0 1 0 1 1 0 0 0 0 1 1 1 1 1 1 1 1 1 0 1 0 1 0 1 0 0 1 1 0 0 1 1 0 0 0 1 0 1 0 1 1 0 1 1 1 0 1 1 1 0 0 1 0 0 0 0 0 0 0 0 1 1 1 1 1 0 0 0 34318.0 32452.0 4 0.06158566249075684
1 0 1 1 0 0 1 1 1 1 1 1 1 1 0 1 0 1 0 0 1 0 1 0 0 1 1 1 0 1 1 1 0 1 0 1 1 0 1 0 0 1 1 1 1 1 1 1 1 1 0 1 0 1 0 1 0 0 1 1 0 0 1 1 0 0 0 1 0 1 0 1 1 1 0 1 1 1 1 0 1 0 0 1 0 1 0 0 0 0 0 0 1 1 1 1 0 0 1 0 35070.0 32244.0 4 0.061458850130778495
1 0 1 1 1 0 1 1 1 0 1 1 1 1 0 1 0 1 0 0 1 0 1 0 0 1 1 1 0 1 1 1 0 1 0 1 1 0 0 0 0 1 1 1 1 1 1 1 1 1 0 1 0 1 0 1 0 0 1 1 1 0 1 1 0 0 0 1 0 1 0 1 1 1 0 1 1 1 1 0 1 0 0 1 0 0 0 0 0 0 0 0 1 1 1 1 0 0 1 0 34941.0 32304.0 4 0.05513667925149432
1 0 1 1 1 0 1 1 1 1 1 1 1 1 0 1 0 1 0 0 1 0 1 0 0 1 1 1 0 1 1 1 0 1 0 1 1 0 0 0 0 1 0 0 1 1 1 1 1 1 0 1 0 1 0 1 0 0 1 0 1 0 1 1 0 0 0 1 0 1 0 0 1 1 1 1 1 0 1 1 1 1 0 0 0 1 1 0 1 1 0 0 1 1 1 1 0 0 1 0 37012.0 30459.0 4 0.0503232788188491
