1 0 1 1 1 0 1 1 1 1 1 1 1 1 0 1 0 1 0 0 1 0 1 0 0 0 1 1 0 1 1 1 0 1 0 1 1 0 0 0 0 1 1 1 1 1 1 1 1 1 0 1 0 1 0 1 0 0 1 1 0 0 1 1 0 0 0 1 0 1 0 1 1 1 1 1 1 0 1 1 1 0 0 1 0 0 0 0 0 0 0 0 1 1 1 1 1 0 1 0 35274.0 32558.0 0 2000000000000000.0
1 0 1 1 1 0 1 1 1 1 1 0 1 1 0 1 0 1 0 0 1 0 1 0 0 0 1 1 0 1 1 1 0 1 0 1 1 0 0 0 0 1 1 1 1 1 1 1 1 1 0 1 0 1 0 1 0 0 1 1 0 0 1 1 0 0 0 1 0 1 0 1 1 1 1 1 1 0 1 1 1 0 0 1 0 0 1 0 0 0 1 0 1 1 1 1 0 0 1 0 35475.0 31601.0 0 0.599881585672202
1 0 1 1 1 0 1 1 1 1 1 1 1 1 0 1 0 1 0 0 1 0 1 0 0 1 1 1 0 1 1 1 0 1 0 1 1 0 0 0 0 1 0 1 1 1 1 1 0 1 0 1 0 1 0 1 0 0 1 1 1 0 1 1 0 0 0 1 0 1 0 1 1 1 1 1 1 0 1 1 1 0 0 0 0 1 1 0 1 1 0 0 0 1 1 1 1 0 0 0 35638.0 31307.0 0 0.45827568583128775
1 0 1 1 1 0 1 1 1 1 1 0 1 1 0 1 0 1 0 0 1 0 1 0 0 0 1 1 1 1 1 1 0 1 0 1 1 0 0 0 0 1 1 0 1 1 1 1 1 1 0 1 0 1 0 1 0 0 1 1 0 0 1 1 0 0 0 1 0 1 0 1 1 1 1 1 1 0 1 1 1 0 0 1 0 0 1 0 0 0 1 0 1 1 1 1 0 0 1 0 36089.0 31269.0 0 0.5156666834629965
1 0 1 1 1 0 1 1 1 1 1 1 1 1 0 1 0 1 0 0 1 0 1 0 0 0 1 1 1 1 1 1 0 1 0 1 1 0 0 0 0 1 0 1 1 1 1 1 1 1 0 1 0 1 0 1 0 0 1 1 1 0 1 1 0 0 0 1 0 1 0 1 1 1 1 1 1 0 1 1 1 0 0 0 0 1 0 0 0 0 0 0 1 1 1 1 0 0 1 0 36431.0 31123.0 0 0.5909569605309251
1 0 1 1 1 0 1 1 1 1 1 1 1 1 0 1 0 1 0 0 1 0 1 0 0 1 1 1 0 1 1 1 0 1 0 1 1 0 0 0 0 1 0 1 1 1 1 1 1 1 0 1 0 1 0 1 0 0 1 1 1 0 1 1 0 0 0 1 0 1 0 1 1 1 1 1 1 0 1 1 1 0 0 0 0 1 0 0 0 0 0 1 1 1 1 1 0 0 1 0 36932.0 30936.0 0 0.8844517308647122
1 0 1 1 1 0 1 1 1 1 1 1 1 1 0 1 0 1 0 0 1 0 1 1 0 1 1 1 0 1 1 1 0 1 0 1 1 0 0 0 0 1 0 0 1 1 1 1 1 1 0 1 0 0 0 1 0 0 1 1 1 0 0 1 0 0 0 1 0 1 0 1 1 1 1 1 1 0 1 1 1 1 0 0 0 0 0 0 1 1 0 0 1 1 1 1 0 0 1 0 37004.0 29346.0 0 2000000000000000.0
1 0 1 1 1 0 1 1 1 1 1 0 1 1 0 1 0 1 0 0 1 0 1 0 0 0 1 1 1 1 1 1 0 1 0 1 1 0 0 0 0 1 0 1 1 1 1 1 0 1 0 1 0 1 0 0 0 0 1 1 1 0 1 0 1 0 0 1 1 1 0 0 1 1 0 0 1 1 1 0 1 0 0 1 0 0 0 0 0 0 0 0 1 1 1 1 1 1 1 0 31805.0 32556.0 1 2000000000000000.0
1 0 1 1 1 0 1 1 1 1 1 1 1 1 0 1 0 1 0 0 1 0 1 0 0 0 1 1 1 1 1 1 0 1 0 1 1 0 0 0 0 1 0 1 1 1 1 1 0 1 0 1 0 1 0 0 0 0 1 1 1 0 1 1 1 0 0 1 1 1 0 0 1 1 0 0 1 1 1 0 1 0 0 1 0 0 0 0 0 0 0 0 1 1 1 1 1 0 1 0 32356.0 32547.0 1 0.3070973127833537
1 0 1 1 1 0 1 1 1 1 1 1 1 1 0 1 0 1 0 0 1 0 1 0 0 0 1 1 1 1 1 1 0 1 0 1 1 0 0 0 0 1 0 1 1 1 1 1 1 1 0 1 0 1 0 1 0 0 1 1 0 0 1 1 0 0 0 1 0 1 0 1 1 1 0 0 1 1 1 0 1 0 0 1 0 0 0 0 0 0 0 1 1 1 1 1 0 0 1 0 33273.0 32511.0 1 0.3388790849690297
1 0 1 1 1 0 1 1 1 1 1 1 1 1 0 1 0 1 0 0 1 0 1 0 0 1 1 1 0 1 1 1 0 1 0 1 1 0 0 0 0 1 1 1 1 1 1 1 1 1 0 1 0 1 0 1 0 0 1 1 0 0 1 1 0 0 0 1 0 1 0 1 1 1 0 0 1 1 1 0 1 0 0 1 0 0 0 0 0 0 0 1 1 1 1 1 0 0 1 0 33924.0 32466.0 1 0.17766867396781807
1 0 1 1 1 0 1 1 1 1 1 0 1 1 0 1 0 1 0 0 1 0 1 0 0 0 1 1 1 1 1 1 0 1 0 1 1 0 0 0 0 1 1 1 1 1 1 1 1 1 0 1 0 1 0 1 0 0 1 1 0 0 1 1 0 0 0 1 0 1 0 1 1 1 1 0 1 1 1 0 1 0 0 1 0 0 0 0 0 0 0 0 1 1 1 1 0 0 1 0 34071.0 32454.0 1 0.35621182139991603
1 0 1 1 1 0 0 1 1 1 1 0 1 1 0 1 0 1 0 0 1 0 1 0 0 0 1 1 1 1 1 1 0 1 0 1 1 0 0 0 0 1 1 1 1 1 1 1 1 1 0 1 0 1 0 1 0 0 1 1 0 0 1 1 0 0 0 1 0 1 0 1 1 1 1 1 1 0 1 1 1 0 0 1 0 0 0 0 0 0 0 0 1 1 1 1 1 0 1 0 35203.0 32158.0 1 0.5932739740202817
1 0 1 1 1 0 1 0 1 1 0 0 1 1 0 1 0 1 0 0 1 0 1 0 0 0 1 1 1 1 1 1 0 1 0 1 1 0 0 0 0 1 1 1 1 1 1 1 1 1 0 1 0 1 0 1 0 0 1 1 0 0 1 1 0 0 0 1 0 1 0 1 1 1 1 1 1 1 1 1 1 0 0 0 0 0 0 0 1 1 0 0 1 1 1 1 0 0 1 0 35232.0 31356.0 1 0.32861554527273756
1 0 1 1 1 0 1 1 1 1 1 1 1 1 0 1 0 1 0 0 1 0 1 0 0 1 1 1 0 1 1 1 0 1 0 1 1 0 0 0 0 1 0 0 1 1 1 1 1 1 0 1 0 0 0 1 0 0 1 1 1 0 0 1 0 0 0 1 0 1 0 0 1 1 0 1 1 1 1 1 1 0 0 0 1 0 1 0 1 1 0 0 1 1 1 1 1 0 1 0 35303.0 31222.0 1 0.08552971633913818
0 0 1 1 1 0 1 1 1 1 1 1 1 1 0 1 0 1 0 0 1 0 1 0 0 1 1 1 0 1 1 1 0 1 0 1 1 0 0 0 0 1 0 1 1 1 1 1 0 1 0 1 0 1 0 1 0 0 1 1 1 0 1 1 0 0 0 1 0 1 0 1 1 1 1 1 1 0 1 1 1 0 0 0 0 1 1 0 1 1 0 0 0 1 1 1 1 0 0 0 35322.0 31151.0 1 0.04198812113354968
1 0 1 1 1 0 0 1 1 1 1 0 1 1 0 1 0 1 0 0 1 0 1 0 0 0 1 1 1 1 1 1 0 1 0 1 1 0 0 0 0 1 1 1 1 1 1 1 1 1 0 1 0 1 0 1 0 0 1 1 0 0 1 1 0 0 0 1 0 1 0 1 1 1 1 1 1 0 1 1 1 0 0 1 0 0 1 0 0 0 1 0 1 1 0 1 0 0 1 0 35388.0 31146.0 1 0.2243585837600815
1 0 1 1 1 0 1 1 1 1 1 0 1 1 0 1 0 1 0 0 1 0 1 0 0 0 1 1 0 1 1 1 0 1 0 1 1 0 0 0 0 1 1 1 1 1 1 1 1 1 0 1 0 1 0 1 0 0 1 1 0 0 1 1 0 0 0 1 0 1 0 1 1 1 1 1 1 0 1 1 1 1 0 0 0 0 0 0 1 1 0 0 1 1 1 1 0 0 1 0 36386.0 31113.0 1 0.6005758077487195
1 0 1 1 1 0 1 1 1 1 1 1 1 1 0 1 0 1 0 0 1 0 1 0 0 1 1 1 0 1 1 1 0 1 0 1 1 0 0 0 0 1 0 0 1 1 1 1 1 1 0 1 0 0 0 1 0 0 1 1 1 0 0 1 0 0 0 1 0 1 0 1 1 1 1 1 1 0 1 1 1 1 0 0 0 0 0 0 1 1 0 0 1 1 1 1 1 0 1 0 36753.0 30149.0 1 0.6120717391292742
1 0 1 1 1 0 1 1 1 1 1 1 1 1 0 1 0 1 0 0 1 1 1 0 0 1 1 1 0 1 1 1 0 1 0 1 1 0 0 0 0 1 0 0 1 1 1 1 1 1 0 1 0 0 0 1 0 0 1 1 1 0 0 1 0 0 0 1 0 1 0 1 1 1 1 1 1 0 1 1 1 1 0 0 0 0 0 0 1 1 0 0 1 1 1 1 0 0 1 0 36828.0 29524.0 1 2000000000000000.0
1 0 1 1 1 0 1 1 1 0 1 1 1 1 0 1 0 1 0 0 1 0 1 0 0 1 1 1 0 1 1 1 0 1 0 1 1 0 0 0 0 1 1 1 1 1 1 1 0 1 0 1 0 1 0 0 0 0 1 0 0 0 1 0 0 0 0 1 0 1 0 0 1 1 0 1 1 1 1 1 1 1 1 1 0 1 0 0 1 1 1 0 1 1 0 1 1 0 1 0 33606.0 32386.0 2 2000000000000000.0
1 0 1 1 1 0 0 1 1 1 1 0 1 1 0 1 0 1 1 0 1 0 1 0 0 0 0 1 1 1 1 1 0 1 0 1 0 0 0 0 0 1 1 1 1 1 1 1 1 1 0 1 0 1 0 1 0 0 1 1 0 0 1 1 0 0 0 1 0 1 0 1 1 1 1 1 1 0 1 1 1 0 0 1 0 0 1 0 0 0 0 0 1 1 1 1 1 0 1 0 34277.0 31841.0 2 0.4485087033753805
1 0 1 1 1 0 1 0 1 1 0 0 1 1 0 1 0 1 0 0 1 0 1 0 0 0 1 1 1 1 1 1 0 1 0 1 1 0 0 0 0 1 1 1 1 1 1 1 1 1 0 1 0 1 0 1 0 0 1 1 0 0 1 1 0 0 0 1 0 1 0 1 1 1 1 1 1 0 1 1 1 0 0 1 0 0 0 0 0 0 0 0 1 1 1 1 1 0 1 0 34394.0 31807.0 2 0.3090033854303452
1 0 1 1 1 0 1 1 1 1 1 0 1 1 0 1 0 1 0 0 1 0 1 0 0 0 1 1 1 1 1 1 0 1 0 1 1 0 0 0 0 1 1 1 1 1 1 1 0 1 0 1 0 1 0 1 0 0 1 1 0 0 1 1 0 0 0 1 0 1 0 1 1 1 1 1 1 0 1 1 1 0 0 1 0 0 0 0 0 0 0 1 1 1 1 1 0 0 1 0 34855.0 31475.0 2 0.47227014109506016
1 0 1 1 0 0 1 1 1 1 1 0 1 1 0 1 0 1 0 0 1 0 1 0 0 0 0 1 1 1 1 1 0 1 0 1 0 0 1 0 0 1 0 1 1 1 1 1 1 1 0 1 0 1 0 1 0 0 1 1 0 0 1 1 0 0 0 1 0 1 0 1 1 1 1 1 1 0 1 1 1 1 0 0 0 0 0 0 1 1 0 0 1 1 1 1 1 0 1 0 35217.0 31191.0 2 0.48707298202414384
1 0 1 1 1 0 1 1 1 1 1 0 1 1 0 1 0 1 0 0 1 0 1 0 0 0 1 1 1 1 1 1 0 1 0 1 1 0 0 0 0 1 1 1 1 1 1 1 1 1 0 1 0 1 0 0 0 0 1 1 0 0 1 1 0 0 0 1 0 1 0 1 1 1 1 1 1 0 1 1 1 0 0 0 0 0 0 0 1 1 0 0 1 1 1 1 0 0 1 0 35910.0 31033.0 2 0.33684793105589306
1 0 1 1 1 0 0 1 1 1 1 0 1 1 0 1 0 1 0 0 1 0 1 0 0 0 1 1 1 1 1 1 0 1 0 1 1 0 0 0 0 1 1 1 1 1 1 1 1 1 0 1 0 1 0 1 0 0 1 1 0 0 1 1 0 0 0 1 0 1 0 1 1 1 1 1 1 0 1 1 1 0 0 0 0 0 1 0 0 1 1 0 1 1 1 1 0 0 1 0 35926.0 30866.0 2 0.21372456854550903
1 0 1 1 1 0 1 1 1 1 1 1 1 1 0 1 0 1 0 0 1 0 1 0 0 0 1 1 0 1 1 1 0 1 1 1 1 0 0 0 0 1 0 0 1 1 1 1 1 0 0 1 0 1 0 1 0 0 1 0 1 0 1 1 0 0 0 1 0 1 0 1 1 1 1 1 1 0 1 1 1 0 0 0 0 1 1 0 1 1 0 0 1 1 1 1 1 0 1 0 36279.0 30751.0 2 0.25012218045520246
1 0 1 1 1 0 1 1 1 1 1 0 1 1 0 1 0 1 0 0 1 0 1 0 0 0 1 1 1 1 1 1 0 1 0 1 1 0 0 0 0 1 1 0 1 1 1 1 1 1 0 1 0 1 0 1 0 0 1 1 0 0 1 1 0 0 0 1 0 1 0 1 1 1 1 1 1 0 1 1 1 0 0 0 0 0 0 0 1 1 0 0 1 1 1 1 0 0 1 0 36328.0 30508.0 2 0.16141830113343827
1 0 1 1 1 0 1 1 1 1 1 0 1 1 1 0 0 1 1 0 0 0 1 0 0 1 1 1 0 1 1 1 0 1 0 1 1 0 0 0 0 1 1 1 1 1 1 1 1 1 0 1 0 1 0 1 0 0 1 1 0 0 1 1 0 0 0 1 0 1 0 1 1 1 1 1 1 0 1 1 1 0 0 0 0 0 0 0 1 1 0 0 1 1 1 1 0 0 1 0 36355.0 30348.0 2 0.2635492151561889
1 0 1 1 1 0 1 1 1 1 1 1 1 1 0 1 0 1 0 0 1 0 1 0 0 1 1 1 0 1 1 1 0 1 0 1 1 0 0 0 0 1 0 0 1 1 1 1 1 1 0 1 0 0 0 1 0 0 1 1 1 0 1 0 0 0 0 1 0 1 0 1 1 1 1 1 1 0 1 1 1 1 0 0 0 0 0 0 1 1 0 0 1 1 1 1 0 0 1 0 36451.0 29849.0 2 0.21281315665206163
1 0 1 1 1 0 0 1 1 1 1 0 1 1 0 1 0 1 0 0 1 0 0 0 1 0 1 1 1 1 1 1 1 1 0 1 0 0 0 0 0 1 0 1 1 1 1 1 0 1 0 1 0 1 0 1 0 0 1 1 1 0 1 1 0 0 0 1 0 1 0 1 1 1 1 1 1 0 1 1 1 0 0 0 0 1 1 0 1 1 0 0 1 1 1 1 1 0 1 1 36479.0 29839.0 2 0.1316551422441107
1 0 1 1 1 0 1 1 1 1 1 1 1 1 0 1 0 1 0 0 1 0 1 0 0 1 1 1 0 1 1 1 0 1 0 1 1 0 0 0 0 1 0 0 1 1 1 1 1 1 0 1 0 0 0 1 1 0 1 1 1 0 0 1 0 0 0 1 0 1 0 1 1 1 1 1 1 0 1 1 1 1 0 0 0 0 0 0 1 1 0 0 1 1 1 1 0 0 1 0 36694.0 29690.0 2 0.21636388358775838
1 0 1 1 1 0 1 1 1 1 1 1 1 1 0 1 0 1 0 0 1 0 1 0 0 1 1 1 0 1 1 1 1 1 0 1 1 0 0 0 0 1 0 0 1 0 1 1 1 1 0 1 0 0 0 1 0 0 1 1 1 0 0 1 0 0 0 1 0 1 0 1 1 1 1 1 1 0 1 1 1 1 0 0 0 0 0 0 1 1 0 0 1 1 1 1 1 0 1 0 36740.0 29448.0 2 2000000000000000.0
0 0 1 1 1 0 1 1 1 1 1 1 1 1 0 1 0 1 0 0 1 0 1 0 0 0 1 1 1 1 1 1 0 1 0 1 1 0 0 0 0 1 0 1 1 1 1 1 0 1 0 1 0 1 0 0 0 0 1 1 1 0 1 1 1 0 0 1 1 1 0 0 1 1 0 0 1 1 1 0 1 0 0 1 0 0 0 0 0 0 0 0 1 1 1 1 1 0 0 0 31136.0 32381.0 3 2000000000000000.0
1 0 1 1 1 0 1 1 1 1 1 1 1 1 0 1 0 1 0 0 1 0 1 0 0 1 1 1 0 1 1 1 0 1 0 1 1 0 0 0 0 1 1 1 1 1 1 1 1 1 0 1 0 1 0 1 0 0 1 1 0 0 1 1 0 0 0 1 0 1 0 1 1 1 1 0 1 1 1 0 1 0 0 1 0 0 0 0 0 0 0 0 1 1 1 1 0 0 0 0 33512.0 32346.0 3 0.7464199455163151
1 0 1 1 1 0 0 1 1 1 1 0 1 1 0 1 0 1 1 0 1 0 1 0 0 0 0 1 1 1 1 1 0 1 0 1 0 0 0 0 0 1 1 1 1 1 1 1 1 1 0 1 0 1 0 1 0 0 1 1 0 0 1 1 0 0 0 1 1 1 0 1 1 1 1 1 1 0 1 1 1 0 0 1 0 0 0 0 0 0 0 0 1 1 1 1 1 0 1 0 34105.0 31708.0 3 0.376088269160549
1 0 1 1 1 0 0 1 1 1 1 0 1 1 0 1 1 1 1 0 1 0 1 0 0 0 1 1 1 1 1 1 0 1 0 1 1 0 0 0 0 1 1 1 1 1 1 1 0 1 0 1 0 1 0 1 1 0 1 1 0 0 1 1 0 0 0 1 0 1 0 1 1 1 1 1 1 0 1 1 1 0 0 1 0 0 1 0 0 0 1 0 1 1 1 1 0 0 0 0 34307.0 31561.0 3 0.2238934760019045
1 0 1 1 1 0 1 1 1 1 1 0 1 1 0 1 0 1 0 0 1 0 1 0 0 0 1 1 0 1 1 1 0 1 0 1 1 0 0 0 0 1 1 1 1 1 1 1 0 1 0 1 0 1 0 1 1 0 1 1 0 0 1 1 0 0 0 1 0 1 0 1 1 1 1 1 1 0 1 1 1 0 0 1 0 0 1 0 0 0 1 0 1 1 1 1 0 0 1 0 34758.0 31355.0 3 0.20000982952789703
1 0 1 1 1 0 0 1 1 1 0 0 1 1 0 1 0 1 0 0 1 0 1 0 0 0 1 1 1 1 1 1 0 1 0 1 1 0 0 0 0 1 1 1 1 1 1 1 1 1 0 1 0 1 0 1 0 0 1 1 0 0 1 1 0 0 0 1 0 1 0 1 1 1 1 1 1 0 1 1 1 0 0 1 0 0 0 0 0 0 0 1 1 1 1 1 0 0 1 0 34817.0 31199.0 3 0.13680596511921445
1 0 1 1 1 0 0 1 1 1 1 0 1 1 0 1 0 1 1 0 1 0 1 0 0 0 0 1 1 1 1 1 0 1 0 1 0 0 0 0 0 1 0 1 1 1 1 1 1 1 0 1 0 1 0 1 0 0 1 1 0 0 1 1 0 0 0 1 0 1 0 1 1 1 1 1 1 0 1 1 1 1 0 0 0 0 0 0 1 1 0 0 1 1 1 1 1 0 1 0 34883.0 30965.0 3 0.11327688375880865
1 0 1 1 1 0 1 0 1 1 1 0 1 1 0 1 0 1 0 0 1 0 1 0 0 0 1 1 0 1 1 1 0 1 0 1 1 0 0 0 0 1 0 1 1 1 1 1 1 1 0 1 0 1 0 1 0 0 1 1 0 0 1 1 0 0 0 1 0 1 0 1 1 1 1 1 1 0 1 1 1 0 0 0 0 0 1 0 1 1 0 0 1 1 1 1 1 0 1 0 35054.0 30961.0 3 0.1361319403488052
1 0 1 1 1 0 1 1 1 1 1 0 1 1 0 1 0 1 0 0 1 0 1 0 0 0 1 1 1 1 1 1 0 0 0 1 1 0 0 0 0 1 1 1 1 1 1 1 1 1 0 1 0 1 0 1 0 0 1 1 0 0 1 1 0 0 0 1 0 1 0 1 1 1 1 1 1 0 1 1 1 0 0 0 0 0 1 0 0 1 0 0 1 1 1 1 0 0 1 0 35608.0 30959.0 3 0.15962170359760414
1 0 1 1 1 0 1 0 1 1 1 0 1 1 0 1 0 1 0 0 1 0 1 0 0 0 1 1 1 1 1 1 0 1 0 1 1 0 0 0 0 1 1 1 1 1 1 1 1 1 0 1 0 1 0 1 0 0 1 1 0 0 1 1 0 0 0 1 0 1 0 1 1 1 1 1 1 0 1 1 1 0 0 0 0 1 0 0 1 1 0 0 1 1 1 1 0 0 1 0 35868.0 30931.0 3 0.22588184907461484
1 0 1 1 1 0 1 0 1 1 1 0 1 1 0 1 0 1 0 0 1 0 1 0 0 1 1 1 0 1 1 1 0 1 0 1 1 0 0 0 0 1 0 1 1 1 1 1 0 1 0 1 0 1 0 1 0 0 1 1 1 0 1 1 0 0 0 1 0 1 0 1 1 1 1 1 1 0 1 1 1 0 0 0 0 1 1 0 1 1 0 0 1 1 1 1 1 0 1 0 36234.0 30582.0 3 0.39235262729237574
1 0 1 1 1 0 1 0 1 1 1 0 0 1 0 1 0 1 0 0 1 0 1 0 0 1 1 1 0 1 1 1 0 1 0 1 1 0 0 0 0 1 0 1 1 1 1 1 0 1 0 1 0 1 0 1 0 0 1 1 1 0 1 1 0 0 0 1 0 1 0 1 1 1 1 1 1 0 1 1 1 0 0 0 0 1 1 0 1 1 0 0 1 1 1 1 1 0 1 1 36243.0 29823.0 3 0.3125600303311059
1 0 1 1 1 0 1 1 1 1 1 1 1 1 0 1 0 1 0 0 1 0 1 0 0 1 1 1 0 1 1 1 0 1 0 1 1 1 0 0 0 1 0 0 0 1 1 1 1 1 0 1 0 0 0 1 0 0 1 1 1 0 0 1 0 0 0 1 0 1 0 1 1 1 1 1 1 0 1 1 1 1 0 0 0 0 0 0 1 1 0 0 1 1 1 1 1 0 1 0 36331.0 29571.0 3 0.12225826382452576
1 0 1 1 1 0 0 0 1 1 1 0 1 1 0 1 0 1 1 0 1 0 1 0 0 1 1 1 0 1 1 1 0 1 0 1 1 0 0 0 0 1 0 0 1 1 1 1 1 1 0 1 0 0 0 1 0 0 1 1 1 0 1 1 0 0 0 1 0 1 0 1 1 1 1 1 1 0 1 1 1 0 0 0 0 1 1 0 1 1 0 0 1 1 1 1 1 0 1 0 36453.0 29537.0 3 0.11677970623753446
1 0 1 1 1 0 1 1 1 1 1 1 1 1 0 1 0 1 0 0 1 0 1 0 0 1 1 1 0 1 1 1 0 1 0 1 1 0 0 0 0 1 0 0 1 1 1 1 1 1 0 1 0 0 0 1 0 0 1 1 1 0 0 1 0 0 0 1 0 1 0 1 1 1 1 1 1 0 1 1 1 1 0 0 0 0 0 0 1 1 0 0 1 1 1 1 0 0 1 0 36469.0 29258.0 3 0.18578650265396734
1 0 1 1 1 0 1 1 1 1 1 1 1 1 0 1 0 1 0 0 1 0 1 0 0 1 1 1 0 1 1 1 0 1 0 1 1 1 0 0 0 1 0 0 0 1 1 1 1 1 0 1 0 0 0 1 0 0 1 1 1 0 0 1 0 0 0 1 0 1 0 1 1 1 1 1 1 0 1 1 1 1 0 0 0 0 1 0 1 1 0 0 1 1 1 1 0 0 1 0 36531.0 28949.0 3 2000000000000000.0
1 0 1 1 1 0 1 0 1 1 1 0 1 1 0 1 0 1 0 0 1 0 1 0 0 0 1 1 1 1 1 1 0 1 0 1 1 0 0 0 0 1 1 1 1 1 1 1 0 1 0 1 0 1 0 0 0 0 1 0 0 0 1 1 0 0 0 1 0 1 0 0 1 1 0 1 1 1 1 1 1 1 1 1 0 1 0 0 1 1 0 0 1 1 0 1 1 0 1 0 33428.0 32092.0 4 2000000000000000.0
1 0 1 1 1 0 0 1 1 1 1 0 1 1 0 1 0 1 1 0 1 0 1 0 0 0 0 1 1 1 1 1 0 1 0 1 0 0 0 0 0 1 1 1 1 1 1 1 1 1 0 1 0 1 0 1 0 0 1 1 0 0 1 1 0 0 0 1 0 1 0 1 1 1 1 1 1 0 1 1 1 0 0 1 0 0 0 0 0 0 0 0 1 1 1 1 1 0 1 0 33793.0 31572.0 4 0.4799651261869655
1 0 1 1 1 0 1 1 1 1 1 0 1 1 0 1 0 1 0 0 1 0 1 0 0 0 1 1 1 1 1 1 0 0 0 1 1 0 0 0 0 1 1 1 1 1 1 1 1 1 0 1 0 1 0 1 0 0 1 1 0 0 1 1 0 0 0 1 0 1 0 1 1 1 1 0 1 0 1 1 1 0 0 1 0 0 0 0 0 0 0 1 1 1 1 1 0 0 1 0 34109.0 31476.0 4 0.2002035220794206
1 0 1 1 1 0 0 1 1 1 1 0 1 1 0 1 0 1 0 0 1 0 1 0 0 0 1 1 0 1 0 1 0 1 0 1 1 0 1 0 0 1 0 0 1 1 1 1 1 1 0 1 0 1 0 1 0 0 1 0 0 0 1 1 0 0 0 1 0 1 0 0 1 1 0 1 1 1 1 1 1 1 1 0 0 0 1 0 1 1 0 0 1 1 1 1 1 0 1 0 34134.0 31365.0 4 0.11345024552218066
1 0 1 1 1 0 1 1 1 1 1 0 1 1 0 1 0 1 0 0 1 0 1 0 0 0 0 1 1 1 1 1 1 1 0 1 0 0 0 0 0 1 0 1 1 1 1 1 1 1 0 1 0 1 0 1 0 0 1 1 0 0 1 1 0 0 0 0 0 1 0 1 1 1 1 1 1 0 1 1 1 1 0 0 0 0 0 0 1 1 0 0 1 1 1 1 1 0 1 0 34306.0 31362.0 4 0.1292164811707716
1 0 1 1 1 0 1 0 1 1 1 0 1 1 0 1 0 1 0 0 1 0 1 0 0 0 1 1 1 1 1 1 0 1 0 1 1 0 0 0 0 1 1 1 1 1 1 1 0 1 0 1 0 1 0 1 1 0 1 1 0 0 1 1 0 0 0 1 0 1 0 1 1 1 1 1 1 0 1 1 1 0 0 1 0 0 1 0 0 0 1 0 1 1 1 1 0 0 1 0 34438.0 31305.0 4 0.21240276838341096
1 0 1 1 1 0 1 0 1 1 0 0 1 1 0 1 0 1 0 0 1 0 1 0 0 0 1 1 1 1 1 1 0 1 0 1 1 0 0 0 0 1 1 1 1 1 1 1 1 1 0 1 0 1 0 1 0 0 1 1 0 0 1 1 0 0 0 1 0 1 0 1 1 1 1 1 1 0 1 1 1 0 0 1 0 0 1 0 0 0 1 0 1 1 1 1 0 0 1 0 34746.0 31211.0 4 0.5718986902555155
1 0 1 1 1 0 1 1 1 1 1 0 1 1 0 1 0 1 0 0 1 0 1 0 0 1 1 1 0 1 1 1 0 1 0 1 1 0 0 0 0 1 0 1 1 1 1 1 0 1 0 1 0 1 0 1 0 0 1 0 1 0 1 1 0 0 0 1 0 1 0 1 1 1 0 1 1 0 1 1 1 0 0 0 0 0 1 0 1 1 0 0 1 1 1 1 1 0 1 1 35653.0 30925.0 4 0.48675569224956294
1 0 1 1 1 0 0 1 1 1 1 0 1 1 0 1 0 1 0 0 1 0 1 0 0 0 1 1 1 1 1 1 0 1 0 1 0 0 0 0 0 1 1 1 1 1 1 1 1 1 0 1 0 1 0 1 0 0 1 1 0 0 1 1 0 0 0 1 0 1 0 1 1 1 1 1 1 0 1 1 1 1 0 0 0 0 0 0 1 1 0 0 1 1 0 1 1 0 1 0 35792.0 30898.0 4 0.2922328903099882
1 0 1 1 1 0 1 0 1 1 1 0 1 1 0 1 0 1 0 0 1 0 1 0 0 1 1 1 0 1 1 1 0 1 0 1 1 0 0 0 0 1 0 1 1 1 1 1 0 1 0 1 0 1 0 1 0 0 1 1 1 0 1 1 0 0 0 1 0 1 0 1 1 1 1 1 1 0 1 1 1 1 0 0 0 0 0 0 1 1 0 0 1 1 1 1 1 0 1 0 35948.0 30445.0 4 0.36133239706953196
1 0 1 1 1 0 1 1 1 1 1 1 1 1 0 1 0 1 0 0 1 0 1 0 0 1 1 1 0 1 1 1 0 1 0 1 1 0 0 0 0 1 0 1 1 1 1 1 0 1 0 1 0 1 0 1 0 0 1 1 1 0 1 1 0 0 0 1 0 1 0 1 1 1 1 1 1 0 1 1 1 0 0 0 0 0 0 0 1 1 0 0 1 1 1 1 0 0 1 0 36114.0 30267.0 4 0.2315237967655989
1 0 1 1 1 0 1 0 1 1 1 0 1 1 0 1 0 1 0 0 1 0 1 0 0 1 1 1 0 1 1 1 0 1 0 1 1 0 0 0 1 1 0 1 1 1 1 1 0 1 0 1 0 1 0 1 0 0 1 0 1 0 1 1 0 0 0 1 0 1 0 1 1 1 1 1 1 0 1 1 1 1 0 0 0 1 1 0 1 1 0 0 1 1 1 1 0 0 1 0 36198.0 30079.0 4 0.3460937705882738
1 0 1 1 1 0 1 1 1 1 1 1 1 1 0 1 0 1 0 0 1 0 1 0 0 1 1 1 0 1 1 1 0 1 0 1 1 0 0 0 0 1 0 0 0 1 1 1 1 1 0 1 0 0 0 1 0 0 1 1 1 0 0 1 0 0 0 1 0 1 0 1 1 1 1 1 1 0 1 1 1 1 0 0 0 0 0 0 1 1 0 0 1 1 1 1 1 0 1 0 36310.0 29564.0 4 2000000000000000.0
1 0 1 1 1 0 0 1 1 1 1 0 1 1 0 1 0 1 0 0 1 0 1 0 0 0 1 1 1 1 1 1 0 1 0 1 1 0 0 0 0 1 0 1 1 1 1 1 0 1 0 1 0 1 0 0 0 0 1 1 1 0 1 1 1 0 0 1 1 1 0 0 1 1 0 0 1 1 1 0 1 0 0 1 0 0 0 0 0 0 0 0 1 1 1 1 1 1 1 0 32094.0 32087.0 5 2000000000000000.0
1 0 1 1 1 0 1 0 1 1 1 0 1 1 0 1 0 1 0 0 1 0 1 0 0 0 1 1 1 1 1 1 0 1 0 1 1 0 0 0 0 1 1 1 1 1 1 1 1 1 0 1 0 1 0 1 0 0 1 1 0 0 1 1 0 0 0 1 0 1 0 1 1 1 0 0 1 1 1 0 1 0 0 1 0 0 0 0 0 0 0 1 1 1 1 1 0 0 1 0 32608.0 31939.0 5 0.20672861621136882
1 0 1 1 1 0 1 0 1 1 1 0 1 1 0 1 0 1 0 0 1 0 1 0 0 0 0 1 1 1 0 1 1 1 0 1 1 1 1 0 0 1 0 1 1 1 1 1 0 1 1 1 0 1 0 1 0 0 1 1 0 0 1 1 0 0 0 1 0 1 0 1 1 1 1 1 1 0 1 1 1 0 0 1 0 0 0 0 0 0 0 0 1 1 1 1 1 0 1 0 32678.0 31924.0 5 0.1675444300621387
1 0 1 1 1 0 1 0 1 1 0 0 1 1 0 1 0 1 0 0 1 0 1 0 0 0 1 1 1 1 1 1 0 1 0 1 1 1 0 0 0 1 1 1 1 1 1 1 1 1 0 1 0 1 0 1 0 0 1 1 0 0 1 1 0 0 0 1 0 1 0 1 1 1 1 0 1 1 1 0 1 0 0 1 0 0 0 0 0 0 0 1 1 1 1 1 0 0 1 0 33019.0 31768.0 5 0.19969602905360456
1 0 1 1 1 0 1 0 1 1 1 0 1 1 0 1 0 1 0 0 1 0 1 0 0 0 1 1 1 1 1 1 0 1 0 1 1 0 0 0 0 1 1 1 1 1 1 1 1 1 0 1 0 1 0 1 0 0 1 1 0 0 1 1 0 0 0 1 0 1 0 1 1 1 0 1 1 0 1 1 1 0 0 1 0 0 0 0 0 0 0 0 0 1 1 1 1 0 1 0 33190.0 31734.0 5 0.16377776687176282
1 1 1 1 1 0 1 0 1 1 1 0 1 1 0 1 0 1 0 0 1 0 1 0 0 0 0 1 1 1 1 1 0 1 0 1 0 0 0 0 0 1 1 1 1 1 1 1 1 1 0 1 0 1 0 1 0 0 1 1 0 0 1 1 0 0 0 1 0 1 0 1 1 1 1 1 1 0 1 1 1 0 0 1 0 0 0 0 0 0 0 0 1 1 1 1 1 0 1 0 33413.0 31596.0 5 0.2202531762049882
1 0 1 1 1 0 1 0 1 1 1 0 1 1 0 1 0 1 0 0 1 0 1 0 0 0 1 1 0 1 1 1 0 1 0 1 1 0 0 0 0 1 0 1 1 1 1 1 1 1 0 1 0 1 0 1 0 0 1 1 0 0 1 1 0 0 0 1 0 1 0 1 1 1 1 1 1 1 1 0 1 0 0 1 0 0 0 0 1 0 0 1 1 1 1 1 0 0 1 0 33754.0 31524.0 5 0.16730671312626394
1 0 1 1 1 0 1 0 1 1 1 0 1 1 0 1 0 1 1 0 1 0 1 0 0 0 1 1 1 1 1 1 0 1 0 1 1 0 0 0 0 1 1 1 1 1 1 1 0 1 0 1 0 1 0 1 1 0 1 1 0 0 1 1 0 0 0 1 0 1 0 1 1 1 1 1 1 0 1 1 1 0 0 1 0 0 1 0 0 0 1 0 1 1 1 1 0 0 0 0 33799.0 31410.0 5 0.1287812329380547
1 0 1 1 1 0 1 1 1 1 1 0 1 1 1 0 0 1 1 0 0 0 1 0 0 1 1 1 0 1 1 1 0 1 0 1 1 0 0 0 0 1 1 1 1 1 1 1 1 1 0 1 0 1 0 1 0 0 1 1 0 0 1 1 0 0 0 1 0 1 0 1 1 1 1 0 1 1 1 0 1 0 0 1 0 0 0 0 0 0 0 0 1 1 1 1 0 0 1 0 34061.0 31387.0 5 0.07662690403597143
1 0 1 1 1 0 1 0 1 1 1 0 1 1 0 1 0 1 0 0 1 0 1 1 0 0 1 1 1 1 1 1 0 1 0 1 1 0 0 0 0 1 1 1 1 1 1 1 0 1 0 1 0 1 0 1 1 0 1 1 0 0 1 1 0 0 0 1 0 1 0 1 1 1 1 1 1 0 1 1 1 0 0 1 0 0 1 0 0 0 1 0 1 1 1 1 0 0 0 0 34069.0 31383.0 5 0.1172059518186068
1 0 1 1 1 0 1 1 1 1 1 1 1 1 0 1 0 1 0 0 1 0 1 0 0 1 1 1 0 1 1 1 0 1 0 1 1 0 0 0 0 1 0 0 1 1 1 1 1 1 0 1 0 0 0 1 0 0 1 1 1 0 0 1 0 0 0 1 0 1 0 0 1 1 0 1 1 1 1 0 1 0 0 1 0 0 0 0 1 1 0 0 1 1 1 1 1 0 1 0 34082.0 31101.0 5 0.3169786637547518
1 0 1 1 1 0 0 1 1 1 1 0 1 1 0 1 0 1 0 0 1 0 1 0 0 0 0 1 1 1 1 1 1 1 0 1 0 0 0 0 0 1 0 1 1 1 1 1 1 1 0 1 0 1 0 1 0 0 1 1 0 0 1 1 0 0 0 1 0 1 0 1 1 1 1 1 1 0 1 1 1 1 0 0 0 0 0 0 1 1 0 0 1 1 1 1 1 0 1 0 34676.0 30953.0 5 0.4132931310541023
1 0 1 1 1 0 1 1 1 0 1 0 1 1 0 1 0 1 0 0 1 0 1 0 0 0 1 1 1 1 1 1 0 1 0 1 1 0 0 0 0 1 1 1 1 1 1 1 1 1 0 1 0 1 0 0 0 0 1 1 0 0 1 1 0 0 0 1 0 1 0 1 1 1 1 1 1 0 1 1 1 0 0 0 0 0 0 0 1 1 0 0 1 1 1 1 0 0 1 0 35480.0 30919.0 5 0.29819289119004894
1 0 1 1 1 0 1 1 1 1 1 0 1 1 0 1 0 1 0 0 1 0 1 0 0 0 1 1 0 1 1 1 0 1 0 1 1 0 0 0 0 1 1 1 1 1 1 1 1 1 0 1 0 1 0 1 0 0 1 1 0 0 1 1 0 0 0 1 0 1 0 1 1 1 1 1 1 0 1 1 1 0 0 0 0 0 0 0 1 1 0 0 1 1 1 1 0 0 1 0 35714.0 30840.0 5 0.12106233398155541
1 0 1 1 1 0 1 1 1 0 1 0 1 1 1 0 0 1 1 0 0 0 1 0 0 1 1 1 0 1 1 1 0 1 0 1 1 0 0 0 0 1 1 1 1 1 1 1 1 1 0 1 0 1 0 0 0 0 1 1 0 0 1 1 0 0 0 1 0 1 0 1 1 1 1 1 1 1 1 1 1 0 0 0 0 0 0 0 1 1 0 0 1 1 1 1 0 0 1 0 35717.0 30758.0 5 0.21977467501793596
1 0 1 1 1 0 1 1 1 0 1 0 1 1 0 1 0 1 0 0 1 0 1 0 0 0 1 1 1 1 1 1 0 1 0 1 1 0 0 0 0 1 1 0 1 1 1 1 1 1 0 1 0 1 0 1 0 0 1 1 0 0 1 1 0 0 0 1 0 1 0 1 1 1 1 1 1 0 1 1 1 0 0 0 0 0 0 0 1 1 0 0 1 1 1 1 0 0 1 0 35898.0 30394.0 5 0.26144875436324666
1 0 1 1 1 0 1 1 1 1 1 1 1 1 0 1 0 1 0 0 1 0 1 0 0 0 1 1 0 1 1 1 0 1 0 1 1 0 0 0 0 1 0 0 1 1 1 1 1 0 0 1 0 1 0 1 0 0 1 1 0 0 1 1 0 0 0 1 0 1 0 0 1 1 1 1 1 0 1 1 1 1 0 0 0 0 1 0 1 1 0 0 1 1 1 1 1 0 1 1 35932.0 30225.0 5 0.24826236588162914
1 0 1 1 1 0 1 1 1 1 1 1 1 1 0 1 0 1 0 0 1 0 1 0 0 1 1 1 0 1 1 1 0 1 0 1 1 0 0 0 0 1 0 0 1 1 1 1 0 1 0 1 0 0 0 1 0 0 1 1 1 0 1 1 0 0 0 1 0 1 0 1 1 1 1 1 1 0 1 1 1 0 0 0 0 0 0 0 0 0 0 1 1 1 1 1 1 0 1 1 35979.0 29811.0 5 0.33153077437440914
1 0 1 1 1 0 0 1 1 1 1 1 1 1 0 1 0 1 0 0 1 0 1 0 0 1 1 1 0 1 1 1 0 1 0 1 1 0 0 0 0 1 0 0 1 1 1 1 1 1 0 1 0 0 0 1 0 0 1 1 1 0 0 1 0 0 0 1 0 1 0 1 1 1 1 1 1 0 1 1 1 1 0 0 0 0 0 0 1 1 0 0 1 1 1 1 1 0 1 0 36182.0 29535.0 5 2000000000000000.0
1 0 1 1 1 0 1 1 1 1 1 1 1 1 0 1 0 1 0 0 1 0 1 0 0 0 1 1 1 1 1 1 0 1 0 1 1 0 0 0 0 1 0 1 1 1 1 1 0 1 0 1 0 1 0 0 0 0 1 1 1 0 1 1 1 0 0 1 1 1 0 0 1 1 0 0 1 1 1 0 1 0 0 1 0 0 0 0 0 0 0 1 1 1 1 1 0 0 1 0 32379.0 31928.0 6 2000000000000000.0
1 0 1 1 1 0 1 1 1 1 1 1 1 1 0 1 0 1 0 0 1 0 1 0 0 0 1 1 1 1 1 1 0 1 0 1 1 0 0 0 0 1 0 1 1 1 1 1 0 1 0 1 0 1 0 0 0 0 1 1 1 0 1 1 1 0 0 1 1 1 0 0 1 1 0 0 1 0 1 0 1 0 0 1 0 0 0 0 0 0 0 0 1 1 1 1 1 0 1 1 32705.0 31668.0 6 0.3949781455094572
1 0 1 1 1 0 1 0 1 1 1 0 1 1 0 1 0 1 0 0 1 0 1 0 0 0 1 1 0 1 1 1 0 1 0 1 1 0 0 0 0 1 0 1 1 1 1 1 1 1 0 1 1 1 0 1 0 0 1 1 0 0 1 0 0 0 0 1 0 1 0 1 1 1 1 1 1 0 1 0 1 0 0 1 0 0 0 0 1 1 0 0 1 1 1 1 1 0 1 0 33096.0 31408.0 6 0.2344349411198512
1 0 1 1 1 0 1 1 1 1 1 0 1 1 1 0 0 1 1 0 0 0 1 0 0 1 1 1 0 1 1 1 0 1 0 1 1 0 0 0 0 1 1 1 1 1 1 1 1 1 0 1 0 1 0 1 0 0 1 1 0 0 1 1 0 0 0 1 0 1 0 1 1 1 1 0 1 1 1 0 1 0 0 1 0 0 0 0 0 0 0 0 1 1 1 1 0 0 0 0 33157.0 31377.0 6 0.2708143972304201
1 0 1 1 1 0 1 0 1 1 1 0 1 1 0 1 0 1 0 0 1 0 1 0 0 0 1 1 1 1 1 1 0 1 0 1 1 0 0 0 0 1 0 1 1 1 1 1 1 1 0 1 1 1 0 1 0 0 1 1 0 0 1 0 0 0 0 0 0 1 0 1 1 1 1 1 1 0 1 1 1 0 0 0 0 0 1 0 1 1 0 0 1 1 1 1 1 0 1 0 33975.0 31310.0 6 0.38579274323979906
1 0 1 1 1 0 1 0 1 1 1 0 1 1 0 1 0 1 0 0 1 0 1 0 0 0 1 1 0 1 1 1 0 1 0 1 1 0 0 0 0 1 1 1 1 1 1 1 0 1 0 1 0 1 0 1 1 0 1 1 0 0 1 1 0 0 0 1 0 1 1 1 1 1 1 1 1 0 1 1 1 0 0 1 0 0 1 0 0 0 1 0 1 1 1 1 0 0 1 0 34034.0 30987.0 6 0.2782282992260612
1 0 1 1 1 0 0 1 1 1 1 0 1 1 0 1 0 1 0 0 1 0 1 0 0 0 0 1 1 1 1 1 1 1 0 1 0 0 0 0 0 1 0 1 1 1 1 1 1 1 0 1 0 1 0 1 0 0 1 1 0 0 1 1 0 0 0 1 0 1 0 1 1 1 1 1 1 0 1 1 1 0 0 0 0 0 1 0 1 1 0 0 1 1 1 1 1 0 1 0 34488.0 30949.0 6 0.17235306698033265
1 0 1 1 1 0 1 1 1 1 1 0 1 1 0 1 0 1 0 0 1 0 1 0 0 1 1 1 0 1 1 1 0 1 0 1 1 0 0 0 0 1 1 1 1 1 1 1 1 0 0 1 0 1 0 1 0 0 1 1 1 0 1 1 0 0 0 0 1 1 0 0 1 1 0 1 1 1 1 1 1 0 0 1 0 0 0 0 0 0 0 1 1 1 0 1 0 0 1 1 34567.0 30907.0 6 0.17209074626067164
1 0 1 1 1 0 0 1 1 1 1 0 1 1 0 1 0 1 0 0 1 0 1 0 0 0 0 1 1 1 1 1 0 1 0 1 0 0 0 0 0 1 0 1 1 1 1 1 1 1 0 1 0 1 0 1 0 0 1 1 0 0 1 1 0 0 0 1 0 1 0 1 1 1 1 1 1 0 1 1 1 0 0 0 0 0 1 0 1 1 0 0 1 1 1 1 1 0 1 1 35026.0 30873.0 6 0.24389561306189408
1 0 1 1 1 0 1 0 1 1 1 0 1 1 0 1 0 1 0 0 1 0 1 0 0 0 1 1 1 1 1 1 0 1 0 1 1 0 0 0 0 1 1 1 1 1 1 1 1 1 0 1 0 1 0 1 0 0 1 1 0 0 1 1 0 0 0 1 0 1 0 1 1 1 1 1 1 0 1 1 1 0 0 0 0 0 1 0 0 1 0 0 1 1 1 1 0 0 1 0 35374.0 30829.0 6 0.22591411252054444
1 0 1 1 1 0 1 0 1 1 0 0 1 1 0 1 0 1 0 0 1 0 1 0 0 0 1 1 1 1 1 1 0 1 0 1 1 0 0 0 0 1 1 1 1 1 1 1 1 1 0 1 0 1 0 1 0 0 1 1 0 0 1 1 0 0 0 1 0 1 0 1 1 1 1 1 1 0 1 1 1 1 0 0 0 0 0 0 1 1 0 0 1 1 1 1 0 0 1 0 35657.0 30723.0 6 0.29242035140950406
1 0 1 1 1 0 1 0 1 1 1 0 1 1 0 1 0 1 0 0 1 0 1 0 0 0 1 1 0 1 1 1 0 1 0 1 1 0 0 0 0 1 1 1 1 1 1 1 1 0 0 1 0 1 0 1 0 0 1 1 1 0 1 1 0 0 0 1 0 1 0 1 1 1 1 1 1 0 1 1 1 0 0 0 0 0 0 0 1 1 0 0 1 1 1 1 1 0 1 1 35713.0 30316.0 6 0.2680040567815658
1 0 1 1 1 0 1 1 1 1 1 0 1 1 0 1 0 1 0 0 1 0 1 0 0 0 1 1 0 1 1 1 0 1 1 1 1 0 0 0 0 1 0 0 1 1 1 1 1 0 0 1 0 1 0 1 0 0 1 1 0 0 1 1 0 0 0 1 0 1 0 1 1 1 1 1 1 0 1 1 1 1 0 0 0 0 0 0 1 1 0 0 1 1 1 1 1 0 1 0 35914.0 30217.0 6 0.4356424518465886
1 0 1 1 1 0 0 1 1 1 1 0 1 1 0 1 0 1 1 0 1 0 0 0 0 0 1 1 0 1 1 1 0 1 0 1 1 0 0 0 0 1 0 0 1 1 1 1 1 1 0 1 0 1 0 1 0 0 1 1 0 0 1 1 0 0 0 1 0 1 0 1 1 1 1 1 1 0 1 1 1 1 0 0 0 0 1 0 1 1 0 0 1 1 1 1 1 0 1 0 36145.0 29503.0 6 0.3899702424712139
1 0 1 1 1 0 0 0 1 1 1 0 1 1 0 1 0 1 1 0 1 0 1 0 0 1 1 1 0 1 1 1 0 1 0 1 1 0 0 0 0 1 0 0 1 1 1 1 1 1 0 1 0 0 0 1 0 0 1 1 1 0 1 1 0 0 0 1 0 1 0 1 1 1 1 1 1 0 1 1 1 1 0 0 0 0 0 0 1 1 0 0 1 1 1 1 1 0 1 0 36167.0 29400.0 6 2000000000000000.0
1 0 1 1 1 0 0 1 1 1 1 0 1 1 0 1 0 1 0 0 1 0 1 0 0 0 1 1 1 1 1 1 0 1 0 1 0 0 0 0 0 1 1 1 1 1 1 1 1 1 0 1 0 1 0 1 0 0 1 1 0 0 1 1 0 0 0 1 0 1 0 1 1 1 0 0 1 1 1 0 1 0 0 1 0 0 0 0 0 0 0 0 1 1 1 1 1 0 1 0 32194.0 31918.0 7 2000000000000000.0
1 0 1 1 1 0 0 1 1 1 1 0 1 1 0 1 0 1 1 0 1 0 0 0 0 0 1 1 0 1 1 1 0 1 0 1 1 0 0 0 0 1 0 0 1 1 1 1 1 0 0 1 0 1 0 1 0 0 1 1 0 0 1 1 0 0 0 1 0 1 0 1 1 1 1 1 1 0 1 1 1 1 0 0 0 0 1 0 1 1 0 0 1 1 1 1 1 0 1 1 36028.0 28671.0 7 2000000000000000.0
1 0 1 1 1 0 0 0 1 1 1 0 1 1 0 1 0 1 1 0 1 0 1 0 0 1 1 1 0 1 1 1 0 1 0 1 1 0 0 0 0 1 0 0 1 1 1 1 1 1 0 1 0 0 0 1 0 0 1 1 1 0 1 1 0 0 0 1 0 1 0 1 1 1 1 1 1 0 1 1 1 0 0 0 0 0 0 0 1 0 0 1 1 1 1 1 1 0 1 1 35997.0 29234.0 7 0.32652909093566235
