0 1 0 0 0 0 1 1 0 1 0 1 0 1 1 0 0 1 1 1 0 0 0 1 1 1 0 0 1 0 1 1 0 1 0 0 1 1 0 1 12154.0 9794.0 10758.0 12415.0 0 2000000000000001.0
0 1 1 0 1 0 1 1 1 0 1 1 1 0 0 0 1 1 1 0 0 0 1 1 1 0 1 0 0 1 0 0 1 1 1 0 0 0 1 1 12818.0 11113.0 13616.0 12240.0 0 1000000000000000.9
0 0 0 0 0 1 1 1 1 1 1 0 0 1 0 0 0 0 1 1 1 0 0 1 1 0 1 0 1 0 1 1 0 1 0 0 1 0 0 1 13050.0 9794.0 9458.0 12202.0 0 1000000000000000.4
1 0 0 1 1 1 1 1 0 0 0 1 1 1 0 1 0 1 0 0 0 1 1 1 1 0 1 0 1 1 0 0 1 0 0 0 1 0 0 1 13843.0 11123.0 12819.0 12201.0 0 0.8991018733289343
0 1 0 1 0 0 1 1 0 1 1 1 1 0 1 1 0 1 1 0 0 0 0 1 0 0 1 1 0 0 1 1 0 1 0 0 1 1 0 1 13432.0 9826.0 12877.0 11952.0 0 1.0397867265549272
0 1 0 1 0 0 1 1 0 1 1 1 1 0 1 1 0 1 1 0 0 0 0 1 0 0 1 1 0 0 1 1 0 1 1 0 1 0 0 1 13554.0 10021.0 12885.0 11184.0 0 1.3119600116939707
1 0 0 1 0 1 1 1 0 0 0 0 1 1 0 1 0 1 1 1 0 0 0 1 1 1 0 0 1 0 1 1 0 1 1 0 1 0 0 1 13854.0 10553.0 11170.0 11059.0 0 1000000000000001.0
1 1 0 1 1 1 1 1 0 0 0 1 0 1 0 1 1 1 0 0 1 0 1 0 1 0 0 1 0 1 1 0 0 0 0 0 1 1 0 0 11925.0 11892.0 11998.0 10861.0 0 3000000000000000.5
0 1 0 0 0 0 1 1 0 1 0 1 0 1 0 0 0 1 1 1 0 0 1 1 0 0 1 0 0 1 0 1 1 0 0 1 1 1 0 0 10179.0 7777.0 10240.0 12294.0 1 2000000000000000.2
1 0 0 0 0 1 1 1 1 1 1 0 0 1 0 0 0 0 1 1 0 0 0 1 1 0 1 0 0 1 0 1 1 1 0 1 0 0 1 0 12106.0 8136.0 9988.0 12164.0 1 0.7554788583605423
1 1 0 1 0 1 1 1 0 0 0 0 1 1 0 1 0 1 0 1 0 0 1 1 0 0 1 0 0 1 0 0 1 0 1 1 1 0 0 1 12033.0 9809.0 12627.0 12081.0 1 1.1207976429959883
0 1 1 0 1 0 1 1 1 0 1 1 1 0 0 0 1 1 1 1 0 0 0 1 0 0 1 0 0 1 0 0 1 0 0 1 1 0 0 1 11141.0 9947.0 10758.0 11362.0 1 1.0114681450967629
0 1 1 0 0 0 1 1 1 0 1 0 0 1 0 0 1 0 0 0 0 0 1 1 1 0 1 0 1 1 0 0 1 0 0 0 1 0 0 1 10018.0 10208.0 10563.0 11066.0 1 0.6164834279501717
1 0 0 1 1 1 1 1 0 1 0 0 0 0 0 1 1 0 0 1 0 0 0 1 1 1 1 0 1 0 0 0 1 0 0 0 1 1 0 1 13091.0 9897.0 11475.0 10979.0 1 0.38056767325660823
0 1 1 1 1 0 1 0 1 1 0 0 1 1 0 0 0 0 1 0 0 1 1 1 1 0 0 0 0 1 0 0 0 0 1 1 1 0 0 1 10640.0 10472.0 9458.0 10917.0 1 1000000000000000.4
0 1 1 0 0 1 0 1 1 0 1 1 0 1 0 0 0 0 0 1 1 0 1 0 1 0 1 1 0 1 0 0 1 0 1 0 1 0 1 0 9619.0 9928.0 11278.0 10778.0 1 0.5177562773235286
0 0 0 1 0 1 1 1 0 0 0 1 1 1 0 1 0 1 0 0 0 1 1 1 0 1 1 1 0 0 0 0 1 0 1 1 1 0 0 1 12097.0 8975.0 12517.0 10673.0 1 0.6754332533362566
1 1 1 0 1 0 1 0 1 1 0 1 0 0 0 0 0 1 0 0 0 1 1 1 1 0 1 1 0 1 0 0 1 1 1 0 0 0 1 0 10881.0 10497.0 12453.0 10640.0 1 0.38303155173504416
0 1 1 1 1 0 1 0 1 1 0 0 1 1 0 0 0 1 1 0 0 1 1 1 1 0 0 0 0 1 0 0 0 0 0 0 1 0 1 0 9101.0 10533.0 9470.0 10606.0 1 1000000000000000.4
1 0 0 1 0 1 1 0 1 0 1 1 0 0 1 1 0 0 0 0 1 1 1 1 1 0 1 1 0 1 0 0 0 1 1 0 1 0 1 0 12494.0 9917.0 13430.0 10301.0 1 1000000000000000.5
1 1 0 1 1 1 1 1 0 0 0 1 0 1 0 1 1 1 0 0 1 0 1 1 0 0 0 0 1 0 1 0 0 0 1 1 0 0 0 1 12348.0 10738.0 11681.0 10184.0 1 1000000000000000.5
1 0 0 1 1 1 1 1 0 0 0 0 1 1 1 1 1 0 0 0 1 0 1 1 0 0 0 0 1 0 1 0 1 1 1 0 1 0 1 0 13216.0 9930.0 12574.0 10076.0 1 2000000000000000.0
0 0 0 1 1 1 1 1 0 0 0 0 0 0 0 1 0 1 1 1 0 0 1 1 0 1 1 0 0 1 0 1 1 1 0 1 1 1 0 0 11542.0 8258.0 10637.0 12059.0 2 1000000000000000.0
1 0 0 1 0 1 1 1 0 0 0 1 0 1 0 0 0 1 1 1 0 0 1 1 0 0 1 0 0 1 0 1 1 0 0 1 1 1 0 0 11288.0 8470.0 11151.0 12040.0 2 0.13259554721675423
1 0 0 1 1 1 1 1 0 0 0 0 0 0 0 1 0 1 1 1 0 0 1 1 0 1 1 0 0 1 0 1 1 0 0 1 1 1 0 0 11461.0 8577.0 10910.0 11925.0 2 0.1361551712498392
0 0 0 0 0 1 1 1 1 1 1 0 0 1 0 0 0 0 1 1 0 0 0 1 1 0 1 0 0 0 0 1 1 1 0 1 0 0 1 1 11713.0 7887.0 9778.0 11820.0 2 0.2426299492515525
1 1 0 0 0 0 1 1 0 1 0 1 0 0 0 0 0 1 1 0 0 0 1 1 1 0 1 0 0 1 0 1 1 0 0 1 1 1 0 0 10969.0 8696.0 11017.0 11809.0 2 0.08750705594932262
0 0 1 0 0 1 0 1 0 1 0 0 0 1 1 1 0 1 1 0 0 0 0 1 0 0 1 1 1 0 0 0 1 0 1 1 1 1 0 1 11434.0 8580.0 10343.0 11806.0 2 0.15275351207302268
1 0 0 1 0 1 1 1 0 0 0 0 1 1 0 1 0 1 0 1 0 0 1 1 0 0 1 0 0 1 0 1 1 0 0 1 1 1 0 0 11105.0 8265.0 11211.0 11698.0 2 0.2705826055776977
0 0 0 0 0 1 0 1 1 1 1 0 0 1 1 1 0 0 0 0 1 1 0 1 1 0 0 0 1 1 0 0 0 0 1 0 1 1 0 1 11824.0 8528.0 9864.0 11361.0 2 0.19394469480261645
0 1 1 1 1 0 1 0 1 1 0 0 1 1 0 0 0 0 1 1 1 0 0 0 1 0 1 0 0 0 0 1 1 1 0 0 0 0 1 0 9410.0 9464.0 8683.0 11349.0 2 1000000000000000.1
0 1 1 0 0 0 1 1 1 0 1 0 1 1 0 1 0 1 0 1 0 0 1 1 0 0 1 0 1 1 0 0 0 0 0 1 1 1 0 0 9633.0 8923.0 10538.0 11224.0 2 0.12488035177351496
1 0 0 1 0 1 1 1 0 0 0 1 1 1 0 1 0 1 0 0 0 1 1 1 0 1 1 0 0 1 0 1 0 0 0 1 1 1 0 0 11825.0 8230.0 11146.0 11119.0 2 0.10075871702279053
1 0 0 1 0 0 0 1 1 1 0 0 0 0 1 0 0 1 1 0 0 0 1 1 1 0 1 1 0 1 0 0 1 1 1 0 0 0 1 0 10137.0 8729.0 11800.0 11053.0 2 0.11995845465132383
0 1 1 1 0 0 0 1 1 1 0 0 0 0 1 0 0 1 1 0 0 0 1 1 1 0 0 1 0 1 0 0 1 1 1 0 0 0 0 0 8510.0 9186.0 9921.0 11038.0 2 1000000000000000.1
0 1 0 0 0 0 1 1 0 1 0 1 0 1 0 0 0 1 1 0 0 1 1 1 1 1 0 0 1 0 1 1 0 1 0 0 0 1 1 0 11222.0 8676.0 10809.0 11018.0 2 0.11093080171822002
1 1 1 0 0 1 1 1 0 0 0 1 1 1 0 1 0 1 0 0 0 1 1 1 0 1 1 0 0 0 0 1 1 1 0 0 0 0 1 0 11257.0 8103.0 11376.0 10966.0 2 0.11728335047927285
0 0 0 0 0 1 1 1 1 1 1 0 0 1 0 0 0 0 1 1 0 0 0 1 1 0 1 0 0 0 1 0 1 0 1 0 1 0 0 1 12465.0 8788.0 10216.0 10921.0 2 0.2306936313757675
0 1 0 0 0 0 1 1 0 1 0 1 0 1 0 0 0 1 1 1 0 0 0 1 1 0 1 0 0 0 1 0 1 0 1 0 1 0 0 1 11840.0 8987.0 11083.0 10918.0 2 0.11546739018669322
0 1 0 0 0 0 1 1 0 1 0 1 0 1 0 0 0 1 1 1 0 0 0 1 1 1 0 0 1 0 1 1 0 1 1 0 1 0 0 1 12174.0 9852.0 10193.0 10810.0 2 0.3153951867337328
0 0 1 0 0 1 0 1 1 1 1 0 0 1 0 0 0 1 0 1 0 0 1 1 1 0 1 1 0 1 0 0 0 1 1 0 1 0 1 0 10440.0 9622.0 11097.0 10628.0 2 0.1711599263907064
0 1 0 0 0 0 1 1 0 0 0 1 1 1 0 1 0 1 0 0 0 1 1 1 0 1 1 0 0 0 0 1 1 1 0 0 0 1 1 0 10265.0 6457.0 11460.0 10573.0 2 1000000000000000.1
0 1 1 1 1 0 1 1 1 1 0 0 1 1 0 0 0 0 0 1 1 0 0 0 0 0 0 0 1 1 0 0 1 1 0 0 1 0 1 0 9314.0 10072.0 8932.0 10525.0 2 0.4708529330592349
0 1 0 1 0 0 1 1 1 0 1 1 0 0 1 1 0 0 0 0 0 1 0 1 1 1 0 0 1 0 0 1 1 0 0 1 1 1 0 0 10673.0 8859.0 11288.0 10405.0 2 0.19421576445535665
1 0 0 1 0 1 1 1 0 0 0 1 1 1 0 1 0 1 0 0 0 1 1 1 0 1 1 0 0 0 0 1 1 1 0 0 0 0 1 0 11532.0 7537.0 11598.0 10248.0 2 0.42934338446075837
0 1 0 0 0 0 1 1 0 1 0 1 0 1 0 0 0 0 0 1 0 0 1 0 1 0 1 1 0 1 0 0 1 0 1 0 1 0 1 1 10068.0 9065.0 11598.0 10236.0 2 0.11802008204273093
1 1 1 0 0 0 0 1 1 0 1 1 0 1 0 0 0 0 0 1 1 0 1 0 1 0 1 1 0 1 0 0 1 0 1 0 1 0 1 0 9648.0 9736.0 11859.0 10148.0 2 0.10916568383611511
0 0 1 0 0 0 1 1 0 1 1 1 1 0 1 1 0 1 1 0 0 0 0 1 0 0 1 1 0 0 0 0 1 0 1 1 1 0 0 1 11676.0 8052.0 11333.0 10129.0 2 0.05005029349451188
0 0 1 0 0 0 1 1 0 1 1 1 1 0 1 1 0 1 1 0 0 0 0 1 0 0 1 1 0 1 0 0 1 0 1 0 1 0 1 0 11216.0 8012.0 11673.0 10125.0 2 0.09386685735607687
1 1 1 0 1 0 1 0 1 0 0 1 0 1 0 0 1 1 1 1 0 0 0 0 0 0 1 0 0 1 1 1 0 1 0 0 1 0 0 1 10729.0 10648.0 8801.0 10122.0 2 1000000000000000.1
0 1 0 0 0 0 1 1 1 0 0 1 0 1 0 1 0 1 0 0 0 0 1 1 1 0 1 1 0 1 0 0 0 1 1 0 1 0 1 0 10449.0 9298.0 11894.0 10054.0 2 0.17674812279375535
1 1 1 0 1 0 1 0 1 1 0 1 0 0 0 0 0 1 1 0 0 1 0 1 0 1 1 0 0 0 1 0 1 0 1 0 1 0 0 1 11643.0 10048.0 10481.0 10048.0 2 0.14926963118140896
1 1 0 0 0 0 1 1 0 1 0 1 0 1 0 0 0 1 1 0 0 1 1 1 0 1 0 0 1 0 1 0 0 1 0 0 1 1 1 0 11671.0 8714.0 11325.0 9981.0 2 0.07026991490076355
1 0 0 1 1 1 1 1 0 1 0 1 0 0 0 1 0 0 0 1 0 0 0 1 1 1 0 0 1 0 0 0 1 0 0 0 1 1 0 1 12389.0 9209.0 10567.0 9907.0 2 0.12056229153988275
1 0 0 1 1 0 0 1 0 1 1 1 1 0 1 1 0 1 1 0 0 0 0 1 0 0 1 1 0 0 1 1 0 1 0 0 1 0 0 1 13084.0 9027.0 11125.0 9873.0 2 0.19178258671527573
1 0 0 1 0 1 1 1 0 0 1 1 1 1 0 1 0 1 0 0 0 1 1 1 0 1 1 0 0 1 0 0 0 0 1 0 1 0 1 0 12394.0 8689.0 12948.0 9812.0 2 1000000000000000.0
1 0 0 1 1 1 1 1 0 0 0 1 0 0 0 0 1 0 1 1 0 0 0 1 0 0 1 1 0 0 1 1 0 1 0 0 1 1 0 1 13085.0 9135.0 10983.0 9746.0 2 0.08616285764657447
1 1 1 0 1 0 1 0 0 1 0 1 0 1 0 0 0 1 1 0 0 1 1 1 0 1 0 0 1 0 1 0 0 1 0 0 1 1 1 0 11314.0 9719.0 10683.0 9689.0 2 0.10452466539208434
0 0 1 0 0 0 1 0 0 1 1 0 1 0 1 0 0 1 0 0 0 1 0 1 1 1 1 0 1 0 1 0 1 0 1 0 1 0 0 1 10977.0 9251.0 11108.0 9672.0 2 0.11746650176172778
1 1 1 1 0 0 1 0 0 1 0 1 0 1 0 0 0 0 0 1 0 0 1 0 1 0 1 1 0 1 0 0 1 0 1 0 1 0 1 0 9597.0 10191.0 11713.0 9499.0 2 0.2921900989138771
1 0 0 1 0 0 0 1 1 0 1 1 0 1 0 0 0 0 0 1 1 0 1 0 1 0 1 1 0 1 0 0 1 0 1 0 1 0 1 0 9923.0 9170.0 12081.0 9430.0 2 0.3748969720242054
1 1 0 1 0 0 1 0 1 0 1 1 0 0 1 1 0 0 0 0 0 1 0 1 1 0 0 0 1 1 0 0 0 0 1 0 1 1 0 1 11313.0 9675.0 11858.0 9421.0 2 0.05211536447137309
1 0 0 1 0 0 1 0 1 0 1 1 0 0 1 1 0 0 0 0 1 1 0 1 1 0 0 0 1 1 0 0 0 0 1 0 1 1 0 1 11495.0 9121.0 11494.0 9400.0 2 0.15161103104784063
1 0 0 1 1 1 1 1 0 1 0 1 0 0 0 1 0 0 0 1 0 0 0 1 1 1 0 0 1 0 1 1 0 1 0 0 1 0 0 1 13132.0 9736.0 9606.0 9146.0 2 1000000000000000.4
1 0 0 1 1 1 1 1 0 1 0 1 0 0 0 1 0 0 0 1 0 0 0 1 1 0 1 1 0 1 0 0 0 0 1 0 1 0 1 0 12020.0 8946.0 11267.0 8905.0 2 1000000000000000.1
1 1 1 0 1 0 1 0 1 0 0 1 0 1 0 0 0 1 1 1 0 0 0 0 0 0 1 0 0 1 1 1 0 1 0 0 1 0 0 1 10132.0 9992.0 8267.0 10000.0 3 2000000000000000.0
1 0 0 0 0 0 0 1 0 1 1 1 1 0 1 1 0 1 1 0 0 0 0 1 0 1 1 0 0 0 1 0 1 0 1 0 1 0 0 1 12229.0 7135.0 10825.0 9253.0 3 2000000000000000.0
0 0 0 0 0 1 1 1 1 1 1 0 0 1 0 0 0 0 1 1 0 0 0 1 1 0 1 0 0 0 0 1 1 1 0 1 0 0 0 1 11502.0 7580.0 8792.0 11771.0 3 1000000000000000.4
1 1 1 0 0 0 1 0 0 0 0 1 0 0 1 0 1 1 0 1 0 1 1 0 1 1 0 0 1 1 1 0 0 0 1 0 1 0 0 0 8732.0 9868.0 10159.0 7885.0 3 1000000000000000.4
1 0 0 1 0 0 1 0 1 0 1 1 0 0 0 0 0 1 0 1 0 0 1 1 0 0 1 1 0 1 0 0 0 1 1 0 1 0 1 0 9260.0 8613.0 11924.0 7678.0 3 1000000000000000.1
0 0 1 0 0 0 1 1 0 0 1 0 1 1 1 1 1 0 0 0 0 0 1 1 1 0 1 1 0 1 0 0 0 1 1 0 1 0 1 0 11160.0 8286.0 12060.0 9472.0 3 1000000000000000.0
1 0 0 1 1 1 1 1 0 0 0 0 0 0 0 1 0 1 1 1 0 0 1 1 0 1 1 0 0 1 0 1 1 0 0 0 0 1 1 0 10725.0 7903.0 11163.0 11630.0 3 0.4275020207093201
1 0 0 1 1 0 0 1 0 1 0 1 0 0 0 0 0 1 1 0 0 1 0 1 0 1 1 0 0 0 1 0 1 0 1 0 1 0 0 1 11851.0 8036.0 10457.0 8726.0 3 0.36129394970297773
0 1 1 0 0 0 1 1 1 0 1 1 0 1 0 0 0 0 0 1 0 0 1 0 1 0 1 1 0 1 0 0 1 0 1 0 1 0 1 0 9306.0 9624.0 11765.0 9802.0 3 0.35427110891779107
0 0 1 0 0 0 1 1 0 0 1 0 1 1 1 1 1 0 0 0 1 0 1 1 0 0 0 0 1 0 1 0 1 1 1 0 1 0 1 0 11265.0 8105.0 11512.0 8772.0 3 0.33637189004485424
1 1 1 0 1 0 1 0 0 1 0 1 0 0 0 0 0 1 1 0 0 0 1 1 0 0 1 0 0 1 0 1 1 0 0 1 1 1 0 0 9797.0 8701.0 9585.0 10769.0 3 0.3092050556486502
1 0 0 1 0 1 0 0 1 1 0 0 0 1 1 0 0 1 0 0 1 0 0 1 0 1 1 0 0 0 1 1 0 1 0 0 1 0 0 1 10017.0 8968.0 8396.0 10602.0 3 0.29596933695399047
1 1 1 1 0 0 1 0 0 1 0 0 0 0 1 1 0 0 1 1 0 0 0 0 1 1 0 1 0 1 0 1 1 0 0 0 1 1 0 0 9084.0 9219.0 9226.0 10653.0 3 0.2827332810334994
1 0 0 0 0 0 0 1 0 1 1 1 1 0 1 1 0 1 1 0 0 0 0 1 0 0 1 1 0 0 1 1 0 1 0 0 1 0 0 1 11980.0 7404.0 9965.0 9096.0 3 0.2462050438812639
1 1 1 0 0 1 0 0 0 1 1 0 1 0 0 0 1 1 1 1 0 0 0 1 0 0 1 0 0 1 0 0 1 0 0 1 1 0 0 1 10277.0 8947.0 9150.0 10529.0 3 0.23427188079382266
0 1 0 1 0 0 1 0 1 0 1 1 0 0 1 1 0 0 0 0 0 1 0 1 1 0 0 0 1 1 0 0 0 0 1 0 1 1 0 1 10482.0 9163.0 11127.0 9238.0 3 0.22619150580306818
1 1 1 0 0 1 1 0 0 0 0 0 1 1 0 1 0 1 1 1 0 0 1 1 0 0 0 0 1 0 1 0 0 1 1 0 1 0 0 1 11412.0 9725.0 9897.0 9606.0 3 0.21606243904810019
1 0 0 1 1 1 1 1 0 1 0 1 0 0 0 1 0 0 0 1 0 0 0 1 1 1 0 0 1 0 1 1 0 1 0 0 0 1 0 0 12216.0 8251.0 9254.0 9059.0 3 0.19806528753274066
0 1 0 0 1 0 1 1 0 1 1 0 0 1 0 0 0 1 0 1 0 1 1 0 0 0 1 0 0 1 0 1 1 0 0 1 1 1 0 0 9817.0 8384.0 10672.0 11392.0 3 0.18921204955013177
1 0 0 1 1 1 1 1 0 1 0 0 0 0 0 1 0 0 1 1 1 0 0 0 1 0 0 0 0 1 0 1 0 1 0 0 0 1 1 1 11788.0 8490.0 9314.0 10831.0 3 0.18330663777429163
0 0 1 0 0 1 0 1 1 1 0 0 0 1 0 0 0 1 0 1 0 0 1 1 1 0 1 1 0 1 0 0 0 1 1 0 1 0 1 0 9690.0 9210.0 10131.0 10400.0 3 0.17878104768678155
1 0 0 1 0 1 1 1 0 0 0 0 1 1 0 1 0 1 0 1 0 1 1 0 0 0 1 0 0 1 0 1 1 0 0 1 1 1 0 0 10886.0 8300.0 10997.0 11137.0 3 0.17799449399819875
0 1 1 1 0 0 0 1 1 1 0 0 0 0 1 0 0 0 1 0 0 0 1 1 1 0 0 1 0 1 0 0 1 1 1 0 1 0 1 0 9274.0 9425.0 10656.0 10486.0 3 0.1741411968631137
1 1 1 0 1 0 1 0 1 1 0 0 0 0 0 0 0 1 1 0 0 1 0 1 0 1 1 0 0 0 1 0 1 0 1 0 1 0 0 1 10919.0 9794.0 9961.0 10022.0 3 0.16648520598127814
0 0 1 0 0 0 1 1 0 1 1 1 1 1 1 1 0 1 1 0 0 1 0 1 0 0 1 1 0 0 0 0 0 0 1 1 0 0 0 1 11645.0 7275.0 10753.0 10368.0 3 0.14778495190393112
1 0 0 1 0 1 1 1 0 0 0 1 1 0 1 1 0 1 1 0 0 0 0 0 0 0 1 1 0 0 1 1 0 1 0 0 1 0 0 1 11711.0 8885.0 10079.0 9300.0 3 0.14773004105977816
0 0 1 1 0 0 0 0 1 1 0 0 0 1 1 0 0 0 0 1 1 0 1 1 1 0 1 0 1 0 1 0 1 1 1 0 1 0 1 0 10119.0 9555.0 10924.0 10357.0 3 0.1451069085831229
0 1 0 0 0 0 1 1 0 1 0 1 0 1 0 0 0 1 1 0 0 1 1 1 1 1 0 0 1 0 1 1 0 1 0 0 0 1 0 0 11011.0 8369.0 9823.0 10969.0 3 0.14068212431286692
1 0 0 0 0 0 0 1 0 1 1 1 1 0 1 1 0 1 1 0 0 0 0 1 0 0 1 1 0 0 0 0 1 0 1 1 1 0 0 1 11592.0 7156.0 11059.0 9303.0 3 0.13991776266585693
1 0 0 0 0 0 1 1 0 1 1 1 0 0 1 1 0 1 1 1 0 0 0 0 0 0 1 0 0 1 0 0 1 0 1 1 1 0 0 1 11557.0 7573.0 10855.0 9881.0 3 0.13776858228978411
1 1 1 0 0 0 0 0 0 1 1 0 1 0 0 0 0 0 1 1 0 1 1 1 1 0 1 0 0 1 1 1 1 0 0 0 1 1 0 0 10995.0 8387.0 10368.0 10865.0 3 0.13636271785971354
0 1 0 0 0 0 1 1 0 1 0 1 0 1 0 0 0 1 1 0 0 1 1 1 0 1 0 0 1 0 1 1 0 1 0 0 1 1 1 0 11121.0 8573.0 10627.0 10400.0 3 0.13540202284508418
1 0 0 1 0 0 0 1 1 1 0 0 0 0 1 0 0 1 1 0 0 0 1 1 1 0 1 1 0 1 0 0 1 1 1 0 0 0 0 0 9926.0 8422.0 10814.0 11004.0 3 0.13395291674116308
1 0 0 1 0 1 1 1 0 0 0 0 1 1 0 1 0 1 0 1 0 1 1 0 0 1 0 1 0 1 0 0 0 1 0 0 1 1 0 1 11029.0 8952.0 11022.0 10347.0 3 0.12472772598150036
1 0 0 1 1 1 1 1 0 1 0 0 0 0 0 1 1 0 0 0 0 0 0 0 1 0 1 1 0 1 0 0 0 0 1 0 1 0 1 0 10820.0 9189.0 10077.0 7726.0 3 0.1215010296522411
