1 1 0 1 1 1 1 1 1 0 0 1 1 1 1 1 0 1 1 1 1 0 0 1 1 0 1 0 0 1 0 1 1 0 1 0 1 1 0 1 16218.0 13384.0 15314.0 17217.0 0 1000000000000000.2
0 1 0 1 1 1 1 1 1 0 0 1 1 1 1 1 0 1 1 1 1 0 0 1 1 0 1 0 0 1 0 1 1 0 1 0 1 1 1 1 15598.0 13179.0 15569.0 17083.0 0 0.2896460402887257
1 1 0 1 0 1 1 1 1 0 0 1 1 1 1 1 0 1 1 1 1 0 0 1 1 0 1 0 0 1 0 1 1 0 1 0 1 1 1 1 15844.0 13064.0 16094.0 16964.0 0 0.22792472893403015
1 1 0 1 1 1 1 1 1 0 0 1 0 1 1 1 0 1 1 1 1 0 0 1 1 0 1 0 0 1 0 1 1 0 1 0 1 1 1 1 15944.0 13467.0 16007.0 16896.0 0 0.31388215424334576
0 1 0 0 1 0 1 1 1 0 1 1 1 1 1 1 0 1 1 1 1 1 1 1 1 0 1 0 0 1 0 1 1 0 1 0 1 1 1 1 15768.0 12365.0 16792.0 16769.0 0 0.3086030196681978
1 1 0 1 1 1 1 1 1 0 0 1 1 1 1 1 0 1 1 1 1 0 0 1 1 0 1 0 0 1 0 0 1 0 1 0 1 1 1 1 16148.0 13320.0 16267.0 16664.0 0 0.35047226569808604
0 1 0 1 0 1 1 1 1 0 0 1 0 1 1 1 0 1 1 1 1 1 1 1 1 0 1 0 0 1 0 0 1 0 1 0 1 1 1 1 14988.0 12431.0 16398.0 16555.0 0 0.20116897167727285
0 1 0 1 1 1 1 1 1 0 0 1 1 1 1 1 0 1 1 1 1 0 0 1 1 0 1 0 1 0 0 1 1 0 1 0 1 1 1 1 15607.0 13542.0 15670.0 16541.0 0 0.1992137221275179
1 1 0 1 1 0 1 1 1 0 0 1 0 1 1 1 0 1 1 1 1 0 0 1 1 0 1 0 1 1 0 1 1 0 1 0 1 1 1 1 15592.0 13623.0 16159.0 16503.0 0 0.22239055715315734
0 1 0 0 1 1 1 1 1 0 1 1 0 1 1 1 0 1 1 1 1 1 0 1 1 0 1 0 0 1 0 0 1 1 1 0 1 1 1 1 16640.0 12282.0 16310.0 16471.0 0 0.4291634102390224
1 1 0 1 1 1 1 1 0 0 0 1 1 1 1 1 0 1 1 1 1 1 0 1 1 0 1 0 0 1 0 0 1 0 1 0 1 1 1 1 16647.0 12545.0 16749.0 16283.0 0 0.47384063504904034
0 1 0 0 1 0 1 1 1 0 1 1 1 1 1 1 1 1 1 1 1 0 0 1 1 0 1 0 0 1 1 1 1 0 1 0 1 1 0 1 16289.0 12832.0 15425.0 16173.0 0 0.5036429116660754
0 1 0 1 1 1 1 1 1 0 0 1 1 1 1 1 0 1 0 1 1 0 1 1 1 0 1 0 0 1 0 0 1 0 1 0 1 1 1 1 14639.0 12980.0 16294.0 16092.0 0 0.37856166625307297
1 1 0 0 0 0 1 1 1 0 0 1 1 1 1 1 0 1 1 1 1 1 1 1 1 0 1 0 0 1 1 0 1 0 1 0 1 1 1 1 15859.0 12059.0 16764.0 15897.0 0 0.30141916782625955
1 1 0 1 1 1 1 1 1 0 0 1 0 1 0 0 0 1 1 0 1 0 0 1 1 0 1 0 1 1 0 1 1 0 0 0 1 1 1 1 14494.0 13680.0 14064.0 15820.0 0 2000000000000000.0
1 1 0 1 1 1 1 1 1 0 0 1 0 1 0 1 0 1 1 1 1 1 0 1 1 0 1 0 0 1 0 0 1 0 1 0 1 1 1 1 16226.0 13048.0 15998.0 15747.0 0 0.2843706134832077
1 1 0 1 1 0 1 1 0 0 0 1 0 1 1 1 0 1 1 1 1 1 1 1 1 0 1 0 0 1 0 0 1 0 1 0 1 1 1 1 15436.0 12002.0 17070.0 15556.0 0 1000000000000000.4
1 1 0 1 1 1 1 1 1 0 0 1 0 1 1 1 0 1 1 0 1 0 0 1 1 0 1 0 1 1 0 0 1 0 1 0 1 0 1 1 15247.0 13679.0 14905.0 15446.0 0 0.34861942090807274
0 1 0 1 1 1 1 1 1 0 0 1 0 1 1 1 1 1 0 0 1 0 0 1 1 0 1 0 1 1 0 0 1 0 1 0 1 1 1 1 14936.0 13782.0 15680.0 15384.0 0 0.36817471807936475
0 1 0 0 1 0 1 1 1 0 1 1 1 1 1 1 1 1 0 1 1 0 0 1 1 0 1 0 0 1 1 1 1 0 1 0 1 1 1 1 15746.0 12926.0 16405.0 15377.0 0 0.29578207463780537
1 1 0 1 1 1 1 1 1 0 0 1 0 1 0 0 0 1 1 0 1 0 0 1 1 0 1 0 1 1 0 0 1 0 1 0 1 1 1 1 15012.0 13676.0 15017.0 15294.0 0 0.349687506236707
1 0 0 1 1 1 1 1 0 0 0 1 1 1 1 1 0 1 1 1 1 1 0 1 1 0 1 0 0 1 1 1 0 0 1 0 1 1 0 1 16736.0 11784.0 14603.0 15048.0 0 2000000000000000.5
1 1 0 1 1 1 1 1 1 0 0 1 0 1 1 1 1 1 0 0 1 0 0 1 1 0 1 0 1 1 0 0 0 0 1 0 1 1 1 1 15118.0 13837.0 15491.0 14654.0 0 2000000000000000.0
0 1 0 1 1 1 1 1 1 0 0 1 1 1 1 1 0 1 1 1 1 0 0 1 1 0 1 0 0 1 0 1 1 0 1 0 1 1 0 1 15387.0 12872.0 14583.0 17034.0 1 1000000000000000.2
0 1 0 1 1 1 1 1 1 0 0 1 1 1 1 1 0 1 1 1 1 0 0 1 1 0 1 0 0 1 0 1 1 0 1 0 0 1 1 1 14884.0 12282.0 14961.0 16953.0 1 0.15306202307205852
0 1 0 0 0 1 1 1 1 0 1 1 0 1 1 1 0 1 1 1 1 1 0 1 1 0 1 0 1 1 0 1 1 0 1 0 1 1 1 1 15874.0 12693.0 15981.0 16874.0 1 0.09632273096183883
1 1 0 1 1 1 1 1 1 0 0 1 0 1 1 1 0 1 1 1 1 0 0 1 1 0 1 0 0 1 0 1 1 0 1 0 1 1 0 1 15733.0 13160.0 15021.0 16847.0 1 0.18509961587397772
0 1 0 1 1 1 1 1 1 0 0 0 0 1 1 1 0 1 1 1 1 1 1 1 1 0 1 0 0 1 0 0 1 0 1 0 1 1 1 1 14849.0 12804.0 16084.0 16831.0 1 0.08452602197475664
0 1 0 1 1 1 1 1 0 0 0 0 0 1 1 1 0 1 1 1 1 1 1 1 1 0 1 0 0 1 0 1 1 0 1 0 1 1 1 1 14964.0 12311.0 16002.0 16762.0 1 0.2156440272267403
0 1 0 1 1 1 1 1 1 0 0 1 1 1 1 1 0 1 1 1 1 0 0 1 1 0 1 0 1 1 0 1 0 0 0 0 1 1 1 1 14600.0 13215.0 13965.0 16514.0 1 0.46905048728738524
0 1 0 1 1 1 1 1 1 0 0 1 1 1 1 1 0 1 1 1 1 0 0 1 1 0 1 0 0 1 0 0 1 0 1 0 1 1 1 1 15317.0 12808.0 15536.0 16481.0 1 0.08201333106872996
0 1 0 1 1 1 1 1 1 0 0 1 1 1 1 1 0 1 1 1 1 0 0 1 1 0 0 0 1 1 0 1 1 0 1 0 1 1 0 1 15008.0 13446.0 13991.0 16478.0 1 0.2725521813382501
0 1 0 1 1 1 1 1 1 0 0 1 1 1 1 1 0 1 1 0 1 0 0 1 1 0 1 0 1 1 0 0 1 0 1 0 1 1 1 1 15578.0 13563.0 15445.0 16477.0 1 0.17400166343006418
1 1 0 1 1 1 1 1 1 0 0 1 0 1 1 1 0 1 1 0 1 0 0 1 1 0 1 0 0 1 0 1 1 0 1 0 1 1 1 1 15755.0 13362.0 15614.0 16472.0 1 0.13652431558661007
0 1 0 1 1 1 1 1 1 0 0 1 0 1 1 1 0 1 1 1 1 0 0 1 1 0 1 1 0 1 0 0 1 0 1 0 1 1 1 1 15007.0 13297.0 15929.0 16466.0 1 0.07560717516677984
1 1 0 0 0 0 1 1 1 0 0 1 1 1 1 1 0 1 1 1 1 1 1 1 1 0 1 0 0 1 0 1 1 0 1 0 1 1 1 1 15264.0 11838.0 16351.0 16422.0 1 0.20117217806697668
1 1 0 1 0 1 1 1 1 0 0 1 1 1 1 1 0 1 1 1 1 0 0 1 1 0 1 0 0 1 0 0 1 0 1 0 1 1 1 1 15563.0 12693.0 16061.0 16362.0 1 0.17181884547328283
0 1 0 0 0 1 1 1 1 0 1 1 0 1 1 1 0 1 1 1 1 1 1 1 1 0 1 0 0 1 0 0 1 0 1 0 1 1 1 1 15219.0 11847.0 16410.0 16308.0 1 0.2881339592671333
1 1 0 1 1 1 1 1 1 0 0 1 0 1 1 1 0 1 1 1 1 0 0 1 1 0 1 0 0 1 0 0 1 0 1 0 1 1 1 1 15663.0 13096.0 15974.0 16294.0 1 0.13814202652325347
0 1 0 0 0 1 1 1 1 0 1 1 0 1 1 1 0 1 1 1 1 1 0 1 1 0 1 0 0 1 0 0 1 1 1 0 1 1 1 1 16055.0 11655.0 16104.0 16169.0 1 0.1862134212444338
0 1 0 0 1 0 1 1 1 0 1 1 1 1 1 1 1 1 1 0 1 0 0 1 1 0 1 0 1 1 0 1 1 0 1 0 1 1 1 1 15885.0 13302.0 15874.0 16141.0 1 0.08875576550439583
1 1 0 1 1 0 1 1 1 0 0 1 0 1 1 1 0 1 1 1 1 1 1 1 0 0 1 0 0 1 0 1 1 0 1 0 1 1 1 1 15068.0 12237.0 16428.0 16081.0 1 0.12585382960341407
1 1 0 0 1 1 1 1 0 0 0 1 1 1 1 1 0 1 1 1 1 0 1 1 1 0 1 0 1 0 0 1 1 0 1 0 1 1 1 1 15829.0 12579.0 16096.0 16034.0 1 0.0808069556000684
1 1 0 1 1 1 1 1 0 0 0 1 1 1 0 1 0 1 1 1 1 1 0 1 1 0 1 0 0 1 0 1 1 0 1 0 1 1 0 1 16615.0 12472.0 15223.0 15999.0 1 1000000000000000.1
0 1 0 0 1 0 1 1 1 0 1 1 1 1 1 1 1 1 1 1 1 0 0 1 1 0 1 0 1 1 0 0 1 0 1 0 1 1 1 1 15793.0 13036.0 16234.0 15963.0 1 0.13917748574264188
0 1 0 0 1 1 1 1 1 0 1 1 0 1 1 1 0 1 1 1 1 0 0 1 1 0 1 0 1 0 1 1 1 0 1 0 1 1 0 1 16018.0 13019.0 14849.0 15952.0 1 0.1736308350762546
1 1 0 0 1 1 1 1 1 0 0 1 0 1 1 1 0 1 1 1 1 0 0 1 1 0 1 0 1 0 1 1 1 0 1 0 1 1 0 1 16099.0 13119.0 14614.0 15907.0 1 0.08938346064976607
1 1 0 1 1 0 1 1 1 0 0 1 0 1 1 1 0 1 1 1 1 0 0 1 1 0 1 0 1 1 0 0 1 0 1 0 1 1 1 1 15311.0 13252.0 16126.0 15901.0 1 0.07852089337155316
1 1 0 1 1 1 1 1 0 0 0 1 1 0 1 1 0 1 1 1 1 1 0 1 1 0 1 0 0 1 0 1 1 0 1 0 1 1 1 1 16261.0 12428.0 16431.0 15893.0 1 0.11302970257463507
1 1 0 1 1 0 1 1 1 0 0 1 0 1 1 1 1 1 1 1 1 1 0 1 1 0 1 0 0 1 0 0 1 0 1 0 1 1 0 1 15912.0 12830.0 15969.0 15844.0 1 0.18402308713370635
1 1 0 1 1 1 1 1 0 0 0 1 1 1 0 1 0 1 1 1 1 1 0 1 1 0 1 0 0 1 0 0 1 0 1 0 1 1 1 1 16545.0 12408.0 16176.0 15446.0 1 0.3578203000229059
0 1 0 0 1 0 1 1 1 0 1 1 1 1 1 1 0 1 1 1 1 1 1 1 1 0 1 0 0 0 0 0 1 0 1 0 1 1 1 1 15046.0 11497.0 16558.0 15205.0 1 1000000000000000.1
1 1 0 1 1 1 1 1 0 0 0 1 1 1 0 1 0 1 1 1 1 1 0 1 1 0 1 0 0 1 0 1 1 0 1 0 1 0 1 1 16149.0 12607.0 15231.0 15204.0 1 0.17606822164403899
1 1 0 1 1 1 1 1 1 0 0 1 1 1 0 1 0 1 1 0 1 0 0 1 1 0 1 0 0 1 1 1 0 0 1 0 1 1 0 1 16154.0 13277.0 13874.0 15120.0 1 1000000000000000.1
1 1 0 1 1 1 1 1 0 0 0 1 0 1 0 1 1 1 1 0 1 0 0 1 1 0 1 0 0 1 0 1 1 0 1 0 1 1 1 1 16084.0 13017.0 15460.0 15086.0 1 0.15329698328839106
1 1 0 0 1 1 1 1 0 0 1 0 1 1 0 1 0 1 1 1 1 0 0 1 1 0 1 0 1 0 1 1 1 0 1 0 1 1 0 1 16342.0 12500.0 14665.0 14971.0 1 0.2522312636454418
1 1 0 1 1 0 1 1 1 0 0 1 0 1 1 1 0 1 1 1 1 1 1 1 0 0 1 0 1 0 0 0 1 0 1 0 1 1 1 1 14796.0 12229.0 16496.0 14937.0 1 0.37531868375311556
1 1 0 1 1 1 1 1 1 0 0 1 0 1 1 1 1 1 0 0 1 0 0 1 1 0 1 0 1 1 0 0 1 0 1 0 1 1 1 0 14888.0 13534.0 15689.0 14766.0 1 0.22790068279578662
1 1 0 1 1 1 1 1 0 0 0 1 1 1 0 1 0 1 1 1 0 0 0 1 1 0 1 0 1 1 0 0 1 0 1 0 1 1 1 1 15940.0 12773.0 15526.0 14645.0 1 0.24398521010924368
0 1 0 0 1 0 1 1 1 0 1 1 1 0 1 1 0 1 1 1 1 1 1 1 1 0 1 0 0 0 1 0 1 0 1 0 1 1 1 1 15255.0 11601.0 16653.0 14290.0 1 1000000000000000.2
1 1 0 1 1 1 1 1 0 0 0 1 1 1 0 1 0 1 1 1 1 0 0 1 1 0 1 0 0 0 1 0 1 0 1 0 1 1 1 1 16315.0 12414.0 15824.0 14271.0 1 0.09554399221118579
1 1 0 1 1 0 1 1 1 0 0 1 0 1 1 1 1 1 0 0 1 0 0 1 1 0 1 0 1 1 0 0 0 1 1 0 1 1 1 1 15228.0 13326.0 15799.0 14158.0 1 0.2676492231040694
1 1 0 1 1 1 1 1 0 0 0 1 1 1 0 1 0 1 1 0 1 0 0 1 0 0 1 0 1 0 1 1 1 1 1 0 1 0 1 1 16277.0 12561.0 14456.0 13594.0 1 0.5161936310010895
1 1 0 1 1 1 1 1 1 0 0 1 0 1 0 0 1 1 0 1 0 0 0 1 1 0 1 0 1 1 0 0 1 0 1 0 1 0 1 1 13977.0 13646.0 14605.0 13220.0 1 3000000000000000.0
1 1 0 1 1 1 1 1 1 0 0 1 0 1 0 0 1 1 0 0 0 0 0 1 1 0 1 0 1 1 0 0 1 0 1 0 1 0 1 1 13788.0 13541.0 14212.0 12796.0 2 2000000000000000.2
1 1 0 1 1 1 1 1 0 0 0 1 1 1 0 1 0 0 1 1 1 0 0 1 1 0 1 0 0 1 1 0 1 0 1 0 1 1 1 1 16595.0 11946.0 15166.0 14502.0 2 1000000000000000.2
0 1 0 0 0 1 1 1 1 0 1 1 0 1 1 1 0 1 1 1 1 1 1 1 1 0 1 0 0 1 0 1 1 0 1 0 1 1 0 1 15289.0 11911.0 15457.0 16861.0 2 1000000000000000.1
1 1 0 1 1 1 1 1 0 0 0 1 1 1 1 1 0 1 1 1 0 1 0 1 1 0 1 0 0 1 0 0 1 0 1 0 1 1 1 1 16257.0 12139.0 16394.0 15352.0 2 1000000000000000.1
1 1 0 1 1 1 1 0 1 0 0 0 0 1 1 0 0 1 0 0 1 0 1 1 1 0 1 0 1 1 0 0 1 0 1 0 1 1 1 1 12734.0 13507.0 14967.0 14881.0 2 1000000000000000.1
0 1 0 1 1 1 1 1 1 0 0 1 1 1 1 1 0 1 1 1 1 0 0 1 1 0 1 0 1 1 0 1 0 0 0 0 1 1 0 1 14389.0 12908.0 12979.0 16465.0 2 1000000000000000.0
1 1 0 0 0 0 1 1 1 0 0 1 1 1 1 1 0 1 1 1 1 1 1 1 1 0 1 0 0 1 0 0 1 0 1 0 1 1 1 1 14983.0 11467.0 16318.0 15820.0 2 1000000000000000.0
1 1 0 1 1 1 1 1 0 0 0 1 1 1 0 1 0 1 1 1 1 0 0 1 1 0 1 0 1 0 1 1 0 1 1 0 1 1 0 0 16219.0 12314.0 13989.0 13847.0 2 0.8225653004458302
1 1 0 1 1 0 1 1 1 0 0 1 1 1 1 0 0 1 0 0 1 0 1 1 1 0 1 0 0 1 0 0 1 0 1 0 1 1 1 1 13669.0 12645.0 16189.0 14879.0 2 0.41429386290548703
1 0 0 1 1 0 1 1 0 0 0 1 1 1 1 1 0 1 1 1 1 1 0 1 1 0 1 0 1 1 1 1 0 0 1 0 1 1 0 1 16384.0 11940.0 14755.0 14655.0 2 0.24787722859617384
0 1 0 1 1 1 1 1 1 0 0 1 0 1 1 1 0 1 0 1 1 0 1 1 1 0 1 0 0 1 0 0 1 0 1 0 1 1 1 1 14154.0 12756.0 16001.0 15722.0 2 0.20334179513822545
1 1 0 1 1 1 1 0 1 0 0 1 0 1 1 1 1 1 1 0 1 0 0 1 1 0 0 0 0 1 0 1 1 0 1 0 1 1 1 1 14545.0 13508.0 14393.0 14783.0 2 0.19686994312559464
1 1 0 1 1 0 1 1 1 0 0 1 0 1 1 1 0 1 1 1 1 0 0 1 1 0 1 0 1 1 0 1 1 0 1 0 1 1 0 1 15381.0 13316.0 15173.0 16454.0 2 0.19129832965058324
1 1 0 1 1 1 1 1 0 0 0 1 1 1 0 1 0 1 1 1 0 0 0 1 1 0 1 0 1 1 0 1 1 0 1 0 1 1 0 1 16010.0 12837.0 14573.0 15198.0 2 0.19083890235828374
1 1 0 0 1 1 1 1 0 0 1 0 1 1 0 1 0 1 1 1 1 0 0 1 1 0 1 0 0 1 0 0 1 1 1 0 1 1 1 1 16299.0 11674.0 15529.0 15200.0 2 0.18839397375897804
1 1 0 1 1 1 1 1 0 0 0 1 0 1 0 0 1 1 0 1 1 0 0 1 1 0 1 0 0 1 0 0 1 1 1 0 1 1 1 1 15340.0 12693.0 15979.0 14221.0 2 0.18594727783163267
0 1 0 1 1 1 1 1 1 0 0 1 0 1 1 1 1 1 1 0 1 0 0 1 1 0 1 0 0 1 0 1 1 0 1 0 1 1 1 1 15521.0 13506.0 15417.0 16411.0 2 0.18584796896725686
0 1 0 0 1 1 1 1 1 0 1 1 1 1 1 1 0 1 1 1 1 1 0 1 1 0 1 0 1 1 0 0 1 0 1 0 1 1 1 0 15784.0 12413.0 15725.0 16143.0 2 0.1747079416001587
1 1 0 1 0 1 1 1 1 0 0 1 1 1 1 1 0 1 1 1 1 0 0 1 1 0 1 0 0 1 0 0 1 1 0 0 1 1 1 1 15676.0 12519.0 15533.0 16603.0 2 0.16604795983455106
1 1 0 0 0 1 1 1 1 0 0 1 1 0 1 1 0 1 1 1 1 1 1 1 1 0 1 0 0 1 0 0 1 0 1 0 1 1 1 1 15118.0 11683.0 16117.0 15641.0 2 0.16200762475578828
1 1 0 1 0 1 1 1 1 0 0 1 1 1 1 1 0 1 1 1 1 0 0 1 1 0 1 0 0 1 1 1 0 0 1 0 1 1 0 1 15860.0 12892.0 14634.0 16079.0 2 0.16168173155043467
1 1 0 1 1 1 1 1 1 0 0 1 1 1 0 1 0 1 0 1 1 1 0 1 1 0 1 0 0 1 0 1 1 0 1 0 1 0 1 1 15561.0 13258.0 15340.0 15030.0 2 0.1565645090855867
0 1 0 1 1 1 1 1 1 0 0 1 0 1 1 1 0 1 1 1 1 1 1 1 1 0 1 0 0 1 0 0 1 0 0 0 1 1 1 1 14774.0 12691.0 15618.0 16781.0 2 0.15365310975681296
1 1 0 0 0 0 1 1 1 0 0 1 1 1 1 0 0 1 1 1 1 1 1 1 1 0 1 0 0 1 0 1 1 0 1 0 1 1 1 1 14454.0 11800.0 16058.0 16263.0 2 0.15273781998890196
1 1 0 1 1 1 1 1 1 0 0 1 0 1 1 1 0 1 1 1 1 0 0 1 0 0 1 1 0 1 0 0 1 0 1 0 1 1 1 1 15023.0 12809.0 15870.0 15901.0 2 0.14270078912142467
1 1 0 1 1 1 1 1 1 0 0 1 1 1 0 1 0 1 1 0 1 0 0 1 1 0 1 0 0 1 0 0 1 0 1 0 1 1 1 1 15857.0 13078.0 15301.0 15403.0 2 0.14207150747341185
1 1 0 1 1 1 1 1 1 0 0 1 0 1 1 1 0 1 1 1 1 0 0 1 1 0 1 0 0 1 0 1 1 0 1 0 0 1 1 1 15230.0 12570.0 15399.0 16766.0 2 0.140168703908322
0 1 0 1 1 1 1 1 1 0 0 0 0 1 1 1 0 1 1 1 1 0 1 1 1 0 1 0 0 1 0 0 1 0 1 0 1 1 1 1 14184.0 12715.0 15487.0 16541.0 2 0.13850293278268755
1 1 0 1 1 1 1 1 0 0 0 1 1 1 0 1 0 1 1 1 1 1 1 1 1 0 1 0 0 1 0 0 0 0 1 0 1 1 1 1 15972.0 12336.0 16020.0 14989.0 2 0.13495128377782112
0 1 0 0 1 1 1 1 1 0 1 1 0 1 1 1 0 1 1 1 1 1 0 1 1 0 1 0 0 1 0 0 1 0 1 0 1 1 1 1 15728.0 12089.0 15852.0 16154.0 2 0.133261942528246
1 1 0 1 1 1 1 1 0 0 0 1 0 1 1 1 1 1 0 0 1 0 1 1 1 0 1 0 0 1 0 1 1 0 1 0 1 1 1 0 14629.0 12566.0 16069.0 14733.0 2 0.13266625848002134
1 1 0 1 1 0 1 1 1 0 0 1 0 1 1 1 0 1 1 1 1 0 0 1 1 0 1 0 1 0 0 1 1 0 1 0 1 1 1 1 15151.0 13126.0 15958.0 15541.0 2 0.12820105771237045
1 1 0 0 0 0 1 1 1 0 0 1 1 1 1 1 0 1 1 1 1 1 1 1 1 0 1 1 0 1 0 0 1 0 0 0 1 1 1 1 14359.0 11813.0 16018.0 16099.0 2 0.12792266870447122
0 1 0 0 1 0 1 1 1 0 1 1 1 1 1 1 1 1 1 1 1 0 0 1 1 0 1 0 0 1 0 0 1 0 1 0 1 1 1 1 15343.0 12176.0 15932.0 15543.0 2 0.1264712920100435
0 1 0 1 1 1 1 1 1 0 0 1 1 1 1 1 0 1 1 1 1 0 0 1 1 0 1 0 0 1 1 1 0 0 1 0 1 1 0 1 15614.0 13007.0 14109.0 16198.0 2 0.1245875579543459
0 1 0 0 1 0 1 1 1 0 1 1 1 1 1 1 1 1 1 0 1 0 0 1 1 0 1 0 1 1 0 0 1 0 1 0 1 1 1 1 15604.0 12931.0 15841.0 15539.0 2 0.11234735022849553
