1 1 0 0 1 1 1 1 0 0 0 1 0 0 0 1 0 1 1 1 0 0 1 1 0 1 1 0 0 1 0 1 1 1 0 1 1 1 0 1 13665.0 9748.0 12375.0 13546.0 0 2000000000000000.2
0 1 0 0 0 0 1 1 1 0 1 1 1 0 1 1 0 1 1 1 1 1 1 1 1 1 1 1 0 1 0 0 0 1 1 0 1 0 1 0 13286.0 10580.0 14857.0 13429.0 0 1000000000000000.5
0 1 0 1 0 0 1 1 0 1 1 1 1 0 1 1 0 1 1 0 0 0 1 1 1 0 1 0 1 1 0 0 1 0 0 0 1 0 0 1 12942.0 10984.0 13253.0 13256.0 0 0.6997351408111274
1 1 0 0 1 1 1 0 1 1 0 1 0 0 0 0 0 1 1 0 0 0 1 1 1 0 1 0 0 1 0 0 1 1 1 0 0 1 1 1 13117.0 10942.0 13013.0 13057.0 0 0.7146618061802401
1 0 0 1 1 1 1 1 1 0 0 1 1 1 0 1 0 1 0 0 0 1 1 1 1 0 1 0 1 0 0 0 1 0 0 0 1 1 0 1 14245.0 11662.0 13711.0 12754.0 0 0.7311026415321119
1 0 0 1 1 1 1 1 0 0 0 1 1 1 0 1 0 1 0 0 0 0 1 1 1 0 1 0 0 1 0 0 1 1 0 0 1 1 0 1 14317.0 10539.0 13356.0 12652.0 0 0.6263443322092808
1 1 0 0 1 0 1 1 1 0 1 1 1 0 0 1 1 0 1 0 1 0 1 1 1 0 1 0 0 1 0 0 1 1 1 0 1 0 0 1 15155.0 11092.0 13745.0 12622.0 0 1000000000000000.4
1 1 0 0 1 1 1 0 1 0 0 1 1 1 0 1 0 1 0 0 0 1 1 1 1 0 1 0 0 1 1 0 1 0 1 1 1 0 0 1 14178.0 11910.0 13093.0 12461.0 0 0.3057034071492234
1 1 0 0 1 0 1 1 1 0 1 1 1 0 0 1 1 1 1 0 0 0 1 1 1 0 1 0 1 1 0 0 1 0 0 0 1 0 0 1 13665.0 11951.0 13107.0 12449.0 0 0.28492981422279073
0 1 1 0 1 0 1 1 1 0 1 1 1 0 0 0 1 1 1 0 0 0 1 1 1 0 1 0 1 1 0 0 1 0 0 0 1 0 0 1 12060.0 12003.0 12096.0 12348.0 0 2000000000000000.2
1 1 0 1 1 1 1 1 0 0 0 1 0 1 0 1 1 1 0 0 1 0 1 1 0 0 1 0 1 0 1 1 0 1 0 0 1 0 0 1 14052.0 12034.0 12563.0 11919.0 0 1000000000000000.8
1 1 0 1 1 1 1 1 0 0 0 1 0 1 1 1 1 1 0 1 0 0 1 1 0 0 1 1 0 1 0 0 0 1 1 0 1 0 1 0 13093.0 11171.0 14530.0 11791.0 0 0.614855799764096
1 1 0 0 1 0 1 1 1 0 1 1 1 0 1 1 1 0 1 0 0 0 1 1 1 0 1 0 0 1 0 0 1 1 1 0 1 0 1 0 14199.0 10370.0 14227.0 11776.0 0 1000000000000000.6
0 1 0 1 1 1 1 1 0 1 0 0 0 0 0 1 0 1 1 1 0 0 0 1 1 1 1 0 1 0 0 0 1 0 0 0 1 1 0 1 12786.0 10867.0 11794.0 13202.0 1 1000000000000000.5
0 1 0 0 0 0 1 1 1 0 1 1 1 0 1 1 0 1 1 0 1 1 1 1 1 1 1 1 0 1 0 0 0 1 1 0 1 0 1 0 13097.0 10475.0 14464.0 13005.0 1 1000000000000000.5
1 1 1 1 1 1 1 1 0 0 0 0 0 0 0 1 0 1 1 1 0 1 1 1 0 0 1 0 1 1 0 0 1 0 0 0 1 0 0 1 12339.0 11037.0 11996.0 12527.0 1 0.46583851606685533
0 0 0 0 0 1 1 1 1 1 1 0 0 1 0 0 0 0 1 1 1 0 0 1 1 0 1 0 1 0 1 0 1 1 0 0 1 0 0 1 13418.0 9880.0 10345.0 12513.0 1 1000000000000000.4
1 1 0 0 0 0 1 1 1 1 0 1 0 1 0 0 0 0 1 1 1 0 0 1 1 0 1 0 1 0 1 1 0 1 1 0 1 0 1 1 14271.0 11078.0 12284.0 12447.0 1 0.26537295635768526
0 1 1 1 1 0 1 0 1 1 0 0 1 1 0 0 0 1 1 0 1 1 1 1 1 0 0 0 0 1 0 0 0 0 0 0 1 0 1 1 10370.0 11699.0 10547.0 12338.0 1 0.5473815508403004
0 1 1 0 1 0 1 1 1 0 1 1 1 0 0 0 1 1 1 0 0 0 1 1 1 0 1 0 0 1 0 0 1 1 1 0 0 0 1 1 12818.0 11113.0 13616.0 12240.0 1 0.15705091766748017
1 0 0 1 1 1 1 1 0 0 0 1 1 1 0 1 0 1 0 0 0 1 1 1 1 0 1 0 1 1 0 0 1 0 0 0 1 0 0 1 13843.0 11123.0 12819.0 12201.0 1 0.24856830396699797
0 1 0 1 0 0 1 1 0 1 1 1 1 0 1 1 0 1 1 0 1 0 0 1 0 0 1 1 0 0 1 1 0 1 1 0 1 0 0 1 13944.0 10427.0 13240.0 12115.0 1 0.5112601643246095
1 0 0 1 1 1 1 1 0 0 0 1 1 1 0 1 0 1 0 0 0 1 1 1 1 0 1 0 1 0 0 0 1 0 0 0 1 1 0 1 14079.0 10798.0 13596.0 12083.0 1 0.17280582315470902
1 0 0 1 1 1 1 1 0 0 0 1 1 1 0 1 0 1 0 0 0 1 1 1 1 0 1 0 0 1 0 0 1 0 1 1 1 0 0 1 14425.0 10714.0 13628.0 12071.0 1 0.39059020598846494
0 1 1 1 1 0 1 0 1 1 0 0 1 1 0 0 0 0 1 0 0 1 1 1 1 0 0 0 1 1 0 0 1 0 0 0 1 0 0 1 10707.0 11338.0 9569.0 11960.0 1 0.5355069830216269
1 1 0 1 1 1 1 0 1 0 1 1 0 0 1 1 0 0 0 0 1 1 1 1 1 0 1 0 0 1 0 0 0 1 1 0 1 0 0 1 13780.0 11244.0 13405.0 11952.0 1 0.20233737316688885
0 1 1 1 0 0 1 1 1 0 1 0 0 1 0 1 0 1 0 0 0 0 1 0 1 0 1 0 0 1 0 1 1 0 0 1 1 0 1 1 10302.0 11399.0 12166.0 11903.0 1 1000000000000000.1
1 1 0 1 1 1 1 1 0 0 0 1 0 1 0 1 1 1 0 0 1 0 1 1 0 0 0 0 1 1 0 0 1 0 0 0 1 0 0 1 12244.0 11546.0 11853.0 11822.0 1 0.25483268367532125
0 1 1 1 0 1 1 1 1 0 1 0 1 1 0 1 0 1 0 0 1 0 1 1 0 0 0 0 1 0 1 0 0 0 1 0 1 1 0 1 12206.0 11776.0 12538.0 11821.0 1 0.1352611170851432
0 1 1 1 1 1 1 1 0 0 0 0 0 0 0 1 1 0 1 1 1 0 0 1 1 0 1 0 1 0 1 1 0 1 0 0 1 0 0 1 13387.0 11350.0 10540.0 11789.0 1 0.19867359717815228
1 1 0 0 1 0 1 1 1 0 1 1 1 0 0 1 1 0 1 0 0 0 1 1 1 0 1 0 0 1 0 0 1 1 1 0 1 0 0 1 14765.0 10686.0 13390.0 11691.0 1 1000000000000000.2
1 0 0 1 1 1 1 0 1 0 1 1 0 0 1 1 0 0 0 0 1 0 1 1 1 0 1 0 0 1 1 1 0 1 1 0 1 0 0 1 14064.0 11158.0 12568.0 11389.0 1 0.31977458150550936
1 1 1 0 1 1 0 0 1 0 0 1 0 1 0 0 1 1 1 1 1 0 0 1 1 0 1 0 1 0 1 0 0 0 0 0 1 0 0 1 11557.0 11805.0 9525.0 11236.0 1 1000000000000000.5
0 1 0 1 1 0 1 1 1 0 1 1 1 0 0 1 0 0 0 1 1 0 0 0 1 0 1 1 0 1 0 0 1 0 1 0 1 0 1 1 12195.0 11200.0 13460.0 11151.0 1 0.3045654216376882
1 1 0 1 1 1 1 1 0 0 0 1 0 1 0 1 1 1 0 0 1 0 1 0 1 0 0 1 0 1 1 0 0 0 0 0 1 1 0 0 11925.0 11892.0 11998.0 10861.0 1 2000000000000000.0
1 0 0 1 0 1 1 1 0 1 0 1 0 1 0 0 0 1 1 1 0 0 1 1 0 0 1 0 0 1 0 1 1 0 0 1 1 1 1 0 12334.0 9336.0 12342.0 12862.0 2 1000000000000000.2
0 0 0 1 1 1 1 1 0 0 0 0 0 0 0 1 0 1 1 1 0 0 1 1 0 1 1 0 0 1 0 1 1 1 0 1 1 1 0 1 12421.0 9018.0 11359.0 12860.0 2 1000000000000000.1
0 1 0 0 0 1 1 1 0 1 0 1 0 1 1 0 0 1 1 1 0 0 0 1 1 0 0 0 1 0 1 1 0 1 0 0 1 1 0 1 12787.0 10314.0 10777.0 12786.0 2 0.35477399917617125
1 1 1 0 0 1 1 1 0 0 0 1 1 1 0 1 0 1 0 0 0 1 1 1 1 0 1 0 1 1 0 0 1 0 0 0 0 0 0 1 12269.0 10165.0 11783.0 12487.0 2 0.2816335018744824
1 1 0 1 0 0 1 1 0 1 0 1 0 1 1 0 1 0 0 1 1 0 1 0 1 0 1 0 0 1 0 0 1 0 1 0 1 1 1 0 12130.0 10471.0 14315.0 12472.0 2 1000000000000000.1
1 1 0 0 1 1 1 1 0 0 0 1 0 0 0 0 0 1 1 0 0 0 1 1 1 0 1 0 0 1 0 0 1 1 1 0 0 1 1 1 13094.0 9743.0 13554.0 12448.0 2 0.2142049495756482
0 1 1 1 1 1 1 1 0 0 0 0 0 0 0 1 0 1 1 1 0 1 1 1 0 0 1 0 1 1 0 0 1 0 0 0 1 0 0 1 11508.0 10525.0 11265.0 12344.0 2 0.542149902836641
0 0 0 0 0 1 1 1 1 1 1 0 0 1 0 0 1 0 1 1 1 0 0 1 1 0 1 0 1 0 1 1 0 1 0 0 1 0 0 1 13647.0 10450.0 9992.0 12324.0 2 1000000000000000.0
0 0 0 0 0 1 1 1 1 1 1 0 0 1 0 0 1 0 1 1 1 0 0 1 1 0 1 0 1 0 1 0 1 0 0 0 1 0 0 1 13103.0 10343.0 10421.0 12318.0 2 0.24633050514169186
0 1 1 1 1 0 1 0 1 1 0 0 1 1 0 0 0 0 1 1 1 0 1 0 1 0 1 1 0 1 0 0 1 0 1 0 0 0 1 0 9708.0 10862.0 10829.0 12279.0 2 1000000000000000.1
0 1 0 1 0 0 1 0 0 1 1 1 1 0 1 0 0 1 1 0 0 0 1 1 1 0 1 0 1 1 0 1 0 1 0 0 1 0 0 1 11698.0 10829.0 11670.0 12268.0 2 0.19037642847970404
1 1 0 0 1 1 1 0 1 1 0 1 0 0 0 0 0 1 0 0 0 0 1 1 1 0 1 0 0 1 0 0 1 1 1 0 0 1 1 1 12363.0 10729.0 13007.0 12212.0 2 0.11856995759919851
0 1 1 0 0 0 1 1 0 1 1 1 1 0 1 1 0 1 1 1 0 0 0 1 0 0 1 1 0 0 1 1 0 1 0 0 1 1 0 1 13138.0 9537.0 12329.0 12142.0 2 0.3558979245972054
1 0 0 1 1 1 1 1 0 0 0 1 1 1 0 1 0 1 0 0 0 1 1 1 1 0 1 0 0 1 0 0 0 1 0 0 1 1 0 1 14333.0 10171.0 13033.0 12029.0 2 1000000000000000.0
1 1 0 0 1 1 1 0 1 1 0 1 0 0 1 1 0 1 1 0 0 0 0 1 0 0 1 1 0 0 1 1 0 1 0 0 1 1 0 1 13084.0 10677.0 11005.0 12013.0 2 0.1915043552693814
1 1 1 0 1 0 1 0 1 0 0 1 0 1 0 0 1 1 1 1 0 0 0 0 1 0 1 0 0 1 0 0 1 1 1 0 0 1 1 1 12009.0 11091.0 12374.0 11943.0 2 0.25869706082598753
1 0 0 1 0 0 1 1 0 1 0 1 0 1 0 0 1 1 1 0 0 0 1 1 1 0 1 0 0 1 0 0 1 1 1 0 0 0 1 1 13440.0 9979.0 13545.0 11899.0 2 0.30747734081695877
1 1 0 1 1 1 1 1 0 0 0 1 0 1 0 1 1 1 0 0 1 0 1 1 0 0 0 0 1 0 0 0 1 0 0 0 1 1 0 1 12480.0 11221.0 12630.0 11704.0 2 0.3356467882242436
1 1 1 0 1 0 1 0 1 0 0 1 0 1 0 1 1 1 0 1 0 0 0 1 1 1 1 0 1 0 0 0 1 0 0 0 1 1 0 1 11919.0 11547.0 11882.0 11696.0 2 1000000000000000.2
0 1 0 1 0 0 1 1 0 1 1 1 1 0 1 1 0 1 1 0 0 0 1 1 1 0 1 0 1 1 0 0 0 0 1 0 1 0 1 0 12424.0 10441.0 13583.0 11667.0 2 0.054039614289313406
0 1 0 0 1 0 1 1 1 0 1 1 1 0 0 1 1 0 1 0 0 0 1 1 1 0 0 1 0 1 0 0 1 1 0 0 1 1 0 1 13158.0 10406.0 12443.0 11655.0 2 0.1632405645118063
1 1 0 1 0 1 1 0 1 0 1 1 0 0 1 1 0 0 0 0 1 1 1 1 1 0 1 0 0 1 0 0 0 1 1 0 0 0 1 1 12692.0 10027.0 13577.0 11569.0 2 0.1706629780007223
1 0 0 1 0 0 1 1 0 1 0 1 0 1 0 0 1 1 1 0 0 0 1 1 1 0 1 0 0 1 0 1 1 0 1 0 1 0 1 0 12644.0 10294.0 13006.0 11513.0 2 0.1558263120256764
1 1 0 0 1 1 1 0 1 0 0 1 1 1 0 1 0 1 0 0 0 1 1 1 1 0 1 0 0 1 0 0 0 1 0 0 1 0 0 1 12533.0 10603.0 11074.0 11498.0 2 0.13522671311829645
1 0 0 1 0 1 1 1 0 0 1 1 1 1 0 1 1 1 0 0 1 0 1 1 0 0 0 0 1 1 0 0 1 1 0 0 1 0 0 1 13598.0 10788.0 12645.0 11483.0 2 0.23885084447522043
1 0 0 1 1 1 1 1 0 0 0 1 1 1 0 1 0 1 0 0 0 1 1 1 1 0 1 0 0 1 0 0 0 0 1 1 1 0 0 1 13776.0 10257.0 12708.0 11158.0 2 0.32123401661905604
1 0 0 1 1 1 1 1 0 0 0 1 1 1 0 1 0 1 0 0 0 1 1 1 1 0 0 0 1 0 0 0 1 0 0 0 1 1 0 1 13250.0 10512.0 12702.0 11107.0 2 0.13125571584218454
1 0 0 1 0 1 1 1 0 0 0 0 1 1 0 1 0 1 1 1 0 0 0 1 1 1 0 0 1 0 1 1 0 1 1 0 1 0 0 1 13854.0 10553.0 11170.0 11059.0 2 0.18000088070454562
1 1 0 1 1 1 1 1 0 0 0 1 0 1 0 1 1 1 0 0 0 1 1 1 0 1 1 0 0 1 0 0 0 1 1 0 1 0 1 0 13461.0 10489.0 13606.0 10907.0 2 0.33490833326264396
1 0 0 1 0 1 1 0 0 0 0 1 1 1 0 1 0 1 1 1 0 0 0 1 1 0 1 0 1 0 1 1 0 1 1 0 1 0 0 1 14260.0 10685.0 11592.0 10784.0 2 0.3727258218739027
1 0 0 1 1 1 1 1 0 1 0 1 0 0 0 1 0 0 0 0 1 1 1 1 1 0 1 1 0 1 0 0 0 1 1 0 1 0 1 0 13874.0 9914.0 13048.0 10475.0 2 1000000000000000.2
1 1 1 0 1 0 1 0 1 0 0 1 0 0 0 1 1 1 0 1 1 0 1 0 1 0 0 1 0 0 1 0 0 0 0 0 1 1 0 1 9788.0 11314.0 10724.0 8921.0 3 2000000000000000.2
1 1 0 0 0 0 1 1 0 1 0 1 0 1 0 0 0 1 1 1 0 0 1 1 0 0 1 0 0 1 0 1 1 1 0 1 0 1 1 0 11419.0 7892.0 11807.0 12713.0 3 2000000000000000.0
1 1 0 0 1 1 1 0 1 1 0 1 0 0 0 0 0 1 0 0 0 0 1 0 1 0 1 0 1 1 0 0 1 0 0 0 1 0 0 1 10044.0 11393.0 9698.0 10625.0 3 1000000000000000.2
0 1 0 1 0 0 1 1 0 1 1 1 1 0 1 1 0 1 0 0 0 0 1 1 1 0 1 0 1 1 0 0 1 0 0 0 1 0 1 0 11520.0 10318.0 13511.0 11659.0 3 1000000000000000.1
0 0 0 0 0 1 1 1 1 1 0 0 0 1 0 0 1 0 1 1 1 0 0 1 1 0 1 0 1 0 1 1 0 1 0 0 1 0 0 1 12897.0 10038.0 9026.0 12096.0 3 1000000000000000.0
1 0 0 1 1 1 1 1 0 0 0 1 1 1 0 1 0 1 0 0 0 1 0 1 0 0 1 1 0 0 1 1 0 1 0 0 1 1 0 1 14333.0 9965.0 12443.0 10897.0 3 1000000000000000.0
0 1 0 1 0 0 1 1 0 1 1 0 1 0 1 1 0 1 1 0 0 0 0 1 0 0 1 1 0 0 0 0 0 1 1 0 0 1 1 1 11847.0 8386.0 13242.0 11242.0 3 0.3817211877363207
1 0 0 1 0 1 1 1 0 0 1 1 1 1 0 1 1 1 0 0 0 1 1 1 0 1 1 0 0 1 0 0 0 0 1 0 1 0 1 0 12991.0 9345.0 13482.0 9934.0 3 0.36580476836318326
0 0 0 0 0 1 1 1 1 1 0 0 0 1 0 0 0 1 1 1 0 1 1 1 0 0 1 0 1 1 0 0 1 0 0 0 1 0 0 1 11018.0 9213.0 9751.0 12651.0 3 0.331732607685342
1 1 0 0 0 0 1 1 0 1 0 1 0 1 0 0 0 1 1 1 0 0 1 1 0 0 1 0 0 1 0 1 1 0 0 1 1 1 1 0 11221.0 8596.0 11957.0 12526.0 3 0.3296854642806571
1 1 0 0 0 0 1 1 0 1 0 1 0 1 0 0 0 0 1 1 1 0 0 1 1 0 1 0 1 0 1 1 0 1 1 0 1 0 0 1 13894.0 9907.0 11183.0 11727.0 3 0.32888940629917385
0 1 0 0 0 1 1 1 0 1 0 1 0 1 1 0 0 0 1 1 0 0 0 1 1 0 0 0 1 0 1 1 0 1 0 0 1 1 0 1 12626.0 9349.0 9918.0 12055.0 3 0.2784754643773272
1 1 1 0 1 0 1 0 1 0 0 1 0 1 0 0 1 1 1 1 0 0 0 0 1 0 1 1 0 1 0 0 1 1 1 0 0 0 1 0 10628.0 10872.0 11360.0 10653.0 3 0.26955811421472603
0 1 1 1 0 1 1 1 1 0 1 0 1 1 0 1 0 1 0 0 1 0 1 1 0 0 0 0 1 0 1 0 0 0 1 0 1 0 1 0 10861.0 11151.0 11824.0 10225.0 3 0.25652080628730545
1 1 0 0 0 0 1 1 0 1 0 1 0 1 0 0 0 0 1 1 1 0 0 1 1 0 1 0 1 1 0 0 1 0 0 0 1 0 0 1 12116.0 9338.0 10381.0 12530.0 3 0.24386706503690517
0 0 0 1 0 1 1 1 0 0 1 1 1 1 0 1 1 1 0 0 0 1 1 1 0 1 1 1 0 1 0 0 0 0 1 0 1 0 1 0 12335.0 9546.0 13437.0 10106.0 3 0.1879176887419723
1 1 1 0 0 1 1 1 0 0 0 1 1 0 0 1 0 1 0 0 0 1 1 1 1 0 1 0 1 1 0 0 1 0 0 0 1 0 0 1 12316.0 10574.0 12040.0 11625.0 3 0.18434162739581617
0 0 1 0 0 0 1 1 0 1 1 1 1 0 1 1 0 1 1 1 0 0 0 1 0 0 1 1 0 1 0 1 1 0 1 1 1 1 0 0 12385.0 8437.0 12216.0 12160.0 3 0.18235017084598878
1 1 1 0 1 0 1 0 1 1 0 0 1 1 0 0 0 0 1 0 0 1 1 1 1 0 0 0 1 1 0 0 1 0 0 0 1 0 0 1 11019.0 10854.0 9346.0 11668.0 3 0.16173080098298112
0 1 0 0 1 0 1 1 1 0 1 1 1 0 0 1 1 0 1 0 0 0 1 1 1 0 1 0 0 1 0 0 1 1 1 0 1 0 1 0 13266.0 9721.0 12923.0 10756.0 3 0.16052437779167394
0 1 1 0 0 0 1 1 1 0 1 0 0 1 0 0 1 1 0 0 0 0 1 1 1 0 1 0 0 1 0 1 1 0 0 1 1 1 0 0 10041.0 10180.0 11534.0 12236.0 3 0.15779285217178043
1 0 1 1 1 1 1 1 0 0 0 1 1 1 0 1 0 1 0 0 0 1 1 1 1 0 1 0 0 1 0 0 0 0 0 0 1 0 0 1 12780.0 10408.0 11610.0 11109.0 3 0.15353337640453105
1 1 0 1 1 1 1 1 0 0 0 0 0 1 0 1 1 1 0 0 1 0 1 1 0 0 0 0 1 0 0 0 1 0 0 1 1 0 0 1 11312.0 10879.0 11257.0 11048.0 3 0.15056575836084346
0 1 0 0 0 0 1 1 0 1 0 1 0 1 1 0 0 1 1 1 0 0 0 1 1 1 0 0 1 0 1 1 0 1 0 0 1 1 0 1 12154.0 9794.0 10758.0 12415.0 3 0.14266417421862226
0 1 0 0 0 0 1 0 1 1 1 1 1 0 1 1 0 1 1 0 1 1 1 1 1 0 0 1 0 1 0 0 0 0 0 0 1 0 1 1 11124.0 10540.0 12061.0 11933.0 3 0.14040639371619112
1 0 0 1 0 1 1 0 1 0 1 1 0 0 1 1 0 0 0 0 1 1 1 1 1 0 1 1 0 1 0 0 0 1 1 0 1 0 1 0 12494.0 9917.0 13430.0 10301.0 3 0.13305779535810575
0 1 0 0 0 0 1 1 0 1 0 1 0 1 0 0 0 1 1 1 0 0 0 1 1 1 0 1 1 0 1 1 0 1 1 0 1 0 0 1 12349.0 10565.0 10879.0 11165.0 3 0.1321710962403376
1 1 1 0 0 1 1 1 0 0 0 1 1 1 0 1 0 1 0 0 0 1 1 1 1 1 1 0 1 0 0 0 0 0 1 1 1 0 1 0 12426.0 10290.0 12776.0 10722.0 3 0.12824331425768312
1 1 0 1 0 0 1 1 0 0 0 1 0 1 0 1 1 1 0 0 0 1 1 1 1 0 1 0 1 1 0 0 1 0 0 0 1 0 0 0 11897.0 10424.0 12701.0 10989.0 3 0.12675888737294352
1 0 0 0 1 0 0 1 1 0 1 1 1 0 0 1 1 1 1 0 0 0 1 1 1 0 1 0 0 1 0 0 1 1 1 0 0 0 1 1 13336.0 9295.0 12916.0 10621.0 3 0.1263892232295443
0 0 0 1 1 1 1 1 0 0 1 0 1 1 1 1 0 1 0 0 0 1 1 1 1 0 1 0 0 1 0 0 0 0 1 1 1 0 0 1 13073.0 10040.0 12996.0 12014.0 3 0.12296292618844067
0 0 0 0 0 1 1 1 1 1 1 0 0 1 0 0 0 0 1 1 1 0 0 1 1 0 1 0 1 0 1 1 0 1 0 0 1 0 0 1 13050.0 9794.0 9458.0 12202.0 3 0.12085232342448907
0 0 1 0 1 0 1 1 1 0 1 1 1 0 0 0 1 1 1 0 0 0 1 1 1 0 1 0 0 0 1 1 0 1 1 0 1 0 0 1 13180.0 10752.0 11877.0 10173.0 3 0.11394047258630798
0 1 1 1 0 1 1 0 1 0 1 1 0 0 1 1 0 0 0 0 1 1 1 1 1 0 0 1 0 1 0 0 0 1 1 0 1 0 1 0 11078.0 10681.0 12537.0 10335.0 3 0.11262385188783319
