0 1 0 1 1 1 1 1 1 0 0 1 0 1 1 1 0 1 1 1 1 1 1 1 0 0 1 0 1 1 0 0 1 0 0 0 1 1 0 1 14198.0 12244.0 14144.0 16404.0 0 1000000000000000.1
1 1 0 0 0 0 1 1 1 0 0 1 1 1 1 0 0 1 1 1 1 1 1 1 1 0 1 0 0 1 0 1 1 0 1 0 1 1 1 1 14454.0 11800.0 16058.0 16263.0 0 0.2253852484594109
0 1 0 1 1 1 1 1 0 0 0 0 0 1 1 1 0 1 1 1 1 1 1 1 1 0 1 0 0 1 0 0 1 0 1 0 1 1 1 1 14683.0 11940.0 15969.0 16160.0 0 0.2851729485701911
1 1 0 1 1 1 1 1 0 0 0 0 0 1 1 1 1 1 1 0 1 0 0 1 1 0 1 0 0 1 0 1 1 0 1 0 1 1 0 1 15251.0 12593.0 14527.0 15848.0 0 0.20274975822696914
0 1 0 0 0 1 1 1 1 0 1 1 1 0 1 1 0 1 1 1 1 1 1 1 1 0 1 0 0 1 0 0 1 0 1 0 1 1 1 1 15037.0 11583.0 16352.0 15686.0 0 0.1879713092683158
0 1 0 0 1 0 1 1 1 0 1 1 1 1 1 1 1 1 1 0 1 0 0 1 1 0 1 0 0 1 0 1 1 0 1 0 1 1 0 1 15224.0 12135.0 14586.0 15672.0 0 0.1628139300958413
1 1 0 0 0 1 1 1 1 0 0 1 1 0 1 1 0 1 1 1 1 1 1 1 1 0 1 0 0 1 0 0 1 0 1 0 1 1 1 1 15118.0 11683.0 16117.0 15641.0 0 0.17596054286321355
1 1 0 0 0 0 1 1 1 1 0 1 1 0 1 1 0 1 1 1 1 1 1 1 1 0 1 0 0 1 0 0 1 0 1 0 1 1 1 1 15151.0 11538.0 16172.0 15601.0 0 0.18565240599673263
1 1 0 1 1 1 1 1 0 0 0 0 1 1 1 1 1 1 1 1 1 1 0 1 1 0 1 0 0 1 0 0 1 0 1 0 1 1 1 0 15641.0 12187.0 16041.0 15578.0 0 0.35114659240917545
1 1 0 1 1 1 1 1 0 0 0 1 0 1 0 1 1 1 1 0 1 0 0 1 1 0 1 0 0 1 0 1 1 0 1 0 1 1 0 1 15873.0 12710.0 14474.0 15037.0 0 0.32238846168757174
0 1 1 1 1 0 1 1 1 0 0 1 1 1 1 0 0 1 0 0 1 0 1 1 1 0 1 0 0 1 0 0 1 0 1 0 1 1 1 1 12874.0 12735.0 15471.0 14937.0 0 1000000000000000.0
1 1 0 1 1 1 1 1 1 0 0 1 1 1 0 1 0 1 0 0 1 0 1 1 1 0 1 0 0 1 0 0 1 0 1 0 0 1 1 1 14465.0 12353.0 15451.0 14884.0 0 0.13046120381955553
1 1 0 1 1 1 1 1 1 0 0 1 0 1 1 1 0 0 0 0 1 0 1 1 1 0 1 0 0 1 0 0 1 0 1 0 1 1 1 1 14635.0 12198.0 15480.0 14750.0 0 0.09465340758666876
1 1 0 1 1 1 1 1 0 0 0 1 0 1 1 0 1 1 0 1 1 0 0 1 1 0 1 0 0 1 0 0 1 0 1 0 1 1 1 1 14530.0 12637.0 16094.0 14741.0 0 0.1219525628039403
1 1 0 1 1 1 1 1 0 0 0 1 0 1 1 1 1 1 0 0 1 0 1 1 1 0 1 0 0 1 0 1 1 0 1 0 1 1 1 0 14629.0 12566.0 16069.0 14733.0 0 0.14151115191537683
1 1 0 1 1 0 1 1 0 0 0 1 0 1 1 1 0 1 1 1 1 1 1 1 0 0 1 0 1 1 0 0 1 1 1 0 1 0 1 1 15306.0 11883.0 16062.0 14701.0 0 0.18687207423886049
1 1 0 1 1 1 1 1 0 0 0 1 1 1 0 1 0 1 1 1 1 0 0 0 1 0 1 0 1 1 0 0 1 0 1 0 1 1 0 1 15235.0 12818.0 14084.0 14676.0 0 0.09033326924078192
1 1 0 1 1 1 1 1 0 0 0 1 1 1 0 1 0 1 1 1 0 0 0 1 1 0 1 0 1 1 0 0 1 0 1 0 1 1 1 1 15940.0 12773.0 15526.0 14645.0 0 0.29027336666505144
0 1 0 1 1 1 1 1 0 0 0 1 1 1 0 1 0 1 1 1 1 0 0 1 1 0 1 0 1 0 1 1 1 1 1 0 1 1 0 0 16037.0 12259.0 14178.0 14577.0 0 0.24833840513056785
1 1 0 0 1 1 1 1 0 0 1 0 1 1 0 1 0 1 1 1 1 0 0 1 1 0 1 0 1 0 1 1 1 1 1 0 1 1 0 0 16375.0 11933.0 14401.0 14487.0 0 1000000000000000.0
1 1 1 1 1 0 1 1 1 0 0 1 1 1 0 1 0 1 0 0 1 0 1 1 1 0 1 0 0 1 0 0 1 0 1 0 1 1 0 1 14202.0 12841.0 14936.0 14393.0 0 0.49205684250014264
1 1 0 1 1 1 1 1 0 0 0 1 1 1 0 1 0 1 0 0 1 0 1 1 1 0 1 0 0 1 0 0 1 0 1 0 1 1 1 1 15013.0 12386.0 15944.0 14343.0 0 0.35685652653112204
1 1 0 1 1 0 1 1 0 0 0 1 0 1 1 1 0 1 1 1 1 1 1 1 0 0 1 0 1 0 0 0 1 0 1 0 1 1 1 1 14630.0 11365.0 16381.0 14266.0 0 2000000000000000.0
1 1 0 1 1 1 1 1 0 0 0 1 0 1 0 1 0 1 0 0 1 1 1 1 1 0 1 0 0 1 0 0 1 0 1 0 1 1 1 1 15193.0 12251.0 16248.0 14263.0 0 0.1390617670958898
0 1 0 1 1 1 1 1 1 0 0 1 0 1 1 0 0 1 0 0 0 0 1 1 1 0 1 0 1 1 0 0 1 1 1 0 1 0 1 1 13450.0 13088.0 14742.0 14101.0 0 0.647843555755401
1 1 1 1 1 0 1 1 1 0 0 1 0 1 1 1 0 1 0 0 0 0 0 1 1 0 1 0 1 1 0 0 1 0 1 0 1 1 1 1 14014.0 13130.0 15385.0 13942.0 0 0.560292454134009
1 1 0 1 1 1 1 1 0 0 0 1 1 1 0 1 0 1 1 1 1 0 0 1 1 0 1 0 1 0 1 1 0 1 1 0 1 1 0 0 16219.0 12314.0 13989.0 13847.0 0 1000000000000000.2
0 1 0 1 1 1 1 1 0 0 0 1 0 1 0 1 1 1 0 1 1 0 1 1 0 0 1 0 1 1 1 1 0 1 1 0 1 0 1 1 14861.0 12798.0 14398.0 13247.0 0 0.3454723907293552
1 1 0 1 1 1 1 1 1 0 0 1 0 1 0 0 1 1 0 1 0 0 0 1 1 0 1 0 1 1 0 0 1 0 1 0 1 0 1 1 13977.0 13646.0 14605.0 13220.0 0 1000000000000000.5
1 1 0 1 1 1 1 1 1 0 0 1 0 1 0 0 1 1 0 1 1 0 0 1 1 0 1 0 1 0 1 0 0 1 1 0 1 0 1 0 14186.0 13123.0 14021.0 11869.0 0 1000000000000000.1
0 1 0 0 0 1 1 1 1 0 0 1 0 1 1 0 1 1 1 1 1 0 1 1 1 0 1 0 0 1 0 0 1 1 0 0 1 1 0 1 13493.0 11483.0 13574.0 15945.0 1 1000000000000000.4
0 1 0 1 1 1 1 1 0 0 0 0 0 1 1 1 1 1 1 0 1 0 1 1 1 0 1 0 0 1 0 0 1 1 0 0 1 1 0 1 14328.0 11921.0 13999.0 15760.0 1 0.24684573208405694
0 1 0 1 1 1 1 1 0 0 0 1 0 1 1 1 0 1 1 1 1 1 1 1 0 0 1 0 1 1 0 0 1 0 0 0 1 1 0 1 14032.0 11380.0 14029.0 15733.0 1 0.3893318352877625
1 1 0 1 1 1 1 1 0 0 0 0 0 1 1 0 1 1 1 0 1 0 0 1 1 0 1 0 0 1 0 1 1 0 1 0 1 1 0 1 14441.0 12555.0 14234.0 15689.0 1 0.19568469884913842
0 1 0 0 0 1 1 1 1 0 1 1 1 0 1 1 0 1 1 1 1 1 1 1 0 0 1 0 1 1 0 0 1 1 0 0 1 1 0 1 14574.0 10962.0 14350.0 15550.0 1 0.41101244228440353
0 1 0 1 1 1 1 1 0 0 0 1 0 1 1 1 0 1 1 1 1 1 1 1 0 0 1 0 1 1 0 0 1 1 1 0 1 0 1 1 15277.0 12075.0 15481.0 15331.0 1 0.2453078545579408
0 1 0 1 1 1 1 1 0 1 0 0 1 1 0 1 0 1 1 0 1 0 1 1 1 0 1 0 0 1 0 0 1 1 1 0 1 0 0 1 15071.0 12106.0 13398.0 15176.0 1 1000000000000000.1
1 1 0 0 1 1 1 1 0 0 0 1 0 1 1 1 0 1 1 1 1 1 1 1 0 0 1 0 1 1 0 0 1 1 1 0 1 0 1 1 15589.0 11591.0 15258.0 15039.0 1 0.466663175094732
0 1 0 1 1 1 1 1 0 0 0 0 0 1 1 1 1 1 1 0 1 0 1 1 1 0 1 0 0 1 0 0 1 1 1 0 1 0 0 1 14450.0 12116.0 14007.0 14992.0 1 0.10011956116597648
0 1 0 0 0 1 1 1 1 0 1 1 1 1 1 1 0 1 1 1 1 1 1 1 0 0 1 0 0 0 0 0 1 0 1 0 1 1 1 1 14448.0 10574.0 15712.0 14968.0 1 1000000000000000.1
1 1 0 1 1 1 1 1 0 0 0 1 0 1 1 0 1 1 0 1 1 0 0 1 1 0 1 0 0 1 0 0 1 1 0 0 1 1 0 1 14432.0 12156.0 14580.0 14933.0 1 0.14736376621885808
1 1 0 1 1 1 1 0 0 0 0 1 1 1 0 1 0 1 1 1 1 0 0 1 1 0 1 0 0 1 0 1 1 0 1 0 1 1 0 1 14972.0 12159.0 13765.0 14874.0 1 0.2484305187755201
1 1 0 0 0 0 1 1 1 0 0 1 1 0 1 1 0 1 1 1 1 1 1 1 1 0 1 0 0 1 0 0 1 0 1 0 1 1 1 1 14316.0 10979.0 15967.0 14828.0 1 1000000000000000.1
1 0 0 1 1 1 1 1 0 1 0 1 1 0 1 1 0 1 1 1 1 0 0 1 1 0 1 0 0 1 0 0 1 0 1 0 1 1 0 1 15731.0 11260.0 14301.0 14773.0 1 0.2860772255066199
1 1 0 1 1 1 1 1 1 0 0 1 1 1 0 0 0 1 0 0 1 0 1 1 1 0 1 0 0 1 0 0 1 0 1 0 0 1 1 1 13655.0 12315.0 15158.0 14725.0 1 0.2823272737673188
1 1 0 1 1 1 1 1 0 0 0 1 1 1 0 1 0 1 1 0 1 0 1 1 1 0 1 0 0 1 0 0 1 1 1 0 1 0 0 1 15791.0 12313.0 14444.0 14612.0 1 1000000000000000.2
1 1 0 1 1 1 1 1 0 0 0 1 1 1 0 1 0 1 1 1 1 0 0 0 1 0 1 0 0 1 0 0 1 0 1 0 1 1 1 1 14996.0 12265.0 14768.0 14305.0 1 0.2782004481304929
1 1 0 1 1 1 1 1 0 0 0 1 1 1 0 1 0 1 0 0 1 0 1 1 1 0 1 0 0 1 0 0 1 0 1 0 1 1 0 1 14802.0 12079.0 14958.0 14294.0 1 0.34956926660306537
1 1 0 1 1 1 1 1 1 0 0 1 0 1 1 1 0 1 0 0 0 0 0 1 1 0 1 0 0 1 0 0 1 0 1 0 1 1 1 1 14330.0 12372.0 15220.0 14094.0 1 0.14935684735954766
1 1 0 1 1 1 1 1 1 0 0 1 0 1 1 1 0 1 0 0 0 0 1 1 1 0 1 0 1 1 0 0 1 0 0 0 1 0 1 1 13380.0 13078.0 14322.0 14050.0 1 1000000000000000.1
1 1 0 1 1 1 1 1 0 0 0 1 1 1 0 1 0 1 0 0 0 0 1 1 1 0 1 0 0 1 0 1 1 0 1 0 1 1 1 1 14904.0 12351.0 15622.0 14014.0 1 0.21983344822527792
1 1 1 1 1 0 1 1 1 0 0 1 0 1 1 1 0 1 0 0 0 0 0 1 1 0 1 0 1 1 0 0 1 0 1 0 1 1 0 1 13803.0 12823.0 14399.0 13893.0 1 0.373632271860134
1 1 0 1 1 1 1 1 0 0 0 0 1 1 0 1 0 1 1 1 1 0 0 0 1 0 1 0 1 0 0 0 1 0 1 0 1 1 1 1 14281.0 12374.0 14349.0 13737.0 1 0.20615580581542653
1 1 0 1 1 1 1 1 0 0 0 1 0 1 0 1 1 1 0 0 1 0 0 1 1 0 1 0 0 1 0 0 1 0 1 0 1 1 1 1 15049.0 12433.0 15421.0 13639.0 1 0.19991211396385467
1 1 0 1 1 1 1 1 0 0 0 1 0 1 0 1 1 1 0 0 1 0 1 1 1 0 1 0 0 1 0 0 1 1 1 0 1 0 0 1 15149.0 12532.0 14679.0 13519.0 1 0.25911371166273933
1 1 0 0 1 0 1 1 1 0 1 1 1 0 0 1 1 1 1 0 1 0 1 1 1 0 1 0 0 1 0 0 1 1 1 0 1 0 0 1 15316.0 12057.0 14604.0 13353.0 1 0.3287455116347758
1 1 1 1 1 0 1 1 1 0 0 1 0 1 1 1 0 1 0 0 0 0 0 1 1 0 1 0 1 1 0 0 1 0 1 0 1 0 1 1 13337.0 12958.0 14407.0 13098.0 1 1000000000000000.2
1 1 0 1 1 1 1 1 0 0 0 1 1 1 0 1 0 1 1 1 1 0 0 1 1 0 1 0 1 0 1 1 0 1 1 0 1 0 1 0 15753.0 12449.0 13997.0 13052.0 1 0.4004903816994266
1 1 0 1 1 1 1 1 0 0 0 1 0 1 0 0 1 1 0 1 1 0 0 1 1 0 1 0 1 0 1 1 0 1 1 0 1 0 1 0 14301.0 12630.0 13939.0 11800.0 1 1000000000000000.2
1 0 0 1 1 1 1 1 0 1 1 1 1 0 1 1 0 1 1 0 1 0 0 1 0 0 1 0 0 0 1 1 0 1 1 0 1 0 0 1 15779.0 10597.0 12922.0 12106.0 2 4000000000000000.0
1 1 0 1 1 1 1 0 1 0 1 1 0 1 1 1 0 1 0 0 0 0 1 1 1 0 1 0 1 1 0 0 1 0 0 0 1 0 1 0 12273.0 12506.0 13705.0 12642.0 2 1000000000000000.4
0 1 0 1 1 1 1 1 0 0 0 0 0 1 1 1 1 1 1 0 1 0 0 1 1 0 1 0 0 1 0 1 1 0 1 0 1 1 0 1 14420.0 12081.0 13796.0 15665.0 2 1000000000000000.1
1 1 0 1 1 1 1 1 0 0 0 1 1 1 0 1 0 1 0 0 0 0 1 1 1 0 1 0 0 1 0 0 1 1 1 0 0 1 1 1 14821.0 11276.0 15439.0 13599.0 2 1000000000000000.1
1 1 0 1 1 1 1 1 1 0 0 1 0 1 1 1 0 1 0 0 0 0 1 1 1 0 1 0 1 1 0 0 1 0 0 0 1 0 0 1 13169.0 12771.0 13336.0 14001.0 2 1000000000000000.0
0 1 0 1 1 1 1 1 1 0 0 1 0 1 1 1 0 1 0 0 0 0 1 1 1 0 1 0 1 1 0 0 1 0 0 0 1 0 1 1 12549.0 12566.0 13591.0 13867.0 2 0.4289963139038413
0 1 0 0 1 1 1 1 0 0 0 1 0 1 1 1 0 1 1 1 1 1 1 1 0 0 1 0 1 1 0 0 1 1 1 0 1 0 1 1 14758.0 11079.0 14527.0 14856.0 2 0.2965534171287216
0 1 0 1 1 0 1 1 0 0 0 1 0 1 0 1 1 1 0 0 1 0 1 1 1 0 1 0 0 1 0 0 1 0 1 0 1 1 1 1 13492.0 11602.0 15304.0 13099.0 2 0.2705919774836646
1 1 0 1 1 0 1 1 0 0 0 1 0 1 1 1 0 1 1 1 1 1 1 1 0 0 1 0 0 1 0 0 1 1 1 1 1 0 0 1 14878.0 10800.0 14899.0 14446.0 2 0.26659131998600816
0 1 0 1 1 1 1 1 0 0 0 0 0 1 1 1 1 1 0 0 1 0 1 1 1 0 1 0 0 1 0 1 1 0 1 0 1 1 1 0 13074.0 11800.0 14818.0 14524.0 2 0.2491942292345983
1 1 0 1 1 1 1 1 0 0 0 1 0 1 0 1 1 1 0 0 1 0 0 1 1 0 1 0 1 0 1 1 0 1 1 0 1 1 0 0 15388.0 12428.0 13831.0 12330.0 2 0.2258030406758595
1 1 0 1 1 1 1 1 0 0 0 1 0 1 0 0 1 1 0 1 1 0 0 1 1 0 1 0 0 1 0 0 1 1 1 0 1 0 0 1 14452.0 12214.0 14015.0 13328.0 2 0.2254782112192385
1 1 0 1 1 1 1 1 0 0 0 1 1 1 0 1 0 1 1 1 1 0 0 0 1 0 1 0 1 1 0 0 1 0 0 0 1 1 0 1 14436.0 12451.0 13098.0 14600.0 2 0.21314968033431378
0 1 0 0 0 1 1 1 1 0 1 1 1 0 1 1 0 1 1 1 1 0 0 1 1 0 1 0 0 1 0 1 1 0 1 0 1 1 0 1 14366.0 11173.0 14038.0 15493.0 2 0.20806530712970334
1 1 0 0 0 0 1 1 1 0 0 1 1 1 0 1 0 1 1 0 1 1 1 1 1 0 1 0 0 1 1 0 1 1 1 0 1 0 0 1 15592.0 11531.0 14292.0 14060.0 2 0.2029061149094692
1 1 0 1 1 1 1 1 0 0 0 1 1 1 0 1 0 1 1 0 1 0 0 1 1 0 1 0 0 1 0 1 1 0 0 0 1 1 0 1 14962.0 11911.0 13247.0 15209.0 2 0.1985331922188469
1 1 0 1 1 1 1 1 0 0 0 1 1 1 0 1 0 1 0 0 1 0 1 1 1 0 1 0 1 0 1 1 0 1 1 0 1 0 1 0 14886.0 12516.0 14362.0 12239.0 2 0.19820235500128447
1 1 0 1 1 1 1 1 0 0 0 1 1 1 0 1 0 1 0 0 1 0 1 0 1 0 1 0 0 1 0 0 1 0 1 0 1 1 1 1 14129.0 12332.0 15133.0 13492.0 2 0.18316358267038735
1 1 0 0 1 1 1 1 0 0 0 1 1 1 0 1 0 1 1 0 1 0 1 1 1 0 1 0 0 1 0 0 1 1 1 0 1 0 0 1 15272.0 11317.0 13490.0 14137.0 2 0.1808822269937797
0 1 0 0 1 0 1 1 1 0 1 1 1 1 1 1 1 1 1 0 1 0 0 1 1 0 1 0 1 0 1 1 0 1 1 0 1 1 0 0 15493.0 12066.0 13949.0 13810.0 2 0.17289732193053864
0 1 0 0 1 0 1 1 1 0 1 1 1 1 1 1 1 1 1 0 0 0 0 1 1 0 1 0 0 1 0 1 1 0 1 0 1 1 0 1 14834.0 11729.0 14231.0 14741.0 2 0.1692863601335794
1 1 0 0 1 1 1 1 0 0 1 0 1 1 0 1 0 1 1 1 1 0 0 1 1 0 1 0 1 0 1 1 1 1 1 0 1 0 0 0 15698.0 11761.0 13423.0 13643.0 2 0.1600466968298648
0 1 0 1 1 1 1 1 0 0 0 1 1 1 0 1 0 1 0 1 0 0 1 1 1 0 1 0 0 1 0 1 1 0 1 0 1 1 1 1 14262.0 11944.0 15284.0 14255.0 2 0.16000231333639905
0 1 0 1 1 1 1 1 0 0 0 0 0 1 1 1 1 1 1 1 1 0 0 1 1 0 1 0 0 1 0 0 1 1 1 0 1 0 0 1 14563.0 11836.0 13636.0 14960.0 2 0.15479332716169286
0 1 0 0 0 1 1 1 1 0 1 1 1 1 1 1 0 1 1 1 1 1 1 1 1 0 1 1 0 1 0 0 0 1 1 0 1 0 1 0 14586.0 11588.0 15227.0 14792.0 2 0.14863689722624646
1 1 0 1 1 1 1 1 0 0 0 0 1 1 0 1 0 1 0 0 1 0 1 1 1 0 1 0 0 1 0 1 1 0 1 1 1 1 1 0 13924.0 11827.0 14860.0 14332.0 2 0.14828650226300996
1 1 0 1 1 1 1 1 0 0 0 1 0 1 0 1 1 1 0 0 1 0 1 1 0 0 1 1 1 1 0 0 1 0 0 0 1 0 0 1 13248.0 12545.0 13433.0 13153.0 2 0.14652439790035302
1 1 0 1 1 1 1 1 0 0 0 1 0 1 0 1 1 1 0 0 1 0 1 1 1 0 1 0 0 1 0 0 1 1 1 0 0 0 1 1 14646.0 11942.0 15057.0 13438.0 2 0.14589104164493877
1 1 0 0 0 0 1 1 1 0 0 1 1 1 1 0 0 1 1 1 1 1 1 1 1 0 1 0 0 1 0 0 1 0 1 0 1 1 1 0 13294.0 10669.0 15303.0 14860.0 2 0.14339095183714803
0 1 0 0 0 1 1 1 1 0 1 1 1 1 1 1 1 1 1 1 1 0 1 0 1 0 1 0 0 1 0 0 1 0 0 0 1 1 0 1 13742.0 11910.0 13857.0 15534.0 2 0.14083536617967402
1 1 0 0 0 1 1 1 1 0 1 1 1 0 1 1 0 0 1 1 1 0 0 1 1 0 1 0 0 1 0 1 1 0 1 0 1 1 0 1 15036.0 10720.0 13910.0 14945.0 2 0.13283003771938448
1 0 0 0 0 1 1 1 1 0 1 1 1 1 1 1 1 1 1 1 1 1 0 1 1 0 1 0 0 1 0 0 1 0 0 0 1 1 1 0 15170.0 10767.0 14777.0 14698.0 2 0.12810439505423638
1 1 0 1 1 1 1 1 0 0 0 1 1 1 0 1 0 1 1 1 1 0 0 1 0 1 1 0 1 1 0 0 1 0 0 0 1 1 0 1 14674.0 11689.0 13250.0 15145.0 2 0.12637979319099496
0 1 0 1 1 1 1 1 0 0 0 0 0 1 1 1 1 1 1 0 1 0 0 1 1 0 1 0 0 1 0 0 1 0 1 0 1 1 1 1 14350.0 12017.0 14749.0 15112.0 2 0.12361688763974035
0 1 0 1 1 1 1 1 0 0 0 1 0 1 1 0 1 1 0 1 1 0 1 1 1 0 1 0 0 1 0 0 1 1 1 0 1 1 0 0 13597.0 11636.0 14877.0 14481.0 2 0.12148567814712248
1 1 0 0 1 0 1 1 1 0 1 1 1 0 0 1 1 0 1 1 1 0 1 1 1 0 1 0 0 1 0 0 1 0 1 0 1 1 0 1 15109.0 11176.0 14658.0 13573.0 2 0.12034982065113302
1 1 0 1 1 1 1 1 0 0 0 1 1 1 0 1 0 1 1 1 0 0 1 1 1 0 1 0 0 1 0 0 1 0 1 0 0 1 1 1 14852.0 11401.0 15380.0 14551.0 2 0.1186486644420994
0 1 0 1 1 1 1 1 0 0 0 1 1 1 0 1 0 1 1 1 1 0 0 0 1 0 1 0 1 1 0 0 1 0 1 0 1 1 0 1 14404.0 12306.0 13353.0 14493.0 2 0.11632700040140784
1 1 0 0 1 0 1 1 1 0 1 1 1 0 0 1 1 1 1 0 1 0 1 1 1 0 1 0 0 1 0 0 1 1 1 0 1 1 0 0 15114.0 11469.0 14860.0 13396.0 2 0.113319784032313
1 1 0 1 1 1 1 1 0 0 0 1 0 1 1 1 0 1 0 0 0 0 0 1 1 1 1 0 1 1 0 0 1 0 1 0 1 0 1 1 14106.0 12380.0 14560.0 13441.0 2 0.10314559507290999
0 1 0 0 0 1 1 1 1 0 1 1 1 1 1 1 0 1 1 1 1 1 1 0 1 0 1 0 0 1 0 0 1 1 1 0 0 0 1 1 14341.0 11141.0 14764.0 15170.0 2 0.09098254363702483
