0 1 0 1 1 1 1 1 1 0 0 1 1 1 1 1 0 1 1 1 1 1 0 1 1 0 1 0 0 1 0 1 1 0 1 0 1 1 0 1 16052.0 12961.0 15180.0 17324.0 0 1000000000000000.1
0 1 0 0 1 1 1 1 1 0 1 0 1 1 1 1 0 1 1 1 1 0 1 1 1 0 1 0 0 1 0 1 1 0 1 0 1 1 1 1 15181.0 12726.0 15825.0 17266.0 0 0.13074336127697012
1 1 0 1 1 1 1 1 1 0 0 0 1 1 1 1 0 1 1 1 1 0 0 1 1 0 1 0 0 1 0 1 1 0 1 0 1 1 1 1 15705.0 13437.0 15780.0 17240.0 0 0.10554224878936297
1 1 0 1 1 1 1 1 1 0 0 1 1 1 1 1 0 1 1 1 1 0 0 1 1 0 1 0 0 1 0 1 1 0 1 0 1 1 0 1 16218.0 13384.0 15314.0 17217.0 0 0.13169041698487896
1 1 0 0 1 1 1 1 1 1 0 1 0 1 1 1 0 1 1 1 1 0 0 1 1 0 1 0 0 1 0 1 1 0 1 0 1 1 1 1 16260.0 13030.0 15258.0 17194.0 0 0.10004150883093593
0 1 0 1 1 1 1 1 1 0 0 1 0 1 1 1 0 1 1 1 1 0 0 1 1 0 1 0 1 1 0 1 1 0 1 0 1 1 1 1 15563.0 13815.0 15578.0 17133.0 0 0.11436589926132651
0 1 0 0 1 1 1 1 1 0 1 1 1 1 1 1 0 1 1 1 1 1 0 1 1 0 1 0 0 1 0 1 1 0 1 0 1 1 1 1 16494.0 12684.0 16178.0 17126.0 0 0.14183953117824682
1 1 0 1 0 1 1 1 1 0 0 1 1 1 1 1 0 1 1 1 1 0 0 1 1 0 1 0 0 1 0 1 1 0 1 0 1 1 1 1 15844.0 13064.0 16094.0 16964.0 0 0.17624689948188577
0 1 0 0 1 0 1 1 1 0 0 1 1 1 1 1 0 1 1 1 1 1 1 1 1 0 1 0 1 1 0 1 1 0 1 0 1 1 1 1 15468.0 12813.0 16128.0 16961.0 0 0.052341485392763995
0 1 0 0 1 1 1 1 1 0 1 0 1 1 1 1 0 1 1 1 1 1 0 1 1 0 1 0 1 1 0 0 1 0 1 0 1 1 1 1 15939.0 12919.0 15927.0 16918.0 0 0.12308790901171665
0 1 0 1 1 1 1 1 1 0 0 1 1 1 1 1 0 1 1 1 1 0 0 1 1 0 1 0 1 1 0 0 1 0 1 0 1 1 1 1 15767.0 13668.0 15838.0 16901.0 0 0.08404322924199917
1 1 0 1 1 1 1 1 1 0 0 1 0 1 1 1 0 1 1 1 1 0 0 1 1 0 1 0 0 1 0 1 1 0 1 0 1 1 1 1 15944.0 13467.0 16007.0 16896.0 0 0.10143215198028513
0 1 0 1 1 1 1 1 1 0 0 1 1 1 1 1 0 1 1 1 1 0 0 1 1 0 1 0 0 1 0 0 1 1 1 0 1 1 1 1 16229.0 13001.0 15994.0 16798.0 0 0.10263328866748386
0 1 0 1 1 1 1 1 1 0 0 1 1 1 1 1 0 1 1 1 1 1 0 1 1 0 1 0 0 1 0 0 1 0 1 0 1 1 1 1 15982.0 12897.0 16133.0 16771.0 0 0.08372028288049119
0 1 0 0 1 0 1 1 1 0 1 1 1 1 1 1 0 1 1 1 1 1 1 1 1 0 1 0 0 1 0 1 1 0 1 0 1 1 1 1 15768.0 12365.0 16792.0 16769.0 0 0.14139152029592653
1 1 0 1 1 0 1 1 1 0 0 1 1 1 1 1 0 1 1 1 1 1 0 1 1 0 1 0 0 1 0 1 1 0 1 0 1 1 1 1 16292.0 13076.0 16747.0 16743.0 0 0.10008892457620652
1 1 0 1 1 1 1 1 1 0 0 1 1 1 1 1 0 1 1 1 1 0 0 1 1 0 1 0 0 1 0 0 1 0 1 0 1 1 1 1 16148.0 13320.0 16267.0 16664.0 0 0.1915316826388286
0 1 0 1 1 1 1 1 1 0 0 1 1 1 1 1 0 1 1 1 1 0 0 1 1 0 1 0 1 1 0 1 1 0 1 0 1 0 1 1 15371.0 13867.0 14893.0 16659.0 0 0.21913215036077524
0 1 0 0 1 0 1 1 1 0 1 1 1 1 1 1 0 1 1 1 1 1 0 1 1 0 1 0 0 1 0 1 1 1 1 0 1 1 1 1 16604.0 12173.0 16486.0 16630.0 0 0.10661972787313972
1 1 0 1 0 1 1 1 0 0 0 1 1 1 1 1 0 1 1 1 1 1 0 1 1 0 1 0 0 1 0 1 1 0 1 0 1 1 1 1 16343.0 12289.0 16576.0 16583.0 0 0.13424437552776008
1 1 0 1 1 0 1 1 1 0 0 1 0 1 1 1 0 1 1 1 1 0 1 1 1 0 1 0 0 1 0 1 1 0 1 0 1 1 1 1 15218.0 13148.0 16621.0 16539.0 0 0.2536642750172207
1 1 0 1 1 1 1 1 0 0 0 1 0 1 1 1 0 1 1 1 1 1 0 1 1 0 1 0 0 1 0 1 1 0 1 0 1 1 1 1 16443.0 12692.0 16489.0 16515.0 0 0.07299452682906557
1 1 0 1 1 0 1 1 1 0 0 1 0 1 1 1 0 1 1 1 1 0 0 1 1 0 1 0 1 1 0 1 1 0 1 0 1 1 1 1 15592.0 13623.0 16159.0 16503.0 0 0.05161830934190597
0 1 0 1 1 1 1 1 1 0 0 1 1 1 1 1 0 1 1 1 1 1 0 1 1 0 1 0 0 1 1 1 0 0 1 0 1 1 0 1 16279.0 13096.0 14706.0 16488.0 0 1000000000000000.0
0 1 0 0 1 1 1 1 1 0 1 1 0 1 1 1 0 1 1 1 1 1 0 1 1 0 1 0 0 1 0 0 1 1 1 0 1 1 1 1 16640.0 12282.0 16310.0 16471.0 0 0.15698583779982467
1 1 0 1 1 1 1 1 0 0 0 1 1 1 1 1 0 1 1 1 1 1 0 1 1 0 1 0 0 1 0 0 1 0 1 0 1 1 1 1 16647.0 12545.0 16749.0 16283.0 0 0.09415579194186396
1 1 0 1 1 0 1 1 0 0 0 1 1 1 1 1 0 1 1 1 1 0 1 1 1 0 1 0 0 1 0 1 1 0 1 0 1 1 1 1 15537.0 12508.0 16799.0 16238.0 0 0.1396824477810621
1 1 0 1 1 0 1 1 1 0 0 1 0 1 1 1 1 1 1 1 1 0 0 1 1 0 1 0 0 1 0 1 1 0 1 0 1 1 1 1 15739.0 13419.0 16391.0 16205.0 0 0.143660620098372
0 1 0 1 1 0 1 1 0 0 1 1 1 1 1 1 0 1 1 1 1 1 0 1 1 0 1 0 0 1 0 1 1 0 1 0 1 1 1 1 16045.0 12112.0 16867.0 16117.0 0 0.12790302663461545
1 1 0 1 1 0 1 1 1 0 0 1 0 1 1 1 0 1 1 1 1 1 0 1 1 0 1 0 0 1 0 0 1 1 1 0 1 1 1 1 16438.0 12674.0 16879.0 16088.0 0 0.11150010413077621
1 1 0 1 1 1 1 1 0 0 0 1 1 1 1 1 0 1 0 1 1 1 0 1 1 0 1 0 0 1 0 1 1 0 1 0 1 1 1 1 16174.0 12703.0 16776.0 16040.0 0 0.07387634567680243
1 1 0 1 1 1 1 1 0 0 0 1 1 1 0 1 0 1 1 1 1 0 0 1 1 0 1 0 0 1 0 1 1 1 1 0 1 1 0 1 16862.0 12576.0 15084.0 16026.0 0 0.23120745388484043
1 1 0 1 1 0 1 1 0 0 1 1 1 1 1 1 0 1 1 1 1 0 0 1 1 0 1 0 0 1 0 1 1 0 1 0 1 1 1 1 16211.0 12535.0 17001.0 16010.0 0 0.09189862394157806
1 1 0 1 1 0 1 1 1 0 0 1 0 1 1 1 0 1 0 1 1 1 0 1 1 0 1 0 1 1 0 1 1 0 1 0 1 1 1 1 15503.0 13499.0 16750.0 15948.0 0 0.1213505985064148
1 1 0 0 1 1 1 1 1 0 1 1 0 1 1 1 0 1 1 1 1 1 0 1 0 0 1 0 0 1 0 0 1 1 1 0 1 1 1 1 16656.0 11794.0 16251.0 15906.0 0 0.14375459449472686
1 1 0 1 1 0 1 1 1 0 0 1 1 1 1 1 0 1 1 1 1 1 0 1 1 0 1 0 0 1 1 1 0 0 1 0 1 1 0 1 16308.0 12904.0 15287.0 15858.0 0 0.06748550213658513
1 1 0 1 1 0 1 1 0 0 0 0 0 1 1 1 0 1 1 1 1 1 1 1 1 0 1 0 0 1 0 0 1 1 1 0 1 1 1 1 15624.0 11941.0 17008.0 15847.0 0 0.12044632970753971
1 1 0 1 1 0 1 1 1 0 0 1 0 1 1 1 0 1 0 1 1 1 0 1 1 0 1 0 0 1 0 1 1 1 1 0 1 1 1 1 15965.0 12832.0 16906.0 15845.0 0 0.10233556144387561
1 1 0 1 1 1 1 1 0 0 0 1 1 1 1 1 0 1 1 1 1 1 0 1 1 0 1 0 0 1 0 0 1 1 1 0 1 1 1 0 16680.0 11978.0 16485.0 15799.0 0 0.0958854020978495
1 1 0 1 1 0 1 1 0 0 0 1 1 1 1 1 0 1 1 1 1 1 0 1 1 0 1 0 0 1 0 0 1 1 1 0 1 1 1 1 16757.0 12034.0 17057.0 15787.0 0 0.1735193527863263
1 1 0 1 1 0 1 1 1 0 0 1 0 1 1 1 1 1 0 1 1 0 0 1 1 0 1 0 1 1 0 1 1 0 0 0 1 1 1 1 14636.0 13699.0 15701.0 15704.0 0 1000000000000000.0
1 1 0 1 1 1 1 1 0 0 0 1 0 1 1 1 0 1 1 1 1 0 0 1 1 0 1 0 0 1 1 0 1 0 1 0 1 1 1 1 16373.0 12824.0 16305.0 15700.0 0 0.08252566065877381
0 1 0 0 1 0 1 1 1 0 1 1 1 1 1 1 0 1 0 1 1 1 1 1 1 0 1 0 0 1 0 0 1 1 1 0 1 1 1 1 15645.0 11974.0 17211.0 15639.0 0 0.21583719678467614
0 1 0 1 1 1 1 1 1 0 0 1 0 1 1 1 1 1 0 1 1 0 0 1 1 0 1 0 1 1 0 1 1 0 1 0 1 0 1 1 14729.0 14086.0 15128.0 15566.0 0 1000000000000000.0
1 1 0 1 1 0 1 1 0 0 0 1 0 1 1 1 0 1 1 1 1 1 1 1 1 0 1 0 0 1 0 0 1 0 1 0 1 1 1 1 15436.0 12002.0 17070.0 15556.0 0 0.0995394619773563
1 1 0 0 1 1 1 1 0 0 1 0 1 1 0 1 0 1 1 1 1 1 0 1 1 0 1 0 0 1 0 0 1 1 1 0 1 1 1 1 16964.0 11763.0 16126.0 15490.0 0 1000000000000000.0
1 1 0 1 1 1 1 1 1 0 0 1 0 0 1 1 0 1 0 1 1 0 0 1 1 0 1 0 1 1 0 1 1 0 1 0 1 1 1 1 14973.0 13626.0 15952.0 15479.0 0 0.13860995242723856
0 1 0 1 1 1 1 1 1 0 0 1 0 1 1 1 1 1 0 0 1 0 0 1 1 0 1 0 1 1 0 0 1 0 1 0 1 1 1 1 14936.0 13782.0 15680.0 15384.0 0 0.13714167650256837
1 1 0 1 1 0 1 1 0 0 0 1 0 1 1 1 0 1 0 1 1 1 1 1 1 0 1 0 0 1 0 1 1 0 1 0 1 1 1 1 14963.0 12160.0 17097.0 15313.0 0 0.19100875476843565
1 1 0 1 1 0 1 1 0 0 0 1 0 1 1 1 0 1 0 1 1 1 1 1 1 0 1 0 0 1 0 0 1 1 1 0 1 1 1 1 15594.0 11982.0 17522.0 15028.0 0 0.2757387759660531
1 1 0 1 1 0 1 1 1 0 0 1 1 1 1 1 1 1 0 0 1 1 0 1 1 0 1 0 0 1 0 0 1 0 1 0 1 1 1 1 15665.0 13043.0 16849.0 14994.0 0 0.09021668544383625
1 1 0 1 1 0 1 1 1 0 0 1 0 1 1 1 1 1 0 1 1 0 0 1 1 0 1 0 1 1 0 1 1 0 1 0 1 0 1 1 14758.0 13894.0 15709.0 14936.0 0 0.1798360321372745
1 1 0 1 1 1 1 1 0 0 0 1 1 1 0 1 0 1 1 0 1 0 0 1 1 0 1 0 0 1 1 0 1 0 1 0 1 1 1 1 16567.0 12806.0 15632.0 14809.0 0 0.17211607945668794
1 1 0 1 1 0 1 1 1 0 0 1 0 1 1 1 1 1 0 0 1 0 0 1 1 0 1 0 1 1 0 0 1 0 1 0 1 1 1 1 14965.0 13590.0 16261.0 14754.0 0 0.1078305587138093
1 1 0 1 1 1 1 1 1 0 0 1 0 1 1 1 1 1 0 0 1 0 0 1 1 0 1 0 1 1 0 0 0 0 1 0 1 1 1 1 15118.0 13837.0 15491.0 14654.0 0 0.37003281095362617
1 1 0 1 1 1 1 1 1 0 0 1 1 1 1 1 1 1 0 0 1 0 0 1 1 0 1 0 1 1 0 0 0 0 1 0 1 0 1 1 14926.0 13889.0 14806.0 14180.0 0 0.3570884567893456
1 1 0 1 1 0 1 1 0 0 1 1 0 0 1 1 0 1 0 1 1 1 1 1 1 0 1 0 0 1 0 0 1 0 1 0 1 1 1 1 14765.0 11713.0 17679.0 13947.0 0 3000000000000000.0
1 1 0 1 1 1 1 1 1 0 0 1 0 1 0 0 0 1 0 0 1 0 0 1 1 0 1 0 1 1 1 0 1 0 1 0 1 0 1 1 14457.0 13883.0 14479.0 13682.0 1 1000000000000000.4
0 1 0 1 1 1 1 1 1 0 0 0 1 1 1 1 0 1 1 1 1 1 0 1 1 0 1 0 0 1 0 1 1 0 1 0 1 1 0 1 15328.0 12707.0 14660.0 17298.0 1 1000000000000000.1
1 1 0 1 1 0 1 1 0 0 0 1 0 1 1 1 0 1 0 1 1 1 1 1 1 0 1 0 0 1 0 0 1 0 1 0 1 1 1 1 14682.0 11789.0 17064.0 14711.0 1 1000000000000000.1
1 1 0 1 1 0 1 1 1 0 0 1 0 1 1 1 1 1 0 0 1 0 0 1 1 0 1 0 1 0 1 0 1 0 1 0 1 0 1 1 14723.0 13513.0 15528.0 13025.0 1 1000000000000000.1
1 1 0 1 1 0 1 1 1 0 0 1 0 1 1 0 1 1 0 1 1 0 0 1 1 0 1 0 1 1 0 1 1 0 0 0 1 1 1 1 13826.0 13661.0 15408.0 15545.0 1 1000000000000000.0
1 1 0 1 1 1 1 1 1 0 0 1 1 1 0 1 0 1 1 0 1 0 0 1 1 0 1 0 0 1 1 1 0 0 1 0 1 1 0 1 16154.0 13277.0 13874.0 15120.0 1 1000000000000000.0
1 0 0 1 1 1 1 1 0 0 0 1 1 1 1 1 0 1 1 1 1 1 0 1 1 0 1 0 0 1 1 1 0 0 1 0 1 1 0 1 16736.0 11784.0 14603.0 15048.0 1 1000000000000000.0
1 0 0 1 1 1 1 1 0 0 0 1 1 0 1 1 0 1 1 1 1 1 0 1 1 0 1 0 0 1 0 0 1 1 1 0 1 1 1 1 16684.0 11290.0 16137.0 14656.0 1 1000000000000000.0
1 1 0 1 1 0 1 1 0 0 0 1 0 1 0 1 0 1 0 1 1 1 1 1 1 0 1 0 0 1 0 0 1 1 1 0 1 1 1 1 15492.0 11845.0 16949.0 14191.0 1 0.2952633690845598
1 1 0 1 1 1 1 1 1 0 0 1 0 1 1 0 1 1 0 0 1 0 0 1 1 0 1 0 1 1 0 0 0 0 1 0 1 1 1 1 14308.0 13799.0 15198.0 14495.0 1 0.25066676212232564
1 1 0 1 0 0 1 1 0 0 0 1 1 1 1 1 0 1 1 1 1 1 0 1 1 0 1 0 0 1 0 0 1 1 1 0 1 1 1 1 16172.0 11407.0 16851.0 15485.0 1 0.24085014661160312
0 1 0 0 1 1 1 1 1 0 0 1 0 1 1 1 1 1 1 1 1 1 0 1 1 0 1 0 0 1 0 0 1 1 1 0 1 1 1 1 16487.0 12526.0 15878.0 16365.0 1 0.22776819251841612
0 1 0 1 1 1 1 1 1 0 0 1 1 1 0 1 0 1 1 1 1 0 0 1 1 0 1 0 1 1 0 1 1 0 1 0 1 1 0 1 15735.0 13595.0 14312.0 16617.0 1 0.22683225687447328
1 1 0 1 1 0 1 1 1 0 0 1 0 0 1 0 1 1 0 1 1 0 0 1 1 0 1 0 1 1 0 1 1 0 1 0 1 1 1 1 13958.0 13540.0 16043.0 14629.0 1 0.21374812283605707
1 1 0 1 1 0 1 1 0 0 0 1 1 1 1 1 1 1 0 0 1 0 0 1 1 0 1 0 1 1 0 0 1 0 1 0 1 1 1 1 15284.0 12950.0 16439.0 14453.0 1 0.1603877955566292
0 1 0 0 1 0 1 1 1 0 1 1 1 1 1 1 1 1 1 1 1 0 0 1 1 0 1 0 0 1 1 1 1 0 1 0 1 1 0 1 16289.0 12832.0 15425.0 16173.0 1 0.15979922738433114
0 1 0 1 1 1 1 1 1 0 0 1 1 1 1 1 0 1 1 1 1 0 0 1 1 0 1 0 0 1 0 1 1 0 1 0 1 1 1 1 15598.0 13179.0 15569.0 17083.0 1 0.15844509667515816
1 1 0 1 1 0 1 1 1 0 0 1 0 1 1 0 1 1 0 1 1 0 0 1 1 0 1 0 0 1 0 0 1 1 1 0 1 1 1 1 14806.0 12990.0 16517.0 14916.0 1 0.1575747920402245
1 1 0 1 1 0 1 1 0 0 0 1 0 1 1 1 0 1 0 1 1 1 0 1 1 0 1 0 0 1 0 1 1 1 1 0 1 1 1 1 15799.0 11968.0 16791.0 15174.0 1 0.1557929827161614
1 1 0 1 1 0 1 1 1 0 0 1 1 1 1 1 0 1 1 1 0 1 0 1 1 0 1 0 0 1 0 1 1 0 1 0 1 1 1 1 15902.0 12670.0 16392.0 15812.0 1 0.1522600569823361
1 1 0 0 1 0 1 1 0 0 1 1 1 1 1 1 0 1 1 1 1 1 0 1 1 0 1 0 0 1 0 1 1 0 1 0 1 1 1 1 16357.0 11628.0 16644.0 15825.0 1 0.1511359354594556
0 1 0 1 1 1 1 1 1 0 0 1 1 1 1 1 0 1 1 1 1 0 0 1 1 0 0 0 1 1 0 1 1 0 1 0 1 1 1 1 15219.0 13753.0 14977.0 16527.0 1 0.1482163529625632
1 1 0 1 1 0 1 1 1 0 0 0 0 1 1 1 0 1 1 1 1 1 1 1 1 0 1 0 0 1 0 0 1 0 1 0 1 1 1 1 14878.0 12612.0 16665.0 16201.0 1 0.14737363487845995
0 1 0 0 1 1 1 1 1 0 0 1 0 1 1 1 0 1 1 1 1 1 1 1 1 0 1 0 0 1 0 1 1 0 1 0 1 1 1 1 15335.0 12433.0 15683.0 16984.0 1 0.1445458009120824
1 1 0 1 0 1 1 1 1 0 0 1 1 1 1 1 0 1 1 1 1 0 0 1 1 0 1 0 0 1 0 1 1 0 1 0 1 1 0 1 15633.0 12757.0 15108.0 16915.0 1 0.14317079726599768
1 1 0 1 1 1 1 1 1 0 0 0 1 1 1 1 0 1 1 1 1 0 0 1 1 0 1 0 0 1 0 1 1 0 1 0 1 1 0 1 15494.0 13130.0 14794.0 17191.0 1 0.13917489264589128
1 1 0 1 1 1 1 1 1 0 0 1 0 1 1 1 0 1 1 0 1 0 0 1 1 0 1 0 1 1 0 0 1 0 1 0 1 1 0 1 15713.0 13544.0 14897.0 16241.0 1 0.13337450529922457
1 1 0 1 1 1 1 1 1 0 0 1 0 1 1 1 0 1 1 0 1 0 0 1 1 0 1 0 1 1 1 0 0 0 1 0 1 0 1 1 15474.0 13814.0 14431.0 14610.0 1 0.13079510867073965
1 0 0 1 1 1 1 1 1 0 0 1 1 1 1 1 0 1 1 1 1 1 0 1 0 0 1 0 0 1 0 0 1 1 1 0 1 1 1 1 16702.0 11642.0 15813.0 15571.0 1 0.1294219472300927
1 1 0 1 1 1 1 1 0 0 0 1 0 1 1 1 0 1 1 1 1 1 0 1 1 0 1 0 0 0 0 0 1 1 1 0 1 1 1 1 16633.0 12017.0 16713.0 15268.0 1 0.12941898863048015
1 1 0 0 1 1 1 1 1 0 0 1 0 1 1 1 0 1 1 1 1 0 0 1 1 0 1 0 1 1 0 1 1 0 1 0 1 1 1 1 15875.0 13331.0 15355.0 16841.0 1 0.12909693489399734
0 1 0 0 1 1 1 1 1 0 1 0 1 1 1 1 0 1 1 1 1 1 0 1 1 0 1 0 0 1 0 0 1 1 1 0 1 1 1 1 16401.0 12252.0 16083.0 16815.0 1 0.1253102385931571
1 1 0 1 1 0 1 1 0 0 0 1 1 1 1 1 0 1 1 1 1 1 0 1 1 0 1 0 0 1 0 1 1 0 1 0 1 1 1 1 16126.0 12212.0 16632.0 16072.0 1 0.12469381902984714
0 1 0 1 1 1 1 1 1 0 0 1 0 1 1 1 1 1 0 0 1 0 0 1 1 0 0 0 1 1 0 1 1 0 1 0 1 1 1 1 14388.0 13867.0 14819.0 15010.0 1 0.12461096666733552
0 1 0 1 1 0 1 1 1 0 1 0 1 1 0 1 0 1 1 1 1 1 0 1 1 0 1 0 0 1 0 0 1 1 1 0 1 1 1 1 16016.0 12407.0 16314.0 15640.0 1 0.1246054019177538
1 1 0 1 1 0 1 1 1 0 0 1 0 1 1 1 1 1 0 0 1 0 0 1 1 0 1 0 1 1 0 1 1 0 1 0 1 1 0 1 15035.0 13654.0 15308.0 15307.0 1 0.11994968605558415
0 1 0 1 1 0 1 1 0 0 1 1 1 1 1 1 0 1 1 1 1 0 1 1 1 0 1 0 0 1 0 0 1 0 1 0 1 1 1 1 15175.0 12037.0 17001.0 15681.0 1 0.11973214971562157
0 1 0 1 1 1 1 1 1 0 0 1 1 1 1 1 0 1 1 0 1 0 0 1 1 0 1 0 1 1 0 1 1 0 0 0 1 1 1 1 15060.0 13567.0 14492.0 17003.0 1 0.11572916365415714
1 1 0 1 1 1 1 1 1 0 0 1 0 1 1 0 0 1 1 1 1 0 0 1 1 0 1 0 0 1 0 1 1 0 1 0 1 1 1 1 15134.0 13429.0 15714.0 16737.0 1 0.11317615612607045
1 1 0 1 1 0 1 1 1 0 0 1 0 1 1 1 1 1 0 0 1 0 0 1 1 0 1 0 0 1 0 1 1 0 1 0 1 1 1 1 14796.0 13101.0 15992.0 14936.0 1 0.10845757890362102
0 1 0 0 1 0 1 1 1 0 1 1 1 1 1 1 1 1 1 1 1 0 0 1 1 0 1 0 1 1 0 0 1 0 1 0 1 1 1 1 15793.0 13036.0 16234.0 15963.0 1 0.10743451398220326
1 1 0 1 1 1 1 1 1 0 0 0 1 1 1 1 0 1 1 1 1 0 0 1 1 0 1 0 0 1 0 0 1 0 1 0 1 1 1 1 15424.0 13066.0 15747.0 16638.0 1 0.1055874811132367
1 1 0 1 0 0 1 1 1 0 0 1 1 1 1 1 0 1 1 0 1 1 0 1 1 0 1 0 0 1 0 1 1 0 1 0 1 1 1 1 15518.0 12344.0 16148.0 16017.0 1 0.10546962566853475
