0 1 0 1 1 1 1 1 1 0 0 1 1 1 1 1 0 1 1 1 1 1 0 1 1 0 1 0 0 1 0 1 1 0 1 0 1 1 0 1 16052.0 12961.0 15180.0 17324.0 0 1000000000000000.1
0 1 0 0 1 1 1 1 1 0 1 0 1 1 1 1 0 1 1 1 1 0 1 1 1 0 1 0 0 1 0 1 1 0 1 0 1 1 1 1 15181.0 12726.0 15825.0 17266.0 0 0.12968162509717618
1 1 0 1 1 1 1 1 1 0 0 0 1 1 1 1 0 1 1 1 1 0 0 1 1 0 1 0 0 1 0 1 1 0 1 0 1 1 1 1 15705.0 13437.0 15780.0 17240.0 0 0.10475656401631545
1 1 0 1 1 1 1 1 1 0 0 1 1 1 1 1 0 1 1 1 1 0 0 1 1 0 1 0 0 1 0 1 1 0 1 0 1 1 0 1 16218.0 13384.0 15314.0 17217.0 0 0.13149930447251607
1 1 0 0 1 1 1 1 1 1 0 1 0 1 1 1 0 1 1 1 1 0 0 1 1 0 1 0 0 1 0 1 1 0 1 0 1 1 1 1 16260.0 13030.0 15258.0 17194.0 0 0.09951064074103896
0 1 0 1 1 1 1 1 1 0 0 1 0 1 1 1 0 1 1 1 1 0 0 1 1 0 1 0 1 1 0 1 1 0 1 0 1 1 1 1 15563.0 13815.0 15578.0 17133.0 0 0.11378194436243982
0 1 0 0 1 1 1 1 1 0 1 1 1 1 1 1 0 1 1 1 1 1 0 1 1 0 1 0 0 1 0 1 1 0 1 0 1 1 1 1 16494.0 12684.0 16178.0 17126.0 0 0.1405229783153023
1 1 0 1 0 1 1 1 1 0 0 1 1 1 1 1 0 1 1 1 1 0 0 1 1 0 1 0 0 1 0 1 1 0 1 0 1 1 1 1 15844.0 13064.0 16094.0 16964.0 0 0.16669503730801388
0 1 0 0 1 0 1 1 1 0 0 1 1 1 1 1 0 1 1 1 1 1 1 1 1 0 1 0 1 1 0 1 1 0 1 0 1 1 1 1 15468.0 12813.0 16128.0 16961.0 0 0.051630122152302046
0 1 0 0 1 1 1 1 1 0 1 0 1 1 1 1 0 1 1 1 1 1 0 1 1 0 1 0 1 1 0 0 1 0 1 0 1 1 1 1 15939.0 12919.0 15927.0 16918.0 0 0.12202617283192269
0 1 0 1 1 1 1 1 1 0 0 1 1 1 1 1 0 1 1 1 1 0 0 1 1 0 1 0 1 1 0 0 1 0 1 0 1 1 1 1 15767.0 13668.0 15838.0 16901.0 0 0.08373532574985892
1 1 0 1 1 1 1 1 1 0 0 1 0 1 1 1 0 1 1 1 1 0 0 1 1 0 1 0 0 1 0 1 1 0 1 0 1 1 1 1 15944.0 13467.0 16007.0 16896.0 0 0.07962902354696692
0 1 0 1 1 1 1 1 1 0 0 1 1 1 1 1 0 1 1 1 1 0 0 1 1 0 1 0 0 1 0 0 1 1 1 0 1 1 1 1 16229.0 13001.0 15994.0 16798.0 0 0.10218735947197041
0 1 0 1 1 1 1 1 1 0 0 1 1 1 1 1 0 1 1 1 1 1 0 1 1 0 1 0 0 1 0 0 1 0 1 0 1 1 1 1 15982.0 12897.0 16133.0 16771.0 0 0.08287089393665602
0 1 0 0 1 0 1 1 1 0 1 1 1 1 1 1 0 1 1 1 1 1 1 1 1 0 1 0 0 1 0 1 1 0 1 0 1 1 1 1 15768.0 12365.0 16792.0 16769.0 0 0.08199834079104854
1 1 0 1 1 0 1 1 1 0 0 1 1 1 1 1 0 1 1 1 1 1 0 1 1 0 1 0 0 1 0 1 1 0 1 0 1 1 1 1 16292.0 13076.0 16747.0 16743.0 0 0.09978102108406628
1 1 0 1 1 1 1 1 1 0 0 1 1 1 1 1 0 1 1 1 1 0 0 1 1 0 1 0 0 1 0 0 1 0 1 0 1 1 1 1 16148.0 13320.0 16267.0 16664.0 0 0.19023636449947998
0 1 0 1 1 1 1 1 1 0 0 1 1 1 1 1 0 1 1 1 1 0 0 1 1 0 1 0 1 1 0 1 1 0 1 0 1 0 1 1 15371.0 13867.0 14893.0 16659.0 0 0.21681756548882442
0 1 0 0 1 0 1 1 1 0 1 1 1 1 1 1 0 1 1 1 1 1 0 1 1 0 1 0 0 1 0 1 1 1 1 0 1 1 1 1 16604.0 12173.0 16486.0 16630.0 0 0.10584466046189014
1 1 0 1 0 1 1 1 0 0 0 1 1 1 1 1 0 1 1 1 1 1 0 1 1 0 1 0 0 1 0 1 1 0 1 0 1 1 1 1 16343.0 12289.0 16576.0 16583.0 0 0.13355424701089402
1 1 0 1 1 0 1 1 1 0 0 1 0 1 1 1 0 1 1 1 1 0 1 1 1 0 1 0 0 1 0 1 1 0 1 0 1 1 1 1 15218.0 13148.0 16621.0 16539.0 0 0.2516469762756122
1 1 0 1 1 1 1 1 0 0 0 1 0 1 1 1 0 1 1 1 1 1 0 1 1 0 1 0 0 1 0 1 1 0 1 0 1 1 1 1 16443.0 12692.0 16489.0 16515.0 0 0.07239995456838096
1 1 0 1 1 0 1 1 1 0 0 1 0 1 1 1 0 1 1 1 1 0 0 1 1 0 1 0 1 1 0 1 1 0 1 0 1 1 1 1 15592.0 13623.0 16159.0 16503.0 0 0.05128917112616984
0 1 0 1 1 1 1 1 1 0 0 1 1 1 1 1 0 1 1 1 1 1 0 1 1 0 1 0 0 1 1 1 0 0 1 0 1 1 0 1 16279.0 13096.0 14706.0 16488.0 0 1000000000000000.0
0 1 0 0 1 1 1 1 1 0 1 1 0 1 1 1 0 1 1 1 1 1 0 1 1 0 1 0 0 1 0 0 1 1 1 0 1 1 1 1 16640.0 12282.0 16310.0 16471.0 0 0.15652929124251327
1 1 0 1 1 1 1 1 0 0 0 1 1 1 1 1 0 1 1 1 1 1 0 1 1 0 1 0 0 1 0 0 1 0 1 0 1 1 1 1 16647.0 12545.0 16749.0 16283.0 0 0.09398591415309693
1 1 0 1 1 0 1 1 0 0 0 1 1 1 1 1 0 1 1 1 1 0 1 1 1 0 1 0 0 1 0 1 1 0 1 0 1 1 1 1 15537.0 12508.0 16799.0 16238.0 0 0.1373597760689717
1 1 0 1 1 0 1 1 1 0 0 1 0 1 1 1 1 1 1 1 1 0 0 1 1 0 1 0 0 1 0 1 1 0 1 0 1 1 1 1 15739.0 13419.0 16391.0 16205.0 0 0.14300234366689976
0 1 0 1 1 0 1 1 0 0 1 1 1 1 1 1 0 1 1 1 1 1 0 1 1 0 1 0 0 1 0 1 1 0 1 0 1 1 1 1 16045.0 12112.0 16867.0 16117.0 0 0.1271598113087597
1 1 0 1 1 0 1 1 1 0 0 1 0 1 1 1 0 1 1 1 1 1 0 1 1 0 1 0 0 1 0 0 1 1 1 0 1 1 1 1 16438.0 12674.0 16879.0 16088.0 0 0.07830851122380086
1 1 0 1 1 1 1 1 0 0 0 1 1 1 1 1 0 1 0 1 1 1 0 1 1 0 1 0 0 1 0 1 1 0 1 0 1 1 1 1 16174.0 12703.0 16776.0 16040.0 0 0.07320745188353224
1 1 0 1 1 1 1 1 0 0 0 1 1 1 0 1 0 1 1 1 1 0 0 1 1 0 1 0 0 1 0 1 1 1 1 0 1 1 0 1 16862.0 12576.0 15084.0 16026.0 0 0.2201601024705434
1 1 0 1 1 0 1 1 0 0 1 1 1 1 1 1 0 1 1 1 1 0 0 1 1 0 1 0 0 1 0 1 1 0 1 0 1 1 1 1 16211.0 12535.0 17001.0 16010.0 0 0.07484869425403567
0 1 0 0 1 1 1 1 1 0 1 1 1 1 0 1 0 1 1 1 1 1 0 1 1 0 1 0 0 1 0 0 1 1 1 0 1 1 1 1 17023.0 12369.0 16030.0 16004.0 0 1000000000000000.0
1 1 0 1 1 0 1 1 1 0 0 1 0 1 1 1 0 1 0 1 1 1 0 1 1 0 1 0 1 1 0 1 1 0 1 0 1 1 1 1 15503.0 13499.0 16750.0 15948.0 0 0.11884127563859628
1 1 0 0 1 1 1 1 1 0 1 1 0 1 1 1 0 1 1 1 1 1 0 1 0 0 1 0 0 1 0 0 1 1 1 0 1 1 1 1 16656.0 11794.0 16251.0 15906.0 0 0.14340422155539484
1 1 0 1 1 0 1 1 1 0 0 1 1 1 1 1 0 1 1 1 1 1 0 1 1 0 1 0 0 1 1 1 0 0 1 0 1 1 0 1 16308.0 12904.0 15287.0 15858.0 0 0.06694401668489022
1 1 0 1 1 0 1 1 0 0 0 0 0 1 1 1 0 1 1 1 1 1 1 1 1 0 1 0 0 1 0 0 1 1 1 0 1 1 1 1 15624.0 11941.0 17008.0 15847.0 0 0.1199048442558448
1 1 0 1 1 0 1 1 1 0 0 1 0 1 1 1 0 1 0 1 1 1 0 1 1 0 1 0 0 1 0 1 1 1 1 0 1 1 1 1 15965.0 12832.0 16906.0 15845.0 0 0.1019321016955539
1 1 0 1 1 1 1 1 0 0 0 1 1 1 1 1 0 1 1 1 1 1 0 1 1 0 1 0 0 1 0 0 1 1 1 0 1 1 1 0 16680.0 11978.0 16485.0 15799.0 0 0.09481304855625759
1 1 0 1 1 0 1 1 0 0 0 1 1 1 1 1 0 1 1 1 1 1 0 1 1 0 1 0 0 1 0 0 1 1 1 0 1 1 1 1 16757.0 12034.0 17057.0 15787.0 0 0.1715869929391013
1 1 0 1 1 0 1 1 1 0 0 1 0 1 1 1 1 1 0 1 1 0 0 1 1 0 1 0 1 1 0 1 1 0 0 0 1 1 1 1 14636.0 13699.0 15701.0 15704.0 0 1000000000000000.0
1 1 0 1 1 1 1 1 0 0 0 1 0 1 1 1 0 1 1 1 1 0 0 1 1 0 1 0 0 1 1 0 1 0 1 0 1 1 1 1 16373.0 12824.0 16305.0 15700.0 0 0.08151701128796955
0 1 0 0 1 0 1 1 1 0 1 1 1 1 1 1 0 1 0 1 1 1 1 1 1 0 1 0 0 1 0 0 1 1 1 0 1 1 1 1 15645.0 11974.0 17211.0 15639.0 0 0.18782031751066555
0 1 0 1 1 1 1 1 1 0 0 1 0 1 1 1 1 1 0 1 1 0 0 1 1 0 1 0 1 1 0 1 1 0 1 0 1 0 1 1 14729.0 14086.0 15128.0 15566.0 0 1000000000000000.0
1 1 0 1 1 0 1 1 0 0 0 1 0 1 1 1 0 1 1 1 1 1 1 1 1 0 1 0 0 1 0 0 1 0 1 0 1 1 1 1 15436.0 12002.0 17070.0 15556.0 0 0.09850957788295617
1 1 0 0 1 1 1 1 0 0 1 0 1 1 0 1 0 1 1 1 1 1 0 1 1 0 1 0 0 1 0 0 1 1 1 0 1 1 1 1 16964.0 11763.0 16126.0 15490.0 0 0.13582025053919863
1 1 0 1 1 1 1 1 1 0 0 1 0 0 1 1 0 1 0 1 1 0 0 1 1 0 1 0 1 1 0 1 1 0 1 0 1 1 1 1 14973.0 13626.0 15952.0 15479.0 0 0.13698549607215382
0 1 0 1 1 1 1 1 1 0 0 1 0 1 1 1 1 1 0 0 1 0 0 1 1 0 1 0 1 1 0 0 1 0 1 0 1 1 1 1 14936.0 13782.0 15680.0 15384.0 0 0.11631649772279676
1 1 0 1 1 0 1 1 1 0 0 1 0 1 1 1 0 1 0 1 1 1 1 1 1 0 1 0 0 1 0 0 1 0 1 0 1 1 1 1 14848.0 12653.0 17179.0 15382.0 0 0.1681162994365622
1 1 0 1 1 0 1 1 0 0 0 1 0 1 1 1 0 1 0 1 1 1 1 1 1 0 1 0 0 1 0 1 1 0 1 0 1 1 1 1 14963.0 12160.0 17097.0 15313.0 0 0.17934507112842263
1 1 0 1 1 0 1 1 0 0 0 1 0 1 1 1 0 1 0 1 1 1 1 1 1 0 1 0 0 1 0 0 1 1 1 0 1 1 1 1 15594.0 11982.0 17522.0 15028.0 0 0.2753990203885191
1 1 0 1 1 0 1 1 1 0 0 1 1 1 1 1 1 1 0 0 1 1 0 1 1 0 1 0 0 1 0 0 1 0 1 0 1 1 1 1 15665.0 13043.0 16849.0 14994.0 0 0.08957964373595988
1 1 0 1 1 0 1 1 1 0 0 1 0 1 1 1 1 1 0 1 1 0 0 1 1 0 1 0 1 1 0 1 1 0 1 0 1 0 1 1 14758.0 13894.0 15709.0 14936.0 0 0.17945380711254866
1 1 0 1 1 1 1 1 0 0 0 1 1 1 0 1 0 1 1 0 1 0 0 1 1 0 1 0 0 1 1 0 1 0 1 0 1 1 1 1 16567.0 12806.0 15632.0 14809.0 0 0.17094816965891457
1 1 0 1 1 0 1 1 1 0 0 1 0 1 1 1 1 1 0 0 1 0 0 1 1 0 1 0 1 1 0 0 1 0 1 0 1 1 1 1 14965.0 13590.0 16261.0 14754.0 0 0.1077243850958299
1 1 0 1 1 1 1 1 1 0 0 1 0 1 1 1 1 1 0 0 1 0 0 1 1 0 1 0 1 1 0 0 0 0 1 0 1 1 1 1 15118.0 13837.0 15491.0 14654.0 0 0.36782439969965475
1 1 0 1 1 1 1 1 1 0 0 1 1 1 1 1 1 1 0 0 1 0 0 1 1 0 1 0 1 1 0 0 0 0 1 0 1 0 1 1 14926.0 13889.0 14806.0 14180.0 0 0.3205012079889291
1 1 0 1 1 0 1 1 0 0 1 1 0 0 1 1 0 1 0 1 1 1 1 1 1 0 1 0 0 1 0 0 1 0 1 0 1 1 1 1 14765.0 11713.0 17679.0 13947.0 0 3000000000000000.0
1 1 0 1 1 1 1 1 1 0 0 1 0 1 0 0 0 1 0 0 1 0 0 1 1 0 1 0 1 1 1 0 1 0 1 0 1 0 1 1 14457.0 13883.0 14479.0 13682.0 1 2000000000000000.0
0 1 0 1 1 1 1 1 1 0 0 0 1 1 1 1 0 1 1 1 1 1 0 1 1 0 1 0 0 1 0 1 1 0 1 0 1 1 0 1 15328.0 12707.0 14660.0 17298.0 1 1000000000000000.1
1 0 0 1 1 1 1 1 0 0 0 1 1 0 1 1 0 1 1 1 1 1 0 1 1 0 1 0 0 1 0 0 1 1 1 0 1 1 1 1 16684.0 11290.0 16137.0 14656.0 1 1000000000000000.1
1 1 0 1 1 0 1 1 0 0 0 1 0 1 1 1 0 1 0 0 1 1 1 1 1 0 1 0 0 1 0 0 1 1 1 0 1 1 1 1 15405.0 11877.0 17129.0 14604.0 1 1000000000000000.1
1 1 0 1 1 0 1 1 1 0 0 1 0 1 1 0 1 1 0 1 1 0 0 1 1 0 1 0 1 1 0 1 1 0 0 0 1 1 1 1 13826.0 13661.0 15408.0 15545.0 1 1000000000000000.0
1 1 0 1 1 1 1 1 1 0 0 1 1 1 0 1 0 1 1 0 1 0 0 1 1 0 1 0 0 1 1 1 0 0 1 0 1 1 0 1 16154.0 13277.0 13874.0 15120.0 1 1000000000000000.0
1 0 0 1 1 1 1 1 0 0 0 1 1 1 1 1 0 1 1 1 1 1 0 1 1 0 1 0 0 1 1 1 0 0 1 0 1 1 0 1 16736.0 11784.0 14603.0 15048.0 1 1000000000000000.0
1 1 0 1 1 1 1 1 1 0 0 1 0 1 1 0 1 1 0 0 1 0 0 1 1 0 1 0 1 1 0 0 0 0 1 0 1 1 1 1 14308.0 13799.0 15198.0 14495.0 1 0.31985480439806213
1 1 0 1 1 0 1 1 0 0 0 1 0 1 1 1 0 1 0 1 1 1 1 1 1 0 1 0 0 1 0 0 1 0 1 0 1 1 1 1 14682.0 11789.0 17064.0 14711.0 1 0.30542076101341087
1 1 0 1 1 0 1 1 0 0 0 1 0 1 0 1 0 1 0 1 1 1 1 1 1 0 1 0 0 1 0 0 1 1 1 0 1 1 1 1 15492.0 11845.0 16949.0 14191.0 1 0.2933535196291678
1 1 0 1 0 0 1 1 0 0 0 1 1 1 1 1 0 1 1 1 1 1 0 1 1 0 1 0 0 1 0 0 1 1 1 0 1 1 1 1 16172.0 11407.0 16851.0 15485.0 1 0.25755151868461557
0 1 0 1 1 1 1 1 1 0 0 1 1 1 0 1 0 1 1 1 1 0 0 1 1 0 1 0 1 1 0 1 1 0 1 0 1 1 0 1 15735.0 13595.0 14312.0 16617.0 1 0.25439229733660657
1 1 0 1 1 1 1 1 1 0 0 1 0 1 1 0 0 1 1 1 1 0 0 1 1 0 1 0 0 1 0 1 1 0 1 0 1 1 1 1 15134.0 13429.0 15714.0 16737.0 1 0.2449297566282323
1 1 0 1 1 0 1 1 1 0 0 0 0 1 1 1 0 1 1 1 1 1 1 1 1 0 1 0 0 1 0 0 1 0 1 0 1 1 1 1 14878.0 12612.0 16665.0 16201.0 1 0.2306485372586784
1 1 0 1 1 0 1 1 0 0 0 1 1 1 1 1 1 1 0 0 1 0 0 1 1 0 1 0 1 1 0 0 1 0 1 0 1 1 1 1 15284.0 12950.0 16439.0 14453.0 1 0.21759803883736303
0 1 0 1 1 1 1 1 1 0 0 1 1 1 1 1 0 1 1 1 1 0 0 1 1 0 0 0 1 1 0 1 1 0 1 0 1 1 1 1 15219.0 13753.0 14977.0 16527.0 1 0.20316675890575753
0 1 0 1 1 1 1 1 1 0 0 1 0 1 1 1 1 1 0 0 1 0 0 1 1 0 0 0 1 1 0 1 1 0 1 0 1 1 1 1 14388.0 13867.0 14819.0 15010.0 1 0.20265338111426118
0 1 0 0 1 1 1 1 1 0 0 1 0 1 1 1 1 1 1 1 1 1 0 1 1 0 1 0 0 1 0 0 1 1 1 0 1 1 1 1 16487.0 12526.0 15878.0 16365.0 1 0.20091596119736047
1 1 0 1 1 1 1 1 1 0 0 0 1 1 1 1 0 1 1 1 1 0 0 1 1 0 1 0 0 1 0 1 1 0 1 0 1 1 0 1 15494.0 13130.0 14794.0 17191.0 1 0.1961004156469625
1 1 0 1 1 0 1 1 1 0 0 1 0 1 1 1 1 1 0 0 1 0 0 1 1 0 1 0 1 1 0 1 1 0 1 0 1 1 0 1 15035.0 13654.0 15308.0 15307.0 1 0.1927417146673951
0 0 0 1 1 1 1 1 1 0 0 1 1 1 1 1 0 1 1 1 1 1 0 1 1 0 1 0 0 1 0 1 1 0 1 0 1 1 1 1 16055.0 12308.0 15447.0 16421.0 1 0.18682426662181248
1 1 0 0 1 1 1 1 1 0 0 1 0 1 1 1 0 1 1 1 1 0 0 1 1 0 1 0 1 1 0 1 1 0 1 0 1 1 1 1 15875.0 13331.0 15355.0 16841.0 1 0.18182851544990555
1 1 0 1 1 0 1 1 1 0 0 1 0 1 1 1 0 1 0 1 1 1 0 1 1 0 1 0 0 1 0 0 1 1 1 0 1 1 1 1 15684.0 12461.0 16873.0 15243.0 1 0.1784524121601523
1 1 0 1 0 1 1 1 1 0 0 1 1 1 1 1 0 1 1 1 1 0 0 1 1 0 1 0 0 1 0 1 1 0 1 0 1 1 0 1 15633.0 12757.0 15108.0 16915.0 1 0.1780117149840549
0 1 0 0 1 0 1 1 1 0 1 1 1 1 1 1 1 1 1 1 1 0 0 1 1 0 1 0 0 1 1 1 1 0 1 0 1 1 0 1 16289.0 12832.0 15425.0 16173.0 1 0.1665795311533508
1 1 0 1 1 0 1 1 1 0 0 1 1 1 1 1 0 1 1 1 1 1 0 1 1 0 1 0 0 1 0 0 1 0 1 0 1 1 1 1 16011.0 12705.0 16714.0 16141.0 1 0.16513386333594962
1 0 0 1 1 1 1 1 1 0 0 1 1 1 1 1 0 1 1 1 1 1 0 1 0 0 1 0 0 1 0 0 1 1 1 0 1 1 1 1 16702.0 11642.0 15813.0 15571.0 1 0.16409019369304656
1 1 0 0 1 1 1 1 0 0 1 0 1 1 1 1 0 1 1 1 1 1 0 1 1 0 1 0 0 1 0 1 1 0 1 0 1 1 1 1 16435.0 12078.0 16274.0 16612.0 1 0.15879839910650137
0 1 0 0 1 0 1 1 1 0 1 1 1 1 1 1 1 1 1 1 1 0 0 1 1 0 1 0 1 1 0 0 1 0 1 0 1 1 1 1 15793.0 13036.0 16234.0 15963.0 1 0.15515324775213993
1 1 0 1 1 0 1 1 0 0 0 1 0 1 1 1 0 1 0 1 1 1 0 1 1 0 1 0 0 1 0 1 1 1 1 0 1 1 1 1 15799.0 11968.0 16791.0 15174.0 1 0.1524337757843649
1 1 0 1 1 1 1 1 1 0 0 1 0 1 1 1 0 1 1 0 1 0 0 1 1 0 1 0 1 1 0 0 1 0 1 0 1 1 0 1 15713.0 13544.0 14897.0 16241.0 1 0.15191943141691472
0 1 0 1 1 0 1 1 0 0 1 1 1 1 1 1 0 1 1 1 1 0 1 1 1 0 1 0 0 1 0 0 1 0 1 0 1 1 1 1 15175.0 12037.0 17001.0 15681.0 1 0.144019310382923
0 1 0 0 1 1 1 1 1 0 1 0 1 1 1 1 0 1 1 1 1 1 0 1 1 0 1 0 0 1 0 0 1 1 1 0 1 1 1 1 16401.0 12252.0 16083.0 16815.0 1 0.13959254752046577
0 1 0 1 1 1 1 1 1 0 0 1 1 1 1 1 0 1 1 1 1 0 0 1 1 0 1 0 0 1 0 1 1 0 1 0 1 1 1 1 15598.0 13179.0 15569.0 17083.0 1 0.13949818742975015
1 1 0 1 1 0 1 1 1 0 0 1 1 1 1 1 0 1 1 0 1 1 0 1 1 0 1 0 0 1 0 1 1 0 1 0 1 1 1 1 16103.0 12971.0 16354.0 16319.0 1 0.1383322154058598
0 1 0 1 1 1 1 1 1 0 0 1 1 1 1 1 0 1 1 0 1 0 0 1 1 0 1 0 1 1 0 1 1 0 0 0 1 1 1 1 15060.0 13567.0 14492.0 17003.0 1 0.13824437147571156
1 1 0 1 1 0 1 1 0 0 0 1 1 1 1 1 0 1 1 1 1 1 0 1 1 0 1 0 0 1 0 1 1 0 1 0 1 1 1 1 16126.0 12212.0 16632.0 16072.0 1 0.13440419696143666
1 1 0 1 1 0 1 1 0 0 1 1 1 1 1 1 0 1 1 1 1 1 0 1 0 0 1 0 0 1 0 1 1 0 1 0 1 1 1 1 16061.0 11624.0 16808.0 15552.0 1 0.12734775451242877
1 1 0 0 1 0 1 1 0 0 1 1 1 1 1 1 0 1 1 1 1 1 0 1 1 0 1 0 0 1 0 1 1 0 1 0 1 1 1 1 16357.0 11628.0 16644.0 15825.0 1 0.1269175451725055
1 1 0 1 1 0 1 1 0 0 0 1 0 1 1 1 1 1 0 1 1 0 0 1 1 0 1 0 1 1 0 1 1 0 1 0 1 1 1 1 15269.0 13202.0 16572.0 15109.0 1 0.11735346996419056
0 1 0 1 1 1 1 1 1 0 0 1 0 1 1 1 1 1 0 1 1 0 0 1 1 0 1 0 0 1 0 0 1 1 1 0 1 1 1 1 15587.0 13220.0 16229.0 15705.0 1 0.11654610449112374
