0 1 0 1 0 0 1 1 0 1 1 1 1 0 1 1 0 1 1 0 0 0 1 1 1 0 1 0 1 1 0 0 1 0 0 0 1 0 0 1 12942.0 10984.0 13253.0 13256.0 0 1000000000000000.5
0 1 0 0 0 0 1 1 1 0 1 1 1 0 1 1 0 1 1 0 1 1 1 1 1 1 1 1 0 1 0 0 0 1 1 0 1 0 1 0 13097.0 10475.0 14464.0 13005.0 0 1.0343629277495705
0 1 1 0 1 0 1 1 1 0 1 1 1 0 0 0 1 1 1 0 0 0 1 1 1 0 1 0 1 1 0 0 1 0 0 0 1 0 0 1 12060.0 12003.0 12096.0 12348.0 0 2000000000000000.5
0 0 0 0 0 1 1 1 1 1 1 0 0 1 0 0 1 0 1 1 1 0 0 1 1 0 1 0 1 0 1 1 0 1 0 0 1 0 0 1 13647.0 10450.0 9992.0 12324.0 0 2000000000000000.5
0 1 1 0 1 0 1 1 1 0 1 1 1 0 0 0 1 1 1 0 0 0 1 1 1 0 1 0 0 1 0 0 1 1 1 0 0 0 1 1 12818.0 11113.0 13616.0 12240.0 0 0.3503368912606991
1 0 0 1 1 1 1 1 0 0 0 1 1 1 0 1 0 1 0 0 0 1 1 1 1 0 1 0 1 1 0 0 1 0 0 0 1 0 0 1 13843.0 11123.0 12819.0 12201.0 0 0.4318803886493586
1 0 0 1 1 1 1 1 0 0 0 1 1 1 0 1 0 1 0 0 0 1 1 1 1 0 1 0 1 0 0 0 1 0 0 0 1 1 0 1 14079.0 10798.0 13596.0 12083.0 0 0.5160799427689328
1 0 0 1 1 1 1 1 0 0 0 1 1 1 0 1 0 1 0 0 0 1 1 1 1 0 1 0 0 1 0 0 1 0 1 1 1 0 0 1 14425.0 10714.0 13628.0 12071.0 0 1000000000000000.5
1 1 0 1 1 1 1 1 0 0 0 1 0 1 0 1 1 1 0 0 1 0 1 1 0 0 0 0 1 1 0 0 1 0 0 0 1 0 0 1 12244.0 11546.0 11853.0 11822.0 0 1.0556342793861302
0 1 1 1 0 1 1 1 1 0 1 0 1 1 0 1 0 1 0 0 1 0 1 1 0 0 0 0 1 0 1 0 0 0 1 0 1 1 0 1 12206.0 11776.0 12538.0 11821.0 0 0.4473877970873398
1 1 0 1 1 1 1 1 0 0 0 1 0 1 1 1 1 1 0 1 0 0 1 1 0 0 1 1 0 1 0 0 0 1 1 0 1 0 1 0 13093.0 11171.0 14530.0 11791.0 0 1000000000000000.1
1 1 0 1 1 1 1 1 0 0 0 1 0 1 0 1 1 1 0 0 1 0 1 1 0 0 0 0 1 0 0 0 1 0 0 0 1 1 0 1 12480.0 11221.0 12630.0 11704.0 0 0.8314602782869549
0 1 0 1 1 0 1 1 1 0 1 1 1 0 0 1 0 0 0 1 1 0 0 0 1 0 1 1 0 1 0 0 1 0 1 0 1 0 1 1 12195.0 11200.0 13460.0 11151.0 0 1000000000000000.1
0 0 0 1 1 1 1 1 0 0 0 0 0 0 0 1 0 1 1 1 0 0 1 1 0 1 1 0 0 1 0 1 1 1 0 1 1 1 0 1 12421.0 9018.0 11359.0 12860.0 1 1000000000000000.2
0 1 0 0 0 1 1 1 0 1 0 1 0 1 1 0 0 1 1 1 0 0 0 1 1 0 0 0 1 0 1 1 0 1 0 0 1 1 0 1 12787.0 10314.0 10777.0 12786.0 1 0.379079191690873
1 1 0 0 0 0 1 1 0 1 0 1 0 1 0 0 0 1 1 1 0 0 1 1 0 0 1 0 0 1 0 1 1 0 0 1 1 1 1 0 11221.0 8596.0 11957.0 12526.0 1 0.5540736847438886
1 1 1 0 0 1 1 1 0 0 0 1 1 1 0 1 0 1 0 0 0 1 1 1 1 0 1 0 1 1 0 0 1 0 0 0 0 0 0 1 12269.0 10165.0 11783.0 12487.0 1 0.1984472204898868
1 1 0 0 0 0 1 1 0 1 0 1 0 1 0 0 0 1 1 0 0 0 1 1 1 0 1 0 1 1 0 0 1 0 0 0 1 0 0 1 11774.0 10177.0 11256.0 12362.0 1 0.26574816719151706
0 1 1 1 1 0 1 0 1 1 0 0 1 1 0 0 0 1 1 0 1 1 1 1 1 0 0 0 0 1 0 0 0 0 0 0 1 0 1 1 10370.0 11699.0 10547.0 12338.0 1 0.5875222276258067
0 1 1 1 1 0 1 0 1 1 0 0 1 1 0 0 0 0 1 1 1 0 1 0 1 0 1 1 0 1 0 0 1 0 1 0 0 0 1 0 9708.0 10862.0 10829.0 12279.0 1 1000000000000000.2
0 1 1 0 0 0 1 1 1 0 1 0 0 1 0 0 1 1 0 0 0 0 1 1 1 0 1 0 0 1 0 1 1 0 0 1 1 1 0 0 10041.0 10180.0 11534.0 12236.0 1 0.2842190848635726
1 1 0 0 1 1 1 0 1 1 0 1 0 0 0 0 0 1 0 0 0 0 1 1 1 0 1 0 0 1 0 0 1 1 1 0 0 1 1 1 12363.0 10729.0 13007.0 12212.0 1 0.0831055990681827
1 0 0 1 0 1 1 1 0 1 0 1 0 1 1 0 0 0 0 1 1 0 1 0 1 0 1 0 0 1 0 0 1 0 1 0 1 1 1 0 12127.0 9559.0 13212.0 12211.0 1 0.1921041673891053
0 0 0 0 0 1 1 1 1 1 1 0 0 1 0 0 0 0 1 1 1 0 0 1 1 0 1 0 1 0 1 1 0 1 0 0 1 0 0 1 13050.0 9794.0 9458.0 12202.0 1 1000000000000000.0
0 0 1 0 0 0 1 1 0 1 1 1 1 0 1 1 0 1 1 1 0 0 0 1 0 0 1 1 0 1 0 1 1 0 1 1 1 1 0 0 12385.0 8437.0 12216.0 12160.0 1 1000000000000000.1
0 1 1 0 0 0 1 1 0 1 1 1 1 0 1 1 0 1 1 1 0 0 0 1 0 0 1 1 0 0 1 1 0 1 0 0 1 1 0 1 13138.0 9537.0 12329.0 12142.0 1 0.28020915890962883
0 0 0 1 1 1 1 1 0 0 1 0 1 1 1 1 0 1 0 0 0 1 1 1 1 0 1 0 0 1 0 0 0 0 1 1 1 0 0 1 13073.0 10040.0 12996.0 12014.0 1 0.14577689071727032
0 1 1 1 1 0 1 0 1 1 0 0 1 1 0 0 0 0 1 0 0 1 1 1 1 0 0 0 1 1 0 0 1 0 0 0 1 0 0 1 10707.0 11338.0 9569.0 11960.0 1 0.6933756692167543
0 1 0 1 0 0 1 1 0 1 1 1 1 0 1 1 0 1 1 0 0 0 0 1 0 0 1 1 0 0 1 1 0 1 0 0 1 1 0 1 13432.0 9826.0 12877.0 11952.0 1 0.19150294986106386
1 1 0 0 0 0 1 1 0 1 0 1 0 1 0 0 0 0 1 1 1 0 0 1 1 0 1 0 1 0 1 1 0 1 1 0 1 0 0 1 13894.0 9907.0 11183.0 11727.0 1 1000000000000000.1
1 1 1 0 1 0 1 0 1 0 0 1 0 1 0 1 1 1 0 1 0 0 0 1 1 1 1 0 1 0 0 0 1 0 0 0 1 1 0 1 11919.0 11547.0 11882.0 11696.0 1 0.36937701181256816
0 1 0 1 0 0 1 1 0 1 1 1 1 0 1 1 0 1 1 0 0 0 0 1 0 0 1 1 0 0 1 1 0 1 1 0 1 0 0 1 13554.0 10021.0 12885.0 11184.0 1 0.31133988146822655
1 0 0 1 1 1 1 1 0 0 0 1 1 1 0 1 0 1 0 0 0 1 1 1 1 0 1 0 0 1 0 0 0 0 1 1 1 0 0 1 13776.0 10257.0 12708.0 11158.0 1 0.25730931549872355
1 0 0 1 0 1 1 1 0 0 0 0 1 1 0 1 0 1 1 1 0 0 0 1 1 1 0 0 1 0 1 1 0 1 1 0 1 0 0 1 13854.0 10553.0 11170.0 11059.0 1 0.26772624343946727
0 1 0 1 0 0 1 1 0 1 1 1 1 0 0 0 0 0 0 1 0 0 0 1 1 1 1 0 1 0 0 0 1 0 1 0 1 1 0 1 12432.0 9577.0 13045.0 11052.0 1 0.14099123196558555
1 1 0 1 1 1 1 1 0 0 0 1 0 1 0 1 1 1 0 0 1 0 1 0 1 0 0 1 0 1 1 0 0 0 0 0 1 1 0 0 11925.0 11892.0 11998.0 10861.0 1 1000000000000000.2
0 1 0 0 1 0 1 1 1 0 1 1 1 0 0 1 1 0 1 0 0 0 1 1 1 0 1 0 0 1 0 0 1 1 1 0 1 0 1 0 13266.0 9721.0 12923.0 10756.0 1 0.1774938930452654
1 1 1 0 0 1 1 1 0 0 0 1 1 1 0 1 0 1 0 0 0 1 1 1 1 1 1 0 1 0 0 0 0 0 1 1 1 0 1 0 12426.0 10290.0 12776.0 10722.0 1 0.1072617205909169
1 0 0 0 1 0 0 1 1 0 1 1 1 0 0 1 1 1 1 0 0 0 1 1 1 0 1 0 0 1 0 0 1 1 1 0 0 0 1 1 13336.0 9295.0 12916.0 10621.0 1 0.22816036194284237
1 0 0 1 1 1 1 1 0 1 0 1 0 0 0 1 0 0 0 0 1 1 1 1 1 0 1 1 0 1 0 0 0 1 1 0 1 0 1 0 13874.0 9914.0 13048.0 10475.0 1 0.16331533166177936
1 0 0 1 0 1 1 0 1 0 1 1 0 0 1 1 0 0 0 0 1 1 1 1 1 0 1 1 0 1 0 0 0 1 1 0 1 0 1 0 12494.0 9917.0 13430.0 10301.0 1 0.28232670101941243
1 1 0 1 1 1 1 1 0 0 0 1 0 1 0 1 1 1 0 0 1 0 1 1 0 0 0 0 1 0 1 0 0 0 1 1 0 0 0 1 12348.0 10738.0 11681.0 10184.0 1 0.24825667195025072
1 0 0 1 0 1 1 1 0 0 1 1 1 1 0 1 1 1 0 0 0 1 1 1 0 1 1 0 0 1 0 0 0 0 1 0 1 0 1 0 12991.0 9345.0 13482.0 9934.0 1 2000000000000000.0
0 1 0 0 0 0 1 1 0 1 0 1 0 1 1 0 0 1 1 1 0 0 0 1 1 1 0 0 1 0 1 1 0 1 0 0 1 1 0 1 12154.0 9794.0 10758.0 12415.0 2 1000000000000000.1
0 1 1 1 1 1 1 1 0 0 0 0 0 0 0 1 0 1 1 1 0 0 1 1 0 1 1 0 0 0 0 1 1 1 0 1 1 1 0 0 11345.0 9323.0 11168.0 12290.0 2 0.4261417156785958
0 1 0 0 0 1 1 1 0 0 1 0 1 1 0 1 0 1 0 1 0 0 1 1 0 0 1 0 0 1 0 1 1 0 0 1 1 1 0 0 10713.0 8129.0 11211.0 12220.0 2 1000000000000000.0
1 1 0 1 0 1 1 1 0 0 0 0 1 1 0 1 0 1 0 1 0 0 1 1 0 0 1 0 0 1 0 0 1 0 1 1 1 0 0 1 12033.0 9809.0 12627.0 12081.0 2 0.2241356035455428
0 1 0 0 0 0 1 1 0 1 0 1 0 1 1 0 1 0 0 1 1 0 1 0 1 0 1 0 0 1 0 0 1 0 1 0 1 1 1 0 10780.0 8963.0 12630.0 11814.0 2 0.23027337800335024
0 1 0 1 0 1 1 1 0 0 0 0 1 1 0 1 0 1 0 1 0 0 1 1 0 0 1 0 0 1 0 0 1 0 1 0 1 1 1 0 10978.0 8932.0 13013.0 11776.0 2 0.23553335969570074
1 1 1 0 1 0 1 0 1 1 0 0 1 1 0 0 0 0 1 0 0 1 1 1 1 0 0 0 1 1 0 0 1 0 0 0 1 0 0 1 11019.0 10854.0 9346.0 11668.0 2 1000000000000000.1
1 1 0 0 0 0 1 1 0 1 0 1 0 1 0 0 0 0 1 1 1 0 0 1 1 0 1 0 1 0 1 1 0 1 0 0 1 0 0 1 13095.0 9540.0 10197.0 11651.0 2 0.3580883726871813
1 1 1 0 1 0 1 0 1 1 0 1 0 0 0 0 0 1 0 0 0 0 1 1 1 0 1 0 0 1 0 0 1 1 1 0 0 1 1 1 11597.0 10627.0 12870.0 11640.0 2 0.2797891617234217
0 0 1 0 0 0 1 1 0 1 1 1 1 0 1 1 0 1 1 1 0 0 0 1 0 0 1 1 0 0 1 1 0 1 0 0 1 1 0 1 12930.0 8577.0 11610.0 11190.0 2 0.5105268912654689
0 1 0 0 0 0 1 1 0 1 0 1 0 1 0 0 0 1 1 1 0 0 0 1 1 1 0 1 1 0 1 1 0 1 1 0 1 0 0 1 12349.0 10565.0 10879.0 11165.0 2 0.3676397016126161
0 1 0 1 0 0 1 1 0 1 1 1 1 0 1 1 0 1 1 0 0 0 0 1 0 0 1 1 0 0 1 1 0 1 0 0 1 0 0 1 12755.0 9654.0 11899.0 11108.0 2 0.33954522534625065
1 0 0 1 1 1 1 1 0 1 0 0 0 0 0 1 1 0 0 1 0 0 0 1 1 1 1 0 1 0 0 0 1 0 0 0 1 1 0 1 13091.0 9897.0 11475.0 10979.0 2 0.2471336989459223
0 1 0 1 0 0 1 1 1 0 1 1 0 0 1 1 0 0 0 0 0 1 0 1 1 1 0 0 1 0 0 0 1 0 1 1 1 1 0 1 12070.0 9615.0 12963.0 10680.0 2 0.15707193518088375
0 0 0 1 0 1 1 1 0 0 0 1 1 1 0 1 0 1 0 0 0 1 1 1 0 1 1 1 0 0 0 0 1 0 1 1 1 0 0 1 12097.0 8975.0 12517.0 10673.0 2 0.18616544020773407
1 1 0 1 1 1 1 1 0 0 0 1 0 1 0 1 1 1 0 1 0 0 1 1 0 0 1 0 1 0 0 0 0 0 0 1 1 1 0 0 11813.0 10073.0 12045.0 10673.0 2 0.4583880136108274
1 1 1 0 1 0 1 0 1 0 0 1 0 1 0 0 1 1 1 1 0 0 0 0 1 0 1 1 0 1 0 0 1 1 1 0 0 0 1 0 10628.0 10872.0 11360.0 10653.0 2 0.38678391731710954
1 0 0 1 0 1 1 0 1 0 1 1 0 0 1 1 0 0 0 0 1 1 1 1 1 0 1 0 0 1 0 0 0 1 1 0 0 0 1 1 12484.0 9067.0 12858.0 10617.0 2 0.35696133482572606
0 1 1 1 0 1 1 0 1 0 1 1 0 0 1 1 0 0 0 0 1 1 1 1 1 0 0 1 0 1 0 0 0 1 1 0 1 0 1 0 11078.0 10681.0 12537.0 10335.0 2 0.3065794181089494
1 0 0 1 0 1 1 0 1 0 1 1 0 0 1 0 0 0 0 0 1 1 1 1 1 0 1 1 0 1 0 0 0 1 1 0 1 0 1 0 11684.0 9879.0 13137.0 10142.0 2 1000000000000000.2
1 0 0 1 1 1 1 1 0 0 0 0 1 1 1 1 1 0 0 0 1 0 1 1 0 0 0 0 1 0 1 0 1 1 1 0 1 0 1 0 13216.0 9930.0 12574.0 10076.0 2 1000000000000000.1
1 0 0 1 0 1 1 1 0 0 1 1 1 1 0 1 0 1 0 0 0 1 1 1 0 1 1 0 0 1 0 0 0 0 1 0 1 0 1 0 12394.0 8689.0 12948.0 9812.0 2 0.4553992613606225
1 1 1 0 1 0 1 0 1 0 0 1 0 0 0 1 1 1 0 1 1 0 1 0 1 0 0 1 0 1 1 0 0 0 0 0 1 1 0 0 9350.0 11051.0 10203.0 9082.0 2 1000000000000000.5
1 1 1 0 1 0 1 0 1 0 0 1 0 0 0 1 1 1 0 1 1 0 1 0 1 0 0 1 0 0 1 0 0 0 0 0 1 1 0 1 9788.0 11314.0 10724.0 8921.0 2 2000000000000000.5
0 1 0 0 0 0 1 1 0 0 0 1 0 1 0 0 0 1 1 1 1 0 1 1 0 0 1 0 0 1 0 1 1 0 0 1 0 1 0 0 9020.0 6727.0 9782.0 12322.0 3 3000000000000000.0
1 1 1 0 1 0 1 0 1 0 0 1 0 1 0 0 1 1 1 1 0 0 0 0 0 0 1 0 0 1 1 1 0 1 0 0 1 0 0 1 10729.0 10648.0 8801.0 10122.0 3 2000000000000000.0
1 0 0 1 1 1 1 1 0 1 0 1 0 0 0 1 0 0 0 1 0 0 0 1 1 1 0 0 1 0 1 1 0 1 0 0 1 0 0 1 13132.0 9736.0 9606.0 9146.0 3 2000000000000000.0
0 1 1 1 1 0 1 0 0 1 1 1 1 0 1 1 0 1 1 0 0 0 0 1 0 0 1 1 0 1 0 0 1 0 1 0 1 0 1 0 11550.0 10371.0 12691.0 11019.0 3 1000000000000000.1
0 1 0 0 0 0 1 1 0 1 0 1 0 1 0 0 0 1 1 1 0 0 1 1 0 0 1 0 0 1 0 1 1 0 0 1 1 1 0 0 10179.0 7777.0 10240.0 12294.0 3 0.619470915474457
0 0 0 0 0 1 1 1 1 1 1 0 0 0 0 0 0 0 1 1 1 0 0 1 1 0 1 0 1 0 1 1 0 1 0 0 1 0 0 1 12383.0 9306.0 9107.0 11210.0 3 0.289688545740582
1 0 0 1 1 1 1 1 0 0 0 1 0 1 1 0 0 1 1 0 0 0 0 1 0 0 1 1 0 1 0 0 0 1 1 0 1 0 1 0 11967.0 9240.0 11833.0 10523.0 3 0.2860591185242898
1 0 0 1 0 1 1 0 1 0 1 1 0 0 1 1 0 0 0 0 1 1 1 1 1 0 0 1 0 1 0 0 0 1 1 0 1 0 1 0 11665.0 9631.0 12536.0 9325.0 3 0.2757117146809705
0 1 0 0 0 0 1 1 0 1 0 1 0 1 1 0 0 0 0 1 1 0 1 0 1 0 1 0 0 1 0 0 1 0 1 0 1 1 1 0 10183.0 8307.0 12096.0 11692.0 3 0.2750331768001675
1 0 0 1 0 0 1 1 0 1 0 1 0 1 0 0 1 1 1 0 0 0 1 1 0 0 1 0 0 1 0 1 1 0 0 1 1 1 0 0 11729.0 8876.0 11347.0 11698.0 3 0.25065396680552354
0 0 0 0 0 1 1 1 1 1 1 0 0 1 0 0 0 0 1 1 0 0 0 1 1 0 1 0 0 0 1 0 1 0 1 0 1 0 0 1 12465.0 8788.0 10216.0 10921.0 3 0.25036125868675385
1 0 0 1 1 0 0 1 0 1 1 1 1 0 1 1 0 1 1 0 0 0 0 1 0 0 1 1 0 0 1 1 1 1 0 0 1 0 1 0 13065.0 9031.0 12309.0 10034.0 3 0.23366030223457754
0 1 0 0 0 0 1 1 0 1 0 1 0 1 0 0 0 0 1 1 1 0 0 1 1 0 1 0 1 0 1 1 0 1 0 0 1 0 0 1 12264.0 9028.0 9466.0 11468.0 3 0.2317588478742078
1 0 0 0 0 1 1 1 1 1 1 0 0 1 0 0 0 0 1 1 0 0 0 1 1 0 1 0 0 1 0 1 1 1 0 1 0 0 1 0 12106.0 8136.0 9988.0 12164.0 3 0.2290460987094256
1 0 0 1 1 1 1 1 0 0 0 1 0 0 0 0 1 0 1 1 0 0 0 1 0 0 1 1 0 0 1 1 0 1 0 0 1 1 0 1 13085.0 9135.0 10983.0 9746.0 3 0.22779098885353405
1 1 1 0 1 0 1 0 1 1 0 1 0 0 0 0 0 1 1 0 0 1 0 1 0 1 1 0 0 0 1 0 1 0 1 0 1 0 0 1 11643.0 10048.0 10481.0 10048.0 3 0.210596541612658
0 1 1 0 0 0 1 1 0 0 0 0 1 1 1 1 1 0 0 0 1 0 1 1 0 1 0 0 1 0 1 0 1 1 1 0 1 0 1 1 11771.0 9597.0 12118.0 10739.0 3 0.20643179367089265
0 0 1 0 0 0 1 1 0 1 1 1 1 0 1 1 0 1 1 1 0 0 0 1 0 0 1 1 0 0 1 1 0 1 0 0 1 1 0 0 12051.0 7817.0 10888.0 10389.0 3 0.1939058294997933
0 1 0 0 0 0 1 1 0 1 0 1 0 1 0 0 0 1 1 1 0 0 0 1 1 1 0 0 1 0 1 1 0 1 1 0 1 0 0 1 12174.0 9852.0 10193.0 10810.0 3 0.18976434849608648
1 0 0 1 1 1 1 1 0 1 0 0 0 0 0 1 1 0 0 1 0 0 0 1 1 1 1 0 1 0 0 0 1 0 0 0 1 1 0 0 12212.0 9137.0 10753.0 10178.0 3 0.1746154737986987
0 1 1 1 1 0 1 0 1 1 0 1 1 1 0 1 0 1 0 0 0 1 1 1 0 1 1 0 0 1 0 0 0 0 1 0 1 1 1 0 11540.0 10621.0 12476.0 11536.0 3 0.16166960193808153
0 0 0 1 1 1 1 1 0 1 0 1 0 0 0 0 0 1 1 0 0 0 1 1 1 0 1 0 0 1 0 1 1 0 0 1 0 1 0 0 11122.0 8654.0 10269.0 12134.0 3 0.16083486268610997
1 0 0 1 1 1 0 1 0 1 0 0 0 0 0 1 1 0 0 1 1 0 1 1 1 0 1 1 0 1 1 0 0 0 0 0 1 1 0 0 12023.0 9423.0 10860.0 10416.0 3 0.1599985917302067
0 1 0 0 0 0 1 1 0 1 0 1 0 1 0 0 0 1 1 0 0 0 1 1 1 0 1 0 1 1 0 0 1 0 0 0 1 0 0 1 10943.0 9665.0 10525.0 12179.0 3 0.14818460076899007
0 0 0 0 0 1 1 1 1 1 1 0 0 1 0 0 0 0 1 1 0 0 0 1 1 0 1 0 1 0 0 0 1 0 0 0 1 1 0 1 11917.0 8861.0 10064.0 12032.0 3 0.14223676508149705
0 0 1 0 0 1 0 1 0 1 0 0 0 1 1 1 0 1 1 0 0 0 0 1 0 0 1 1 1 0 0 0 1 0 1 1 1 1 0 1 11434.0 8580.0 10343.0 11806.0 3 0.1301259909156195
0 1 0 0 0 0 1 1 0 1 0 1 0 1 1 0 0 1 1 1 0 0 0 1 1 1 0 0 0 1 0 0 0 1 1 0 1 0 1 1 11321.0 8970.0 11172.0 11559.0 3 0.12527266092492814
1 1 0 0 0 0 1 1 0 1 0 1 0 0 0 0 0 1 1 0 0 0 1 1 1 0 1 0 0 1 0 1 1 0 0 1 1 1 0 0 10969.0 8696.0 11017.0 11809.0 3 0.12415405797559934
1 0 0 0 0 1 1 1 0 0 0 1 1 1 0 1 0 1 0 0 0 1 1 1 1 0 1 0 1 1 0 0 1 0 0 0 0 0 0 1 12025.0 8603.0 11051.0 11294.0 3 0.12388291297201232
1 0 0 1 1 1 1 1 0 0 0 1 0 0 0 0 0 0 0 1 0 0 0 1 1 1 1 0 1 0 0 0 1 0 1 0 1 1 0 1 12372.0 9265.0 11949.0 10027.0 3 0.1231420892082394
1 0 0 1 0 1 1 1 0 0 0 1 0 1 0 0 0 1 1 1 0 0 1 1 0 0 1 0 0 1 0 1 1 0 0 1 1 1 0 0 11288.0 8470.0 11151.0 12040.0 3 0.11995740536601454
0 0 0 1 1 1 1 1 0 0 0 0 0 0 0 1 0 1 1 1 0 0 1 1 0 1 1 0 0 1 0 1 1 1 0 1 1 1 0 0 11542.0 8258.0 10637.0 12059.0 3 0.11985614589002755
1 0 0 1 1 1 1 1 0 0 0 0 0 0 0 1 0 1 1 1 0 0 1 1 0 1 1 0 0 1 0 1 1 0 0 1 1 1 0 0 11461.0 8577.0 10910.0 11925.0 3 0.1074384215566917
